


pesos modelo: 
Test loss: 0.0001, Test accuracy: 1.0000
Camada: meio
Peso 1:
[[-4.67368126e-01  2.78021663e-01  4.88985986e-01  9.94099677e-02
  -4.22372371e-01 -1.19857460e-01  2.19908267e-01  2.06951946e-01
   3.26391250e-01 -2.83814073e-01]
 [ 3.01261961e-01  3.62377316e-01 -3.96098755e-02  2.64174014e-01
   7.84154399e-04  3.72446120e-01  1.73430815e-01  3.66887867e-01
  -8.93980265e-02  6.94446117e-02]
 [ 4.43854392e-01  4.12711829e-01  1.44058511e-01  1.76058054e-01
  -1.84639126e-01  4.09610569e-01  2.90806651e-01 -2.65080690e-01
   4.53724474e-01  3.50540757e-01]
 [ 3.43849421e-01  4.09402102e-01 -1.96329191e-01  2.86194026e-01
   6.47899602e-03  2.20981866e-01  2.19960347e-01 -4.61200655e-01
  -3.71197611e-01 -1.11681610e-01]
 [-7.03544021e-02 -2.47719750e-01 -2.54385382e-01  3.56522381e-01
   4.09075767e-01 -3.12034972e-03 -2.11691409e-01 -3.80267084e-01
  -2.58242309e-01 -4.11128193e-01]
 [ 3.42059821e-01  1.07359529e-01 -4.37002212e-01  3.59705836e-01
   1.38711452e-01  3.65433604e-01  1.97981909e-01 -4.43815202e-01
   2.04029366e-01  1.99511439e-01]
 [-3.84947360e-02  4.83452231e-01  1.33541048e-01  2.02848241e-01
   1.72580965e-02 -3.73674721e-01  3.13503832e-01 -2.22768143e-01
  -3.72716367e-01 -4.19612408e-01]
 [ 4.67540830e-01  4.30275261e-01 -4.90029119e-02  3.86437535e-01
   1.25494674e-01 -2.52396818e-02  2.98975825e-01  3.17243934e-01
  -1.23196825e-01 -4.83125210e-01]
 [ 2.53664851e-01 -3.52275372e-01 -2.55191256e-03  3.17882746e-01
   2.15342626e-01  2.19766319e-01  2.20600888e-02 -3.30735952e-01
  -1.82219580e-01 -2.44327098e-01]
 [-3.64940077e-01  3.00759405e-01  2.12135762e-01  2.37897530e-01
   2.17084453e-01 -2.03763559e-01 -1.47452086e-01 -4.64189231e-01
  -4.63302255e-01 -4.53757703e-01]
 [ 2.83581704e-01 -1.76663980e-01  3.73965174e-01  5.12524359e-02
  -1.54720113e-01 -2.78258026e-01 -7.05213845e-02  2.02674687e-01
  -4.25600082e-01 -3.24308664e-01]
 [-3.01328242e-01  1.43302128e-01 -4.82873887e-01  1.99516341e-01
   1.76355407e-01 -8.02528933e-02  2.54404306e-01  3.33949417e-01
   4.14027035e-01 -4.30254698e-01]
 [ 1.99571475e-01 -2.29635045e-01 -4.96458299e-02  4.07841116e-01
   3.28312278e-01 -2.07105100e-01  3.61732300e-03 -4.45361704e-01
  -2.15725720e-01 -4.46027875e-01]
 [-1.50398975e-02 -3.17765415e-01 -3.64057839e-01  2.04476222e-01
   2.65218407e-01 -6.31688312e-02 -2.33339682e-01 -1.77612230e-01
   3.63513887e-01 -1.11092217e-01]
 [ 7.69489706e-01  3.28561366e-01 -7.88101405e-02 -2.66309762e+00
   2.35962963e+00  4.00694698e-01  6.73829377e-01 -2.93249160e-01
   1.58642992e-01  2.27729857e-01]]
Peso 2:
[-0.06800152 -0.0315067   0.02583427  1.3197262  -0.10727878  0.02428457
 -0.02386006  0.03509565 -0.05003312  0.0066701 ]
Camada: saida
Peso 1:
[[ 0.34263638 -0.56610614]
 [ 0.2293032  -0.16342579]
 [ 0.15063712  0.6508313 ]
 [-2.1561332   2.1506453 ]
 [ 2.1907904  -0.9354223 ]
 [-0.24598892 -0.6366445 ]
 [ 0.30940533 -0.56485313]
 [-0.3528959   0.5816064 ]
 [ 0.06348583  0.4419591 ]
 [ 0.29746065 -0.31369668]]
Peso 2:
[-0.2305381   0.23054363]



pesos modelo: 
Test loss: 0.0001, Test accuracy: 1.0000
Camada: meio
Peso 1:
[[ 2.30758488e-02  4.57156092e-01  4.02157456e-01 -2.38409281e-01
   1.84580684e-03 -1.20702952e-01  3.38330835e-01 -1.82785392e-01
  -3.24532926e-01 -1.00236773e-01]
 [ 3.11552107e-01  2.41230384e-01 -2.08062544e-01 -6.55520335e-02
  -1.47456110e-01  4.97084893e-02  2.19603583e-01 -1.20007493e-01
   2.84522682e-01  4.53784376e-01]
 [ 4.34823781e-02 -1.34763703e-01 -1.09174110e-01 -1.50020747e-02
  -2.12780118e-01  1.84294209e-01 -3.30134273e-01 -2.79002711e-02
   1.38775736e-01  3.32597733e-01]
 [-2.92155713e-01  1.27434686e-01 -3.57078671e-01  4.94269937e-01
  -2.29044020e-01  1.44015312e-01  5.75263679e-01 -9.53151807e-02
   4.29048121e-01  3.95919055e-01]
 [ 1.47258356e-01  5.38224541e-02  4.10457283e-01 -2.18927324e-01
   1.81942552e-01 -4.07645330e-02 -3.35322589e-01  3.92340273e-01
   9.17671174e-02  1.72437087e-01]
 [-4.04468238e-01  1.32823616e-01 -2.54634470e-01  4.72260624e-01
  -6.33037090e-02 -6.27852529e-02 -3.30974311e-01 -4.01174903e-01
  -4.81976457e-02  2.64159083e-01]
 [-5.34413993e-01  1.10645130e-01 -3.31473276e-02 -3.83597195e-01
  -1.67136744e-01 -1.21069856e-01  4.64451283e-01 -9.61755589e-02
  -3.31830961e-04  4.61090580e-02]
 [ 1.32084548e-01  1.88140705e-01  3.78797919e-01  1.15097418e-01
  -2.05204010e-01 -2.24934034e-02  1.26343956e-02  1.47975340e-01
   3.39209259e-01  2.89840609e-01]
 [-3.35856915e-01  1.67849541e-01  3.35473776e-01 -5.11109650e-01
  -1.88923180e-01  2.58696377e-01  3.99758756e-01  3.83598775e-01
  -1.66420802e-01  2.48536542e-01]
 [-1.89525455e-01  3.20938498e-01  3.11265588e-01 -4.83440280e-01
  -3.77477825e-01  2.91737169e-01  1.74209192e-01 -2.23071307e-01
  -1.00169726e-01  5.54385364e-01]
 [ 1.19252071e-01 -1.68497071e-01 -3.81799668e-01 -5.42247146e-02
  -1.89596981e-01  4.42700326e-01  3.70642543e-01  4.69099700e-01
   1.13426104e-01  4.49457228e-01]
 [-4.05829519e-01  1.67843968e-01  1.67391941e-01  4.91810083e-01
   1.57390963e-02  8.81004855e-02  2.26152346e-01  3.49070042e-01
   2.35306069e-01  2.28545874e-01]
 [ 9.75465253e-02  5.59009872e-02  1.86258912e-01 -1.55430764e-01
   2.27083445e-01 -8.12675059e-02 -2.80946851e-01 -8.13022181e-02
  -2.20128611e-01  1.28728986e-01]
 [ 5.04090302e-02  3.45904887e-01  5.41849315e-01 -4.55664694e-01
  -3.93963903e-01  1.63192987e-01 -2.22454205e-01  1.69728726e-01
  -1.44779876e-01  3.91838163e-01]
 [-4.36239421e-01  1.93782985e+00 -5.02477407e-01  5.75405620e-02
   3.21779579e-01  1.85594332e+00 -4.32986885e-01 -1.35338260e-02
   1.22243404e+00 -2.15017867e+00]]
Peso 2:
[-0.22850083 -0.31489414  0.26283517  0.05413521  0.00312184 -0.15973794
  0.20291612  0.02792379 -0.04992459  1.028043  ]
Camada: saida
Peso 1:
[[ 0.11409866 -0.5645599 ]
 [ 1.3570607  -1.2284065 ]
 [ 0.1903485   1.0549009 ]
 [-0.27020562  0.5374182 ]
 [ 0.37676135 -0.15505813]
 [ 1.4350694  -1.3752443 ]
 [-0.4164874   0.6240966 ]
 [ 0.3774088   0.57390696]
 [ 0.36837283 -1.1270847 ]
 [-1.5678767   1.9911325 ]]
Peso 2:
[-0.46967402  0.46967646]



pesos modelo: 
Test loss: 0.0001, Test accuracy: 1.0000
Camada: meio
Peso 1:
[[ 2.28578150e-02  2.53046304e-01  2.60029465e-01  1.80895030e-02
  -1.98933542e-01 -1.15349531e-01 -1.06725186e-01 -6.54427707e-02
   3.21930379e-01 -1.46740437e-01]
 [ 8.37070942e-02 -1.84258163e-01  2.37013444e-01 -3.20085809e-02
  -3.56675312e-02  2.34315738e-01 -1.89812750e-01  3.67973238e-01
  -4.18505460e-01  2.75286883e-02]
 [ 2.34262615e-01 -3.89051080e-01  4.55454558e-01  5.02435803e-01
  -2.58864373e-01  4.84505415e-01 -3.49151373e-01  3.67229968e-01
   2.32171610e-01  4.46076214e-01]
 [-1.65848836e-01  4.28216755e-01 -2.74347991e-01  3.98976445e-01
  -3.57997447e-01  8.69226456e-03  3.95608902e-01  3.21132392e-02
   2.48801500e-01  3.32019478e-01]
 [ 3.70663226e-01 -2.23364025e-01 -1.43600613e-01 -4.79629375e-02
  -1.10745393e-02  2.02782020e-01  8.99024978e-02  4.44871068e-01
  -2.38802060e-01  3.56885612e-01]
 [-1.42803177e-01  3.66772711e-01  9.61028859e-02 -5.50900251e-02
   2.66809016e-02  1.72212511e-01 -1.71040203e-02  4.34911460e-01
   1.25001997e-01  3.22634071e-01]
 [-3.51349324e-01  4.54276383e-01 -3.45572859e-01 -1.36708662e-01
   2.26003259e-01  7.03569502e-02  2.13141605e-01  2.88644373e-01
  -2.99353659e-01 -1.43399432e-01]
 [-4.27571595e-01 -4.63440031e-01  4.13926065e-01 -5.71358912e-02
   4.74810973e-02  1.11794211e-01  1.38054743e-01  1.57048717e-01
  -4.25421983e-01 -2.22279578e-01]
 [-9.61399004e-02  4.89138722e-01  3.02859634e-01  4.15152252e-01
  -2.46831216e-02  2.46780410e-01 -2.00963303e-01  2.07295701e-01
  -1.59887165e-01  3.01165819e-01]
 [-2.29658410e-01  3.73638213e-01 -6.96925214e-04  3.43300670e-01
  -7.55508542e-02  2.03019455e-01 -1.10734202e-01  2.25086108e-01
  -7.55434781e-02  6.43048733e-02]
 [-9.58042070e-02  2.75835276e-01 -4.60134834e-01 -6.88948408e-02
  -3.94824177e-01 -1.17932290e-01  6.36354312e-02  2.96469957e-01
  -2.71415263e-01  4.25844640e-01]
 [ 1.85611799e-01  4.82194215e-01  2.92035013e-01  3.74563426e-01
  -8.70659724e-02 -5.09220324e-02  2.53997833e-01 -1.98038921e-01
  -4.81914729e-01 -7.67268464e-02]
 [-3.50690931e-01  3.78655612e-01  4.15119290e-01  4.69416946e-01
   7.39383698e-02  4.74050194e-01  2.17394561e-01  4.43893015e-01
  -3.88491005e-01  3.91150504e-01]
 [-4.92197156e-01 -3.62082481e-01 -2.48902559e-01  1.86116904e-01
   2.80758232e-01  2.07058907e-01  3.04227546e-02  1.11266807e-01
  -3.21844012e-01 -2.90141881e-01]
 [ 6.05514310e-02  9.85988751e-02 -4.00792241e-01 -1.48164141e+00
  -2.95828376e-02  2.35939980e+00 -1.79332957e-01 -2.28970313e+00
   6.88072294e-02  6.48231447e-01]]
Peso 2:
[-0.06260356 -0.01886659  0.06809897  0.7107109  -0.01133354 -0.14775306
  0.01625346  1.0587668  -0.01455359 -0.02883247]
Camada: saida
Peso 1:
[[-0.23197436  0.4685721 ]
 [-0.05948624 -0.28335586]
 [-0.24976102  0.18615986]
 [-1.1528589   1.1510936 ]
 [-0.23819444  0.39502618]
 [ 2.0231175  -1.3686464 ]
 [-0.2281876  -0.02728262]
 [-1.8591503   1.8240355 ]
 [ 0.5832085  -0.18274137]
 [ 0.6244329  -0.37889078]]
Peso 2:
[-0.03555181  0.03555708]



pesos modelo: 
Test loss: 0.0001, Test accuracy: 1.0000
Camada: meio
Peso 1:
[[-1.70885354e-01  3.67512435e-01  4.13655072e-01  2.79340357e-01
   1.05199784e-01 -9.53262448e-02  3.13149065e-01 -1.98904574e-02
   4.68197078e-01  2.56899893e-02]
 [ 3.89080733e-01  3.33014339e-01  4.87152964e-01 -2.28267953e-01
   2.62320459e-01  6.69350624e-02  2.74087936e-01  2.15786174e-01
   5.69375992e-01 -4.05446947e-01]
 [ 1.23826144e-02  2.26268217e-01 -8.46244246e-02 -3.92657429e-01
   8.77344087e-02  1.67411804e-01  4.43038821e-01 -1.53924301e-01
   3.34647119e-01 -1.79506749e-01]
 [-1.54331505e-01  2.07618862e-01 -3.21620762e-01  8.27162899e-03
   4.56166983e-01 -3.64706069e-01 -1.59088865e-01  7.02107474e-02
   4.81564343e-01  3.26001793e-01]
 [ 8.34328383e-02 -5.78318164e-02  1.39558077e-01 -8.29125866e-02
   1.42499447e-01 -9.19994563e-02  3.59402560e-02  1.54804410e-02
   2.76317924e-01 -8.04579705e-02]
 [ 3.99683326e-01 -2.12385476e-01 -1.94308460e-01 -2.19785824e-01
   3.08667719e-01 -6.54560104e-02 -4.16146144e-02 -7.43963495e-02
   5.82235038e-01 -4.62642491e-01]
 [ 3.30417633e-01 -3.31127346e-01  1.42361909e-01 -5.33175021e-02
   2.49488667e-01  6.09472692e-02  3.17824125e-01  2.25898586e-02
   6.07810616e-01  2.85581082e-01]
 [ 1.42483935e-01 -3.81173939e-01  1.18292361e-01  5.81659116e-02
   4.81897518e-02  5.65503798e-02 -6.84857666e-02  2.12332889e-01
   3.23952675e-01  1.08380236e-01]
 [ 1.09305874e-01  2.52462942e-02  1.88568961e-02 -4.95127410e-01
  -1.57351598e-01  1.62581559e-02  1.50199607e-01 -1.15707137e-01
   6.18193634e-02  2.23171651e-01]
 [-2.11438119e-01 -3.36511731e-01  1.29603893e-01  2.72525400e-01
  -1.65764496e-01  1.29076585e-01 -1.68208554e-01  2.91708440e-01
   8.02434608e-02 -8.00357834e-02]
 [ 1.17172316e-01  1.66364804e-01  3.26051474e-01 -3.71079057e-01
  -4.70530465e-02 -1.71812758e-01  2.41378233e-01  9.25352238e-03
   2.07523152e-01 -4.54903305e-01]
 [-1.99875951e-01  2.70760864e-01 -2.43906081e-02 -4.96538095e-02
   1.78870003e-04 -2.91365236e-01  2.37222195e-01  3.09928864e-01
   2.75420547e-01 -1.92766830e-01]
 [-2.42335573e-01 -4.70866024e-01  5.01602471e-01  2.81455636e-01
   1.71559632e-01 -4.26466584e-01 -4.82955687e-02  1.60694689e-01
   1.67337239e-01  1.43093094e-01]
 [ 3.49095941e-01  2.57374328e-02  2.04767883e-01  9.54198241e-02
  -5.89626357e-02 -3.93180221e-01  3.51693779e-01  2.37154707e-01
   4.48429435e-01 -4.97499108e-01]
 [ 1.13627505e+00 -1.64565265e-01 -5.01681626e-01 -2.91232556e-01
   1.97337079e+00  1.20654687e-01  1.18693256e+00  1.67404854e+00
  -2.04641509e+00  2.30111033e-01]]
Peso 2:
[-2.4123654e-02  9.9256262e-02  3.5841462e-01 -1.0416432e-01
 -1.3311662e-01 -8.3490036e-02 -2.0892793e-01 -2.2441138e-01
  1.0911314e+00 -1.0317989e-03]
Camada: saida
Peso 1:
[[ 0.82904565 -0.83598864]
 [-0.69657093  0.40209824]
 [-0.9978897   0.13275653]
 [ 0.43438563  0.08556811]
 [ 1.4573827  -1.2709637 ]
 [ 0.49997833 -0.49642584]
 [ 1.2100105  -0.38184014]
 [ 0.5681649  -1.5358516 ]
 [-1.8498877   1.6829691 ]
 [ 0.01101136  0.24729529]]
Peso 2:
[-0.5212938   0.52129984]



pesos modelo: 
Test loss: 0.0002, Test accuracy: 1.0000
Camada: meio
Peso 1:
[[-3.52550626e-01  4.21691090e-01  1.83390766e-01 -3.51997554e-01
   2.83315092e-01 -2.88593680e-01  1.92261785e-01 -2.95803428e-01
  -5.80510497e-03 -2.56585479e-01]
 [-2.21405104e-01 -4.90115881e-02  1.01649156e-02 -2.68432677e-01
  -2.89165638e-02 -4.64946330e-02 -4.25955176e-01 -2.44440332e-01
  -4.18134511e-01  2.17616692e-01]
 [-1.94030732e-01  6.85345531e-02 -3.07128727e-01 -1.19090952e-01
  -4.70629126e-01  2.44116768e-01  2.66531818e-02  7.09032938e-02
   3.37478846e-01  5.48997641e-01]
 [ 2.71477342e-01  1.23720095e-01 -4.71115083e-01  1.09507762e-01
   2.06762210e-01  1.45298457e-02 -3.77753347e-01  4.69618067e-02
  -4.84462529e-01  2.13976920e-01]
 [ 4.54346776e-01 -8.58036894e-03  2.23937660e-01 -1.48950174e-01
  -3.96148086e-01  7.79074850e-03  8.70133191e-02  4.67370786e-02
   2.34002888e-01  1.16832428e-01]
 [-1.26853883e-01 -7.70947039e-02  1.63534824e-02  3.69697571e-01
   9.86363217e-02  1.52338460e-01 -2.39221826e-01  2.56675538e-02
  -8.60964730e-02  2.41399258e-01]
 [ 4.00182784e-01  4.48688343e-02 -1.43071145e-01 -1.53684676e-01
  -1.62109032e-01  2.49191552e-01 -1.86609089e-01  5.70151687e-01
  -2.75800258e-01  2.26315841e-01]
 [ 2.50508767e-02  2.63224602e-01 -4.35460597e-01  8.02116916e-02
  -4.38982934e-01  2.23282635e-01  1.86559543e-01  4.63617921e-01
  -3.39446992e-01  4.55424607e-01]
 [-3.68283600e-01 -7.10570067e-02 -5.72092608e-02  2.15579085e-02
  -1.67096004e-01 -7.14264363e-02 -4.68486845e-01  5.05465232e-02
   3.41885924e-01 -2.43560271e-03]
 [-2.16548115e-01 -8.62916559e-02 -5.10867648e-02 -2.06160322e-02
   3.48583549e-01 -2.81666238e-02 -2.97699958e-01  1.90333463e-02
  -2.49375239e-01  1.10579826e-01]
 [ 3.95130426e-01  1.84903413e-01  1.61103725e-01  2.73494720e-01
  -3.37187678e-01  2.68104285e-01 -3.88626456e-01  5.45663655e-01
  -3.49561095e-01  4.06477690e-01]
 [-9.28140804e-02  3.83195996e-01 -3.10198087e-02  4.36261535e-01
   2.13401206e-02  9.04312432e-02  3.63752306e-01  4.63114195e-02
  -7.56038651e-02  5.27793884e-01]
 [ 4.56195235e-01 -5.26627786e-02 -2.26582110e-01  4.05971296e-02
  -4.07862753e-01  4.26721647e-02 -5.14978953e-02  1.16144724e-01
  -3.01312625e-01  1.32383525e-01]
 [-4.76643950e-01  2.41185755e-01 -3.30412716e-01  6.96514472e-02
  -2.55232215e-01  1.54237643e-01  4.04786468e-02 -3.54444534e-01
   2.00667337e-01  7.55901098e-01]
 [-1.37765676e-01  1.98505354e+00  2.71074265e-01 -2.03631625e-01
   2.22125366e-01  2.60346293e+00 -7.30430335e-02 -6.53805494e-01
  -4.02686894e-01 -1.51616549e+00]]
Peso 2:
[ 8.4996492e-02 -7.8473940e-02 -5.6318335e-02  1.1045505e-01
 -9.5343293e-04 -2.5866935e-01 -6.5136649e-02  4.7637883e-01
 -1.6742560e-01  1.0440919e+00]
Camada: saida
Peso 1:
[[ 0.2454119   0.63250107]
 [ 1.0132513  -1.6057726 ]
 [-0.14657165  0.24633826]
 [-0.6773492  -0.25972784]
 [-0.44671065 -0.3010215 ]
 [ 1.9151235  -1.7909492 ]
 [ 0.60235614 -0.13332142]
 [-0.6415285   0.8747422 ]
 [ 0.4349695  -0.04939903]
 [-1.6675665   1.2171763 ]]
Peso 2:
[-0.7658022   0.76580834]



pesos modelo: 
Test loss: 0.0003, Test accuracy: 1.0000
Camada: meio
Peso 1:
[[ 1.04121834e-01  2.87584990e-01 -4.07106876e-01  4.00585741e-01
   4.22795087e-01 -4.38442171e-01  1.90000623e-01 -3.36323977e-01
  -3.42457294e-01  4.29222882e-02]
 [ 3.70985448e-01  2.91606456e-01  1.25263743e-02  3.36336046e-01
   1.19056799e-01 -2.79871039e-02  2.64017403e-01  5.43984115e-01
  -3.83869231e-01 -8.07297155e-02]
 [ 5.91757149e-02 -2.21697167e-01  3.49247217e-01  3.27664673e-01
   9.07131955e-02  3.64952922e-01  6.79184720e-02  4.81093317e-01
  -4.07909214e-01 -3.59265864e-01]
 [ 6.52491525e-02  2.88499981e-01  2.50034451e-01  9.38716158e-02
   4.51875657e-01  8.41494873e-02 -4.58035976e-01 -3.58511537e-01
  -1.05654471e-01 -2.45171919e-01]
 [ 7.53724277e-02  4.10052240e-01  1.46857068e-01  1.01809606e-01
  -3.21643740e-01  3.83266509e-01 -4.23592299e-01 -2.13368133e-01
   2.02202603e-01 -4.50253189e-01]
 [ 1.17051072e-01 -2.89448118e-03  2.23094791e-01  1.50944784e-01
  -3.65789562e-01  2.43703835e-02  4.12763655e-01  4.27226014e-02
   1.57908723e-01  1.06929578e-02]
 [ 2.98161894e-01 -1.15938492e-01  3.79235029e-01  2.93276131e-01
  -5.33352271e-02  3.33896130e-01 -4.89726126e-01 -4.65086214e-02
   2.56075799e-01  3.59750502e-02]
 [ 3.12961251e-01  3.02470982e-01  1.94140747e-01  2.27205202e-01
   1.90794662e-01 -4.93107885e-01  1.47451490e-01 -9.95012075e-02
  -1.61805928e-01  3.14646885e-02]
 [ 1.80850208e-01  1.68562442e-01 -9.65082366e-03 -1.28339771e-02
  -3.60961616e-01 -1.40145272e-02  4.45702970e-01 -4.49681282e-02
   1.97305083e-01 -3.64218771e-01]
 [ 2.86663145e-01 -7.25626796e-02  3.31777520e-02  6.97468594e-02
  -2.97277838e-01  3.39482993e-01  4.25904721e-01  2.98187971e-01
  -1.72681391e-01  3.88626903e-02]
 [-1.39615834e-01  3.41622889e-01  2.03047559e-01  2.09958836e-01
  -4.01304573e-01  4.06892389e-01  2.91015208e-01  4.45838600e-01
  -2.23294377e-01 -1.69406340e-01]
 [ 4.88981545e-01 -3.27714086e-01  3.92978579e-01  2.88866758e-01
  -1.20309688e-01 -3.87397856e-01  1.84042960e-01 -2.69509196e-01
  -2.53417432e-01 -3.98151636e-01]
 [ 4.09218855e-02  1.15855217e-01  6.26131594e-02  9.18665726e-04
   2.51699001e-01 -3.06672573e-01 -1.48838013e-01  3.22518468e-01
  -2.28316948e-01  1.93996280e-01]
 [-2.06204623e-01 -1.15633376e-01  5.15651584e-01  2.33280003e-01
   2.20077187e-01 -2.02192694e-01 -4.71290439e-01  8.31810907e-02
  -4.83428806e-01 -1.17127642e-01]
 [-1.30515063e+00 -8.35339427e-01 -2.29141974e+00  2.49454284e+00
  -4.55660790e-01 -2.42814258e-01 -2.95861214e-01 -8.86466861e-01
  -3.17383826e-01 -2.04720572e-01]]
Peso 2:
[ 0.52023524  0.4157078   1.1450276  -0.07423353 -0.02051396 -0.03516744
  0.0257383   0.44455627 -0.19674179 -0.05990056]
Camada: saida
Peso 1:
[[-0.354673    1.4434634 ]
 [-0.40216902  0.9415906 ]
 [-1.3517166   2.0794263 ]
 [ 1.4065262  -2.0060523 ]
 [-0.21224874 -0.08089352]
 [ 0.18092409  0.5187504 ]
 [-0.23535581  0.05538553]
 [-1.2230445   0.05677635]
 [ 0.59826124 -0.43566442]
 [ 0.1852654  -0.39334133]]
Peso 2:
[ 0.19893466 -0.19893152]



pesos modelo: 
Test loss: 0.0001, Test accuracy: 1.0000
Camada: meio
Peso 1:
[[-0.08750293 -0.46420154  0.0531328  -0.06989521 -0.37385496 -0.05548328
   0.47540388  0.42395923  0.15098509  0.04029146]
 [-0.00979823  0.01983333  0.4417514   0.46098748  0.26306683 -0.04252896
  -0.32088396 -0.17962469  0.46055558  0.24168107]
 [ 0.05390419  0.05503396  0.26661217  0.23110317 -0.01182223  0.2908895
  -0.45266047 -0.20879996 -0.30377558  0.0470088 ]
 [-0.03510653  0.05065061 -0.29515204  0.0983609  -0.22792158 -0.15599206
   0.09034226  0.41268876  0.14671662 -0.11190848]
 [ 0.07451335  0.04129453  0.19726704 -0.04728525 -0.41658944 -0.01409606
   0.18848298  0.30348435 -0.2149118   0.6592526 ]
 [ 0.21067843  0.4828401   0.18414862  0.00382708  0.03456353  0.25166264
  -0.3658012  -0.10037284 -0.30580166 -0.07461708]
 [-0.01797349  0.1356607   0.04572926  0.28454998  0.25285935 -0.27228856
   0.14131173  0.29439136  0.41453493 -0.08156164]
 [ 0.12683982  0.31266782  0.03385096  0.15097852  0.01670957 -0.46782136
   0.04362436  0.16234916 -0.2793699  -0.28053504]
 [ 0.17663705 -0.08051536 -0.2871449   0.47737294  0.2504433  -0.46406403
  -0.06417853  0.3651069  -0.01876411  0.55838835]
 [ 0.10800494  0.6069573   0.07551461 -0.05079599  0.20284735  0.31915033
  -0.06818619  0.35181028  0.34709632 -0.10646513]
 [ 0.10594749  0.41804087 -0.18003343  0.28891107 -0.2355295   0.21641319
  -0.36884564 -0.45941064  0.54446584 -0.2689101 ]
 [ 0.13038984  0.3599429  -0.0256979  -0.35333997  0.37923166 -0.07406528
   0.15872523 -0.44971278  0.01305191  0.5818429 ]
 [ 0.2131612   0.28792542  0.31432873  0.46308643  0.06342356  0.1365043
   0.10824794  0.39814362 -0.23652871  0.06353107]
 [ 0.16599682  0.44362208  0.08552241 -0.00436118 -0.273143   -0.32792005
  -0.3129434  -0.07287769 -0.03054961 -0.16864717]
 [ 3.0213406  -1.6316636   0.6388788  -0.86896104  0.29547662  0.37827784
  -0.38681242  0.08418896  0.9226733  -0.5353801 ]]
Peso 2:
[-0.30767116  0.9770604  -0.06773724  0.5357044  -0.01287006 -0.02365627
 -0.10155345 -0.12266898  0.04031739  0.42459804]
Camada: saida
Peso 1:
[[ 2.5352612  -1.614351  ]
 [-1.2960862   1.5146003 ]
 [ 0.52588606 -0.11937515]
 [-0.8472964   0.8732147 ]
 [ 0.41347894  0.16180894]
 [ 0.1477472   0.1387123 ]
 [-0.26774526 -0.58166623]
 [-0.06486187 -0.09323172]
 [ 0.82173765 -0.09937502]
 [-0.2927641   0.8433929 ]]
Peso 2:
[-0.5562017   0.55620867]



pesos modelo: 
Test loss: 0.0001, Test accuracy: 1.0000
Camada: meio
Peso 1:
[[ 9.53965485e-02 -3.12047303e-02  3.10349435e-01  1.86904341e-01
  -1.92124546e-01 -2.56345093e-01 -3.33722115e-01  2.05770582e-01
   2.65684158e-01 -2.89864719e-01]
 [ 1.35659233e-01  6.36841804e-02  1.40422089e-02  1.73968896e-01
  -4.16002095e-01  8.73728655e-03  2.49736279e-01 -2.93790311e-01
   3.46662253e-01  4.40695703e-01]
 [ 9.69661176e-02  1.94855854e-01  1.87368855e-01  1.65799662e-01
  -1.18296601e-01  1.57062486e-01  4.84604388e-01  1.93114877e-01
   3.27407092e-01  1.43656000e-01]
 [-5.71024641e-02 -8.00481662e-02 -5.43355532e-02  1.47068277e-01
  -2.50303775e-01 -2.86148638e-01 -4.38721091e-01 -1.28452890e-02
   4.36152399e-01  3.12526226e-01]
 [ 4.55155730e-01  2.54218966e-01  2.69968569e-01  1.80039570e-01
  -2.37480983e-01  2.89540142e-01  6.96339756e-02 -6.25621900e-02
   4.20369238e-01  4.15488869e-01]
 [-2.69734383e-01  1.93046570e-01  1.12097569e-01  7.52537549e-02
   2.33985484e-02  6.01544142e-01  3.54309887e-01 -4.09255415e-01
   6.57434314e-02 -2.96495795e-01]
 [ 4.22825217e-01  1.57173481e-02  3.35267365e-01  1.03825696e-04
   3.43913525e-01 -2.07126915e-01 -3.20301861e-01 -1.32272318e-01
   3.49688023e-01  1.35699511e-01]
 [-2.08589524e-01 -7.36441463e-02  2.07016587e-01  1.82517782e-01
  -2.30582461e-01  2.87328392e-01  4.76013154e-01 -1.79030746e-01
   9.51582789e-02  3.22629005e-01]
 [ 4.32200700e-01  1.74900830e-01 -5.51372543e-02  1.14941955e-01
   2.94707060e-01 -2.81731576e-01  3.95672053e-01 -3.52580816e-01
   5.02633810e-01  4.30959523e-01]
 [-5.16662635e-02 -3.81251611e-02  3.18198025e-01 -2.66588509e-01
   1.24459174e-02  5.30174136e-01 -2.00203270e-01 -4.87076640e-01
  -4.78033070e-03 -3.60096276e-01]
 [-5.25411330e-02  1.57517474e-02  1.31645545e-01  2.71370947e-01
   3.02361511e-02  1.70610964e-01  3.11661571e-01  2.41035104e-01
   1.13304397e-02 -1.27564669e-01]
 [ 3.72563004e-01  3.23321372e-01  4.66974229e-01  4.56465930e-01
  -3.37192230e-02 -5.41650504e-02 -2.91629910e-01 -3.85212809e-01
   4.16545510e-01 -9.49044675e-02]
 [ 5.80966651e-01  3.05870771e-01 -1.97276577e-01  4.26771700e-01
  -2.72203594e-01  1.25137158e-02  5.16595125e-01  1.06173329e-01
   1.49335340e-01  1.24098405e-01]
 [-3.06310117e-01  2.08840564e-01 -3.47504705e-01 -1.37330920e-01
   4.13165182e-01  4.17756975e-01 -1.74302816e-01 -9.82570499e-02
   3.55620325e-01 -1.20748751e-01]
 [-6.71590388e-01  2.77849507e+00  9.01289821e-01 -8.93145204e-01
   7.78674409e-02 -7.84383297e-01 -2.49079838e-01 -4.45490688e-01
  -1.49158084e+00  1.19305527e+00]]
Peso 2:
[ 0.46231404 -0.27272657 -0.1654476   0.4476816  -0.0174305   0.53821623
  0.13359077 -0.0444217   0.77355987 -0.06953996]
Camada: saida
Peso 1:
[[-0.63938266  0.79628205]
 [ 1.6354623  -2.2448223 ]
 [ 0.60577404 -0.24483813]
 [-0.4784624   0.80206144]
 [-0.22700179 -0.27850735]
 [-0.75686985  0.73772615]
 [-0.12036666  0.43046957]
 [ 0.35189226 -0.42459407]
 [-0.87927866  1.6419765 ]
 [ 0.47132847 -1.1274992 ]]
Peso 2:
[-0.52131236  0.5213173 ]



pesos modelo: 
Test loss: 0.0001, Test accuracy: 1.0000
Camada: meio
Peso 1:
[[-2.81530619e-02  9.17341411e-02 -2.92412937e-02  3.39532703e-01
  -1.87617183e-01 -1.24331504e-01  2.59140939e-01  3.93097192e-01
   3.30552012e-01 -4.44009840e-01]
 [ 1.01024501e-01  2.78714865e-01  6.61155432e-02  1.37708247e-01
   2.72614270e-01  4.36897844e-01  3.14823151e-01  3.06196719e-01
   3.79679769e-01  3.24500620e-01]
 [-2.17032477e-01  2.12816954e-01 -9.47235078e-02 -1.06360637e-01
   7.06429109e-02  3.03751141e-01  3.53304744e-01  2.93912560e-01
   4.22984868e-01  1.48762569e-01]
 [-2.74408042e-01 -1.32599398e-01  9.07555073e-02 -2.85819471e-01
  -4.56267968e-02 -3.70175987e-01  3.53562474e-01 -3.41245472e-01
  -6.27640858e-02  2.30596699e-02]
 [ 4.68781173e-01  3.90053630e-01 -3.01401783e-02 -3.58463317e-01
   1.65702309e-03 -2.77549028e-01 -3.70457888e-01 -1.62141263e-01
   2.27268413e-01  4.82439734e-02]
 [ 7.69753084e-02 -4.58233580e-02 -3.45880032e-01  2.08229139e-01
   1.64331093e-01  4.39717829e-01 -1.94130629e-01 -4.68578152e-02
  -6.65302053e-02  3.86072814e-01]
 [ 3.28580350e-01  9.38411206e-02 -9.85259861e-02 -1.17809907e-01
   9.43834484e-02 -2.70395815e-01 -2.98094958e-01  4.14085358e-01
   3.19796234e-01  2.39870772e-01]
 [-2.00592995e-01 -2.54672438e-01  3.46120179e-01 -6.94853738e-02
   3.52686226e-01 -1.99267849e-01  4.04998869e-01  3.94015193e-01
   2.50794858e-01  4.69609141e-01]
 [ 3.72169226e-01  3.40776801e-01 -2.79714674e-01 -3.42425406e-01
   1.50584117e-01 -3.88714261e-02 -6.41791746e-02  2.42127225e-01
  -1.11847207e-01  3.05772960e-01]
 [-1.40221134e-01 -2.54959047e-01  2.86246538e-01 -1.39332011e-01
   2.30497345e-01  4.73010927e-01  3.82803470e-01  4.34710145e-01
  -2.70825643e-02  4.47961479e-01]
 [ 1.16482601e-01 -2.06985310e-01  3.56137097e-01  6.45259768e-02
  -1.05643710e-02  4.53488737e-01  1.95635319e-01  1.02048136e-01
  -1.88397765e-01  1.43321827e-01]
 [-1.87955230e-01 -6.59223869e-02  4.15920794e-01 -1.81147367e-01
   3.28749001e-01 -3.88793588e-01  4.24881965e-01  2.81668812e-01
   4.17967811e-02  4.10732061e-01]
 [ 4.45294589e-01  1.37116686e-01  6.73991442e-02 -4.30983275e-01
   8.28565136e-02 -2.53980961e-02  3.51851135e-02  3.13305795e-01
  -2.31183529e-01  2.62741685e-01]
 [-1.14349999e-01 -3.75646621e-01  4.11578476e-01 -3.35439682e-01
   2.15447828e-01 -3.80422473e-01 -3.73813450e-01 -2.54797548e-01
  -2.83698797e-01  4.36715633e-01]
 [-5.65023720e-01 -1.23018548e-01 -1.76240087e-01 -1.40066501e-02
   2.84313011e+00  2.89510876e-01 -4.91422832e-01  4.62247074e-01
  -4.04172122e-01 -2.20815897e+00]]
Peso 2:
[ 3.0223092e-01  1.7426822e-02  4.6892304e-02  2.0009118e-04
 -3.4961200e-01 -6.4788018e-03  2.2476266e-01 -6.9101892e-02
  2.6688567e-01  9.8286098e-01]
Camada: saida
Peso 1:
[[-0.28147835  0.6634457 ]
 [-0.5014162  -0.34067684]
 [-0.49390242 -0.1676857 ]
 [-0.51260555 -0.50041   ]
 [ 2.2464066  -1.6732898 ]
 [ 0.4633803   0.37828946]
 [ 0.06201627  0.9445578 ]
 [ 0.56619453  0.0653839 ]
 [-0.43380263  0.3554869 ]
 [-1.8784617   1.6916518 ]]
Peso 2:
[-0.30896267  0.30896732]



pesos modelo: 
Test loss: 0.0001, Test accuracy: 1.0000
Camada: meio
Peso 1:
[[-2.99789011e-02  4.68847185e-01 -5.19380271e-02 -1.20131582e-01
  -3.02002877e-01 -2.92068154e-01 -1.23062223e-01  3.19212973e-02
   1.43757015e-01  3.82294148e-01]
 [-2.31113315e-01 -1.87318146e-01  1.29063278e-01  4.11446422e-01
   5.25533736e-01 -2.42088750e-01 -4.73085940e-02  4.88024056e-01
   3.39671016e-01  5.68165146e-02]
 [ 3.10480654e-01 -1.09071508e-01  3.31830859e-01  5.26163638e-01
  -7.85417259e-02  1.44916683e-01  3.51022780e-01  1.34727702e-01
   3.36361289e-01  4.15567964e-01]
 [ 4.00457591e-01 -5.04546016e-02 -2.60378778e-01  1.72320709e-01
   4.71599326e-02  7.19131082e-02 -2.87597060e-01  1.63780704e-01
   2.43865982e-01  7.89413750e-02]
 [ 2.92478502e-02 -2.97060758e-01  3.20522398e-01  2.19782628e-03
   2.00763479e-01  3.58131558e-01 -4.35748547e-01 -1.76946834e-01
  -2.72448629e-01 -1.04160197e-02]
 [ 7.54162520e-02  4.14360762e-01  8.01572502e-02 -1.12693794e-01
   4.77416307e-01  3.63734961e-01  3.75283331e-01 -1.55088723e-01
  -4.33460884e-02  1.40200064e-01]
 [-1.10753089e-01  3.61880064e-01 -3.28944296e-01  4.01634246e-01
   1.42138582e-02  2.53000766e-01  5.05163297e-02  3.99715453e-01
  -1.00010499e-01  6.91338629e-02]
 [ 4.51798528e-01  3.21183562e-01  2.44657230e-02  2.31382743e-01
  -2.36672014e-01  4.57150012e-01 -1.55110508e-01  2.07179278e-01
  -9.08902436e-02 -1.81950822e-01]
 [ 4.37655568e-01  4.62237000e-01 -4.19579446e-01  2.72767872e-01
   1.59122080e-01  1.13658875e-01 -2.23405018e-01  2.28789687e-01
   4.17355150e-01 -2.21969888e-01]
 [ 5.92644848e-02  2.25454733e-01 -9.59243923e-02  3.48090798e-01
   3.46152306e-01  3.56907308e-01 -2.14443639e-01 -2.23697156e-01
   1.37984872e-01  7.36479387e-02]
 [ 4.10553664e-02 -2.48270065e-01  1.59697724e-03  5.08621037e-01
   4.93110448e-01  1.67610109e-01 -4.06850487e-01 -3.37272882e-02
   3.33406776e-01 -8.89847949e-02]
 [ 2.62093786e-02 -6.93295058e-03 -1.44871309e-01 -4.07218821e-02
   3.81211668e-01  2.05389753e-01  3.67854059e-01 -2.64904559e-01
   5.61611466e-02  4.01288927e-01]
 [ 5.31947672e-01 -1.22434840e-01 -4.74692523e-01 -1.87614888e-01
  -1.00820512e-01 -3.63759935e-01 -4.05718803e-01  1.47084400e-01
   2.02960446e-01  1.17072552e-01]
 [ 3.11906129e-01  3.56612086e-01 -2.12502256e-01  4.31291699e-01
   1.14904262e-01  3.09659004e-01 -4.96294677e-01 -2.38306865e-01
   4.43382591e-01  4.50418800e-01]
 [-1.38009214e+00 -4.22337562e-01  1.89353883e-01 -1.53662491e+00
  -1.11315835e+00  1.61236537e+00 -2.61928082e-01  4.21277463e-01
   2.33755803e+00 -1.27171546e-01]]
Peso 2:
[ 0.80029994  0.12161195  0.00149749  0.6879678   0.53466606 -0.27157307
 -0.11921813  0.01747583 -0.18657327  0.06039686]
Camada: saida
Peso 1:
[[-1.2118248   1.1907026 ]
 [-0.49849075  0.09268108]
 [ 0.37974107  0.29687062]
 [-1.5731936   0.8027563 ]
 [-0.60233086  1.2856778 ]
 [ 1.1088378  -1.0388061 ]
 [ 0.2228065  -0.2918005 ]
 [-0.24134019 -0.7734354 ]
 [ 1.5187492  -1.6930598 ]
 [-0.57067734 -0.19963114]]
Peso 2:
[-0.40304106  0.40304482]



pesos modelo: 
Test loss: 0.0001, Test accuracy: 1.0000
Camada: meio
Peso 1:
[[-0.17292377 -0.31126413 -0.20741704  0.22977296  0.24948165  0.2877548
   0.21693537 -0.01826578  0.08095893 -0.01120025]
 [ 0.11156805 -0.03168304  0.39454782  0.18320875  0.45449728  0.3581161
  -0.10734479  0.58173746  0.5206774  -0.38741547]
 [-0.24096125 -0.22693586  0.35936886  0.26127803  0.04851233  0.35302743
  -0.37883005 -0.09255265  0.5699261  -0.15114014]
 [-0.1347587   0.27611482  0.08360464  0.27157065  0.16814245 -0.14510427
  -0.1092995   0.08561569  0.00240931 -0.37412503]
 [-0.2574533  -0.07597511  0.02467531  0.40340075  0.28771183 -0.36632088
  -0.333613    0.02562871 -0.30505732  0.3107975 ]
 [ 0.42134085 -0.10970348  0.2801739   0.14994043  0.13535981 -0.11665813
   0.49079865  0.0955677   0.5038811   0.2767276 ]
 [ 0.36121705 -0.06926417  0.15837237 -0.14120968  0.3563569  -0.24162693
   0.33119184  0.45752588 -0.3045622  -0.37623674]
 [-0.3626099  -0.06379242  0.23864776 -0.29531202 -0.09296773 -0.3723146
   0.23157944  0.25069487  0.5896593  -0.05356279]
 [-0.08606359 -0.42989427  0.20909455  0.14691685  0.10546273  0.03621968
   0.13255668 -0.21379632 -0.19969037 -0.24513887]
 [ 0.0517141  -0.23649222  0.1733157  -0.1372353  -0.04569115  0.36004376
   0.18681557  0.11557814 -0.22550108  0.04147305]
 [ 0.47752103  0.1684991   0.17641269  0.04590581 -0.17352465 -0.26289696
  -0.36290318 -0.14971629  0.35257292 -0.33214948]
 [-0.406695    0.2322886   0.21034886  0.41548303  0.23079406  0.31104344
  -0.17480017 -0.14654742 -0.06159382 -0.47300297]
 [-0.45311385 -0.41570023  0.22460975  0.36854422  0.4529592   0.15570655
  -0.39582607  0.35761663 -0.12459835 -0.3137389 ]
 [ 0.41034126 -0.23852272  0.16114558  0.32046854  0.3914104   0.41497862
   0.1480826   0.3865509  -0.02276958 -0.21781749]
 [-0.06299318  0.13427497 -2.2343123  -1.1912775   2.2576487   0.30962813
  -0.33570698 -1.1168791   1.0563562  -0.4786096 ]]
Peso 2:
[-0.00515657 -0.00647828  1.1171207   0.5439533  -0.1133105  -0.01263164
  0.03146693  0.6230997   0.14014997 -0.00347503]
Camada: saida
Peso 1:
[[-0.39495668 -0.28832185]
 [-0.2986986  -0.5570044 ]
 [-2.0004535   1.529588  ]
 [-0.66930616  1.2630123 ]
 [ 1.6338949  -1.4514598 ]
 [ 0.17792876 -0.6418604 ]
 [-0.70809025 -0.48639023]
 [-0.9907232   0.84902996]
 [ 0.43654153 -0.85159206]
 [ 0.28192896  0.16858026]]
Peso 2:
[-0.04531386  0.04531887]



pesos modelo: 
Test loss: 0.0001, Test accuracy: 1.0000
Camada: meio
Peso 1:
[[ 4.65096802e-01  2.67619282e-01  2.52206355e-01 -6.92323744e-02
  -3.38971615e-01 -2.44953990e-01 -3.15822959e-01 -2.31425464e-02
  -5.67331612e-02 -5.54849207e-02]
 [-1.01971917e-01 -4.91287947e-01 -3.77440602e-02  4.38134372e-01
  -4.12397385e-02  2.70230532e-01  1.61597863e-01  4.58150327e-01
   1.13200620e-02  2.15375796e-01]
 [ 3.80392760e-01  1.68744385e-01 -1.88670248e-01  3.42370272e-01
  -2.13977277e-01  1.35538206e-01  2.76990775e-02  2.12912634e-01
  -1.61261752e-01  8.08882639e-02]
 [ 3.79839927e-01 -3.19425046e-01 -3.81013602e-01  2.03460306e-01
  -2.11400390e-01  7.91514143e-02 -3.35385680e-01 -2.38670066e-01
   7.94013739e-02  1.06193177e-01]
 [ 2.81519145e-01  6.74607679e-02  2.92767316e-01  2.04457060e-01
  -4.05103326e-01  3.82765621e-01  4.41164635e-02 -2.79265076e-01
  -3.73003989e-01  5.36653161e-01]
 [ 3.76354396e-01 -2.45715395e-01 -4.67278510e-01  2.21686438e-01
   2.89191753e-01  2.69759804e-01 -1.63804471e-01 -2.37671398e-02
  -4.71031845e-01  3.61570895e-01]
 [-3.97962064e-01 -1.54266000e-01  2.31919736e-01  1.32070705e-01
   2.84197420e-01 -3.61676067e-02 -3.70684378e-02 -3.37402016e-01
   1.37863353e-01  3.61711793e-02]
 [ 2.15826258e-01  2.06634775e-01 -2.99016625e-01  3.51798862e-01
   2.23480821e-01  7.31705800e-02 -2.80811250e-01 -2.04613447e-01
  -1.65569440e-01  1.06891552e-02]
 [-1.27957344e-01 -3.12593907e-01  3.31189662e-01  1.34634212e-01
  -2.63913035e-01  4.21687998e-02 -1.34094939e-01 -3.00205767e-01
   1.62740797e-01  1.20618515e-01]
 [-2.86588874e-02  2.94804573e-01 -2.51994371e-01  3.91363472e-01
   7.05631822e-02  1.65388077e-01 -2.75736302e-01  3.44527513e-02
  -1.12567641e-01  1.81941271e-01]
 [ 4.76393133e-01 -2.15458963e-03 -1.82151273e-01  4.94304389e-01
  -2.86287874e-01  2.92739302e-01 -3.03795666e-01  3.22158784e-01
  -4.59273607e-01  2.52272308e-01]
 [ 2.74290264e-01 -2.65310347e-01 -3.22295576e-01 -4.18614477e-01
  -4.79487568e-01  1.04837090e-01 -8.38880986e-02 -2.58243233e-01
  -1.06332175e-01  5.14072597e-01]
 [ 3.19993168e-01 -3.00758213e-01 -1.42907947e-01 -1.66650534e-01
  -2.31996626e-01 -6.52366877e-02  1.82077587e-01  5.22584245e-02
   5.69584444e-02  2.16178894e-01]
 [ 1.29641697e-01 -3.27423364e-01 -4.36227433e-02  2.54362166e-01
   4.23534624e-02  1.59243017e-01 -1.52366553e-02 -4.19040531e-01
  -3.11964631e-01  1.63564771e-01]
 [-7.16803819e-02 -4.06512260e-01 -2.68112496e-03 -1.27335358e+00
  -4.35472466e-02  2.87828279e+00 -1.53021559e-01 -1.47945702e-01
   8.32135528e-02 -1.92312706e+00]]
Peso 2:
[-0.00506746 -0.19858068 -0.18486002  0.55546844 -0.07636955 -0.36050835
 -0.06547844  0.08378892 -0.0173493   1.0623149 ]
Camada: saida
Peso 1:
[[-0.29902232 -0.20199817]
 [ 0.5022435  -0.19110243]
 [ 0.49439064 -0.17427596]
 [-1.0487266   1.0206363 ]
 [ 0.21158819 -0.16540195]
 [ 1.6387693  -2.428406  ]
 [ 0.6635428   0.17645058]
 [-0.62055475 -0.19359379]
 [-0.4114244   0.16355029]
 [-1.7983677   1.3119793 ]]
Peso 2:
[-0.3026174   0.30262056]



pesos modelo: 
Test loss: 0.0001, Test accuracy: 1.0000
Camada: meio
Peso 1:
[[ 0.28273937  0.1984534  -0.4198447   0.3886986   0.24094197 -0.38575837
  -0.20001769  0.15845206 -0.4048552   0.16025278]
 [-0.37094137  0.09072045 -0.252518    0.15931611  0.20494647  0.35724375
   0.36355442  0.10551576  0.39085388 -0.03523053]
 [-0.36744767  0.08469549 -0.19773401 -0.30061573 -0.41246367 -0.01471524
   0.04515173 -0.07249895  0.26505014  0.36431685]
 [-0.41771168 -0.3784066   0.24615341  0.06130122 -0.35257345 -0.16997695
  -0.10056236 -0.34255543 -0.00577348  0.2784338 ]
 [ 0.02240221  0.4985093   0.10471576 -0.15519409  0.21890432  0.1880093
   0.25854585  0.46200264  0.4122888   0.04652198]
 [-0.3511434  -0.15810479 -0.43255743 -0.38296375  0.1790537   0.15443693
   0.36201122 -0.44448936 -0.2914006  -0.3660234 ]
 [ 0.28820005  0.35378045 -0.40678892 -0.04616371 -0.17774574  0.19545278
   0.20112391 -0.35954472  0.5192838   0.1895363 ]
 [-0.36126623  0.37336564  0.464386   -0.27728456  0.03309738  0.34992293
   0.45598188  0.15551575  0.19211914 -0.25166684]
 [-0.21707468 -0.36754754 -0.3063617  -0.0914062  -0.46058953  0.18810381
   0.19603573  0.05971864  0.16813815 -0.14682026]
 [ 0.14734381 -0.30038235  0.16584037 -0.2586873   0.20709582  0.17035174
   0.45670652 -0.18114378 -0.25331295  0.14320388]
 [ 0.07844587 -0.16217643 -0.33980137 -0.13707206 -0.07092948  0.06305061
   0.37311307 -0.47986028 -0.34086514 -0.17640817]
 [ 0.1486984  -0.2892912  -0.06187339  0.4638184  -0.21441978  0.11840498
   0.21187074  0.23654334 -0.07305687 -0.03859793]
 [ 0.48509943  0.5202654   0.39799193  0.3111812  -0.02215335  0.31665486
   0.5435442  -0.39279425  0.22008508  0.16220883]
 [-0.37515536  0.36329216  0.2575323  -0.06058244  0.09613504  0.15427685
   0.1523762  -0.3140092   0.44344863  0.35097557]
 [ 0.49915642  0.6400579   0.19846392 -0.32454622 -0.292877    2.7609653
  -2.2338314   0.16647092 -0.81349593  0.31966436]]
Peso 2:
[ 0.02161137  0.0540331  -0.06076542  0.0148966  -0.00536019 -0.35878417
  1.0777115  -0.02466097  0.46780032 -0.11267834]
Camada: saida
Peso 1:
[[ 0.04589501 -0.29281566]
 [-0.17805932 -0.9044951 ]
 [-0.47474748 -0.31828985]
 [ 0.40390414  0.5228045 ]
 [-0.07558489 -0.02840735]
 [ 2.0533772  -1.7843016 ]
 [-1.7470526   1.8068718 ]
 [-0.05045043 -0.6533356 ]
 [-0.8324702   0.87294513]
 [ 0.3266132  -0.19095929]]
Peso 2:
[-0.34465286  0.34465805]



pesos modelo: 
Test loss: 0.0001, Test accuracy: 1.0000
Camada: meio
Peso 1:
[[-0.23985717 -0.14978531 -0.47190103  0.17483005 -0.167274   -0.46548763
   0.09876963 -0.42952794  0.29867557 -0.1486173 ]
 [ 0.30854896  0.37828195 -0.23902777 -0.16226375 -0.00680389 -0.4334645
   0.11461326 -0.4996131   0.08511364 -0.20661595]
 [ 0.035521    0.18029007 -0.4092093  -0.21221673  0.25141016 -0.16099899
  -0.04386493 -0.45524922  0.33777758 -0.26342356]
 [-0.3900392   0.3704712  -0.3898744   0.49320465 -0.13572228 -0.26881403
   0.25372434  0.3315592  -0.2536437  -0.3518049 ]
 [ 0.4419038   0.19561312 -0.2410763  -0.02600873 -0.08063862  0.4810013
   0.20846517 -0.3654795   0.05567994  0.00355243]
 [-0.1836684   0.27534273  0.336105    0.05146367 -0.01928662  0.3509248
   0.22624436 -0.28154382 -0.00595665  0.4090961 ]
 [-0.4594796   0.22357711  0.23501366  0.06476335  0.36655727  0.46653196
   0.20902523 -0.27590993  0.44285527  0.04892912]
 [-0.256163    0.31777027 -0.3864015  -0.14791912 -0.03123308 -0.06175638
   0.24291202  0.3975126   0.30197287  0.05873307]
 [-0.12406336  0.15262003 -0.31415823 -0.3836782  -0.15799999  0.2919801
   0.14413333  0.2558731   0.24125977 -0.10182929]
 [-0.38823584  0.21593948  0.28651693  0.3132149  -0.19398682 -0.25375846
   0.15993218 -0.31503946  0.0807895   0.05166008]
 [ 0.00961582  0.48019674  0.22188132 -0.14780435  0.5585133   0.4387162
   0.11710052 -0.4284817   0.12320179 -0.37658393]
 [-0.41974714  0.01473529 -0.33383405  0.4940514   0.14586167 -0.37204045
  -0.01742255  0.3955616   0.24201706 -0.4158038 ]
 [ 0.02137293  0.25360253 -0.09388136  0.41281915  0.31930685 -0.09641741
   0.16183883 -0.31995407  0.42229646 -0.33070627]
 [ 0.12622246  0.34132114  0.03216838 -0.09556694  0.093996    0.37256256
   0.12348982 -0.19276622 -0.26749024  0.11981132]
 [ 0.03465921 -2.2117481  -0.44750863 -0.49303174  1.2925572  -0.4607649
   2.4521093  -0.3686597  -0.94643706 -0.07688924]]
Peso 2:
[-0.02258214  0.9218488  -0.03663342  0.40503687  0.05618475  0.21503001
 -0.38508937 -0.10205051  0.41334957 -0.09483737]
Camada: saida
Peso 1:
[[-0.38090652 -0.6074471 ]
 [-1.924698    1.5372478 ]
 [ 0.18620747  0.16742349]
 [-0.2904072   0.86470395]
 [ 0.5153626  -1.221362  ]
 [-0.52984804  0.59421206]
 [ 2.1613948  -1.2932383 ]
 [ 0.51898766  0.11205625]
 [-0.5072094   0.98102665]
 [ 0.49452096 -0.17167303]]
Peso 2:
[-0.2143245   0.21433121]



pesos modelo: 
Test loss: 0.0005, Test accuracy: 1.0000
Camada: meio
Peso 1:
[[-0.22802758  0.10309932 -0.22700277  0.0093798  -0.18366104 -0.2714402
   0.16630337  0.15650275  0.4033892  -0.4521749 ]
 [ 0.5359864  -0.2263227  -0.32493064  0.13884662 -0.1586921   0.40212652
   0.3338499   0.06264189  0.41720036  0.4900079 ]
 [-0.03426426  0.40312687  0.09538306  0.09381861 -0.2387595   0.16784537
   0.23248416  0.02020549 -0.168104    0.25573707]
 [ 0.07810257  0.36520836 -0.39586103 -0.30946168 -0.12914348 -0.30079442
  -0.10663199  0.36884183  0.06309005 -0.06183304]
 [ 0.01053629 -0.38024995 -0.4203054  -0.22467527  0.18840827  0.21905705
   0.14959794 -0.12558937 -0.0284097   0.3926043 ]
 [ 0.32481083 -0.2928503   0.25721258 -0.09663954 -0.24355336 -0.31661206
   0.28252134  0.38706848  0.07238746  0.2774795 ]
 [-0.00480176 -0.15017985  0.2009573  -0.27950314  0.20156588  0.00623387
   0.05364032  0.43105105  0.22101699  0.1560909 ]
 [ 0.2547133   0.04476368  0.3886423   0.5596711   0.06711887  0.2749618
   0.09709206 -0.01270701  0.24350391  0.22001106]
 [ 0.39350533 -0.33359623 -0.48066232  0.03237788 -0.27704123  0.1873643
  -0.0645673   0.05123167  0.19642681 -0.06381547]
 [ 0.10864247 -0.45364773  0.30098152 -0.12258274  0.46183157  0.07432343
   0.24416362  0.61603117 -0.04865353 -0.11858992]
 [-0.106444    0.36921906 -0.35853806  0.5638543  -0.15076044  0.15220141
   0.1366343   0.20681527 -0.11907829  0.09725381]
 [ 0.46658352 -0.32137617 -0.40227494 -0.27244866  0.24060361 -0.09263227
   0.03482895  0.2093624   0.44392243  0.25005656]
 [ 0.4850265  -0.09494954 -0.22313464 -0.3435282   0.28915414 -0.2558084
  -0.0723054  -0.01771295  0.32236084  0.38767466]
 [-0.16746104  0.28126073 -0.02541087  0.52454716  0.2414865   0.28040174
   0.27377576 -0.06953356 -0.08339595  0.38364732]
 [-1.0309217  -0.32527244 -0.13793457 -0.4884489  -0.05050087 -0.54404914
   2.2576427  -1.1630301   1.9658893  -1.3307316 ]]
Peso 2:
[ 0.45344973 -0.05215786  0.01916772  0.1689134   0.02820165  0.42807218
 -0.27511373  0.6835022  -0.16561337  0.66107684]
Camada: saida
Peso 1:
[[-0.88639784  0.7780193 ]
 [ 0.5087181   0.5372084 ]
 [ 0.1637092   0.43401048]
 [ 0.2360801   0.80627286]
 [-0.63562095 -0.4247526 ]
 [-0.7079731   0.62502736]
 [ 1.7971034  -1.3563732 ]
 [-1.3098619   0.7895949 ]
 [ 1.9546198  -0.7101526 ]
 [-1.3810797   0.9409761 ]]
Peso 2:
[-0.37720957  0.37721148]



pesos modelo: 
Test loss: 0.0001, Test accuracy: 1.0000
Camada: meio
Peso 1:
[[ 9.07401741e-02 -3.26578915e-01 -3.06721270e-01  1.49893135e-01
   4.35937852e-01  1.65675610e-01  2.27325231e-01 -2.97486782e-04
   3.65020066e-01 -2.35110849e-01]
 [-2.66949236e-01 -1.15869612e-01  7.90492445e-02  1.71606168e-01
   1.44030288e-01  2.30977878e-01 -2.82846894e-02  1.40258670e-01
   2.34457508e-01  4.39140107e-03]
 [-3.10587198e-01  8.55359659e-02 -3.17687809e-01 -1.78676918e-01
   3.99562031e-01 -1.57246247e-01  1.74938347e-02 -1.92789555e-01
   8.35862085e-02  5.49921691e-01]
 [ 8.68778229e-02 -4.43070754e-02  1.59147695e-01 -9.47619602e-02
  -2.70299911e-01 -1.78027917e-02  2.85063297e-01 -1.91907406e-01
   3.50509822e-01  7.94641003e-02]
 [ 2.39922628e-01 -8.01931769e-02  2.68631987e-02 -1.39399488e-02
   4.12040144e-01  2.33394504e-01  4.86231223e-02  2.33822033e-01
   2.68047720e-01  5.53831875e-01]
 [-1.46920308e-01 -3.67753386e-01  5.71254827e-02 -6.79495335e-02
   1.53886840e-01 -8.68134499e-02  5.51078618e-02  2.32987385e-02
   6.80795759e-02  5.16663969e-01]
 [-3.96131631e-03 -1.75240293e-01  1.74306199e-01  4.11285907e-02
   3.41324538e-01 -2.79918432e-01  2.63370693e-01 -4.80221778e-01
   4.84061211e-01 -4.62559201e-02]
 [-3.58848840e-01  5.38699590e-02  6.97502792e-02 -1.29419819e-01
  -2.21799448e-01  3.27380061e-01 -2.04424914e-02  4.64650184e-01
   1.82529658e-01 -1.11859404e-01]
 [-2.14955941e-01  3.24225366e-01 -4.05754775e-01 -3.34993422e-01
   4.39758271e-01  1.35444934e-02  1.66769743e-01  1.68478683e-01
   4.03501153e-01  2.79984891e-01]
 [ 4.26157117e-01 -2.30043188e-01 -1.73499525e-01 -3.61190110e-01
  -1.10569522e-01 -3.79406512e-02  4.28537577e-02 -2.46084914e-01
   2.36702204e-01 -1.66077197e-01]
 [-4.71579358e-02  1.95880756e-01 -1.55194283e-01 -2.10306153e-01
   2.15292439e-01  2.99301058e-01  1.76362291e-01 -7.12675462e-03
   5.73182166e-01  5.49235567e-02]
 [ 1.24058515e-01 -2.23390236e-01 -4.84609962e-01  4.77445498e-02
  -2.97081441e-01  1.18564451e-02  1.17188133e-01 -3.81201088e-01
   2.35129356e-01 -3.59203756e-01]
 [-1.79063320e-01 -1.45344079e-01 -3.54392640e-02  1.97426140e-01
  -2.50294328e-01  4.17555302e-01  2.66493171e-01  2.78706312e-01
   5.30138850e-01  1.56666443e-01]
 [-2.80280411e-01 -4.50291075e-02 -3.51296663e-02  2.11856931e-01
  -1.14804938e-01  1.25242816e-02  8.51728171e-02 -7.70338625e-03
   2.37207264e-01 -2.68458456e-01]
 [ 5.58794402e-02  1.73440546e-01 -2.69525528e-01 -2.96215326e-01
   1.18990815e+00  1.15186453e+00  2.70963836e+00 -1.22345909e-01
  -1.90093398e+00 -6.17776692e-01]]
Peso 2:
[-0.06396927 -0.12596767 -0.14217946 -0.29769346  0.02691775 -0.11503493
 -0.34443763 -0.00643499  1.0890769   0.39455622]
Camada: saida
Peso 1:
[[ 0.32487595  0.07706062]
 [ 0.27253574 -0.40555334]
 [ 0.01080826 -0.40982097]
 [ 0.40752485 -0.24362765]
 [ 0.3693781  -0.9698948 ]
 [ 0.7582162  -0.6643268 ]
 [ 2.0071893  -1.7376516 ]
 [-0.1361788   0.0582889 ]
 [-1.7644415   1.583509  ]
 [-1.0885934  -0.00272731]]
Peso 2:
[-0.64414847  0.6441495 ]



pesos modelo: 
Test loss: 0.0003, Test accuracy: 1.0000
Camada: meio
Peso 1:
[[-0.44400412  0.3266106   0.4283631   0.27055004  0.31937012  0.01937023
   0.40142336 -0.45153496  0.47270653 -0.34760565]
 [ 0.4264577  -0.21866351  0.11881146  0.33766666 -0.2524378   0.3460772
  -0.18892816  0.240143    0.3880341   0.01539434]
 [ 0.34916097 -0.47120652  0.01722537  0.35429522 -0.28680265 -0.19941616
  -0.34099331 -0.30215153  0.23924257 -0.14955853]
 [-0.18419316 -0.00737199  0.01920854 -0.0881505   0.57210326  0.28426227
  -0.03432226  0.04059748  0.32847694  0.18955518]
 [ 0.4890535   0.25170508  0.07979246  0.2887582  -0.30969816 -0.30451703
   0.07686463 -0.30727366  0.07421038 -0.21746796]
 [ 0.33638898 -0.38180143  0.1774151  -0.21567827  0.35317025  0.37412953
  -0.37437397  0.07824041 -0.01113481  0.14005691]
 [ 0.3952078   0.14383346  0.05770732  0.1151808  -0.23588695 -0.4405803
   0.39705864 -0.02691787 -0.08447892  0.26451597]
 [ 0.3199435   0.13720745  0.11736821  0.18836571 -0.3197589   0.27342147
  -0.33451894  0.18273611  0.4760142  -0.32951048]
 [ 0.05596125  0.33264652  0.03978748 -0.18219419  0.5868583   0.43501312
   0.4317589   0.04672318 -0.18880364 -0.12252598]
 [ 0.43919662 -0.38525546  0.08921905  0.14176737  0.23221366 -0.3316967
  -0.37935072  0.11064837 -0.12688631  0.3151446 ]
 [ 0.08327269 -0.1746769   0.00506143  0.3342574   0.5992182  -0.13753687
  -0.30857295  0.22945487  0.15422621 -0.44187543]
 [-0.00541338  0.31312388  0.05516687 -0.29120988 -0.07793068 -0.28871274
   0.10571171  0.12288535  0.12552366 -0.44246674]
 [ 0.45814374 -0.30116427  0.12908328  0.35945818 -0.24086924 -0.24287567
  -0.26912603  0.07522038  0.46639645 -0.4916275 ]
 [-0.12494253  0.48967743 -0.01521607 -0.20056705  0.3859022   0.3297621
   0.35069054 -0.25705716  0.03367547 -0.20897977]
 [-1.348093    0.07420486  3.1338015   1.1224601  -0.5400295   0.46547148
   0.27941227 -0.11295793 -0.7046333  -0.21807434]]
Peso 2:
[ 9.89937663e-01 -1.06727384e-04 -2.31485248e-01 -1.23105459e-01
  4.11139697e-01 -4.41470742e-02 -3.23879421e-02  4.41204682e-02
  4.79157627e-01 -2.05045387e-01]
Camada: saida
Peso 1:
[[-1.37441     1.3708895 ]
 [-0.30476695  0.062141  ]
 [ 2.437227   -1.8778356 ]
 [ 0.16782582 -1.1390693 ]
 [-0.3070839   0.82983685]
 [ 0.13211322 -0.1725679 ]
 [ 0.2583594   0.34407464]
 [-0.5084937  -0.09916377]
 [-0.81702536  0.56420726]
 [ 0.43518457 -0.40684173]]
Peso 2:
[-0.6817436   0.68174833]



pesos modelo: 
Test loss: 0.0001, Test accuracy: 1.0000
Camada: meio
Peso 1:
[[ 0.27690753 -0.15256506  0.30519667 -0.4277834  -0.43310672  0.06431392
  -0.11280757 -0.11449173 -0.1804134  -0.04323229]
 [ 0.39468762  0.3235131   0.12253402 -0.01270939  0.01700741 -0.16666326
  -0.24348184  0.3524294  -0.00285373 -0.05898334]
 [ 0.39193034  0.06735732 -0.29374042 -0.04130887  0.12028904 -0.12940049
  -0.01722642  0.11856975 -0.05638157  0.0214834 ]
 [ 0.22363502  0.3303428  -0.48334453  0.37419114  0.1622363  -0.34583604
   0.25992993  0.35877484  0.34036407  0.25944075]
 [ 0.27441528 -0.05072361  0.27125642  0.09424209 -0.2323894   0.04575714
   0.3335769  -0.12789623 -0.44562027  0.30102664]
 [-0.1605513  -0.09308576  0.3154947   0.31952384  0.43582422 -0.08328876
   0.18056935  0.36506164 -0.06466745  0.51906013]
 [ 0.00339516  0.17571695  0.18425031  0.37297618  0.34914267  0.26703525
  -0.06002709  0.11288905  0.477215   -0.08048867]
 [ 0.38671765 -0.0435122  -0.04124374  0.20166181 -0.30189574 -0.14957249
   0.60161656  0.17446695  0.29591772  0.22348168]
 [ 0.2951685  -0.02410786 -0.37229615  0.00539996  0.45904735 -0.12041759
   0.37481448 -0.39261374 -0.06267174  0.5009632 ]
 [ 0.45867315  0.32021034 -0.45515108  0.07798262  0.36770496  0.10070007
  -0.0508156   0.45507446 -0.16683683  0.35673732]
 [-0.07626546 -0.00305476 -0.2531561   0.4797171   0.01084348 -0.45602444
   0.33038962 -0.33268818  0.5140994   0.00536165]
 [ 0.42688987  0.07966957  0.26771298 -0.05200763  0.35555193 -0.24683087
  -0.01369491  0.06807476 -0.20780747  0.13232303]
 [-0.14009766  0.01894253 -0.31093085  0.16166976 -0.3653298   0.35521284
   0.08250815 -0.13812515  0.36083978  0.07301509]
 [-0.15060508  0.2891293  -0.39133155  0.32774892  0.0150115  -0.3446492
   0.08836414 -0.27790815  0.20539165  0.17711954]
 [-1.3244504   1.4493657  -0.4373855  -1.4092207   0.77604705 -0.04037674
   2.1789875   0.5881535  -0.5210835  -1.4405761 ]]
Peso 2:
[ 0.69665545 -0.16236037 -0.1141597   0.7188885  -0.0766615  -0.06896054
 -0.13088337 -0.03380325  0.24595305  0.7041676 ]
Camada: saida
Peso 1:
[[-1.3891166   0.8051379 ]
 [ 0.7553438  -1.1711551 ]
 [ 0.509904   -0.01693727]
 [-1.4268553   0.97794795]
 [ 0.7578827  -0.32293335]
 [-0.22406286 -0.67925775]
 [ 1.5523374  -1.4327687 ]
 [ 0.09174729 -0.7246306 ]
 [ 0.05823345  0.9852519 ]
 [-1.0136677   1.319134  ]]
Peso 2:
[-0.3077083   0.30771208]



pesos modelo: 
Test loss: 0.0001, Test accuracy: 1.0000
Camada: meio
Peso 1:
[[-0.26281822 -0.14540562 -0.1776174  -0.12675616  0.39855763 -0.35942972
   0.12862465  0.04036823  0.09136763  0.1979849 ]
 [-0.05678191  0.46765652  0.11789437 -0.415483    0.29508367 -0.2326031
   0.25777283  0.31424826  0.452052    0.05822304]
 [ 0.2646273   0.05685755  0.0369215   0.20213616 -0.10442234 -0.04204653
   0.16383061 -0.19940801  0.16945328 -0.01319616]
 [ 0.03454144 -0.22528057 -0.19476318 -0.1686522   0.08471794 -0.4528712
   0.14827517 -0.02662642  0.47252724  0.19433258]
 [ 0.3518311  -0.19167198  0.36059675  0.06860157  0.1128786   0.3810693
   0.5360053  -0.47327545  0.02525662 -0.05786362]
 [-0.06270403 -0.20799015  0.21519975 -0.02848872 -0.00471875 -0.42564836
   0.05146391 -0.3487456   0.10079892  0.43647084]
 [ 0.15382935  0.23995343 -0.44078252  0.1915261   0.14123854  0.31720695
   0.36753568 -0.22205003  0.3409216  -0.39352745]
 [ 0.33132553 -0.24922296  0.27640924 -0.19453667  0.02311271  0.30849972
   0.4433329   0.06067117  0.01635041 -0.08836499]
 [ 0.19696675  0.14037174 -0.29386246 -0.11823818 -0.09765898  0.19066697
   0.24081619  0.17310674 -0.1181157   0.1759461 ]
 [-0.13710566  0.41478708  0.10575061 -0.15889254  0.34962505  0.05093082
   0.43795145 -0.26561797  0.13191132 -0.24207078]
 [-0.10352678 -0.21691763  0.443315    0.01095964  0.09123681 -0.3707747
   0.14540175  0.10798901  0.2230959  -0.19320375]
 [ 0.27405974 -0.20447768 -0.24268173 -0.46456486  0.29650852 -0.03697782
   0.5533067  -0.30167872  0.4615486  -0.42877993]
 [ 0.06809869  0.19386892  0.31526282 -0.22272539  0.20814525  0.28029636
   0.5566172  -0.10490166 -0.36089474 -0.38147447]
 [ 0.2926796   0.2659011  -0.17476735  0.20276424 -0.03215175  0.43315017
   0.42205328  0.0150449  -0.4557588  -0.32668117]
 [ 1.7661101  -0.25877383 -0.12591684  0.05850015  2.621142    0.33668682
  -2.0274315  -0.43271536 -0.350593    0.21756682]]
Peso 2:
[-0.23762152  0.14975877  0.06181638 -0.02435936 -0.21635869 -0.0045676
  1.0394925  -0.17518061  0.20461181 -0.01483217]
Camada: saida
Peso 1:
[[ 1.0970209  -1.222531  ]
 [-0.5402904  -0.05277769]
 [-0.56682676 -0.20163907]
 [-0.6586907   0.10270293]
 [ 2.1817884  -1.2941962 ]
 [ 0.66806024  0.22670475]
 [-1.9037174   1.4385536 ]
 [ 0.1483489  -0.39757717]
 [ 0.04025223  0.83581716]
 [-0.25864816 -0.17886098]]
Peso 2:
[-0.60251486  0.6025223 ]



pesos modelo: 
Test loss: 0.0001, Test accuracy: 1.0000
Camada: meio
Peso 1:
[[ 0.07716444 -0.47389308  0.17713633  0.29120055  0.00950956 -0.22798589
   0.30396083 -0.1043497  -0.11643657 -0.4669821 ]
 [ 0.01584824  0.09640609  0.03357362  0.20233776  0.35513768 -0.10959712
   0.30721003  0.24034305 -0.41959068  0.14536186]
 [ 0.05987503 -0.16717127  0.19908178  0.09141591  0.28504068  0.16875075
  -0.31207836  0.3837843  -0.34383184  0.41630423]
 [-0.269752   -0.34584075  0.08329055 -0.06667779 -0.22078443  0.24860297
   0.4443812   0.39101702  0.39922348  0.48212975]
 [-0.09874935 -0.44615176 -0.36739427  0.08352374  0.3406676   0.02742068
  -0.41757503  0.1576359  -0.11882767 -0.11571443]
 [-0.3620661   0.43930674 -0.4424575   0.21878655  0.06917424  0.07472668
  -0.22888331  0.26554948  0.31146485 -0.29495436]
 [ 0.33861586 -0.27997425 -0.12642087  0.07203329  0.38878834 -0.2035694
   0.44949526 -0.08096314  0.2697312  -0.05707409]
 [ 0.09299705  0.28735632 -0.4005286   0.08915827 -0.01404927  0.20333129
   0.4633185   0.10538314 -0.05098381  0.03310693]
 [ 0.1337686   0.24577081  0.01080224  0.04301807  0.13637026  0.32843307
   0.12040503 -0.21537824  0.13191599 -0.12783545]
 [-0.33117136  0.40513864  0.32205915  0.20398709  0.04853218  0.24063438
   0.5148549   0.25658733  0.06797224  0.12662168]
 [ 0.02883977  0.01977951 -0.1111069   0.05636632 -0.07209204  0.24837492
  -0.02466851  0.22930288  0.27660853 -0.21337853]
 [ 0.03736586 -0.24710017 -0.37144113  0.02157275  0.6069014  -0.20736922
  -0.3226371   0.04110691 -0.2547689   0.37406313]
 [ 0.0759834  -0.11569834  0.11855454  0.35700062  0.39685115  0.45147115
  -0.09626567  0.27904323  0.34156102  0.03443529]
 [ 0.474225    0.37757602 -0.3273409   0.02694946  0.02358232 -0.13679875
   0.36956114  0.43932918 -0.36011058  0.4026799 ]
 [ 0.4745849  -0.22798271  0.13696507  2.712505   -1.4260675  -0.92399526
  -0.651213   -1.3555417  -0.09312695  1.3354998 ]]
Peso 2:
[ 0.010461    0.03482013 -0.20328014 -0.2396926   0.85412586  0.53275317
  0.27776024  0.58730036 -0.02414892 -0.00494963]
Camada: saida
Peso 1:
[[ 0.65884894  0.31261846]
 [-0.33324683  0.4597434 ]
 [-0.2781678   0.553601  ]
 [ 2.1645503  -1.5267816 ]
 [-1.1341867   1.4851514 ]
 [-0.8827598   0.5408126 ]
 [-0.44193524  0.50738   ]
 [-0.6652006   1.5138968 ]
 [-0.31317234 -0.03732965]
 [ 1.0479343  -0.4032718 ]]
Peso 2:
[-0.22734082  0.22734597]
