


pesos modelo: 
Test loss: 0.0007, Test accuracy: 1.0000
Camada: meio
Peso 1:
[[-3.50409448e-01 -2.17147708e-01 -3.85766089e-01  6.48262799e-02
   4.62848514e-01 -2.89120913e-01  3.06547254e-01 -4.24104512e-01
  -4.07327503e-01  1.16530865e-01]
 [-1.18672974e-01  1.96282551e-01 -1.98302940e-01  8.60335305e-02
  -3.66001427e-01 -3.62237006e-01 -1.66937709e-01 -1.98780045e-01
   1.47300020e-01 -3.42078328e-01]
 [ 3.81595612e-01 -2.39751548e-01 -2.96203405e-01  2.93395549e-01
   4.26214755e-01  5.15053831e-02  1.24218889e-01 -2.03014001e-01
   3.05437148e-01 -2.81820029e-01]
 [ 6.53076351e-01 -5.77796996e-02  4.04375046e-01  4.23528522e-01
   1.47109926e-01  5.07749796e-01 -9.64125320e-02  3.35553557e-01
  -1.11127183e-01 -2.87923157e-01]
 [ 4.37616222e-02  1.67260155e-01  1.50444582e-01 -1.20372422e-01
   4.81107831e-01  2.20163584e-01  2.37262517e-01  4.13115546e-02
   1.24087222e-01 -3.17099065e-01]
 [ 5.47741055e-01 -2.32303232e-01 -3.23650420e-01 -1.94631264e-01
  -4.27586973e-01  3.57984155e-01  2.04782248e-01 -2.55320705e-02
   5.93907051e-02 -3.88273180e-01]
 [-1.12931535e-01  2.42394835e-01 -3.93235952e-01 -1.04932629e-01
   4.45295602e-01 -8.53202716e-02  5.12581527e-01  2.25315362e-01
   5.63490689e-01  1.06923096e-01]
 [ 9.93914604e-02  4.91827838e-02 -4.32186395e-01 -1.21650338e-01
  -6.30936623e-02  1.92733929e-01  1.24296054e-01  1.36831492e-01
   1.62640691e-01 -2.50708103e-01]
 [-4.74581420e-02  4.24220651e-01  1.91988260e-01  4.85185325e-01
  -3.80584002e-01 -1.65541038e-01 -8.96495059e-02 -4.86412436e-01
   3.66615742e-01 -1.46168098e-01]
 [ 4.37038332e-01  2.43357196e-01 -7.52535090e-02  3.05272907e-01
   9.05495510e-02 -4.39482659e-01  4.22810256e-01  2.52088249e-01
   6.05535626e-01 -3.88894677e-01]
 [ 1.60703555e-01  2.35819131e-01  4.29572761e-01  6.46309629e-02
   4.00984704e-01  2.34115705e-01  2.42319569e-01 -1.98557898e-01
   3.20053101e-01  3.54184806e-01]
 [-1.98878348e-01  5.49462378e-01 -1.70951933e-02  2.57719755e-01
   4.34204847e-01  1.66505650e-01 -3.22060660e-02  2.45864242e-01
   6.10423647e-02 -3.25186521e-01]
 [ 1.84677482e-01  3.54903698e-01 -3.16047519e-01  2.23068148e-01
  -3.86245966e-01 -1.47134185e-01  4.89364117e-02 -8.76292735e-02
   3.40474248e-01  3.75895739e-01]
 [-2.61102200e-01  2.99322188e-01 -4.81486768e-02  1.46451995e-01
   5.34793615e-01 -2.59042710e-01 -1.41171247e-01 -1.03220541e-03
   4.74040816e-03 -1.66131988e-01]
 [-1.07121038e+00 -7.61791646e-01 -1.85954839e-01  1.66455281e+00
  -3.89373660e-01 -3.01124424e-01  2.36236382e+00  1.02457777e-02
  -1.94914079e+00  8.30634385e-02]]
Peso 2:
[ 0.66191876  0.24646136  0.11859879 -0.18871135  0.12441348  0.06584782
 -0.00635362  0.00524499  1.0055032  -0.00840157]
Camada: saida
Peso 1:
[[-1.016676    0.94950163]
 [-0.7031861   0.47628704]
 [-0.7114788   0.17007253]
 [ 1.6061236  -0.61067635]
 [-0.6516177  -0.00643922]
 [ 0.2411948   0.60048586]
 [ 1.5976225  -1.5741469 ]
 [ 0.4227519   0.53526497]
 [-1.8077471   1.220297  ]
 [-0.3519906   0.01657526]]
Peso 2:
[-0.26300865  0.263013  ]



pesos modelo: 
Test loss: 0.0001, Test accuracy: 1.0000
Camada: meio
Peso 1:
[[-0.13322505  0.39383176 -0.23749241 -0.15480658  0.09865412  0.16655752
   0.18018785  0.44715002 -0.3777122  -0.08747643]
 [ 0.2030626  -0.02140589  0.34821633 -0.01091521 -0.07795085 -0.13490781
  -0.02717818  0.39943892 -0.44670507  0.20902486]
 [ 0.3499328   0.33759233  0.34543854 -0.31062567 -0.32277188 -0.35583258
   0.22800684  0.39475748  0.4642643   0.34275433]
 [ 0.20448917  0.2862825  -0.19496968 -0.41955152 -0.48769608 -0.29533035
  -0.21012478  0.27890617  0.01105952  0.2346175 ]
 [-0.03994574  0.33232135  0.4381955  -0.00514827  0.03794948  0.4559245
   0.18887424  0.33947492  0.09843728  0.40376815]
 [ 0.12363702  0.2619642   0.2900319  -0.43886027  0.3600768  -0.3986691
   0.17073847 -0.083464    0.21179484  0.562989  ]
 [ 0.29569092  0.3575949   0.09735645  0.08457789  0.0599698   0.21590677
   0.26488116  0.07797512  0.33604783  0.4858854 ]
 [-0.10712288  0.26021358  0.09065687  0.28236964 -0.00602489 -0.21800534
   0.5503519  -0.08342452 -0.24984673 -0.37064514]
 [ 0.28910914  0.07089794 -0.06291104 -0.22111718  0.08784623 -0.39550808
  -0.17214228  0.10796817  0.2819078   0.08274104]
 [ 0.01301025  0.20475864  0.10640836  0.29745913  0.28186333  0.10276818
  -0.10246874  0.37665513  0.36772615 -0.35707715]
 [ 0.20282003  0.53206384  0.2053312   0.50244516 -0.36214647 -0.02537587
   0.48830196  0.09395429  0.45612276  0.3020703 ]
 [ 0.05181511  0.16009763  0.06198403 -0.12394861  0.1400209  -0.3580068
   0.03217982 -0.05968476  0.04406385  0.36219797]
 [ 0.15649246  0.14765689  0.28882673  0.39203706  0.13446906 -0.0178432
  -0.12188055  0.28157526  0.26445672  0.26190633]
 [ 0.05075807  0.25171468  0.18239143 -0.2633197  -0.24949849 -0.11036445
   0.25413355 -0.24159016  0.38843513  0.42123196]
 [-1.1353153  -2.1295834  -1.3873681  -0.21629311  0.03272401  0.09614497
   1.7935259   1.1677907   0.6565509   0.70826524]]
Peso 2:
[ 0.49190143  0.9159583   0.6233249   0.13023329 -0.08369338 -0.01632737
  0.06331417 -0.07296978 -0.06452308 -0.08934162]
Camada: saida
Peso 1:
[[-1.1756049   0.7486454 ]
 [-1.8430251   1.6987813 ]
 [-1.4377499   0.70536643]
 [-0.6809776   0.08230092]
 [ 0.149428    0.43664968]
 [-0.44043717  0.0399292 ]
 [ 1.3018013  -1.0383607 ]
 [ 1.0088526  -0.6715531 ]
 [ 0.54504085 -0.23435298]
 [ 0.51121193 -0.72290045]]
Peso 2:
[-0.08953594  0.08954038]



pesos modelo: 
Test loss: 0.0002, Test accuracy: 1.0000
Camada: meio
Peso 1:
[[ 4.0113685e-01 -1.0734761e-01 -2.6153213e-01 -6.0108960e-02
   1.9175079e-01  3.1176767e-01 -3.3926886e-01 -2.7062002e-01
  -2.8283823e-01 -3.4747845e-01]
 [ 1.7143272e-01 -4.7040054e-01  4.1742739e-01 -3.4146884e-01
   3.7092450e-01  3.7142810e-01 -4.5343003e-01 -3.0083728e-01
   1.3937085e-02  8.1374571e-03]
 [ 9.4507873e-02 -2.3360936e-01  3.0365911e-01  3.4866467e-01
   7.3836252e-02  3.5158050e-01 -1.0391443e-01  4.7350578e-02
  -3.2472315e-01  5.1765984e-01]
 [-2.8690067e-01 -4.5609075e-01  2.4025534e-01 -2.6052514e-01
   1.8794130e-01  2.8586760e-01 -2.0701817e-01 -1.0243136e-01
   1.5198215e-02 -1.2883084e-02]
 [-2.4971424e-01  3.8358662e-01 -6.2118858e-02  3.6941290e-02
   1.9747352e-02 -1.7668096e-02  2.1946937e-01  2.0913589e-01
  -1.3594311e-01  3.0250368e-01]
 [-1.9219194e-01 -1.9568881e-01 -3.0495856e-02 -5.5982199e-02
   1.3133538e-01 -4.4578198e-02  4.2254135e-01 -3.0331489e-02
   3.2131490e-01  5.0938135e-01]
 [-1.6833223e-01  8.1145458e-02  1.9955143e-01  2.6891556e-01
   2.9558948e-01 -4.8828911e-04  2.8075039e-01  3.7359831e-01
  -6.1403509e-02 -3.2214126e-01]
 [-2.1064325e-01 -9.5477939e-02  1.2454638e-01  4.2390171e-01
  -1.3007356e-02  2.1044499e-01  2.6662389e-02  3.4665966e-01
  -3.7979504e-01 -1.1379783e-02]
 [-3.9809516e-01 -1.2097994e-01  2.2209091e-02 -2.7642941e-01
   1.6903378e-01  1.6024661e-01 -1.8151015e-01 -3.0783814e-01
   1.1943275e-01  2.0795917e-02]
 [ 1.4738776e-01 -2.3628311e-01  2.7175340e-01 -4.6254501e-01
   1.7023358e-01  4.3919837e-01 -3.4283307e-01  1.3609168e-01
  -4.1134569e-01 -3.1609693e-01]
 [-4.7866642e-01  2.0447293e-01  2.9541621e-01 -4.2342018e-02
   3.5372457e-01  2.0643748e-01 -2.5041264e-01  2.9238898e-01
   2.3531944e-01 -2.9194394e-01]
 [ 1.3740262e-01 -1.6811301e-01 -9.2640504e-02  2.9368961e-01
   6.1245233e-02 -1.4293404e-01  2.5618777e-01  1.9471286e-01
  -6.3135386e-02  1.2776448e-01]
 [-2.9351735e-01 -3.7808022e-01  2.2506073e-01  1.7542492e-01
   3.1175783e-01  1.3815355e-01 -2.1372403e-01  2.5471967e-01
   2.8879377e-01  6.7272320e-02]
 [-3.1291425e-01  2.7068177e-01  2.1090856e-01 -3.9404207e-01
  -3.2635421e-02  2.8711963e-01  4.6385762e-01  3.0337393e-01
   1.4176400e-02 -2.4349475e-01]
 [ 2.8499100e-01 -3.4196666e-01  2.3323510e+00 -2.2000811e-01
  -1.9661447e+00 -1.9515784e+00 -1.5033171e-01 -1.0018477e+00
  -1.8245706e-01 -4.7708488e-01]]
Peso 2:
[ 0.01104344 -0.12813143  0.12167293 -0.0184682   1.0086219   1.0061725
  0.01467867  0.36614314  0.03632496  0.1515562 ]
Camada: saida
Peso 1:
[[-0.04436903 -0.65578884]
 [ 0.11445249 -0.6005973 ]
 [ 1.579488   -1.6041505 ]
 [ 0.01752487  0.0994963 ]
 [-1.192114    1.8368273 ]
 [-1.3092732   1.7235998 ]
 [ 0.36267695  0.36494386]
 [-0.8535699   0.46937785]
 [-0.5490957  -0.31590596]
 [-0.44858524  0.19698325]]
Peso 2:
[ 0.39861983 -0.3986152 ]



pesos modelo: 
Test loss: 0.0001, Test accuracy: 1.0000
Camada: meio
Peso 1:
[[ 0.17330036 -0.10878789 -0.04398891  0.05957225 -0.06633443 -0.03313228
  -0.1415588  -0.30744904  0.3454989  -0.41459286]
 [ 0.08336059 -0.00829144 -0.10093483  0.17677525  0.33015278 -0.03830635
  -0.24162947  0.45312366  0.15441048 -0.0746611 ]
 [-0.18300441  0.3609488  -0.32670873  0.48525006  0.26931727  0.12783574
  -0.2671373   0.42009932  0.00544581  0.15590237]
 [-0.06532613  0.17893985 -0.22639404  0.37235552  0.34309393  0.10075331
  -0.03577349 -0.45377964 -0.49364385 -0.09637757]
 [-0.25479344 -0.11434247  0.28530687  0.435887    0.05114164  0.3006923
   0.07790305 -0.18634762  0.20756377  0.42960978]
 [-0.32880062  0.28777236  0.07987107 -0.08539122 -0.25910345  0.19824116
   0.36530244  0.07374199 -0.4762113  -0.13890062]
 [ 0.25276908 -0.11072062  0.43547174 -0.01222925  0.43560553  0.2245471
  -0.31195194 -0.23867975  0.32436985 -0.12567452]
 [ 0.02325316  0.01140821  0.5453886  -0.10213033  0.24877366  0.22410603
   0.18599288  0.4091614  -0.05699513 -0.00495114]
 [ 0.07797775  0.6002435  -0.31931493  0.06210187  0.12055138  0.50863665
   0.373407    0.12685752 -0.4405901   0.3602698 ]
 [-0.33532053 -0.03174295 -0.15809807  0.3055535  -0.36953947  0.35694945
   0.4116615   0.46870184 -0.48450783  0.58946204]
 [-0.07984246 -0.18479764  0.17321628 -0.0206653  -0.21331286  0.4364124
  -0.01830797  0.15629256 -0.23175596  0.36851662]
 [-0.01027865 -0.04842852 -0.15388168 -0.0290212   0.1727384   0.06684364
   0.2496934   0.19387344  0.35772812  0.15041593]
 [-0.01874714  0.01459836  0.14162733  0.18991397 -0.47515023  0.3973395
   0.30862078 -0.05854927  0.3561414   0.3239792 ]
 [-0.06919865  0.25322285 -0.19337487 -0.2569896  -0.17175315  0.41426373
   0.00294816 -0.12154295  0.0520785   0.17662406]
 [ 0.02643759  1.7128922   0.90605646 -0.97787076 -0.34515867 -2.4781892
  -0.5996735  -0.7135395  -0.10795701  1.8955748 ]]
Peso 2:
[-0.12619342  0.09193286  0.19525446  0.45929167  0.03240239  1.144012
  0.21541078  0.22525449 -0.04078639 -0.11657701]
Camada: saida
Peso 1:
[[-0.1905432   0.5731037 ]
 [ 0.7626155  -1.2134304 ]
 [ 0.5361494  -0.5775924 ]
 [-1.1888416   0.2916365 ]
 [ 0.21592988  0.46587485]
 [-1.70254     2.08918   ]
 [-0.09740302  0.7145845 ]
 [-0.9358697  -0.0354699 ]
 [-0.0152743   0.29700103]
 [ 1.6192539  -0.8401908 ]]
Peso 2:
[-0.02826133  0.02826593]



pesos modelo: 
Test loss: 0.0007, Test accuracy: 1.0000
Camada: meio
Peso 1:
[[-1.58874273e-01  3.09060514e-02 -4.81500775e-01  2.24879235e-01
  -7.63538480e-03 -1.73686355e-01  3.62576216e-01 -4.14700329e-01
   4.53628153e-01  3.78966540e-01]
 [ 6.30008504e-02 -2.07948804e-01  6.49177670e-01  2.35509247e-01
  -1.17735229e-01 -3.21573541e-02  3.08777064e-01  1.50928140e-01
   3.37457895e-01 -2.94727176e-01]
 [ 8.50468948e-02  1.73682198e-01  3.71329524e-02  2.70685479e-02
   4.03665245e-01 -1.11334734e-02  2.61365265e-01  1.88277319e-01
  -3.43638778e-01 -6.63770363e-02]
 [ 3.19558203e-01  2.27349401e-01  4.41637486e-01  6.51860535e-02
  -2.93523580e-01 -2.87853390e-01 -3.27680737e-01 -9.77972746e-02
  -3.94094110e-01  1.54987097e-01]
 [-3.66666466e-02 -4.28007811e-01  1.83002993e-01  1.77238435e-01
  -1.33707017e-01 -1.23200655e-01 -4.26212549e-02  3.45868260e-01
  -3.18427622e-01 -4.07580614e-01]
 [-1.23096317e-01  1.71447754e-01 -1.94502637e-01 -1.39410257e-01
   3.84194672e-01 -3.39450479e-01  1.72646761e-01  7.17026442e-02
   1.70824468e-01 -1.70994639e-01]
 [ 4.72430944e-01  1.06231280e-01  9.86004174e-02  1.81762427e-01
  -9.50650871e-02 -3.66343737e-01  8.34680125e-02  4.07384694e-01
  -2.47685581e-01 -4.20184821e-01]
 [-3.37708384e-01 -2.38579214e-01 -6.86995462e-02  1.47501931e-01
   3.71188819e-01 -2.90884703e-01 -2.93702751e-01  4.07985091e-01
  -1.31778151e-01 -4.15061653e-01]
 [ 6.72541484e-02 -3.18381518e-01  4.05796319e-01  2.82607883e-01
   3.97511572e-01 -3.93287599e-01 -4.26899463e-01  2.43029669e-01
   2.56725401e-01 -1.53399073e-02]
 [ 2.91060865e-01  5.40172637e-01 -9.63295102e-02  9.34927464e-02
  -1.02407791e-01  3.33985060e-01  3.21710229e-01  5.91397703e-01
  -4.80285674e-01  4.34246242e-01]
 [-3.27621073e-01  7.97343031e-02  4.91185486e-01  7.76793882e-02
  -2.89348423e-01 -4.86681372e-01 -1.19072385e-02  1.34322032e-01
  -1.61161795e-01 -3.61746013e-01]
 [-7.98257142e-02 -4.71942663e-01 -1.00171976e-01  8.10927618e-03
   3.43323261e-01 -5.75728938e-02  3.36212009e-01  2.00959533e-01
  -3.35370541e-01 -2.63673335e-01]
 [-2.70836979e-01 -2.61212677e-01  4.36080247e-01 -1.76484156e-02
  -4.48706567e-01 -8.71103778e-02  3.71363193e-01  7.42301941e-02
  -2.88176596e-01  1.70899197e-01]
 [ 6.91873347e-03 -1.70677215e-01  1.42442644e-01  1.64309368e-01
  -3.51192236e-01 -7.59200603e-02 -5.92705384e-02  2.54681528e-01
   2.86167255e-03  3.31834145e-02]
 [-1.32484660e-01 -3.92678827e-01 -1.08887661e+00  3.18353724e+00
  -4.22763258e-01 -3.74691486e-01  6.33807719e-01 -1.47704673e+00
   4.21182066e-01 -1.28402218e-01]]
Peso 2:
[ 0.01075027  0.07449497  0.6793998  -0.25841838  0.15049991  0.00105327
 -0.03557288  0.8748111  -0.02132761  0.03922202]
Camada: saida
Peso 1:
[[ 0.53344786  0.7131317 ]
 [-0.04545766  0.27454418]
 [-0.96523255  1.0103563 ]
 [ 1.8789237  -2.3577387 ]
 [ 0.11572494  0.65432686]
 [ 0.5944399   0.6820161 ]
 [ 0.10150483 -0.4566729 ]
 [-1.4355106   1.2298453 ]
 [ 0.32889846  0.44510257]
 [-0.4110161   0.39845794]]
Peso 2:
[-0.56425554  0.56426495]



pesos modelo: 
Test loss: 0.0001, Test accuracy: 1.0000
Camada: meio
Peso 1:
[[-1.14793092e-01  1.94231361e-01 -6.67679906e-02 -3.34337771e-01
   2.39946038e-01 -3.47705603e-01 -4.76679474e-01  3.10328811e-01
  -2.65560210e-01  3.79876524e-01]
 [ 4.14246976e-01 -7.70644052e-03  3.37942719e-01  1.66979983e-01
   4.00469229e-02 -1.76011756e-01 -4.60668564e-01  1.88703015e-01
   3.52767445e-02 -2.64282703e-01]
 [ 1.62960067e-01  1.13180213e-01 -1.57337621e-01  4.73478734e-01
   2.19156131e-01  6.60810694e-02  3.11042577e-01  3.51508707e-02
  -2.83280909e-01  3.37298959e-01]
 [ 4.11850333e-01  3.30901779e-02  5.12654066e-01 -1.07757658e-01
   1.47526607e-01 -3.13247889e-01 -3.22330296e-01  2.64919311e-01
  -1.69210300e-01 -3.62004519e-01]
 [ 9.66940299e-02  4.55007046e-01 -2.76943207e-01  1.75400116e-02
  -4.05226976e-01 -3.17980438e-01  3.21586102e-01  1.14642628e-01
   9.03130472e-02 -4.60959285e-01]
 [-1.18728206e-02  5.50394356e-01  4.07993607e-02 -4.13378924e-01
   4.86069322e-01  1.81530276e-03 -1.38256609e-01  2.86424100e-01
   1.75681680e-01  4.11473334e-01]
 [-7.96763897e-02  2.79123545e-01 -6.79171011e-02  1.97009444e-01
   2.86801547e-01 -9.15511325e-02 -4.36179250e-01  2.84184944e-02
   3.34029570e-02 -7.12018600e-03]
 [ 1.51765153e-01  3.11765760e-01  4.54957597e-02 -3.64327192e-01
   3.22826952e-02  2.24695444e-01  2.70981133e-01  1.94918931e-01
  -1.25530601e-01 -4.96802598e-01]
 [-2.31178761e-01  3.59356284e-01  9.08963680e-02 -1.32334277e-01
   5.42816460e-01 -2.70195991e-01 -3.25684339e-01  6.01492003e-02
  -4.33893889e-01 -3.96331728e-01]
 [ 4.91173714e-01  2.46937454e-01 -3.99625897e-02  1.21366307e-01
   1.62431806e-01  2.67639965e-01 -2.91044086e-01  2.24040419e-01
   2.23617136e-01 -2.71434754e-01]
 [ 4.29377586e-01  1.69725996e-02  2.62753516e-01 -2.57331789e-01
   1.06238313e-01 -4.24098402e-01  4.53755647e-01  8.46467763e-02
  -4.40871000e-01  8.01125243e-02]
 [-3.22211862e-01  2.04121638e-02  3.32543314e-01  3.77491891e-01
  -2.89879024e-01  2.64980555e-01 -1.56213924e-01 -1.27215534e-01
   8.41758922e-02  3.64388078e-01]
 [ 3.05207729e-01  4.43942100e-01 -2.05645368e-01  2.68051356e-01
  -4.25179452e-01  1.54987425e-01  4.36926454e-01  1.63030252e-01
  -3.52269970e-02  2.85877377e-01]
 [ 9.18608755e-02 -1.51546344e-01  3.81345481e-01 -3.62004369e-01
  -4.13879931e-01  7.13951364e-02 -4.14609760e-01 -4.11243960e-02
  -3.48526120e-01 -3.47252309e-01]
 [-1.25781524e+00 -1.80370700e+00 -7.14429557e-01 -1.07566796e-01
  -4.43152696e-01 -3.30732316e-01 -1.26208723e-01  2.80801272e+00
  -3.98874342e-01 -1.70533583e-01]]
Peso 2:
[ 0.6488147   0.8942299   0.42646208  0.02246359  0.14106818  0.18582582
  0.00253217 -0.1738687  -0.00933843 -0.08593018]
Camada: saida
Peso 1:
[[-1.1977153   1.05707   ]
 [-1.3443623   1.5113964 ]
 [-0.4699234   0.8742626 ]
 [-0.7517888  -0.5454725 ]
 [ 0.05155716  0.63561547]
 [-0.394329    0.47810516]
 [-0.6709226  -0.4949874 ]
 [ 1.9090474  -2.115655  ]
 [-0.23185281 -0.26859254]
 [-0.12908113 -0.30391958]]
Peso 2:
[-0.07178436  0.07178888]



pesos modelo: 
Test loss: 0.0001, Test accuracy: 1.0000
Camada: meio
Peso 1:
[[-2.03681052e-01  1.32603198e-01  2.14152366e-01  1.21369213e-01
  -3.46474290e-01  6.08005226e-02 -3.34998488e-01 -4.68436718e-01
   3.72059017e-01 -4.31996167e-01]
 [ 1.35115907e-01  2.19860837e-01 -1.13674395e-01 -2.42578611e-01
   1.14100069e-01  3.53608951e-02 -1.68683872e-01  2.14808524e-01
  -8.42816383e-02  4.63466585e-01]
 [ 2.45360658e-01  1.71459571e-01 -1.24010250e-01  3.07869613e-01
   4.82853293e-01 -8.69111996e-03 -3.39605995e-02 -3.61436129e-01
  -1.42644972e-01  8.04601982e-02]
 [ 7.87675101e-03  2.13018060e-01  8.90865102e-02 -2.37223879e-01
  -4.80845392e-01  2.02222914e-01  2.65491754e-01 -3.39412808e-01
  -3.71739239e-01  1.49083003e-01]
 [ 2.42858157e-01  1.59396961e-01  1.41589582e-01  2.00016797e-01
  -1.02271974e-01 -4.51350689e-01 -2.95091569e-01 -2.98152059e-01
  -2.73099452e-01  3.24468911e-01]
 [ 3.33486199e-01  2.67594725e-01  7.48269707e-02  2.81024337e-01
  -4.23024178e-01 -4.59405154e-01 -2.15092730e-02 -2.43536070e-01
  -2.64872819e-01  6.59812689e-02]
 [ 1.51159674e-01  9.46492925e-02  4.38708663e-01  3.27852130e-01
   1.01017207e-01 -2.73888737e-01 -2.84818798e-01  2.65597612e-01
  -3.28199804e-01  1.65371746e-02]
 [ 2.58155614e-01  2.30941787e-01 -1.37746677e-01  4.60936040e-01
  -2.06658393e-01  2.71787882e-01 -2.54760683e-01 -1.74871430e-01
  -1.94784954e-01 -3.12633455e-01]
 [ 1.63047507e-01  3.88961494e-01  2.00686142e-01 -4.29814681e-02
  -2.95379847e-01 -4.64568406e-01 -1.85582396e-02 -3.98582608e-01
  -2.89952517e-01 -3.45203370e-01]
 [ 2.38138899e-01  2.44610414e-01 -1.38342738e-01  1.90212578e-01
   4.18238521e-01  1.12597086e-01 -2.71349996e-01 -3.10297936e-01
   7.11354911e-02  4.33865130e-01]
 [ 8.53837058e-02  2.60987341e-01 -3.75678748e-01  3.94299775e-01
   2.43032545e-01  1.19369905e-02 -4.84379083e-01 -4.07913215e-02
   1.00073688e-01 -3.93424004e-01]
 [ 4.54026461e-01  1.85901508e-01 -4.96127784e-01  4.28800792e-01
   9.02847350e-02 -2.24955335e-01  3.23420376e-01  2.34941006e-01
   3.25382322e-01  1.50506943e-01]
 [ 4.28234667e-01  4.98150915e-01 -4.70211148e-01  1.28512383e-01
  -2.05195591e-01 -1.17701799e-01  4.42645341e-01  4.02092248e-01
  -1.21993097e-02 -8.63962458e-04]
 [ 1.80453777e-01  1.41543701e-01  2.46634126e-01 -1.78713009e-01
   6.13948032e-02  1.49299145e-01 -1.07802795e-02  5.32810390e-01
  -1.19904548e-01  4.93360370e-01]
 [ 2.28003311e+00 -2.54879570e+00 -3.29577446e-01 -1.23427057e+00
  -3.11541736e-01 -2.56238014e-01 -5.88617921e-02 -5.29623687e-01
   1.33932471e-01 -7.39163578e-01]]
Peso 2:
[-0.0990457   1.1783239  -0.0592178   0.49581376 -0.01556405 -0.09925644
 -0.01578251  0.08810544 -0.131121    0.30961147]
Camada: saida
Peso 1:
[[ 1.8821169  -1.3519218 ]
 [-2.001345    1.9319527 ]
 [ 0.2533154   0.19330734]
 [-0.6964212   1.1443535 ]
 [ 0.20843254  0.3307782 ]
 [ 0.47384137  0.00586425]
 [-0.4343128   0.07721657]
 [-0.7025012  -0.25584215]
 [-0.33539766  0.49668685]
 [-0.66141707  0.6360534 ]]
Peso 2:
[ 0.27189267 -0.27188694]



pesos modelo: 
Test loss: 0.0001, Test accuracy: 1.0000
Camada: meio
Peso 1:
[[-3.82558972e-01 -3.13486844e-01 -3.31567019e-01 -3.05884182e-01
  -1.85169637e-01 -2.24873841e-01 -2.03069121e-01 -2.55644977e-01
  -1.34812385e-01  3.42385203e-01]
 [-1.47597715e-01  1.25492737e-01  1.90428555e-01 -4.47604656e-02
  -1.58016577e-01  4.98682447e-02 -1.19596235e-01  2.92329979e-03
  -7.79787078e-02  2.86962479e-01]
 [ 2.22117960e-01 -4.87086564e-01 -2.25968704e-01  2.54515976e-01
  -1.23236604e-01 -4.36250836e-01 -3.97579372e-01 -2.89546758e-01
   2.40392700e-01  3.27653080e-01]
 [ 2.97350377e-01 -1.18299559e-01 -1.03628621e-01 -2.43235812e-01
   4.48045403e-01  2.66399056e-01  3.01788568e-01  3.79460394e-01
   2.74437726e-01  2.88305312e-01]
 [ 3.86917479e-02  1.74659640e-01 -8.22123662e-02  3.66762817e-01
   1.50820225e-01  3.75063747e-01 -4.66078281e-01  2.37721562e-01
   1.24202482e-01  2.19275922e-01]
 [-3.66423130e-01 -2.42772773e-01 -2.78142124e-01  2.93973625e-01
   1.20127752e-01 -2.19216958e-01 -2.78505385e-01  1.66962937e-01
   2.42301896e-01  3.05193335e-01]
 [-4.64064837e-01 -2.74183333e-01  5.10224760e-01 -7.67557845e-02
   2.20665008e-01 -1.52153969e-01  1.45431042e-01  1.27530873e-01
   2.10953236e-01  2.96121359e-01]
 [-4.18275893e-01  3.37686837e-01  4.68016416e-01  3.32649827e-01
   4.49354291e-01  3.90017382e-03  1.47194695e-03  4.76744920e-01
   3.68490368e-01  3.33667338e-01]
 [-2.15710640e-01 -1.50795087e-01  4.50926900e-01 -4.99784052e-01
   4.73773718e-01  3.84284079e-01  2.34661147e-01  4.53335881e-01
   4.16929722e-02  1.65384263e-01]
 [ 4.43890452e-01 -2.63001621e-01  3.51319760e-02  3.71067345e-01
   1.60157576e-01 -3.39695625e-02 -1.46565095e-01  9.43657458e-02
   1.02338344e-01  2.66947627e-01]
 [-2.68899620e-01 -3.13182473e-01  3.05001944e-01  1.78216189e-01
   4.69849467e-01  1.32093966e-01  1.27157092e-01  1.11037437e-02
   4.39806402e-01  3.10304314e-01]
 [ 4.04507250e-01 -3.00570309e-01  1.37231976e-01 -6.48844540e-02
   7.13532418e-02 -5.29920384e-02 -6.76129907e-02 -5.45057729e-02
  -1.31481245e-01 -7.40078688e-02]
 [-1.46621123e-01 -8.98024216e-02 -3.32222432e-02  3.37029457e-01
   3.52156639e-01  8.51805434e-02 -3.70176554e-01  4.69884217e-01
  -7.75872618e-02  6.69780374e-02]
 [-1.46521453e-03 -5.87982573e-02  3.63873690e-01  1.11372165e-01
   1.14761963e-01  1.45710409e-01 -5.50804920e-02 -1.45946801e-01
   9.09208506e-02  3.48876901e-02]
 [-3.00008267e-01 -4.40877408e-01  2.99944151e-02 -5.83099663e-01
  -1.89303994e+00  5.90329506e-02  9.35321860e-03  1.30820024e+00
   2.14190006e+00 -1.98901713e+00]]
Peso 2:
[-0.09643925  0.02075378 -0.01301213 -0.01881177  0.89901865 -0.02916129
 -0.08093406 -0.09373529 -0.11316723  0.82752943]
Camada: saida
Peso 1:
[[-0.2632441  -0.47585335]
 [-0.07113101  0.14480399]
 [ 0.26809812  0.03181124]
 [-0.39762342  0.4373965 ]
 [-1.5046397   1.4548919 ]
 [ 0.5091803   0.37661165]
 [-0.45828554  0.27166232]
 [ 0.45472836 -1.2004799 ]
 [ 1.6302906  -1.3977813 ]
 [-1.6036708   1.4009132 ]]
Peso 2:
[ 0.03255985 -0.03255461]



pesos modelo: 
Test loss: 0.0001, Test accuracy: 1.0000
Camada: meio
Peso 1:
[[-0.23585743 -0.11367553 -0.08481571  0.27196148 -0.26382083  0.4850748
   0.04914215  0.29095516  0.42340866  0.38836196]
 [ 0.5092514   0.17287248 -0.01576935  0.39447373  0.21052872  0.09289713
  -0.1631575  -0.02232075  0.35074916 -0.1437083 ]
 [ 0.36128554  0.02403937  0.12499819 -0.01815626  0.40264446  0.05750817
  -0.0251323   0.04032257 -0.02016484  0.04413468]
 [ 0.07937885  0.02121967 -0.32395568  0.25506243  0.29396212  0.33134392
  -0.47149104 -0.01224704 -0.23255292 -0.31991777]
 [ 0.3231464   0.11971856  0.10102501 -0.23613466 -0.15742144  0.23894072
   0.29693648  0.16410519  0.16644645 -0.2759808 ]
 [ 0.11918723  0.01722445 -0.08993312 -0.21864739  0.19884828  0.58540785
   0.47455105  0.19308648 -0.12141955 -0.2682842 ]
 [ 0.02903822  0.05520082 -0.06259188  0.4669701  -0.18015777  0.5532586
   0.09783956  0.10618369  0.17753667  0.33375466]
 [ 0.4399934   0.05563605  0.28826338 -0.21484034  0.43968457  0.19463685
  -0.2184014   0.06481571  0.03431036 -0.22845773]
 [ 0.4113099   0.19714919 -0.36286604  0.4817396  -0.05266341 -0.05566604
  -0.4227964  -0.13010131  0.3414982  -0.10150657]
 [ 0.70111483  0.1866847   0.08418135 -0.32226095  0.04628869 -0.02837876
   0.01773213  0.28964302 -0.19336663  0.1891145 ]
 [ 0.10564131  0.0742183  -0.19662094  0.42391917 -0.2724349   0.06204257
   0.12031148 -0.05886286 -0.0826175  -0.16158774]
 [ 0.20540047  0.13753523 -0.07260694  0.06313164 -0.25976     0.5275107
   0.1807687   0.25792205  0.28065243 -0.33786058]
 [ 0.5510157  -0.07806084  0.05319065 -0.1112771   0.21117592 -0.38420072
  -0.17815065  0.11587209  0.09513908 -0.10392235]
 [-0.14383565 -0.12296741 -0.3289136  -0.06702152 -0.01333064 -0.08156086
   0.4919945  -0.02948649 -0.09645609  0.1123695 ]
 [-1.4964921   2.4564803  -0.3159794  -0.24030767  1.1675957  -0.416994
   0.12546486  1.6417873   1.028394   -0.2169886 ]]
Peso 2:
[ 1.1294762  -0.18097487 -0.31316903  0.07520527 -0.06580284  0.34136483
  0.04182813 -0.22051059  0.00905107 -0.1132956 ]
Camada: saida
Peso 1:
[[-1.645682    1.3984245 ]
 [ 1.6543257  -1.8076108 ]
 [ 0.5543508  -0.47560686]
 [ 0.34768105  0.78993255]
 [ 0.9595246  -0.5351949 ]
 [-0.00611094  1.0818522 ]
 [ 0.17627661  0.43418002]
 [ 1.3791846  -0.7437029 ]
 [ 0.431044   -0.9336154 ]
 [ 0.24974597 -0.42017478]]
Peso 2:
[-0.65409666  0.6540966 ]



pesos modelo: 
Test loss: 0.0001, Test accuracy: 1.0000
Camada: meio
Peso 1:
[[-5.68866432e-02 -4.29901928e-01  4.77896780e-01  5.93593419e-02
  -1.84317470e-01 -3.51913691e-01  3.25197667e-01 -2.20490426e-01
   3.09270352e-01 -1.06008023e-01]
 [ 6.74778745e-02  9.19411704e-02 -7.78931603e-02  5.06444097e-01
   4.45746690e-01 -1.28985256e-01  4.12700325e-01  3.69114935e-01
   2.30681196e-01 -4.04179215e-01]
 [ 2.18000948e-01  1.77710488e-01 -9.87139195e-02  2.94629544e-01
   2.99524546e-01 -2.43659109e-01 -2.63739645e-01 -2.30713397e-01
   7.00395554e-02  1.77781910e-01]
 [ 1.41961455e-01 -9.26855858e-03 -4.63672906e-01  3.87660921e-01
   2.79172689e-01 -2.05902323e-01 -4.07697618e-01 -3.87168050e-01
   1.30632907e-01 -2.68338114e-01]
 [ 6.07157731e-03  4.82894897e-01 -1.99703723e-01  3.35190237e-01
   3.99440318e-01  1.23232171e-01 -2.61724830e-01 -2.91766375e-01
   2.81828463e-01 -4.91440624e-01]
 [ 1.24822468e-01  4.72902685e-01 -2.55472422e-01  2.97167957e-01
   1.24133296e-01 -2.85964226e-04 -5.78776971e-02 -2.51077354e-01
  -2.25452166e-02  1.46653317e-02]
 [ 2.13027596e-02 -8.36463720e-02 -6.94173574e-03  2.28914931e-01
   3.97890806e-01 -1.35747269e-01  7.11449757e-02 -2.99731195e-01
   3.87908041e-01 -3.72478701e-02]
 [ 3.05260390e-01 -2.58336425e-01  1.45279676e-01 -1.85093373e-01
   1.49017513e-01 -4.63539362e-02 -1.51306897e-01 -2.29618505e-01
   1.12945408e-01  2.17529848e-01]
 [ 2.81933427e-01 -3.37174982e-01 -3.70412499e-01 -2.22327515e-01
  -2.50684638e-02 -3.18356425e-01 -2.70994574e-01  2.44172215e-01
   7.17151212e-03  2.81053931e-02]
 [ 1.52806297e-01 -2.81190097e-01  1.20980911e-01 -2.12218881e-01
   9.29061621e-02 -2.08776399e-01 -3.20712298e-01 -3.32835726e-02
   3.51917773e-01 -4.98863757e-01]
 [ 1.88026562e-01  1.30674001e-02 -2.20666900e-01  3.91066223e-01
   4.61479157e-01  9.40234065e-02  6.26116320e-02  4.41152126e-01
   2.98158556e-01  1.50885344e-01]
 [ 1.04223967e-01  2.19265651e-02  5.54968193e-02  9.22842696e-02
   4.23736006e-01 -1.98388800e-01 -4.53907728e-01  1.48247570e-01
   2.91088700e-01  3.62721980e-01]
 [ 2.75793791e-01  2.54687935e-01 -1.07297443e-01  2.00954616e-01
   3.01030874e-01  3.53361487e-01  3.42120141e-01  2.97117561e-01
   1.44260660e-01 -4.25062746e-01]
 [ 8.99521634e-02 -1.03511743e-01 -3.38415742e-01 -2.05208018e-01
  -1.14665873e-01 -4.08301145e-01 -2.08489090e-01 -3.25378805e-01
   3.26315984e-02 -4.11223531e-01]
 [-2.06862450e+00 -6.05160415e-01 -4.22041833e-01 -1.08979154e+00
   1.74449885e+00  4.40669358e-02 -2.42010579e-01 -1.10660955e-01
  -2.21919513e+00 -7.44064078e-02]]
Peso 2:
[ 1.0799661   0.2633113   0.02113965  0.254522    0.3384416  -0.11762139
 -0.09903201 -0.08712513  1.1546938  -0.15457696]
Camada: saida
Peso 1:
[[-1.5803286   1.6490192 ]
 [-0.36061966  0.47911906]
 [-0.20328487  0.35069388]
 [-0.8904058   0.4991907 ]
 [ 0.92090046 -1.7641069 ]
 [-0.33142188  0.61923283]
 [-0.22646071 -0.44875214]
 [-0.59244835 -0.11492981]
 [-1.9690682   1.506537  ]
 [-0.26188514  0.5712685 ]]
Peso 2:
[ 0.8724006  -0.87239337]



pesos modelo: 
Test loss: 0.0002, Test accuracy: 1.0000
Camada: meio
Peso 1:
[[-0.12233105  0.30858544 -0.22647366  0.47113928 -0.22751471 -0.22122696
   0.18805262  0.36553863  0.27582738 -0.06890416]
 [ 0.24422075  0.00588994  0.45001596  0.39115083  0.00362254  0.29142073
   0.37807503  0.07590885  0.30911502  0.0903581 ]
 [ 0.30858752 -0.19820878  0.16963705  0.06813984  0.3131353  -0.35367808
  -0.14834571  0.03032462 -0.15708376 -0.09218409]
 [ 0.30077973 -0.42191148  0.2063753   0.38311404  0.16819146 -0.3879404
   0.22604485 -0.13391821  0.37836033 -0.44053105]
 [ 0.36866486 -0.27003455 -0.13423015  0.05146945  0.57036483 -0.02202717
  -0.39704317 -0.17447767 -0.04187111  0.08748033]
 [ 0.23236313 -0.03120459 -0.10897972  0.30746046  0.0745043   0.2775704
  -0.37800705 -0.15617271 -0.40258813  0.36587828]
 [ 0.2407715   0.46556067 -0.13814293 -0.04122967 -0.15630396  0.06769183
  -0.37325656  0.5357729  -0.35164553 -0.44737503]
 [ 0.15065001  0.01973085  0.25213993 -0.14962615  0.3743876   0.20520195
   0.33806002 -0.2091139  -0.44432154 -0.25051725]
 [ 0.15935777 -0.31383827  0.09583666 -0.00596161 -0.12943916  0.17542648
  -0.17433357  0.3188509  -0.36398765 -0.24206373]
 [ 0.3043047  -0.355336   -0.27895555 -0.3269087   0.3203865  -0.12082937
   0.24950892  0.14761591  0.42969558 -0.19725934]
 [ 0.5313978  -0.232868   -0.23054098  0.39546725  0.29741737 -0.25418964
   0.16028841 -0.03543985  0.07144764  0.42017496]
 [ 0.3972193   0.08079246  0.33495605  0.33241528  0.22839524 -0.38870806
  -0.10779194  0.25353327 -0.5352774  -0.02806925]
 [ 0.27624932  0.13419332 -0.3348883   0.36695668 -0.27429435  0.5335592
  -0.00972787  0.14062935  0.28613788  0.20032318]
 [ 0.11426036 -0.34348792  0.24171557  0.03985537  0.03550193 -0.38853747
   0.09787536  0.08191608 -0.02648885  0.07876872]
 [-2.776259    0.10499282 -0.51266056  1.1375821   1.5253197  -0.28022555
  -0.13913591  1.4287025   0.0298317  -0.07638573]]
Peso 2:
[ 1.28547192e+00  3.67197837e-03  2.06272051e-01 -9.82368141e-02
 -4.17502262e-02  1.08650014e-01 -4.72324677e-02  1.42800108e-01
 -4.77630720e-02  8.17803433e-04]
Camada: saida
Peso 1:
[[-2.438727    1.9487448 ]
 [-0.17767379 -0.36114585]
 [-0.10009675  0.5450931 ]
 [ 0.8959154  -0.9594273 ]
 [ 0.7496157  -1.45255   ]
 [ 0.38964596  0.81330705]
 [-0.15972722 -0.14997888]
 [ 0.66936487 -1.0116491 ]
 [-0.36209586  0.03415531]
 [-0.45753497 -0.39190483]]
Peso 2:
[-0.02746577  0.02747032]



pesos modelo: 
Test loss: 0.0001, Test accuracy: 1.0000
Camada: meio
Peso 1:
[[ 4.75556582e-01  4.77994174e-01 -1.79972708e-01 -4.74195719e-01
  -1.96140140e-01 -2.27011770e-01  3.12788516e-01 -3.77476275e-01
  -9.55227017e-02 -3.73974800e-01]
 [-2.02049538e-01  1.08179189e-01  1.52893305e-01 -3.63985926e-01
   7.50043243e-03 -5.75208850e-02 -9.00306106e-02  1.78682417e-01
   4.45982933e-01  4.58118588e-01]
 [ 2.17904220e-03  4.38014597e-01 -1.22314915e-01  3.94411951e-01
   3.38974178e-01 -6.00155219e-02  3.81289601e-01  1.40285596e-01
   3.11582625e-01 -6.87629208e-02]
 [ 4.52164710e-02  5.09020612e-02  2.77764708e-01  3.23253453e-01
   1.45625398e-01  9.81675833e-02  5.42077124e-01 -2.24087805e-01
  -2.30727047e-02  2.96077460e-01]
 [ 4.75794703e-01  8.23536366e-02  3.47986400e-01 -1.08471952e-01
   1.98358968e-01  5.88752329e-01  3.30004007e-01 -1.66882556e-02
   2.47682422e-01  1.94336418e-02]
 [-9.07833651e-02  2.08749995e-01  2.10063681e-01  2.16444079e-02
  -1.74589932e-01 -1.95133060e-01  4.61228818e-01  4.39018071e-01
  -1.71013042e-01  1.69364259e-01]
 [-1.16747916e-01  2.42451012e-01  1.29264355e-01 -3.59452128e-01
   1.18807591e-01  4.58077580e-01  3.73198688e-02 -2.04587907e-01
   5.79582751e-01  1.19707182e-01]
 [-2.26227358e-01  2.84321588e-02  3.63662362e-01 -3.24627221e-01
  -2.34408081e-01  2.49594659e-01 -3.03560913e-01 -1.14346869e-01
   1.62595496e-01  2.14040011e-01]
 [ 2.60833055e-01  2.71533132e-01  1.98766589e-01 -4.32101786e-01
  -4.54037577e-01  2.75978774e-01  2.09860760e-03  4.30851579e-01
   5.74999630e-01  1.43063962e-01]
 [ 1.60258412e-01  1.23786718e-01  3.71290952e-01 -1.28868088e-01
   3.66074115e-01  3.13903123e-01  3.93770784e-01  2.04368412e-01
  -9.75515619e-02 -8.77315402e-02]
 [ 3.36477011e-01 -2.59854287e-01  2.53765166e-01 -1.90985203e-01
   3.38841587e-01 -1.60958171e-01 -3.04832637e-01 -3.58899683e-01
  -9.43094268e-02 -4.74082510e-04]
 [-2.34115589e-02  4.34659749e-01  1.65771097e-01  4.86021787e-01
  -3.08179379e-01 -3.08516771e-01  3.45607013e-01 -2.43391424e-01
  -1.39235616e-01  1.65875763e-01]
 [ 1.09831750e-01 -2.90084302e-01  2.29785040e-01  1.61429107e-01
   8.32191706e-02  3.39585602e-01 -4.64882404e-02 -4.31235023e-02
   5.16025126e-01  2.60770619e-01]
 [ 9.13600251e-02  1.27910152e-01  3.69561821e-01 -4.19174165e-01
  -3.64623606e-01  1.43871143e-01 -9.13856626e-02  3.89250875e-01
   9.68725458e-02  2.77159035e-01]
 [ 6.24049067e-01  8.38718414e-01 -2.12106156e+00 -2.05183715e-01
  -3.58742326e-01  1.62075901e+00 -7.09453642e-01 -1.94716364e-01
  -1.32976091e+00  1.86561763e+00]]
Peso 2:
[ 0.0269892  -0.01583564  1.0029957   0.00848607  0.02609204  0.00108366
  0.1711067  -0.06167025  0.6461899  -0.23374668]
Camada: saida
Peso 1:
[[ 0.19939773 -0.58098793]
 [ 0.73588324 -0.31525406]
 [-1.9832132   1.5583292 ]
 [ 0.39659724  0.54838294]
 [-0.15629034  0.52298933]
 [ 0.5083155  -1.5157222 ]
 [-0.1756051   0.7469054 ]
 [-0.19186339 -0.21427219]
 [-1.1001987   1.1449966 ]
 [ 0.7654003  -1.6272912 ]]
Peso 2:
[-0.16905996  0.16906486]



pesos modelo: 
Test loss: 0.0002, Test accuracy: 1.0000
Camada: meio
Peso 1:
[[ 0.48948935  0.11763778 -0.48442593 -0.09655124 -0.17730206 -0.02633482
  -0.36182237 -0.2119954   0.37724218  0.4660103 ]
 [-0.2806449   0.5492129   0.2796903  -0.29312807  0.02976546  0.01119106
   0.4573157   0.03834715 -0.27828982 -0.014621  ]
 [ 0.17979896  0.10777298  0.31998417 -0.07232742  0.45535722  0.0126884
  -0.0367666   0.11419928  0.0763416  -0.31951168]
 [ 0.00949566  0.31784225 -0.02417189 -0.06621711  0.3998811   0.2652034
   0.28696367 -0.36623275 -0.2420477   0.08083841]
 [ 0.11251912  0.37400973 -0.00845645  0.19528528  0.29003346  0.2412599
   0.35195062  0.26981458 -0.23648275 -0.44470572]
 [-0.34969813  0.06898784 -0.180412    0.3471023  -0.04027597 -0.08033153
   0.34971482 -0.17347321 -0.44528243 -0.07881567]
 [-0.23527557  0.3105269   0.13909383 -0.02921135  0.1184657   0.14351463
  -0.24585742  0.0965753   0.0382468  -0.13100924]
 [ 0.0629025   0.36850354 -0.1407459   0.09348357 -0.11218498  0.09480746
   0.2897148   0.06407026  0.15590999 -0.36279285]
 [-0.23758489 -0.12034062  0.17317177 -0.09102803  0.6946977   0.13741618
  -0.32909265 -0.18029575 -0.4474212  -0.07317328]
 [-0.22359346  0.41835812 -0.02278586  0.23441803 -0.17568715  0.03217766
  -0.19741915  0.09432439 -0.1294003   0.08729415]
 [-0.28313532  0.4443206   0.11411988 -0.04334585  0.29800624  0.12465802
   0.24595813 -0.56062174  0.07372977 -0.13651814]
 [-0.36126322  0.16621034 -0.02517268 -0.0464543   0.5185584   0.35393688
  -0.05608948 -0.15724961  0.2273028   0.40590447]
 [-0.37934986  0.49158582  0.3317571  -0.08779723  0.6178289   0.20833017
   0.2149058  -0.1348235   0.32156807 -0.42724195]
 [ 0.44917816  0.2383565   0.30600488  0.41127467 -0.2549005  -0.1355512
  -0.2603622  -0.01803657  0.09718665 -0.08990376]
 [ 0.13828345 -1.5465814   1.8008047  -0.18122798 -1.262952    2.455351
   0.81304884 -0.37484425 -0.341421   -0.04921964]]
Peso 2:
[-0.00103166  0.8187474  -0.19995968 -0.0634022   0.7240811  -0.26272914
 -0.07767843 -0.29203194 -0.11607824 -0.00883567]
Camada: saida
Peso 1:
[[-0.64765394  0.00705034]
 [-1.121937    1.6045057 ]
 [ 1.2723323  -1.0170437 ]
 [-0.5472854  -0.381667  ]
 [-0.42729092  1.6032348 ]
 [ 1.7323499  -1.7669053 ]
 [ 0.03972118 -0.9574633 ]
 [ 0.44927606 -0.518771  ]
 [ 0.1718544  -0.11308912]
 [-0.23795019 -0.40430596]]
Peso 2:
[-0.51240027  0.5124056 ]



pesos modelo: 
Test loss: 0.0002, Test accuracy: 1.0000
Camada: meio
Peso 1:
[[-0.26983103  0.41165754  0.25398126  0.29338518  0.00270393 -0.18735966
   0.30339155  0.29211357 -0.39462703  0.20160642]
 [-0.1380156   0.36508828  0.1587043   0.4129725   0.07975077  0.11861057
  -0.09856492  0.36480102  0.12618019  0.322557  ]
 [ 0.05536552 -0.27666593  0.33001646  0.05673464 -0.09667276  0.34526542
  -0.48115933 -0.19901457  0.19611874  0.30132875]
 [ 0.01182474  0.32220387  0.24992526 -0.01445062 -0.210674   -0.12917897
  -0.4683944  -0.38087726 -0.2160533   0.25318825]
 [ 0.36631212  0.14336677  0.24816379 -0.18877627 -0.44461888 -0.12009763
   0.4600436  -0.32469803 -0.2738618  -0.3411756 ]
 [ 0.41219816 -0.40378812  0.395833    0.21011545 -0.07876249  0.43028367
  -0.4352836   0.13976716  0.5271517  -0.05485385]
 [ 0.07451949 -0.3250101   0.13573602 -0.20537658 -0.18379626 -0.17460972
   0.07726909  0.21873266  0.460388    0.21988495]
 [-0.04469171 -0.35527354  0.17340274  0.41621968 -0.47447667  0.13026385
  -0.0836933  -0.2766687  -0.17483136  0.11375228]
 [ 0.38853934 -0.00964336  0.51824725 -0.2022351   0.1758829  -0.00690801
   0.11775721 -0.5165916  -0.21905926  0.21089   ]
 [ 0.02449351 -0.40283608  0.48307943 -0.15271959 -0.00644239  0.3119078
   0.4527114   0.385008   -0.10958311  0.38183272]
 [ 0.05062268  0.15650767  0.35851255 -0.4834383   0.04017471  0.09874125
  -0.10598044 -0.01172838  0.1697922   0.24287964]
 [ 0.0619107  -0.10602313  0.19246772  0.21877138 -0.23844056  0.34823063
   0.44451368 -0.03973371  0.25465295  0.14174505]
 [ 0.17966618 -0.3056494   0.16063257  0.15391433 -0.09092504 -0.04150161
  -0.48107576  0.21466395 -0.0384736  -0.38909814]
 [ 0.23465478 -0.41992253  0.25084385  0.4216772   0.20980202  0.01685901
   0.03757215  0.34162107  0.44826633  0.33854908]
 [ 2.1356912   0.06888621 -2.5374875  -0.19264165 -0.03394196  0.9304965
  -0.38184798 -0.40302956 -0.30384588  1.3379599 ]]
Peso 2:
[-0.18001996 -0.02137264  1.1794338  -0.03838541  0.00274116 -0.0884403
 -0.00653363 -0.06904563  0.12683932 -0.12076515]
Camada: saida
Peso 1:
[[ 1.1694345  -1.6935726 ]
 [ 0.5922339  -0.30910122]
 [-2.1456044   1.9286164 ]
 [ 0.26225746  0.49040073]
 [ 0.17073876  0.21680072]
 [ 0.40097445 -0.71809834]
 [-0.12904517 -0.00214916]
 [-0.40638062 -0.24658634]
 [-0.09526981  0.6347343 ]
 [ 1.1082824  -0.66530275]]
Peso 2:
[-0.3007882   0.30079398]



pesos modelo: 
Test loss: 0.0001, Test accuracy: 1.0000
Camada: meio
Peso 1:
[[ 1.3319668e-01  2.4033675e-01 -4.0225101e-01  1.4550480e-01
  -2.5141564e-01  4.7724995e-01  1.1644837e-01  3.4050533e-01
  -2.8881899e-01  3.7897763e-01]
 [-2.8609186e-01 -4.0791199e-01  1.5458025e-01  4.5548499e-01
  -4.2210689e-01 -1.4881387e-01 -3.6201149e-01  1.0702522e-01
   3.4112382e-01  3.1913677e-01]
 [ 5.1132977e-01 -3.4621939e-02  3.3191258e-01  9.6537769e-02
   3.8583770e-01  4.7375652e-01 -3.2771224e-01  1.3721661e-01
   1.5903045e-01  3.4891620e-01]
 [ 1.6716287e-01 -2.2465104e-01  2.5276835e-03 -1.8196984e-01
   6.6573568e-02  3.9896911e-01 -2.2226544e-01 -2.3045841e-01
   1.4051835e-01 -7.9292312e-02]
 [ 3.3869758e-01  1.7501330e-01  4.5047340e-01  4.3785745e-01
  -1.6035587e-01  1.8147486e-01  4.6662739e-01  3.9854255e-01
   4.9746770e-01  3.4885430e-01]
 [-2.7207345e-01 -2.8212574e-01  3.5600312e-02  1.2648097e-01
  -3.9378819e-01 -2.2709269e-02 -1.7708814e-01 -2.5742036e-01
  -8.5252170e-03  1.6512023e-01]
 [-2.6752058e-01 -9.8955028e-02  9.3204409e-02  2.0083109e-01
   1.0393298e-01  4.9729742e-02 -4.2544767e-01 -6.6370912e-02
   1.7873742e-01  2.0069461e-01]
 [ 5.6915637e-03 -7.1510419e-02  7.5196065e-02  4.9994859e-01
  -8.7739877e-02 -1.5648627e-01  1.3441853e-01  2.1779703e-01
   3.3417311e-01  3.9900419e-01]
 [ 3.8011694e-01 -2.7005512e-01  1.3894519e-01 -2.0531608e-01
  -4.2409426e-01  9.8475575e-02 -3.9739847e-01  2.4736400e-01
   1.6008027e-01 -5.5255126e-02]
 [-1.3585661e-01  1.9427381e-01 -3.1540909e-01  2.8934720e-01
  -2.2088376e-01 -2.1801345e-01 -8.1844460e-03  3.8235378e-01
   1.0998408e-01  6.1367410e-01]
 [-1.8354823e-01 -4.8248097e-01 -2.4197464e-01 -1.0081174e-01
   3.2328981e-01  2.5998306e-01  5.1733190e-01  1.0483390e-01
   4.5832315e-01 -5.0037563e-02]
 [-1.8984027e-01 -1.7636724e-01 -3.4274703e-01  1.2681916e-01
  -4.8819801e-01  7.7377863e-02 -4.7624961e-01  2.8531250e-01
   1.6428012e-01  2.5324100e-01]
 [-2.7492422e-01 -1.6181284e-01  2.8070483e-01  1.1687762e-02
  -3.7211865e-01  7.1169451e-02  2.1827357e-01  4.8417261e-01
   1.1365503e-01  4.5584515e-01]
 [ 1.2400712e-01 -4.3800181e-01  1.6255236e-01  4.0265268e-01
   7.0477851e-02 -7.0547089e-02 -2.0341974e-01 -1.5158113e-03
  -1.3964473e-01  5.5645889e-01]
 [-3.5470214e-01  4.1878155e-01 -3.2524243e-01  2.1848946e+00
   2.0234881e-01  1.1221942e+00 -3.4572941e-01  1.1039382e+00
  -1.6558418e+00 -2.0157228e+00]]
Peso 2:
[ 0.09262373  0.03287593 -0.00281836 -0.16820514  0.00442609 -0.01577354
  0.10734531 -0.13933256  0.82980883  0.8832888 ]
Camada: saida
Peso 1:
[[-0.3945765   0.00244754]
 [ 0.21194422 -0.15286407]
 [ 0.27829084  0.5623172 ]
 [ 1.3000481  -1.672147  ]
 [ 0.24412732 -0.12452949]
 [ 0.17811146 -1.1618371 ]
 [-0.4447169   0.04486275]
 [ 0.7631988  -0.7210238 ]
 [-1.4895419   1.1531096 ]
 [-1.9659451   1.042376  ]]
Peso 2:
[-0.2624188   0.26242328]



pesos modelo: 
Test loss: 0.0001, Test accuracy: 1.0000
Camada: meio
Peso 1:
[[-0.18970302  0.1219565   0.04548922  0.36312333  0.08140615 -0.46321014
   0.00786421 -0.19122902 -0.04031774  0.41082367]
 [-0.25425437  0.03401859 -0.17413843 -0.398413    0.3362651   0.50352067
   0.11325818  0.21478342  0.26330996 -0.27474093]
 [-0.35420895 -0.4848873   0.27507108  0.43671677  0.43780392  0.48872235
  -0.2331737   0.13248184  0.18915164  0.05616584]
 [-0.46873802 -0.2715324   0.13439716  0.07214005  0.2560145   0.2958851
  -0.23653577  0.19659935  0.08293749 -0.40685624]
 [ 0.18334228 -0.42409325 -0.20867448  0.04927802 -0.24099542 -0.13517746
  -0.38518402  0.34418634  0.1211155   0.04899409]
 [-0.4395725  -0.28140026  0.00505236  0.07944631  0.08896144  0.46200052
  -0.2505704  -0.14384522 -0.0117115   0.31907538]
 [ 0.0953796   0.21209057 -0.15907642  0.30922633  0.10222664 -0.06429407
   0.37946883  0.12959097 -0.01656445  0.31359887]
 [ 0.09390166  0.47428778 -0.42043644 -0.36469242 -0.16818507 -0.19346152
   0.29644167  0.29102346  0.07129048  0.07340612]
 [-0.19056268  0.10229848 -0.38566688  0.2867813   0.06859064  0.08998023
  -0.44753993  0.18466505 -0.01354507 -0.25293243]
 [ 0.16697316  0.06936467 -0.42437667 -0.25160488 -0.15150842  0.11460519
  -0.2962942   0.17485084  0.07356215  0.45346913]
 [-0.3148622  -0.3630048  -0.48190403  0.48072755  0.26733723 -0.05429924
  -0.39035338  0.34038696  0.09042186  0.20627844]
 [-0.08622903  0.3748745   0.10920256 -0.24178305 -0.3021922  -0.02473629
   0.36316532  0.371786    0.13743033 -0.3256146 ]
 [ 0.38419193  0.09603636  0.14988324  0.13977307  0.23577966  0.39822894
  -0.14905606  0.3192403   0.31790924  0.43369207]
 [-0.03478782 -0.3697221   0.18097863 -0.1258554   0.3967072   0.2090901
  -0.31023216  0.17590794  0.26235685  0.07445855]
 [-0.18368918  0.27344978  0.27078316  0.7132829  -0.6657231  -0.95649964
   0.65948874 -2.1142519   2.7586741  -0.7211483 ]]
Peso 2:
[-0.09466346 -0.01910703 -0.15714638  0.04440298  0.15640615  0.30832204
  0.03874699  1.0373691  -0.25483346  0.41059655]
Camada: saida
Peso 1:
[[ 0.19249414 -0.1884592 ]
 [-0.23964298 -0.3646486 ]
 [-0.20197533  0.5429882 ]
 [ 0.37221706 -0.31906295]
 [-0.88913435 -0.18562937]
 [-1.093412    0.22944361]
 [ 0.6566888  -0.2632165 ]
 [-1.6821431   1.7461555 ]
 [ 1.9957364  -1.7192273 ]
 [-0.98563814  0.21572022]]
Peso 2:
[-0.2054831   0.20548753]



pesos modelo: 
Test loss: 0.0003, Test accuracy: 1.0000
Camada: meio
Peso 1:
[[-0.33463234  0.11553863  0.09788421  0.23777881  0.42442527 -0.42709357
  -0.43000847  0.22014704 -0.03399765 -0.26446393]
 [ 0.15302828  0.3519924  -0.22765344  0.35248148  0.1735601  -0.055876
  -0.4570325  -0.19046125 -0.16066211  0.11022139]
 [ 0.13341841  0.3673817   0.43459907  0.24640143  0.3096995   0.48634696
  -0.08694469  0.10603406  0.05961771 -0.19009684]
 [-0.36195835  0.26217166  0.11274169 -0.27535197 -0.08603744  0.16955866
  -0.15948823  0.36032498  0.09334081  0.20922387]
 [ 0.18446569 -0.11981682  0.13338019  0.33626506  0.23160721 -0.03151789
  -0.22653088  0.0940509   0.18395832 -0.20537399]
 [ 0.32805893  0.49815232  0.43312815 -0.16006817  0.2322792   0.21409777
  -0.23589584 -0.02666779  0.15894857  0.4064378 ]
 [-0.07766101 -0.05104954  0.12275686  0.13539362  0.3804667  -0.01365255
  -0.28865072  0.09742117  0.05025648 -0.35556003]
 [-0.24530089 -0.08905135  0.30210668  0.1697905   0.14648825  0.26453003
   0.24877489  0.379122    0.23361602 -0.44376367]
 [ 0.35298645  0.03317933  0.17604099 -0.12730135 -0.29108328  0.05195996
  -0.1462227   0.18253498  0.07075946 -0.44084233]
 [ 0.42315933  0.02036009  0.3477463   0.04554276  0.26055178 -0.01346922
   0.04282842  0.01713966 -0.07124157  0.2042323 ]
 [ 0.0333177   0.40820494  0.09665351  0.35107532  0.09367734  0.41151696
   0.09616566  0.27081782 -0.12902547 -0.2880243 ]
 [-0.45490095  0.10049806  0.46827513  0.41172656 -0.13602476  0.4424983
   0.5254736  -0.20346592 -0.19368203  0.43711084]
 [ 0.05269151  0.39201018  0.16662435 -0.19025813 -0.39812037  0.13635086
  -0.29129326  0.3849566   0.34481385 -0.35007897]
 [-0.17361857  0.0955732  -0.16365544  0.02097026  0.02849325 -0.12937464
  -0.08121803  0.30761886  0.382508    0.45162597]
 [ 0.41986275 -1.2297682  -1.4265366  -0.7968696   0.20119964  2.3934996
  -0.43323335 -1.2959173   1.3700023   0.43164706]]
Peso 2:
[-0.03478361  0.4592049   0.6683522   0.41864046 -0.02784662 -0.17464775
  0.0786219   0.7611498  -0.03317201  0.04883281]
Camada: saida
Peso 1:
[[ 0.23179872  0.0168814 ]
 [-0.59935975  1.3297715 ]
 [-1.5208381   0.8617214 ]
 [-0.653063    0.9023025 ]
 [-0.3286578  -0.62647706]
 [ 1.6503018  -1.6781294 ]
 [-0.21407562  0.39374006]
 [-1.2128315   1.172597  ]
 [ 0.68330026 -1.0105859 ]
 [ 0.05678451 -0.25395313]]
Peso 2:
[-0.14694095  0.14694542]



pesos modelo: 
Test loss: 0.0001, Test accuracy: 1.0000
Camada: meio
Peso 1:
[[ 0.37745807  0.45125368 -0.3656024  -0.07676837  0.26024017 -0.12046015
   0.14068118  0.09829882 -0.43407091  0.27980784]
 [-0.25077403  0.3210841  -0.40426695 -0.02439494  0.568275    0.5342468
   0.30854997  0.43464237  0.2565498   0.07172799]
 [ 0.11353733 -0.16105543 -0.4236262  -0.28932917  0.56952655  0.01121516
   0.4901471   0.012169    0.33269453 -0.08972036]
 [-0.1965711  -0.13322006 -0.3806992   0.02801115  0.11763334  0.07796324
   0.15262721 -0.27746737  0.10998196 -0.07549032]
 [ 0.1838278  -0.27852485 -0.17202988 -0.14232136 -0.03964007 -0.34373415
   0.29373893  0.0214363  -0.26125258 -0.23200098]
 [-0.2785683  -0.51742154 -0.2829706  -0.20332906  0.03280543  0.40182114
   0.09937002 -0.31003007 -0.04578467  0.34274015]
 [ 0.07117811 -0.10682628 -0.45289937 -0.02102317  0.32545185  0.3667323
   0.27247128  0.04074628 -0.12837486  0.24690154]
 [-0.06583179 -0.4081156   0.41045466  0.33576167  0.40292513 -0.20588042
   0.34002346 -0.32343102 -0.05321065  0.01690641]
 [-0.1916665   0.10018855 -0.42135137  0.33333927  0.55689955  0.39830318
   0.2571603  -0.27569786 -0.01412732  0.5762746 ]
 [-0.139556   -0.45616752 -0.36350486 -0.01971864  0.1853179  -0.28809205
   0.28549236 -0.29899612  0.43866438  0.03854018]
 [ 0.16216165  0.40629953 -0.448666    0.38892686  0.45307943  0.51389956
   0.22626565 -0.46963233  0.38636    -0.34049115]
 [-0.09275461  0.31329125 -0.45773724  0.35596365  0.40844572  0.2396244
   0.27640438  0.17437637 -0.29764524 -0.06883135]
 [-0.4299793  -0.47404286  0.16723087  0.14401698  0.2163297  -0.07466824
   0.37965685  0.38009197 -0.13876611 -0.3111437 ]
 [ 0.08950488 -0.372015    0.28962854  0.18985082  0.56477153 -0.24936053
   0.38185397  0.34686872  0.24894066 -0.35236543]
 [ 0.17600232 -0.40333816  0.16261645 -0.65812546  1.883003   -0.8637905
  -2.8079221   0.02720024 -0.7138749  -0.5319467 ]]
Peso 2:
[-0.24570583 -0.12317148 -0.00156436  0.2790062   0.14328729  0.29623416
  1.1745675  -0.01714818  0.40359694  0.23437874]
Camada: saida
Peso 1:
[[-0.3470896   0.1880643 ]
 [ 0.30132216 -0.4678319 ]
 [ 0.62111837  0.3092282 ]
 [-0.7729582   0.69433445]
 [ 1.1715482  -1.7375892 ]
 [-0.40697128  0.6853385 ]
 [-2.4418106   1.984829  ]
 [-0.34124488 -0.18492778]
 [-0.8068789   0.55644894]
 [-0.49170762  0.4933087 ]]
Peso 2:
[ 0.31297037 -0.31296414]



pesos modelo: 
Test loss: 0.0001, Test accuracy: 1.0000
Camada: meio
Peso 1:
[[ 2.85656244e-01 -1.02344453e-01  2.68165559e-01 -5.38876653e-02
   2.58957356e-01 -9.02393460e-02 -1.55947596e-01 -3.23174894e-02
  -9.96839702e-02  2.78691351e-02]
 [ 4.73417938e-01  5.08086383e-01 -1.44528955e-01  1.76543623e-01
  -5.43208830e-02 -2.54011184e-01  8.03471655e-02  1.32209465e-01
   1.88316390e-01 -1.22966051e-01]
 [ 1.04872525e-01 -1.95772901e-01  2.57537425e-01  5.45005910e-02
   4.29187775e-01 -9.74702686e-02 -2.08034918e-01  1.53622612e-01
   4.89230394e-01  3.66632380e-02]
 [ 5.49891219e-02  4.69682038e-01 -1.59599993e-04  1.92906171e-01
   4.63990867e-01 -3.21298927e-01 -4.23742048e-02  1.86547607e-01
   2.40917340e-01  3.61787081e-01]
 [-3.53100508e-01 -3.78235281e-01 -5.26133291e-02  3.00378650e-01
  -2.30869099e-01  1.38769299e-01  1.24431871e-01  1.80993706e-01
  -9.07448605e-02 -4.85693336e-01]
 [ 4.68582183e-01 -4.61036935e-02  8.28154162e-02  4.21850175e-01
  -4.43533391e-01  2.91274786e-01  4.54218149e-01  2.67863661e-01
   3.53797853e-01 -4.84985292e-01]
 [ 3.03795487e-01 -2.15981394e-01  4.29342806e-01 -1.72465190e-01
   2.49251261e-01  3.08412582e-01 -2.27437630e-01 -1.57445058e-01
   4.36251342e-01 -4.45322916e-02]
 [ 4.57558513e-01  2.75504410e-01 -4.28456813e-02  1.90835997e-01
   2.24764317e-01  6.14715755e-01  2.83093393e-01  3.53508472e-01
  -2.55401939e-01  3.01371217e-01]
 [-3.27908069e-01 -2.21030980e-01  3.68512601e-01  5.87787986e-01
   3.69891785e-02  7.97739923e-02  1.85756832e-01  3.58934328e-02
   2.97916513e-02 -4.47583705e-01]
 [-1.21756181e-01  5.93945205e-01  3.09567362e-01  4.26547006e-02
   4.76732463e-01  6.35256708e-01  1.79493234e-01  4.37610269e-01
   3.48330230e-01  3.36060375e-01]
 [-6.74987882e-02  1.62730217e-01  2.33599972e-02  4.76890951e-01
   3.30164433e-01 -2.17987329e-01  6.70214742e-02 -2.80117750e-01
  -1.80669948e-02 -2.43952468e-01]
 [-1.40602784e-02 -3.22453171e-01  6.85867742e-02 -3.39170955e-02
   1.53248653e-01  5.08206308e-01  2.76010543e-01 -4.37932879e-01
   1.18246868e-01 -1.73326746e-01]
 [-2.81923145e-01 -1.04456298e-01 -6.30195588e-02  3.04599911e-01
  -2.99250901e-01  4.21107411e-01  2.22173318e-01  1.67575315e-01
  -1.99501768e-01 -1.88823059e-01]
 [-4.52454478e-01  3.46787840e-01 -3.24960016e-02  1.04004480e-01
   3.33728522e-01  3.15912127e-01  3.70475352e-01  2.29986802e-01
   1.15358107e-01 -2.07001418e-01]
 [ 3.27024102e-01 -5.71646273e-01  1.45525098e+00 -1.78426158e+00
   2.49507859e-01 -1.15146852e+00  2.28407502e+00  5.87273240e-01
  -1.01696002e+00 -3.42459232e-01]]
Peso 2:
[ 0.01679636  0.27853933 -0.05797372  0.89502513 -0.01098683  0.66887397
 -0.13827485 -0.04193393  0.51483256 -0.17340612]
Camada: saida
Peso 1:
[[-0.41533744 -0.7823061 ]
 [ 0.04576645  0.9763716 ]
 [ 0.97979414 -1.1119567 ]
 [-1.4283383   1.4609901 ]
 [ 0.03773735 -0.11344784]
 [-0.8578349   1.2837596 ]
 [ 1.788155   -1.329071  ]
 [ 0.74337846  0.00306479]
 [-0.80756056  0.7726321 ]
 [-0.07786259 -0.58825105]]
Peso 2:
[-0.25172448  0.2517293 ]



pesos modelo: 
Test loss: 0.0001, Test accuracy: 1.0000
Camada: meio
Peso 1:
[[-0.06654629  0.43844834  0.09437701  0.06252787 -0.27211156 -0.43402034
   0.17604902 -0.16540858  0.19792917 -0.3498085 ]
 [ 0.26425427  0.2787242   0.24623547  0.3202426   0.0525166   0.22448659
   0.28367916 -0.03040533  0.08541074 -0.33610302]
 [-0.28680512  0.03271056 -0.21345545  0.00550072  0.39503682  0.28366017
   0.02810745  0.03092161  0.02101218 -0.15556344]
 [ 0.1783317   0.05098765 -0.31278637  0.25867265 -0.20068358  0.12529206
  -0.08122662 -0.03377159 -0.00536789 -0.24368423]
 [ 0.12895614 -0.00218945  0.34972033  0.18815112  0.16669853  0.20008227
  -0.098386    0.03091169 -0.23059146 -0.4463399 ]
 [ 0.42223018 -0.15223615 -0.2054236   0.43110016  0.45155582 -0.13982475
   0.24003515  0.5253731  -0.06958593 -0.4888229 ]
 [-0.17852385 -0.03289318 -0.311348    0.18179423 -0.11306389  0.21231362
  -0.1883707  -0.08645592  0.35010165 -0.45907745]
 [ 0.26279834  0.12237571  0.2669937  -0.03214491 -0.42322013 -0.24887417
   0.54681706 -0.08287028 -0.21038616 -0.16208105]
 [-0.08082289  0.17790544  0.03798549  0.42105362  0.00984431  0.18655998
   0.17820951  0.2295958   0.45486045 -0.45420304]
 [ 0.46350235  0.06389298 -0.19311486  0.5605522  -0.18273158 -0.45465553
   0.07719196  0.15163222 -0.04008771  0.16449304]
 [-0.19883119  0.49661538  0.19654413  0.2119701   0.24445786  0.09904595
   0.65255076  0.1858121  -0.11464559 -0.47961107]
 [-0.0675592   0.30418524  0.13717368  0.27096486 -0.47670332 -0.28242612
  -0.06899129 -0.19199768  0.29662213 -0.10267794]
 [ 0.49787202 -0.09026518  0.4000006   0.5274616   0.43970722  0.01785711
   0.28613007  0.02430733  0.46236038  0.27269015]
 [ 0.14785631 -0.24922751  0.189917    0.17574003 -0.2902729  -0.4204937
   0.18942276  0.27618492  0.31790167  0.3465707 ]
 [ 1.4144776   1.5281428   0.19083075 -2.1082368   0.10483924  0.28784436
  -1.1905999   1.5501199   1.1407541  -0.40750387]]
Peso 2:
[-0.13308993 -0.04769536 -0.03766257  1.1187335   0.00354541 -0.01566967
  0.643754   -0.04610544 -0.102646   -0.00303035]
Camada: saida
Peso 1:
[[ 0.8872993  -1.0472802 ]
 [ 1.1398228  -1.0525446 ]
 [ 0.24328403  0.05228827]
 [-1.8954544   1.5440665 ]
 [ 0.17794643  0.17155054]
 [-0.24577399 -0.2363585 ]
 [-1.4122401   0.3657892 ]
 [ 0.75694263 -1.2915055 ]
 [ 1.3170766  -0.06548151]
 [ 0.68142444  0.5899384 ]]
Peso 2:
[-0.4537751   0.45378017]
