


pesos modelo: 
Test loss: 0.0001, Test accuracy: 1.0000
Camada: meio
Peso 1:
[[ 4.51392561e-01  1.45151943e-01  1.21285021e-02 -3.90306115e-02
  -2.79317498e-02  2.44769305e-01  3.31017226e-01 -3.49609911e-01
   3.32244128e-01 -3.77532840e-02]
 [ 2.64174312e-01 -1.81052193e-01  3.60887386e-02  3.02961230e-01
   3.82191867e-01  4.82346743e-01  3.00013751e-01 -1.22416109e-01
   3.89593124e-01 -1.38152167e-01]
 [ 5.49360991e-01 -1.09088428e-01  3.24108154e-02 -3.77804697e-01
  -2.95990240e-03  6.30065054e-02 -1.68774784e-01 -4.19626743e-01
  -2.63710260e-01  3.86864692e-01]
 [-2.18013361e-01  4.80024546e-01 -2.47502271e-02  1.89941898e-02
   3.16370666e-01  2.75768578e-01  2.71616936e-01 -4.47808094e-02
  -2.49125436e-01 -1.51092499e-01]
 [-3.50922421e-02  5.30723393e-01  1.34741917e-01 -1.53250232e-01
   4.01206225e-01 -3.32975656e-01  2.61130882e-03  1.59161553e-01
  -4.33277376e-02  2.18485981e-01]
 [-1.19260862e-01  2.33238041e-01  9.76459235e-02  2.46269882e-01
   4.74356949e-01 -3.28374952e-01 -2.11262573e-02  2.67589092e-01
   3.39325368e-01  1.88657016e-01]
 [ 3.89104709e-03  4.19191301e-01  2.02401474e-01  2.88237125e-01
  -3.60891372e-01  3.76642972e-01  1.62114799e-02 -2.63751924e-01
   1.52308792e-01 -6.26096129e-02]
 [ 4.50068384e-01 -1.51612997e-01  2.89031323e-02 -9.25628692e-02
   1.11472555e-01  2.50646144e-01  2.04704627e-01  2.52672732e-01
   3.33092958e-01 -4.87529546e-01]
 [ 4.56930667e-01  3.25934738e-01  4.60511707e-02  4.99959826e-01
  -1.34386793e-01 -1.58180043e-01  2.58543462e-01  1.37873083e-01
  -2.04926655e-01 -3.52150686e-02]
 [ 1.49295434e-01  1.89186800e-02  1.58890914e-02  4.16014701e-01
  -1.78667858e-01  1.43131912e-01 -2.57615089e-01 -4.65134233e-01
  -2.00174555e-01 -1.08769335e-01]
 [ 3.35725546e-01  4.65840995e-01  3.89590748e-02 -2.72108346e-01
  -3.35764945e-01  4.36171621e-01  3.63869846e-01 -6.88213482e-02
  -2.10881725e-01 -4.00016934e-01]
 [ 4.17941093e-01  2.80897617e-01  2.01327100e-01  2.24200413e-02
   4.46460582e-02 -4.02992874e-01  6.53392598e-02 -3.86348933e-01
   2.99944609e-01  2.55572591e-02]
 [-2.22791031e-01  5.92429459e-01  2.45180815e-01 -4.04547423e-01
   1.52252391e-01  3.05516303e-01 -2.48315781e-02  7.43500963e-02
   2.92993218e-01 -2.49298707e-01]
 [-1.38660118e-01 -1.61969915e-01 -6.85833767e-02  1.09583281e-01
   4.48397428e-01 -1.05370663e-01  1.05075993e-01 -2.91211277e-01
   5.33027232e-01 -2.07392320e-01]
 [-7.96322644e-01 -1.13816738e+00  2.93963099e+00 -4.33527827e-01
  -4.00768034e-02 -3.86250973e-01  1.52289045e+00 -1.39228103e-03
  -6.43913448e-01  9.65662822e-02]]
Peso 2:
[ 0.5855661   0.87959886 -0.18734826  0.06733143  0.14060444  0.29229733
 -0.13517813 -0.15788136  0.5057482  -0.04569806]
Camada: saida
Peso 1:
[[-0.82437015  0.80563736]
 [-1.3030635   1.0518067 ]
 [ 2.120022   -1.9754128 ]
 [ 0.09964991  0.54580873]
 [-0.24024682  0.33676013]
 [-0.7781337   0.19936018]
 [ 0.69836986 -1.3175963 ]
 [ 0.4332965  -0.3072353 ]
 [-0.60988075  0.84573454]
 [-0.4034347   0.46493375]]
Peso 2:
[-0.6045867  0.6045888]



pesos modelo: 
Test loss: 0.0001, Test accuracy: 1.0000
Camada: meio
Peso 1:
[[-2.44770840e-01 -3.24440062e-01  1.71895713e-01  1.15922540e-01
   1.04573220e-01 -4.53013539e-01 -5.43095469e-02 -1.36881500e-01
  -4.58355784e-01  3.74904573e-02]
 [-6.40241131e-02 -1.01830833e-01  1.89451143e-01 -1.22764595e-01
   2.05171093e-01  1.89775497e-01  2.51896888e-01  1.39753208e-01
   1.43414676e-01 -3.20262164e-01]
 [-8.68134722e-02  3.15760106e-01  5.15641749e-01  1.30328938e-01
   2.42854521e-01 -4.10715282e-01 -2.63145510e-02  5.05988657e-01
  -1.95110291e-01  6.69041574e-02]
 [-2.07009017e-01 -3.76768827e-01  3.03270459e-01 -3.66942048e-01
   1.43373191e-01 -2.36707225e-01  3.67323831e-02  2.57090122e-01
  -4.01806980e-01 -4.29032505e-01]
 [ 3.94872248e-01  3.90634686e-02 -2.55333215e-01  4.24323261e-01
  -2.98347920e-01 -3.01624924e-01  3.81385893e-01  4.37299721e-02
  -9.29397866e-02 -2.25634277e-01]
 [-6.89044371e-02 -2.31226638e-01  4.47669551e-02  4.92006481e-01
   5.55476621e-02  1.40728995e-01  2.88861036e-01  1.25698969e-01
  -4.41793829e-01  4.42486227e-01]
 [ 4.93805110e-01 -3.30887735e-01  2.23497182e-01 -1.81488972e-02
  -3.14802498e-01  2.34126687e-01  6.01099618e-02  4.31404799e-01
   4.57860470e-01  4.73354161e-01]
 [-1.12430267e-01  4.50285375e-01  5.99593222e-01 -2.92314857e-01
  -2.05349803e-01  4.15076077e-01  5.86881191e-02  4.20002848e-01
   4.15744931e-01 -4.57798153e-01]
 [ 1.96851835e-01  2.19887421e-01 -2.22672652e-02 -9.40435454e-02
  -2.82759219e-01 -2.05572695e-03  1.36243597e-01  1.06324710e-01
   2.64650345e-01  1.30685106e-01]
 [ 4.13017869e-01 -1.79775268e-01 -2.63615370e-01  4.49987143e-01
  -2.05394238e-01 -1.65613994e-01 -1.57519057e-02  1.94615066e-01
   4.55610126e-01  7.54661188e-02]
 [-5.78542389e-02  4.49048132e-01  3.91782641e-01 -2.37148598e-01
  -2.79872149e-01  1.94715098e-01  2.25870356e-01  2.58115917e-01
   4.68043089e-01  3.48959446e-01]
 [ 1.88032269e-01  1.55474216e-01  7.82173723e-02  2.33882353e-01
   9.09969285e-02  1.04658693e-01 -4.03315723e-02  2.70130217e-01
   2.17655346e-01  7.10799620e-02]
 [-1.99672490e-01 -1.38812140e-01  2.89048314e-01  2.11836696e-01
  -8.67360756e-02 -5.46620153e-02  3.89601588e-01  1.97177395e-01
  -3.18927988e-02  4.55813408e-01]
 [ 1.17372468e-01 -4.44918722e-01  4.05051500e-01  1.59781754e-01
  -4.69878733e-01 -1.33059889e-01  5.09566247e-01  3.10274273e-01
   2.86463141e-01 -3.10935490e-02]
 [ 1.33261144e+00 -5.08178592e-01  2.14863181e+00  6.41298890e-01
  -2.88086474e-01 -3.51736248e-01 -1.00352275e+00 -2.49005556e+00
   1.46688253e-01 -1.01791553e-01]]
Peso 2:
[ 7.3731445e-02  1.5806822e-01 -1.6624926e-01 -1.8537972e-02
 -2.9593786e-02  1.2677635e-01  2.9283619e-01  1.2876611e+00
 -6.7196853e-02 -5.9504178e-04]
Camada: saida
Peso 1:
[[ 0.49869484 -1.0560699 ]
 [ 0.03817645  0.5582813 ]
 [ 1.0746411  -1.9001186 ]
 [ 0.8057712   0.12327921]
 [ 0.21932645  0.01019924]
 [-0.795663   -0.33391535]
 [-1.2328897   0.17976876]
 [-2.1876419   1.8960115 ]
 [ 0.06081997  0.11940537]
 [-0.33008337 -0.24130368]]
Peso 2:
[-0.15473288  0.1547382 ]



pesos modelo: 
Test loss: 0.0001, Test accuracy: 1.0000
Camada: meio
Peso 1:
[[-0.2525027  -0.39488062  0.48580864 -0.00747082  0.2266896   0.23094526
  -0.42997235  0.09727225 -0.33226573 -0.18473104]
 [-0.40894234  0.37225854 -0.12603684  0.14749536 -0.06743054 -0.27390513
   0.0347464   0.4793228  -0.13910536 -0.2560272 ]
 [ 0.05465928  0.32475728 -0.21717288  0.09640903  0.04357818 -0.2550775
   0.00273611  0.4965428  -0.43414077 -0.07113804]
 [-0.49028283  0.10642216 -0.15702656 -0.2512342  -0.00580299 -0.3100998
   0.5911436   0.02066373 -0.38678637 -0.38661343]
 [-0.06756163  0.23516046  0.43554646  0.1143296   0.26569408  0.49801812
   0.38675594  0.39431086  0.27161238 -0.44437754]
 [ 0.03636706 -0.2481331  -0.2920742  -0.21325362  0.2601968  -0.19947585
   0.23869981 -0.02032724 -0.29320768  0.38131672]
 [-0.45508987  0.02469336  0.34817973 -0.1885513   0.3713736   0.37966368
  -0.08162628  0.43217236  0.1507539   0.32573938]
 [-0.48129168  0.28660205  0.45775604  0.416704   -0.04664159  0.36394098
   0.06212363  0.36614823  0.2872983  -0.48023945]
 [ 0.420219   -0.04925243 -0.41889015 -0.2875529   0.04205529  0.15091577
   0.19978811  0.04963506  0.02710818 -0.15658854]
 [-0.26377308  0.2639939  -0.48337695 -0.37900546 -0.08503079  0.15557519
  -0.17691025  0.4466567  -0.07465654 -0.06597874]
 [-0.15685993  0.29696256 -0.2771829  -0.16966727 -0.07861929 -0.30159348
   0.0300741   0.45941722  0.30031437 -0.4447016 ]
 [ 0.38975644  0.16371898 -0.28390655  0.2655182   0.11616294 -0.10708231
   0.35165054  0.2592415   0.18776229  0.21567549]
 [ 0.24589403  0.24601068 -0.40684655  0.29111066  0.29648396  0.13129859
  -0.09932002  0.6353363  -0.2907807   0.4334119 ]
 [-0.19966714 -0.03278934 -0.10484221 -0.22152704  0.1430937  -0.11711944
   0.60352606 -0.03728531  0.04748752  0.02293228]
 [ 0.13644978  2.5420313  -0.38792697 -0.43953276  1.7617915  -0.09330313
  -0.5831959  -1.9968673   0.18770635 -0.4402468 ]]
Peso 2:
[-0.01812725 -0.34312016 -0.03228311  0.05308642 -0.20987844  0.0757597
  0.35409585  1.0959744  -0.08257164 -0.01633052]
Camada: saida
Peso 1:
[[ 6.5982813e-01  3.3080599e-01]
 [ 1.8046793e+00 -1.6830430e+00]
 [ 6.7079388e-02  7.9839316e-04]
 [ 5.7489634e-02  3.0723849e-01]
 [ 1.5535783e+00 -7.3854941e-01]
 [-4.6022233e-01 -7.8575775e-02]
 [-7.6321626e-01  4.9992797e-01]
 [-1.7512490e+00  1.5816824e+00]
 [ 1.3885690e-01 -3.8795027e-01]
 [ 7.9120742e-03  1.1479381e-01]]
Peso 2:
[-0.5185167  0.5185223]



pesos modelo: 
Test loss: 0.0001, Test accuracy: 1.0000
Camada: meio
Peso 1:
[[ 3.82087797e-01 -2.49943718e-01 -1.28349453e-01  9.05402005e-02
   4.69371945e-01 -4.76886928e-01  4.26377565e-01  2.60632247e-01
   3.88507992e-01  2.80474275e-01]
 [ 1.55406952e-01 -2.68786490e-01  2.80354649e-01  4.42129195e-01
  -5.23803413e-01  6.44035563e-02  2.76768468e-02  2.38880083e-01
   2.29458988e-01 -6.65936321e-02]
 [ 1.02014631e-01 -3.00091565e-01  1.21261053e-01 -3.90791118e-01
   2.99835540e-02 -2.54791617e-01 -2.19928011e-01  1.10307395e-01
   4.22771007e-01  2.08962336e-01]
 [ 1.32903624e-02 -2.21531585e-01 -1.96595639e-02  6.13094941e-02
   3.73596817e-01  2.55992830e-01  3.69955003e-01  2.21172392e-01
   1.18646547e-01 -7.29771405e-02]
 [ 1.90537557e-01  2.32358813e-01 -2.97509730e-01 -1.46662444e-01
   5.12811720e-01 -3.47138882e-01  8.50756690e-02 -4.42958564e-01
   2.88914263e-01 -1.01574220e-01]
 [ 1.15195721e-01 -2.39189327e-01  3.05318773e-01 -1.45325661e-01
   4.09906745e-01 -2.48933524e-01  1.02391094e-01 -3.10833246e-01
   2.40637720e-01  1.12882920e-01]
 [ 7.83602148e-02  1.09207317e-01 -7.22910911e-02  2.38744229e-01
   2.37423658e-01 -1.08434841e-01 -9.93293524e-02  5.18490374e-01
   9.64067206e-02  1.79780692e-01]
 [ 8.49722698e-02  3.81987132e-02  5.51341534e-01  5.03057241e-01
  -9.72634032e-02 -3.09198946e-01  3.15573156e-01 -4.17975038e-01
   7.51288384e-02 -3.74365337e-02]
 [-4.05804068e-02 -3.09893817e-01  1.17810272e-01 -2.93350965e-01
   4.98848408e-01 -2.29332179e-01  1.38900708e-02  1.39780333e-02
   2.86616623e-01  3.75999749e-01]
 [ 1.25605062e-01  9.70545337e-02 -3.39878649e-01  3.68876576e-01
   4.40738082e-01 -4.41771924e-01  3.87650490e-01 -3.45192999e-02
   4.07910138e-01  1.87219560e-01]
 [ 1.63695753e-01  3.40469092e-01 -3.23184401e-01  3.25732142e-01
   5.19785523e-01  4.65685219e-01 -1.14329299e-02 -7.50364214e-02
   1.86975971e-01  1.14745855e-01]
 [-7.61488974e-02  2.43522953e-02 -2.32697144e-01 -1.27876654e-01
  -1.20617963e-01 -3.35332125e-01 -2.81341910e-01 -2.05011055e-01
   2.16188744e-01  1.28607810e-01]
 [ 4.25849168e-04  3.07064271e-04  2.44438648e-01  1.91185251e-01
   2.25389823e-01 -2.53351361e-01  2.70758331e-01 -3.67388755e-01
   1.40165001e-01  3.20489332e-02]
 [ 2.02149361e-01  1.74296230e-01  5.23874342e-01  5.90529501e-01
   1.69955328e-01 -4.06640261e-01  3.15534770e-01  2.87307262e-01
   1.82511926e-01  2.65507162e-01]
 [ 2.25203085e+00  3.25432569e-02 -3.29197496e-01 -6.01485848e-01
  -6.11454725e-01 -4.51267362e-01  1.33168721e+00 -2.76063651e-01
  -1.74980593e+00  1.84168744e+00]]
Peso 2:
[-0.23619294  0.02100197  0.24065167  0.3408527   0.31992933 -0.00592707
 -0.12562841  0.05932759  0.95750135 -0.24522889]
Camada: saida
Peso 1:
[[ 1.3367063  -1.703262  ]
 [-0.4002768  -0.22253236]
 [-0.7443629   0.32274982]
 [-0.7712466   0.56669873]
 [-0.9356972   0.32939577]
 [-0.51162446 -0.58375216]
 [ 1.0696262  -0.50389796]
 [-0.47336844  0.606809  ]
 [-1.7339908   1.3170052 ]
 [ 1.4441774  -0.88097614]]
Peso 2:
[-0.44449633  0.44450098]



pesos modelo: 
Test loss: 0.0001, Test accuracy: 1.0000
Camada: meio
Peso 1:
[[ 0.03122494 -0.27343738  0.2843218   0.46006003  0.10947821  0.0106791
  -0.40495458 -0.14955673  0.46327588  0.25652054]
 [-0.17142488 -0.14615515 -0.01143699 -0.11681305  0.06606369  0.11718172
   0.20104434  0.24074347 -0.41020662 -0.03506487]
 [-0.25810578 -0.02062798  0.02491648  0.23723865 -0.05772937  0.341306
   0.13104424 -0.05420696 -0.1598665   0.13842885]
 [ 0.00312124  0.37864998 -0.09947117  0.2143678   0.33603457 -0.43281928
   0.30018735  0.24564603 -0.48653832 -0.07970793]
 [ 0.21967244  0.27407572  0.4119092  -0.16760214  0.3104683   0.35572362
   0.15453634 -0.16630657  0.19346757 -0.28981647]
 [-0.33313203  0.44695264 -0.27726975 -0.04770187  0.45292664 -0.2665382
  -0.06394596  0.2135699   0.17874876  0.04350209]
 [-0.2525113  -0.10411746  0.11228424 -0.29291606  0.15384378  0.24906324
   0.3605703   0.40814865 -0.20148754 -0.4787169 ]
 [ 0.39963862  0.20223935 -0.13241807 -0.4792832   0.31526837  0.03186554
   0.36626086  0.34388793 -0.2191645   0.08742674]
 [-0.23552117  0.4231351   0.03303198 -0.18485487  0.21992496 -0.14834628
   0.29847327  0.09159712 -0.27222288 -0.13680872]
 [ 0.3050065  -0.23525672 -0.06187907 -0.24612223  0.20654385 -0.12263768
   0.0645116   0.18972163 -0.44406694 -0.04888865]
 [-0.04849844 -0.08394048  0.28397626  0.2840588   0.32794756 -0.481074
  -0.07801847 -0.00607388 -0.24136887 -0.13581964]
 [ 0.1926782   0.39449522  0.4491597  -0.02564517  0.30311176 -0.04823892
   0.32221532 -0.10051398  0.05316256  0.12040319]
 [ 0.33875215 -0.07091834  0.23296407 -0.43297333  0.3683652   0.19578816
   0.10938632  0.14401492  0.15958016 -0.40404037]
 [ 0.53824025  0.01795083  0.27637568  0.0628525   0.39724937  0.2010152
   0.4248552   0.42320836  0.136091    0.5407495 ]
 [ 0.825138    1.4378569   1.0435936  -0.4268041  -2.0119193  -0.24951568
  -1.5355039   1.9378438  -0.294475   -0.23271355]]
Peso 2:
[ 0.06986482 -0.04173196 -0.05662331 -0.23571232  0.92064047  0.0127816
  0.7742483  -0.31123495 -0.01420339  0.1122711 ]
Camada: saida
Peso 1:
[[ 0.5781454  -0.33803198]
 [ 0.68265224 -1.2987901 ]
 [ 1.0440224  -0.41790783]
 [ 0.2712139  -0.3102554 ]
 [-2.1063814   1.138524  ]
 [ 0.04028254  0.30078208]
 [-0.9959294   1.4260907 ]
 [ 1.4365976  -1.2291381 ]
 [ 0.15200411  0.08232121]
 [-0.26652315  0.15470825]]
Peso 2:
[-0.45104897  0.45105454]



pesos modelo: 
Test loss: 0.0001, Test accuracy: 1.0000
Camada: meio
Peso 1:
[[-4.59902674e-01 -1.04620665e-01  1.97135776e-01 -2.03547537e-01
   2.64894575e-01 -3.45516205e-01 -2.32235551e-01  2.87633449e-01
   7.07796514e-02 -2.64964521e-01]
 [ 4.75536525e-01  3.02250534e-01  3.11966419e-01  1.18790872e-01
   2.54705399e-01  4.68918830e-02  4.02383387e-01  2.82996893e-01
  -2.21699044e-01  3.26114625e-01]
 [ 4.29016769e-01  1.33280694e-01  7.00515807e-02  1.01899944e-01
   2.55144387e-01  3.23894799e-01  4.34822083e-01 -5.41623086e-02
   2.44290099e-01 -3.69082570e-01]
 [ 4.56143886e-01  2.36819431e-01  2.40674719e-01  2.00615108e-01
  -4.57724452e-01  5.31839013e-01  4.06531692e-01  5.68981051e-01
   1.51909187e-01 -1.53745506e-02]
 [-3.78779583e-02 -6.05161153e-02  7.72117302e-02  1.24084473e-01
   1.09293446e-01 -1.75599128e-01  3.82086098e-01  4.18038279e-01
  -2.73175538e-01 -3.76953594e-02]
 [-3.89876604e-01  5.72730461e-03  4.25877392e-01  5.85536622e-02
  -2.53553152e-01  4.58455205e-01 -1.43950969e-01  1.46400914e-01
   1.24195963e-01 -1.67510822e-01]
 [ 2.35452935e-01  4.35166448e-01 -3.34808797e-01  1.96978450e-01
   1.88300386e-01  4.94921625e-01  3.65012586e-01  5.14427543e-01
  -3.26909393e-01 -4.78306651e-01]
 [ 5.96893504e-02  2.24196419e-01  2.45619968e-01  2.44068448e-02
   1.10082343e-01  2.33947575e-01 -1.84454858e-01  2.06108779e-01
   4.31553692e-01 -1.40313759e-01]
 [ 4.47517037e-01 -1.24237552e-01  3.85819018e-01  1.22618705e-01
   3.21979076e-01  4.93124098e-01 -1.38713494e-01 -1.77545995e-01
  -1.47718340e-01 -3.95739168e-01]
 [ 2.86237299e-01  9.03238878e-02  3.42796594e-01  8.40452909e-02
   3.07271302e-01  1.43480068e-02 -2.43390612e-02  2.94743180e-01
   4.34684634e-01  3.55023831e-01]
 [-3.71962517e-01  4.83353697e-02  3.82595301e-01  1.22597411e-01
   5.32224536e-01  4.48829204e-01  1.50802985e-01 -2.11195424e-01
  -1.74898699e-01  1.10590652e-01]
 [-4.33906525e-01 -2.63272643e-01 -1.75522149e-01 -1.17283582e-03
  -4.58165221e-02 -2.23518550e-01 -1.04087502e-01  3.44685584e-01
   2.15287805e-01 -3.75894010e-02]
 [-3.77200812e-01  9.77812856e-02  5.93917742e-02 -2.01417822e-02
   2.20886290e-01 -7.54629001e-02  3.58726621e-01  2.52050869e-02
   7.32494816e-02 -2.20841050e-01]
 [ 2.06401572e-01 -2.90375035e-02  4.63476956e-01  1.87563926e-01
   4.16425854e-01  6.11947700e-02  4.59163070e-01  2.68313922e-02
  -2.35233411e-01 -2.97909796e-01]
 [ 6.45951554e-02  1.00608861e+00 -7.57369926e-05  3.23516941e+00
  -5.71095645e-01 -9.41832006e-01 -3.63188803e-01 -9.43541408e-01
   3.57821941e-01  7.44497254e-02]]
Peso 2:
[ 0.01998248 -0.18602404  0.20451686 -0.3345428   0.42154467  0.53590864
  0.3005013   0.7590071  -0.01826376 -0.12603581]
Camada: saida
Peso 1:
[[-0.29417422 -0.23460378]
 [ 0.6612405  -0.72548145]
 [-0.44298375  0.14890945]
 [ 2.4166372  -2.162608  ]
 [-0.94811463  0.27106276]
 [-0.8427165   0.69077176]
 [-0.31041002  0.5886849 ]
 [-1.4480342   0.42363748]
 [ 0.3758025   0.36264116]
 [ 0.38319755 -0.16769937]]
Peso 2:
[-0.75836265  0.75836563]



pesos modelo: 
Test loss: 0.0001, Test accuracy: 1.0000
Camada: meio
Peso 1:
[[-1.80007398e-01 -7.70097971e-02  6.60322607e-02  4.08561021e-01
   2.43662626e-01 -2.50605643e-01 -2.66977608e-01  4.40680653e-01
   1.44097120e-01  3.14216405e-01]
 [-3.29163045e-01 -3.16281736e-01 -1.40478358e-01  5.56798995e-01
   2.64929891e-01  2.18173206e-01  1.41231045e-02 -2.17476755e-01
  -3.25968057e-01  1.54652059e-01]
 [-2.15790391e-01 -4.13288862e-01  6.70351163e-02  2.37357020e-01
   3.83333303e-02  2.90893823e-01 -7.53553957e-02 -2.00094059e-02
   4.58196402e-02 -5.00119943e-03]
 [-2.03971907e-01 -4.46825176e-01 -4.26309377e-01  2.94823259e-01
   2.49176659e-02 -1.90399930e-01 -3.08501571e-02 -1.79024547e-01
  -2.07357332e-01  3.51742268e-01]
 [-4.32640314e-01  3.10767472e-01  1.15777105e-01  1.06358312e-01
   1.01552501e-01  3.73881578e-01  1.91577643e-01  1.42058417e-01
  -2.54841000e-01  1.92469403e-01]
 [ 1.42980814e-01 -1.95126012e-01  3.76825988e-01  1.53630674e-01
   1.26036450e-01  1.15394600e-01  7.90530518e-02 -4.35189962e-01
   5.74169815e-01 -4.31636482e-01]
 [-1.41634002e-01 -1.21190816e-01  5.99938557e-02 -6.79211766e-02
   7.52272382e-02 -4.21513110e-01  3.78609478e-01  1.17365062e-01
   2.42197305e-01  1.26378641e-01]
 [ 4.32326883e-01 -2.46843249e-01  3.22530091e-01  1.06432773e-02
   2.53216982e-01  4.44919497e-01  4.59167123e-01 -3.11611369e-02
   5.92352152e-02 -2.37255827e-01]
 [-1.63424417e-01 -1.52215436e-02 -2.45632663e-01  1.46159723e-01
   3.81489545e-01  4.76010501e-01  2.61681616e-01  1.53489411e-01
   2.75046289e-01  4.91805822e-01]
 [-1.32655784e-01 -1.97720947e-03 -2.71253139e-01 -3.63126732e-02
   1.91009622e-02 -4.50925291e-01  2.62723207e-01  1.26678377e-01
   3.97526145e-01 -4.25332785e-01]
 [ 3.45842093e-01  3.82611752e-01  3.58175993e-01  2.59063870e-01
   2.40520313e-01  4.10819054e-01  2.92665541e-01 -1.76819220e-01
  -1.55181006e-01  1.21011868e-01]
 [ 1.05870500e-01 -2.05559395e-02  2.74756074e-01  3.05089623e-01
   1.00530960e-01  2.35861063e-01  4.26196866e-02 -1.28593836e-02
  -1.10617243e-01 -4.15026277e-01]
 [-4.26447630e-01 -4.32404906e-01  1.85248777e-01  2.17876300e-01
   2.26716474e-01  3.85994613e-01  5.08127175e-02  2.61752635e-01
   4.63199377e-01  3.32885176e-01]
 [ 3.07002268e-03 -2.16166005e-01 -4.47193861e-01  2.39083380e-01
   3.63939404e-01 -4.52793807e-01  4.34285164e-01  4.54463750e-01
   1.38685420e-01 -5.83631955e-02]
 [ 1.55801728e-01 -2.17503216e-02  3.10025424e-01 -1.71765220e+00
   2.64582014e+00 -5.73951781e-01 -1.69835699e+00 -4.28766549e-01
  -8.35850537e-01 -2.36022398e-01]]
Peso 2:
[ 0.00804611  0.0116784  -0.01121844  0.7838088  -0.2679426   0.1562173
  0.82959646 -0.01549767  0.38710454  0.0490891 ]
Camada: saida
Peso 1:
[[-0.24124521 -0.43865076]
 [-0.32096785 -0.1494893 ]
 [ 0.705039    0.18636023]
 [-1.376127    1.3923516 ]
 [ 1.7687653  -1.9327923 ]
 [-0.16754793  0.6807336 ]
 [-1.3193024   1.4502771 ]
 [ 0.39349318  0.5954059 ]
 [-0.75698984  0.37632275]
 [-0.40451303 -0.01819759]]
Peso 2:
[-0.0945136   0.09451939]



pesos modelo: 
Test loss: 0.0001, Test accuracy: 1.0000
Camada: meio
Peso 1:
[[-0.07543191 -0.2805341  -0.24363811 -0.35440496  0.18703905  0.4361594
  -0.09061217  0.22425213  0.18442258  0.20550057]
 [-0.10315432  0.05829191  0.31989136 -0.32550618 -0.34669518 -0.3825774
  -0.320577    0.33435628  0.10895894 -0.05229619]
 [ 0.10045175  0.00980582 -0.39268482 -0.43607754  0.24325211  0.2621189
  -0.18828946 -0.23530622 -0.19377856  0.41951606]
 [ 0.13715129 -0.04220028 -0.17355368 -0.35816553  0.26685968  0.3719565
   0.373767    0.14498386  0.391145    0.03548571]
 [ 0.15854126  0.18724191  0.17789502  0.13621399 -0.47368434  0.28340605
  -0.20276006  0.45984206  0.0249081   0.34930563]
 [-0.05659763  0.03789471 -0.29007134 -0.46656013 -0.08458804  0.15312433
   0.43684512 -0.02506929 -0.08906522  0.30874264]
 [ 0.37412223  0.08036398  0.11847378  0.46574372  0.02156884  0.26161486
   0.47257343 -0.4410043   0.46906385  0.28777185]
 [ 0.06068449 -0.02325384 -0.38437462 -0.4432705  -0.18090175  0.40772852
  -0.10149281  0.12277745 -0.08998826  0.28265178]
 [ 0.1973555   0.22165427 -0.28066748 -0.37649187 -0.15441196  0.4621828
  -0.0446736   0.43445536  0.11012223  0.42237017]
 [ 0.38126794  0.22781627 -0.02215505 -0.46125996 -0.10824985 -0.13738358
  -0.04586248 -0.15580985  0.28703737  0.38740668]
 [ 0.26557517  0.18480226 -0.00289246 -0.2572806  -0.3658552  -0.24332558
  -0.17387459 -0.38196495  0.07289138  0.4391234 ]
 [-0.07842886  0.26521078 -0.09446539  0.06984682 -0.20423914 -0.3043201
  -0.19580463  0.05901502  0.49113402  0.06032407]
 [-0.25072265  0.15961568  0.4012404  -0.42493266  0.13269034  0.39684263
   0.21331067  0.10773633  0.3044511   0.24371518]
 [ 0.01154744  0.210761    0.1584916  -0.01912342  0.4181666   0.09650988
  -0.4384381   0.44038334  0.06351752  0.25586683]
 [ 0.64183027  2.5695024   0.03487934  0.08469204 -0.2022889   0.7306837
   0.3057458  -0.4322405  -1.1428274  -2.268635  ]]
Peso 2:
[-0.06424983 -0.25596952 -0.0037944   0.00936272 -0.09277064 -0.07122733
  0.0069087   0.17099832  0.57258487  0.99180865]
Camada: saida
Peso 1:
[[ 0.44473067 -0.44707638]
 [ 1.4433874  -2.1611931 ]
 [ 0.49494633  0.60947645]
 [-0.48933226  0.6814285 ]
 [ 0.27492332  0.09748602]
 [ 0.4188336  -0.5808603 ]
 [ 0.45023882  0.2304269 ]
 [-0.49141157  0.48759136]
 [-1.4147276   0.36609754]
 [-1.8369498   1.5912621 ]]
Peso 2:
[-0.29316163  0.29316628]



pesos modelo: 
Test loss: 0.0002, Test accuracy: 1.0000
Camada: meio
Peso 1:
[[ 2.12467611e-02  4.02197033e-01 -1.94029659e-01  1.54834837e-01
  -7.38135278e-02 -3.76941890e-01 -2.39921629e-01 -1.77667052e-01
   7.23532736e-02 -1.69311941e-01]
 [ 5.85246563e-01  2.16349632e-01  4.29137170e-01  3.87146175e-01
  -1.31932721e-01 -3.04319918e-01  7.67982304e-02  3.06235671e-01
   4.41149890e-01  2.73427308e-01]
 [-1.32611856e-01 -1.97446272e-01 -2.01561823e-01  1.78305343e-01
   3.58772874e-01 -1.27176225e-01 -8.51220489e-02 -6.96460009e-02
   4.94904339e-01  1.96018100e-01]
 [ 4.20671314e-01  3.28031033e-01  2.61865258e-01  3.97664130e-01
   2.22432479e-01  3.32139969e-01  3.63546312e-01  1.29364163e-01
  -2.92315066e-01  2.04037383e-01]
 [ 1.02380566e-01  2.85876781e-01  7.79630691e-02  3.05690110e-01
  -4.38131720e-01 -2.32203588e-01 -3.60358924e-01  1.01039685e-01
  -2.50738978e-01  5.51806875e-02]
 [ 2.92511494e-03 -3.89940776e-02 -8.48245844e-02  2.11396202e-01
  -4.23605829e-01 -4.09397304e-01 -7.99148008e-02 -9.47266370e-02
  -2.11636163e-02  1.74578074e-02]
 [-2.07775280e-01  3.69833589e-01  2.86415016e-04  2.58359104e-01
   9.24561732e-03 -3.78721923e-01 -2.21296132e-01  4.56996530e-01
   4.93839055e-01  1.35567382e-01]
 [-2.98844695e-01  2.13359132e-01  7.90960342e-02  4.86751169e-01
  -1.25598861e-02 -9.01985094e-02 -2.50465721e-01  1.08321331e-01
  -8.64749178e-02 -1.39261127e-01]
 [ 4.17446524e-01 -2.47328982e-01  6.80171102e-02  6.92410320e-02
   4.23242956e-01 -2.00753547e-02  1.27441034e-01 -1.57175452e-01
  -3.30989838e-01 -1.16056822e-01]
 [ 3.66055280e-01  3.63896519e-01  1.34190366e-01  6.25685304e-02
   1.96756661e-01 -2.95086235e-01 -1.15159556e-01 -2.07515225e-01
   1.02000467e-01  3.37306440e-01]
 [ 4.97589052e-01  5.98486900e-01  4.55153346e-01 -1.47197112e-01
  -4.74951297e-01  3.07988971e-01 -4.90974694e-01  6.55194595e-02
   4.34473813e-01  8.67625698e-02]
 [-1.19590729e-01  2.82789823e-02 -5.80840558e-02  4.98721808e-01
  -4.51935887e-01  1.13811530e-01 -4.61987853e-01  2.07104892e-01
   1.32514492e-01  1.35499611e-01]
 [ 2.41635919e-01  1.10777229e-01  1.03035502e-01 -4.60519008e-02
   7.25612342e-02 -2.19907448e-01 -3.23210448e-01 -2.44681373e-01
   4.89046089e-02  1.26851182e-02]
 [ 3.80325466e-01 -2.31656432e-02  2.39722684e-01  1.04667798e-01
  -1.31963924e-01 -2.16488421e-01  1.43946201e-01 -8.31717849e-02
   2.77068287e-01  5.11197336e-02]
 [-1.20682716e+00 -1.03045702e+00  2.36435747e+00 -9.43056405e-01
  -1.81940243e-01  1.89745843e-01  2.16443017e-02  9.56380486e-01
  -7.06320584e-01  1.96007740e+00]]
Peso 2:
[ 0.8653807   0.6925319  -0.15874103  0.48244494 -0.00472109 -0.00335408
 -0.04382368  0.05625373  0.44079703 -0.20976213]
Camada: saida
Peso 1:
[[-0.9102047   1.2977282 ]
 [-0.654929    1.2032439 ]
 [ 1.6392034  -1.5470164 ]
 [-0.86660963  0.9007203 ]
 [-0.51944846  0.5380922 ]
 [-0.69407195 -0.6168403 ]
 [ 0.6174379   0.00251267]
 [ 0.88457394 -0.10909835]
 [-0.41273677  0.8093009 ]
 [ 1.3193849  -1.2220732 ]]
Peso 2:
[-0.48048395  0.4804876 ]



pesos modelo: 
Test loss: 0.0001, Test accuracy: 1.0000
Camada: meio
Peso 1:
[[ 0.47718415  0.01727167  0.19229028 -0.30165213 -0.40164503 -0.37792605
   0.4844993  -0.23204166  0.23810455  0.27966508]
 [ 0.2263774  -0.17560376 -0.3094217   0.19299567 -0.44670132  0.0556939
   0.44474134  0.4627624   0.00943431  0.12865537]
 [-0.18035169  0.21540798 -0.23496333 -0.13321881  0.09157862  0.31601837
   0.43464428  0.3046909   0.20911303 -0.1945016 ]
 [ 0.2248959  -0.05694582  0.021671    0.2397175  -0.38719255 -0.13140795
   0.16871287 -0.10237426  0.08973815  0.3736838 ]
 [ 0.21787164  0.38781574  0.05499071 -0.00498604  0.20048471 -0.04321328
  -0.10085379 -0.2289485   0.49287775  0.14461516]
 [ 0.10037877 -0.15922679  0.20210487  0.26485962 -0.05879321  0.08325975
  -0.33450323 -0.21313733  0.1317145   0.15992711]
 [ 0.02493682  0.26851958 -0.40802723  0.1223295   0.25911975  0.42354754
   0.20488828  0.4038416   0.30355427  0.05625609]
 [ 0.01362602  0.229661    0.10071889  0.03622612 -0.43333155  0.32082215
  -0.00691571  0.4813794   0.29615736 -0.04396032]
 [ 0.39729008 -0.02272522 -0.22865325  0.2229955  -0.0209465  -0.15870525
  -0.254549   -0.08961264  0.26617843  0.1127684 ]
 [-0.13805223  0.3090378   0.04330998  0.19489016  0.44888958  0.2502904
  -0.3505823  -0.05006916  0.28605694 -0.17259605]
 [ 0.19835666  0.03463791 -0.4979353   0.29913282  0.20093995  0.33607215
  -0.25255996 -0.2875154   0.41271728 -0.17206323]
 [ 0.4380287  -0.18264417 -0.2101604   0.09841692 -0.29399887  0.20901795
   0.4639602  -0.08342212  0.33728996  0.14919548]
 [-0.12106474  0.37290925  0.14693813  0.2698653  -0.15799247 -0.13421011
  -0.07649282  0.25731796  0.04777701 -0.03240999]
 [ 0.42130375 -0.05709231 -0.23498143  0.18385462 -0.43104205  0.24802132
   0.42154717  0.3242164   0.3095869  -0.41231292]
 [ 1.7742854   1.4165215  -0.42683944 -1.2069104  -0.41780508  1.3621196
  -0.33095026 -0.46113363 -2.2785847  -0.16702792]]
Peso 2:
[-0.11515009  0.01189444 -0.14827932  0.4623319   0.05516877 -0.16688697
  0.10948043  0.17786045  1.1399031   0.03208753]
Camada: saida
Peso 1:
[[ 1.1286534  -1.4212198 ]
 [ 0.57233137 -1.2344533 ]
 [ 0.30593088 -0.66050476]
 [-0.9306752   0.8005821 ]
 [-0.09285505  0.16690654]
 [ 0.2984611  -1.4173926 ]
 [-0.40986624  0.22479743]
 [-0.97899497 -0.20256566]
 [-1.647382    2.0965145 ]
 [ 0.09614915  0.32403255]]
Peso 2:
[-0.29679263  0.29679748]



pesos modelo: 
Test loss: 0.0001, Test accuracy: 1.0000
Camada: meio
Peso 1:
[[-1.44155979e-01 -1.37601942e-01 -4.55019116e-01 -3.11112523e-01
  -4.59598660e-01  3.33718628e-01  4.32640225e-01 -4.39057022e-01
   2.97599345e-01  4.50343817e-01]
 [-1.53898329e-01 -1.40358821e-01 -6.14087284e-02  1.02885582e-01
   1.07200280e-01 -2.51768619e-01  1.69817992e-02  2.24008574e-03
   3.07599425e-01 -1.44058824e-01]
 [-1.89562902e-01  2.37186894e-01  3.87236886e-02  1.69079416e-02
  -4.32856768e-01 -1.81647658e-01  2.89929777e-01 -7.87324854e-04
  -1.92181081e-01 -2.79589146e-01]
 [ 1.87553614e-01  1.32431671e-01 -3.76653254e-01 -1.17601886e-01
   1.49568364e-01 -2.09879205e-01  5.63977480e-01  2.36322600e-02
   1.11177236e-01  2.74210602e-01]
 [-3.97462994e-01 -1.01091631e-01 -1.38678877e-02  1.11930281e-01
  -1.51529670e-01  2.09046721e-01  4.85222161e-01  2.57990092e-01
  -4.87599075e-01 -6.30069971e-02]
 [ 3.12770963e-01  3.27398211e-01 -1.09923124e-01  2.51288146e-01
   2.62918502e-01  4.57433134e-01  1.94918856e-01  1.71267569e-01
  -5.08927584e-01  1.02694958e-01]
 [ 1.45435646e-01 -1.19867615e-01 -4.44874704e-01  3.02372158e-01
   3.31733584e-01 -2.43205190e-01 -1.72033325e-01 -1.22463098e-02
   2.36690596e-01  1.18421927e-01]
 [ 1.21262282e-01 -1.47000134e-01 -2.11737856e-01  4.90311950e-01
  -3.97784323e-01  4.33490664e-01 -3.05456221e-02  3.32284003e-01
  -9.60544646e-02 -3.57113071e-02]
 [ 2.95672387e-01  2.48953849e-01 -1.62157103e-01  2.17243120e-01
   4.34742332e-01 -8.97527486e-02  5.34647740e-02 -1.55348629e-01
  -4.03809458e-01  4.79492575e-01]
 [-2.56141514e-01 -2.37789676e-01  2.60537207e-01  4.30996895e-01
  -3.09150517e-01  3.23403269e-01  1.91796064e-01  3.50544244e-01
  -3.04575264e-02 -4.41426830e-03]
 [ 4.01686490e-01  4.35181201e-01  2.75686800e-01  4.71178591e-01
  -4.00314063e-01  3.85681599e-01 -7.80979767e-02  2.12633401e-01
  -1.83461010e-01 -1.97183833e-01]
 [-1.74465910e-01 -1.27232179e-01  3.00287306e-01 -3.74428146e-02
   5.24748027e-01 -2.33947083e-01  6.94476962e-02 -1.51225448e-01
  -4.16866750e-01  1.41275153e-01]
 [ 4.91094172e-01  1.75099194e-01  2.24846780e-01  4.60111469e-01
  -2.20873401e-01 -1.56137168e-01  3.27943414e-01  2.45360821e-01
   1.53034583e-01  5.39194405e-01]
 [ 5.20562828e-01  3.43205422e-01  1.58278167e-01  3.62455308e-01
   1.93269640e-01 -2.18560278e-01  1.73581213e-01  2.06923887e-01
   2.55229115e-01  2.82528937e-01]
 [-6.12133265e-01  1.16153979e+00  1.16910832e-03 -1.81958687e+00
  -3.26547176e-01 -4.89789873e-01 -1.32772970e+00  2.39189553e+00
   4.14288864e-02  1.24089420e+00]]
Peso 2:
[ 0.33417204 -0.0048191   0.00859412  0.90118915  0.16794701  0.19708377
  0.83210164 -0.15617844 -0.05924037 -0.00471155]
Camada: saida
Peso 1:
[[-0.7597573   0.32748908]
 [ 0.8307335  -0.5236097 ]
 [-0.49635157 -0.1399929 ]
 [-1.4846188   1.312592  ]
 [ 0.09316019  0.71120656]
 [-0.69252586 -0.09060184]
 [-1.3212588   1.1399089 ]
 [ 1.3701797  -1.8647437 ]
 [-0.31805268  0.26546887]
 [ 1.0106184  -0.6420098 ]]
Peso 2:
[-0.31457594  0.31458062]



pesos modelo: 
Test loss: 0.0001, Test accuracy: 1.0000
Camada: meio
Peso 1:
[[-0.4059509   0.2839283   0.4744062   0.33177027  0.4525183   0.06857768
   0.3246384   0.32049373  0.33340034 -0.32201856]
 [ 0.15013085 -0.33390096 -0.08135567  0.19376074 -0.12089265 -0.4368164
   0.32066065 -0.05666648 -0.39710712  0.42588583]
 [ 0.00601587 -0.02036135  0.23264433 -0.05407098  0.1419542  -0.282436
   0.28917852  0.44275352 -0.05195579  0.2851041 ]
 [ 0.05686473  0.27638164  0.231238   -0.16722484  0.32224372  0.08037893
   0.1944918  -0.11408869  0.42599553  0.0374757 ]
 [-0.39173952 -0.4595226   0.26757938 -0.00311868  0.13159601  0.15146835
   0.36554402 -0.264555   -0.12164073  0.29415205]
 [ 0.25483826 -0.02599774  0.23957753 -0.1724485   0.24934067 -0.19795625
   0.29482427  0.12033362 -0.32460675  0.22108029]
 [-0.19149412  0.06766092  0.41371736 -0.22899134  0.35600674  0.42702532
   0.24429479  0.46556947 -0.2767996   0.07752465]
 [ 0.05027531 -0.513315   -0.09760427 -0.08812101 -0.08429398  0.13357083
   0.28982303  0.01700431  0.2746721   0.34512693]
 [ 0.32297102  0.31096026  0.08299833 -0.21575236  0.34075043  0.3820055
   0.28908277  0.4645993  -0.0509953   0.4090091 ]
 [-0.08812168 -0.34315452  0.11757977  0.11844499  0.13536923 -0.284723
   0.35698625 -0.15025586 -0.1507174   0.42894843]
 [ 0.27407607  0.18983507  0.01735351 -0.27789304  0.0048086   0.33961236
   0.24129277 -0.12901866 -0.15790033 -0.02134846]
 [ 0.14374396  0.31605038  0.46208724 -0.43167672  0.22100477 -0.19328617
   0.36794    -0.1834108  -0.39096305  0.07137455]
 [ 0.38389957 -0.04989894  0.24800515  0.03523511 -0.13919482  0.16434976
   0.49874017 -0.22778831 -0.12807828  0.10513078]
 [ 0.49763075 -0.14501056 -0.16971852 -0.14557531  0.26605514  0.3105548
  -0.06479053  0.18106863  0.07254151 -0.11371814]
 [ 0.41290846 -0.31590164  1.8127228  -0.2521709  -0.98266     0.47440532
  -2.6203766  -0.27208197  0.22770518  1.5109262 ]]
Peso 2:
[-0.04364787 -0.23620237 -0.12087315 -0.05926524  0.37698838 -0.01006741
  1.1680032   0.07701244  0.01454203 -0.21464144]
Camada: saida
Peso 1:
[[ 0.17861795 -0.46035454]
 [ 0.2682075  -0.09997785]
 [ 0.7513481  -1.7550411 ]
 [ 0.1821878  -0.5371771 ]
 [-0.51777947  1.0577195 ]
 [ 0.50557864  0.01083887]
 [-2.3580005   1.7626553 ]
 [-0.5281439   0.02484323]
 [ 0.02655621 -0.18019126]
 [ 1.5388966  -0.5422242 ]]
Peso 2:
[-0.18690512  0.18691075]



pesos modelo: 
Test loss: 0.0001, Test accuracy: 1.0000
Camada: meio
Peso 1:
[[ 2.52751380e-01  4.43721086e-01  1.51331723e-02 -2.76919186e-01
  -7.28602111e-02 -2.14607388e-01  3.22821230e-01 -3.31534684e-01
  -4.59866136e-01 -1.53104663e-02]
 [-1.98848709e-01 -6.72409013e-02  1.32525951e-01  2.87140366e-02
   3.94782126e-01 -3.04623265e-02 -2.67702252e-01 -3.25489730e-01
   1.13379233e-01  5.26243672e-02]
 [-9.21129957e-02  3.28581899e-01  2.32795328e-01  2.09223881e-01
   5.65484226e-01  1.16277732e-01  1.64542589e-02  1.24228345e-02
   3.24414462e-01  1.15296416e-01]
 [-1.15098074e-01 -3.85038406e-02  1.03049045e-02 -4.86765802e-01
   4.05529499e-01  2.91666389e-01  2.41972297e-01  1.72379538e-01
  -3.38549137e-01 -4.90687370e-01]
 [ 3.88683587e-01  5.30593051e-03 -8.44488479e-03 -3.19191873e-01
  -1.37324616e-01 -4.49646622e-01  2.96254247e-01  3.57303232e-01
   2.59548314e-02 -4.81227010e-01]
 [ 5.79966664e-01  3.98848802e-01  1.23293526e-01  4.04204041e-01
   2.31529251e-01 -3.41337591e-01  2.34634981e-01  2.83251286e-01
  -1.39298916e-01  4.06326115e-01]
 [ 1.14238583e-01 -1.52582631e-01  3.00109416e-01  1.02039799e-01
   3.52420583e-02 -1.29820272e-01 -3.86341698e-02 -4.16853540e-02
   5.05438209e-01 -8.23313296e-02]
 [-1.85065657e-01  8.79465565e-02  3.49509656e-01 -4.92972314e-01
   5.09716928e-01  2.46531755e-01 -3.23434114e-01 -2.66140729e-01
   5.63660085e-01 -4.35929775e-01]
 [ 4.25204009e-01  2.51561224e-01  3.31589192e-01 -4.61515665e-01
   1.75789759e-01  2.13615388e-01  2.69614816e-01 -1.96283162e-01
   2.82979488e-01  2.07116199e-03]
 [ 4.30219740e-01  1.65481493e-01  1.41909078e-01 -8.45539346e-02
   3.31783533e-01 -2.28469387e-01 -2.79270917e-01  1.44851536e-01
  -1.42744288e-01 -1.19215474e-01]
 [ 1.93939924e-01  2.20497951e-01 -1.00627720e-01 -7.04710856e-02
   4.48830537e-02 -2.79785693e-01 -1.50217906e-01 -1.63036391e-01
   2.31219292e-01 -6.81142211e-02]
 [ 4.39788282e-01 -4.17122105e-03 -6.40264302e-02  5.08872494e-02
  -2.31804207e-01 -1.30123183e-01  2.21722618e-01 -7.98055083e-02
  -8.46159384e-02 -5.13208397e-02]
 [ 4.65810239e-01  3.02245021e-01  1.74824260e-02 -2.82157928e-01
   5.63426353e-02  2.34569833e-01  2.07567170e-01  7.74444491e-02
   9.02302191e-02 -8.71183723e-02]
 [ 3.01953703e-01 -1.20284803e-01  5.94881296e-01 -4.90415990e-01
   2.53704429e-01 -3.47777963e-01  4.81851369e-01  2.06755131e-01
   2.66826302e-01 -1.80850506e-01]
 [-1.49958825e+00  1.79324865e+00  2.23209238e+00 -3.27223957e-01
  -1.70156991e+00  1.62690014e-01 -6.56023920e-01  4.02351499e-01
  -8.36528301e-01  1.99855372e-01]]
Peso 2:
[ 0.639838   -0.06517962 -0.223633   -0.06377473  0.91266364 -0.00221482
  0.2914686   0.00714525  0.45942765 -0.04995581]
Camada: saida
Peso 1:
[[-1.0668743   1.120339  ]
 [ 1.1160372  -1.1330342 ]
 [ 1.3705564  -1.6329783 ]
 [ 0.37596846 -0.0035821 ]
 [-1.5151473   1.38622   ]
 [ 0.46071568  0.42819104]
 [-0.9710049  -0.1342776 ]
 [-0.09534242 -0.4623903 ]
 [-0.29021224  1.2622074 ]
 [-0.5939122   0.2830531 ]]
Peso 2:
[-0.22225288  0.222257  ]



pesos modelo: 
Test loss: 0.0002, Test accuracy: 1.0000
Camada: meio
Peso 1:
[[ 8.64408910e-02  3.39525372e-01 -4.31719840e-01  5.18884957e-02
  -3.34478855e-01 -3.94374639e-01 -2.52369434e-01  4.23089653e-01
   5.99470437e-02  2.33381838e-01]
 [ 2.94377226e-02  4.33404893e-01  2.95848876e-01  4.09436226e-02
   3.86473954e-01  4.21249837e-01  1.61353722e-01 -3.52934301e-01
   5.01830518e-01 -2.76245058e-01]
 [-2.28901699e-01  5.38010299e-01 -7.67623186e-02  2.91812778e-01
  -2.24229440e-01  2.09022015e-01  4.52236742e-01  2.95946270e-01
   3.52945298e-01 -8.57553184e-02]
 [ 2.84243226e-02  1.71686068e-01 -1.33761587e-02 -2.43798763e-01
   1.38406470e-01  2.70628780e-01  1.22541808e-01 -2.70886362e-01
   4.98287201e-01 -3.51375729e-01]
 [ 1.12865865e-01  2.84391433e-01  2.05014035e-01 -6.75533488e-02
   2.65282393e-01  1.24317065e-01 -2.71161437e-01 -7.75938630e-02
  -3.13722104e-01  3.35953027e-01]
 [ 1.48845106e-01  5.31453229e-02  1.61851272e-02  4.96481434e-02
   3.86049122e-01  1.24367386e-01 -4.49428201e-01  2.20530212e-01
  -1.90124482e-01 -3.68824340e-02]
 [ 3.60912472e-01  4.85071063e-01  2.52314836e-01 -3.21328193e-01
  -1.45459559e-03  2.14007571e-01 -4.98685688e-02  3.10615659e-01
  -5.58204018e-02 -3.80730838e-01]
 [ 5.84760964e-01  3.41963261e-01  2.61899322e-01  7.34948069e-02
  -1.39179513e-01  1.41314805e-01 -3.47170085e-01 -1.38080612e-01
  -2.24362046e-01  9.82362255e-02]
 [ 3.69933754e-01  4.21597213e-01  3.72406960e-01  8.44160616e-02
   3.87081325e-01  3.65499526e-01  4.71137106e-01  1.43851489e-01
   3.98204654e-01 -3.48458558e-01]
 [-1.91152081e-01  8.05591121e-02  2.26658165e-01 -4.55168575e-01
   5.53026319e-01 -1.17920615e-01  2.03618631e-01  3.14091623e-01
   3.39007705e-01 -2.51289397e-01]
 [-1.41898720e-02 -1.32163137e-01  4.13098410e-02  1.29653946e-01
   4.24037516e-01 -1.30506471e-01 -3.43870260e-02 -3.02593559e-01
  -2.16180831e-01  6.02634586e-02]
 [-9.40315872e-02  1.86978523e-02 -6.12929910e-02 -4.81372625e-01
   4.50372025e-02 -1.22249521e-01 -6.35719523e-02  8.65234360e-02
  -2.34156344e-02 -4.01217699e-01]
 [ 5.42912126e-01  2.71071643e-01  2.00124905e-01  1.01053476e-01
  -1.34763564e-03  1.69901848e-01  2.47194201e-01 -1.84654742e-01
  -1.96527340e-04  3.25266942e-02]
 [ 1.74819499e-01  3.90497707e-02 -2.46875495e-01 -4.52164412e-01
   2.59453058e-02  1.30834043e-01 -1.26867695e-03  4.10134643e-01
  -6.86113983e-02  2.61688441e-01]
 [-8.17960441e-01 -1.72555995e+00  2.07574487e+00  9.44380909e-02
  -1.12507761e+00  2.07035995e+00  2.61194259e-01  8.09626937e-01
  -1.96782961e-01  1.64408222e-01]]
Peso 2:
[ 4.5378301e-01  1.0102036e+00 -1.5061580e-01 -1.2342300e-04
  5.2152383e-01 -2.8833348e-01 -2.8683845e-02  2.8561953e-02
  1.2050147e-01 -2.3051744e-02]
Camada: saida
Peso 1:
[[-0.3758997   1.0135639 ]
 [-1.6635251   1.3519694 ]
 [ 1.3006841  -1.5096271 ]
 [-0.09008099 -0.07879032]
 [-1.0175006   0.81148946]
 [ 1.4332354  -1.3054663 ]
 [-0.22509454 -0.41757476]
 [ 0.83955276  0.12525676]
 [-0.6917901  -0.16008563]
 [ 0.07361393 -0.3730187 ]]
Peso 2:
[-0.41304374  0.41304854]



pesos modelo: 
Test loss: 0.0001, Test accuracy: 1.0000
Camada: meio
Peso 1:
[[-9.23088193e-02 -1.43052548e-01  1.80614144e-01  6.78862631e-02
   4.86167341e-01 -8.58969092e-02  3.47192734e-01 -4.03280348e-01
  -2.94645369e-01 -3.13062370e-02]
 [-4.06990051e-01 -6.41314164e-02  5.65281920e-02  1.09272040e-01
  -1.17890798e-01  4.14695710e-01 -2.35699490e-01 -1.62881985e-01
   4.31153715e-01 -1.67428106e-01]
 [ 3.90836179e-01  4.15676057e-01  3.10323447e-01 -1.48738086e-01
   1.25143483e-01  4.55475330e-01  3.97882849e-01 -9.28211138e-02
   1.96501955e-01 -2.15163723e-01]
 [ 2.17997238e-01  2.44695157e-01 -2.79081941e-01  3.31902146e-01
   2.63326764e-01 -8.08402225e-02 -1.53334841e-01  8.69154409e-02
   1.23025849e-03 -3.18728864e-01]
 [ 4.14276391e-01 -3.16798121e-01  2.43742894e-02  4.11390454e-01
   2.37042695e-01  2.01293349e-01 -1.31245673e-01 -1.80684939e-01
   1.43851683e-01 -1.60568446e-01]
 [ 7.90293142e-02  1.07618302e-01  3.07575107e-01  6.59265339e-01
   4.32731867e-01  3.53180379e-01  3.85424830e-02  3.39630038e-01
   4.40839380e-01 -8.70208144e-02]
 [-1.23023488e-01  2.69441515e-01  1.88217476e-01  1.59391806e-01
   1.51311398e-01  2.95324661e-02 -5.46109769e-03 -1.35163188e-01
  -2.29881331e-01  1.11286439e-01]
 [-1.81673825e-01  2.24782974e-01  3.95348161e-01  1.86804891e-01
   9.01749954e-02  9.77233574e-02  3.37110758e-01 -1.10423066e-01
  -2.10272908e-01 -4.42313135e-01]
 [ 2.18433961e-01  3.51941615e-01  4.08750534e-01  3.47348750e-01
   3.30460131e-01  4.49900657e-01  2.42853202e-02 -1.41977921e-01
   3.17779154e-01 -1.68253019e-01]
 [-1.33861020e-01 -1.77979425e-01 -9.15959328e-02  7.70174414e-02
   1.80426791e-01  1.52631447e-01  1.24934740e-01 -4.41420913e-01
  -6.74307197e-02  4.46268678e-01]
 [-4.30830181e-01 -1.96576089e-01 -6.38543069e-02  1.62197903e-01
   4.88549331e-03  2.12627664e-01  2.90650636e-01 -3.03708106e-01
   4.03767198e-01  5.49780428e-01]
 [ 1.84065893e-01  4.18894142e-01  8.70181993e-02 -1.55898958e-01
  -2.04737872e-01  2.38265097e-01  5.69285691e-01 -2.36403972e-01
   5.66711724e-01 -1.25352502e-01]
 [ 2.53609806e-01 -2.69284785e-01  1.47589040e-03  1.07814766e-01
   3.68482530e-01  5.69632173e-01 -2.53073782e-01  4.61012162e-02
   1.97284371e-01  6.28506422e-01]
 [ 7.02826679e-02  3.39265853e-01  1.67697117e-01  1.23756349e-01
   2.73984224e-01  1.85028344e-01 -8.03181231e-02  2.28186652e-01
  -1.98431954e-01 -3.14828098e-01]
 [-1.18379220e-01 -7.25193441e-01  1.33202446e+00 -1.58414412e+00
   1.88345098e+00 -1.91415060e+00 -6.85020983e-01  1.43847406e-01
   1.31686592e+00 -3.34770083e-01]]
Peso 2:
[ 0.04281291  0.29397687 -0.04680664  0.8711008  -0.22244832  0.7641026
  0.360999    0.00168979 -0.07117055  0.21468708]
Camada: saida
Peso 1:
[[-0.60056275 -0.24888965]
 [-0.8523283   0.13915037]
 [ 0.80751234 -0.9514607 ]
 [-1.6007653   1.0070846 ]
 [ 1.0598825  -1.3813825 ]
 [-1.4111582   1.5332503 ]
 [-0.7294431   0.26143846]
 [-0.28971756 -0.43580765]
 [ 1.1820889  -0.6684048 ]
 [-0.00461159  0.72821486]]
Peso 2:
[-0.23315439  0.23316073]



pesos modelo: 
Test loss: 0.0001, Test accuracy: 1.0000
Camada: meio
Peso 1:
[[-4.19706881e-01  1.55443341e-01  1.27893001e-01 -1.35032237e-02
  -1.16376668e-01 -4.40250844e-01  8.32741559e-02 -4.85461831e-01
  -3.12993109e-01 -9.31239724e-02]
 [ 2.50694752e-01 -7.70827606e-02  1.57027960e-01  1.61910310e-01
  -2.85821676e-01  3.67759883e-01  4.43849325e-01 -2.67649531e-01
  -8.67582113e-02  4.85275015e-02]
 [-5.07288933e-01 -4.04110432e-01 -3.33728567e-02  1.47365496e-01
   1.33340461e-02 -2.74694473e-01  1.71088725e-01  2.84969151e-01
  -1.66016623e-01  1.21271452e-02]
 [-3.49392533e-01 -2.53555607e-02  1.47626251e-01  4.92100894e-01
  -5.12165427e-01 -3.58581245e-01  1.20011747e-01  2.76078343e-01
  -9.01769996e-02  7.36929998e-02]
 [ 3.46591249e-02  2.51823664e-01  1.89149082e-01  3.90482992e-01
  -4.95463729e-01  1.40434518e-01  2.28529513e-01 -4.50452417e-01
   2.09216066e-02  8.31557661e-02]
 [ 2.68830240e-01 -3.93804371e-01  8.99473429e-02  4.57681894e-01
  -1.98201776e-01 -1.53478771e-03 -1.82989597e-01  2.87448049e-01
  -1.94808301e-02  5.62310359e-03]
 [-4.25947845e-01 -5.33538759e-01  5.37332483e-02  4.45549756e-01
   2.05323204e-01  1.03350215e-01  1.05083473e-01 -1.29209116e-01
   1.46732450e-01  2.47679010e-01]
 [-1.14294805e-01  1.78641722e-01  4.56930734e-02  2.45004036e-02
  -6.88949451e-02 -1.80446237e-01  3.89301360e-01 -2.66274326e-02
   9.95562896e-02  4.99301478e-02]
 [ 6.57003699e-03  1.15607947e-01  1.21189222e-01  3.65080684e-01
  -2.34200820e-01  2.83224851e-01 -1.20886095e-01 -9.11965817e-02
  -1.08800098e-01 -9.67408195e-02]
 [ 1.87516034e-01  2.91918498e-02  7.26747811e-02  3.94923359e-01
   1.74763426e-01 -5.05302437e-02  9.98288989e-02 -4.94205207e-01
   4.89655465e-01  2.70651221e-01]
 [-3.28142121e-02 -2.08052605e-01  4.77468371e-02  2.00764000e-01
   1.43766388e-01 -2.06828222e-01 -9.22657251e-02  1.85128108e-01
   2.65520513e-01 -6.52470812e-02]
 [ 1.92374527e-01  2.19756007e-01 -3.01038213e-02  2.23858327e-01
   1.90998912e-02  4.77126539e-01 -1.40303314e-01 -1.50901064e-01
  -1.96660861e-01 -3.00625544e-02]
 [-1.51925758e-01  4.68550511e-02  1.91335473e-02  1.64081361e-02
   1.16798788e-01  6.48729578e-02  4.31137592e-01 -2.72736028e-02
   4.13381219e-01  1.77408174e-01]
 [ 2.11505562e-01 -3.84528898e-02 -2.74448842e-02  9.93735418e-02
   3.67154963e-02 -1.61804613e-02  2.43219748e-01 -2.33784586e-01
   3.25379223e-01  2.43979737e-01]
 [-1.31486659e-03 -3.16001892e-01  2.57871199e+00 -1.40786469e+00
  -3.53920966e-01 -4.30615604e-01 -8.19114625e-01 -3.30494553e-01
  -4.67739195e-01  2.08757448e+00]]
Peso 2:
[-0.06540878 -0.28791624 -0.18648237  0.871723   -0.2951401   0.01744261
  0.6855145  -0.28736907  0.36358577 -0.18021953]
Camada: saida
Peso 1:
[[-0.19665617  0.37068865]
 [ 0.22763906 -0.24774991]
 [ 1.7665619  -1.6637068 ]
 [-0.9853514   1.5396444 ]
 [ 0.28682187 -0.4143652 ]
 [-0.19369075  0.1301993 ]
 [-0.8600762   0.8890146 ]
 [ 0.2609661  -0.10332   ]
 [-0.6186795   0.40082428]
 [ 1.5459707  -1.3462446 ]]
Peso 2:
[-0.72375154  0.7237587 ]



pesos modelo: 
Test loss: 0.0001, Test accuracy: 1.0000
Camada: meio
Peso 1:
[[-3.74590456e-01 -1.33662820e-01  2.41055787e-02  1.74260229e-01
  -2.72934914e-01 -4.42999631e-01 -2.33834326e-01 -6.67901933e-02
   3.18430096e-01  3.65989000e-01]
 [ 4.08811420e-01 -1.69219464e-01 -8.03618431e-02  3.77668768e-01
  -8.49900916e-02  1.90766603e-01  2.91454673e-01  3.89312863e-01
  -3.36480170e-01 -2.86152154e-01]
 [-2.45386049e-01  2.22351953e-01 -1.42905070e-02 -1.66698247e-01
  -1.57449141e-01  3.51368517e-01  1.55441225e-01  2.55920947e-01
  -3.18625569e-01 -3.49294573e-01]
 [-3.62817496e-01  4.60534990e-01 -3.83327067e-01  4.27028388e-01
   2.13034347e-01  4.19137508e-01  4.36994344e-01 -3.13452035e-01
   3.45015079e-01  9.25443619e-02]
 [-7.93064162e-02  3.53549629e-01 -3.13393950e-01  4.23707038e-01
  -2.64526814e-01  4.45150584e-01  3.68741125e-01  7.35707581e-02
  -3.72856557e-01 -2.83995494e-02]
 [-3.65114123e-01  3.37512463e-01 -4.27765042e-01 -7.47006685e-02
  -3.65332484e-01  3.67238313e-01  3.12304705e-01  1.29829124e-01
  -3.72664630e-01  3.63596886e-01]
 [ 4.05642986e-01  4.20720071e-01  1.14819594e-01 -6.84554800e-02
   1.69146985e-01  3.78328174e-01  4.34289306e-01 -1.33756250e-01
   3.97412956e-01 -2.62693405e-01]
 [-1.12592407e-01  2.69782186e-01  3.15952569e-01  4.11993474e-01
   1.28265321e-01  5.02013922e-01 -5.82469441e-02  1.74773753e-01
  -3.63622636e-01 -2.92652488e-01]
 [ 7.40946755e-02  6.81523085e-02  3.22024256e-01  3.25170487e-01
   1.97236240e-01  2.46194273e-01  1.23173937e-01  1.52135128e-03
  -2.48646036e-01 -4.40459587e-02]
 [ 4.15700555e-01 -6.92734644e-02 -4.68569517e-01  6.70150295e-02
   2.50566363e-01  3.48433375e-01 -3.00485104e-01  4.38505769e-01
  -1.01692699e-01 -4.24763054e-01]
 [-3.23607981e-01 -6.78767934e-02 -4.20390993e-01 -1.27231419e-01
   1.46807417e-01  2.95548677e-01 -4.51697290e-01  4.12914574e-01
   2.80060738e-01 -3.32032561e-01]
 [-3.24524581e-01 -1.47315204e-01 -1.12707511e-01 -2.98433930e-01
  -2.29668990e-01  7.79199749e-02 -3.96643817e-01  2.87225932e-01
  -3.40951383e-01 -3.25782418e-01]
 [-2.43777022e-01  4.21303838e-01 -3.08696508e-01  2.70598195e-02
   3.39372307e-01  5.62767863e-01  1.03841275e-01  1.02907792e-01
  -1.66591331e-01 -1.34069435e-02]
 [-1.05931140e-01 -1.67299151e-01  1.25711545e-01  1.71026438e-01
   6.72472492e-02 -2.37431657e-02  2.95462400e-01 -1.67994071e-02
   3.87646228e-01  3.88112873e-01]
 [-3.97008270e-01  2.34768295e+00 -1.77559480e-01  4.85400558e-01
   4.71442223e-01 -2.46603489e+00 -3.94580752e-01  1.35977125e+00
   1.79997176e-01  2.94870913e-01]]
Peso 2:
[-0.05833173 -0.13950126 -0.05678832 -0.11098094  0.02105184  1.2132783
 -0.06013194 -0.24387054 -0.11778343 -0.03596869]
Camada: saida
Peso 1:
[[ 0.38865438  0.34615383]
 [ 1.458348   -1.7504467 ]
 [ 0.539284    0.21530035]
 [-0.0741985  -0.74894005]
 [ 0.5245752  -0.05630403]
 [-2.1283116   1.8891299 ]
 [-0.07870165  0.32882255]
 [ 0.5259361  -1.2090924 ]
 [-0.45142487 -0.02953237]
 [ 0.24798435  0.51481754]]
Peso 2:
[-0.46576095  0.4657659 ]



pesos modelo: 
Test loss: 0.0001, Test accuracy: 1.0000
Camada: meio
Peso 1:
[[ 1.20093256e-01  3.76861542e-01  3.06160539e-01  4.26275283e-01
  -3.26787651e-01 -4.76797670e-01 -9.42999125e-02 -4.72010374e-01
   8.32915306e-04  3.39191526e-01]
 [ 1.83600157e-01 -4.76557732e-01  1.00722127e-01 -1.95775777e-01
  -1.82036370e-01  2.67876416e-01  5.52928507e-01  2.21594144e-02
   2.17145175e-01  3.25809680e-02]
 [-1.29510701e-01 -3.16098928e-01 -6.05253242e-02  2.68162578e-01
   3.65751266e-01  4.11017030e-01  4.34490889e-01  4.54388112e-01
  -2.52257958e-02 -3.77418488e-01]
 [-2.77954429e-01 -3.19136739e-01 -4.58056889e-02  1.43664882e-01
  -1.49869978e-01  3.10776591e-01 -3.20577552e-03  1.97581336e-01
   2.86872774e-01 -1.49563938e-01]
 [ 1.60091929e-02 -4.76791650e-01  9.49487686e-02  1.54149961e-02
   4.17184711e-01  4.36359122e-02  3.10394198e-01  6.74829707e-02
  -3.43849673e-03 -3.28465854e-03]
 [ 9.49232280e-02 -2.79715598e-01 -1.59392301e-02  3.59393731e-02
  -2.70611584e-01 -3.14294025e-02 -1.21895917e-01 -4.25626993e-01
   2.76372135e-01 -1.65900916e-01]
 [ 4.38054919e-01  2.71343708e-01  5.07957101e-01  2.74942338e-01
   2.09643915e-01 -1.72649741e-01 -1.14117585e-01 -1.71557829e-01
   3.12753648e-01  4.45306391e-01]
 [-2.10671902e-01 -2.74424344e-01 -5.76973259e-02  9.08878818e-02
  -5.12481257e-02 -6.32589534e-02  3.36347342e-01  8.93205218e-03
  -7.09700733e-02 -3.58541846e-01]
 [ 1.97354153e-01 -2.93507367e-01  2.11908087e-01  1.27552018e-01
  -6.06846549e-02 -7.60509595e-02  1.11015588e-01 -2.68136948e-01
   1.95293695e-01 -3.43143716e-02]
 [-3.78919214e-01  1.14470445e-01 -1.27936989e-01  9.86016914e-02
  -3.07522923e-01  3.63444000e-01  6.13692626e-02 -3.46289217e-01
   3.77576828e-01  6.24675974e-02]
 [ 3.58219475e-01 -3.64909232e-01  7.88134784e-02 -1.71787366e-02
   3.65132272e-01  2.42414236e-01  1.31535128e-01 -5.35782725e-02
   2.28119820e-01  4.73012745e-01]
 [ 1.67528450e-01 -1.28839433e-01  2.95764923e-01  5.93235679e-02
   5.68836808e-01  3.40130150e-01  1.10809892e-01  2.22255498e-01
   3.05802107e-01 -3.80248010e-01]
 [ 3.60819638e-01 -3.92392248e-01  1.48665626e-02 -2.44558573e-01
  -3.16263229e-01  2.41659418e-01 -4.01055291e-02  3.57612729e-01
   4.22878921e-01 -1.00013047e-01]
 [-2.09949717e-01  3.63746285e-01  3.25346678e-01  3.71854246e-01
   3.95885229e-01  6.57180026e-02 -6.08508512e-02  1.05140679e-01
   2.31976867e-01 -4.65386808e-01]
 [-2.61168778e-01 -9.90202129e-02  1.87427294e+00 -6.49838567e-01
  -6.17249727e-01  1.68265486e+00 -1.08164370e+00 -2.62227714e-01
  -2.41051030e+00 -4.12722856e-01]]
Peso 2:
[-0.00193168 -0.01485769  0.09992451  0.31099555  0.23812282 -0.07280929
  0.46838441  0.1326302   1.2714976   0.07388851]
Camada: saida
Peso 1:
[[-0.06240765  0.16625293]
 [-0.19873454 -0.6874708 ]
 [ 1.2408344  -1.2727486 ]
 [-0.56217426  0.4405648 ]
 [-0.52940696  0.5847064 ]
 [ 1.3804134  -0.91223115]
 [-0.85874563  0.7865464 ]
 [-0.09967749  0.66066414]
 [-1.8017051   1.9851898 ]
 [ 0.349969    0.7153548 ]]
Peso 2:
[ 0.07327002 -0.07326523]



pesos modelo: 
Test loss: 0.0001, Test accuracy: 1.0000
Camada: meio
Peso 1:
[[ 3.89422089e-01  4.25404042e-01 -4.64205980e-01  1.35727972e-01
  -3.29864174e-01  2.81326324e-01  2.01583654e-01  3.36301297e-01
   2.05246180e-01 -8.51881802e-02]
 [ 2.88454622e-01  1.14367006e-03 -9.97008160e-02 -3.62692267e-01
   4.51486140e-01  2.17539623e-01  2.31998146e-01 -3.57004017e-01
   2.48077124e-01  2.25183189e-01]
 [ 9.44565535e-02  1.88866019e-01 -1.03065424e-01  1.70396477e-01
   2.05707513e-02  5.07530123e-02  3.49738717e-01  3.61072451e-01
  -1.56217575e-01 -5.20608500e-02]
 [ 3.22859846e-02 -3.07273746e-01 -2.58225232e-01  2.35487655e-01
   2.90155768e-01 -3.84772837e-01 -1.10672612e-03 -1.63080767e-01
  -5.21067321e-01  1.23578504e-01]
 [ 1.81942075e-01  1.67183727e-01  4.36828822e-01 -2.88746536e-01
   3.34423892e-02 -4.47059304e-01  3.93236935e-01  1.63064778e-01
  -2.94876069e-01 -9.60495695e-02]
 [ 3.05924475e-01  4.61582243e-01  4.40554857e-01  2.64220446e-01
   2.54954845e-01  8.55559707e-02  3.24058682e-01 -3.64272386e-01
  -2.81136930e-01  2.36860499e-01]
 [ 8.76937285e-02 -2.60832403e-02  3.67174298e-01 -2.04520807e-01
   5.34344554e-01 -2.89565176e-01  1.86764494e-01 -1.43410847e-01
  -5.05374670e-01  3.21271509e-01]
 [ 4.31635380e-01  4.87831920e-01  2.69120727e-02 -3.53300691e-01
   5.61822355e-02  2.41658255e-01  2.02736691e-01 -6.23587333e-02
  -3.75190079e-01  3.42256308e-01]
 [-8.51521045e-02  4.91448522e-01 -2.78753281e-01  7.93226883e-02
  -6.54916242e-02  8.71038735e-02  1.81886286e-01 -2.02416167e-01
  -7.86387455e-03  3.36770892e-01]
 [-4.73174036e-01  4.92587179e-01 -4.15869802e-01  4.63531673e-01
  -6.01297542e-02  1.23426914e-01  4.43415433e-01  4.66583390e-03
   2.81161964e-01  1.19637273e-01]
 [ 2.61926144e-01  3.85177821e-01 -3.82968575e-01  4.63695735e-01
  -1.99532658e-01 -4.20638144e-01  1.29819110e-01  5.09078242e-02
   3.30554366e-01  2.05861658e-01]
 [ 1.29748017e-01 -8.80351365e-02 -1.50007475e-02 -4.03180420e-01
   3.94756585e-01  4.00651574e-01  8.46791342e-02 -4.28165555e-01
  -7.54686743e-02  2.46968836e-01]
 [ 1.23352967e-01  2.65496433e-01  8.64146948e-02  3.14967841e-01
  -1.44113794e-01 -2.94333398e-01  1.21647619e-01  5.43629825e-01
   3.57137024e-01  2.03335062e-01]
 [ 4.01722342e-01  4.21164751e-01  3.67195576e-01 -3.10028195e-01
   2.15080261e-01 -2.29838550e-01  1.13080099e-01 -8.09137449e-02
   3.91944587e-01  5.01341343e-01]
 [-3.82432282e-01  1.62661386e+00 -3.94772947e-01 -3.17396134e-01
   1.65088105e+00 -1.07225090e-01 -2.11526871e+00  6.01831913e-01
  -1.67125136e-01 -1.87493205e+00]]
Peso 2:
[ 0.05009596 -0.14429119  0.09913085  0.02145996  0.02008131  0.07527479
  1.0125871   0.10013244 -0.1516879   0.83538294]
Camada: saida
Peso 1:
[[-0.8514712  -0.39684087]
 [ 0.7710971  -1.6688775 ]
 [-0.6455382  -0.19892517]
 [-0.42571867  0.32494983]
 [ 0.6402272  -1.5612121 ]
 [-0.48843148  0.29931894]
 [-1.9380014   1.3645693 ]
 [ 0.5606457   0.07334764]
 [ 0.39174062  0.14293863]
 [-1.1199051   1.8054016 ]]
Peso 2:
[-0.08718026  0.08718511]



pesos modelo: 
Test loss: 0.0001, Test accuracy: 1.0000
Camada: meio
Peso 1:
[[ 1.31594986e-01 -5.04954159e-02  4.51395720e-01 -6.04906380e-02
  -4.13183868e-02 -1.84178710e-01  4.41241294e-01 -2.32529879e-01
   2.55455405e-01  1.79971546e-01]
 [ 6.30245032e-03  3.61397356e-01 -3.50083441e-01  2.75382828e-02
   4.18340385e-01  1.71536595e-01  3.95386308e-01  1.39652446e-01
   1.11717075e-01  1.18895054e-01]
 [ 4.25210267e-01  2.86030829e-01 -2.18536288e-01  4.36151266e-01
  -1.20071262e-01 -3.49592161e-03 -3.60224217e-01  2.05224425e-01
  -2.28123143e-02 -2.49769583e-01]
 [-4.55325358e-02 -4.45929825e-01  1.42999291e-01  8.32046196e-02
   3.31352502e-02 -2.41718814e-01 -1.87099755e-01 -8.09519067e-02
   4.43772405e-01 -1.55433834e-01]
 [ 4.11612719e-01 -2.78449178e-01  3.59643042e-01 -9.13441777e-02
   3.05683434e-01  1.76193848e-01 -2.59262949e-01  4.95973498e-01
   3.71484668e-03 -3.00783426e-01]
 [-1.29691079e-01 -1.16562843e-01  5.96021339e-02  8.11737105e-02
   3.77791435e-01  6.96323812e-02  1.39370526e-03 -1.74118549e-01
  -1.61216378e-01  1.17057443e-01]
 [-3.16241607e-02 -4.05075610e-01 -1.41078413e-01  4.57466274e-01
   4.12103206e-01  2.72049904e-01 -4.92369942e-02 -7.71228597e-02
   2.03793988e-01 -4.12335038e-01]
 [ 1.02267116e-01 -3.71243984e-01  3.35776806e-02  3.63462895e-01
   6.40991032e-02  3.87773901e-01  3.44805211e-01  4.92893457e-01
   1.21520571e-01  2.48058543e-01]
 [ 4.80027273e-02 -1.80308312e-01 -3.73695254e-01  2.61203498e-01
  -3.18961106e-02  9.51817334e-02 -3.13237488e-01  7.42529258e-02
  -2.06896409e-01  3.18641275e-01]
 [ 1.07469670e-01 -6.18741252e-02 -1.25444960e-02  1.95778981e-01
  -1.96470246e-01  2.08580911e-01  3.65596890e-01  5.69304824e-01
  -5.84244803e-02 -4.13087487e-01]
 [-1.53843477e-01 -4.12034392e-01 -3.28142703e-01  3.33074272e-01
   8.87472853e-02  4.03562695e-01 -2.79413551e-01  2.61169553e-01
  -1.04270708e-02  3.16230565e-01]
 [-1.60906106e-01  3.17520536e-02  1.44597776e-02 -1.32723838e-01
   3.92475456e-01  4.71599787e-01 -1.06598996e-01  4.73688930e-01
   2.91765481e-01 -2.04169735e-01]
 [ 8.32039416e-02 -1.95981190e-01 -3.90704155e-01 -4.25940640e-02
  -1.02778770e-01 -4.17463258e-02  4.89816189e-01  4.29373473e-01
   2.55840197e-02  1.33468792e-01]
 [ 2.34929666e-01  5.14640987e-01 -2.93270629e-02  4.35804754e-01
   3.14298153e-01  3.57104093e-01 -3.39213610e-01  2.33913988e-01
   3.72962803e-01 -2.77548492e-01]
 [ 1.57654786e+00 -2.23495528e-01  2.30848446e-01 -1.29047203e+00
  -1.01617432e+00  2.37328005e+00  6.40351832e-01 -1.65309346e+00
   5.76356769e-01  1.41918480e-01]]
Peso 2:
[ 0.03819685  0.10801587 -0.00228612  0.6044904   0.6028968  -0.35437635
  0.04446863  0.8558941  -0.06866518 -0.02029311]
Camada: saida
Peso 1:
[[ 1.0622743  -0.9200201 ]
 [-0.49565744  0.20242485]
 [ 0.08995882  0.02165471]
 [-1.0002689   0.9740406 ]
 [-1.2160337   0.7286797 ]
 [ 1.9981439  -1.2152654 ]
 [-0.07843783 -0.74610436]
 [-1.5342277   1.262514  ]
 [-0.1579801  -0.90209705]
 [-0.5004081  -0.43509102]]
Peso 2:
[-0.38019937  0.38020396]
