


pesos modelo: 
Test loss: 0.0363, Test accuracy: 0.9887
Camada: meio
Peso 1:
[[ 1.87791198e-01  4.20689017e-01  2.00625747e-01 -4.25212979e-01
  -4.54480797e-01 -3.68112803e-01  3.20773810e-01  3.63771349e-01
  -8.96900892e-03  1.86599404e-01]
 [ 2.32237771e-01  1.31073743e-01  4.10217673e-01  1.86743185e-01
   1.38599470e-01  2.87142277e-01  2.69349515e-02  3.05895060e-01
  -8.93327743e-02 -4.66446668e-01]
 [-2.61924148e-01 -4.10892159e-01  4.58011240e-01 -1.17258448e-03
  -4.97574322e-02  5.25849700e-01 -3.44433457e-01  5.33038527e-02
   3.93391758e-01  1.61720991e-01]
 [-3.46716583e-01 -1.72330827e-01 -8.89385641e-02  7.28916898e-02
  -2.14043170e-01  4.82154608e-01 -5.48892021e-02 -1.89248353e-01
   4.18203712e-01  2.00945854e-01]
 [ 1.01993054e-01 -3.61651361e-01  2.02500492e-01  1.77907601e-01
   8.57556388e-02  3.56696904e-01 -2.76783526e-01  2.26032376e-01
   6.88040331e-02 -4.63095307e-02]
 [-2.01164380e-01 -1.53192520e-01  4.50168848e-01 -1.16008304e-01
   1.07699551e-01  4.58157323e-02  4.60683167e-01 -2.07747251e-01
   2.13515043e-01 -1.59849674e-01]
 [-1.21134557e-02  1.88379109e-01 -3.02939624e-01 -3.47976893e-01
  -1.60875931e-01 -3.22041325e-02  5.73393069e-02  2.34391347e-01
  -2.03889817e-01 -1.58739597e-01]
 [ 2.62760520e-01 -3.39162141e-01 -1.16047017e-01  7.07655549e-02
  -2.80587703e-01  7.43190423e-02  2.71342963e-01 -3.72129917e-01
   9.92196351e-02 -3.87907982e-01]
 [ 2.60798603e-01  2.68807173e-01 -2.86618352e-01  2.30571367e-02
   3.72921407e-01 -7.26813674e-02 -1.30254060e-01 -1.41531080e-01
   3.39391559e-01  3.75671424e-02]
 [ 9.38367918e-02  1.49344534e-01  2.37595260e-01  5.94759285e-02
   2.51438826e-01  1.38689071e-01  5.52129559e-02  6.86227441e-01
   7.13717878e-01 -2.12549478e-01]
 [ 2.87139160e-03 -2.07867056e-01 -2.40421325e-01  7.68027425e-01
   1.68818340e-01  1.02889277e-01  1.07862443e-01  6.37061596e-01
   7.34933734e-01  4.68544178e-02]
 [ 3.37513566e-01 -4.25831437e-01 -2.55986303e-01 -4.81019020e-01
  -1.19585827e-01  6.14197692e-03  1.40990809e-01  1.04474351e-01
  -2.41542924e-02 -3.21656466e-01]
 [ 2.60039061e-01 -3.87151539e-01  2.63759196e-01  7.53148794e-01
   1.18792236e-01 -2.55150914e-01 -4.41366732e-01  6.46975160e-01
  -1.32746086e-01 -2.47773558e-01]
 [-3.03031147e-01 -2.77100061e-03  4.80719537e-01  3.98757637e-01
  -2.39222303e-01  4.26071167e-01 -2.53487736e-01 -3.97068292e-01
  -2.54927367e-01 -3.03497672e-01]
 [ 4.53740925e-01 -8.96994248e-02 -5.25776505e-01 -1.03637028e+00
   1.50002038e+00  2.24727345e+00  2.10123703e-01 -1.02799177e+00
  -1.38311172e+00 -4.24747467e-01]]
Peso 2:
[-0.03911673 -0.00144364  0.13887383  0.43700314  0.1148418  -0.25528434
 -0.00153521  0.22225767  0.28021154 -0.00048052]
Camada: saida
Peso 1:
[[ 0.33170316 -0.29122677]
 [-0.24868377 -0.42471224]
 [-0.7383584  -0.16009694]
 [-1.2765759   0.6753161 ]
 [ 0.9748173  -0.946137  ]
 [ 0.961268   -2.1345637 ]
 [ 0.24421634  0.06881925]
 [-0.71940035  1.2389315 ]
 [-0.7243424   1.3825519 ]
 [-0.4979258  -0.678781  ]]
Peso 2:
[-0.0333625   0.03336687]



pesos modelo: 
Test loss: 0.1243, Test accuracy: 0.9436
Camada: meio
Peso 1:
[[-0.05198872  0.34172294  0.4671636  -0.03865078  0.26389357  0.47248623
  -0.47195128  0.48475143  0.23814932  0.34619668]
 [-0.02135613 -0.31301254 -0.01405515  0.41379815  0.25225687  0.22416805
  -0.31769928  0.37551534  0.07987799  0.5410636 ]
 [-0.48407206  0.39864725  0.21705562 -0.03091635  0.0785381  -0.1955094
  -0.2980974   0.45699036 -0.28398648  0.11527264]
 [-0.4046768  -0.12631558  0.17603484 -0.04454773 -0.21339917 -0.31971636
   0.13234226  0.2825412   0.05196831  0.42077035]
 [ 0.05091744 -0.13345243  0.25806165  0.4191754  -0.46495286  0.02817849
   0.34652954  0.29623395  0.15078053  0.41537985]
 [-0.4388252  -0.2688143   0.08798918 -0.03012676 -0.3743102  -0.35243222
   0.10246281 -0.16309333 -0.24484816 -0.17146024]
 [-0.261078   -0.28096876 -0.0573253  -0.01538067  0.16939215  0.0621541
   0.03744215  0.05248639  0.34863564  0.47142348]
 [-0.3062347  -0.30567086 -0.03905391 -0.14843726 -0.4120292  -0.10801315
   0.2799722  -0.19504645 -0.35495207  0.33085912]
 [-0.4389757  -0.07394909  0.07852901  0.19210245 -0.2289211  -0.01898131
  -0.24141426  0.43353456  0.5585508   0.45828277]
 [-0.13343205  0.32333133  0.11661399 -0.34837154 -0.16474785 -0.27356392
   0.3702681   0.71003944 -0.31467855 -0.15313222]
 [ 0.01998058 -0.27806678 -0.26009315  0.09756445  0.3272823  -0.30669442
   0.29390207  0.24321494 -0.35653818 -0.3955072 ]
 [ 0.38573182 -0.45090446  0.04300728  0.01502244  0.49581537  0.16711284
   0.05647108 -0.6428704  -0.3840957   0.17063296]
 [ 0.41974992  0.405214    0.22367531 -0.07511149 -0.08809429  0.4763862
   0.7501048   0.8465184  -0.00822108 -0.3064861 ]
 [ 0.37099963 -0.3899181   0.0661284  -0.04282377 -0.00929905  0.2462766
   0.22884893 -0.14879318  0.15445118  0.41435832]
 [-0.4322376   0.55564624  2.536478    0.2048062  -0.10861631 -0.31982678
  -0.9354993  -1.6260276   0.43758786  0.9659094 ]]
Peso 2:
[ 0.08534163  0.05434278 -0.10873383 -0.00249092 -0.02040829  0.11328082
  0.45307997  0.37891108  0.08509937  0.01737378]
Camada: saida
Peso 1:
[[ 0.04441463  0.5081484 ]
 [ 0.18978012 -0.3564069 ]
 [ 1.6281517  -1.9479258 ]
 [-0.33273593 -0.6652192 ]
 [ 0.44402397  0.4432408 ]
 [-0.5553139   0.26630738]
 [-1.1697434   0.5743192 ]
 [-1.187222    1.6620443 ]
 [ 0.01907385 -0.38402697]
 [ 0.6782382  -0.8433179 ]]
Peso 2:
[-0.17145662  0.17145921]



pesos modelo: 
Test loss: 0.0233, Test accuracy: 0.9947
Camada: meio
Peso 1:
[[ 2.60394514e-02 -2.00754702e-01  1.28216058e-01  4.80516404e-01
  -1.41376942e-01 -3.34947705e-01  3.18649203e-01 -2.75331557e-01
   4.12001997e-01 -3.09462368e-01]
 [-8.62349644e-02  2.12910891e-01 -5.15176952e-01  1.61365140e-02
   2.04169974e-01  5.46706676e-01  1.83496371e-01 -6.41424060e-02
   1.00866251e-01 -3.32882911e-01]
 [ 3.44681382e-01  3.30027044e-01  2.95777678e-01  3.10877889e-01
  -1.61581159e-01  4.24744040e-01 -7.59402961e-02 -3.09122682e-01
  -2.94816434e-01 -2.32657492e-01]
 [-4.53704000e-01  4.33898985e-01  1.90765575e-01  1.49498180e-01
   1.30950496e-01  3.23385715e-01  1.88283592e-01 -2.32974440e-01
   1.52593225e-01  7.64864683e-02]
 [ 2.86703497e-01  4.42021519e-01 -5.04081368e-01  2.17614681e-01
   6.43704459e-02  4.12654370e-01 -2.28365883e-01  1.19259328e-01
  -2.92524369e-03  6.40317276e-02]
 [ 1.55632809e-01  3.31353545e-01  5.96399792e-03  5.96157648e-02
  -2.76635945e-01 -4.59582806e-02 -3.28959942e-01  2.25039825e-01
   3.63737702e-01 -7.21282959e-02]
 [-4.87685323e-01  3.78203958e-01  2.80483246e-01  1.98240951e-01
   2.64395595e-01 -1.38962008e-02 -1.73678681e-01 -3.44101459e-01
  -2.50399500e-01 -1.85091689e-01]
 [-2.13268742e-01  1.02375783e-01 -5.23751557e-01 -8.87539878e-04
   2.96136379e-01  1.61472887e-01  2.57475413e-02  2.36039639e-01
  -1.92620695e-01  1.29966542e-01]
 [-1.88615277e-01  2.73939580e-01 -1.11747541e-01  9.70577970e-02
  -2.82139450e-01  1.06023945e-01 -2.07242966e-01  3.10267061e-01
   1.82291642e-01 -2.66461164e-01]
 [ 3.71944793e-02  1.88015878e-01 -5.06829679e-01  4.60979074e-01
   2.20993429e-01  2.56196201e-01 -3.76471788e-01 -8.89004469e-02
   4.72627819e-01 -4.33319867e-01]
 [-2.59015143e-01  2.17393592e-01 -4.98170376e-01  5.51810265e-01
   3.51960272e-01 -4.46071655e-01  6.85748011e-02  4.03533816e-01
   6.10476613e-01  1.41504705e-01]
 [ 2.33031511e-01  3.60648483e-01  2.16712862e-01  7.79311508e-02
  -2.98324805e-02 -3.29995960e-01  2.79526681e-01 -3.76153737e-01
  -3.88058484e-01 -1.70356303e-01]
 [-3.84574294e-01  7.74227502e-03 -6.74733892e-02  7.04249382e-01
   2.33244091e-01 -3.65486056e-01 -4.02888030e-01  8.91910419e-02
   1.26222193e-01 -1.19635075e-01]
 [ 1.55080175e-02  4.08253044e-01  1.59544293e-02  6.06503077e-02
   1.46118656e-01  3.04954767e-01  1.62733480e-01 -4.69363570e-01
   5.73557802e-02  1.90417439e-01]
 [ 2.37800419e-01  1.87357283e+00  1.52153194e-01 -2.48220563e+00
  -7.68031359e-01 -1.55317143e-01 -3.81179094e-01  5.59175834e-02
  -1.01840651e+00  1.56081662e-01]]
Peso 2:
[-0.03508861  0.09920071 -0.26432794  0.912386    0.20759872  0.02369845
  0.08485099 -0.00288974  0.22784017 -0.08107072]
Camada: saida
Peso 1:
[[-0.5363261  -0.5469749 ]
 [ 1.029974   -1.7725755 ]
 [-0.48880205  0.2357614 ]
 [-2.0352678   1.9849805 ]
 [-0.6204459   0.376689  ]
 [ 0.42134228  0.13156159]
 [-0.05518324  0.48357865]
 [-0.29720432 -0.29393053]
 [-0.7489725   0.84457153]
 [-0.43566313 -0.06725589]]
Peso 2:
[ 0.42888397 -0.42888004]



pesos modelo: 
Test loss: 0.0352, Test accuracy: 0.9902
Camada: meio
Peso 1:
[[ 3.39663059e-01  1.07671767e-01  1.69470936e-01 -3.69877219e-01
  -3.29419166e-01  3.73856157e-01  2.02602714e-01  2.75908858e-01
   3.52397293e-01 -2.66650200e-01]
 [-1.67993270e-03 -1.22671872e-01 -2.99337745e-01  3.73072535e-01
   5.37030511e-02  3.34466040e-01  4.41197842e-01  1.98349580e-02
   3.53231430e-01  1.67705230e-02]
 [-3.13369006e-01 -2.80375838e-01 -2.12706208e-01  3.19410712e-01
   1.79749727e-01 -3.43251437e-01 -3.71410102e-01  2.27109626e-01
  -4.56973732e-01  3.88394833e-01]
 [-1.04780860e-01  4.04090993e-02  2.28245735e-01  3.92808557e-01
  -8.82712007e-02  5.12120485e-01 -8.39874074e-02  1.89626038e-01
  -1.93399504e-01  4.89013106e-01]
 [ 4.36093003e-01  3.78285378e-01  1.15966603e-01  4.21008080e-01
   6.98601976e-02  4.98829544e-01 -3.98797154e-01 -2.94828594e-01
   2.86756992e-01 -2.18792036e-01]
 [ 2.52058417e-01 -3.18636745e-01  4.75693971e-01  2.89124668e-01
   3.19295257e-01  3.68377000e-01  4.75162901e-02  2.25679845e-01
  -4.55814421e-01  3.67866307e-01]
 [-1.11594632e-01 -3.06352377e-01  4.43493128e-02 -1.05095683e-02
   3.16658229e-01 -4.53928299e-03 -4.32581693e-01  8.24523866e-02
   6.08880538e-03  3.04912366e-02]
 [-4.18186784e-01  4.12720926e-02  2.72596568e-01  3.85432065e-01
   2.19837323e-01  2.57036030e-01  2.17921630e-01 -2.98067570e-01
  -7.71948621e-02 -1.04417674e-01]
 [ 3.94684672e-01 -3.02159041e-01 -6.57930896e-02  3.99208516e-01
   5.12330651e-01  4.82458502e-01 -4.41968262e-01  1.86753616e-01
   3.51854302e-02 -5.74753098e-02]
 [-2.69138843e-01  4.00229663e-01  1.09120257e-01  2.08659261e-01
  -4.66362417e-01 -4.07837689e-01 -1.89820573e-01  7.04064786e-01
  -3.61880034e-01  1.99459225e-01]
 [ 3.96589458e-01 -3.59541178e-01  2.68342346e-01  2.52604514e-01
   2.46449843e-01 -3.09246004e-01 -2.30068028e-01  8.07303905e-01
  -7.74164498e-02  4.67105918e-02]
 [ 9.09507461e-03  2.13408619e-01 -5.58588088e-01 -3.89908016e-01
   2.88680643e-01 -2.29331311e-02 -3.43499929e-01 -5.77804595e-02
   2.19343267e-02 -1.18520685e-01]
 [ 1.08887427e-01 -2.43153721e-01  7.67454386e-01 -9.85558182e-02
   1.10340402e-01  1.59145087e-01 -3.75389785e-01  5.41098297e-01
  -7.76712522e-02  6.47047255e-03]
 [ 1.23325422e-01  9.37066004e-02 -2.07647774e-02 -5.22646368e-01
   2.65525907e-01  4.92550552e-01  5.50574437e-02  2.38519758e-01
  -4.23850477e-01  1.06925629e-01]
 [ 3.90214592e-01 -1.89456180e-01 -5.26110649e-01 -9.45959151e-01
   1.41705942e+00  4.08441007e-01 -3.34009439e-01 -1.80705166e+00
   1.45726800e-01  2.21864676e+00]]
Peso 2:
[-0.02747561 -0.04238703  0.11630896 -0.01279361 -0.19498141 -0.02134839
  0.00390044  0.701745   -0.19203216 -0.0029498 ]
Camada: saida
Peso 1:
[[ 0.59415454  0.2328597 ]
 [ 0.67578995  0.14457762]
 [-0.89622664  0.38967788]
 [-0.49218142  0.9098461 ]
 [ 0.91849554 -0.8770247 ]
 [ 0.91020584  0.11965564]
 [ 0.15159935  0.24066627]
 [-1.6326554   1.5446227 ]
 [-0.4370476   0.35676664]
 [ 1.6761938  -1.2854686 ]]
Peso 2:
[-0.01789067  0.01789566]



pesos modelo: 
Test loss: 0.0414, Test accuracy: 0.9847
Camada: meio
Peso 1:
[[-0.4212887  -0.01277485 -0.38074937  0.00838044 -0.36431712  0.25194344
  -0.17117095 -0.24851689  0.29551962 -0.02119851]
 [ 0.13239951 -0.5199128  -0.27402496 -0.43578032 -0.24251632 -0.12158546
   0.20204139  0.15737501 -0.37675056  0.02550435]
 [ 0.35158288  0.23252247 -0.09432887 -0.03700064  0.16458549  0.00993636
   0.07022229  0.39776185 -0.22336     0.25989652]
 [ 0.18180001 -0.42538306 -0.1662061   0.2644549  -0.26594964  0.28673524
  -0.2888752  -0.01605354 -0.16964427  0.43354607]
 [ 0.4808832  -0.2012784  -0.37274697  0.04516234 -0.12414637  0.3747851
  -0.2975351   0.45413852  0.45911863  0.37600312]
 [ 0.30909565 -0.37747744 -0.02247878  0.31971082 -0.41604367  0.19052368
   0.19668359  0.04416738  0.2127258  -0.47032517]
 [ 0.18390551 -0.32975546 -0.3241904   0.10369335 -0.1558339  -0.1947017
   0.15917279  0.27891833 -0.43110225  0.37953457]
 [ 0.50638247  0.37709016  0.27865395  0.3086305   0.40058023  0.37009278
   0.28281856  0.10776964 -0.3047195   0.3273737 ]
 [ 0.32710725  0.1917778  -0.25855592 -0.21239978  0.43541527  0.12489205
   0.31120205  0.12126444 -0.47273338  0.4612808 ]
 [-0.16115823  0.15012814 -0.09973766  0.32451373 -0.45579705  0.37220773
   0.07232541  0.40696436  0.3135319  -0.0662402 ]
 [-0.00598504 -0.48818752 -0.02242376  0.08908566 -0.3965482   0.46472725
   0.42086166  0.5035301  -0.41117635  0.41756076]
 [ 0.21346165 -0.1131555   0.3728699  -0.14721023  0.21647032  0.18486406
   0.24266072 -0.60837764 -0.4709033   0.31118125]
 [-0.359063   -0.16216148  0.05417445 -0.13705876  0.37379614  0.4908693
   0.3666879   0.21976246  0.06874672  0.289939  ]
 [ 0.2451283   0.40232667  0.01090167 -0.11890866 -0.36744684  0.32380402
  -0.07328609 -0.42546588  0.10144417 -0.4740009 ]
 [ 2.5930145   0.21036737  0.02121678 -0.20965694 -0.24669825 -1.5808966
  -0.8243108  -1.20646    -0.22657484  0.2854482 ]]
Peso 2:
[-0.09130314 -0.13005759 -0.08082282  0.03231683 -0.00564724  0.47911656
  0.27917084  0.18455477 -0.0147456  -0.03433106]
Camada: saida
Peso 1:
[[ 1.5717705  -2.115553  ]
 [-0.04937641  0.24887262]
 [-0.21543854  0.51640403]
 [-0.25214309  0.08262228]
 [-0.311738   -0.05062116]
 [-1.0066657   1.4356788 ]
 [-0.27659068  1.0397903 ]
 [-0.99032706  1.2290424 ]
 [ 0.29323244  0.11020145]
 [-0.35179344 -0.4010989 ]]
Peso 2:
[-0.03684551  0.03685025]



pesos modelo: 
Test loss: 0.1463, Test accuracy: 0.9370
Camada: meio
Peso 1:
[[-1.67073011e-02  2.09355801e-01 -4.36784774e-01 -2.53650725e-01
  -1.09491855e-01 -2.51254320e-01  4.05801147e-01 -2.52067387e-01
  -3.10415447e-01 -3.58561188e-01]
 [-3.88776511e-01  2.88846672e-01 -2.88291633e-01  2.43098661e-01
  -2.27394164e-01  1.64678887e-01  1.41597763e-01  1.19854354e-04
   1.76640436e-01 -2.86773052e-02]
 [-1.42780408e-01  1.16590708e-01 -4.07358229e-01  1.98602125e-01
  -4.10891533e-01 -1.97220352e-02  2.63440222e-01 -2.16168895e-01
   5.20035103e-02  2.03784645e-01]
 [ 4.54550713e-01  9.24411565e-02  1.85358047e-01  1.95312589e-01
   9.72815529e-02  2.61310071e-01  2.37486467e-01 -1.06685624e-01
  -5.71469218e-02 -1.37057468e-01]
 [-1.05800912e-01  3.83508623e-01 -4.39304769e-01  3.97886693e-01
  -3.12578142e-01 -4.03903455e-01 -1.41964003e-01 -3.65907282e-01
  -2.79840767e-01 -4.38396871e-01]
 [ 1.36711635e-02  1.57058686e-01 -2.31600747e-01  1.70415565e-01
  -1.26461953e-01 -2.60878857e-02  1.22268513e-01  7.45987967e-02
  -1.08910855e-02  9.93049517e-02]
 [-2.37324208e-01  2.73816171e-03  1.57770962e-01 -1.96497589e-01
   3.98872167e-01  2.34418392e-01  3.36447984e-01  2.03340083e-01
   5.17119825e-01 -2.11528733e-01]
 [-4.03201878e-01 -6.63080439e-02 -2.04630822e-01  2.89505962e-02
   1.00810975e-02 -2.83495277e-01  4.07649308e-01  2.48251006e-01
   1.65089235e-01  1.19100912e-02]
 [-8.27279910e-02  1.53808251e-01 -4.42488253e-01 -1.86756030e-01
  -3.34438682e-02 -3.22137564e-01  1.57496095e-01  2.16102913e-01
   5.45326233e-01 -3.50457639e-01]
 [-2.11716622e-01  1.65179476e-01 -4.84052122e-01  7.03646541e-01
  -1.83745235e-01 -3.72976571e-01 -1.06069759e-01 -2.53535271e-01
   6.08100951e-01 -3.17630976e-01]
 [-1.79119915e-01 -6.35998473e-02 -8.76461342e-02  5.88663638e-01
  -2.76661217e-01 -4.18401584e-02 -4.34839755e-01 -2.35804975e-01
  -5.17312437e-02  2.07842544e-01]
 [-4.24253106e-01 -1.14069447e-01 -2.11902514e-01 -8.00589398e-02
   4.32199165e-02  3.07285607e-01  1.02097824e-01 -8.44264477e-02
  -4.71342742e-01 -2.90995955e-01]
 [ 1.21472757e-02 -3.29069436e-01  2.69066632e-01  4.59445357e-01
   1.48048662e-02 -1.95706114e-01  1.41604275e-01 -2.82787830e-01
   6.32563174e-01 -1.05935894e-01]
 [ 1.86385974e-01  3.32715660e-01 -4.83042449e-01  1.64539710e-01
   2.94693828e-01  4.46542054e-01  2.60055155e-01 -2.44800597e-01
  -1.32152317e-02  4.82400917e-02]
 [-3.81690145e-01  2.23691893e+00  3.80937904e-01 -1.56852078e+00
  -1.13918737e-01 -1.28713682e-01  1.66401410e+00  2.36315519e-01
  -1.18911636e+00 -1.34784073e-01]]
Peso 2:
[-0.02659457 -0.00463264 -0.0761413   0.58097744  0.03008889 -0.04593058
 -0.01858018 -0.04743264  0.3729329  -0.09236898]
Camada: saida
Peso 1:
[[-0.19475524 -0.51428884]
 [ 1.2993462  -1.8224788 ]
 [-0.19334118  0.36062795]
 [-1.4223437   1.2683687 ]
 [-0.49312517  0.46364504]
 [-0.06043092  0.6428454 ]
 [ 0.70416296 -1.5699983 ]
 [ 0.52318734  0.61293006]
 [-0.67607796  1.198838  ]
 [ 0.67763525 -0.4664121 ]]
Peso 2:
[-0.25766724  0.2576709 ]



pesos modelo: 
Test loss: 0.0178, Test accuracy: 0.9983
Camada: meio
Peso 1:
[[-4.3544996e-01 -4.1197956e-01  2.5350311e-01  3.8766435e-01
   2.4194121e-03  1.1312923e-01  8.4116787e-02  2.1100047e-01
   3.4029272e-01  4.5492592e-01]
 [-3.3842313e-01  2.0321999e-01  3.5908866e-01  1.3088815e-01
   3.5144004e-01 -1.3814306e-01  4.2314479e-01  2.1739952e-01
  -1.1338565e-01  4.7330034e-01]
 [ 5.9918612e-02 -4.3104902e-02 -3.0553558e-01 -1.9118755e-01
   2.4620301e-01  4.1925028e-02 -3.8573819e-01  2.8287467e-01
  -1.2013351e-01 -8.0351301e-02]
 [ 3.1211936e-01  1.7423522e-01 -2.1267174e-01  3.1388026e-01
   3.2911462e-01  6.3040338e-02  1.6566399e-02  3.1496012e-01
  -2.7928475e-01 -3.7476382e-01]
 [ 2.9211876e-01  3.3101279e-01 -2.2443534e-01 -1.9821301e-01
   2.5208887e-01  5.0782531e-01 -9.5250428e-02 -1.0157270e-02
  -1.8393796e-02 -4.0097412e-01]
 [ 2.3235954e-02  4.6671209e-01  7.1932860e-02  1.4028616e-01
   4.7368047e-01  3.6533606e-01  2.9577924e-02  3.3592221e-01
   1.6143106e-01  2.3484993e-01]
 [-7.0146732e-02  2.6531324e-01  4.6665987e-01  1.0104055e-01
  -7.2390386e-03  2.7916852e-01  9.0290405e-02  4.1005537e-01
  -1.1815498e-01 -4.6079507e-01]
 [ 5.1681083e-01  1.9912858e-01  1.4110850e-01  3.6096168e-01
  -3.7781683e-01  2.7163121e-01 -1.3626228e-02  1.8832736e-02
  -2.8961644e-01  4.8110157e-01]
 [-5.4043382e-02  2.8832409e-01  3.0420411e-01  1.0947095e-03
   3.1934649e-02  1.6561435e-01 -3.8745278e-01 -9.4905756e-02
   3.9150178e-01 -4.5366086e-02]
 [ 4.7399747e-01 -4.2110854e-01 -2.2793990e-01  6.9305098e-01
   7.2428025e-02  5.4069912e-01 -4.2504194e-01  3.7960830e-01
  -2.0760806e-01  2.2522244e-01]
 [-3.6003631e-01 -6.2622823e-02  1.8940103e-01  5.6411749e-01
  -4.2297199e-01  1.8454497e-01 -8.0348305e-02 -4.2565316e-01
  -1.8291254e-01 -1.6445017e-01]
 [ 4.7767124e-01  1.6071003e-02  4.8917487e-01  7.5462818e-02
  -1.9187054e-01  3.7279394e-01  3.2490695e-01 -3.2416922e-01
  -1.3739669e-01 -6.3751541e-02]
 [ 7.8704230e-02 -6.2208273e-03  1.2044793e-01  4.3771228e-01
   4.5931827e-02  6.8258339e-01  1.7811924e-01 -1.7282769e-01
   4.1695011e-01 -5.0047916e-01]
 [ 5.2779758e-01 -3.2537814e-02 -2.5885236e-01  2.8437826e-01
   6.2682211e-02 -6.0112523e-03 -1.2894015e-01  4.8069158e-01
  -3.9757156e-01  1.1485066e-02]
 [ 1.8496480e+00  1.0689876e+00  1.2436694e+00 -1.6100260e+00
   4.9733433e-01 -1.4381635e+00 -6.4962365e-02  7.6734996e-01
   1.4188148e-01  1.0723703e-01]]
Peso 2:
[-0.07979303  0.01717964  0.06841956  0.5887521   0.01318014  0.46798095
 -0.048909   -0.02816151 -0.03600629  0.01172947]
Camada: saida
Peso 1:
[[ 1.5235122  -1.2568651 ]
 [ 0.94320905 -0.63629514]
 [ 0.8287401  -0.8144519 ]
 [-0.8328619   1.7046229 ]
 [-0.2440478  -0.8360878 ]
 [-1.0210366   1.4224061 ]
 [-0.06559709 -0.3550337 ]
 [ 0.9858639   0.07832917]
 [ 0.37608823  0.14107409]
 [-0.2019012  -0.66086257]]
Peso 2:
[-0.27824336  0.27824798]



pesos modelo: 
Test loss: 0.0151, Test accuracy: 1.0000
Camada: meio
Peso 1:
[[-0.09713945  0.34010795 -0.09368625 -0.18341726 -0.43682075 -0.42315844
  -0.08889437  0.3716952   0.482641    0.23888257]
 [ 0.11368388 -0.19982764  0.5919885  -0.16772059  0.24402203  0.1925562
  -0.28308126 -0.42160183 -0.25832015  0.15620442]
 [-0.24702753 -0.1973142   0.4526681   0.10237557  0.20643114 -0.28058797
  -0.47918203 -0.15861945 -0.15422204  0.23017548]
 [-0.10313974  0.24542964 -0.12804326  0.29825613  0.00862792 -0.25283486
  -0.01261684 -0.43429288 -0.27626023  0.20812081]
 [-0.49689057  0.3564835   0.3441474   0.3338255   0.279423   -0.2571837
   0.38422263  0.2911145   0.38897395  0.07407312]
 [-0.09246334 -0.350745   -0.06124905  0.495014    0.19069651 -0.3209279
  -0.27150598 -0.4253268  -0.05616181  0.06753013]
 [-0.2986035  -0.25436676 -0.11299184  0.1827958  -0.01356553  0.09530684
  -0.4875036  -0.14217184  0.301762    0.09264434]
 [-0.09465405 -0.21991342  0.02898536  0.38976505  0.20424306 -0.41795135
   0.39579377 -0.15790662  0.42724723 -0.02642969]
 [ 0.06724414  0.36425272  0.11323526  0.21610732  0.11841902 -0.21399993
  -0.2302377   0.14205219  0.12603529  0.12239679]
 [ 0.25680545 -0.04569823  0.85905063  0.30227208 -0.1848716  -0.20643938
   0.22231379 -0.07690196 -0.23480299  0.22528833]
 [ 0.05788228 -0.465688    0.21393822  0.848394    0.05414739 -0.43121064
  -0.18349122  0.03268023  0.22946306 -0.4180952 ]
 [ 0.31481203 -0.01674962 -0.06237356  0.43911353  0.2753683  -0.45969427
   0.3021907  -0.35156202  0.15773688  0.11442111]
 [-0.16917728 -0.20774986  0.2630485   0.15817027 -0.2570917   0.4164107
  -0.31658864  0.03127376 -0.30220452 -0.17558885]
 [-0.05329476  0.20593491  0.346045   -0.36470634  0.3039927   0.37664083
  -0.10896331 -0.4264347   0.09768374 -0.02405565]
 [-0.1983488  -0.31436402 -1.201695   -0.3961798   2.4700084  -0.00436188
  -0.4297984  -0.20114236  0.5743703   1.9004048 ]]
Peso 2:
[-0.26285732 -0.01114685  0.6921188   0.42849848 -0.01676987 -0.00208537
 -0.14003888 -0.02867288  0.06677657  0.08145268]
Camada: saida
Peso 1:
[[ 2.5117970e-01 -3.4556812e-01]
 [ 1.3679019e-03 -1.6485374e-01]
 [-6.2309319e-01  1.5135723e+00]
 [-1.0662169e+00  4.4427344e-01]
 [ 2.1881080e+00 -1.3410902e+00]
 [-2.7909225e-01  2.5928822e-01]
 [ 1.6807321e-02 -5.1568550e-01]
 [ 6.0010535e-01  3.8239735e-01]
 [-2.2355816e-01 -8.3111507e-01]
 [ 1.3916587e+00 -1.2563506e+00]]
Peso 2:
[-0.8115512  0.8115556]



pesos modelo: 
Test loss: 0.0208, Test accuracy: 0.9958
Camada: meio
Peso 1:
[[-0.12083307 -0.44651824 -0.06526572 -0.44658014  0.17402545  0.17163864
  -0.37966138  0.15585825 -0.10616454 -0.16678602]
 [-0.36384392  0.15781088  0.07144659  0.10429417  0.2687426  -0.3983281
  -0.14173013 -0.14422305 -0.38181993 -0.14054245]
 [ 0.06284653  0.38791567  0.20702228  0.3496063   0.22399332 -0.0712046
   0.10667668  0.25770298  0.13715054  0.04496659]
 [ 0.01271864 -0.18140545 -0.1628055   0.01696643  0.0206247   0.10283133
   0.09438574  0.11833473  0.3361867   0.2301997 ]
 [-0.43355727 -0.3334648   0.13383527  0.2581212  -0.33732173 -0.0100042
   0.4353623   0.1195965  -0.38665825  0.0576648 ]
 [-0.01658804 -0.49562705 -0.06852918  0.17158541  0.29688612  0.09207634
  -0.43552816  0.25203764 -0.31294784 -0.20579535]
 [ 0.01336844  0.28257242  0.03092261  0.12348311 -0.2725447  -0.33045736
  -0.23169008  0.32082298  0.33267248  0.00319627]
 [-0.0351097  -0.41554227  0.33220136  0.46845713  0.10769159  0.3183981
  -0.07160629  0.1167312   0.39613    -0.02098044]
 [ 0.01987401  0.39542088  0.15113746  0.25248715  0.33079147 -0.2092966
  -0.13951153  0.03740478  0.22183026  0.04959358]
 [-0.06859579  0.39532974  0.41036022  0.0578451   0.51255435  0.47963646
  -0.12910685  0.07798844 -0.48508462  0.24487437]
 [ 0.08620322 -0.04745356  0.62170714 -0.07577492  0.35277942  0.08419456
  -0.45582923  0.21676898 -0.32511362  0.05259   ]
 [-0.26215902 -0.3368723  -0.23942441  0.08377831 -0.18254746 -0.3860704
  -0.39833847  0.07038087 -0.32940674  0.01733616]
 [ 0.4362692   0.45441866  0.8468437  -0.00740894  0.4190161   0.1233413
  -0.37778702  0.4021173  -0.33522415 -0.10100982]
 [-0.33354288  0.04601042  0.08465886  0.3770467   0.41630343  0.08283935
   0.19721228 -0.45786458  0.11240288  0.11367171]
 [ 0.31011993  0.07491618 -2.0176957   2.566359   -0.30879548  0.27447104
  -0.04391101 -0.9734577   0.15663354 -0.24894446]]
Peso 2:
[ 0.01504988 -0.00405023  0.706681   -0.2059348   0.0398093   0.00950931
  0.00235772  0.16251971 -0.13259007  0.16548537]
Camada: saida
Peso 1:
[[ 0.64517426  0.23994617]
 [ 0.64282167  0.41579905]
 [-1.5701342   1.6857507 ]
 [ 1.6431249  -1.9211488 ]
 [-0.07612238  0.4612882 ]
 [-0.17335893 -0.08086853]
 [-0.35972962 -0.19034557]
 [-0.4032251   0.8819935 ]
 [-0.43350026 -0.14975753]
 [-0.00350462  0.5520209 ]]
Peso 2:
[-0.05188503  0.05188999]



pesos modelo: 
Test loss: 0.0339, Test accuracy: 0.9885
Camada: meio
Peso 1:
[[ 0.43418548  0.35332397  0.45013383  0.4211857  -0.1124225  -0.31078735
  -0.25678813 -0.20970562 -0.21582189  0.4713314 ]
 [ 0.09225382 -0.33458278  0.19159822  0.13382994  0.5404478  -0.23793937
  -0.25996706  0.0105129  -0.06852781 -0.3493647 ]
 [ 0.1418742  -0.05755198  0.4319079   0.12065876  0.22230361  0.01606144
   0.12934254  0.5296862  -0.40478185  0.24643727]
 [ 0.1052788  -0.28370667 -0.04767588  0.08092149 -0.05334115  0.16708371
  -0.13527158  0.3268818  -0.13789667  0.22560343]
 [ 0.1627434   0.26669878 -0.01766374  0.31598     0.507677    0.09151296
  -0.19670513  0.19882104  0.45677888 -0.110399  ]
 [ 0.15036039  0.04498658  0.04129213  0.32012317 -0.25897858 -0.07825417
   0.04040318  0.74627924 -0.432635    0.32488385]
 [ 0.40629056 -0.34705782  0.43425632 -0.27215162  0.47331858 -0.22617899
  -0.01917828  0.5537902   0.2667988   0.3067172 ]
 [ 0.15388046  0.37267202 -0.3501287  -0.25221565 -0.20716438 -0.00704134
   0.42649496  0.5468149  -0.11961842 -0.11842752]
 [-0.20971653 -0.18236673  0.02688855  0.2532978   0.29105917 -0.1896152
   0.2590815  -0.11601418  0.13978982 -0.04417565]
 [ 0.5331267  -0.40666226 -0.09689767  0.37282908 -0.3507627  -0.25013015
   0.36856177  0.40329581 -0.20648488  0.07557677]
 [ 0.59371954 -0.33131182  0.32419255  0.24393515  0.22484803  0.427657
   0.2768937   0.09362555 -0.33911923  0.3362167 ]
 [-0.03495832  0.2564804  -0.44253385  0.22144549  0.25178912  0.35862413
  -0.52131206  0.19518653 -0.09288596 -0.35406223]
 [ 0.7541766  -0.28084183  0.27957863  0.2277712   0.3010619  -0.49641696
   0.37823382 -0.22369024 -0.4403213  -0.63645947]
 [ 0.04231545 -0.4838975  -0.36106429 -0.12234093 -0.07497209 -0.32303098
  -0.49166468  0.04977668 -0.02992981 -0.20342387]
 [-2.5196686  -0.14098185 -0.5708708  -0.95606655  1.0846858  -0.34755507
  -0.7108389   1.4486102  -0.35229367  0.05961734]]
Peso 2:
[ 0.9193219  -0.01715894  0.10375334  0.19388343  0.09717676  0.02505993
  0.04959107  0.1040086  -0.02168965 -0.02512024]
Camada: saida
Peso 1:
[[-2.009123    1.9448987 ]
 [ 0.00813905 -0.46375734]
 [-0.36255774  0.6649665 ]
 [-0.13404036  1.1204575 ]
 [ 0.9440325  -0.63065714]
 [-0.40924048  0.5641313 ]
 [-0.36706087  0.8528001 ]
 [ 1.4057522  -0.94186336]
 [ 0.06560383  0.66112345]
 [ 0.40600115  0.04379915]]
Peso 2:
[ 0.5578754 -0.5578721]



pesos modelo: 
Test loss: 0.0549, Test accuracy: 0.9796
Camada: meio
Peso 1:
[[-0.48550776  0.43760988  0.33673206 -0.1302985  -0.28227836  0.1616809
   0.36925814 -0.22616938  0.28894654  0.09434953]
 [ 0.05452509  0.24763092  0.0303575   0.14714633 -0.42017794 -0.00530946
  -0.4438592  -0.21695164 -0.47758895  0.19191751]
 [-0.40254918  0.19608249 -0.22083993  0.19939396 -0.32149655  0.3787378
  -0.09329775 -0.44086415  0.16348283  0.25822628]
 [-0.38444096 -0.27787653  0.1807928  -0.47456655 -0.14198877 -0.07003361
  -0.20552221  0.47263417  0.38107336  0.37089482]
 [ 0.1966591  -0.30179572 -0.23715906 -0.49599636  0.01288062  0.03860292
   0.00355954  0.30805725  0.03113027  0.21972765]
 [-0.05270322 -0.10712122  0.42132476  0.37214208 -0.5210303   0.35831264
   0.47832868  0.35045055  0.32195753  0.43318522]
 [-0.37218904  0.07633799 -0.03157339 -0.09299989 -0.17126502  0.29311058
   0.34919724 -0.30929148 -0.28355178  0.12079087]
 [-0.33387044  0.34875956  0.3230265   0.0181273   0.2745161   0.28691158
   0.18316521 -0.20128338 -0.29947266  0.23552184]
 [-0.10670099 -0.03875241  0.27646208 -0.43744525  0.12904504  0.35452372
   0.26137286  0.4669942   0.18718195  0.45223573]
 [-0.10095521 -0.09293881  0.65700334 -0.02863379  0.22726543  0.17914754
   0.3309134   0.26441532  0.23032443 -0.35555068]
 [-0.4334395   0.46072933  0.00956075 -0.33266687 -0.29167715  1.1020442
  -0.07754573  0.11764625 -0.4050154   0.05882945]
 [-0.31048304 -0.18937644 -0.17296073 -0.00795602 -0.39305645 -0.25430754
   0.16727984 -0.3896207  -0.4268547   0.17027104]
 [-0.3414555  -0.18972649  0.35091937 -0.01919963  0.23625939  0.6073017
   0.25705415 -0.26504862 -0.0774775  -0.28289846]
 [ 0.29320782  0.08565825 -0.5318943   0.0889528  -0.42637807  0.00855593
   0.17672019  0.00328649 -0.22933137  0.09357201]
 [-0.34960395  1.1655593  -0.6925652   0.41052467 -0.21696332 -1.6908644
   1.1879605  -0.3049984  -0.43415383  2.3033764 ]]
Peso 2:
[ 0.03108517  0.09709469  0.1574375  -0.0479774  -0.16484253  0.68078977
 -0.23194356  0.02745504 -0.11678636 -0.15717782]
Camada: saida
Peso 1:
[[-0.22245777  0.5784194 ]
 [ 0.8198764  -0.85909295]
 [-0.7647224   0.5565034 ]
 [ 0.04391049 -0.012713  ]
 [ 0.5172027   0.1832635 ]
 [-1.8460699   1.0936602 ]
 [ 0.66274583 -0.8666878 ]
 [ 0.06612707  0.4011603 ]
 [ 0.08766984 -0.08360079]
 [ 1.6023555  -1.6349756 ]]
Peso 2:
[-0.36834425  0.36834973]



pesos modelo: 
Test loss: 0.0571, Test accuracy: 0.9746
Camada: meio
Peso 1:
[[-0.24480565 -0.12021077 -0.26559234 -0.31048018 -0.02797741 -0.46945557
  -0.42188275 -0.14083463 -0.00322276  0.25455293]
 [ 0.23288141  0.27411398 -0.29006538  0.05267985 -0.04442183 -0.35407487
  -0.3210529   0.41067466  0.3823115  -0.12240641]
 [ 0.3916515  -0.01627493  0.3601111  -0.09143349  0.276189   -0.04491646
   0.35913998  0.3885325  -0.04159418  0.2646893 ]
 [-0.0509864   0.35376334 -0.05509714  0.18195926 -0.15645708 -0.14406958
   0.12602992  0.3925491  -0.42760947  0.24233097]
 [-0.16789778  0.31038538  0.27484944  0.07140937  0.04669611 -0.0694534
   0.3137063  -0.24538267  0.06035386 -0.32549572]
 [-0.1517334   0.10462362  0.01277166  0.30179602 -0.18069935  0.28194845
   0.3717087   0.11755    -0.26438856 -0.2535915 ]
 [-0.24416886 -0.03955599 -0.06179276  0.07993327 -0.32693642  0.30554384
   0.12094272  0.06324723  0.36899474  0.03605054]
 [-0.30195686 -0.1720959   0.35271975 -0.10235374  0.622218    0.03427272
   0.11131291  0.09248751  0.20506506 -0.03683146]
 [ 0.08813564  0.49075308  0.24242899 -0.06182208 -0.33303475 -0.2969655
   0.47509873 -0.17561251 -0.4933092  -0.01077387]
 [ 0.08365604 -0.19127877  0.37107527  0.6504191   0.0200335   0.32264996
  -0.17112097  0.38151023  0.24755868  0.28315136]
 [ 0.28465983  0.39601287  0.21784994  0.7260967  -0.19330393 -0.1605056
  -0.36525774  0.17941195  0.17699759  0.5332476 ]
 [ 0.48162314  0.33218348 -0.04394791 -0.10202378  0.05527639 -0.12110543
  -0.17472935  0.26577199  0.03347683 -0.13278967]
 [ 0.3073047  -0.29012796  0.09246518  0.6669987   0.10848197  0.53750473
   0.10049991 -0.41048646 -0.24944864  0.4298668 ]
 [-0.30256414  0.31345075  0.2749104   0.00470926  0.23470066  0.07986774
   0.3992843  -0.18230174  0.09929569 -0.02227705]
 [-0.24080716  1.6211983  -0.8535834  -2.1182265   0.7879765   1.1659489
   0.58250433  1.2454923   0.01622883 -0.88023233]]
Peso 2:
[ 0.1158466  -0.08023467  0.26829216  0.73471075  0.08745846  0.033018
  0.05176956 -0.01985563 -0.03753316  0.32313764]
Camada: saida
Peso 1:
[[ 0.2853527   0.8494376 ]
 [ 1.0614017  -0.96219224]
 [-0.36099654  0.7359326 ]
 [-1.5234416   1.8073039 ]
 [ 0.91352826  0.26181084]
 [ 1.2209169  -0.42039055]
 [ 0.5890276  -0.32218733]
 [ 1.2908282  -0.37465954]
 [-0.04982888 -0.05177792]
 [-0.9734576   0.30382836]]
Peso 2:
[-0.00840719  0.00841181]



pesos modelo: 
Test loss: 0.0261, Test accuracy: 0.9959
Camada: meio
Peso 1:
[[ 0.19242892 -0.35398844 -0.04273191 -0.48713818 -0.10655525 -0.02265257
  -0.3078011  -0.15557688 -0.47648162 -0.14774773]
 [ 0.09870255 -0.24819638  0.39432734 -0.398584    0.05673528 -0.33085287
  -0.17085344  0.4715829   0.4114818   0.33730522]
 [ 0.13352723  0.08764996 -0.06398572  0.407421    0.29701316  0.47951818
  -0.3767027  -0.3277943  -0.2879848   0.34736   ]
 [-0.3960901  -0.4670999   0.38035178  0.08627739 -0.16634707 -0.0501918
   0.2274943   0.00256304  0.14596334  0.24953443]
 [ 0.31551433 -0.3710929   0.26049724 -0.40146178  0.07439597  0.25143462
   0.1912562   0.3377598   0.4294229   0.39862886]
 [ 0.29284248  0.11891463  0.3050542  -0.02565694 -0.29991174 -0.2630164
  -0.29893005  0.4116662  -0.0674601   0.24372022]
 [ 0.03782288  0.04952886 -0.22265983 -0.07642742 -0.30047333  0.4883493
   0.32924005  0.17928477  0.47139898  0.19595055]
 [-0.18068703 -0.10314438  0.3870428   0.3208691  -0.18374452  0.13645585
   0.2617194  -0.13436057 -0.02848697  0.35143378]
 [ 0.26567686  0.01453597  0.35174686  0.3922697  -0.48912972 -0.0984439
   0.09706112 -0.37716064 -0.09418623  0.36220428]
 [-0.05578306  0.26456466  0.4041711   0.19015647  0.33261052 -0.05917975
  -0.23319545 -0.4266736   0.12519585 -0.00744942]
 [-0.16916779  0.36645538  0.03023787 -0.13755639 -0.17641667  0.6559599
   0.30705607  0.12416428  0.5542011  -0.43604162]
 [ 0.49010292 -0.16979836  0.35043335  0.02331808 -0.36412606 -0.5119907
   0.26466012 -0.08546975 -0.47411627  0.28982213]
 [ 0.36308903 -0.12757117  0.8047594   0.43901816 -0.06668141  0.42056066
   0.38601756  0.34230036  0.11054731 -0.11300088]
 [ 0.22204709  0.09368158  0.3925714  -0.18930912  0.46561256 -0.1692765
   0.37615356  0.18950509  0.08630386  0.35921144]
 [-0.5562763  -0.16316113 -1.7954563  -0.08456863 -0.22077481 -0.6308305
   1.0105695   0.12700468 -0.87454927  2.3811321 ]]
Peso 2:
[ 0.17254336  0.09512355  0.5648398   0.05213605  0.00776312  0.13566272
 -0.09433325 -0.04202756  0.23243043 -0.08185486]
Camada: saida
Peso 1:
[[-0.3268752   0.3289763 ]
 [ 0.11763764  0.6697575 ]
 [-1.4187441   1.3519322 ]
 [ 0.2908233   0.7331705 ]
 [-0.33098605 -0.24018663]
 [-0.46263024  0.9659157 ]
 [ 0.11688387 -1.0560666 ]
 [ 0.31408682 -0.23016444]
 [-0.88302684  0.69135785]
 [ 1.7682074  -1.8092822 ]]
Peso 2:
[-0.13375586  0.13375877]



pesos modelo: 
Test loss: 0.0176, Test accuracy: 0.9980
Camada: meio
Peso 1:
[[ 0.48800495 -0.14768755  0.15385315  0.48452964 -0.09466282 -0.1526739
  -0.13603365  0.20434144  0.08742467 -0.04694888]
 [ 0.18942045  0.15425564 -0.16384734  0.04354601  0.59095937 -0.4717437
  -0.26423967 -0.40520763 -0.1257541  -0.39169693]
 [ 0.2550408   0.11124685  0.20103627  0.3114918   0.35004357 -0.2174572
   0.0130001  -0.09509885  0.0217081   0.21860851]
 [ 0.22792296  0.14863884 -0.07474045  0.01712405  0.5407131  -0.03914626
   0.2519284   0.20344852  0.0682763   0.13397051]
 [ 0.02768123  0.22109754  0.45517978 -0.06464896 -0.05676977 -0.39969492
   0.13854486 -0.4467012   0.2024704   0.39371607]
 [ 0.07522947 -0.29655647  0.16152997  0.17281371 -0.15056884 -0.3410349
   0.35256955  0.46542278  0.35956368 -0.38282603]
 [ 0.08395776 -0.34150907 -0.1358886   0.6396312  -0.03795342 -0.3895085
   0.27934888 -0.41944656 -0.05849862  0.28060392]
 [ 0.1150492  -0.42128766  0.3801695  -0.18377331  0.512281    0.30991358
   0.48839432  0.32554233 -0.3599768   0.3947936 ]
 [ 0.2896578   0.23352537  0.3189095   0.58213073 -0.04428298  0.13898809
   0.18797688 -0.35134432  0.1917218  -0.41781148]
 [ 0.42901593  0.12951145  0.15595128 -0.02846607 -0.23839281 -0.13250716
  -0.3964394   0.22687171  0.2739717   0.05653008]
 [ 0.90917003  0.19622962 -0.2509827  -0.23786391  0.40282026 -0.19735426
  -0.21368685 -0.4840614   0.17480648 -0.25630647]
 [-0.02655934 -0.01753589  0.2476779   0.20197925 -0.03204493 -0.07368247
   0.08442447 -0.07040416  0.19684882 -0.2683632 ]
 [ 0.68303657 -0.49139765 -0.07602772  0.1469267  -0.03694999  0.08782817
   0.11783325 -0.34024644  0.1043449  -0.03350815]
 [ 0.03079698  0.45882857 -0.13493243  0.42687574  0.25419056 -0.36855024
  -0.3760424  -0.39315653  0.02582698 -0.42792284]
 [-2.68302    -0.06760526  0.5535725   0.97238857  1.4507061  -0.43749815
   0.07127542  0.30410582  0.95358837 -0.23777038]]
Peso 2:
[ 9.4990814e-01 -1.0965845e-03  7.5339228e-02  1.1246078e-01
  3.2763951e-03 -1.8566947e-02  9.4431164e-03 -3.4639228e-04
 -4.1499030e-02 -1.1464003e-01]
Camada: saida
Peso 1:
[[-2.2866123   1.8639394 ]
 [ 0.15489303 -0.03821306]
 [ 0.64036214 -0.39636362]
 [ 0.2750105  -1.1972467 ]
 [ 1.1661406  -0.98126125]
 [ 0.04167514 -0.34483674]
 [ 0.1943772  -0.08933394]
 [ 0.04257856 -0.05416674]
 [ 0.5408234  -0.65655476]
 [-0.5593201   0.43446717]]
Peso 2:
[ 0.16039765 -0.16039298]



pesos modelo: 
Test loss: 0.0720, Test accuracy: 0.9688
Camada: meio
Peso 1:
[[-0.38029104 -0.08736792  0.36657837  0.30042967 -0.06303504  0.31537727
  -0.27540255 -0.18075773  0.46653542  0.35421047]
 [-0.01779849  0.1901314  -0.4076664   0.3116043  -0.32718349  0.03101203
   0.23430115  0.44535863  0.44156924  0.3488304 ]
 [ 0.37035158 -0.15381983 -0.23341899  0.3098362  -0.1008256  -0.14051448
   0.3758368   0.07067413 -0.18093736  0.46888837]
 [-0.23508789  0.24317674  0.35058978  0.5222861  -0.21609099 -0.22726111
   0.24091873 -0.1291915  -0.25311047  0.47731227]
 [-0.35167554 -0.01358614 -0.42498702  0.09504823 -0.14961131 -0.04010828
   0.04815434  0.18280499  0.3529426  -0.22914323]
 [-0.45771995  0.30273038 -0.35941225  0.46234494 -0.36528364  0.46108118
  -0.06443181  0.20273817 -0.18146361  0.3384775 ]
 [ 0.45478547 -0.03523683 -0.2624578  -0.08229678 -0.16039783  0.36241966
   0.0584707   0.65731514 -0.30835664  0.24365504]
 [-0.09481063  0.11554221  0.38598952  0.34785047 -0.33029532  0.29119208
   0.05502955  0.13904151  0.45312536  0.47921148]
 [-0.31784824  0.34746042  0.17376466  0.39724392  0.06264769  0.39304402
  -0.18416135 -0.05695914 -0.46909714  0.21645264]
 [ 0.3572521   0.6468608   0.30475083  0.07139155 -0.4375146  -0.16317834
   0.41584742 -0.37003002 -0.37457612 -0.34121633]
 [ 0.43282863  0.33745274  0.44317606 -0.1609483  -0.14940792  0.5782014
   0.50401926  0.20353861  0.08020612  0.29802766]
 [ 0.25591543 -0.2537994   0.4089085   0.04932853  0.374755   -0.467114
   0.21026984  0.45890006 -0.19495234  0.37093836]
 [-0.03793078  0.09863596 -0.502282    0.14275816  0.20186794  0.4517725
   0.78529096 -0.06419637 -0.13458289 -0.03960653]
 [ 0.30584115 -0.11856113 -0.3974191   0.23142076 -0.4642855  -0.4584789
   0.08131464 -0.03247254  0.48484305  0.14851893]
 [ 0.2861683  -1.1699827   0.16276897  2.1546423   0.05833395 -0.72185236
  -1.957812    0.86448    -0.3915231  -0.40064326]]
Peso 2:
[-0.02229123  0.1489891  -0.01749186 -0.13551904 -0.0841076   0.10969875
  0.66826814  0.04995585 -0.00327698  0.04230635]
Camada: saida
Peso 1:
[[ 0.67752135  0.22696324]
 [-0.95613366  0.9820203 ]
 [-0.23682797 -0.606135  ]
 [ 1.0931915  -1.8972511 ]
 [ 0.44919792 -0.4935276 ]
 [-1.2077379   0.12045667]
 [-1.2922723   1.8452924 ]
 [ 0.50464547 -0.9575277 ]
 [ 0.09370716  0.16850133]
 [-0.8339993  -0.45083717]]
Peso 2:
[-0.03030507  0.03030947]



pesos modelo: 
Test loss: 0.0328, Test accuracy: 0.9906
Camada: meio
Peso 1:
[[-0.18638799 -0.2714104   0.28454748 -0.06754121  0.4712312  -0.08632699
  -0.18665206  0.27429983  0.17340592  0.43211213]
 [ 0.17455995 -0.10035846 -0.44433463  0.06017824  0.21627374 -0.03903823
  -0.35878018  0.03183793 -0.18380891  0.09905791]
 [ 0.43353367  0.15681785 -0.47483775  0.21724837  0.40982807  0.3991208
   0.35285807 -0.27150047  0.40938038  0.3102968 ]
 [-0.33210865  0.34558627  0.45819822  0.35694656  0.3523312   0.2158909
   0.07222711 -0.337918   -0.03869754  0.30455628]
 [ 0.2877438  -0.41462636 -0.4012421   0.2304555   0.19067845 -0.2317762
   0.03260922 -0.04597738 -0.36152038  0.1643602 ]
 [ 0.34017542 -0.43521342 -0.42619076  0.18971854  0.0336194   0.45552212
  -0.11656865  0.271904    0.01831408 -0.00324559]
 [-0.21768183 -0.31953508  0.28920507  0.23934333 -0.06814126  0.1938967
  -0.34189317  0.136941   -0.4453589  -0.0712273 ]
 [-0.06233805  0.15282628  0.21988995  0.30556387  0.10053186 -0.22584724
  -0.23291564  0.22212414 -0.00843541  0.1030543 ]
 [ 0.38777953  0.11597145  0.22969323 -0.29840845  0.46373358 -0.2753393
  -0.3176898  -0.44832388  0.32721213  0.16214909]
 [-0.47068796 -0.12524234  0.05942993  0.10210212  0.33507225  0.11295174
   0.1749608   0.21883483  0.45390886  0.79997736]
 [-0.16225778 -0.02215674  0.13621399  0.0484753   0.00972267 -0.39077467
   0.2016286  -0.38613    -0.0660282   0.8074785 ]
 [ 0.19649377 -0.06548287 -0.18483925 -0.2183585   0.29620993 -0.43160656
   0.24416359  0.35627258  0.0199307  -0.04428373]
 [ 0.01800667 -0.43029475 -0.4005612   0.07295483 -0.39967388 -0.17248814
  -0.40715015  0.32575494  0.08625451  0.60339165]
 [ 0.01413636  0.02090653 -0.2762902   0.2750291   0.33039245 -0.07954348
  -0.37031466 -0.35156408 -0.08417004  0.08365452]
 [-0.09208504  0.26176324 -0.06476042  1.0275255   2.1611845  -0.26234186
  -0.19926372  0.13430111  0.10391965 -2.41492   ]]
Peso 2:
[-0.07529666 -0.1924092  -0.0009151  -0.05718126 -0.13264675  0.02919444
 -0.06800109 -0.09579704 -0.08056181  0.7365204 ]
Camada: saida
Peso 1:
[[-0.18427154 -0.32647163]
 [ 0.08093777  0.2781645 ]
 [-0.12819101 -0.0213346 ]
 [ 0.262735   -1.2017335 ]
 [ 1.9539866  -1.0752246 ]
 [-0.58831847 -0.35141107]
 [-0.2959092   0.32005134]
 [ 0.06292237  0.01353067]
 [ 0.22766912  0.2405975 ]
 [-1.9938061   1.8468912 ]]
Peso 2:
[ 0.0415251  -0.04151944]



pesos modelo: 
Test loss: 0.0594, Test accuracy: 0.9775
Camada: meio
Peso 1:
[[-0.39790064  0.17922261 -0.30859792 -0.3112077  -0.2598427  -0.41705105
   0.11596027 -0.41506556  0.21049914 -0.2354373 ]
 [ 0.04797294  0.3657383   0.00301569 -0.44136018 -0.08165864  0.28942016
  -0.34508502  0.32632765 -0.1854405   0.08354931]
 [ 0.3651692   0.00566975  0.2740808   0.1724198  -0.08293477 -0.05366405
   0.14659685  0.29536766  0.13275133 -0.02354906]
 [ 0.29402626  0.11438688  0.26007742  0.22075361 -0.20788991  0.2236547
  -0.28109366  0.2511035   0.06297188 -0.45516112]
 [-0.04717089  0.04930502 -0.06305986 -0.46213913 -0.2240999  -0.1449932
   0.24550422 -0.14463    -0.01770147  0.37940186]
 [ 0.31008622  0.3799539   0.19691707  0.39809263  0.14058687  0.18962692
   0.2867059   0.30501154  0.2452535   0.2649345 ]
 [-0.02592492  0.3923256   0.4359226  -0.11463787  0.06868085  0.12159926
  -0.18487848  0.26923108 -0.11809412  0.01191827]
 [ 0.26976317  0.5520716  -0.20613633 -0.09324113  0.24357653  0.15071943
   0.21993993  0.23883331  0.44680747 -0.4876089 ]
 [-0.05263948  0.06477064 -0.18699872  0.17953347 -0.315894   -0.17418332
   0.27000588 -0.10420838 -0.07115006  0.2083513 ]
 [ 0.27102715 -0.14289632 -0.35350212  0.02210635  0.3652555   0.1416441
   0.14929828  0.71130824  0.5629307  -0.2683046 ]
 [ 0.05689532 -0.40154707 -0.46323895 -0.05111496  0.16637662  0.20694928
   0.58450675  0.11605847  0.60401803  0.1343517 ]
 [ 0.06315432 -0.24954897 -0.24222144 -0.26325327  0.15333803  0.21526732
  -0.33441952 -0.601094   -0.29173923 -0.04104315]
 [-0.3296803   0.0815737  -0.00697604 -0.40235987 -0.22320576  0.49475238
   0.19743967  0.4305361   0.03730544  0.31709105]
 [ 0.00953147  0.5045519  -0.23249094  0.13805197 -0.21089417  0.42294836
  -0.07407977 -0.52711034 -0.0028961   0.05062742]
 [ 2.3951094   1.1206127  -0.39897177  0.23537803  0.2717348  -0.9338213
  -0.37779722 -1.3057823  -0.89340127  0.22008209]]
Peso 2:
[-0.07322042 -0.00516542 -0.05365306 -0.00635176  0.0148193   0.4148693
  0.07453977  0.38150856  0.353382   -0.02620932]
Camada: saida
Peso 1:
[[ 1.7893922  -1.6218675 ]
 [ 0.82109267 -1.1390692 ]
 [-0.04272766 -0.52456146]
 [ 0.40692127  0.33055303]
 [ 0.40693864 -0.20251533]
 [-1.0838264   0.68806946]
 [-0.5836747   0.25581422]
 [-1.4590044   0.8700197 ]
 [-0.993541    0.8532052 ]
 [-0.43908387 -0.6163685 ]]
Peso 2:
[-0.18413164  0.18413448]



pesos modelo: 
Test loss: 0.0748, Test accuracy: 0.9662
Camada: meio
Peso 1:
[[-0.02663058 -0.29385775 -0.27457386 -0.24589248 -0.05691361  0.0916113
  -0.01314184 -0.12397936  0.4351234   0.3363255 ]
 [-0.21402971  0.24894278  0.32237267 -0.46722445 -0.41858804  0.49833438
   0.5763266   0.00217095 -0.09642892  0.20958458]
 [-0.2058756   0.13177893  0.19043891 -0.1691635   0.06779919  0.1107771
   0.25029492  0.23081139 -0.18758962 -0.08262396]
 [ 0.2881288  -0.00485579 -0.04898908 -0.44955227 -0.29789162 -0.07647391
   0.30994686  0.11747434  0.08012445  0.29794246]
 [-0.13997081  0.02711934  0.26782352  0.23403937  0.3419365  -0.04379362
   0.23713171  0.2544562  -0.2063317  -0.07593023]
 [-0.18903364 -0.28562135  0.10920861 -0.41560546 -0.18590237  0.17561702
  -0.05589784  0.06675237 -0.410198    0.43472517]
 [-0.48177403  0.10254577  0.37726545 -0.14921589  0.26861292  0.1795669
   0.27356324  0.5288392  -0.2907671   0.38169104]
 [ 0.2157353   0.09972556  0.07677125  0.23860964 -0.33540225 -0.12666237
  -0.01101089  0.5118847  -0.47788134 -0.37858772]
 [-0.40156147  0.21708126 -0.00504666  0.17134401  0.00658709  0.32121226
   0.28452477 -0.05850076 -0.20344476 -0.0578468 ]
 [ 0.2720758   0.6389535   0.3954459   0.27242056  0.3710052  -0.22640176
   0.0431541  -0.1321463  -0.2842445   0.09746362]
 [-0.02639525  0.8180732   0.3682094  -0.45905435  0.23421505  0.37144923
   0.2857669  -0.25928605  0.35574365  0.5773186 ]
 [ 0.08305283 -0.18969204 -0.05361431 -0.34230518  0.36119172 -0.37589473
   0.06532156  0.30398217 -0.448276    0.16681013]
 [-0.14472805  0.5415181   0.15749678 -0.19845666 -0.06010055 -0.14843512
   0.05634349 -0.0134552   0.20627932  0.2584376 ]
 [-0.41607186  0.050188   -0.18792427 -0.29286456  0.41708502  0.3707796
  -0.20376971  0.20718965 -0.11595456 -0.541322  ]
 [-0.22169532 -1.971632   -1.4095006   0.10447903  0.2591749   1.0187327
   1.7582803   1.095831   -0.4100181  -0.7658195 ]]
Peso 2:
[-0.00845983  0.7082978   0.48814234  0.01210662 -0.04106953 -0.00110182
  0.00441578  0.07166772 -0.01033737  0.11305013]
Camada: saida
Peso 1:
[[ 0.29800934  0.27721912]
 [-1.4851525   1.6910816 ]
 [-1.4896489   0.4969393 ]
 [ 0.0365378  -0.22678407]
 [ 0.45861232  0.18347979]
 [ 0.89242667 -0.781454  ]
 [ 1.1115003  -1.264653  ]
 [ 0.3412576  -1.2162597 ]
 [ 0.29182023  0.224283  ]
 [-0.17364034  0.9237909 ]]
Peso 2:
[ 0.01037321 -0.01036849]



pesos modelo: 
Test loss: 0.0426, Test accuracy: 0.9845
Camada: meio
Peso 1:
[[-0.4582426  -0.26958328 -0.02260935 -0.339276   -0.28843763 -0.4331546
   0.11709848  0.16284737 -0.4488663  -0.06306189]
 [ 0.20343564 -0.37325943 -0.17770043 -0.40441018 -0.06964529  0.38334692
  -0.09593549  0.26591495  0.29629222  0.13880558]
 [ 0.35940623 -0.13707551  0.15731928  0.01139102  0.40557036  0.158997
   0.07652878  0.12598698  0.12363147 -0.38107622]
 [ 0.20143971  0.01252468  0.27403763  0.134617    0.43360543 -0.41338494
   0.18579201 -0.02574793  0.07589751 -0.39652517]
 [ 0.42268792 -0.25664392 -0.42560717 -0.34248    -0.29904363  0.42733958
  -0.20227253  0.35478434  0.43573684  0.33088255]
 [-0.01164305 -0.07994104  0.2528172  -0.18884256 -0.05743873 -0.32720575
  -0.22589937  0.11444388  0.03642194 -0.15199499]
 [-0.30140397  0.12168163  0.43693948  0.31253782 -0.06165896 -0.13259529
   0.23916036 -0.03466362  0.28020808 -0.4590133 ]
 [-0.43825287 -0.03789721 -0.16398588  0.3282142   0.3551511  -0.39920044
  -0.01290047  0.18772537  0.19362132  0.07686131]
 [-0.24962826 -0.21823248  0.3545383  -0.38053665  0.01619328 -0.25610542
   0.38346547  0.15506843  0.46425274 -0.40732974]
 [ 0.288729    0.59543097  0.21354887 -0.31387284  0.03578665 -0.07758217
   0.3147512   0.66752464  0.24414909 -0.3557332 ]
 [-0.32977065  0.11657668  0.16470852 -0.05496953  0.43258584  0.36355552
   0.4864488   0.5752887  -0.35988435  0.21853589]
 [-0.09465382 -0.43494862  0.1869186  -0.21230279  0.290842    0.4658045
   0.09534008 -0.3880654   0.10376911  0.11772861]
 [-0.42283005  0.5188094  -0.21586643 -0.20457168 -0.25041217 -0.08993475
   0.73756254  0.10825336 -0.1058858  -0.3176888 ]
 [ 0.37921065  0.44443804  0.29643893 -0.1399185   0.23032632  0.4501329
   0.11067827 -0.10192285  0.3367626  -0.19590953]
 [-0.23073019 -0.28397506  0.56275433 -0.2770236   1.1120256   0.07302409
  -1.7131369  -1.7161433   2.0837479  -0.07889795]]
Peso 2:
[ 0.00749753  0.13307674 -0.07990588 -0.01377535 -0.0834568  -0.0091538
  0.63575554  0.36602232 -0.10343464 -0.02579756]
Camada: saida
Peso 1:
[[-0.42321986 -0.30740088]
 [-0.09319184  0.51294327]
 [ 0.45189556 -0.15983313]
 [ 0.6003944  -0.19719431]
 [ 0.5059914  -0.7414944 ]
 [ 0.1099584   0.27411097]
 [-1.552238    1.0550275 ]
 [-1.4337991   1.3236862 ]
 [ 1.4369054  -1.6261849 ]
 [-0.20426427 -0.5199479 ]]
Peso 2:
[-0.0393948   0.03939917]



pesos modelo: 
Test loss: 0.0637, Test accuracy: 0.9723
Camada: meio
Peso 1:
[[-1.38167471e-01  3.70751947e-01 -4.58682477e-01 -2.97548562e-01
  -7.07656145e-02 -3.24357510e-01 -2.88449317e-01 -1.12936080e-01
  -6.97335601e-03  3.70723218e-01]
 [-1.37640163e-01 -9.30780992e-02 -2.07652301e-01 -1.12662941e-01
  -2.21442372e-01  1.13746248e-01 -4.20164317e-02  4.35391843e-01
  -2.49704570e-01  3.63439880e-02]
 [-1.50530696e-01 -1.32854611e-01 -2.84648925e-01 -1.44178540e-01
   3.67542952e-01 -9.68910009e-02  1.09223403e-01 -2.56846368e-01
   2.66103655e-01  1.57653019e-01]
 [-2.58732438e-01 -3.73202503e-01 -3.20104331e-01  3.92272741e-01
  -1.44764334e-01  1.99664049e-02  5.09467363e-01 -2.23082647e-01
  -2.52068192e-01 -6.03804961e-02]
 [ 3.85851383e-01  4.52649057e-01 -1.88505456e-01  2.82937437e-01
  -4.06663679e-02  1.44923329e-01  2.38036752e-01 -1.32084876e-01
   9.41540860e-03 -1.19978040e-01]
 [-2.41405070e-02  4.38716501e-01 -3.60216945e-01 -4.28139307e-02
   3.31275374e-01  3.88153285e-01  8.94083753e-02  3.10558200e-01
   1.35308787e-01  4.77625638e-01]
 [ 3.83944660e-01  3.77598435e-01 -3.83107126e-01 -1.62764103e-04
  -2.64025833e-02  5.16107939e-02  1.68376327e-01 -1.78006012e-03
   2.59753048e-01 -1.99763685e-01]
 [ 3.07857633e-01  4.33043599e-01  4.51481402e-01  1.90552607e-01
  -1.07525855e-01  1.92564189e-01  1.14750557e-01  3.50761652e-01
  -2.73204893e-01 -1.55506134e-01]
 [ 3.05608034e-01  3.67936969e-01  1.29657313e-01  4.38618362e-02
  -4.79054242e-01  2.39819363e-01  5.78973107e-02 -3.96750152e-01
   1.31209433e-01  2.15253010e-01]
 [ 1.29631817e-01 -3.08776717e-03 -3.72778237e-01  6.66518450e-01
   5.11738583e-02  5.09603739e-01  2.59115070e-01  2.43389130e-01
   5.82082987e-01  8.39622617e-02]
 [-9.36370622e-03  3.29472810e-01  4.68834817e-01  7.95849621e-01
  -4.16907400e-01 -6.36928827e-02  1.02321520e-01  1.00229383e-01
   5.08185983e-01 -1.63821757e-01]
 [-3.07288647e-01  4.69620556e-01  9.49687585e-02 -1.01173460e-01
  -1.38538316e-01 -3.46758932e-01  4.06592757e-01  1.38008863e-01
   2.73379862e-01 -1.90029154e-04]
 [-1.52628198e-01  3.01483154e-01  1.52453974e-01  2.54743040e-01
   2.46632278e-01  5.43670595e-01 -4.40921038e-01 -4.69059587e-01
   4.14980382e-01  4.20302868e-01]
 [ 2.85675406e-01 -3.63445848e-01  4.55811794e-04 -5.61881125e-01
  -3.03109903e-02  2.01482445e-01 -1.81194738e-01 -4.44651157e-01
   7.34116361e-02  7.83032328e-02]
 [ 1.20976174e+00 -3.54216807e-02 -1.90234169e-01 -1.44672406e+00
  -1.28683284e-01 -1.06672418e+00  1.88367438e+00 -1.79287761e-01
  -1.25393617e+00  1.28534102e+00]]
Peso 2:
[ 0.11876789  0.01263737  0.14489023  0.38229308  0.00404449  0.18844903
 -0.04092266 -0.02792639  0.56000036 -0.07043008]
Camada: saida
Peso 1:
[[ 1.0548456  -0.7851546 ]
 [ 0.28980488  0.26435095]
 [-0.09439189  0.6589789 ]
 [-1.2263241   1.3004543 ]
 [-0.33707014 -0.21538484]
 [-1.2631993   0.37456626]
 [ 1.6767856  -1.0133406 ]
 [ 0.19094592  0.11038542]
 [-0.70331496  1.3173014 ]
 [ 0.77801657 -0.8832132 ]]
Peso 2:
[-0.02608505  0.0260892 ]
