


pesos modelo: 
Test loss: 0.0001, Test accuracy: 1.0000
Camada: meio
Peso 1:
[[ 3.85625571e-01  1.97146863e-01 -6.85608983e-02 -3.88784558e-01
   1.34429067e-01 -2.47816071e-01  4.78676885e-01 -4.13688719e-01
  -8.90463293e-02 -3.36173058e-01]
 [-4.52150673e-01  4.81809169e-01  2.42600143e-01 -1.03960916e-01
  -2.17768222e-01  1.27710953e-01 -4.89270955e-01 -3.73844393e-02
   4.52500522e-01  3.90760332e-01]
 [-2.75259852e-01  5.35445113e-04 -3.51161301e-01 -2.21344844e-01
   3.34386081e-01  2.13213712e-01  2.21996471e-01  7.02487603e-02
   3.80237877e-01  1.13286063e-01]
 [ 1.48692176e-01 -2.12979764e-01  4.77450609e-01 -2.57700175e-01
   3.47578317e-01 -8.48043058e-03 -3.03835571e-01 -4.81151760e-01
   5.61736152e-03 -2.73288190e-01]
 [-3.73876393e-01  3.42046350e-01 -3.56728792e-01 -2.25823626e-01
  -3.59658867e-01  8.34201276e-02  1.09959461e-01  2.61772126e-01
   3.53801578e-01 -2.93830060e-04]
 [-6.63217232e-02  1.91677272e-01 -3.18055332e-01 -2.39990681e-01
   1.10733835e-02  1.64578140e-01  9.49031264e-02 -5.04773796e-01
   3.92164975e-01  1.17304392e-01]
 [-6.56367391e-02  8.06425661e-02  3.93175215e-01  2.81503201e-01
   2.46784985e-01  2.83238348e-02 -1.58730775e-01  7.16618169e-03
   1.02476090e-01 -4.58579957e-01]
 [-7.80061260e-02 -1.41669273e-01  3.69066112e-02 -1.10284388e-02
  -1.23352133e-01  2.45935142e-01 -3.24710399e-01  1.64411534e-02
   3.93790483e-01 -2.54065663e-01]
 [-3.58780533e-01  1.39792562e-01 -3.67176712e-01 -2.81060100e-01
  -2.49052107e-01 -3.34546082e-02 -3.06632876e-01  6.26382828e-02
   1.35621503e-01 -1.27548456e-01]
 [ 1.28480345e-01 -1.71920583e-01  4.71339794e-03 -2.12700590e-01
   2.51199931e-01  1.60090715e-01 -4.44570720e-01  2.44315505e-01
   3.52808744e-01  7.22007081e-03]
 [-3.47866304e-02  3.54418039e-01  5.11984468e-01 -3.93979579e-01
   5.21248281e-02  1.13703907e-01 -4.37897801e-01  1.00422621e-01
   3.94152492e-01 -1.08912475e-01]
 [-4.56122696e-01 -2.19521791e-01 -8.74173194e-02 -1.24495022e-01
   3.43783557e-01  1.95998073e-01  1.73527226e-02  1.96380198e-01
   2.70069867e-01  2.28863582e-01]
 [ 3.37922245e-01 -1.73602164e-01 -4.26135808e-01 -4.16402131e-01
   4.12442721e-02  1.89326584e-01 -4.64622900e-02 -1.71085849e-01
   4.36133564e-01  1.89935669e-01]
 [ 8.74968246e-02  8.77618566e-02 -4.45898890e-01  4.27713454e-01
  -1.83975343e-02  8.08356255e-02 -7.18061551e-02  1.55981034e-01
   2.62684554e-01  3.57936382e-01]
 [ 4.89960134e-01  8.49633157e-01 -5.00778377e-01 -1.35666756e-02
  -3.79860789e-01  2.94487166e+00  1.73388779e-01  1.62292330e-03
  -2.06156564e+00  2.45253354e-01]]
Peso 2:
[ 5.8945004e-02 -3.4778632e-02  8.3393179e-02  3.2151867e-02
  8.7038390e-02 -3.8502386e-01 -3.4819701e-04 -6.5340891e-02
  1.0619775e+00 -1.5715744e-01]
Camada: saida
Peso 1:
[[-0.06746439 -0.5239559 ]
 [ 0.67902255 -0.24129073]
 [ 0.42506504  0.7946442 ]
 [-0.44424394  0.04352606]
 [ 0.1779442   0.6502542 ]
 [ 2.0412738  -2.0686176 ]
 [ 0.26948005  0.28438085]
 [-0.46844473 -0.5089862 ]
 [-1.8592212   1.6045773 ]
 [ 0.27272984 -0.36577988]]
Peso 2:
[-0.57176006  0.57176805]



pesos modelo: 
Test loss: 0.0001, Test accuracy: 1.0000
Camada: meio
Peso 1:
[[-4.01115447e-01 -1.39668137e-01  9.54765975e-02  2.55853146e-01
   4.47101444e-01 -3.28868449e-01  4.48583871e-01  4.00325984e-01
   3.98656428e-02 -7.43387938e-02]
 [ 3.69061232e-01  1.62906542e-01 -1.45788133e-01  1.65157661e-01
  -2.21406370e-02 -4.65513289e-01 -2.52463728e-01  3.64832848e-01
   3.38046789e-01  2.30595961e-01]
 [ 4.33547020e-01 -2.46241450e-01  3.13002974e-01  3.47088695e-01
  -3.05866599e-01 -3.65008920e-01 -2.01483473e-01  4.26964462e-01
   5.38850166e-02  1.92166731e-01]
 [ 3.32075715e-01  2.05063187e-02 -4.14118439e-01  4.33636069e-01
  -1.63733363e-01 -4.32444513e-01 -1.23542920e-01  3.83864462e-01
   2.24659368e-01  3.26436728e-01]
 [-9.90745053e-02  2.64062673e-01  4.28997315e-02  2.30609730e-01
   1.01321399e-01 -4.09418464e-01  3.98254693e-01 -2.66279668e-01
  -5.18136695e-02 -8.04106072e-02]
 [ 2.22782239e-01 -2.70056963e-01  4.41129982e-01  2.77793527e-01
  -4.30682600e-01 -4.43587303e-01  4.16420430e-01 -1.05117694e-01
   4.02260244e-01  2.06866637e-01]
 [ 3.00509244e-01 -9.80554819e-02 -3.74378026e-01  2.19385922e-01
  -2.73009419e-01 -2.79841989e-01  1.84406608e-01  2.84305662e-01
   8.92719328e-02 -6.56725913e-02]
 [-3.30034733e-01 -2.91780204e-01  4.39023882e-01  3.00802469e-01
  -3.66385370e-01  3.49024296e-01  1.86625361e-01  3.99572670e-01
   9.92713794e-02  2.49237314e-01]
 [ 4.34768736e-01 -4.53898787e-01  4.92975973e-02  2.57232010e-01
  -1.09852187e-01  4.23373580e-01 -1.17890395e-01 -4.56449389e-02
   2.08955616e-01  1.69465080e-01]
 [ 5.65721467e-03 -8.81706178e-02 -2.13115990e-01  3.85307342e-01
   1.38303876e-01 -1.82994619e-01  2.63946086e-01 -1.10446200e-01
   4.08074975e-01  3.18848193e-01]
 [-2.25752182e-02 -4.40744132e-01  4.52855557e-01  1.15437508e-01
   1.66614607e-01 -1.12072015e-02  2.60743797e-01  8.29268545e-02
   2.76265532e-01  5.28186485e-02]
 [-8.41876566e-02 -1.69866040e-01  1.18510909e-01 -9.34123695e-02
   5.92407048e-01  4.33680832e-01  4.35522683e-02 -7.38895014e-02
   1.27335161e-01 -3.74374054e-02]
 [-2.33274788e-01 -3.19186628e-01  2.68321991e-01  4.43583839e-02
  -2.74358571e-01  2.36329198e-01  3.24962378e-01 -4.13366891e-02
   5.27041376e-01  1.51271567e-01]
 [ 1.64119387e-03  3.49819571e-01  3.91805619e-01  7.26604611e-02
   5.26632249e-01 -4.91599828e-01 -6.57654256e-02 -1.94623798e-01
   1.07906207e-01  1.30158573e-01]
 [ 5.09911776e-01 -1.95557520e-01 -2.41493404e-01 -2.02692223e+00
  -4.95346159e-01  1.18963860e-01  1.04323244e+00 -3.19980495e-02
  -1.50734186e+00  2.44406962e+00]]
Peso 2:
[-0.06027715 -0.04864685  0.0484714   1.0634625   0.20045437 -0.00469688
 -0.0534773  -0.04996127  0.527741   -0.3015129 ]
Camada: saida
Peso 1:
[[ 0.27723938 -0.6247427 ]
 [ 0.20673516 -0.00644872]
 [ 0.27017224  0.6341897 ]
 [-1.2980295   1.9217103 ]
 [-0.68849766 -0.0050345 ]
 [ 0.34338117  0.4866644 ]
 [ 1.2495223  -0.03652562]
 [-0.1853461  -0.12591837]
 [-1.081607    1.3274376 ]
 [ 1.6925467  -1.7208853 ]]
Peso 2:
[-0.20278764  0.20279294]



pesos modelo: 
Test loss: 0.0001, Test accuracy: 1.0000
Camada: meio
Peso 1:
[[ 2.66302377e-01 -3.81462663e-01  1.22126937e-03 -2.77579129e-01
  -1.50765151e-01 -3.35726857e-01  7.27388561e-02  9.17080939e-02
   4.31092948e-01  6.78070486e-02]
 [ 1.97806820e-01  3.68722677e-01 -1.72559649e-01  2.13230237e-01
   3.78856540e-01  3.57519925e-01 -4.29496408e-01 -2.20111981e-01
   2.98130691e-01 -4.10086989e-01]
 [ 4.66387510e-01  1.68547094e-01 -4.62089777e-01 -6.61636367e-02
  -6.94678351e-02  3.40341747e-01 -4.44038689e-01  5.25813140e-02
  -3.85239959e-01 -1.77025735e-01]
 [-5.51972724e-02  2.23372549e-01  2.31105626e-01 -2.76036710e-01
  -3.25607330e-01  4.95543405e-02 -1.49193838e-01 -4.74204719e-02
  -3.30185682e-01  3.70409340e-01]
 [ 1.63974822e-01  2.84867913e-01 -4.50628549e-02 -2.64136702e-01
  -1.78690344e-01  3.94776821e-01 -2.83335477e-01  4.79397357e-01
   8.85089934e-02 -2.51369566e-01]
 [ 4.75313999e-02  2.92272925e-01 -2.52896845e-01 -2.94921339e-01
  -3.93796146e-01  1.66384175e-01 -2.02322528e-01 -1.30651340e-01
  -2.86475360e-01 -1.59177661e-01]
 [-2.48273820e-01  1.61927924e-01 -4.15919483e-01  4.14570063e-01
  -3.94580662e-01 -3.57947685e-02  9.54668671e-02  3.20106208e-01
   2.89482057e-01 -3.72715265e-01]
 [-5.75035103e-02  1.47040665e-01 -3.54065269e-01  1.34884343e-01
   1.65095985e-01  5.29620657e-03  4.41740751e-01  6.77862614e-02
  -3.34968954e-01 -4.44455296e-01]
 [ 4.63942468e-01  3.69597346e-01 -6.97803646e-02  4.45489883e-02
   3.82145196e-01  4.92412031e-01 -1.91595376e-01 -3.00407350e-01
  -2.30284810e-01 -4.10183281e-01]
 [ 4.24727917e-01  1.30458266e-01 -2.79559821e-01 -1.13307916e-01
  -4.95004803e-02  1.64875120e-01  2.84076869e-01 -9.81466919e-02
   1.58505440e-01  1.08187050e-01]
 [ 1.73342526e-02  2.68728346e-01  2.48199739e-02  3.75466615e-01
  -2.77964979e-01  1.57392755e-01 -4.52106237e-01  2.63595253e-01
   7.16470033e-02 -2.47372597e-01]
 [ 1.35141537e-01  1.87262893e-01 -4.21748877e-01  4.65513803e-02
  -2.53109813e-01  2.75889456e-01 -2.87819058e-01  3.79091322e-01
  -8.11660513e-02  3.50928187e-01]
 [ 2.55310595e-01  2.81569242e-01  8.82621184e-02 -1.96574211e-01
   3.67397308e-01  2.82205731e-01 -2.37586826e-01  1.17305070e-01
  -3.57905328e-01  1.71483248e-01]
 [ 2.78759778e-01  9.63848829e-02 -3.93591732e-01 -2.50795484e-01
  -6.74430206e-02  1.85184047e-01 -1.28991783e-01  1.10275924e-01
  -1.96240783e-01 -1.11770555e-01]
 [-1.39538252e+00 -2.46442628e+00 -4.42368090e-01 -2.76858825e-02
  -1.97102070e-01  2.30855393e+00 -4.06138182e-01 -5.47038317e-01
  -1.98179871e-01 -2.98061252e-01]]
Peso 2:
[ 0.66259784  1.1770842   0.01753576 -0.04594929  0.03258848 -0.11063097
 -0.00507933  0.14868982  0.0415151  -0.04438993]
Camada: saida
Peso 1:
[[-0.63457566  1.482707  ]
 [-1.9417064   1.8960824 ]
 [-0.42166895  0.40810457]
 [ 0.3315447   0.42023566]
 [-0.43715388 -0.13705796]
 [ 2.1065636  -1.2279906 ]
 [ 0.66737     0.61860436]
 [-0.25820026  0.71705735]
 [-0.36541432  0.19115195]
 [ 0.17103934  0.035844  ]]
Peso 2:
[ 0.12383065 -0.12382677]



pesos modelo: 
Test loss: 0.0001, Test accuracy: 1.0000
Camada: meio
Peso 1:
[[ 3.2066718e-01 -2.6716927e-01 -1.8258402e-01  2.4478570e-01
  -3.9435339e-01  3.8672504e-01 -1.4199716e-01 -1.4968568e-01
  -4.2744538e-01  4.2662987e-01]
 [ 2.5357133e-01  1.3842285e-01 -3.3494312e-02 -3.1215876e-01
   2.5328457e-01  1.5717962e-01  4.4097182e-01  4.7280860e-01
   3.5254312e-01 -1.2913446e-01]
 [ 3.1952137e-01  3.4972450e-01 -3.0557245e-01  3.7829876e-01
  -4.1197187e-01  2.8785869e-01  3.9401865e-01 -4.1695729e-01
   3.1541237e-01  6.9426678e-02]
 [ 1.6263497e-01  1.5664595e-01  3.7620381e-01  2.0687835e-01
   3.4662074e-01 -3.8113911e-02 -6.8091705e-02 -1.7608161e-01
   1.0275443e-01  9.2688918e-02]
 [ 4.1696414e-01 -2.6863563e-01  1.6933616e-01 -2.5897390e-01
  -2.8061289e-01  1.1238734e-01  1.5319292e-01  2.2563209e-01
   4.2107394e-01  1.0170627e-01]
 [ 2.0718525e-01 -2.3829591e-01  4.3153653e-01 -4.3055838e-01
   3.5746929e-01 -5.2960385e-02  1.3150567e-02  3.8728744e-01
   1.9969203e-01  2.0083059e-02]
 [ 1.8563706e-01  7.6447479e-02 -1.6480848e-01 -9.6123656e-03
  -2.4552011e-01 -1.8512982e-01  6.0230434e-02  1.1537672e-01
   2.1824268e-01 -1.5510538e-01]
 [-7.2241060e-02  4.1783154e-01  2.4709210e-01 -3.0282709e-01
  -5.1671635e-02  4.0328652e-01  2.9525664e-01 -2.0718074e-01
  -3.5237604e-01  3.0505595e-01]
 [ 9.1954343e-02 -2.9002073e-01 -3.1632632e-01 -4.3653494e-01
   2.9241276e-01 -1.8498783e-03 -7.6382205e-02 -2.9441549e-02
   1.4903592e-01  3.3330700e-01]
 [ 1.7794985e-01 -2.7319205e-01 -5.3231919e-01 -3.0304408e-01
   5.6124166e-02  2.6589963e-01  3.4993279e-01 -4.0367448e-01
  -7.8884237e-02 -7.4903551e-03]
 [ 2.4697374e-01 -3.3485281e-01  3.4714499e-01  1.8492794e-01
  -4.3050703e-03  4.7359636e-01  5.1883990e-01  4.4366822e-02
   2.8264093e-01  4.3591261e-01]
 [ 2.8447704e-02 -4.0433022e-01  5.6087561e-02  3.7924948e-01
  -4.4464827e-01  1.0511444e-01 -7.3711369e-03 -1.3802937e-01
  -1.4107786e-01  2.6021889e-01]
 [ 4.6119455e-01  1.4287557e-01  1.2340519e-02  3.9958337e-01
  -1.7384505e-01  1.7448060e-01  3.7262972e-02 -4.2841285e-01
   1.6009031e-01  9.1336317e-02]
 [ 9.0631321e-02  2.1498410e-01 -3.1885302e-01 -5.0501287e-01
   3.8566655e-01  5.5172004e-02  8.3957903e-02  1.2078384e-01
   2.7895948e-01  2.4066402e-01]
 [-1.7340395e+00 -6.8042807e-02 -1.0899999e-01  1.0548657e-01
  -2.8028455e-01  2.2989502e+00 -1.4542469e+00  1.1509392e-01
   1.3525153e+00 -1.1825640e+00]]
Peso 2:
[ 0.78428733  0.01410494 -0.07547671 -0.09037109  0.05722481 -0.13128926
  0.79189014 -0.02483728 -0.14395724  0.67176145]
Camada: saida
Peso 1:
[[-1.269682    1.5831871 ]
 [ 0.36980346  0.5371917 ]
 [ 0.1799084   0.05104918]
 [-0.31459954 -0.1526783 ]
 [-0.41992605  0.17825276]
 [ 1.4544607  -1.6119728 ]
 [-0.9553244   1.4946897 ]
 [ 0.44836748  0.40034106]
 [ 0.5306881  -1.3907573 ]
 [-1.0909956   0.7844079 ]]
Peso 2:
[-0.11676291  0.11676717]



pesos modelo: 
Test loss: 0.0001, Test accuracy: 1.0000
Camada: meio
Peso 1:
[[ 1.06368214e-01 -2.71558285e-01  2.81552464e-01 -4.77145165e-01
  -3.12379569e-01 -1.91172838e-01  9.58700478e-02 -3.82206559e-01
  -4.41581905e-01  4.88765210e-01]
 [ 3.17182034e-01 -1.12027712e-01  2.82640725e-01  4.34872270e-01
   2.21847132e-01 -1.10624947e-01 -1.58481032e-01 -4.70497966e-01
   2.39089116e-01  1.25283441e-02]
 [ 1.52399927e-01  4.14776683e-01 -3.77665132e-01 -5.17223170e-03
   1.55582264e-01  3.52453619e-01 -2.78361142e-01 -6.84313616e-03
  -5.56563772e-02 -3.77998859e-01]
 [ 3.93348932e-01  1.01664610e-01 -8.91199186e-02 -3.56810600e-01
   1.62021458e-01 -4.89320457e-01 -7.81112462e-02  3.45149577e-01
  -4.28320438e-01  3.08300108e-01]
 [ 8.46806616e-02  1.20162241e-01 -3.16163599e-01 -7.36933276e-02
  -1.26780227e-01  2.06946120e-01  8.05727169e-02 -4.31615919e-01
   9.56392810e-02  2.84392148e-01]
 [ 5.32054663e-01 -3.31329286e-01 -1.10271625e-01  2.41821721e-01
   3.50334883e-01  3.23539138e-01  4.59240168e-01  2.41215214e-01
  -2.74193674e-01  1.77297071e-01]
 [ 5.11185303e-02 -4.35115814e-01  5.46108603e-01 -4.12326485e-01
   1.51530420e-02 -1.26724973e-01 -3.42129618e-01 -8.03161114e-02
  -3.70459616e-01 -2.07085699e-01]
 [ 5.70469856e-01 -1.25951558e-01 -2.38318682e-01  2.14958400e-01
   3.45713109e-01 -2.84846425e-01  1.41003966e-01 -3.40273798e-01
  -2.96304226e-01  3.15004557e-01]
 [ 2.53147006e-01  2.44754732e-01 -6.64278045e-02  9.36936587e-02
   2.11172014e-01  1.49584888e-02 -2.24689052e-01 -9.54154506e-02
  -3.35510910e-01 -2.75217444e-01]
 [ 4.34872091e-01 -2.36733124e-01 -4.22999471e-01  6.52752295e-02
   1.93410814e-01  4.85348761e-01  3.05772930e-01 -1.35971770e-01
   4.15834755e-01  1.72587112e-01]
 [ 3.12102824e-01 -1.02869608e-01 -1.09974667e-03  1.34396821e-01
   5.79832047e-02  3.15308213e-01  4.57660168e-01 -7.82250613e-03
  -9.25328732e-02  1.67875990e-01]
 [ 2.88741648e-01 -8.77281427e-02 -3.74495029e-01 -3.35673720e-01
   1.26679450e-01 -3.85281950e-01 -2.73088574e-01 -4.04235154e-01
   6.98570609e-02  2.60324031e-01]
 [ 1.86300099e-01  3.38143826e-01  2.45964885e-01 -3.74606043e-01
   2.16985475e-02  4.78470415e-01  1.34117723e-01 -4.65275079e-01
  -4.00097132e-01  2.62795156e-03]
 [ 2.21267059e-01 -3.11124831e-01 -9.72867832e-02  1.75668355e-02
   4.16378602e-02 -5.41597366e-01  2.14190200e-01  2.43013814e-01
  -6.44431487e-02  1.00426637e-01]
 [-2.40233970e+00  2.37289965e-01 -2.61513799e-01 -1.32843092e-01
   2.70460868e+00  1.15870722e-01  6.90775454e-01 -3.63811910e-01
   4.39942777e-01  9.48989213e-01]]
Peso 2:
[ 1.1507167  -0.0161253   0.09655971  0.04095151 -0.3160095   0.03609866
  0.01920461 -0.03719641  0.01697534 -0.01466697]
Camada: saida
Peso 1:
[[-1.7989924   2.048994  ]
 [ 0.03205482 -0.05496603]
 [-0.6073232   0.3334456 ]
 [-0.727884   -0.47773266]
 [ 2.164001   -1.4791793 ]
 [-0.7463792  -0.38583106]
 [ 0.68277484  0.14738646]
 [-0.3273881  -0.5567837 ]
 [-0.44317365 -0.71176916]
 [ 0.9223502  -0.08506347]]
Peso 2:
[-0.34766483  0.34767053]



pesos modelo: 
Test loss: 0.0002, Test accuracy: 1.0000
Camada: meio
Peso 1:
[[-3.93216789e-01 -9.08263922e-02 -3.76046836e-01  1.42625779e-01
  -7.14068413e-02 -2.11545229e-01  1.19936079e-01  8.53060186e-02
   4.09235567e-01 -4.56731200e-01]
 [ 1.13320068e-01  3.83706301e-01 -2.35180154e-01 -2.07288295e-01
  -1.37406394e-01 -2.38008291e-01  2.55621165e-01 -1.38183475e-01
   1.08340688e-01  1.92550756e-03]
 [ 8.08439627e-02 -2.49956083e-03  4.37816307e-02  9.36483294e-02
   2.70465791e-01  4.40556407e-01  3.58769834e-01  2.47397691e-01
   2.44338438e-01  3.13361526e-01]
 [ 5.65213375e-02  4.58689839e-01 -4.08102751e-01  1.99724585e-01
   3.07196736e-01  4.14234012e-01  5.11717021e-01  2.61967689e-01
   2.29491778e-02 -2.33134300e-01]
 [ 3.06002319e-01 -1.66949719e-01  1.72241852e-01 -3.85164529e-01
  -7.35525042e-02  1.18640266e-01  1.61879078e-01  2.75802612e-01
  -2.97905803e-02  1.59223676e-01]
 [ 1.42075881e-01 -4.28412616e-01 -4.74013388e-01  1.43085703e-01
   1.78871080e-01  4.47283924e-01 -3.29293758e-02  4.90614235e-01
   3.82611006e-01 -1.13896720e-01]
 [-9.06171277e-02  2.33789489e-01 -6.35756552e-02  3.25601280e-01
  -7.97131360e-02  1.62734073e-02 -1.19372115e-01  1.77970290e-01
  -1.94365811e-02 -6.23200759e-02]
 [ 7.37080723e-03 -2.20662639e-01 -1.04936220e-01 -1.65257882e-02
   3.14765364e-01 -3.37992549e-01  3.93037379e-01  4.93371747e-02
  -3.72722596e-01  3.32467437e-01]
 [ 9.90094617e-02 -2.37691641e-01  3.97340775e-01 -4.94203925e-01
   1.33351251e-01  3.08469087e-01 -5.33153443e-03  4.44963098e-01
   4.46102232e-01 -3.50822479e-01]
 [ 3.54604512e-01  2.08707258e-01 -4.55441058e-01  5.96859269e-02
   1.92697048e-01 -5.59540503e-02  6.36176765e-01  2.23831356e-01
  -3.23228002e-01  3.57060194e-01]
 [ 4.37581912e-03 -1.01459697e-01  3.26161087e-01 -3.71381193e-01
  -2.38010939e-02  6.91604838e-02  7.85195231e-02  2.03612238e-01
  -3.31878178e-02  1.57684475e-01]
 [-4.64012995e-02 -2.54662812e-01  4.03990269e-01  1.06679030e-01
  -4.83039357e-02 -6.00236729e-02  1.63127556e-02  7.79887065e-02
  -3.09912175e-01  6.20636009e-02]
 [-2.57107653e-02 -3.58543172e-02  3.45907122e-01 -4.75008823e-02
   2.44911522e-01 -1.28908634e-01  1.75041392e-01  2.20659837e-01
   5.45054138e-01 -3.11156094e-01]
 [ 2.95464844e-01 -3.00511628e-01  4.62666482e-01 -4.74025041e-01
   4.18094732e-02 -1.97275892e-01  8.91839489e-02  2.80913562e-01
   4.40621585e-01 -4.17230189e-01]
 [ 1.91659296e+00  6.16434932e-01  2.12746233e-01 -5.93994036e-02
   2.09963727e+00  8.50126743e-01 -1.47348106e+00 -1.64861882e+00
  -3.75889570e-01 -3.37027729e-01]]
Peso 2:
[-0.19956484  0.08959491 -0.0840936  -0.18320978 -0.15930519  0.03395993
  0.87456757  0.84408957  0.197534    0.2373045 ]
Camada: saida
Peso 1:
[[ 0.9326297  -1.7141007 ]
 [-0.10272831 -0.7044438 ]
 [-0.11364707 -0.45175642]
 [ 0.11936212 -0.42710504]
 [ 1.617825   -1.1349247 ]
 [ 0.9188704  -0.03320151]
 [-0.9524679   1.545533  ]
 [-1.440736    1.2929238 ]
 [-0.9340064  -0.19087473]
 [-0.5598459   0.1874497 ]]
Peso 2:
[-0.42496315  0.42496723]



pesos modelo: 
Test loss: 0.0002, Test accuracy: 1.0000
Camada: meio
Peso 1:
[[ 1.42090589e-01  6.31974041e-02 -2.80892313e-01 -1.81545645e-01
   1.84255332e-01 -2.38251835e-01  1.92663968e-02 -4.76599693e-01
   2.23709673e-01 -4.21506763e-01]
 [ 3.05623896e-02  3.72327507e-01 -3.06898773e-01 -3.19476239e-02
  -2.61545837e-01  2.41074204e-01  9.00783911e-02 -1.80857673e-01
   1.23664871e-01  2.88201094e-01]
 [ 2.77230591e-01  2.77782470e-01 -2.95917451e-01  3.60577583e-01
  -3.42332631e-01  4.51618209e-02  1.98007390e-01  3.69857788e-01
  -3.37632149e-02  1.28319889e-01]
 [ 3.32547654e-03 -9.25381389e-03 -4.68809754e-01  6.85177222e-02
  -3.79783392e-01 -3.85086119e-01 -1.44082338e-01 -1.63752005e-01
   2.89735287e-01  1.88480228e-01]
 [ 2.35727459e-01  2.72698641e-01 -1.95208728e-01 -1.90987051e-01
  -4.21310127e-01  3.10804695e-01  6.00569509e-02 -2.27415547e-01
   3.55981141e-01  2.14601472e-01]
 [ 3.05690250e-04  2.51251608e-01 -1.08303294e-01  1.95516169e-01
  -2.41059944e-01 -1.38676971e-01  1.51097327e-01  4.54628736e-01
   2.23136917e-01  1.35506466e-01]
 [ 2.51103621e-02  3.03766042e-01 -2.55832877e-02  2.36539423e-01
   4.57376838e-01 -1.70428053e-01  1.22359432e-01 -6.56045079e-02
  -1.71361119e-01  2.42011413e-01]
 [-1.35941043e-01  3.15781206e-01  1.20401934e-01  2.69628942e-01
   1.60815313e-01  2.81688452e-01  2.87199497e-01 -1.74143594e-02
   4.45261486e-02  3.37483361e-02]
 [ 2.07658857e-02  3.69961739e-01 -2.28329405e-01 -1.97429702e-01
  -4.36633915e-01  2.83341438e-01  3.29047889e-01 -3.65589708e-01
   1.54224083e-01  1.82594270e-01]
 [-3.16009969e-01  4.44935232e-01 -2.67901391e-01  1.46068498e-01
   4.85712081e-01  2.47684360e-01  2.05253839e-01 -4.16986257e-01
   6.63545728e-02  2.42311850e-01]
 [-2.24039719e-01  2.50983238e-01 -1.27894998e-01  9.92030129e-02
   4.04611856e-01 -6.98301867e-02  2.35383496e-01 -2.95986831e-01
   6.03789538e-02  1.53965086e-01]
 [-2.43504837e-01  6.19771369e-02 -3.20743054e-01  1.74858019e-01
   1.38077438e-01  4.05319959e-01 -4.81417738e-02 -4.60313469e-01
  -1.29019052e-01  1.02339990e-01]
 [ 1.81081235e-01  4.14458364e-01  3.85676473e-01  1.55865699e-01
  -2.04507753e-01 -2.55087137e-01  3.87608886e-01  2.28970379e-01
  -1.98311687e-01  3.05068284e-01]
 [-1.29949927e-01  6.28108606e-02 -9.88361984e-02  1.19993739e-01
  -4.14887697e-01  2.75520027e-01 -1.98313549e-01 -7.42731243e-02
   2.81127930e-01  1.44127920e-01]
 [-2.10530594e-01  1.58448052e+00  1.92513347e-01 -1.06086826e+00
  -3.72191072e-01 -7.05180228e-01 -1.53861177e+00  1.89576715e-01
  -1.07420850e+00 -2.52305031e+00]]
Peso 2:
[-0.08457632  0.3461082  -0.09818094  0.3722635   0.12379322  0.06049716
  0.7934408   0.0104737   0.54725283  1.3733155 ]
Camada: saida
Peso 1:
[[-0.22090742 -0.26371363]
 [ 1.5404067  -1.0820369 ]
 [-0.48407868  0.20829321]
 [-0.15555929  1.1903976 ]
 [-0.3038002   0.7148667 ]
 [-0.56616086  0.13415152]
 [-1.3678341   1.0896176 ]
 [ 0.610587    0.05417546]
 [-0.21119584  1.2073873 ]
 [-1.8846693   2.0424688 ]]
Peso 2:
[ 1.0184324 -1.0184262]



pesos modelo: 
Test loss: 0.0001, Test accuracy: 1.0000
Camada: meio
Peso 1:
[[ 0.26256964  0.10042438 -0.12436748 -0.33912903 -0.33478743 -0.24406981
  -0.33130455  0.24017522  0.37987748  0.43678406]
 [-0.05179959  0.29296243  0.15093724  0.2694832  -0.08416153  0.30732265
   0.21015166  0.0035104   0.12851173 -0.40337306]
 [ 0.32171616  0.07926361  0.19843383 -0.35977688 -0.14897883  0.00975966
   0.44392976 -0.07649465  0.21297212 -0.3783848 ]
 [ 0.3453299  -0.04366822 -0.00258195 -0.18450905  0.4795145   0.3758183
   0.12889801  0.2538719   0.12461755 -0.04671732]
 [ 0.20096338  0.3338015   0.41733438 -0.06643656  0.36034134  0.443161
   0.21225268  0.05491936  0.29593092  0.12232048]
 [ 0.0032194   0.27588645  0.32187432  0.00998227  0.4022952   0.12109814
   0.11241903  0.47220704  0.16456951  0.40250617]
 [ 0.34507775 -0.06641611 -0.0724737  -0.04247873  0.4661036   0.21388428
  -0.40408188  0.33286384 -0.02250124 -0.10872329]
 [-0.07220404  0.37959445  0.26576868  0.07901505 -0.04432477  0.30693674
  -0.09545678  0.296667    0.39833698  0.29720414]
 [-0.36721134 -0.24350184  0.30499738  0.2730503   0.3075022   0.08816917
  -0.2057182   0.44349504  0.20794396 -0.11271324]
 [-0.23402247 -0.2641191   0.27115017 -0.22343718  0.26390803  0.25030038
   0.00984136  0.18865901  0.1491262   0.47936273]
 [ 0.33693746 -0.18058091 -0.19283785 -0.42126122  0.08976776 -0.03764055
  -0.12425786  0.3570879  -0.04733033  0.20651315]
 [ 0.39721042  0.33437964  0.15293787 -0.36403564  0.04970121 -0.0821811
  -0.02270728  0.13857043  0.02848865 -0.3813682 ]
 [ 0.42191273  0.16547425  0.17599046 -0.28655043  0.09194795  0.29208916
  -0.22720629  0.14476791  0.30317393  0.44327575]
 [ 0.04810559  0.12998217  0.3792223  -0.27682814 -0.04075091  0.12130439
   0.00713036 -0.00282693  0.31432605 -0.480716  ]
 [-0.94961685  0.9452279  -1.5309107  -0.12089621  1.3935627  -1.4986193
  -0.38242504 -1.612484    1.7273086   0.00720648]]
Peso 2:
[ 0.36499152  0.04120982  0.7027016  -0.02221306 -0.14539804  0.6068306
  0.06430427  0.5816152  -0.26377138 -0.0100193 ]
Camada: saida
Peso 1:
[[-0.8188891   0.55781025]
 [ 0.69332683 -0.60860634]
 [-1.1355088   1.4238241 ]
 [-0.44731137 -0.6602788 ]
 [ 1.1779007  -0.98974556]
 [-0.5970377   1.6700495 ]
 [ 0.20926616  0.5171733 ]
 [-1.4890761   0.7483095 ]
 [ 0.74436796 -1.7548896 ]
 [-0.4147211  -0.32665533]]
Peso 2:
[-0.08767241  0.0876778 ]



pesos modelo: 
Test loss: 0.0001, Test accuracy: 1.0000
Camada: meio
Peso 1:
[[-4.87791538e-01  4.37215894e-01 -2.58743495e-01 -2.13962436e-01
  -1.29490703e-01  3.12294096e-01 -2.96952069e-01 -4.82313633e-02
  -1.49809122e-01 -2.20726699e-01]
 [ 2.89033037e-02  3.32736492e-01 -4.09050465e-01  3.04131180e-01
   1.65985860e-02  1.96972594e-01  1.10546865e-01  2.89703965e-01
  -3.92616689e-01  3.55681777e-01]
 [ 1.91131607e-01 -8.39523319e-03  3.46977971e-02 -3.30082148e-01
   3.41226488e-01 -4.88849580e-02  7.09040742e-03  1.56204134e-01
  -1.99488625e-01 -1.12193920e-01]
 [ 4.52062875e-01 -7.10397288e-02 -4.12025601e-01 -2.00186502e-02
   3.47235024e-01  2.26581335e-01 -1.35548618e-02  1.54194012e-01
  -8.87188837e-02  2.13676617e-01]
 [ 8.36586282e-02  2.73476750e-01  2.55167484e-01 -4.47618157e-01
   1.65513217e-01  2.76846290e-01 -2.72270367e-02  1.93430886e-01
  -3.55150729e-01  2.72511899e-01]
 [-2.01880589e-01  4.13443506e-01 -7.49269798e-02  1.30708843e-01
   3.10125977e-01 -2.15302706e-01  2.03803122e-01  3.00459176e-01
  -9.61624831e-02 -1.89017594e-01]
 [-1.48317963e-02  2.44946182e-01 -2.79737622e-01  4.53713119e-01
   7.45237842e-02  4.77523506e-02 -1.43954024e-01 -1.87205002e-01
   1.38644829e-01  3.00877184e-01]
 [ 1.20637655e-01  5.14307283e-02 -1.43552661e-01 -2.35253260e-01
   1.36259273e-01 -1.32427022e-01  3.10758561e-01 -1.67784765e-01
  -4.49088454e-01  4.37450171e-01]
 [ 1.35712355e-01 -1.29573077e-01 -1.38718516e-01 -4.69896346e-01
  -6.13480248e-03  5.84097207e-01 -2.27611586e-02  3.05193961e-01
  -3.22411120e-01  3.95215899e-01]
 [ 2.48131081e-01  1.13004528e-01 -4.45449591e-01 -2.46038899e-01
   3.62714708e-01 -9.22907889e-02  3.45504552e-01  5.42691387e-02
   1.55510098e-01  3.63332361e-01]
 [-1.91383973e-01  1.34835064e-01 -4.81636934e-02 -3.52555998e-02
   1.28842160e-01  2.89001048e-01  6.38595074e-02  1.48670506e-02
  -4.39960361e-02  3.48028332e-01]
 [ 9.33279544e-02 -3.04298420e-02  5.59821315e-02 -1.49040923e-01
  -3.40507738e-02 -3.19335163e-02  1.87472418e-01  2.67824501e-01
  -1.30008608e-01  1.31274715e-01]
 [ 9.82780829e-02 -1.75472662e-01 -3.19859356e-01 -4.37294334e-01
   6.02618384e-04  7.42184138e-03 -1.05077729e-01  3.13318819e-01
  -8.88001267e-03 -5.45087196e-02]
 [ 2.74455491e-02  5.18959723e-02  1.64497241e-01 -4.85716730e-01
  -1.01077572e-01  2.97830492e-01 -7.05012977e-02  8.42156187e-02
  -4.65634435e-01  3.62591118e-01]
 [ 1.11528468e+00  1.21689939e+00  3.76840740e-01  1.39046341e-01
  -1.27268159e+00  1.53362679e+00  1.63237667e+00 -1.12272787e+00
  -3.95984411e-01 -1.74756706e+00]]
Peso 2:
[-0.06172766 -0.09944043 -0.02379798  0.010698    0.75923663 -0.05887946
  0.00323722  0.6183208  -0.01674253  0.88262933]
Camada: saida
Peso 1:
[[ 0.8894234  -0.95291   ]
 [ 1.1928968  -0.30292052]
 [-0.0734859   0.16762185]
 [-0.06796158  0.2804264 ]
 [-1.3627319   0.8565731 ]
 [ 1.0127671  -1.0226865 ]
 [ 1.0528458  -1.0620389 ]
 [-1.1987178   0.85551864]
 [ 0.65575594  0.01183907]
 [-1.4618422   1.3933712 ]]
Peso 2:
[-0.26872528  0.26873013]



pesos modelo: 
Test loss: 0.0001, Test accuracy: 1.0000
Camada: meio
Peso 1:
[[ 3.2150134e-01  2.5789830e-01  4.6885267e-01  3.6425617e-01
   5.2393347e-02 -1.7728758e-01  4.7526500e-01  3.9622220e-01
   2.2077891e-01 -3.9431882e-01]
 [ 4.4355330e-01  3.1458518e-01 -7.5794473e-02 -6.2869549e-02
   2.4844633e-01  4.1672465e-01 -4.9318798e-02  1.9389655e-01
   3.3360067e-01  2.6697734e-01]
 [-4.8915882e-02 -9.0061240e-02 -1.5702888e-01 -1.6355641e-01
  -1.7044830e-01  2.1084598e-01  8.2721196e-02  8.3486304e-02
   3.6281911e-01  3.8037834e-01]
 [-3.5356346e-01  1.5127246e-01 -3.8192484e-01  3.2762247e-01
   1.0574054e-01  1.7598221e-01 -5.1676151e-03  5.7600070e-02
   1.2979759e-01  4.5338848e-01]
 [-5.1180102e-02 -3.9646956e-01  1.8967056e-01  2.1235102e-01
   2.6480791e-01 -2.5437942e-01 -1.4570417e-01  9.9947210e-04
  -4.7205958e-01  3.6376196e-01]
 [ 2.0894635e-01 -9.5855324e-03  1.4112368e-02  4.2891830e-01
   3.6568242e-01 -1.0510344e-01  2.0229444e-01 -3.2099664e-01
  -3.4463161e-01  5.3593117e-01]
 [ 4.8079410e-01 -3.5050830e-01 -1.3628454e-02  5.0325710e-01
   3.3289313e-01  4.9198866e-01  2.3239642e-01  2.1660800e-01
  -3.9572710e-01 -2.6892942e-01]
 [-3.5100397e-02  4.8815906e-02 -4.3840948e-01 -6.5554786e-03
  -1.5614104e-01 -2.9418063e-01  2.0629531e-01 -1.9418515e-01
  -3.2672498e-01  2.8528574e-01]
 [ 3.7853569e-01 -3.0625913e-01  2.7217028e-01  1.9644111e-02
   9.5977962e-02  1.6119699e-01 -1.8346928e-01 -8.6086817e-02
   2.4483023e-02 -1.0822101e-01]
 [ 4.0631118e-01  6.1702855e-02  2.8579909e-01  9.3486600e-02
   1.7713505e-01 -7.9711810e-02  1.5772341e-01  5.0144345e-01
   7.7105954e-02 -9.2302896e-02]
 [ 5.5924997e-02 -3.6919659e-01 -1.0037689e-01  3.9585158e-01
   2.0671415e-01  2.5425974e-01 -6.6154152e-02  3.1201303e-01
  -4.1746885e-01 -1.3999546e-01]
 [ 3.9437851e-01 -3.7526301e-01 -3.3075660e-01  2.2957465e-01
   3.9046767e-01 -1.9508605e-01  1.6633736e-01  3.1189391e-01
   2.2117612e-01  5.0392323e-03]
 [ 4.6658301e-01  2.2327766e-01 -5.4121308e-02  3.7427187e-01
   3.0960694e-01  1.1617661e-01  4.0565753e-01  4.1961697e-01
   3.4392902e-01  9.2206132e-03]
 [ 2.1884994e-01 -1.9495967e-01 -2.2430272e-01  2.0776568e-01
   2.5759805e-02  2.8016898e-01 -4.4767670e-03 -3.5945052e-01
  -2.5800380e-01 -4.2276397e-02]
 [-1.3660669e+00  6.8592064e-02  3.4990785e-01 -1.6454716e+00
   2.4753687e+00  3.0954877e-01  1.1535232e+00 -7.8962213e-01
  -1.0403821e-01 -1.0296499e+00]]
Peso 2:
[ 0.6381844  -0.11306485  0.02289823  0.8369984  -0.26122278 -0.03628739
  0.02598251  0.4988614  -0.03888669  0.53354025]
Camada: saida
Peso 1:
[[-1.1195197   1.0629077 ]
 [-0.2757467   0.24855366]
 [ 0.45279053 -0.06839866]
 [-1.5508999   1.1210539 ]
 [ 1.1953893  -2.166694  ]
 [-0.16489814 -0.6494406 ]
 [ 0.96641856 -0.788776  ]
 [-1.0847088   0.2817491 ]
 [ 0.62279236  0.4161402 ]
 [-0.7296303   0.9162724 ]]
Peso 2:
[-0.21658932  0.2165939 ]



pesos modelo: 
Test loss: 0.0001, Test accuracy: 1.0000
Camada: meio
Peso 1:
[[-1.15119666e-01 -3.29389870e-01  2.51923829e-01  3.43271643e-01
  -3.28063011e-01  1.82664394e-03 -4.38724756e-02  1.32384211e-01
  -1.55372351e-01  3.07091981e-01]
 [ 3.90815251e-02 -1.59191489e-01 -1.68326143e-02 -5.92164434e-02
  -1.69585943e-01  2.22202510e-01 -9.19502880e-03 -1.18459776e-01
   3.84789586e-01  4.50957119e-01]
 [-2.16447100e-01  2.85336524e-01 -1.95540458e-01 -4.10407782e-01
  -1.79642200e-01 -1.76191881e-01  3.61771047e-01  2.38884360e-01
  -4.28147390e-02  7.57346535e-03]
 [-3.99897277e-01  4.07840669e-01  3.47604662e-01  1.01911262e-01
   2.16165334e-01  1.30937025e-01  1.36897936e-01 -7.35991597e-02
  -1.28773779e-01  2.32092664e-02]
 [-2.88665205e-01 -3.53014439e-01 -3.67707640e-01  1.53538302e-01
  -1.01679921e-01 -1.21108107e-02  5.14514565e-01  4.38728482e-01
   4.27967072e-01  2.44530857e-01]
 [ 1.20896682e-01  2.17891902e-01 -2.75935471e-01  4.28183615e-01
   1.44218624e-01  3.38431865e-01  5.40133893e-01  1.67412326e-01
   3.63446504e-01 -2.62602065e-02]
 [ 4.18541491e-01 -1.40382454e-01 -2.05618426e-01 -1.76265180e-01
  -4.74478215e-01  5.07614315e-01  2.84925699e-01  2.29963139e-01
  -2.38610536e-01  3.36086489e-02]
 [ 2.38783672e-01  2.77892888e-01 -4.00069177e-01  2.22961605e-01
  -3.57342899e-01 -2.90774643e-01  1.45554081e-01  1.59423560e-01
  -1.54102102e-01  2.86606252e-01]
 [-2.85264030e-02  1.73789352e-01  1.49231642e-01  1.34345874e-01
   2.94151425e-01  7.68979685e-03  1.26308709e-01 -2.77265925e-02
   2.43820608e-01  3.10869724e-01]
 [ 1.63839623e-01 -3.06338370e-01 -1.34245038e-01 -4.79810089e-01
  -7.57682510e-03  3.71562600e-01  4.81447689e-02 -9.08414349e-02
   4.11013961e-01  5.25588214e-01]
 [ 3.24273705e-01  3.68995011e-01  1.67045549e-01  3.35985661e-01
  -2.98522264e-01  2.80173600e-01  4.14921224e-01  1.92688614e-01
   1.95856541e-01  3.81128192e-01]
 [ 4.83383119e-01  3.20159107e-01  4.23900664e-01 -1.38801709e-01
  -2.25287512e-01 -3.40276808e-01  2.15769202e-01  2.93641269e-01
  -5.35584800e-02  3.82251054e-01]
 [-1.63742036e-01 -2.68058619e-03  7.80565739e-02 -4.52717662e-01
  -4.42988813e-01  2.16216713e-01  3.47269744e-01  1.37696378e-02
   3.69251929e-02 -2.22126201e-01]
 [-2.07879186e-01 -1.99780345e-01 -2.53523201e-01  2.70159930e-01
  -1.89272970e-01 -3.17789376e-01  2.33874723e-01  6.64358884e-02
  -1.46138906e-01 -4.74808812e-01]
 [ 5.54810138e-03  9.58282232e-01  8.73492435e-02  3.28967184e-01
  -1.95144229e-02  6.23332977e-01 -2.22738171e+00  2.41088057e+00
   1.37169194e+00 -8.78209054e-01]]
Peso 2:
[-0.03514355 -0.00634517  0.00132445 -0.06704439 -0.07567862 -0.02102427
  1.1666393  -0.16657814 -0.08002651  0.44624612]
Camada: saida
Peso 1:
[[ 0.5586601   0.5334085 ]
 [ 0.5186252  -0.4586987 ]
 [ 0.33996615  0.40675807]
 [-0.384803   -0.5045686 ]
 [ 0.4445913  -0.5745395 ]
 [-0.13041916 -0.70648694]
 [-2.028013    1.628239  ]
 [ 1.8831778  -1.3121372 ]
 [ 0.7145861  -0.8016463 ]
 [-1.2714653   0.29837   ]]
Peso 2:
[-0.42468032  0.42468497]



pesos modelo: 
Test loss: 0.0001, Test accuracy: 1.0000
Camada: meio
Peso 1:
[[-0.07502124  0.26817176  0.3320438  -0.3780056  -0.02192724 -0.33015698
   0.24268231  0.46595404  0.2870594   0.05667654]
 [-0.357456   -0.28150037  0.1692851   0.16158251  0.05740295 -0.25409812
  -0.20073314 -0.48232868  0.27710518  0.2506785 ]
 [-0.18039675 -0.32847077  0.12336407  0.12037505 -0.27811995 -0.37778035
   0.18206036 -0.32540104 -0.45246634  0.31339094]
 [ 0.20465398 -0.20042151  0.04534085 -0.13324402 -0.31685153  0.01048754
   0.27345738  0.18831804 -0.4656857   0.08212101]
 [-0.4891927  -0.14097743  0.01479914  0.01420943 -0.19966635 -0.2413915
   0.15487996 -0.34802622  0.18194653  0.18847209]
 [-0.13479997  0.34584403 -0.31584698  0.16362225 -0.426365   -0.392291
  -0.11864953  0.11942206 -0.33506125  0.26924485]
 [-0.03318128 -0.12408087 -0.12552518  0.33354864  0.11088438  0.15471081
  -0.30221403 -0.13810466 -0.19948952  0.44647548]
 [-0.04501993 -0.08294034 -0.1455733   0.09566325  0.08646334  0.30564928
   0.2768918  -0.01275455  0.15247993  0.35939616]
 [-0.37240422 -0.27893147  0.139084    0.1575913  -0.31326884  0.33121487
   0.30003673 -0.35801455 -0.16097453  0.44642213]
 [-0.34478444 -0.32971483 -0.22578779  0.08240172 -0.43548432 -0.3935974
   0.15772896 -0.15507425 -0.07313693  0.32347375]
 [ 0.09801935  0.12383692 -0.09204837 -0.0208328   0.1832716   0.08601707
   0.10077985 -0.06830828  0.10420375  0.21800815]
 [ 0.08654985 -0.12495804 -0.4556077   0.09490885 -0.04941049 -0.17031783
  -0.23821756 -0.18879737 -0.48485127  0.12219927]
 [-0.29651535  0.20413056 -0.06307509  0.3511379  -0.01443455  0.3973836
  -0.0195424   0.04849331 -0.01116104  0.6442763 ]
 [-0.17727686  0.35543463 -0.33168638  0.30752796  0.06647965 -0.05990959
   0.45983216  0.3440058  -0.04789769  0.6085298 ]
 [ 0.07628217  0.0623179  -0.2221137   2.8979502   0.20542674  0.6953413
   1.0819335  -0.25130746 -0.45625022 -2.1143909 ]]
Peso 2:
[-0.0488594  -0.02426891 -0.07956982 -0.34721953 -0.14049114  0.06835003
 -0.09862099 -0.16287701 -0.03120238  1.1309978 ]
Camada: saida
Peso 1:
[[ 0.49949288 -0.4590911 ]
 [ 0.20268539  0.10781578]
 [ 0.3708806  -0.29447827]
 [ 2.3378491  -1.6192417 ]
 [-0.46713862  0.65740377]
 [ 0.40135315 -0.08713522]
 [ 0.57381076 -0.6773025 ]
 [ 0.5780708   0.05963092]
 [ 0.59460574  0.4865797 ]
 [-1.4973297   2.0193455 ]]
Peso 2:
[-0.52894974  0.52895665]



pesos modelo: 
Test loss: 0.0001, Test accuracy: 1.0000
Camada: meio
Peso 1:
[[-4.5497718e-01 -3.9442649e-01  7.5137585e-02 -4.5401394e-02
   2.2894296e-01  3.3693603e-01  4.2581460e-01 -3.3020103e-01
  -4.3534684e-01  2.2901735e-01]
 [ 1.2439999e-01 -4.1233116e-01 -1.0482276e-01  2.4693367e-01
   2.0818242e-01 -2.2586255e-01 -5.6901826e-03 -2.4514794e-01
  -3.8815424e-01  1.7183228e-01]
 [-1.6330119e-02 -3.3500251e-01  2.4878584e-01  3.4318763e-01
   3.6911103e-01 -2.6157823e-01 -2.3824133e-01 -1.4167516e-01
   3.5821766e-02 -1.4824125e-01]
 [-7.7889539e-02  2.7203950e-01  1.4602289e-01  5.3039871e-02
  -3.6570171e-01  4.9744985e-01  1.7947228e-01  2.9136655e-01
  -8.3830044e-02 -3.1012052e-01]
 [ 1.9635029e-01  3.6355510e-01  1.4221323e-01  4.8404691e-01
  -2.4213947e-01  3.2282960e-02  4.3825015e-01 -4.1252911e-01
  -4.6359789e-01 -1.3173941e-01]
 [ 2.2369739e-01 -2.3386964e-01 -1.8879246e-02  1.7369442e-01
  -1.4636081e-01  4.6912247e-01  3.2246384e-01  1.1715926e-01
   3.6602882e-01 -1.5344597e-01]
 [ 3.0790346e-02  2.2322239e-01  1.4332341e-01  1.5187089e-01
  -3.2919595e-01  1.4434092e-01 -1.7756234e-01 -4.3231553e-01
   5.2512699e-01  1.6208652e-01]
 [-8.5620441e-02  4.3150014e-01  2.3764363e-01  2.4556547e-01
   2.9743903e-03 -1.4703068e-01 -2.4810334e-01 -3.4251302e-01
   5.3168889e-02 -1.8168071e-02]
 [ 4.3414631e-01 -1.4689565e-01  1.0805565e-01  4.7032988e-01
  -4.6279064e-01  2.3960793e-01 -8.3158515e-02  5.1617887e-02
   1.7959261e-02 -4.1211882e-01]
 [ 2.1398470e-01  3.7926695e-01  2.4842323e-01  3.5308298e-01
  -2.4301656e-01  5.9433848e-01  2.4567148e-02  1.5776439e-01
   1.4085163e-01 -3.0220684e-01]
 [ 2.5056961e-01 -1.7950697e-01 -1.5375227e-01  3.4055966e-01
   3.9140288e-02 -2.3031591e-01 -2.1447904e-01  7.4057087e-02
  -2.7010259e-01  2.9703873e-01]
 [ 2.3443919e-01  5.6405358e-02  3.9523296e-02  1.2285049e-01
  -2.9030119e-03  3.9610252e-01 -1.4446278e-01  3.9871550e-01
   4.4949728e-01  3.2324773e-01]
 [-1.3222855e-01 -3.4388646e-02  2.5879562e-01  2.8827307e-01
  -4.2374280e-01  2.8464395e-01  4.5744485e-01 -2.0726312e-02
  -2.7294248e-01 -5.0373393e-01]
 [-1.4213653e-01 -1.1354324e-01  2.2539207e-01  1.8777040e-01
  -2.0210153e-01  2.4938643e-02  1.9403164e-01 -3.9043985e-02
  -3.6264819e-01 -2.9820690e-01]
 [ 2.2234654e+00 -1.8132632e-03  1.9543114e+00 -2.0815096e+00
  -1.4550905e-01 -6.4918011e-01  6.4382553e-01  2.4745928e-04
  -1.4157811e-01 -3.2163846e-01]]
Peso 2:
[-1.6136584e-01 -5.8821406e-02 -3.1920657e-01  1.0954584e+00
 -3.5643626e-02  3.4269470e-01 -1.6587913e-04  1.1209694e-03
  9.0018287e-02 -1.5388153e-01]
Camada: saida
Peso 1:
[[ 1.5505061  -1.359886  ]
 [ 0.18393399  0.17780277]
 [ 1.3499656  -1.3607715 ]
 [-1.8676999   1.642292  ]
 [ 0.30675778 -0.11991781]
 [-0.72695154  0.43178374]
 [-0.10827567 -0.8226681 ]
 [-0.6051688  -0.5370609 ]
 [-0.16026242  0.3787153 ]
 [ 0.50059134  0.01175981]]
Peso 2:
[-0.58549666  0.5854998 ]



pesos modelo: 
Test loss: 0.0001, Test accuracy: 1.0000
Camada: meio
Peso 1:
[[ 1.52427256e-02  4.87221092e-01  7.73817301e-04 -4.24894392e-02
  -4.23994631e-01 -1.68739140e-01 -6.24373555e-02 -2.06452370e-01
  -4.43848878e-01 -1.13890201e-01]
 [ 4.26614940e-01  4.26695257e-01  1.31122574e-01 -2.83641487e-01
  -1.65090352e-01 -3.33543196e-02  3.11309427e-01  4.54753518e-01
  -2.88812160e-01  4.60651636e-01]
 [ 4.99408394e-01  3.71805191e-01  5.72217405e-02 -2.99933583e-01
  -4.02460992e-01 -3.90448719e-01  2.97439754e-01  2.68608570e-01
   1.67502955e-01 -3.96363229e-01]
 [ 8.61406922e-02  1.48686633e-01  1.01124637e-01  3.68509501e-01
  -1.41746685e-01 -4.61986303e-01  6.80193678e-02  1.77759007e-01
  -9.69807878e-02  4.42006677e-01]
 [ 4.30287063e-01  1.06770992e-01  1.54135987e-01  3.64345640e-01
  -3.78947258e-02  2.39766419e-01 -2.38266692e-01 -1.14708066e-01
   3.23071152e-01 -2.19452918e-01]
 [ 2.39246398e-01  8.94613564e-02  3.51796933e-02 -1.29708916e-01
   2.16633901e-01  4.39877778e-01 -2.18968466e-01 -3.01973134e-01
  -1.94084793e-01  1.37567446e-01]
 [-4.40717876e-01  3.25857908e-01 -7.63384029e-02 -7.26143569e-02
   6.73946878e-03 -3.28738481e-01  3.60699683e-01 -2.09148079e-01
   4.29607302e-01  4.15515780e-01]
 [-1.13383666e-01  6.58407733e-02  9.57637429e-02  5.85986733e-01
  -4.24715757e-01 -2.82802843e-02 -7.96811283e-02  1.55776634e-03
   8.62870291e-02  1.31500885e-01]
 [ 1.89984024e-01  7.52906799e-02  1.19019739e-01  5.19144297e-01
   1.62181482e-01  6.48379847e-02  1.49252443e-02 -1.96326181e-01
  -2.80620068e-01 -4.28303689e-01]
 [ 9.70491618e-02  4.10085142e-01  1.28688782e-01  3.13792765e-01
  -3.74446273e-01 -2.70160168e-01  2.73432642e-01  1.64922744e-01
   1.81868538e-01 -4.78103518e-01]
 [-3.59871656e-01  3.55724066e-01  1.35277331e-01  3.60040426e-01
  -4.10910368e-01 -2.34113738e-01 -5.62151372e-02  1.12810254e-01
   3.45673531e-01  3.96415323e-01]
 [-2.74656981e-01  3.98022860e-01  1.24967255e-01 -3.96561235e-01
  -7.35984044e-03 -3.79552931e-01 -8.90237391e-02 -4.54632103e-01
  -3.81556839e-01 -2.07631901e-01]
 [ 3.94263744e-01  3.19143772e-01  1.11487985e-01  5.78496419e-03
  -1.12131529e-01 -3.24760354e-03 -2.98322178e-02  4.47220415e-01
   2.93861777e-01 -4.45341259e-01]
 [ 2.96256572e-01  5.25346935e-01  1.72707096e-01 -4.13083196e-01
  -3.82532775e-01 -2.53588200e-01  1.36541948e-01  2.15510607e-01
   4.38869327e-01  1.05703540e-01]
 [-5.77020764e-01 -1.98759663e+00  2.89622140e+00 -3.85817111e-01
  -3.57787371e-01 -2.44169161e-02  1.09932613e+00  1.99974313e-01
   4.81878340e-01  3.90310003e-03]]
Peso 2:
[ 1.4981213e-01  1.0376799e+00 -3.2170460e-01  3.5571951e-01
  1.6263809e-02  1.4287954e-02  9.6418388e-04 -1.2833578e-02
 -4.6452984e-02 -1.0461883e-02]
Camada: saida
Peso 1:
[[-0.7424001  -0.04482409]
 [-1.8459111   1.3937817 ]
 [ 2.270279   -1.727908  ]
 [-0.78374106  0.4863151 ]
 [-0.16149916  0.09219467]
 [-0.06963849  0.10741523]
 [ 0.1913893  -1.13101   ]
 [ 0.28016472  0.2860054 ]
 [ 0.5476985   0.1577899 ]
 [-0.59003013 -0.45767957]]
Peso 2:
[-0.46345466  0.4634595 ]



pesos modelo: 
Test loss: 0.0002, Test accuracy: 1.0000
Camada: meio
Peso 1:
[[-1.72834784e-01 -2.36112177e-01  5.70118427e-04  1.37946397e-01
   4.77864653e-01  1.02190077e-02 -2.44550794e-01 -4.56679553e-01
   2.95107216e-01 -2.95341253e-01]
 [-4.93973643e-01 -7.26266131e-02 -3.01056802e-01 -4.08461034e-01
   3.07732791e-01  4.15042669e-01  3.43712449e-01  6.77139610e-02
   1.66848272e-01  1.41672283e-01]
 [-4.35569406e-01 -2.51041919e-01 -2.09326386e-01  4.08952117e-01
   2.11619675e-01  3.67529434e-03  3.75158250e-01 -9.03303251e-02
  -2.34647114e-02  3.09251010e-01]
 [-4.29669917e-01 -1.88619196e-01 -2.07738429e-02 -4.93831038e-01
   1.96312740e-01  4.15033430e-01  5.63822329e-01 -1.46505525e-02
   2.01713711e-01  3.67748380e-01]
 [ 1.12736106e-01  4.11846675e-02  6.76810220e-02 -2.18479633e-01
  -2.51357049e-01 -1.56959090e-02  7.44371954e-03  3.77665401e-01
   2.17650011e-01 -1.16065696e-01]
 [-3.97066623e-01  1.46481380e-01  9.44459215e-02  3.91309142e-01
   2.35328257e-01  4.28726584e-01  5.12389541e-01 -2.15030655e-01
   3.71570885e-01  1.61937270e-02]
 [ 2.28673801e-01  2.17162386e-01  3.72729808e-01 -4.19705033e-01
   3.60354364e-01 -8.44211280e-02 -5.67130074e-02  2.34606937e-01
  -1.50690153e-01  8.88916384e-03]
 [ 1.16501048e-01 -1.76239368e-02 -1.18640348e-01 -4.40039307e-01
  -3.51985753e-01  4.26257491e-01  1.96030527e-01  2.43222117e-01
   2.08792821e-01  3.05589791e-02]
 [-4.07872558e-01 -1.32172331e-01 -4.71168369e-01 -3.17295671e-01
  -2.76064873e-01 -2.00154722e-01  3.13811839e-01 -7.29185864e-02
   2.62564301e-01 -1.41544538e-02]
 [-2.47871578e-01  4.43301290e-01  1.25302210e-01 -2.70110875e-01
   3.49571109e-01 -8.18348005e-02  2.51009673e-01  5.55445850e-01
  -1.12848736e-01  5.39619505e-01]
 [ 1.30041584e-01 -5.59832305e-02 -1.49950311e-01 -3.68418306e-01
  -5.52620351e-01 -4.22761261e-01  4.10694122e-01  3.79681051e-01
   3.27143490e-01  2.99601853e-01]
 [ 3.08189034e-01  3.09524566e-01 -4.06142682e-01  1.07955962e-01
  -1.75241709e-01 -3.56671333e-01  4.15804446e-01 -1.37614205e-01
   2.05209613e-01  1.82895452e-01]
 [ 2.68140137e-01 -2.79707104e-01  5.69176413e-02  3.96781087e-01
  -4.63267490e-02  3.32122713e-01  1.67801395e-01  1.89418092e-01
   6.43711817e-03  8.10855627e-02]
 [-5.23328520e-02  2.34105051e-01  1.96191132e-01  2.69477129e-01
  -1.43778443e-01  6.62798584e-02  1.58175498e-01  1.16755627e-01
   6.27106754e-03  1.61129043e-01]
 [-1.07683323e-01 -3.16959918e-02 -8.65303874e-02 -3.54306661e-02
  -8.18787962e-02  1.68433025e-01 -2.34215450e+00 -1.20681477e+00
   1.84218597e+00  1.82466984e+00]]
Peso 2:
[-0.11113767 -0.02713085 -0.2562733  -0.00348071 -0.1886514  -0.01815498
  1.0017234   0.66354    -0.14627637 -0.19889188]
Camada: saida
Peso 1:
[[ 0.41402823 -0.17441931]
 [ 0.3966743   0.3519436 ]
 [-0.4856006   0.4265644 ]
 [-0.43040377  0.05003715]
 [ 0.01374672 -0.35657358]
 [-0.10553285 -0.31859818]
 [-1.7655185   2.0013907 ]
 [-0.7950193   1.134157  ]
 [ 1.0130364  -1.4665595 ]
 [ 1.278461   -1.3746712 ]]
Peso 2:
[-0.20127665  0.20128115]



pesos modelo: 
Test loss: 0.0001, Test accuracy: 1.0000
Camada: meio
Peso 1:
[[ 0.27043757  0.02807072 -0.07057548 -0.06347749 -0.05295923  0.3656794
  -0.23320663 -0.0822705   0.38228098 -0.3425902 ]
 [-0.447177   -0.10516121  0.3624593   0.33345643  0.16299032  0.0216928
  -0.18498011 -0.19392313 -0.0824898   0.25014874]
 [-0.08342225  0.22393805  0.1433234   0.24072348  0.00592696 -0.24432968
   0.18917188 -0.30816114 -0.13989283 -0.23220664]
 [ 0.1664181   0.28659752  0.26923892 -0.4371477  -0.01291136  0.1029305
   0.45145524  0.08857573  0.078004    0.33566388]
 [-0.12102003  0.29450628  0.14884916  0.45769453  0.04955886 -0.4520972
   0.59043294 -0.5067388  -0.0566473   0.05470777]
 [ 0.206366    0.25327617  0.42420095 -0.15454626  0.16799212 -0.23577628
   0.25661907 -0.42936417  0.35922214  0.21814044]
 [ 0.2637064  -0.31999758  0.14688577  0.23474461  0.23565646  0.1154566
   0.07296344 -0.13148567  0.4178019   0.25311178]
 [ 0.1030964   0.09928032  0.13815002  0.11867996  0.19629605 -0.03693051
   0.39159545  0.35715547 -0.42117354  0.08232183]
 [ 0.11654341  0.31623366  0.3029442   0.38910595  0.00521338  0.04570459
   0.13351959  0.20488694 -0.33331478 -0.06004155]
 [-0.19189212 -0.0950509   0.2785747   0.32555434  0.00488358 -0.21397954
  -0.10082296  0.1225485   0.46510977  0.19582364]
 [-0.53578657  0.18115996  0.5729004  -0.4223042  -0.07290424 -0.03830416
  -0.28348258 -0.39017776  0.48571512  0.28607464]
 [-0.4414761   0.20964836  0.2047731   0.3620966  -0.06920577  0.3369749
   0.21541463 -0.05955773 -0.16753662  0.1041916 ]
 [-0.32316393  0.32477254  0.4749154   0.06052495  0.12009247  0.25723982
   0.01125134  0.33770934 -0.32186228 -0.12097749]
 [-0.33337134  0.05157078 -0.08703702 -0.2092296   0.1627265   0.13561808
   0.49909425  0.3803996  -0.05125161 -0.1983611 ]
 [-0.10772316  2.157473   -2.1809268   0.28180683  1.6734567   0.23897755
  -0.94077545 -0.13082558  0.3279025   1.0436096 ]]
Peso 2:
[-0.17814748 -0.22649275  1.0962074  -0.0387284  -0.16014697 -0.00304478
  0.48274165 -0.0829424  -0.00474105 -0.10758305]
Camada: saida
Peso 1:
[[ 0.6223067  -0.26665792]
 [ 1.4444443  -1.3940781 ]
 [-1.7451897   1.7224222 ]
 [ 0.1996764   0.04199867]
 [ 1.6206388  -0.5148304 ]
 [ 0.59052426  0.01687796]
 [-1.0204593   0.63662857]
 [-0.395933    0.5545485 ]
 [ 0.12880565 -0.1123621 ]
 [ 0.70661736 -0.65101475]]
Peso 2:
[-0.44345936  0.44346437]



pesos modelo: 
Test loss: 0.0002, Test accuracy: 1.0000
Camada: meio
Peso 1:
[[ 0.433534   -0.08508411  0.43019602 -0.12482265  0.00238356  0.07588652
   0.25890735  0.14504799 -0.37228283  0.20538434]
 [ 0.4723975   0.13376883  0.07858427  0.4662452   0.36602005  0.12610143
  -0.18122625 -0.279856    0.23572962 -0.2549872 ]
 [ 0.06909641  0.16092324  0.521765    0.51965904  0.36075604  0.01281622
  -0.06542107  0.5380054   0.21840099 -0.34751686]
 [ 0.22650081  0.08470943  0.33465704 -0.41518432 -0.40460548 -0.0299886
   0.05874377 -0.01698874  0.02942384 -0.04204524]
 [ 0.46678618  0.0314492   0.22370486 -0.37099385 -0.14090277  0.22111933
   0.37872574  0.1196017   0.1422959   0.34519303]
 [ 0.19358988  0.02456055  0.14698209  0.0238131  -0.33228925  0.35510072
  -0.32290193 -0.0393052   0.02509284 -0.40685374]
 [ 0.54615843  0.14145753 -0.18648371  0.1811192   0.1977491   0.30084157
   0.01050309 -0.01111002  0.07676824 -0.10098632]
 [-0.02957082 -0.05654026  0.00963142  0.09236281  0.08480067 -0.13417326
   0.08126627  0.29773355  0.01988056 -0.22725049]
 [ 0.23555584 -0.0117292  -0.261136   -0.24154782 -0.4084936   0.17339487
   0.39407104  0.42842165 -0.14042336 -0.1482244 ]
 [ 0.10239728  0.1235209   0.11649467  0.31797042 -0.400299   -0.2644589
  -0.37378395  0.1390598   0.12757069 -0.0354483 ]
 [ 0.50780606  0.06705586 -0.12183926 -0.40092948  0.05275928  0.24958497
   0.30639252  0.4852577   0.03329948 -0.16869563]
 [ 0.36686376  0.07523676 -0.01906105  0.32180482  0.0663262   0.31727746
  -0.08576569  0.05828461  0.15823618 -0.4087783 ]
 [ 0.26209387  0.00649067  0.24828702 -0.27140084 -0.3762419  -0.20017312
   0.5244151   0.47652337  0.125831   -0.486592  ]
 [ 0.17900696  0.08876531  0.19865637 -0.11019602 -0.12137578 -0.18210576
   0.34213966  0.15994464  0.04952593  0.28476775]
 [-1.7689716   2.21463    -0.6021143  -0.32700983 -0.06246148  0.9358414
   0.92037344 -0.33949602  1.858026   -0.17158924]]
Peso 2:
[ 0.98671955 -0.19737701  0.43099895  0.2831517  -0.06583969 -0.07980056
 -0.09512169  0.23887967 -0.23236084 -0.00304358]
Camada: saida
Peso 1:
[[-1.436151    1.5890467 ]
 [ 1.584845   -1.5250802 ]
 [-1.0493127   0.09521198]
 [-0.81598264 -0.03111646]
 [-0.34863594 -0.54387784]
 [ 0.6100927  -0.7580432 ]
 [ 0.31058717 -0.8262404 ]
 [-0.57691497  0.28189287]
 [ 1.011537   -1.5071679 ]
 [ 0.03379181 -0.00634196]]
Peso 2:
[-0.64850914  0.648512  ]



pesos modelo: 
Test loss: 0.0001, Test accuracy: 1.0000
Camada: meio
Peso 1:
[[ 0.1921992   0.48143992  0.28559658 -0.36529243 -0.37915796 -0.23025334
   0.41253904 -0.26953366 -0.39791173  0.41491672]
 [-0.41161293 -0.51348305  0.27660334  0.3348752   0.19620658 -0.21809837
   0.19798364  0.3734345   0.30851167  0.25899705]
 [ 0.03007561  0.08715474  0.08126608  0.40117896  0.30099082  0.06832239
   0.14799592 -0.13163474 -0.28438687 -0.04106499]
 [-0.35182795  0.04596897  0.08413727  0.19739845 -0.18162878  0.2632991
  -0.22942923 -0.25193995 -0.30824625 -0.13117883]
 [-0.36203405 -0.07263873  0.32775477 -0.01142242  0.1681545   0.3205729
   0.26165962 -0.3571586  -0.16717847  0.18419538]
 [-0.44286937  0.18493728  0.32645914 -0.46770784 -0.01513864 -0.11856299
   0.18301961  0.01753314  0.4136179   0.2661093 ]
 [ 0.34097216 -0.20130049  0.13661952 -0.3895228  -0.19898415 -0.29045695
   0.02272874 -0.15412065  0.09216774  0.08931465]
 [ 0.01412282 -0.21326411  0.16158246  0.5167972  -0.18685752 -0.22492108
  -0.03839422 -0.2030937  -0.481136    0.11179869]
 [-0.29301554  0.2923534   0.2930142  -0.06624015 -0.37316215  0.3372891
   0.03574422 -0.48183572  0.35935363  0.1782666 ]
 [-0.31352365 -0.14796032  0.3748259  -0.39291808  0.47263885  0.39539522
   0.25244835 -0.2817493  -0.23699331  0.08107074]
 [ 0.05054329 -0.11828624  0.43373397  0.22455011  0.2067813  -0.21331471
   0.34854978 -0.0857657   0.29900673  0.38050762]
 [-0.06799667 -0.16327599  0.33346564 -0.43649954  0.00784629  0.38577628
   0.15456265  0.08665702 -0.13113168  0.18104836]
 [-0.35279128  0.23089238  0.29868343 -0.0844687   0.4117019   0.2579875
   0.50894177  0.00966421  0.4275905   0.15961316]
 [ 0.02569873  0.03706622  0.4950584  -0.12998459  0.34542248 -0.01346216
  -0.4249245  -0.2314874   0.12912756  0.25423813]
 [-0.21189262 -0.21225086 -2.3678925  -0.198871    0.60419524  0.71697134
  -0.6362265  -0.4144427  -0.43507236  2.6105363 ]]
Peso 2:
[ 0.01293936 -0.16009796  1.1048235   0.1116769  -0.01620021 -0.02112828
  0.25131252  0.00135033  0.03047932 -0.3631082 ]
Camada: saida
Peso 1:
[[-0.5013783  -0.16074331]
 [ 0.17332828 -0.10070446]
 [-1.8362044   1.9576141 ]
 [ 0.2822725   0.8041813 ]
 [ 0.76839525  0.18387263]
 [ 0.20553328 -0.61784375]
 [-0.0639085   0.9920239 ]
 [ 0.03070109  0.060936  ]
 [-0.26864687  0.06989312]
 [ 1.7017055  -2.0064316 ]]
Peso 2:
[-0.30503124  0.30503651]



pesos modelo: 
Test loss: 0.0002, Test accuracy: 1.0000
Camada: meio
Peso 1:
[[ 3.16820353e-01  2.37623155e-02 -1.06364399e-01  3.12196404e-01
   9.04656947e-02  1.24154180e-01  8.92084539e-02 -1.36854887e-01
   5.41768968e-02 -5.26442230e-02]
 [ 1.50699737e-02 -4.58875030e-01  4.04608458e-01 -3.17022800e-01
  -1.67311311e-01 -2.64096081e-01 -5.05078658e-02  1.85143709e-01
   2.84035712e-01 -9.82409120e-02]
 [ 4.17523794e-02  3.65582943e-01 -1.28357476e-02 -1.60590217e-01
  -3.01559359e-01  3.27290237e-01 -3.28595549e-01  1.20471092e-02
  -2.58469850e-01 -1.69918865e-01]
 [ 1.78159401e-01 -6.02168851e-02  4.44932580e-01  4.16262776e-01
  -1.78178951e-01 -3.22750099e-02 -1.30705640e-01  3.72239321e-01
   2.06875220e-01  2.91153491e-01]
 [-1.31222010e-02 -4.78687525e-01 -3.29470128e-01  7.72659257e-02
  -3.09562653e-01  2.70372301e-01  8.21182951e-02  2.25278407e-01
   2.61561960e-01  3.57401222e-01]
 [ 1.36479020e-01  3.51716578e-01  4.50711474e-02 -4.33318257e-01
  -4.75922018e-01 -3.22553627e-02  3.43877643e-01  4.06541258e-01
   1.05437841e-02  3.84630591e-01]
 [ 7.84334261e-03 -3.62199582e-02 -2.54278004e-01 -1.73753887e-01
  -4.43924576e-01  1.36393756e-01  1.72451228e-01  2.29148865e-01
   2.91305393e-01 -1.01361826e-01]
 [-1.73549131e-01 -8.30237716e-02 -4.78153259e-01 -4.34570491e-01
  -6.35030046e-02  4.00473885e-02  3.22801948e-01  4.09291461e-02
  -2.02539586e-03  2.34621286e-01]
 [ 2.50533037e-02  2.43247133e-02  1.91960260e-01  2.79994309e-01
  -1.88813448e-01 -5.65355755e-02  2.35542402e-01  2.63747782e-01
   3.46296102e-01 -2.33206466e-01]
 [ 1.65921345e-01  9.61912498e-02  1.56496987e-01  2.49103025e-01
   3.29501659e-01  4.71673161e-01  1.52675122e-01  4.93593007e-01
   3.98336619e-01 -1.11858711e-01]
 [ 1.32117197e-01 -3.30872983e-01 -2.05609292e-01 -4.24905568e-01
   1.96876943e-01 -3.34742576e-01  3.83836865e-01  3.79758060e-01
  -6.31934479e-02 -3.32042128e-01]
 [ 1.55075669e-01 -1.62286982e-01  3.41248006e-01  1.26417324e-01
  -2.34566763e-01  2.95636892e-01 -2.81766057e-02  1.89779028e-01
  -9.22914594e-02 -2.93310285e-01]
 [ 1.95067436e-01  1.70223504e-01 -4.57717210e-01 -9.03451219e-02
   3.96164358e-02  1.86881498e-01 -2.26469859e-01  3.78420860e-01
   4.73941788e-02  1.99584275e-01]
 [ 3.07559162e-01  7.77927637e-02 -4.48434979e-01 -3.48528832e-01
   1.50813898e-02  2.71597236e-01 -1.03124648e-01  3.25455636e-01
  -2.85300463e-01 -1.05821744e-01]
 [ 2.73125243e+00 -2.99684316e-01 -1.06243938e-01  2.74387658e-01
  -3.42412444e-04  1.95455000e-01  1.04769254e+00 -2.05969453e+00
   9.09882128e-01  5.70551038e-01]]
Peso 2:
[-0.21436521 -0.03632488 -0.0209567  -0.00720696 -0.03019354 -0.00754557
 -0.07081017  1.2468092  -0.15765767  0.04473186]
Camada: saida
Peso 1:
[[ 1.8567468e+00 -1.9823724e+00]
 [-3.0736202e-01 -3.1466231e-01]
 [ 2.0868611e-04 -4.5820981e-02]
 [-1.7031938e-01 -8.9578070e-02]
 [ 5.8059460e-01  5.0680779e-02]
 [ 3.8107720e-01  3.7453935e-01]
 [ 5.1315665e-02 -1.0101377e+00]
 [-1.8113195e+00  1.8560972e+00]
 [ 8.4639722e-01 -1.4219980e-01]
 [-6.8412535e-02 -6.4637065e-01]]
Peso 2:
[-0.6172676   0.61727166]



pesos modelo: 
Test loss: 0.0001, Test accuracy: 1.0000
Camada: meio
Peso 1:
[[ 1.48203939e-01 -3.68952721e-01 -2.46303737e-01 -1.85548067e-01
   1.16088778e-01  4.22005862e-01 -1.13635480e-01  1.29614741e-01
   2.55479842e-01 -3.73078018e-01]
 [-2.57904440e-01 -4.98718619e-02  2.34931618e-01  7.29454234e-02
   5.00660576e-02 -3.44539374e-01 -1.47061452e-01  5.61328113e-01
  -9.90701094e-02 -6.47312179e-02]
 [ 3.27169567e-01  3.21422815e-01  1.05595544e-01 -6.72650151e-03
   7.68879279e-02 -1.76933825e-01 -2.75464475e-01  2.33350337e-01
  -2.38948002e-01 -4.49675098e-02]
 [-1.06066309e-01 -4.50115681e-01  1.32715210e-01  3.35746035e-02
   1.14969671e-01 -3.13477218e-01  9.40071121e-02  5.02127469e-01
   2.98929284e-03 -4.73588407e-01]
 [-9.75350365e-02  3.32386583e-01 -4.71511707e-02  4.49821614e-02
   1.64332882e-01  2.19967216e-01  1.48202285e-01  4.18124437e-01
   1.36769071e-01 -1.19430631e-01]
 [-1.38370335e-01  3.77370492e-02  1.56187356e-01  7.92523921e-02
  -5.07194214e-02 -4.42865163e-01  3.17345530e-01  5.88125587e-01
  -7.86791381e-04 -3.04141343e-01]
 [-4.37061161e-01 -4.19513464e-01 -1.60646558e-01  4.89865094e-02
   1.63768649e-01  1.17864557e-01 -1.07498810e-01  1.94669873e-01
  -1.66048110e-01 -4.45681661e-01]
 [-2.91826487e-01 -4.54306044e-02 -4.28472646e-03  5.89972595e-03
  -1.33811131e-01 -4.82401103e-01  1.60105154e-01  1.30542293e-01
  -4.68906909e-01  1.61432758e-01]
 [ 3.24127525e-01 -5.67350611e-02  6.13385662e-02  8.82305950e-02
  -3.28958072e-02  1.14234515e-01  1.03843026e-01  4.42276418e-01
   8.78109410e-02  3.73804867e-01]
 [ 1.07812986e-01 -4.81559545e-01 -1.61357298e-02  6.34763017e-02
   8.73121321e-02  3.97324227e-02 -3.06242675e-01  3.73035192e-01
   1.10346206e-01 -1.98273420e-01]
 [-3.96342397e-01  1.99146625e-02 -2.61561256e-02 -2.62164511e-02
  -2.26652361e-02 -9.30466056e-02  1.18759207e-01  2.38974914e-01
  -2.34325960e-01 -9.99541208e-02]
 [-4.91271287e-01 -4.82214630e-01  7.07142055e-02 -8.37945119e-02
  -3.96444537e-02 -1.04273498e-01  1.39042437e-01 -9.02614463e-03
   3.06018054e-01 -1.79124206e-01]
 [-4.87791866e-01 -3.07412833e-01  1.76034331e-01  1.19184792e-01
  -1.36207566e-01  6.97942078e-03 -1.07933179e-01  5.81023455e-01
  -1.11064032e-01  1.05221868e-01]
 [ 1.85532272e-01 -3.70007247e-01 -3.25544067e-02  1.77087367e-01
  -8.50130618e-02 -2.25518271e-01  1.69428334e-01  4.70503926e-01
  -3.07819024e-02 -4.49506193e-01]
 [ 1.27613455e-01  2.86246002e-01  1.96096194e+00  2.77927113e+00
   1.68197250e+00  2.38221344e-02  1.04134369e+00 -5.55725515e-01
  -1.41598165e-01  2.37591282e-01]]
Peso 2:
[-0.09765031  0.00986121 -0.18660739 -0.18038642 -0.02850601 -0.16510096
 -0.07108775  0.91921425 -0.27238998 -0.0878138 ]
Camada: saida
Peso 1:
[[ 0.19170593 -0.62681496]
 [-0.33646858 -0.45536542]
 [ 1.8874937  -0.4953024 ]
 [ 1.8383144  -1.7888508 ]
 [ 1.2163045  -0.6828046 ]
 [ 0.5532784  -0.28388453]
 [ 0.62479275 -0.3690178 ]
 [-1.3487911   0.8978481 ]
 [-0.13953894 -0.5144637 ]
 [ 0.05581101  0.60398936]]
Peso 2:
[-1.723331   1.7233372]
