


pesos modelo: 
Test loss: 3.5096, Test accuracy: 0.1456
Camada: meio
Peso 1:
[[ 0.4664544  -0.4110937   0.42392457 -0.46655083 -0.35246372]
 [-0.07126105 -0.07703819 -0.14969636 -0.24279234  0.13273259]
 [ 0.25517887  0.3327957   0.21983539 -0.2319835   0.5265361 ]
 [ 0.25544813  0.39968178 -0.11727254 -0.07011424  0.48191327]
 [-0.06792338 -0.2783275   0.14586893  0.35342026  0.37050584]
 [ 0.10013844  0.6159711   0.22677185 -0.03226279 -0.00919405]
 [-0.08958469  0.05151227  0.20492415 -0.24913403  0.01961635]
 [ 0.09624541 -0.08715234 -0.14688501  0.04653745  0.51804566]
 [-0.09958676  0.29080194  0.03406909 -0.17081244 -0.15494266]
 [ 0.16219787  0.5935398  -0.14114805  0.10851273  0.22120382]
 [-0.05379482  0.08401012  0.08989956  0.415843    0.2183986 ]
 [-0.00586474 -0.18487251 -0.23977785  0.19242941  0.46190935]
 [-0.10501049  0.4846721  -0.37179273  0.1979431  -0.271597  ]
 [ 0.41370058 -0.00518056  0.2894566  -0.29772148 -0.17606983]
 [ 0.65844053  0.38835448 -0.4691712   0.18871722  0.13866141]
 [-0.89247555 -0.18172717 -0.03006501 -0.20233178  0.67560875]
 [ 0.5708478  -0.34623364 -0.17054342  0.320967    0.44218004]
 [-0.790895    0.7375438  -0.37035972  0.03581185  0.23913208]
 [ 2.6463845  -0.48755363 -0.3249737   0.45209703 -1.1157516 ]]
Peso 2:
[-0.58596206  0.6309405  -0.22539856 -0.06651133  0.7630432 ]
Camada: saida
Peso 1:
[[ 2.281843   -1.9307382 ]
 [-0.42626855  1.1566534 ]
 [-0.47476065 -0.7205033 ]
 [ 0.8171768   0.4020274 ]
 [-0.691558    1.4415385 ]]
Peso 2:
[-1.1494452  1.1494442]



pesos modelo: 
Test loss: 3.2298, Test accuracy: 0.2112
Camada: meio
Peso 1:
[[ 0.21444845 -0.23976707 -0.15258658  0.2922523  -0.06266248]
 [ 0.04883934  0.01712086  0.45728236  0.3588798   0.20943175]
 [ 0.12821409  0.15145016 -0.48515165 -0.28209588  0.6055163 ]
 [ 0.03530102  0.02876498 -0.00854445 -0.09655796  0.29919347]
 [ 0.09208232 -0.05273702  0.48663783 -0.34547937  0.27090994]
 [ 0.11699833  0.22832167  0.22198674 -0.42485395  0.6268741 ]
 [-0.08064542 -0.06792898  0.23294717  0.35345334 -0.02423214]
 [-0.04685664  0.13795288  0.24507312  0.16753182  0.20228769]
 [ 0.17585967  0.21764748 -0.38228112 -0.01852392  0.7142809 ]
 [ 0.19742574 -0.11590085 -0.4695507   0.30653813  0.4547503 ]
 [-0.07434943 -0.19324093 -0.0825366  -0.45464438  0.00230583]
 [-0.23082045  0.06401475 -0.06673519  0.16358416 -0.08526198]
 [ 0.10358216  0.25598055  0.25127167  0.40696436  0.5604954 ]
 [ 0.6292544   0.46691826 -0.5284378  -0.39354962  0.46599472]
 [ 0.515809    0.15520331  0.10954411  0.28430828 -0.06504795]
 [-0.80212265 -0.46001476 -0.31378472 -0.21425949  0.57686245]
 [ 0.47475517  0.35124236 -0.43752566  0.33040985 -0.04264808]
 [-0.70491743 -0.5668318   0.22606665  0.40782887  0.20178685]
 [ 2.1352096   1.3868221   0.4142253  -0.42947298 -1.1404047 ]]
Peso 2:
[-0.66958016 -0.43658844  0.05919062  0.06800199  0.9843716 ]
Camada: saida
Peso 1:
[[ 1.9599305  -1.719065  ]
 [ 0.5291696  -1.6893327 ]
 [-0.11957788  0.23598522]
 [ 0.09178762  0.64091796]
 [-0.9580039   1.5148896 ]]
Peso 2:
[-1.18571    1.1857096]



pesos modelo: 
Test loss: 4.1011, Test accuracy: 0.1084
Camada: meio
Peso 1:
[[ 0.2771114   0.03382039 -0.2704941   0.19467306  0.22408366]
 [ 0.4431134  -0.4589692   0.06826247  0.28139076 -0.25305057]
 [ 0.08671995 -0.064884    0.33680215 -0.01101928  0.2511303 ]
 [ 0.5046901  -0.29156917 -0.06472398  0.01398909  0.18071486]
 [-0.06712352 -0.09638303  0.43065783 -0.0068031   0.2272575 ]
 [ 0.6369348   0.05995608  0.14415546  0.1542966   0.33845305]
 [ 0.47086537  0.05139114 -0.14550945  0.02824198 -0.004684  ]
 [ 0.30389553  0.21670151  0.28676996  0.10427766  0.2582147 ]
 [ 0.0533653   0.11410827  0.17570226  0.07643394 -0.18744418]
 [-0.13325544  0.24260403  0.701115    0.07076373  0.29160467]
 [ 0.13027093 -0.15825921  0.4527435   0.15090391  0.11640364]
 [-0.17816144  0.05635985  0.04948939 -0.09308522 -0.28982815]
 [-0.09407953  0.250862    0.24721272  0.06475243 -0.22390871]
 [ 0.04288476 -0.33575886  0.03318895  0.23568852  0.60904783]
 [-0.22520505 -0.42915314 -0.03840785  0.38333267 -0.11717363]
 [ 0.67061365  0.23153502  0.26205736 -0.7011203  -0.17688209]
 [ 0.30544904 -0.4408153   0.15703449  0.6065158   0.3723152 ]
 [ 0.3056252  -0.09604068  0.845961   -0.35426903  0.07557697]
 [-0.9708169  -0.09533884 -1.1448863   2.0975478   1.4213446 ]]
Peso 2:
[ 0.7333143  -0.18714711  0.78662884 -0.6346646  -0.21523315]
Camada: saida
Peso 1:
[[-1.2348447   0.88106406]
 [ 0.76791316 -0.26740125]
 [-0.85229343  1.5601698 ]
 [ 1.7445425  -1.7228612 ]
 [ 1.0046492  -0.93546516]]
Peso 2:
[-0.5681483   0.56814855]



pesos modelo: 
Test loss: 3.9547, Test accuracy: 0.1198
Camada: meio
Peso 1:
[[ 0.27974224 -0.2387178  -0.43885028  0.21950555  0.26575768]
 [ 0.10578267 -0.21278754  0.09528525  0.34196758 -0.07218667]
 [ 0.40742183 -0.16335091 -0.42351732  0.09800261  0.08130735]
 [ 0.23463206  0.45531976  0.34032363 -0.04201862  0.13913609]
 [ 0.1675462  -0.32176554  0.1982042   0.3832188  -0.02170017]
 [-0.14557448  0.420875   -0.38885728  0.30781284 -0.18068899]
 [ 0.50028616 -0.28242677  0.17830984 -0.03505451  0.17435907]
 [ 0.33301952  0.38652858 -0.31198663 -0.36441365  0.13837089]
 [ 0.24980259  0.14947125  0.261531    0.00834754  0.08337364]
 [ 0.4580128   0.06343338 -0.33315676 -0.24098755  0.14207004]
 [ 0.09601902 -0.16967213  0.04892167  0.26720747 -0.09179751]
 [ 0.3490754  -0.05365366 -0.00332073 -0.06423229  0.08657677]
 [ 0.14999677  0.48661178  0.29481962 -0.20132056  0.08299164]
 [ 0.19404264  0.17339009  0.13125505  0.36896056  0.61972845]
 [ 0.11161618 -0.2646361   0.4097431  -0.16615392  0.5195078 ]
 [ 0.31436524  0.61280334  0.2538195  -0.15950157 -0.754159  ]
 [ 0.20027576  0.33195668  0.16867515 -0.34113282  0.66030645]
 [ 0.4241884  -0.0178735   0.34526482 -0.36434865 -0.6003816 ]
 [-1.3024015  -0.46724603 -0.19176015 -0.482946    2.4993467 ]]
Peso 2:
[ 0.9928839   0.24507804  0.11029749  0.0517596  -0.67721033]
Camada: saida
Peso 1:
[[-1.4164909   1.391925  ]
 [-0.42503443  0.456767  ]
 [ 0.08064871  0.570967  ]
 [-0.4132916  -0.10595454]
 [ 2.0315397  -2.1450624 ]]
Peso 2:
[-0.6997691   0.69976974]



pesos modelo: 
Test loss: 3.3614, Test accuracy: 0.1779
Camada: meio
Peso 1:
[[-0.09191728  0.19422889 -0.25970614 -0.00665843  0.4949236 ]
 [-0.24262477  0.19101614  0.29526266 -0.38725862  0.20935744]
 [-0.29537123  0.23477039  0.32548442  0.06890108 -0.06418601]
 [-0.19242592 -0.02128912  0.05738283 -0.18230797 -0.52779347]
 [ 0.3671721  -0.1319428   0.20280598 -0.47569662 -0.1096011 ]
 [-0.28888348  0.3192115   0.44264972 -0.0859543   0.30231345]
 [ 0.23520097  0.06645273  0.4093161  -0.5400305  -0.40038902]
 [ 0.07821222 -0.06518023  0.12852494 -0.40136    -0.3714503 ]
 [-0.05099431 -0.06453022  0.0945459   0.08332303  0.24255247]
 [ 0.16157278  0.22704954  0.6135705  -0.24757095 -0.10663106]
 [-0.03636364 -0.04303788  0.15772672  0.13608354 -0.5041018 ]
 [ 0.19845805  0.11035585  0.45407054  0.10468182 -0.43895555]
 [-0.00730087  0.16150497  0.4204073  -0.05322785 -0.36215696]
 [ 0.594072    0.5493037   0.24464646  0.15431096 -0.3885904 ]
 [ 0.07740162  0.46160635 -0.12619849  0.0843667  -0.45381892]
 [-0.53429157 -0.7191212   0.39393067 -0.24066353 -0.22234005]
 [ 0.6038891   0.2968485  -0.0497693  -0.14139864  0.33005536]
 [-0.17921814 -0.6728372   0.94697773 -0.4238838   0.02205638]
 [ 1.2218299   2.381591   -1.2464385   0.16332658 -0.29712176]]
Peso 2:
[-0.22180377 -0.7159709   1.0718303  -0.16438532 -0.18049382]
Camada: saida
Peso 1:
[[ 1.4334743  -0.26168934]
 [ 2.35677    -1.235708  ]
 [-1.3795993   1.453104  ]
 [ 0.06948577  0.83381146]
 [ 0.82926375 -0.6475034 ]]
Peso 2:
[-0.9796717  0.9796745]



pesos modelo: 
Test loss: 3.8664, Test accuracy: 0.2274
Camada: meio
Peso 1:
[[-3.99165034e-01 -6.77740574e-03 -2.84840465e-01 -4.56282854e-01
   1.78374052e-01]
 [ 2.80171573e-01  4.12143975e-01  3.03820223e-01  3.19448322e-01
  -2.86064208e-01]
 [ 2.33202070e-01  1.06023505e-01 -4.55997378e-01 -1.55204177e-01
   1.54807478e-01]
 [-9.58819408e-03  2.95051485e-01 -4.39157456e-01  1.45482749e-01
  -3.27422679e-03]
 [ 4.30796266e-01  2.03223497e-01 -8.67330208e-02 -2.12919116e-02
   2.27178931e-02]
 [ 2.08176807e-01  3.33842158e-01 -3.36288035e-01  5.05301356e-02
   2.86180556e-01]
 [ 2.88971424e-01  1.71027914e-01  2.57603079e-02 -1.73041485e-02
  -5.33438213e-02]
 [ 1.96721092e-01  4.61970448e-01 -3.95790964e-01  2.55576462e-01
   1.91455841e-01]
 [ 3.77456635e-01  2.60244876e-01  2.16741651e-01 -5.76325580e-02
   2.58165300e-01]
 [ 8.17603692e-02  4.89808351e-01 -3.43682408e-01  2.16179132e-01
   3.36438090e-01]
 [-2.24224195e-01  1.59947574e-01 -2.11684499e-03  1.19663298e-01
  -2.71834761e-01]
 [ 3.74562740e-01  1.25494212e-01 -1.23619229e-01 -1.05912365e-01
  -5.74404560e-02]
 [ 1.12190239e-01  2.26015851e-01 -4.14562136e-01  5.76708429e-02
  -4.45382809e-03]
 [ 9.06607062e-02  6.96377968e-03 -1.62124552e-03  5.71386933e-01
  -5.20279296e-02]
 [ 2.18873292e-01 -1.69442609e-01 -1.30693480e-01  2.50074804e-01
   2.22606391e-01]
 [-3.73574257e-01  7.43437231e-01  1.89822719e-01 -7.79312551e-01
  -1.80604398e-01]
 [-1.61087647e-01 -2.65014302e-02  2.59248286e-01  4.68576491e-01
   4.57193077e-01]
 [-3.59932221e-02  7.27079809e-01  2.20468447e-01 -8.00333381e-01
   1.28094628e-01]
 [ 6.47197723e-01 -1.78491342e+00  2.58979470e-01  2.09245205e+00
   8.54495227e-01]]
Peso 2:
[-0.15012795  1.1467383  -0.17318417 -0.53485394 -0.19753383]
Camada: saida
Peso 1:
[[ 0.8890491   0.2210154 ]
 [-1.5653719   1.9524047 ]
 [ 0.676146   -0.10058925]
 [ 2.139817   -1.1014819 ]
 [ 0.3270346  -0.81860083]]
Peso 2:
[-0.6367596   0.63675946]



pesos modelo: 
Test loss: 4.2843, Test accuracy: 0.1009
Camada: meio
Peso 1:
[[-0.11731184  0.49453032  0.46678984  0.08569276 -0.48773503]
 [ 0.13569339 -0.06040565 -0.08499045  0.2883158  -0.12533167]
 [-0.20104204 -0.35783052  0.1507223  -0.08417112  0.02860568]
 [-0.05988881  0.43535876  0.26602483  0.16357556  0.21959786]
 [ 0.35712272 -0.16881563  0.20255503  0.2622138   0.53762335]
 [ 0.08633715  0.10048353 -0.41376215  0.19158913  0.30914864]
 [-0.04708953 -0.03532363  0.26656026  0.18510094 -0.29601812]
 [ 0.20062521  0.18032423  0.2468152   0.3587969  -0.08033562]
 [ 0.4354556   0.18118131  0.16227692  0.49582115  0.29748258]
 [ 0.25936472  0.3064853  -0.31831902  0.4819911  -0.10702294]
 [-0.09207556 -0.27949712 -0.2603092   0.03110192  0.05075561]
 [ 0.14929955 -0.11246569 -0.22909038  0.34605604 -0.32861087]
 [-0.12431686  0.29452574  0.13743964  0.10526639  0.19277623]
 [ 0.12618601  0.08148263  0.27961117 -0.2037516  -0.51858073]
 [ 0.609392    0.6510197  -0.32271463  0.09902599  0.46425676]
 [-0.67494416 -0.07011944  0.02883732  0.5922493  -0.30162835]
 [ 0.4401659  -0.23194686 -0.2359448  -0.13260558 -0.28066817]
 [-0.36210296 -0.13558768 -0.34428462  0.578986    0.41751823]
 [ 2.085531    0.8022415   0.27590632 -2.011383   -0.25127345]]
Peso 2:
[-0.2941182   0.03720292  0.0032836   1.3182044   0.33157742]
Camada: saida
Peso 1:
[[ 1.1580759  -1.910825  ]
 [ 0.32997602 -0.66589403]
 [ 0.34000534  0.29008594]
 [-1.898735    1.8715948 ]
 [-0.9480291   0.2620483 ]]
Peso 2:
[-0.29167214  0.29167312]



pesos modelo: 
Test loss: 3.0014, Test accuracy: 0.2124
Camada: meio
Peso 1:
[[-0.14597845 -0.36084127 -0.03060889  0.09373045 -0.134547  ]
 [-0.02079133  0.4842457   0.24450624 -0.28284723  0.2566123 ]
 [ 0.36404657  0.33474803  0.31631553  0.03876387 -0.0597106 ]
 [ 0.12522593  0.17253904  0.05974809 -0.0863247  -0.4620554 ]
 [ 0.094318   -0.085641    0.0392248  -0.19567299 -0.45695287]
 [ 0.39103594  0.2519328   0.31230995  0.00720099  0.17407607]
 [ 0.21703437  0.01372601  0.1419618  -0.14736298 -0.15252815]
 [ 0.28895715  0.27300966  0.25427443  0.00307277  0.37913144]
 [ 0.44856438  0.01506093 -0.09048872  0.44691965 -0.2985825 ]
 [ 0.07149951  0.02328232 -0.2462935   0.10847049  0.02512625]
 [ 0.48703265  0.25151938  0.05532597  0.47624815 -0.4139604 ]
 [ 0.3580391   0.40476295  0.10372548  0.32081476 -0.068831  ]
 [ 0.32965338  0.46662194  0.19337997  0.262084   -0.43891126]
 [-0.46395057 -0.05452798 -0.00809927  0.541938    0.28193954]
 [-0.09541885 -0.15021068  0.5648351   0.13424473 -0.27097023]
 [ 0.9310723   0.0520464  -0.38838553 -0.6360193   0.28561482]
 [ 0.08939382 -0.28128266  0.49195147  0.5573703  -0.30603364]
 [ 0.5031218   0.4793895  -0.6799868  -0.49269912 -0.34619755]
 [-1.4450123  -0.7887224   2.040056    1.161909    0.12907971]]
Peso 2:
[ 1.1761177  0.5704364 -0.5873098 -0.4525073 -0.1608089]
Camada: saida
Peso 1:
[[-1.3183509   1.6150571 ]
 [-0.7079099   0.7825828 ]
 [ 0.7863764  -2.1689017 ]
 [ 0.6938427  -1.379631  ]
 [-0.09674907 -0.78854597]]
Peso 2:
[-0.7428763   0.74287754]



pesos modelo: 
Test loss: 4.5478, Test accuracy: 0.1615
Camada: meio
Peso 1:
[[ 3.41172218e-01  3.58340859e-01  8.44931602e-03  2.87464976e-01
   1.33834720e-01]
 [-2.09550112e-01 -2.01905385e-01  1.09034032e-01  2.83343613e-01
   5.22415526e-02]
 [ 3.13133389e-01 -4.24127758e-01  1.19491726e-01  1.66189358e-01
   3.32967825e-02]
 [ 1.18208103e-01 -2.77437955e-01  1.07431434e-01 -1.82195172e-01
   1.41340986e-01]
 [-1.09154515e-01 -2.97158398e-02  1.35725543e-01 -3.62765118e-02
  -3.65824737e-02]
 [ 3.15726772e-02 -1.57077044e-01  1.16779476e-01  1.10380284e-01
   4.53414246e-02]
 [-2.38793537e-01 -4.89710957e-01  1.11693352e-01  3.68900418e-01
   4.98847589e-02]
 [-1.81709766e-01  3.48916680e-01  1.14348076e-01 -3.95871431e-01
   2.98413131e-02]
 [ 4.49740551e-02  2.98713148e-01  1.46813348e-01 -3.93188953e-01
   4.38444167e-02]
 [-1.50799066e-01  5.07662073e-03  1.40331149e-01  1.10190488e-01
   2.25139353e-02]
 [-3.12252402e-01 -2.24023834e-01  1.05937473e-01 -1.55819906e-02
   2.71455795e-01]
 [ 4.25726801e-01 -3.04159701e-01  1.03418306e-01  4.30929780e-01
   7.12085813e-02]
 [ 5.41900732e-02 -4.27538544e-01  1.50135994e-01  1.04558669e-01
  -3.60785164e-02]
 [-5.84560513e-01 -1.54511005e-01 -6.77168444e-02 -1.16691895e-01
  -3.73888522e-01]
 [-1.26386747e-01  1.43166646e-01  1.69060118e-02 -5.55644453e-01
  -4.31561202e-01]
 [ 2.26044312e-01  2.74982035e-01  1.12320375e+00 -2.70983100e-01
   4.07489449e-01]
 [ 2.34515429e-01 -1.34744670e-03 -3.09666276e-01  1.05959460e-01
   4.06965822e-01]
 [-6.07462153e-02  7.33173788e-02  6.09009504e-01  3.97603452e-01
   7.17010558e-01]
 [ 4.36379761e-02 -2.05125540e-01 -2.75295067e+00 -6.02709532e-01
  -8.73668849e-01]]
Peso 2:
[-0.0611915  -0.02838403  2.037622    0.12037992  0.66938215]
Camada: saida
Peso 1:
[[ 0.70466965  0.8304158 ]
 [-0.8409512   0.5859943 ]
 [-2.7668927   2.125762  ]
 [-0.06662466  0.60436976]
 [-0.9382901   0.8076487 ]]
Peso 2:
[ 3.2703805 -3.2703855]



pesos modelo: 
Test loss: 2.7936, Test accuracy: 0.2148
Camada: meio
Peso 1:
[[ 3.92065525e-01 -1.53883696e-02  4.38958287e-01 -3.80541921e-01
  -1.34268522e-01]
 [ 1.12089194e-01 -2.51441926e-01  9.02719572e-02 -5.28188981e-02
   8.39050412e-02]
 [ 1.98955104e-01 -1.26640573e-01  8.22467282e-02  5.41147709e-01
   1.87509671e-01]
 [-3.43113333e-01  3.37886401e-02 -2.30550617e-01  5.33449292e-01
  -1.00562684e-01]
 [ 3.25813890e-01 -9.27500054e-02 -2.59123389e-02  2.64708251e-01
  -1.20772839e-01]
 [ 4.56829667e-01 -3.88867967e-02 -2.62275827e-03 -4.70118001e-02
   1.85465980e-02]
 [ 6.49315119e-01 -3.08475699e-02  5.27755395e-02 -3.57826889e-01
   5.80281839e-02]
 [ 2.76997775e-01 -1.57894373e-01  4.39616144e-02 -2.21332803e-01
   8.46564770e-03]
 [-1.91237777e-01 -1.86809599e-01 -1.88794676e-02 -3.55854660e-01
   6.82749823e-02]
 [-3.49881589e-01  2.77511161e-02 -9.41061601e-02 -1.53707042e-01
   3.08882564e-01]
 [ 3.84630591e-01 -1.03959389e-01  2.40853861e-01 -3.04352731e-01
   5.91860831e-01]
 [ 1.48505673e-01  1.10890321e-01 -1.19287437e-02 -3.61948162e-01
   3.52532506e-01]
 [-1.62458971e-01  2.91666567e-01 -4.51163724e-02  1.49178863e-01
   6.78363323e-01]
 [ 1.44879207e-01  6.24552310e-01  4.71787930e-01 -2.53279269e-01
   2.41651595e-01]
 [ 3.93882036e-01  6.05991423e-01  6.24479711e-01  2.16473654e-01
   5.03946602e-01]
 [ 1.91591397e-01 -8.21691334e-01 -5.50277889e-01 -4.22696620e-02
   6.66477680e-01]
 [-3.14504921e-01  5.27187467e-01  4.32388961e-01 -3.81414235e-01
   3.75349410e-02]
 [ 2.37084110e-03 -6.00050747e-01 -7.83163786e-01  3.25005710e-01
   3.22649300e-01]
 [ 4.19602394e-02  1.37391686e+00  2.39366031e+00 -6.89198822e-02
  -8.09256077e-01]]
Peso 2:
[ 0.31289452 -0.5037423  -0.6167456   0.07285988  0.77815765]
Camada: saida
Peso 1:
[[-0.6656309   0.10468081]
 [ 0.71284163 -1.6142993 ]
 [ 2.0087101  -1.6547493 ]
 [ 0.47705638  0.8205653 ]
 [-1.8215774   0.00262942]]
Peso 2:
[-2.0111752  2.011178 ]



pesos modelo: 
Test loss: 3.0977, Test accuracy: 0.1434
Camada: meio
Peso 1:
[[ 0.44818592  0.30861902  0.43626404 -0.1039443   0.15071487]
 [ 0.06395906 -0.37929305 -0.04539388 -0.0367051  -0.16090621]
 [ 0.01106072 -0.4277189  -0.27927843 -0.01431644 -0.2078969 ]
 [-0.10724676  0.22507116 -0.04269283 -0.033229    0.00761252]
 [ 0.01043659 -0.3220845  -0.06327049 -0.00348222 -0.14053573]
 [-0.127659   -0.01543722  0.09111791  0.02376758 -0.0542403 ]
 [ 0.0158356  -0.3921793   0.12506625 -0.02271501 -0.10971197]
 [-0.11218176 -0.00370572 -0.47671542 -0.0245572   0.12597981]
 [-0.004619   -0.20756736  0.06864543 -0.12086008  0.12945193]
 [-0.06520061 -0.47987413  0.0831432   0.00288882 -0.1681022 ]
 [-0.05446793  0.39111197 -0.38769174 -0.01353403 -0.11727794]
 [ 0.04855209 -0.03036285 -0.12070408 -0.05841511 -0.11673497]
 [-0.11515247  0.25716773 -0.10304938  0.01438721 -0.07134597]
 [ 0.37292996 -0.2105307  -0.21778686  0.34587097  0.28105497]
 [ 0.18943118  0.36719924 -0.46237093  0.36785743  0.35095906]
 [-0.48235804 -0.53287196  0.13581729 -0.612092   -0.38009438]
 [ 0.37508473 -0.01694785  0.14822045  0.3880772   0.1938064 ]
 [-0.5134321  -0.02441467  0.13582551 -0.6165234  -0.21597023]
 [ 1.50893     0.336419   -0.36186504  2.1783726   1.2439944 ]]
Peso 2:
[-0.3520792  -0.1233178  -0.29944056 -0.53207356 -0.17414033]
Camada: saida
Peso 1:
[[ 1.1689322  -1.240368  ]
 [ 0.13639456 -0.25926584]
 [ 0.5212504  -0.19439799]
 [ 1.8224974  -1.5598811 ]
 [ 1.0274127  -0.66629446]]
Peso 2:
[-3.3551028  3.3551095]



pesos modelo: 
Test loss: 4.9904, Test accuracy: 0.1659
Camada: meio
Peso 1:
[[ 0.24857903 -0.31612313  0.3522029  -0.20260715  0.32905805]
 [ 0.35808483 -0.14891115  0.06237144  0.25159022 -0.50911635]
 [-0.45806417 -0.14274961  0.07689747  0.12889728 -0.21527089]
 [-0.19452627 -0.32818863  0.07555991  0.2058806  -0.2941276 ]
 [-0.45987153 -0.0822512   0.05018171  0.31789804 -0.09648291]
 [-0.07380784 -0.3263801   0.08406425  0.14274883 -0.08805497]
 [ 0.20185526 -0.3602741   0.07158624  0.21230033  0.27370825]
 [-0.2269842  -0.32383958  0.12699924 -0.12228837 -0.49712688]
 [-0.40763482 -0.41551828  0.13057062 -0.02724661  0.27646378]
 [ 0.01484074  0.2928758   0.06832236  0.2903573   0.37603575]
 [ 0.29017934 -0.11341438  0.14288603 -0.06958086 -0.26014093]
 [-0.08189973 -0.23749562  0.08083605  0.17813747 -0.4040085 ]
 [-0.09494983  0.1870292   0.06925204  0.2531583  -0.41647777]
 [-0.21812046  0.19012178 -0.07680848 -0.08434808  0.03412806]
 [-0.38490245  0.3700979   0.10818041 -0.56935006 -0.10359623]
 [-0.04876634 -0.28396773  0.6647308   0.6280013   0.25135934]
 [ 0.21540928 -0.37399328 -0.04912626 -0.2693287  -0.49239212]
 [ 0.31688815  0.47765157  1.0760487   0.65944725  0.26134482]
 [-0.3902979  -0.05753957 -2.8123872  -1.0952015   0.18941608]]
Peso 2:
[-0.04748829 -0.07287803  2.0530493   0.5517666  -0.09939605]
Camada: saida
Peso 1:
[[-0.58163244 -0.5644944 ]
 [-0.07820018  0.2912614 ]
 [-2.0969543   2.7560542 ]
 [-1.0977042   0.6520605 ]
 [ 0.72844553  0.1323436 ]]
Peso 2:
[ 3.2678635 -3.2678645]



pesos modelo: 
Test loss: 4.0091, Test accuracy: 0.0980
Camada: meio
Peso 1:
[[ 0.13257599 -0.45597398  0.05957723 -0.39226985 -0.26030028]
 [ 0.21043113  0.3510402   0.18168749  0.39647102  0.13083288]
 [ 0.01577789  0.09442395  0.13782802 -0.2872945   0.14002484]
 [ 0.04435085 -0.08759256  0.18206379 -0.43811318  0.2248442 ]
 [ 0.1178968   0.16331193  0.25242835  0.11287084  0.05056173]
 [ 0.15852758 -0.24489804  0.14422113  0.4183193   0.22858395]
 [ 0.13410932  0.4158487  -0.16445261  0.27880746  0.32754967]
 [ 0.09408871  0.1472701   0.00665268  0.03809832  0.2273249 ]
 [-0.01473551  0.12349727  0.01679817 -0.363529    0.22912169]
 [ 0.41364476  0.49502856  0.47546762 -0.37283587  0.2761223 ]
 [ 0.24341957 -0.35917187  0.27697653 -0.22888434  0.4228467 ]
 [-0.06544516  0.25260288  0.4958118   0.07968654 -0.3299199 ]
 [-0.01561762 -0.23186024 -0.0571851   0.17956965  0.2432269 ]
 [ 0.35840297 -0.10457585  0.44047916 -0.14105909 -0.4758789 ]
 [ 0.65459377 -0.3267699  -0.30672136  0.0946885   0.48748237]
 [-0.82986087  0.29587522  0.45680973  0.5675256  -0.04250156]
 [ 0.46979105  0.3226905  -0.40033805  0.29081187  0.13525537]
 [-0.34772953 -0.03660395  0.39833     0.20771772  0.7739748 ]
 [ 1.9597366  -0.5715613  -1.2746733  -0.18192041 -1.7409389 ]]
Peso 2:
[-0.39255202  0.24260198  0.8805377   0.15988258  0.8391689 ]
Camada: saida
Peso 1:
[[ 1.7657864  -1.51945   ]
 [-0.9285107  -0.06425311]
 [-1.5900371   0.78750294]
 [-0.36058682  0.5510953 ]
 [-1.1674932   1.7158153 ]]
Peso 2:
[-0.20969942  0.20970066]



pesos modelo: 
Test loss: 3.7351, Test accuracy: 0.1845
Camada: meio
Peso 1:
[[-0.05688059 -0.06954908  0.19037032  0.2158438   0.22890413]
 [-0.0691532   0.05862365 -0.38295847 -0.10908467  0.1600122 ]
 [ 0.05809174 -0.22910517  0.28967345  0.3484865   0.36542395]
 [ 0.06557789  0.3236731   0.20036739 -0.4949989   0.16298124]
 [-0.03315011  0.41835922 -0.3948787  -0.48847407  0.01368827]
 [ 0.13030086  0.50063956 -0.31046203 -0.40660033  0.3081532 ]
 [-0.10046517  0.46133     0.10888059 -0.30119005 -0.16007306]
 [ 0.02037426 -0.24839878 -0.2687259  -0.42816365  0.39467153]
 [ 0.2049811   0.00793105  0.5423991  -0.24419063  0.48608407]
 [ 0.04069923 -0.27069366  0.24436614 -0.08728732  0.39919102]
 [-0.11113592  0.00501975  0.44361067 -0.02945041 -0.06561422]
 [ 0.03230971  0.23451684 -0.03381176 -0.39571804  0.19575697]
 [-0.09269609 -0.19825558  0.33605805  0.4213736   0.05354624]
 [ 0.48860902  0.35819206 -0.23605667 -0.22877908 -0.18919936]
 [ 0.69775534  0.23608917  0.50187504 -0.25461283  0.17085522]
 [-0.8041336   0.01483108 -0.18637408 -0.34614336  0.5882984 ]
 [ 0.5703033  -0.5398277  -0.42275062 -0.33480138  0.44279057]
 [-0.55194014 -0.247303   -0.38355625 -0.07304098  0.90898734]
 [ 2.7790573  -0.51559585 -0.34463242  0.21543023 -0.81439257]]
Peso 2:
[-0.6362121   0.43428293  0.20847781 -0.00907648  0.90144277]
Camada: saida
Peso 1:
[[ 1.2746584  -2.8836603 ]
 [-0.28120646  0.8619196 ]
 [-1.1272581  -0.32752988]
 [-0.01851778 -0.46649152]
 [-1.6463051   0.7285228 ]]
Peso 2:
[-1.1215173  1.1215174]



pesos modelo: 
Test loss: 4.2013, Test accuracy: 0.0912
Camada: meio
Peso 1:
[[-0.39719987  0.00928879 -0.26657856  0.3194611  -0.09323347]
 [ 0.36705875  0.5572435   0.2486828   0.44858348 -0.15222524]
 [ 0.0718537   0.09428318  0.21740015  0.24602447  0.53634894]
 [ 0.31476086  0.4161428  -0.07605527  0.37696812 -0.14554557]
 [ 0.03299629  0.09639236 -0.09343711  0.35055932  0.5006802 ]
 [ 0.30690876  0.32006624  0.27243596  0.4878462   0.39844847]
 [ 0.05825771  0.1940338   0.4895432   0.2892716   0.6084853 ]
 [ 0.461686    0.05290123 -0.18828745  0.1469606  -0.08757517]
 [ 0.28063524  0.4637217   0.32045788  0.09054766 -0.33236298]
 [ 0.19799876  0.20625862  0.2530535   0.260615    0.378862  ]
 [-0.10826179  0.31388652 -0.2955413   0.32669884  0.19803128]
 [ 0.10178895 -0.18132618 -0.19548838 -0.11675716  0.33039623]
 [-0.17128909 -0.0245396  -0.23129082  0.11579997  0.5349163 ]
 [-0.21438566 -0.22935918  0.29510242  0.14106758  0.08187404]
 [-0.35305277  0.14570542  0.4829753   0.57935476  0.2744251 ]
 [ 0.16574976  0.6285756  -0.19994746 -0.6665904   0.20565194]
 [ 0.44983208  0.04982748  0.01139729  0.6764536  -0.42719692]
 [ 0.49545506  0.60910666 -0.27528685 -0.02247614  0.43281353]
 [-0.9705957  -1.7456894   0.87387943  1.7113184  -1.3659395 ]]
Peso 2:
[ 0.406928    0.99824005 -0.03118676 -0.44041535  0.55053276]
Camada: saida
Peso 1:
[[-0.38203824  1.2207628 ]
 [-1.0337594   2.0863192 ]
 [ 0.8600141  -0.29988024]
 [ 1.8132392  -0.8148075 ]
 [-0.1722968   1.8252841 ]]
Peso 2:
[-0.28931072  0.28931132]



pesos modelo: 
Test loss: 3.7473, Test accuracy: 0.1724
Camada: meio
Peso 1:
[[ 0.01614881 -0.3861853   0.10282099  0.29478502 -0.28818488]
 [ 0.5089543   0.0202925  -0.19647558 -0.47257045  0.29843253]
 [-0.02755186 -0.12652126  0.06990219  0.23842634 -0.23661575]
 [ 0.3467803  -0.08693938 -0.22154519 -0.29218268  0.10746466]
 [-0.07346627  0.2747523  -0.4730941   0.07652322 -0.08481788]
 [ 0.15290444 -0.06761541  0.28845778  0.09166451 -0.04087429]
 [ 0.09509196  0.2856886  -0.02828098 -0.5020589   0.04502837]
 [ 0.39273205 -0.30000973 -0.3129391   0.22215296  0.06520816]
 [-0.05078349  0.51662    -0.00755884  0.02873611  0.02355863]
 [ 0.10383231  0.3434339  -0.3022018  -0.11840299  0.06474605]
 [ 0.06879152  0.43607202  0.27668998  0.00657821  0.12527879]
 [ 0.2556724   0.30681592  0.5126251  -0.47500524  0.21944514]
 [-0.02618625  0.5755611  -0.1486039  -0.49584228  0.08232138]
 [ 0.1423422   0.34488297  0.37800694 -0.16769978  0.8534357 ]
 [ 0.35818845 -0.3764761   0.00600504 -0.34906372  0.6765051 ]
 [ 0.56388235  0.48316413  0.07469626 -0.14039215 -0.48346815]
 [-0.26343262 -0.05911344 -0.5303611   0.24968253  0.29821002]
 [ 0.41995722 -0.05821406 -0.04324024  0.2419238  -0.9710274 ]
 [-1.4704368  -0.898983   -0.08492563  0.21395563  2.314038  ]]
Peso 2:
[ 1.0102344   0.5600691   0.09510291 -0.1485259  -0.55627656]
Camada: saida
Peso 1:
[[-1.5467838   1.5221329 ]
 [-1.5601965   0.09426952]
 [-0.33878818  0.4359036 ]
 [-0.22538011 -0.74089736]
 [ 2.3666482  -1.2387453 ]]
Peso 2:
[-0.7429069  0.7429074]



pesos modelo: 
Test loss: 3.6289, Test accuracy: 0.2263
Camada: meio
Peso 1:
[[ 1.16423965e-01 -4.05559063e-01  3.70657682e-01 -9.22981501e-02
   9.07384157e-02]
 [-3.19303304e-01  7.73745030e-03  2.93986559e-01  3.25871445e-02
   3.51193428e-01]
 [ 2.01133966e-01 -2.28529453e-01  4.11178842e-02 -1.01976350e-01
  -1.20050915e-01]
 [-5.16353846e-02 -9.01235044e-02 -1.30229235e-01  6.94879740e-02
   3.22202861e-01]
 [ 9.04524997e-02  1.62246555e-01 -2.42559657e-01  8.12158063e-02
   4.96596843e-01]
 [-1.56453952e-01 -2.97545403e-01 -8.86173472e-02  5.43909892e-03
   3.94470431e-02]
 [-8.43787640e-02  5.64814433e-02  2.65149057e-01 -5.49995042e-02
   1.57131329e-01]
 [-1.72777474e-01  2.58125275e-01 -5.28485060e-01  1.25430435e-01
   6.61249578e-01]
 [ 4.64725979e-02  1.32257462e-01 -2.84996599e-01 -5.49192466e-02
   2.44338080e-01]
 [ 1.40486673e-01  2.97277033e-01  4.73453626e-02  3.02128289e-02
   5.63281119e-01]
 [ 4.31837648e-01 -1.72555625e-01 -3.75031098e-03 -2.89349053e-02
   5.97058199e-02]
 [ 1.92032769e-01 -2.52897531e-01 -2.75279701e-01  1.44411221e-01
   3.71611118e-01]
 [ 1.53568864e-01 -8.30200464e-02 -7.91196525e-02 -1.21804175e-03
   1.90344051e-01]
 [-2.35369429e-01  6.10201836e-01  1.33294657e-01  5.50076783e-01
   5.21954775e-01]
 [-1.28018752e-01  4.87846076e-01 -2.29518890e-01  5.64230680e-01
   4.78139371e-01]
 [-4.40035351e-02 -2.94526994e-01 -7.19123334e-02 -6.42814159e-01
   7.07987070e-01]
 [ 1.91732302e-01  1.42085999e-01 -1.36840686e-01  4.41658139e-01
  -1.36765003e-01]
 [-1.89081416e-01 -5.49180269e-01  3.21457893e-01 -8.58699501e-01
   4.80818868e-01]
 [ 9.37635079e-02  9.27749693e-01  7.21888319e-02  2.78318930e+00
  -5.79165936e-01]]
Peso 2:
[-0.00643477 -0.18577026 -0.14977868 -0.6477936   0.88941985]
Camada: saida
Peso 1:
[[-0.5994341  -0.42143157]
 [ 0.7063549  -0.8186562 ]
 [ 0.06268721 -0.17060289]
 [ 2.0667894  -2.0559757 ]
 [-0.49621123  1.67117   ]]
Peso 2:
[-1.4758667  1.4758645]



pesos modelo: 
Test loss: 3.1076, Test accuracy: 0.2257
Camada: meio
Peso 1:
[[ 0.4989543  -0.44570947 -0.32165265 -0.3930899   0.04747641]
 [-0.04153039 -0.17364955  0.47164872  0.4370262  -0.1856378 ]
 [ 0.10244362 -0.02150554 -0.13355199 -0.12487429  0.2994697 ]
 [ 0.47035873  0.34429637  0.07139888  0.24042416  0.55029273]
 [-0.13018553  0.2895804  -0.2175155  -0.20073527  0.27320072]
 [ 0.03454242 -0.05203696 -0.08616827 -0.22614922  0.22433452]
 [ 0.67598534 -0.2156415   0.4852592   0.02800853  0.30926356]
 [ 0.10569648  0.44502184 -0.12723364 -0.34041384  0.44076285]
 [ 0.5170562   0.08847404  0.37639335  0.40324432  0.34051225]
 [ 0.24796046 -0.40370852  0.25578764 -0.29673612  0.08352282]
 [ 0.3834537  -0.30747652  0.37293297 -0.18034035  0.15459754]
 [-0.08630241 -0.1055335  -0.10139708  0.18086128  0.1243768 ]
 [ 0.43054587 -0.04112823  0.6306599  -0.02623052  0.1152673 ]
 [ 0.36861417  0.6789      0.04298666  0.35767475 -0.13772717]
 [ 0.01210821  0.38549328 -0.23186122 -0.42027697 -0.32423875]
 [-0.56721723 -0.2923633   0.53926176 -0.3141188   1.0339371 ]
 [ 0.56561     0.22887823 -0.04949244 -0.21160626 -0.17407726]
 [-0.2414155   0.02187437 -0.06577048 -0.10097191  1.2437533 ]
 [ 1.7103218   0.7852324  -1.191681   -0.21020007 -1.7351266 ]]
Peso 2:
[-0.2989221  -0.07797208  0.8071897  -0.02590859  1.4147426 ]
Camada: saida
Peso 1:
[[ 1.0828128  -1.4721097 ]
 [ 0.3760349  -1.0334637 ]
 [-0.76362354  1.2351488 ]
 [-0.6780951   0.23131311]
 [-1.9898543   1.710215  ]]
Peso 2:
[-0.07838893  0.07838961]



pesos modelo: 
Test loss: 3.3959, Test accuracy: 0.1594
Camada: meio
Peso 1:
[[ 0.3149259  -0.14749229  0.1586194   0.16184378 -0.408311  ]
 [-0.23811623  0.07705811 -0.02199848  0.20686832  0.32755506]
 [ 0.30745697  0.20428805  0.13877948 -0.0078749   0.18340537]
 [ 0.36911392  0.01708332 -0.4838124  -0.2132723   0.00858766]
 [-0.02863391 -0.1439962   0.4985086   0.3279147   0.51487005]
 [ 0.01218922 -0.22143003 -0.25323823  0.04288128  0.27179697]
 [-0.26197532  0.39358327 -0.43597972 -0.06892306 -0.03545531]
 [-0.22948286 -0.0461069  -0.3302928   0.43931985  0.5876248 ]
 [-0.3472052   0.31703678  0.09417038  0.20403707  0.2697031 ]
 [-0.0926275   0.1325575   0.29317704  0.14148493  0.2989404 ]
 [-0.10308526 -0.04254371 -0.15742728  0.16528873  0.37186137]
 [ 0.2501726  -0.3458243  -0.47020438  0.23079382  0.5607056 ]
 [ 0.35874423 -0.22359243 -0.2902989  -0.06385604  0.21090676]
 [ 0.04067359  0.3537034   0.20269078  0.4896384  -0.11357346]
 [ 0.0397331  -0.5346361  -0.44066852  0.27611867 -0.1726088 ]
 [-0.31619334  0.7357681  -0.33148932 -0.49694318  0.87061846]
 [ 0.52765244 -0.12844378 -0.20517164  0.32793412 -0.17203233]
 [-0.0240324  -0.10516056 -0.46788305 -0.82384807  0.5775087 ]
 [ 0.5353624  -0.02735499  0.3041941   2.2973962  -1.684172  ]]
Peso 2:
[-0.1274882   0.26090205  0.00221628 -0.5639979   1.2230624 ]
Camada: saida
Peso 1:
[[ 0.07902104 -0.762148  ]
 [-0.32465535  0.8405662 ]
 [-0.025913    0.08640118]
 [ 1.8357447  -1.7814133 ]
 [-2.1687856   1.1509477 ]]
Peso 2:
[-0.5147249  0.5147245]



pesos modelo: 
Test loss: 5.3320, Test accuracy: 0.1293
Camada: meio
Peso 1:
[[-0.016644   -0.18715668  0.22020936  0.2256614   0.19141698]
 [ 0.06734406 -0.45801887  0.03862535  0.32048565 -0.49761227]
 [ 0.10068567 -0.4139039   0.1092165   0.08419273 -0.32030538]
 [ 0.3393965  -0.40011922  0.0703174   0.15028901 -0.08178218]
 [ 0.04130951 -0.01778204  0.1299415   0.01861479  0.14865772]
 [-0.06057993  0.1520208   0.08870152  0.13379627 -0.3906343 ]
 [ 0.32396314 -0.20809008  0.12322649 -0.01259506 -0.24316114]
 [-0.06081877  0.01836918  0.09221536  0.07052795 -0.41683993]
 [ 0.232491   -0.1433202   0.11367603  0.06117376  0.36369196]
 [-0.3135026   0.38461155  0.13869318  0.10096003 -0.06343278]
 [-0.02392009  0.38861755  0.04999776  0.34056547  0.00500403]
 [-0.30993095 -0.05521818  0.0682216   0.30816582 -0.2338153 ]
 [-0.18665476 -0.2358585   0.13470487  0.09642273 -0.1530183 ]
 [ 0.365123    0.22021386  0.09683929 -0.58519393 -0.1618853 ]
 [-0.6244474   0.3344189   0.11500177 -0.26042888  0.0283433 ]
 [ 0.28959215 -0.4844063   1.0000038   0.46907362  0.0079575 ]
 [ 0.22133175 -0.4319065  -0.05957637 -0.06910124  0.20611551]
 [-0.2598233   0.38948467  0.820474    0.063007    0.03480787]
 [-0.8707402  -0.5708399  -2.7989984  -1.3222615  -0.45305353]]
Peso 2:
[ 0.23351008  0.10866604  1.7608613   0.87539196 -0.10610559]
Camada: saida
Peso 1:
[[-0.563082    0.39043167]
 [-0.46560195  0.03725977]
 [-2.8928864   1.7439715 ]
 [-1.6827432   0.43613204]
 [-0.11537264 -0.5993386 ]]
Peso 2:
[ 3.2738466 -3.2738435]
