


pesos modelo: 
Test loss: 0.0001, Test accuracy: 1.0000
Camada: meio
Peso 1:
[[ 0.33228227 -0.2635213  -0.0534476   0.05182722  0.422345  ]
 [ 0.45336482 -0.49350125  0.00438941  0.02974177  0.61873394]
 [ 0.18574654 -0.13227859  0.5104567   0.25737852  0.53881043]
 [ 0.48018345  0.18667254  0.45020378  0.1494801  -0.32951936]
 [-0.24719314 -0.48900318  0.42087463  0.16839388  0.2335123 ]
 [ 0.09461339 -0.11098611  0.09549888 -0.02881294 -0.29421017]
 [-0.30184558 -0.34976792  0.5051284   0.17185858 -0.13540056]
 [-0.16697624 -0.07063854  0.33390075  0.15166976  0.45726657]
 [-0.34656695 -0.46139765 -0.04511787 -0.09835454 -0.24612413]
 [ 0.42924282  0.075534    0.33185008  0.11382548 -0.15837641]
 [-0.23737438 -0.10894579  0.45820668  0.1306583  -0.34987912]
 [ 0.48361656  0.26835456  0.30111048  0.1108162  -0.00905244]
 [ 0.08306077  0.26160964  0.38852203  0.16317803  0.19981094]
 [-0.34848502 -0.18021888  0.2052037   0.0212213  -0.13479862]
 [-0.33072054 -0.13022402 -0.01569974 -0.03926159  0.3336837 ]
 [-0.08124099  0.02844297  0.12683877  0.04979891  0.4179869 ]
 [ 0.1902963  -0.3132651   0.02307372 -0.05179144 -0.29362667]
 [ 0.0622027  -0.13065854  0.14182208  0.03917845  0.21955068]
 [-0.20580761  0.05409777  0.37876692  0.12365135 -0.02775953]
 [-0.22955284  0.24826717  0.45894995  0.12743057 -0.3720957 ]
 [-0.4543705  -0.13953154 -0.9888321   2.8905199  -0.37818703]
 [-0.48884475 -0.13682194 -1.3699355   2.6794994  -0.5243686 ]]
Peso 2:
[ 0.1169964  -0.269304    0.87104076 -0.36361536  0.28484178]
Camada: saida
Peso 1:
[[-0.48058528 -0.01599107]
 [ 0.7347829  -0.5041782 ]
 [-1.3836964   1.3889619 ]
 [ 2.8209026  -2.5293183 ]
 [ 0.15964994  0.9668633 ]]
Peso 2:
[-0.46484858  0.464851  ]



pesos modelo: 
Test loss: 0.0001, Test accuracy: 1.0000
Camada: meio
Peso 1:
[[ 2.01915234e-01  4.78647649e-02 -3.35333139e-01 -4.55623865e-03
   2.72442847e-01]
 [ 5.10186970e-01  1.53100744e-01  5.19324243e-02  6.52174130e-02
   2.88326621e-01]
 [ 3.66839916e-01  1.21084787e-01 -4.71639097e-01 -3.63801301e-01
  -1.71249676e-02]
 [-7.93197099e-03 -3.30800079e-02 -2.40145907e-01 -4.28984076e-01
  -7.58183077e-02]
 [ 2.74747521e-01  9.60111991e-02  1.83535278e-01 -6.82380646e-02
  -4.17116523e-01]
 [ 2.65321165e-01  5.34409508e-02  1.65376842e-01  3.37787807e-01
   7.86863640e-02]
 [ 1.79408029e-01  3.72783542e-02 -3.10582947e-02 -2.76779145e-01
  -2.39325706e-02]
 [ 3.91859382e-01  1.20127238e-01 -7.43357614e-02 -2.60412186e-01
   1.19954541e-01]
 [ 3.93292904e-01  1.45827144e-01  2.73087412e-01 -2.57647425e-01
  -2.91233599e-01]
 [ 4.43149030e-01  1.21365681e-01 -1.60018757e-01  3.39254230e-01
   2.87202835e-01]
 [ 9.13768485e-02 -2.21192930e-02 -7.44266286e-02 -2.61570424e-01
   3.46732020e-01]
 [ 4.83517975e-01  1.39423370e-01 -4.98790801e-01 -1.98985394e-02
   3.35725754e-01]
 [ 2.33606651e-01  4.13848795e-02  9.33962017e-02  2.71225125e-01
   1.15162939e-01]
 [ 4.35311139e-01  1.40453190e-01 -4.25226003e-01 -2.97420807e-02
  -1.02124654e-01]
 [ 4.45264667e-01  1.32872254e-01 -8.81631300e-02 -2.14836542e-02
   9.99020040e-02]
 [ 2.28224784e-01  3.46788801e-02  1.67226177e-02 -3.37160379e-01
   3.76104534e-01]
 [ 2.64201224e-01  8.84944648e-02 -2.86361277e-01 -5.49511500e-02
  -2.63811290e-01]
 [ 3.33756626e-01  1.20402306e-01 -2.94025093e-01 -3.06010872e-01
  -3.46983284e-01]
 [ 5.53070903e-01  1.66983008e-01 -5.53456582e-02  2.47563615e-01
   2.55871803e-01]
 [ 2.72347242e-01  5.54270335e-02  7.19346330e-02  1.49264634e-01
   1.87233806e-01]
 [-1.26146805e+00  2.67599225e+00 -2.20747944e-03  4.87012446e-01
   5.15159607e-01]
 [-8.16330552e-01  2.90688825e+00 -1.23188883e-01 -1.28409192e-01
   3.19454551e-01]]
Peso 2:
[ 0.7582233  -0.4859882  -0.25308996 -0.0238662  -0.05572324]
Camada: saida
Peso 1:
[[-0.518294    2.122558  ]
 [ 2.7782912  -2.81564   ]
 [ 0.80650496 -0.6626096 ]
 [ 0.03871622 -0.80097574]
 [ 0.8053269   0.3663551 ]]
Peso 2:
[-0.46540105  0.46540537]



pesos modelo: 
Test loss: 0.0001, Test accuracy: 1.0000
Camada: meio
Peso 1:
[[ 3.51104409e-01  3.45637530e-01  1.92853838e-01 -2.45618910e-01
  -1.87763989e-01]
 [ 4.20835137e-01  1.20028466e-01  6.31482154e-02  5.53679883e-01
  -2.04587325e-01]
 [ 4.17941585e-02  2.25515798e-01  4.46926922e-01 -1.35454968e-01
  -2.19735801e-01]
 [ 4.20661364e-03  1.94517523e-01  5.66010833e-01  1.84634671e-01
   3.11694086e-01]
 [-3.67116302e-01  9.25687179e-02  2.69232005e-01  3.39946002e-01
   1.72800586e-01]
 [ 4.63348657e-01  1.49218395e-01  3.69891286e-01  3.50974321e-01
   1.94613069e-01]
 [-2.34378710e-01  1.97268084e-01  4.42109346e-01  4.68882769e-01
   1.93295524e-01]
 [ 1.14077237e-02  5.88725582e-02  2.60294408e-01 -2.15181872e-01
  -2.16303859e-03]
 [-1.24817461e-01  2.41428129e-02  5.93919381e-02  5.59958041e-01
   1.55793905e-01]
 [ 8.00012127e-02  2.13148482e-02 -6.96290005e-03  2.27183640e-01
  -1.45043373e-01]
 [-1.40200257e-01 -3.69586609e-02  1.53209105e-01 -1.90424532e-01
   1.57563314e-01]
 [ 3.52995276e-01 -4.77388799e-02  1.85893595e-01 -2.58047014e-01
   2.35322505e-01]
 [-3.76524657e-01  1.29262283e-01  1.61792010e-01  6.35055527e-02
  -3.31541419e-01]
 [-3.40068549e-01  7.98255801e-02  4.42525744e-01  7.41628334e-02
   4.04150903e-01]
 [-3.94877076e-01  1.47108525e-01  4.36043859e-01  9.94301811e-02
   1.55343100e-01]
 [-4.42341030e-01 -8.40375349e-02  7.11012408e-02 -3.51215631e-01
   7.24512413e-02]
 [ 4.14199606e-02  1.60687447e-01  3.30005407e-01 -2.11596824e-02
  -1.23147704e-01]
 [-1.13131851e-01  4.30658460e-02  3.75575095e-01 -2.42461815e-01
   2.59440005e-01]
 [-2.38979191e-01  8.57045352e-02  4.43119198e-01 -3.95177543e-01
   1.66358918e-01]
 [ 1.78936079e-01 -2.06381734e-02  8.52189884e-02 -6.22481853e-02
   2.60790270e-02]
 [ 1.66747898e-01  2.69306254e+00 -1.11531043e+00 -4.49621499e-01
   7.69699752e-01]
 [-3.14028382e-01  2.60335875e+00 -1.10532165e+00 -1.91965431e-01
   1.18669212e+00]]
Peso 2:
[ 0.02965728 -0.35613778  0.85703367  0.2589822  -0.20176837]
Camada: saida
Peso 1:
[[ 0.1556256   0.40303037]
 [ 2.5716157  -2.5486283 ]
 [-1.6606785   1.1986508 ]
 [ 0.11132108  1.022697  ]
 [ 0.8268972  -0.7180914 ]]
Peso 2:
[-0.57697356  0.5769755 ]



pesos modelo: 
Test loss: 0.0001, Test accuracy: 1.0000
Camada: meio
Peso 1:
[[-0.29692534  0.02727216  0.20125118  0.15778556  0.30701527]
 [-0.14619891  0.2109181   0.09143396  0.2930078   0.00649124]
 [-0.13712858  0.23593615  0.07281262 -0.1394226  -0.36124352]
 [ 0.35337692  0.1012124   0.17777939 -0.23883466  0.16190778]
 [ 0.01088299  0.17606941  0.09253272 -0.13251708 -0.12537497]
 [ 0.19928305  0.17754947  0.21671177  0.2033191   0.2928985 ]
 [ 0.20924002  0.12473777  0.15434816 -0.2470803   0.23075621]
 [ 0.04149666  0.18489876  0.14579651 -0.07405424  0.14332123]
 [ 0.3186606  -0.08442678 -0.04206807  0.07422061 -0.10947058]
 [ 0.19091882 -0.01239301 -0.02969155 -0.15193945 -0.18661022]
 [-0.17950663  0.13636526  0.05543931  0.36226264  0.44644812]
 [-0.02764561  0.22385816  0.14711684  0.12841922  0.03044165]
 [-0.21543063  0.24595341  0.08976948 -0.06937446 -0.0731133 ]
 [ 0.33514792  0.09571964  0.11532669  0.29859886 -0.23867926]
 [ 0.14069176  0.35379663  0.30525863 -0.18953754 -0.14824267]
 [-0.01241036  0.22986956  0.12030923 -0.34608957 -0.25514728]
 [-0.12112215  0.24221238  0.11901472 -0.48850697 -0.11891253]
 [ 0.20710383  0.26899147  0.30718827  0.07605749  0.33939943]
 [ 0.54931515 -0.05702052  0.04470743 -0.02994337 -0.2614336 ]
 [-0.11283299  0.28551033  0.21403876 -0.14514267  0.36802703]
 [-0.66212636 -1.9701571   2.2283232   0.06659344 -0.2137665 ]
 [-0.854613   -2.1117032   2.0102856  -0.0305988  -0.3289372 ]]
Peso 2:
[ 0.513031    0.99350506 -0.34351566 -0.19812165  0.1447848 ]
Camada: saida
Peso 1:
[[-0.30946955  1.2649972 ]
 [-2.2202704   1.9421108 ]
 [ 1.8891612  -2.2560852 ]
 [-0.22845702  0.05282385]
 [-0.43991086  0.4542185 ]]
Peso 2:
[ 0.34836614 -0.34836337]



pesos modelo: 
Test loss: 0.0001, Test accuracy: 1.0000
Camada: meio
Peso 1:
[[ 2.92035192e-01  2.36462027e-01  8.85277092e-02  4.11025077e-01
   1.75327092e-01]
 [-1.22636214e-01 -1.30433112e-01  3.51743177e-02  6.57939687e-02
   3.00614864e-01]
 [-3.03313527e-02  1.18252300e-01  1.98911712e-01  8.87750909e-02
   1.16531961e-01]
 [ 2.40517110e-01  7.21987486e-02  1.40468091e-01  1.45517573e-01
   2.41710544e-01]
 [-3.90367955e-01  1.19431198e-01 -4.89458352e-01  1.73954010e-01
   2.39056706e-01]
 [-4.33762997e-01 -1.22868128e-01  2.59789638e-02 -7.49885291e-02
   9.09007266e-02]
 [ 1.27433017e-01 -2.52565265e-01 -4.40673172e-01 -1.13403231e-01
   1.54866934e-01]
 [ 1.48560762e-01 -1.77615006e-02 -5.99578135e-02  7.17858225e-02
   2.13176236e-01]
 [-9.95286554e-03  2.40185216e-01 -1.06281407e-01  4.96156849e-02
  -5.25940247e-02]
 [ 2.88040489e-01  2.47847304e-01  3.21199864e-01  8.55138525e-02
  -2.46278523e-03]
 [-3.24130476e-01  5.12278855e-01  1.42342341e-03  3.16190273e-01
   1.01359732e-01]
 [ 3.84173751e-01 -2.89496146e-02 -2.86693692e-01  7.81921595e-02
   2.35059738e-01]
 [-4.80662405e-01  1.67979196e-01  6.46876767e-02  9.70991775e-02
   8.09228271e-02]
 [ 2.66620100e-01  5.31773150e-01 -8.98592398e-02  2.00243965e-01
  -7.22949728e-02]
 [-3.37924995e-03  3.31195474e-01 -4.32538567e-03  4.03162569e-01
   3.96072417e-01]
 [-3.26366276e-01  1.03071302e-01  1.11174047e-01 -1.19994045e-03
   7.36215676e-04]
 [ 3.55144367e-02 -4.35172766e-02  4.06826079e-01 -1.59110390e-02
   1.00479536e-01]
 [-3.98545206e-01  2.18772948e-01 -2.75911838e-01  3.74259591e-01
   4.48062718e-01]
 [-3.76977801e-01  2.31591538e-01 -4.32639271e-01  3.72228056e-01
   4.26071495e-01]
 [-4.65092123e-01  2.26449847e-01  4.92936000e-02  1.70688406e-01
   1.41482607e-01]
 [-4.31798309e-01 -1.27111590e+00 -2.48220935e-02  2.23210359e+00
  -1.62050176e+00]
 [ 6.11628918e-03 -1.17722094e+00  2.78537363e-01  2.39157486e+00
  -1.46077490e+00]]
Peso 2:
[-0.0970633  0.7759638 -0.050134  -0.3833922  0.6844415]
Camada: saida
Peso 1:
[[ 0.5369474   0.22172818]
 [-1.2144933   1.5311226 ]
 [ 0.7036577   0.6594688 ]
 [ 2.7995877  -1.6784421 ]
 [-1.0388868   2.0947685 ]]
Peso 2:
[ 0.03740966 -0.03740649]



pesos modelo: 
Test loss: 0.0002, Test accuracy: 1.0000
Camada: meio
Peso 1:
[[ 4.51989979e-01  4.48567778e-01 -1.90718979e-01  2.28518635e-01
   3.27110916e-01]
 [ 3.58640015e-01 -2.80278832e-01  4.22037512e-01 -4.28105265e-01
   4.55576926e-01]
 [ 1.74995720e-01  1.39846563e-01 -3.02299738e-01  1.08880112e-02
   4.24316287e-01]
 [ 1.62439421e-01 -3.48113507e-01  8.70015696e-02  1.96762443e-01
   2.45991394e-01]
 [ 1.91103250e-01  4.61734354e-01 -1.08304934e-03 -3.60022545e-01
   4.15832490e-01]
 [ 4.10902165e-02  2.78806359e-01  2.92473078e-01 -4.07656938e-01
   1.02341041e-01]
 [ 7.55271912e-02  5.18371090e-02 -3.37279767e-01 -1.86843842e-01
   2.86127657e-01]
 [ 1.76684186e-02  1.66625068e-01 -1.21434495e-01 -3.81744683e-01
   1.65680036e-01]
 [ 1.10464528e-01 -4.10753369e-01  4.01597172e-01 -1.26193285e-01
   8.36392194e-02]
 [ 1.24750048e-01  5.08331656e-01  5.43725371e-01 -5.74821867e-02
   1.73123389e-01]
 [-7.27866292e-02 -3.42210710e-01 -6.96045393e-03 -3.29812557e-01
  -5.53560294e-02]
 [ 3.72587070e-02  3.07840168e-01 -1.97209585e-02 -3.53701085e-01
   1.84254289e-01]
 [ 2.40199655e-01 -9.89185199e-02 -3.47300023e-01  3.75184238e-01
   4.94284719e-01]
 [ 9.16861892e-02 -2.38628909e-01  1.05788760e-01 -7.72409961e-02
   1.69280350e-01]
 [ 2.92848229e-01  3.45598429e-01  5.11491895e-01  1.42801227e-02
   4.17054474e-01]
 [-1.82374939e-01  3.13186646e-01 -1.86014324e-01  1.58101261e-01
  -9.16772857e-02]
 [ 1.07546009e-01 -3.02483588e-01  3.21947481e-03  8.46761838e-02
   1.90740898e-01]
 [ 2.47025207e-01 -3.22976798e-01  9.67285410e-02 -4.64563340e-01
   3.80870342e-01]
 [-3.42415757e-02  4.11248446e-01 -2.76007533e-01 -1.58133671e-01
   1.59406871e-01]
 [ 1.21979177e-01 -8.16498417e-03 -9.02828947e-02  4.34817731e-01
   2.78070956e-01]
 [ 2.57543612e+00 -7.94864222e-02 -3.72557580e-01  1.03936858e-01
  -1.60671210e+00]
 [ 2.57702327e+00  7.57154047e-01 -4.60743695e-01 -3.75268370e-01
  -1.46103287e+00]]
Peso 2:
[-0.3894463   0.00378593  0.3198388   0.0101698   0.8729891 ]
Camada: saida
Peso 1:
[[ 2.395824   -2.5135863 ]
 [ 1.1488409   0.59476304]
 [-0.17858581  0.99947244]
 [-0.5185572   0.15538952]
 [-1.8579475   1.6259652 ]]
Peso 2:
[-0.2828222   0.28282773]



pesos modelo: 
Test loss: 0.0005, Test accuracy: 1.0000
Camada: meio
Peso 1:
[[-8.69808793e-02  7.23142326e-02  3.19544703e-01  6.33285940e-02
  -2.98208624e-01]
 [-4.03081831e-05 -4.19168383e-01 -2.99861968e-01  3.94444987e-02
  -5.21845213e-05]
 [ 7.42738575e-06 -4.47761059e-01  1.23700336e-01 -2.54095197e-01
   2.47921944e-05]
 [-3.02964290e-05 -1.62987307e-01 -3.15644324e-01 -7.93973356e-02
  -1.13760834e-04]
 [ 3.29639170e-06 -1.58429146e-01  6.88111708e-02 -6.22597858e-02
   3.56469027e-05]
 [-1.04119936e-04 -4.15673614e-01  1.64874762e-01  9.43181291e-02
  -2.49651998e-06]
 [ 3.66197819e-05  4.04064089e-01 -2.00199828e-01  2.26144582e-01
  -6.50482762e-05]
 [-1.35001278e-06  2.19231099e-01  3.71639907e-01 -1.80059016e-01
   7.70852057e-05]
 [-7.06837636e-06  2.87662983e-01  3.04310799e-01 -3.25782865e-01
  -4.64264158e-05]
 [-4.65325720e-05 -3.13380778e-01 -2.23180130e-01  1.63060203e-01
  -5.02640760e-05]
 [-5.38567656e-06 -2.53435701e-01  3.17924023e-01 -2.88872361e-01
  -1.09885928e-04]
 [-3.49972725e-05  1.12554118e-01 -4.06877883e-03 -2.05520168e-01
   2.44295734e-06]
 [ 2.22818744e-05 -1.78827755e-02 -4.12100047e-01 -3.08234066e-01
   3.42613566e-05]
 [-2.44146449e-05 -4.09794211e-01 -2.85911977e-01 -7.06449896e-02
  -5.98357401e-05]
 [ 1.27746853e-05 -1.24036856e-01 -1.07961886e-01  1.30077630e-01
  -3.24684297e-05]
 [ 9.00881969e-06  1.50977075e-01 -4.22123551e-01 -1.14569381e-01
  -6.20023493e-05]
 [-1.47521268e-05 -3.33426088e-01 -1.69879109e-01 -1.75608560e-01
   6.95552262e-06]
 [ 1.33239118e-05  3.15343857e-01 -4.25968289e-01  7.78326616e-02
   3.73431612e-05]
 [ 3.39268227e-05 -2.83137023e-01  2.06640974e-01  1.11817986e-01
  -6.49837020e-05]
 [ 5.31870428e-05 -2.17595950e-01  4.76839952e-03  9.70158130e-02
  -1.29540145e-04]
 [ 1.51454461e+00  4.07594651e-01  5.47454774e-01  7.67703891e-01
   2.43367505e+00]
 [ 1.86006200e+00 -4.02259499e-01  3.30666929e-01  4.12583083e-01
   2.22012401e+00]]
Peso 2:
[-0.00013694 -0.03557845 -0.10762982 -0.06273337 -0.0002013 ]
Camada: saida
Peso 1:
[[ 1.3000067  -1.8843964 ]
 [ 0.8938509   0.72043926]
 [ 0.18902716 -0.00874856]
 [ 0.74321765  0.06942542]
 [ 2.0721664  -2.4199405 ]]
Peso 2:
[-3.283356   3.2833617]



pesos modelo: 
Test loss: 0.0001, Test accuracy: 1.0000
Camada: meio
Peso 1:
[[ 1.24345928e-01  1.67044610e-01 -2.29935452e-01  4.66934472e-01
  -1.70638323e-01]
 [ 2.14869797e-01  3.60971726e-02 -7.83698112e-02  1.27768919e-01
  -2.17707410e-01]
 [-4.87190157e-01  9.52770934e-02 -3.16930830e-01  4.28430110e-01
   2.84166306e-01]
 [-3.74493450e-01  1.04702435e-01  2.66792446e-01  2.72584081e-01
  -3.37138534e-01]
 [ 1.95881337e-01  1.76610481e-02 -2.96920955e-01  1.38574585e-01
  -2.52502933e-02]
 [-1.38333559e-01  1.49568960e-01 -5.90439215e-02  6.14268422e-01
   4.14944708e-01]
 [-9.22013521e-02  1.32052600e-01  2.59851813e-01  4.41959918e-01
  -2.12628990e-02]
 [ 1.72190890e-02 -4.86080423e-02 -4.56486225e-01  3.88492011e-02
   2.11888984e-01]
 [-3.47629935e-01  1.18308634e-01  4.72958088e-02  4.30744588e-01
   9.98119041e-02]
 [-1.50438800e-01  7.22922832e-02 -3.81553248e-02  2.48647198e-01
  -1.00424245e-01]
 [-2.22371751e-03  1.72528028e-01  1.88335925e-01  5.69453835e-01
   6.44440725e-02]
 [-1.99027076e-01  1.58856750e-01 -3.53231400e-01  4.82564420e-01
  -9.68517512e-02]
 [-3.75340641e-01 -2.61886418e-02 -4.39070612e-01  7.87804425e-02
   1.62027597e-01]
 [-9.81335565e-02  2.30492745e-02 -7.98946321e-02  1.50408760e-01
  -7.99627230e-02]
 [ 5.21184132e-02  8.86785612e-02 -3.50242071e-02  4.25816298e-01
   2.90280282e-01]
 [-2.31514826e-01  1.21918760e-01  4.75198738e-02  3.89615744e-01
  -9.77403373e-02]
 [-9.51489285e-02  5.10941073e-03 -6.95173591e-02  1.49360329e-01
   1.65632442e-01]
 [ 1.78049833e-01  3.42959911e-03 -1.56172737e-01  2.61892006e-02
  -3.51246655e-01]
 [-3.33618701e-01  2.08033081e-02  2.90762559e-02  1.73909530e-01
   5.02917729e-02]
 [ 4.93341349e-02  9.54330266e-02 -2.83732116e-01  4.31536019e-01
   2.67121822e-01]
 [ 2.61074036e-01  2.82899952e+00 -1.67048872e-01 -8.12440097e-01
   9.45709407e-01]
 [ 1.22115365e-03  2.90276885e+00 -5.23145683e-02 -8.30288529e-01
   3.82575363e-01]]
Peso 2:
[-0.14491768 -0.36792773 -0.0422677   0.9234403  -0.04414168]
Camada: saida
Peso 1:
[[-0.76414764 -0.25983244]
 [ 2.1379888  -3.4000185 ]
 [ 0.48901123  0.07662597]
 [-1.8475075   0.6227316 ]
 [ 0.7767821  -0.08419401]]
Peso 2:
[-0.72833955  0.7283454 ]



pesos modelo: 
Test loss: 0.0004, Test accuracy: 1.0000
Camada: meio
Peso 1:
[[ 2.36946344e-02  3.14480990e-01 -8.09049904e-02  3.66062492e-01
  -3.14124525e-01]
 [ 1.54481426e-01  1.04770876e-01  5.58882675e-05 -2.37971261e-01
  -2.88638949e-01]
 [-2.67162789e-02  8.64059627e-02 -3.72066347e-06 -1.73419341e-02
  -2.70761270e-02]
 [-1.45776331e-01  7.74811730e-02 -1.76890826e-04 -2.61589825e-01
   2.29213357e-01]
 [ 9.56015587e-02  4.33712304e-02 -1.29002467e-04 -4.10137564e-01
  -4.56080973e-01]
 [-1.15681231e-01 -6.27754033e-02 -1.50729829e-04 -1.75176650e-01
  -4.61439341e-01]
 [-1.93260938e-01 -5.81863709e-03  8.16485481e-05 -2.22667232e-01
  -4.51735437e-01]
 [ 3.76563407e-02  8.09591487e-02  1.19341894e-05  6.20614700e-02
  -4.09388900e-01]
 [-8.63030329e-02  1.06335111e-01  2.50660742e-05 -7.67875835e-03
   1.80889100e-01]
 [ 2.37658322e-01  2.36229487e-02 -1.57038830e-05  2.65150070e-01
   2.49885600e-02]
 [ 1.55550644e-01 -1.62564106e-02  8.71735901e-05 -4.40106951e-02
   3.27088326e-01]
 [-2.34256446e-01 -4.53756526e-02  8.97509090e-05  1.77238248e-02
  -2.20578134e-01]
 [ 8.64303261e-02 -5.93457408e-02  1.22606085e-04 -4.39337850e-01
  -4.11337256e-01]
 [ 1.01489052e-01 -1.13261677e-01  7.10715176e-05  2.46942997e-01
  -1.88050598e-01]
 [ 1.39385238e-01 -1.18232079e-01  4.47052771e-05 -1.88256741e-01
   1.48797557e-01]
 [-2.54847497e-01  6.11949451e-02 -5.33773273e-05 -3.83872181e-01
  -3.08093250e-01]
 [-2.86338508e-01 -2.34532170e-03 -1.73497374e-05 -1.64418742e-01
   1.62064150e-01]
 [-4.34159562e-02 -3.39139029e-02 -4.50023726e-05 -2.83336639e-01
  -7.55082071e-02]
 [-2.39476442e-01 -1.20082691e-01 -7.24538622e-05  1.67484313e-01
  -6.63572922e-02]
 [ 3.21732797e-02  3.21440287e-02  1.11019195e-04 -6.02630600e-02
  -1.19916625e-01]
 [ 3.75316739e-01  1.09906256e+00  2.79329658e+00 -1.76782459e-01
  -9.07025412e-02]
 [ 7.22333908e-01  5.27593672e-01  2.89030433e+00  2.16042832e-01
  -9.08806622e-02]]
Peso 2:
[-2.1840794e-01 -2.2396868e-01 -2.2077659e-04 -5.4828148e-02
 -4.9919736e-02]
Camada: saida
Peso 1:
[[-0.11086091 -0.52254856]
 [ 0.7195695  -0.3437437 ]
 [ 2.3606858  -3.0093877 ]
 [-0.75687605  0.27831325]
 [ 0.02201885 -0.42518467]]
Peso 2:
[-3.2821002  3.2821054]



pesos modelo: 
Test loss: 0.0002, Test accuracy: 1.0000
Camada: meio
Peso 1:
[[ 3.34467500e-01 -2.89542913e-01 -4.15229738e-01  2.50749558e-01
   4.13518935e-01]
 [ 5.40075958e-01 -8.31837803e-02  1.56351447e-01  1.39495894e-01
   1.03836037e-01]
 [ 9.46108326e-02  5.19668996e-01 -4.04158384e-01 -1.45394742e-01
   5.62915206e-03]
 [ 4.01659608e-01 -2.31737956e-01 -3.01347584e-01  3.50222170e-01
   1.43878952e-01]
 [ 1.02208599e-01  2.11152807e-01 -4.45281953e-01  5.32127380e-01
   2.60839581e-01]
 [ 4.26216245e-01 -2.33750418e-01  1.56916037e-01 -1.50225744e-01
  -8.66494998e-02]
 [-1.38726234e-01  4.85688716e-01 -3.05066377e-01 -1.57617748e-01
  -5.35306595e-02]
 [ 2.17013344e-01  6.68283403e-02  2.45110407e-01  4.62340601e-02
   2.70387791e-02]
 [ 3.39662045e-01 -2.66838521e-01  1.23821516e-02  3.47591162e-01
   1.25700697e-01]
 [ 4.08242494e-01 -2.81284042e-02 -3.29797179e-01  3.23732018e-01
   1.76686972e-01]
 [-3.66875939e-02  4.70493047e-04 -3.22583646e-01  2.36445665e-01
   5.16298227e-02]
 [-1.89561903e-01  3.68989676e-01 -2.64756233e-01  1.44777060e-01
   5.55984080e-02]
 [-1.57874316e-01  6.72247494e-03  4.25817877e-01  4.78217632e-01
   1.48747414e-01]
 [-5.33176288e-02  1.04844160e-01 -1.96066067e-01  2.64265329e-01
   7.90910795e-02]
 [ 2.49908984e-01 -1.95835501e-01 -6.94428235e-02  1.58342004e-01
   2.64525190e-02]
 [ 7.70978350e-03 -2.46499941e-01 -2.97371745e-01  7.30368793e-02
  -6.71761036e-02]
 [ 1.35208860e-01 -1.32738613e-02  1.35693446e-01  4.83189017e-01
   2.05084980e-01]
 [-2.15774048e-02  5.70968449e-01 -1.67952567e-01  1.18226811e-01
   1.15456104e-01]
 [ 3.35885465e-01  5.25931239e-01 -1.83888804e-02  1.67102769e-01
   2.01553568e-01]
 [-8.78666565e-02  5.24279773e-01  1.17803007e-01  3.14015448e-01
   1.87378764e-01]
 [-8.49426687e-02 -6.30841494e-01 -2.57881314e-01 -1.02007174e+00
   2.85035181e+00]
 [-6.66616976e-01 -7.03163505e-01 -2.56278366e-01 -1.05928385e+00
   2.69903994e+00]]
Peso 2:
[ 0.2972594   0.40980226  0.02620845  0.7462076  -0.37556732]
Camada: saida
Peso 1:
[[-1.0809932  -0.01148263]
 [ 0.02369458  1.2697936 ]
 [-0.5818464  -0.21332261]
 [-1.401695    1.1821722 ]
 [ 2.462281   -2.8111346 ]]
Peso 2:
[-0.5099111  0.509915 ]



pesos modelo: 
Test loss: 0.0002, Test accuracy: 1.0000
Camada: meio
Peso 1:
[[ 1.16083533e-01 -4.49630886e-01  1.32247806e-02 -1.92678571e-02
   3.46377283e-01]
 [ 1.12156503e-01  3.79326016e-01  1.37284383e-01 -4.06145751e-01
   2.98702996e-02]
 [ 1.24910837e-02 -1.99389368e-01  1.67610154e-01  4.13778633e-01
  -4.73758690e-02]
 [ 2.68766552e-01 -1.69735208e-01 -1.26073584e-01  2.71562427e-01
   9.64254886e-02]
 [ 4.31605101e-01 -3.77274513e-01  1.69696003e-01 -4.03247803e-01
   1.62340701e-01]
 [ 4.97632802e-01 -2.11630926e-01 -4.34822470e-01 -1.58290390e-03
   2.18078524e-01]
 [ 1.21867314e-01  1.63674653e-02 -1.93238974e-01  3.45365167e-01
   2.46402193e-02]
 [ 7.63618350e-02  2.89699525e-01  2.21235910e-03 -1.86889440e-01
   4.34141606e-03]
 [-1.39647514e-01  4.36545521e-01  1.19687878e-02  7.66955093e-02
  -9.79232267e-02]
 [ 3.10745656e-01 -3.12575489e-01  1.10861234e-01  1.66000620e-01
   1.11817732e-01]
 [ 3.97756517e-01  3.17591764e-02  1.92766767e-02 -1.94348410e-01
   1.69556797e-01]
 [ 1.17876194e-03 -5.23146300e-04 -3.97779286e-01 -4.32569861e-01
  -5.62316477e-02]
 [ 4.51355547e-01 -4.28605288e-01 -3.11411381e-01  1.63488775e-01
   1.81805030e-01]
 [ 3.95273924e-01 -3.26779723e-01 -9.76827070e-02 -2.53533661e-01
   1.42980054e-01]
 [ 3.78863037e-01 -4.11401093e-01  9.70495120e-02  4.14266825e-01
   1.37738958e-01]
 [-2.76947059e-02 -2.07547054e-01 -1.53625295e-01 -3.94867420e-01
  -8.47169086e-02]
 [ 5.50882995e-01  7.34235197e-02 -1.46778420e-01 -4.07202154e-01
   2.61281133e-01]
 [ 4.20414001e-01  3.71991128e-01 -4.21399593e-01 -1.79782942e-01
   2.00576216e-01]
 [ 4.69471514e-01  4.00389254e-01  1.85321465e-01 -4.10482943e-01
   2.27558136e-01]
 [ 1.17976107e-01  5.07066667e-01  2.18824483e-02  1.46422520e-01
   4.47053127e-02]
 [-1.23829031e+00 -8.02869797e-02  9.60083231e-02  1.25697345e-01
   2.77450919e+00]
 [-1.32740736e+00 -2.05896556e-01 -1.71156913e-01  5.75131811e-02
   2.71342373e+00]]
Peso 2:
[ 9.3099111e-01  7.4099198e-02 -2.1180426e-01  6.9962477e-04
 -3.6060250e-01]
Camada: saida
Peso 1:
[[-1.696019    1.3675374 ]
 [-0.92074    -0.2266331 ]
 [ 0.59249145 -0.26976338]
 [-0.06182831  0.31693333]
 [ 2.6801538  -2.604843  ]]
Peso 2:
[-0.45515996  0.45516488]



pesos modelo: 
Test loss: 0.0002, Test accuracy: 1.0000
Camada: meio
Peso 1:
[[ 3.2201853e-01 -3.8632700e-01 -9.1858447e-02  2.3955551e-01
  -2.8647989e-01]
 [ 6.7538738e-02  8.3841160e-02 -3.3962935e-02  5.6562573e-01
  -3.6640537e-01]
 [-2.5931058e-02  2.4805330e-02  1.5017238e-01  1.5329418e-01
  -1.0501885e-01]
 [ 8.4416442e-02  6.2472783e-02  1.0176142e-01  5.3527158e-01
   1.6569053e-01]
 [-3.1440504e-02  3.3022147e-02 -8.3128825e-02  2.7138549e-01
   3.7608281e-01]
 [ 2.1252384e-02  6.3842428e-03 -7.3009752e-02  1.7103449e-01
  -5.6051272e-03]
 [ 4.0203482e-03 -6.0115368e-03  3.6739019e-01  6.7631006e-02
   1.9677320e-01]
 [ 6.8571597e-02  8.3787754e-02 -2.8505999e-01  6.5403908e-01
   8.0734745e-02]
 [-4.2523474e-02 -2.8104978e-02 -9.2943579e-02 -8.3755508e-02
  -1.3291958e-02]
 [ 1.4431769e-01  6.4503416e-02 -4.2110527e-01  6.6849166e-01
   4.0777359e-02]
 [ 1.7106781e-02  2.5349004e-02  1.3076834e-01  1.9822399e-01
  -3.9546156e-01]
 [ 2.3679687e-02  3.9661680e-03  1.0894066e-01  1.2480731e-01
  -2.5245664e-01]
 [ 7.9598220e-04 -3.1913947e-02 -8.4267966e-02 -3.2702670e-02
   2.7834382e-02]
 [-5.1004753e-02 -1.4675533e-03 -6.6734217e-02  7.5333886e-02
   3.2524848e-01]
 [ 1.4080404e-01  6.6388018e-02  3.7866881e-01  5.7965624e-01
  -3.2860610e-01]
 [ 9.9484302e-02  5.0879519e-02 -4.0077344e-01  5.2235806e-01
  -1.9944686e-01]
 [-3.5976231e-02  8.6750211e-03  2.0933707e-01  2.9452411e-02
  -2.3503472e-01]
 [-4.2020924e-02 -3.2461670e-04 -3.9166787e-01  6.8816915e-02
  -3.5259521e-01]
 [ 1.1511758e-02  7.0700930e-03  1.9545789e-01  1.4629363e-01
   2.4163972e-01]
 [-3.0184323e-03  5.1948698e-03 -3.1980234e-01  1.5276107e-01
   1.2590199e-02]
 [ 1.5991551e+00  2.6418357e+00  7.8993887e-02 -3.7179232e-01
   4.0431073e-01]
 [ 1.3727171e+00  2.7714734e+00  1.6202247e-02 -2.2505225e-01
   8.2303369e-01]]
Peso 2:
[-0.09200694 -0.1290777   0.04912138  0.74137276 -0.07231893]
Camada: saida
Peso 1:
[[ 0.7067743  -1.7455919 ]
 [ 2.9750035  -2.1430528 ]
 [-0.5949011   0.00518108]
 [-0.43688196  1.3244101 ]
 [-0.26541665 -0.7469644 ]]
Peso 2:
[-1.8371644  1.8371645]



pesos modelo: 
Test loss: 0.0001, Test accuracy: 1.0000
Camada: meio
Peso 1:
[[-4.54116434e-01 -2.30513141e-01 -3.17509860e-01 -1.11107737e-01
   1.18577749e-01]
 [ 3.14462334e-01 -3.62573147e-01  5.85573256e-01  7.20647797e-02
  -3.95014048e-01]
 [-5.00097573e-01 -4.12218511e-01 -8.18025917e-02 -2.95922421e-02
  -1.03402458e-01]
 [-3.93143371e-02 -4.45721775e-01  5.81345499e-01  7.08274916e-02
  -3.40723395e-01]
 [-3.44906300e-02 -3.85192364e-01  5.09993553e-01  5.89359254e-02
  -3.90383989e-01]
 [-2.20318660e-01  9.58428904e-02 -1.54661359e-02 -1.64559390e-02
   3.99747223e-01]
 [-3.58217746e-01  3.16848278e-01  3.32470328e-01  3.03516109e-02
  -3.95351976e-01]
 [-4.57816750e-01 -3.15832675e-01  3.11541378e-01  3.10549084e-02
  -8.12536292e-03]
 [-3.16299886e-01 -3.90181184e-01  8.20486844e-02 -1.09709590e-03
   2.87769914e-01]
 [-3.08268160e-01 -1.83917090e-01 -6.19792044e-02 -2.37502623e-02
   5.10944575e-02]
 [-4.72118527e-01 -4.62773927e-02  6.66129589e-02 -7.74542801e-03
   1.73263058e-01]
 [ 1.79360390e-01 -4.88571107e-01  4.35125053e-01  5.06949537e-02
   1.38249263e-01]
 [-2.86351442e-01 -9.63813961e-02  1.58994928e-01  4.92270477e-03
  -4.66048598e-01]
 [-1.17406264e-01 -3.99158061e-01  4.90234971e-01  5.85723296e-02
   3.79550338e-01]
 [-2.39225388e-01 -1.59081444e-02  1.99568167e-01  1.25214020e-02
  -1.16714023e-01]
 [ 3.18109721e-01 -6.00185059e-02 -3.85614410e-02 -2.28189789e-02
   1.35051226e-02]
 [ 3.53988856e-01 -4.96412486e-01  1.41594946e-01  8.20345152e-03
   1.18734285e-01]
 [ 3.51081699e-01  3.18220891e-02  5.85753620e-01  7.06659406e-02
   2.04047691e-02]
 [-4.21428949e-01  2.43047103e-01  1.67214051e-01  1.10053737e-02
  -1.00505225e-01]
 [-1.28932685e-01  2.99284697e-01  5.26927650e-01  6.04778863e-02
  -4.41372663e-01]
 [-3.67349356e-01  1.73701271e-01  7.56800249e-02  3.12964797e+00
   2.31111765e-01]
 [-3.19530755e-01  2.45316148e-01 -5.64137280e-01  2.96176028e+00
   1.74880754e-02]]
Peso 2:
[-0.14743516 -0.2157254   0.65759116 -0.12927024 -0.00657783]
Camada: saida
Peso 1:
[[-0.3031354  -0.77912724]
 [-0.5066848   0.8403196 ]
 [-0.6007755   0.99842   ]
 [ 2.9610455  -2.8368707 ]
 [-0.40039316  0.05992316]]
Peso 2:
[-1.9124621  1.9124597]



pesos modelo: 
Test loss: 0.0006, Test accuracy: 1.0000
Camada: meio
Peso 1:
[[-3.29204977e-01  4.69558269e-01  7.17213452e-02 -1.49751455e-01
   7.11873472e-02]
 [ 3.51815820e-01  2.68808097e-01  3.31803523e-02  4.04945582e-01
   1.87210855e-03]
 [ 2.44334270e-03  6.32196441e-02  1.27095997e-01 -1.73425660e-01
   1.20822959e-01]
 [ 1.82126582e-01  1.68468893e-01 -2.17078626e-02  1.81837529e-01
  -1.99487768e-02]
 [ 2.57792801e-01  2.33078033e-01 -1.96211591e-01 -1.90402403e-01
   7.13491067e-02]
 [ 1.15780897e-01  1.44669294e-01 -3.69568840e-02 -2.94870973e-01
   1.71979398e-01]
 [ 1.60910204e-01  1.76152691e-01 -3.44919637e-02 -3.84499043e-01
   4.42186184e-02]
 [ 6.77656457e-02  1.05132796e-01 -1.63743675e-01 -2.79836565e-01
  -2.94264317e-01]
 [ 2.75996119e-01  2.39507332e-01 -2.21805125e-01 -3.94854873e-01
  -4.71462786e-01]
 [ 1.52055487e-01  1.55388594e-01 -2.50430614e-01 -1.85204327e-01
  -1.58016458e-01]
 [ 5.61809421e-01  4.02120650e-01  7.26836734e-03  4.07053500e-01
  -3.55139703e-01]
 [ 1.21307835e-01  1.39960751e-01 -4.57104474e-01 -2.09989235e-01
  -2.09131509e-01]
 [ 1.54237106e-01  1.47854328e-01  2.24692658e-01  2.14300692e-01
  -4.70056385e-02]
 [ 2.49086961e-01  2.20017508e-01 -4.24471289e-01  1.96156371e-02
  -3.98959577e-01]
 [ 1.63893104e-01  1.80095196e-01 -4.37425643e-01 -3.87558162e-01
  -5.80914766e-02]
 [-1.27814338e-01 -3.46342735e-02 -8.78020376e-02  3.86089176e-01
   3.05288851e-01]
 [ 2.86070049e-01  2.18226925e-01 -3.98929387e-01  4.47291136e-01
  -2.22223371e-01]
 [ 4.01123390e-02  1.05096877e-01  2.09315836e-01 -4.42425430e-01
   3.32214892e-01]
 [ 8.55674967e-02  1.14780650e-01  2.37857411e-03  7.97019303e-02
   3.47187459e-01]
 [ 3.83485258e-01  3.10609698e-01 -4.30879325e-01 -2.78451562e-01
  -4.37355518e-01]
 [ 1.64919114e+00 -2.51311946e+00  9.52004492e-02 -1.13784797e-01
  -2.98382074e-01]
 [ 1.69200420e+00 -2.47174621e+00  2.74537623e-01 -4.58860755e-01
   1.21313974e-01]]
Peso 2:
[-0.05773292  1.2527348  -0.0404391   0.07911983 -0.12356497]
Camada: saida
Peso 1:
[[ 1.473097   -1.88224   ]
 [-2.34071     2.851881  ]
 [-0.17554373  0.40887806]
 [-0.80855536  0.08974831]
 [ 0.29658845 -0.3260607 ]]
Peso 2:
[ 0.41770324 -0.41770035]



pesos modelo: 
Test loss: 0.0002, Test accuracy: 1.0000
Camada: meio
Peso 1:
[[-0.2696309  -0.34688038 -0.3109733   0.13754866  0.16825548]
 [ 0.45845962 -0.0544011   0.44570857  0.12519644 -0.41327667]
 [ 0.36263895  0.24023658  0.48405832  0.41471645 -0.0427765 ]
 [-0.06179236  0.2180307  -0.41744477 -0.02082021 -0.20834935]
 [-0.25850627 -0.03165184  0.09673943  0.23890734 -0.32550886]
 [ 0.13146335  0.05479683  0.17175105  0.16548127  0.20845696]
 [ 0.15940979  0.2951487   0.4524315   0.53250664 -0.29672453]
 [-0.18600258 -0.00868729  0.19096348  0.2808132   0.13455248]
 [-0.02009386 -0.16195104  0.3870029   0.22380765 -0.4562508 ]
 [ 0.03876303  0.1914811  -0.13550045  0.10331722 -0.42408687]
 [-0.2880392   0.17644349 -0.11081051  0.25817937  0.3782273 ]
 [ 0.20333023  0.01037416  0.41044596  0.2705739  -0.43130237]
 [ 0.36465088  0.12714118 -0.11401756 -0.08412985  0.35386106]
 [ 0.42688233  0.1775275   0.23379157  0.1776247  -0.43269932]
 [ 0.15979645  0.03211212  0.06711698  0.0710528   0.4169608 ]
 [ 0.38004622  0.38082352  0.13861185  0.28143647 -0.21710588]
 [ 0.05895187 -0.06951528  0.22740698  0.13915576 -0.03598616]
 [ 0.08049024  0.13601668  0.05404912  0.17295086  0.3428498 ]
 [-0.03945847 -0.05235134  0.22960086  0.20560823  0.327361  ]
 [ 0.23808722  0.33651546  0.00431297  0.22234866 -0.22455968]
 [-0.69320756  1.5743835   1.5500911  -1.9691132   0.03368013]
 [-0.7882151   1.6191556   1.293943   -2.0658998  -0.28168356]]
Peso 2:
[ 0.37279427 -0.21610157 -0.22383407  0.9189075  -0.00212953]
Camada: saida
Peso 1:
[[-0.70646906  1.1980144 ]
 [ 1.6625583  -1.4045191 ]
 [ 1.6311883  -1.1768515 ]
 [-1.5313823   2.5603602 ]
 [ 0.55179715  0.77727187]]
Peso 2:
[-0.0954966   0.09550136]



pesos modelo: 
Test loss: 0.0003, Test accuracy: 1.0000
Camada: meio
Peso 1:
[[-4.59492594e-01 -2.36207128e-01  2.90221840e-01 -1.35912567e-01
   5.10185063e-02]
 [ 2.45066226e-01 -2.50822574e-01 -8.45154449e-02 -7.53198266e-02
   9.17976722e-02]
 [ 3.68909210e-01 -2.57597715e-01 -4.49432790e-01 -2.92880535e-01
   1.97221398e-01]
 [ 4.11899388e-02 -1.47398233e-01 -5.00438325e-02  2.45577116e-02
  -6.75975084e-02]
 [ 2.52544522e-01 -5.44859059e-02  9.26965382e-03 -1.37420282e-01
   1.50426909e-01]
 [-2.58451197e-02  4.49226528e-01 -1.58199906e-01 -3.76757413e-01
   3.54758799e-02]
 [ 3.99071842e-01  4.27961558e-01 -4.14120257e-01  3.99409175e-01
   4.10536766e-01]
 [ 1.60138354e-01  1.80091873e-01  4.14599895e-01 -1.69615164e-01
   1.39462709e-01]
 [ 3.60813975e-01  2.09557459e-01  3.80376488e-01 -1.35865271e-01
   3.34875822e-01]
 [ 3.81196767e-01  1.29117608e-01  4.21179414e-01 -1.07838385e-01
   3.32685113e-01]
 [ 3.41190040e-01  1.62512958e-01 -2.21793026e-01 -1.67114779e-01
   2.87540287e-01]
 [ 2.80290276e-01  6.45039380e-02  3.54708463e-01 -2.31427968e-01
   2.17308417e-01]
 [-7.34110456e-03  7.27467537e-02 -3.41154575e-01 -8.20310637e-02
  -5.47649413e-02]
 [ 3.91625822e-01 -2.85775736e-02 -4.41372335e-01 -2.07609624e-01
   2.73782134e-01]
 [ 1.98344234e-02 -1.41275662e-03  3.65093708e-01 -1.65531918e-01
  -4.56474982e-02]
 [ 6.91021159e-02  4.13976580e-01 -4.09611277e-02  2.19280884e-01
   1.11141808e-01]
 [ 9.22764689e-02  4.06028330e-01  1.01114787e-01 -4.21157271e-01
   1.41483068e-01]
 [ 2.26183787e-01  9.92980823e-02  3.18414122e-01 -2.96683520e-01
   1.71615541e-01]
 [ 1.83205336e-01 -1.14356078e-01  3.76707673e-01 -5.95310666e-02
   7.91210905e-02]
 [-2.35349555e-02  1.44048661e-01  2.45811105e-01 -4.14018333e-01
  -4.27483097e-02]
 [-1.76721752e+00 -7.18666196e-01  2.59109825e-01  8.61168653e-02
   2.35596514e+00]
 [-1.96711767e+00 -6.47179663e-01 -4.47919630e-02  1.49886552e-02
   2.18333411e+00]]
Peso 2:
[ 8.2350910e-01  3.2680249e-01 -1.5839109e-02 -7.1953883e-04
 -4.2976397e-01]
Camada: saida
Peso 1:
[[-1.9478589   2.1271243 ]
 [-0.41644573  0.8633126 ]
 [-0.3924196  -0.29572976]
 [-0.08895493 -0.6681888 ]
 [ 2.0764627  -2.3556607 ]]
Peso 2:
[-0.14682038  0.1468222 ]



pesos modelo: 
Test loss: 0.0001, Test accuracy: 1.0000
Camada: meio
Peso 1:
[[ 0.4268327   0.20313701  0.3997731   0.03259763  0.011314  ]
 [-0.31358764  0.13777442  0.33104977  0.19799097 -0.07468999]
 [-0.04272636 -0.0785472   0.22547188  0.07630934  0.29319403]
 [ 0.34765673  0.09553337 -0.20900732  0.13240933 -0.1514661 ]
 [-0.2552991  -0.07872563 -0.40384048  0.05067689  0.1426754 ]
 [ 0.43182164  0.3580431   0.02942184  0.4506318  -0.07312335]
 [ 0.05959951  0.28245282  0.25296086  0.5240897   0.40044782]
 [-0.38344985  0.10152069 -0.09873601  0.22770011  0.09133461]
 [-0.18216647  0.14503796 -0.22939847  0.3334179   0.271872  ]
 [-0.46093625  0.15777092 -0.48782924  0.3521014   0.2612727 ]
 [-0.42489332  0.05068704  0.0828039   0.09970618 -0.11645124]
 [ 0.2168317  -0.01166941 -0.274974    0.1678151   0.29863483]
 [-0.35726035  0.21871652 -0.44386286  0.27795044 -0.17028566]
 [ 0.29790783 -0.1564441  -0.03676213 -0.02982139  0.19670708]
 [ 0.22810645  0.12529752 -0.21095584  0.2667186   0.11293796]
 [-0.17421298  0.16778967 -0.36838132  0.345395    0.20388095]
 [-0.02811184  0.09365427  0.27804077  0.10503626 -0.17950599]
 [-0.2918033   0.10496785 -0.39282387  0.19265038 -0.05876383]
 [-0.1099164   0.17613657  0.07236129  0.2918852   0.05366248]
 [ 0.17414251  0.2565925   0.2852451   0.31838188 -0.12007333]
 [-0.01317212  2.4796517   0.00521809 -1.784592    0.30639523]
 [-0.01403854  2.1537118   0.18352832 -1.8837192   1.0665138 ]]
Peso 2:
[ 0.0105545  -0.39362192 -0.15488148  0.88049406 -0.09866263]
Camada: saida
Peso 1:
[[ 0.14161578  0.45718184]
 [ 2.2294338  -2.2332225 ]
 [-0.7438506   0.6491053 ]
 [-2.0585458   1.8893801 ]
 [ 0.53364253 -0.8583927 ]]
Peso 2:
[-0.24639836  0.24640132]



pesos modelo: 
Test loss: 0.0001, Test accuracy: 1.0000
Camada: meio
Peso 1:
[[ 0.45077255 -0.2886722   0.05466077  0.28888664  0.39817914]
 [-0.4132931  -0.3869479  -0.04192733 -0.07586019 -0.28683355]
 [-0.13879642 -0.00844885  0.57687634  0.25549117 -0.1967648 ]
 [ 0.31249633 -0.43916044  0.1654873   0.0517282   0.4122412 ]
 [-0.23428045 -0.42537487  0.44576362  0.18024018  0.38125062]
 [ 0.05144929 -0.05789444  0.26122075  0.09177628 -0.36771062]
 [ 0.04057794 -0.4043367   0.17312425  0.04627638  0.0499763 ]
 [-0.30101255 -0.4447738   0.14742273  0.02513162 -0.40722612]
 [-0.20523438  0.32660195  0.2379707   0.07235544 -0.38679302]
 [-0.2525793  -0.30500144  0.25342894  0.08481461 -0.3495088 ]
 [-0.34624773 -0.12157965  0.24988773  0.07509913 -0.4611947 ]
 [-0.37681314 -0.47456285  0.30710483  0.10661296 -0.04375366]
 [ 0.29539862 -0.32034028  0.03659453 -0.01361506 -0.17525157]
 [-0.45660278 -0.13725658  0.50049895  0.19812071 -0.40742463]
 [ 0.44759     0.3507721   0.31623515  0.13126363 -0.42127734]
 [ 0.3880287  -0.43227476  0.23853604  0.09508887 -0.07243416]
 [ 0.36805925  0.2589557   0.27613598  0.11402684 -0.31581065]
 [-0.15691355  0.19282797  0.04870012 -0.03341094  0.02112469]
 [-0.05604194  0.38796696  0.26696947  0.08650436  0.36958098]
 [ 0.3485181   0.12132485  0.09869147  0.01707744 -0.16598205]
 [-0.0497946   0.12743828 -1.3884984   2.6276379   0.07426812]
 [-0.19067469 -0.19971436 -1.1458337   2.756594    0.39339444]]
Peso 2:
[ 0.07202934 -0.12676285  0.94087136 -0.36480233  0.00812089]
Camada: saida
Peso 1:
[[-0.528272    0.10539591]
 [ 0.720207   -0.25690812]
 [-1.1156685   1.9443886 ]
 [ 2.7602184  -2.6523457 ]
 [-0.23369463 -0.8459667 ]]
Peso 2:
[-0.4473104   0.44731313]



pesos modelo: 
Test loss: 0.0001, Test accuracy: 1.0000
Camada: meio
Peso 1:
[[ 0.07585356 -0.38126355 -0.34457713 -0.26271603  0.22416165]
 [-0.17148124  0.16673005  0.28163007  0.34885132 -0.37021935]
 [ 0.31296417 -0.08122599 -0.01946581 -0.01086151 -0.28392947]
 [ 0.05718027  0.44099212  0.45971555 -0.28062654 -0.30406788]
 [-0.21629097 -0.00612545  0.12500344  0.41975167 -0.43039203]
 [-0.463312   -0.11478609  0.00584878  0.33428213  0.1940381 ]
 [ 0.21778485  0.4464405   0.5311917   0.13575147 -0.47748053]
 [-0.04294089  0.11042249  0.20203815  0.19104618 -0.45555797]
 [-0.20774755  0.27675042  0.41741827  0.48748353  0.32564798]
 [-0.25016788  0.13917977  0.16865076 -0.20822692  0.17392136]
 [-0.33984485  0.0646831   0.16844563  0.20880127  0.31794125]
 [-0.09650228  0.1785031   0.18235995 -0.38105825 -0.27151766]
 [ 0.16071625  0.06964538  0.11481702 -0.133435    0.32212657]
 [-0.23153038  0.34752768  0.36426768 -0.3248561  -0.384317  ]
 [-0.03371149 -0.11252403 -0.01286216  0.18093275 -0.26397067]
 [-0.29526687  0.13592434  0.15782356 -0.29008976  0.23685461]
 [-0.15848224  0.19029681  0.284046    0.22216558  0.10952119]
 [-0.2843024   0.10836302  0.20101358  0.16754863 -0.4650022 ]
 [-0.28648677  0.08936814  0.21965416  0.42821681 -0.38270757]
 [ 0.23455323 -0.12293579 -0.04410698  0.06504431 -0.04927488]
 [-0.46506158  2.167066   -2.0226758   0.45487267  0.38012284]
 [-0.00860042  2.210172   -1.9812187   0.44423774 -0.44081438]]
Peso 2:
[-0.01985759 -0.27440056  1.0864921  -0.02827944 -0.07170889]
Camada: saida
Peso 1:
[[ 0.17282    -0.15695176]
 [ 1.993799   -2.3278506 ]
 [-2.3722792   1.9793837 ]
 [ 0.70072925 -0.04431904]
 [ 0.12210608 -0.7631575 ]]
Peso 2:
[-0.10065325  0.10065676]



pesos modelo: 
Test loss: 0.0001, Test accuracy: 1.0000
Camada: meio
Peso 1:
[[-0.13862559  0.16331467 -0.22637747  0.03049973 -0.40339512]
 [-0.21353063  0.2067565   0.13875139  0.16997772  0.3060472 ]
 [ 0.14506081  0.11494052  0.07507428 -0.07364005 -0.5193837 ]
 [-0.08154517  0.09495574  0.14954935  0.11721063  0.32166862]
 [-0.19973214 -0.4542261   0.18795556  0.20635329 -0.3284902 ]
 [-0.18982361 -0.30530277  0.09239627  0.11175829  0.06622683]
 [ 0.19637284  0.4405693   0.23017703  0.05862105  0.07902584]
 [ 0.20116118 -0.17961518  0.11617044 -0.05666384 -0.10934575]
 [ 0.59614354  0.05925537  0.4584007   0.09157895 -0.19373262]
 [ 0.4857767  -0.4211083   0.33981207  0.03309369  0.30840608]
 [-0.12093773 -0.12514082  0.21575996  0.19702329 -0.19167277]
 [-0.04894238 -0.41200355  0.24439834  0.19247293 -0.00284436]
 [-0.06536268  0.03236635 -0.12336602 -0.16745372 -0.3371852 ]
 [ 0.02516038  0.00410141  0.14835489  0.05195576 -0.49828863]
 [ 0.5554889  -0.31423408  0.612655    0.25433508 -0.22869349]
 [ 0.5724007   0.3001474   0.44250932  0.08473723  0.26917875]
 [-0.15223627 -0.20898166  0.19175805  0.19778071 -0.34688285]
 [-0.19270645 -0.15651748  0.17155361  0.1833607  -0.24464561]
 [ 0.17160775  0.04856114  0.20122717  0.03833038 -0.44061416]
 [ 0.15937166 -0.3042435   0.27810445  0.12521382  0.23125884]
 [ 0.9208353  -0.39245    -2.030013    2.1053019   0.2899972 ]
 [ 1.1555176   0.31304866 -1.7449675   2.2614832  -0.05036744]]
Peso 2:
[ 0.07422616 -0.00234374  1.0381002  -0.34733382 -0.10624133]
Camada: saida
Peso 1:
[[ 0.6338895  -1.4001915 ]
 [ 0.10559309  0.01895882]
 [-1.918373    2.108569  ]
 [ 2.068872   -1.975031  ]
 [-0.0992244   0.3515214 ]]
Peso 2:
[-0.2601715   0.26017517]
