


pesos modelo: 
Test loss: 0.0001, Test accuracy: 1.0000
Camada: meio
Peso 1:
[[-0.15923926 -0.07388893  0.08176792  0.22088528  0.44330925  0.167799
   0.13827032]
 [ 0.04274577  0.04910704  0.05655179 -0.14502537 -0.13173929  0.02407085
  -0.07357287]
 [-0.27857417  0.09108679  0.13267379  0.02601887 -0.14929944  0.13315378
  -0.16692276]
 [-0.23251057  0.05938817  0.32938522  0.08756405  0.18914972  0.25347605
   0.07889836]
 [-0.20702668 -0.06539817  0.11191123  0.12218034  0.23554726  0.33697307
  -0.02378903]
 [ 0.04336309 -0.01039379  0.21373463  0.08849422  0.0458129  -0.10806175
   0.17318082]
 [-0.25276506  0.21666275  0.44594267 -0.08671436 -0.27689686 -0.27167735
   0.18829773]
 [-0.36437243  0.18788438  0.23031805  0.06710713  0.3651604  -0.2830964
  -0.08721729]
 [-0.2737109   0.20093058  0.5576413   0.23419383  0.42696974  0.08002082
   0.1186102 ]
 [-0.39042202  0.20725584  0.32102886 -0.22469752 -0.4226143   0.24640521
  -0.06489465]
 [ 0.30185416  0.0343764   0.03332132  0.22289751 -0.00764389 -0.29260093
  -0.13756369]
 [ 0.14858     0.06322724  0.2119968  -0.06896304 -0.44091853  0.18886922
   0.00301055]
 [ 0.3095182   0.0323327   0.29025275  0.28444344 -0.33309197 -0.14501916
   0.11277781]
 [-0.41571265 -0.02323356  0.29935813  0.28619853 -0.45272294  0.18974204
   0.08959235]
 [ 0.29109275  0.16878276  0.48733586  0.27978817  0.33903125  0.00597152
   0.07402885]
 [ 0.30499652  0.08215611  0.40631294 -0.14860046 -0.24658099  0.08657753
   0.2882224 ]
 [-0.22195193  0.01026367  0.1361456   0.22976461  0.38350764  0.16267928
  -0.10074241]
 [-0.00612874 -0.00833673  0.12645493 -0.10941934  0.07475156 -0.02548136
   0.11599747]
 [ 0.01448212  0.11979091  0.5745104  -0.13011199 -0.4879888   0.07374054
   0.41981673]
 [-0.4318989  -0.06184511  0.093983    0.11603802  0.12912628 -0.06844836
   0.08514431]
 [ 0.01246281  2.0615315  -1.0828978   0.87934625  0.18989013  1.0953715
   1.582414  ]
 [ 0.277829    2.3352613  -1.3688086   0.6133416   0.20564687  0.05674925
   1.3024896 ]]
Peso 2:
[-0.06624021 -0.29686475  1.0349983  -0.13292232 -0.05982639 -0.02658883
 -0.06191559]
Camada: saida
Peso 1:
[[-0.2917529  -0.12522583]
 [ 2.2329726  -2.0863738 ]
 [-1.2318534   1.9252136 ]
 [ 0.21456717 -1.0125171 ]
 [-0.39760247 -0.2216588 ]
 [ 0.7091908  -0.3507952 ]
 [ 1.1063069  -1.434728  ]]
Peso 2:
[-0.6347516   0.63475525]



pesos modelo: 
Test loss: 0.0001, Test accuracy: 1.0000
Camada: meio
Peso 1:
[[-8.46300423e-02 -1.18414700e-01  1.83460414e-02 -2.53130674e-01
   1.53261900e-01  3.11287105e-01  4.16767776e-01]
 [ 1.87830761e-01  1.17795013e-01  3.07281632e-02 -1.42375723e-01
   1.53154954e-01  1.22976683e-01 -1.43736586e-01]
 [ 1.68034539e-01  4.56416696e-01  8.99054855e-02 -1.73012152e-01
  -4.38129872e-01  2.76902735e-01  4.02856339e-03]
 [ 5.10240018e-01  2.22740397e-01  8.48776475e-02  1.31666297e-02
  -3.09316814e-01 -1.23296686e-01  1.83986142e-01]
 [ 4.00277257e-01 -2.02233177e-02  3.26228444e-04  1.19899377e-01
  -3.88647914e-01  9.87576693e-02 -6.41623512e-02]
 [-1.22869179e-01 -5.03942743e-03 -2.35923734e-02 -1.68522537e-01
  -1.47914305e-01  2.87002213e-02 -3.27517658e-01]
 [-5.54453731e-02  5.05667329e-01  6.52446896e-02  1.09472029e-01
   3.18058789e-01 -2.69249946e-01  2.23286033e-01]
 [ 8.26382935e-02  4.15571988e-01  6.04249276e-02  7.52221271e-02
  -1.51121169e-01  8.44502263e-03 -4.10699755e-01]
 [ 2.14844272e-01  2.81403691e-01  4.10802253e-02  2.29009405e-01
   1.89911976e-01 -2.12597504e-01 -2.10411847e-01]
 [-2.43306607e-01  3.62940103e-01  1.06236776e-02  1.11590348e-01
  -2.26504043e-01 -1.73588201e-01  2.65626281e-01]
 [ 2.56380409e-01  8.05378705e-02  6.71264715e-03  9.71968770e-02
  -3.46772075e-01  1.15571944e-02  3.00781041e-01]
 [-1.21355668e-01 -1.01890214e-01 -4.01543938e-02 -2.60271430e-01
   2.22467914e-01  1.83732346e-01 -1.84661239e-01]
 [ 5.62921464e-01 -1.99892893e-01  3.29618081e-02 -1.75989091e-01
  -3.86766940e-01 -5.80824018e-02 -5.92914112e-02]
 [ 5.44424117e-01  1.89908653e-01  4.52567898e-02  2.26077452e-01
   3.01724792e-01 -1.42394342e-02  2.26801615e-02]
 [-2.48339516e-03  3.57961029e-01  4.25713994e-02  9.65961143e-02
  -2.44388849e-01 -2.00909153e-01 -1.46985471e-01]
 [ 1.21655621e-01  5.71389258e-01  7.29388297e-02  3.39292914e-01
  -1.27736062e-01 -1.69594273e-01 -4.30836648e-01]
 [-2.02743769e-01  5.53082287e-01  8.17477703e-02 -1.59678444e-01
  -9.39261019e-02 -3.20726186e-02 -3.34817283e-02]
 [ 1.30811736e-01  4.91005570e-01  8.65916684e-02  6.20776750e-02
   3.20022345e-01 -1.52409911e-01 -2.71468401e-01]
 [-1.09419748e-01  3.18379581e-01  3.60162999e-03  7.33149275e-02
  -3.22006434e-01  1.74647748e-01  9.98255536e-02]
 [-2.35724431e-02  5.53419054e-01  7.33263344e-02 -8.04430097e-02
  -4.91447374e-02  2.72437572e-01 -8.89037177e-02]
 [-4.81817871e-01 -2.51160741e-01  2.82179093e+00  1.28857589e+00
  -2.77108490e-01  6.04564995e-02  5.54847836e-01]
 [-2.42911458e-01 -2.28940621e-01  2.97063661e+00  1.85330570e-01
  -3.63104045e-01  1.17280149e+00 -8.16964805e-02]]
Peso 2:
[ 0.32385394  0.6099269  -0.23747025 -0.07110846 -0.18554808 -0.04907751
 -0.13776198]
Camada: saida
Peso 1:
[[ 0.03657101  1.0821036 ]
 [-1.1938504   0.42861748]
 [ 2.4775102  -3.10445   ]
 [ 0.6617911  -0.66806465]
 [-0.08606704 -0.45230743]
 [ 0.73829806 -0.27088445]
 [ 0.25445035 -0.40589863]]
Peso 2:
[-1.5159991  1.5159966]



pesos modelo: 
Test loss: 0.0001, Test accuracy: 1.0000
Camada: meio
Peso 1:
[[ 0.31841952  0.01950428 -0.00305569 -0.13743919 -0.02741894 -0.06935444
  -0.22219968]
 [ 0.22231239  0.12708138  0.34137836  0.31163746  0.18583068  0.2896642
  -0.1683756 ]
 [ 0.25588453 -0.25103766  0.3648048   0.03817718  0.6131652  -0.32276583
   0.1800124 ]
 [-0.25892684  0.01056448 -0.12437369  0.01964689  0.16521764  0.15590666
   0.22105126]
 [ 0.13987023  0.0998525   0.36205703 -0.1378042   0.37769136  0.00572221
   0.23674732]
 [ 0.19215553  0.44890028  0.37972677 -0.1493794   0.27768508 -0.21161273
   0.2024639 ]
 [-0.04630357  0.13991342  0.0948033   0.28616405  0.34496373  0.21415104
   0.15681529]
 [ 0.0622512  -0.0265658   0.32553333 -0.30198613  0.04854425  0.1000457
   0.01238186]
 [ 0.10426595  0.48024857  0.05505778  0.34169403  0.40230703 -0.01287958
   0.23678297]
 [ 0.27689433 -0.07964629 -0.19775097  0.3545439   0.36159545  0.35872117
   0.12255436]
 [ 0.22074662  0.21055728  0.04659795  0.42381462  0.41017032  0.20335016
   0.1134159 ]
 [-0.269583    0.4518765  -0.19325562  0.47656178  0.4401194   0.23073801
   0.41039988]
 [-0.07623348  0.46990025 -0.10746381  0.21000883 -0.01994782 -0.4231924
  -0.08362123]
 [-0.09073231 -0.03285816  0.03603634  0.27049547  0.1064097   0.11054111
  -0.1240686 ]
 [-0.12731075 -0.34372208  0.3496278  -0.1058422   0.3096437   0.28570163
   0.12399932]
 [ 0.01219947  0.04258556 -0.09382275  0.09976675  0.01968849 -0.02546033
  -0.08028998]
 [ 0.18006429 -0.1319903  -0.03999107  0.02622725  0.19217612  0.44736293
   0.10991323]
 [ 0.17776737  0.42006645 -0.01945261 -0.03051828 -0.0816645   0.285666
  -0.00582264]
 [-0.13221692  0.17296103  0.3459414   0.06310022  0.19526805 -0.18372908
   0.00462562]
 [ 0.15997046 -0.11588152 -0.13527876 -0.08068107  0.2744705   0.03050736
   0.21630874]
 [ 0.88145906 -0.42509586  0.9625369   0.9618575  -1.3878573  -0.182607
   2.2019248 ]
 [ 0.25545588 -0.6504063   0.8473175   1.4091359  -1.9711369  -0.4655402
   1.4436897 ]]
Peso 2:
[-0.0107296   0.29586244 -0.12322515 -0.17816646  0.95147103  0.1304625
 -0.25663173]
Camada: saida
Peso 1:
[[ 0.03451077 -0.9910237 ]
 [-0.28164214  0.96471024]
 [ 0.9320503  -0.5565134 ]
 [ 1.2514606  -1.0055922 ]
 [-1.6004658   2.1682274 ]
 [-0.45292124  0.24064513]
 [ 1.8849689  -1.8474569 ]]
Peso 2:
[-0.22108276  0.22108635]



pesos modelo: 
Test loss: 0.0003, Test accuracy: 1.0000
Camada: meio
Peso 1:
[[-1.87770098e-01  2.60346949e-01 -2.48342752e-04 -2.93127596e-01
  -3.60156268e-01  2.91486025e-01 -2.58116931e-01]
 [ 4.17606235e-01  2.90329933e-01 -2.85466552e-01  3.32369022e-02
  -1.91448435e-01  6.82256296e-02 -4.03108537e-01]
 [-8.98044705e-02  1.35512307e-01 -3.20883542e-01  1.55336604e-01
  -4.13400680e-01  4.43044305e-01  1.97178006e-01]
 [-1.03907636e-03  8.20632800e-02  2.10241631e-01  1.79929674e-01
  -3.77264410e-01  4.89824384e-01  9.39014032e-02]
 [-3.67569774e-02  1.40351817e-01  3.69468555e-02  8.96461904e-02
   1.15284622e-01  2.82026082e-01 -4.07442935e-02]
 [ 2.06471365e-02  3.39844257e-01 -5.21039218e-03  6.83899075e-02
  -7.83283189e-02  2.02585146e-01 -3.53089809e-01]
 [-1.87391825e-02  3.36114317e-01  3.14392075e-02 -1.44653125e-02
  -2.51010746e-01  4.63939868e-02  3.51906747e-01]
 [ 2.57203698e-01  1.20743729e-01 -1.89610749e-01  7.52173215e-02
  -6.63265660e-02  2.07382113e-01 -6.35571554e-02]
 [-1.01555869e-01 -1.20640598e-01  4.17951971e-01  1.28808841e-01
  -1.31852582e-01  4.06390756e-01 -1.90680474e-01]
 [ 4.55981761e-01  1.87657401e-01 -4.38460231e-01 -3.77557874e-02
   7.83077106e-02 -8.55147839e-02 -1.36229500e-01]
 [-1.42462820e-01  1.81581318e-01  2.85754561e-01  3.98855954e-02
   3.49629819e-01  1.80842340e-01 -3.61248046e-01]
 [ 2.97215819e-01 -4.85459000e-01 -1.28947258e-01  8.74640867e-02
  -2.82524288e-01  3.14004809e-01 -2.25325584e-01]
 [ 1.76798061e-01 -9.14611220e-02 -3.94972384e-01 -1.77058764e-02
   2.50909358e-01  3.89335901e-02 -2.06935391e-01]
 [-1.84678271e-01 -5.00825286e-01 -1.57379434e-01  8.35748203e-03
   4.94515091e-01  2.18595266e-01 -2.57719368e-01]
 [-1.61993548e-01 -1.43002659e-01 -3.69228423e-01  5.50579578e-02
  -1.06462285e-01  2.81826943e-01  2.85669833e-01]
 [ 1.72861174e-01 -4.48108494e-01  3.41506809e-01  1.47271156e-01
  -1.45745531e-01  4.53861386e-01 -4.09355611e-01]
 [-3.01485389e-01  1.80077538e-01 -2.07713664e-01  1.46432161e-01
  -8.89693424e-02  4.38653141e-01 -4.95456830e-02]
 [ 1.96194232e-01  9.86486524e-02  1.19942360e-01  1.26542091e-01
  -3.70678455e-01  3.51736933e-01  1.06440179e-01]
 [ 9.06895101e-02  3.33086729e-01  5.32886907e-02  1.33482054e-01
  -4.36296880e-01  3.44384164e-01  1.40285581e-01]
 [-3.94923776e-01  2.41312794e-02  1.65752739e-01  1.20751739e-01
  -1.09309688e-01  4.34125692e-01  5.82936369e-02]
 [-2.57996619e-01 -5.25005795e-02 -2.09013492e-01  2.73278642e+00
   7.07426667e-02 -1.33052397e+00 -4.02345270e-01]
 [-4.06799167e-01 -2.73808420e-01  3.79905671e-01  2.93722796e+00
  -1.54433921e-01 -8.69896710e-01 -2.21283093e-01]]
Peso 2:
[ 0.21472566 -0.09312379 -0.02969654 -0.4106778   0.12889723  0.76848847
 -0.01884741]
Camada: saida
Peso 1:
[[-0.8815927  -0.23059247]
 [-0.02228945  0.56832486]
 [-0.693585   -0.66850966]
 [ 2.2911913  -3.0995657 ]
 [-0.7064418   0.53615886]
 [-1.6857663   1.0958012 ]
 [-0.26447713 -0.2598369 ]]
Peso 2:
[-0.37633163  0.37633577]



pesos modelo: 
Test loss: 0.0001, Test accuracy: 1.0000
Camada: meio
Peso 1:
[[-0.4322377  -0.43410245 -0.17733437  0.02776736 -0.10044125 -0.04014441
   0.13007432]
 [ 0.06275764  0.05082989  0.1744413   0.22717571 -0.22958228  0.08454004
  -0.12552227]
 [ 0.11613165  0.07758486  0.19176516  0.3365956  -0.33292812 -0.03891138
   0.1813815 ]
 [-0.10064862  0.03030527 -0.06799701 -0.06950689  0.4577496   0.06676339
  -0.04159626]
 [-0.14673702  0.01656224 -0.30605882  0.3142097   0.2892449  -0.14201935
  -0.27840313]
 [ 0.00712726  0.0749575  -0.07281837  0.11556346 -0.05223965 -0.34569857
  -0.14819203]
 [-0.04306993  0.08277249 -0.07575342 -0.395751    0.37719774 -0.40491804
  -0.22626765]
 [ 0.25350168  0.33057395 -0.24520391  0.35318324 -0.1591363  -0.01721013
  -0.22521615]
 [ 0.42567635  0.4095065   0.15947568 -0.21961574 -0.22210695  0.3720374
  -0.32832906]
 [ 0.2282083   0.11966006  0.52171844  0.21241038 -0.06887168  0.18696849
  -0.39750382]
 [ 0.3106496   0.20105754  0.39849502  0.31668591 -0.38228428 -0.09136549
   0.37985182]
 [-0.06808218  0.10677021 -0.3553177  -0.05855924  0.08464466  0.04822588
  -0.23151313]
 [ 0.14557725  0.31063318 -0.2516832  -0.38980776  0.3847988   0.11846557
  -0.17267847]
 [ 0.05313109 -0.00752499  0.5104446   0.06848519  0.24374948 -0.2877033
   0.22380435]
 [ 0.07925215  0.26021448 -0.29107574 -0.4634889   0.26389045 -0.04816822
  -0.16485381]
 [ 0.18452005  0.27925014 -0.14669253  0.15924458  0.29574493 -0.30197778
   0.0920051 ]
 [ 0.18323617  0.16282442  0.3426908  -0.27070963  0.1875525   0.13064453
  -0.32666597]
 [ 0.4373042   0.44450134  0.00791374  0.16978486 -0.26460606  0.2627632
  -0.39177766]
 [ 0.28646043  0.2490044   0.12974966  0.40052038 -0.361899    0.04663874
  -0.44169518]
 [ 0.34713036  0.33088207  0.15317006 -0.22890131 -0.38830608  0.26080146
   0.26350462]
 [ 2.0942738  -2.1263015  -0.41057923 -0.10570604  0.10803895  0.4160972
   0.13417037]
 [ 2.0565267  -2.1060226  -0.5192501  -0.13088849  0.6129027  -0.36174503
  -0.23064749]]
Peso 2:
[-0.24503638  1.0188825   0.36579525  0.0269351   0.03531316 -0.03286596
 -0.01438828]
Camada: saida
Peso 1:
[[ 1.6965518  -2.3514836 ]
 [-2.166783    2.3059232 ]
 [-0.6497406   0.8482738 ]
 [ 0.43982038  0.7503497 ]
 [-0.23738772 -0.73771864]
 [ 0.5809388   0.36114135]
 [ 0.6535687   0.38018662]]
Peso 2:
[ 0.07354826 -0.07354564]



pesos modelo: 
Test loss: 0.0002, Test accuracy: 1.0000
Camada: meio
Peso 1:
[[-0.26505375 -0.38956064  0.03736666 -0.27786532  0.3588996   0.42837864
   0.07165295]
 [ 0.2790347   0.35415953  0.3429293   0.12995392 -0.11642725  0.07852336
  -0.29887807]
 [ 0.24774869  0.43792373 -0.45881724  0.2577779   0.16931283  0.3467167
   0.12278938]
 [-0.32959083 -0.24312508  0.37527052  0.07800294  0.06551353  0.1521892
  -0.04466232]
 [ 0.28154314 -0.3128596  -0.26421475  0.00575231  0.29538605  0.2512124
  -0.25818834]
 [ 0.03305774  0.33689857 -0.1350683   0.11624531  0.14861512  0.22646356
  -0.19197494]
 [ 0.13496901  0.26902062 -0.275243    0.16625528  0.15701132  0.27499607
   0.05751531]
 [-0.3526268  -0.02396894 -0.3093055   0.10041858  0.14023098  0.21962103
  -0.26900458]
 [ 0.10642599 -0.15402895  0.14901571  0.04318438  0.27805316  0.25358132
   0.3137521 ]
 [-0.3086737   0.12160796 -0.0610484   0.07309525 -0.05508363  0.07777798
   0.12477319]
 [ 0.14406362 -0.2370647  -0.49936128  0.0094088  -0.06573719  0.04891427
  -0.40317294]
 [-0.15279925 -0.3673757   0.16939405  0.06465869  0.23961796  0.25357753
   0.4417638 ]
 [-0.08584225 -0.02484607  0.15317439 -0.03090347  0.06581058  0.07697038
   0.44090295]
 [-0.20998424 -0.26484743 -0.4492109   0.37591976  0.05745961  0.3850171
  -0.36480638]
 [-0.17768688 -0.17023034  0.36115217  0.37970394 -0.09690616  0.2890533
  -0.09308445]
 [ 0.31208432  0.08010476 -0.07082523 -0.33894774  0.29619092 -0.00769341
   0.3915084 ]
 [-0.18024334  0.31133536  0.01957171  0.40812892 -0.06439865  0.31035897
   0.07241695]
 [-0.276289    0.37943736  0.29219517  0.09434364  0.46481386  0.39157715
   0.16501136]
 [-0.27705854 -0.32240596 -0.06556296  0.51905924 -0.17105377  0.35070136
  -0.0883217 ]
 [-0.03741715 -0.29587242  0.34375528 -0.05993813  0.27572972  0.18336786
   0.10025302]
 [ 0.48951253 -0.31099412  0.06366231  1.6093295   1.169784   -2.2915409
  -0.16520292]
 [-0.26782936  0.29856846 -0.07162614  1.7785305   1.6220309  -1.9132148
  -0.01687778]]
Peso 2:
[ 3.9086555e-07  1.7650696e-02 -7.0169061e-02 -2.1529034e-01
 -2.1617804e-01  9.9768388e-01 -3.6842652e-02]
Camada: saida
Peso 1:
[[ 0.10184672 -0.03946831]
 [-0.33243763 -0.14286104]
 [-0.11089098  0.07028582]
 [ 1.883534   -1.3872726 ]
 [ 1.3236483  -1.2641957 ]
 [-2.6168923   1.8182924 ]
 [ 0.3541519   0.35200396]]
Peso 2:
[-0.19990632  0.19991012]



pesos modelo: 
Test loss: 0.0002, Test accuracy: 1.0000
Camada: meio
Peso 1:
[[-4.44980413e-01  2.57187009e-01  1.35702491e-01 -4.07564551e-01
  -2.13398144e-01 -1.60277963e-01  6.13051653e-02]
 [ 1.94063485e-01 -3.67309868e-01  1.26868442e-01  1.78179797e-02
   2.58915406e-02 -1.50656939e-01 -5.75165786e-02]
 [-4.93980665e-03 -4.15467560e-01  4.14637327e-01  1.06164560e-01
   2.30371654e-01  4.46545005e-01  9.05370489e-02]
 [ 4.47073221e-01 -2.64144540e-01  2.14362219e-01 -2.11799622e-01
   7.68094361e-02  1.74520090e-01  8.86875913e-02]
 [ 3.00680876e-01 -3.43683809e-01  1.28112301e-01  6.74745142e-02
   2.06576195e-02 -2.87691981e-01 -1.42848685e-01]
 [ 3.50226015e-01  7.23346230e-03  2.22286686e-01 -1.11985818e-01
   7.79597014e-02 -4.52095389e-01  7.05555379e-02]
 [ 1.63350731e-01 -4.60994959e-01  4.32370275e-01 -2.39520833e-01
   2.53002375e-01 -3.35543603e-01  2.34124437e-01]
 [-1.49898872e-01  2.61313081e-01  1.34230927e-02  4.50339839e-02
  -6.46601617e-02 -3.04359049e-01  7.72835091e-02]
 [-6.80500222e-03 -2.73554415e-01  2.97043085e-01  4.00204450e-01
   2.78813671e-02 -3.90379946e-03  3.63555938e-01]
 [ 2.92226225e-01 -4.17369902e-02  2.98856735e-01  1.21350944e-01
   5.37991449e-02 -2.79057413e-01  3.19629997e-01]
 [-2.43643612e-01  3.18434119e-01  4.31823790e-01 -8.90300199e-02
   2.29083136e-01 -4.08653796e-01  4.03263032e-01]
 [-1.39427722e-01 -2.42959782e-01  1.66693583e-01 -7.87561610e-02
   1.46316633e-01 -1.63555965e-01 -2.39681721e-01]
 [-2.22199440e-01 -2.02297404e-01  4.17984873e-01 -2.14382365e-01
   2.60360628e-01 -2.96121221e-02  3.37929279e-01]
 [-3.23162317e-01 -4.06661868e-01  1.36473909e-01  3.00601393e-01
  -2.65005622e-02 -7.93325901e-02  2.28026569e-01]
 [ 2.27745790e-02  2.36652344e-01  2.53671378e-01 -3.93989012e-02
   1.25509396e-01  3.99573386e-01  4.28149924e-02]
 [-2.96296954e-01  5.34677058e-02  8.33798125e-02 -2.87523150e-01
   1.56969950e-03 -4.77153137e-02  3.65876198e-01]
 [-2.31126890e-01  2.04993233e-01  3.77104193e-01  2.35949174e-01
   2.80108899e-01 -4.54723418e-01 -2.73158669e-01]
 [-1.38607547e-01 -3.68333191e-01  1.97786495e-01 -3.13186258e-01
   2.27069318e-01  2.12351345e-02 -3.28186393e-01]
 [ 2.50531107e-01  3.12870264e-01  1.55205727e-01  2.48928130e-01
  -8.18342417e-02 -2.14510024e-01  3.20108145e-01]
 [ 1.01859607e-01 -4.15617555e-01  3.46982807e-01  1.16856910e-01
   2.44683698e-01 -3.12162906e-01 -3.25522512e-01]
 [-1.16004892e-01 -3.47150505e-01 -1.60787213e+00  9.34195817e-01
   2.35937309e+00  3.00489008e-01  8.05415273e-01]
 [ 7.94614017e-01  2.93218456e-02 -1.67708623e+00  6.09814338e-02
   2.40730166e+00  2.28540972e-02  6.45932078e-01]]
Peso 2:
[-0.02410061 -0.08469665  0.9246971   0.01299088 -0.43001562 -0.00133581
 -0.10466079]
Camada: saida
Peso 1:
[[ 0.65874577 -0.09719434]
 [ 0.22737208 -0.46281138]
 [-1.6602837   2.0391705 ]
 [ 0.6665926  -0.61637866]
 [ 2.0436962  -2.5821736 ]
 [-0.63243973 -0.5312012 ]
 [ 0.68264    -0.3858579 ]]
Peso 2:
[-0.40628293  0.4062853 ]



pesos modelo: 
Test loss: 0.0002, Test accuracy: 1.0000
Camada: meio
Peso 1:
[[-0.04159293  0.16873747 -0.39186913  0.29351646  0.28480285 -0.3362435
  -0.29956073]
 [-0.44017416  0.10069141 -0.39925978  0.10903623 -0.21587448  0.00787053
  -0.3678389 ]
 [ 0.20494567  0.4658482  -0.05255841 -0.2566503  -0.17506588  0.33422735
  -0.39247116]
 [ 0.2537014  -0.09688481 -0.21630663 -0.10820325 -0.17990571 -0.15489067
  -0.01087061]
 [ 0.1879644   0.26052296  0.11455698  0.2997653  -0.12054667  0.1612294
  -0.14457087]
 [-0.44736844  0.26300755 -0.1231375  -0.24548523 -0.1860526   0.16218257
   0.1834828 ]
 [-0.42436528  0.20175037 -0.28476807 -0.39173597  0.30428705  0.10344186
   0.27149013]
 [ 0.0397581   0.2054227   0.16991206  0.3319648   0.25188524  0.12052413
   0.21360151]
 [ 0.04224122  0.15188695  0.03596139 -0.4310469   0.1971873   0.06753892
  -0.33554944]
 [-0.0988583   0.32994157  0.07668436 -0.26558235 -0.25842366  0.22716047
  -0.07200406]
 [-0.3823713   0.20164238 -0.10999829 -0.09977947 -0.23215868  0.10501773
  -0.06001996]
 [-0.33842117  0.07964274 -0.08117401 -0.03354859 -0.19890341  0.00399434
   0.13201076]
 [-0.38320047  0.22470602 -0.09216091  0.05077907 -0.43698215  0.12604752
  -0.31845778]
 [ 0.18098672  0.34845957  0.27561957 -0.03185724  0.34432068  0.23825902
   0.03212577]
 [-0.22425593  0.18345086 -0.35410163  0.4010628  -0.3533538   0.08097791
   0.39623263]
 [-0.4474785   0.37302262  0.40016758  0.33172023 -0.3845655   0.2690287
  -0.210365  ]
 [-0.02500412  0.34685087  0.18701175 -0.26057875 -0.39901412  0.2498074
   0.037598  ]
 [ 0.17334111 -0.00624946  0.35566717 -0.16187623 -0.4029855  -0.06487694
  -0.26044628]
 [-0.07253209  0.22212704 -0.07007325 -0.42512968  0.02352665  0.12061441
  -0.2523629 ]
 [-0.09704836  0.14066833  0.26240316  0.0181816  -0.29282594  0.06101928
  -0.37809736]
 [-0.10166748 -1.770823   -0.3939365  -0.1729725  -0.3125344   2.5053294
  -0.12248849]
 [-0.2509784  -2.087313   -0.37733248  0.22110361 -0.31914666  2.2287455
  -0.04966172]]
Peso 2:
[-0.0131171   0.95245475  0.05075115 -0.00257302 -0.09435643 -0.42800146
  0.06261351]
Camada: saida
Peso 1:
[[ 0.08616963 -0.04790038]
 [-2.0592031   1.9188396 ]
 [ 0.03490165  0.39958954]
 [-0.46513227 -0.47752193]
 [ 0.34632066 -0.58584523]
 [ 1.6793412  -2.8770986 ]
 [-0.7003036  -0.14988622]]
Peso 2:
[-0.0182194   0.01822255]



pesos modelo: 
Test loss: 0.0002, Test accuracy: 1.0000
Camada: meio
Peso 1:
[[ 8.28060508e-02  3.92699838e-01 -6.41348958e-02  4.14555371e-01
  -3.70193243e-01 -3.75393033e-02  1.54630184e-01]
 [ 2.36755073e-01  1.27630204e-01  4.11113709e-01  1.02342390e-01
   1.21640703e-02 -8.69204402e-02  6.03664182e-02]
 [-6.53831214e-02  7.37002268e-02 -1.37670517e-01 -8.02876800e-02
   4.82252330e-01  2.10805699e-01 -6.30160496e-02]
 [ 3.13745916e-01  4.16347861e-01  1.31433263e-01  5.30711450e-02
   1.55525595e-01 -2.54655391e-01  4.86768037e-02]
 [ 4.29313034e-01  1.27251863e-01  7.62574896e-02  4.37406749e-01
  -2.42983535e-01 -1.19075239e-01 -1.91165343e-01]
 [ 1.78596526e-01 -1.41570151e-01 -1.91217139e-01  2.82443047e-01
   2.61330336e-01  3.21462825e-02 -1.03397064e-01]
 [ 5.26826799e-01  4.16434616e-01  1.82146862e-01  3.61016601e-01
  -6.58894256e-02  3.07545811e-01  2.08687037e-01]
 [ 1.85115144e-01  2.72499630e-03  2.69890994e-01 -9.78466123e-04
   2.34749615e-01  3.92421335e-01  5.32267690e-01]
 [ 2.04128161e-01 -6.76685770e-04 -1.10019207e-01  2.18553632e-01
  -4.32549030e-01  3.15408081e-01  8.12457129e-03]
 [-6.65981844e-02  1.13029994e-01 -2.42157772e-01 -7.97625184e-02
  -1.61669731e-01  2.68219888e-01 -1.70442402e-01]
 [ 1.96480110e-01  1.86534315e-01  4.19550799e-02 -2.16991708e-01
   3.19015570e-02 -3.25007617e-01  4.73096460e-01]
 [ 1.40471160e-01  3.13332260e-01 -3.27539504e-01  2.55574342e-02
  -1.01157665e-01  3.41881841e-01  2.28717551e-02]
 [-2.10431725e-01 -1.45770952e-01 -1.93016112e-01 -7.55412057e-02
   3.02094102e-01  3.55906457e-01 -2.21878797e-01]
 [ 2.68091142e-01 -2.56238401e-01 -4.36143965e-01  1.57532081e-01
  -2.81375170e-01 -1.15791885e-02  4.02893484e-01]
 [ 1.08276889e-01  3.74501586e-01 -2.62786627e-01  4.79672477e-02
   4.65110838e-01  4.32545722e-01 -5.79497330e-02]
 [ 2.95997024e-01  3.11222047e-01  1.62213176e-01  8.78032148e-02
  -3.98575693e-01 -1.33586586e-01 -1.69998948e-02]
 [ 2.68171728e-01 -4.57123108e-02 -2.45834589e-01  3.78240615e-01
  -1.88404843e-01  1.36810139e-01 -1.58806801e-01]
 [ 4.08808202e-01 -1.95587322e-01 -4.09382343e-01  4.13201600e-01
   2.10858807e-02 -2.14838132e-01  1.32674098e-01]
 [ 2.95958042e-01 -1.43209770e-01 -1.08461238e-01  3.56791049e-01
   8.12121481e-03  2.30763480e-01  1.05693057e-01]
 [ 3.36822569e-01  1.72937989e-01 -3.53036821e-01 -1.32772801e-02
  -1.37525141e-01 -2.58224875e-01  4.66753453e-01]
 [-1.96322191e+00  1.09786439e+00 -2.22197592e-01  1.79296970e+00
  -1.45956621e-01 -4.80705798e-01  1.00504541e+00]
 [-2.20290565e+00  6.31580293e-01  5.54100513e-01  1.67214692e+00
  -3.14303726e-01 -4.84379828e-01  1.00048363e+00]]
Peso 2:
[ 1.0917956  -0.04984358 -0.00345908 -0.24723503  0.13699463  0.19159459
  0.10923035]
Camada: saida
Peso 1:
[[-1.8865113   2.4848187 ]
 [ 0.7438489  -0.8214983 ]
 [ 0.6772049  -0.5716909 ]
 [ 1.4949073  -1.9588753 ]
 [-0.86984    -0.3348003 ]
 [-0.08830781  0.79137206]
 [ 0.47651577 -1.1787436 ]]
Peso 2:
[-0.11362267  0.1136265 ]



pesos modelo: 
Test loss: 0.0001, Test accuracy: 1.0000
Camada: meio
Peso 1:
[[-2.78372169e-02  3.53610277e-01 -3.14500690e-01  1.97486162e-01
  -3.62923741e-02  2.07661510e-01  4.09797907e-01]
 [ 4.18385208e-01 -2.28260860e-01  3.30499470e-01  1.43364713e-01
  -1.99030221e-01 -4.61015195e-01  1.89099193e-01]
 [ 9.99010280e-02  1.21413663e-01 -4.08573896e-01  2.57519484e-01
   2.53461003e-01  2.26456337e-02  1.97830096e-01]
 [ 4.39629495e-01  3.19231629e-01 -1.39886096e-01 -1.23959333e-01
   4.57710683e-01 -3.16824138e-01 -1.05450787e-01]
 [-5.37987985e-02 -4.73226875e-01  2.08386049e-01  1.34364683e-02
  -1.42256841e-01  1.70288906e-01  9.13626403e-02]
 [ 2.62474269e-01 -1.69539854e-01 -6.56284466e-02  4.02057111e-01
   9.24917981e-02 -4.63632494e-01  3.18465829e-01]
 [-3.17242742e-01  2.18814635e-03  1.76145002e-01  2.60380417e-01
   3.19782883e-01 -3.60472977e-01  1.73437566e-01]
 [ 3.73790652e-01 -2.01550107e-02 -3.60241123e-02  2.44228423e-01
   2.16746017e-01 -3.22796285e-01  1.88212395e-01]
 [-3.55252206e-01 -3.56633693e-01 -3.95075649e-01  1.89454749e-01
   3.08475137e-01 -1.95218846e-01  1.37479946e-01]
 [-3.23815614e-01 -2.54664838e-01 -1.53870016e-01  1.23252705e-01
  -3.55436921e-01  3.38283509e-01  2.14254200e-01]
 [-3.82914394e-02  1.70724601e-01 -4.42871988e-01  8.85362402e-02
   2.89275348e-01  1.53352812e-01  7.88401663e-02]
 [ 1.60789385e-01 -4.03495073e-01  4.31289196e-01  2.98923433e-01
   2.73677379e-01 -4.37973678e-01  1.97315350e-01]
 [-2.10480332e-01  4.49022418e-03  2.18140557e-01  2.09583919e-02
  -2.74137676e-01  2.87448108e-01  1.18922010e-01]
 [-1.48283616e-01 -2.84107089e-01 -1.49363071e-01  1.97142035e-01
   3.41203809e-02 -1.18818663e-01  2.00559825e-01]
 [-4.04622167e-01  2.67444223e-01 -4.67852987e-02  2.31320843e-01
   3.76357287e-01 -4.00338769e-01  1.55712172e-01]
 [-5.08859474e-03 -1.63905337e-01 -4.22274768e-01  4.32078034e-01
   9.43065509e-02 -3.61927062e-01  3.48987520e-01]
 [-3.73016894e-01 -3.82337064e-01 -4.06061262e-01  2.36469135e-01
  -2.87903994e-02  2.73408741e-01  2.29107082e-01]
 [-1.08372673e-01  2.20210552e-01 -3.78947377e-01  4.49079156e-01
   5.48883565e-02  1.23207219e-01  3.69281203e-01]
 [ 7.41050541e-02  1.37452051e-01  1.52158335e-01  2.69918647e-02
  -2.99407393e-01  2.06730545e-01  1.33249015e-01]
 [ 1.27470773e-02 -3.88132781e-01  3.12027931e-01  5.69758900e-02
  -3.18322092e-01 -3.18598539e-01  1.57943144e-01]
 [-2.67741442e-01 -3.74357820e-01 -1.45813182e-01  1.71995389e+00
  -4.66658443e-01 -3.72311324e-01 -2.46389270e+00]
 [ 2.20177278e-01 -3.42877746e-01 -3.34158450e-01  1.79417479e+00
  -5.75570822e-01  5.40912375e-02 -2.38789225e+00]]
Peso 2:
[ 1.3901175e-04 -1.7853980e-01  6.8250179e-02 -5.9351586e-02
  2.9710668e-01 -7.5310037e-02  1.1805524e+00]
Camada: saida
Peso 1:
[[ 0.61914027  0.6102931 ]
 [ 0.660847    0.0630099 ]
 [-0.1721015   0.72493434]
 [ 2.448619   -0.93452835]
 [-0.19089168  0.9633876 ]
 [-0.22048663  0.78123647]
 [-2.1369922   2.8733456 ]]
Peso 2:
[ 0.44550478 -0.44550073]



pesos modelo: 
Test loss: 0.0002, Test accuracy: 1.0000
Camada: meio
Peso 1:
[[-3.25423688e-01  4.05859113e-01 -3.67718369e-01 -6.13581240e-02
  -9.22659934e-02  4.46352184e-01 -4.33506757e-01]
 [ 2.99444497e-01 -4.33337271e-01  3.54143798e-01  2.52155900e-01
   1.38858393e-01 -5.18118143e-02 -9.83255729e-03]
 [-1.23984747e-01 -3.19298446e-01 -3.24546903e-01  4.12333995e-01
  -2.61834655e-02 -4.14435595e-01  9.55679044e-02]
 [-1.92067539e-03 -1.68302171e-02 -2.64474064e-01  4.69443232e-01
   1.33091152e-01 -1.87056378e-01  3.58847022e-01]
 [ 2.12619364e-01 -2.84083873e-01 -3.70023966e-01  4.11791950e-02
  -4.56329547e-02  2.29855888e-02  4.94229607e-02]
 [ 2.09941953e-01  1.58669785e-01 -2.54511535e-01 -2.64526784e-01
   9.96801779e-02 -3.36588204e-01  5.18096089e-01]
 [-2.07126245e-01 -4.06411499e-01 -1.34122834e-01  7.35187456e-02
   6.03137165e-03 -2.03284547e-01  3.41036826e-01]
 [ 3.21092933e-01  3.95861566e-02  1.75675362e-01  6.26373738e-02
   9.34171900e-02 -2.99901098e-01  3.90512496e-02]
 [ 1.95843369e-01 -3.96937877e-01  3.94420564e-01  3.58490497e-01
   1.97310433e-01 -4.35500860e-01  1.27495721e-01]
 [ 1.59584656e-01 -3.51763874e-01  2.27326099e-02 -2.86976933e-01
   8.28858316e-02  2.68294424e-01  3.92982543e-01]
 [ 4.06783730e-01  4.61239547e-01 -2.83994675e-02 -2.23902553e-01
   1.55548632e-01  2.55218754e-03  3.91948044e-01]
 [-7.38352388e-02  1.60742462e-01  1.64900720e-01  3.99897918e-02
   5.51198795e-02 -1.28481686e-01  2.28140220e-01]
 [ 2.75423020e-01 -1.55335721e-02 -3.50278951e-02  9.16072503e-02
   1.95307747e-01 -5.80653027e-02  4.22624290e-01]
 [ 2.53213882e-01 -4.28477108e-01  4.52574879e-01  2.35340521e-01
   8.77678543e-02  3.53382528e-01 -1.30549774e-01]
 [ 5.36957502e-01 -3.64743441e-01  3.08794022e-01  3.93638939e-01
   1.71247214e-01 -1.30669042e-01 -1.32035136e-01]
 [ 8.31509233e-02  1.51497722e-01  2.55004972e-01 -6.97266087e-02
   5.06298915e-02  3.35564539e-02  1.17090821e-01]
 [-4.23107706e-02 -2.67200649e-01  3.34671489e-03  1.28020659e-01
  -3.16672176e-02 -1.90777242e-01  3.55458702e-03]
 [-1.01523995e-01 -5.34759508e-03 -1.58817217e-01  2.30904788e-01
  -6.03894354e-04  6.61148652e-02  1.69438541e-01]
 [-2.30689585e-01  2.74204183e-02  1.31007165e-01  3.30342293e-01
   1.46115541e-01 -1.59994498e-01  4.35784787e-01]
 [ 1.52157098e-01  3.48861337e-01  1.66548640e-01 -3.46520878e-02
   1.55300155e-01 -4.35425073e-01  3.62078339e-01]
 [-6.93532646e-01 -2.46562213e-01 -2.32723251e-01 -3.22159976e-01
   2.83496451e+00  3.46072987e-02 -8.46308351e-01]
 [-5.32609701e-01 -1.77965000e-01 -4.57745790e-01 -5.45153856e-01
   2.73032904e+00 -2.73225784e-01 -9.93114829e-01]]
Peso 2:
[ 0.3554037   0.04342638  0.16149665  0.29956466 -0.4027586  -0.05179129
  0.6165661 ]
Camada: saida
Peso 1:
[[-0.9200776   0.5881752 ]
 [-0.7071136   0.23894271]
 [-0.79066676  0.6435692 ]
 [-0.80882573  0.3825997 ]
 [ 2.3195302  -3.0033052 ]
 [ 0.09176767 -0.5773558 ]
 [-1.2106076   0.96193534]]
Peso 2:
[-0.36311102  0.36311573]



pesos modelo: 
Test loss: 0.0001, Test accuracy: 1.0000
Camada: meio
Peso 1:
[[-2.55117953e-01  1.41443908e-02 -2.51536906e-01 -3.68813902e-01
   3.84189069e-01  3.97993684e-01 -3.06854546e-02]
 [ 1.36435822e-01  4.11820039e-02  5.70621826e-02  1.94297597e-01
   1.76531717e-01  1.67268336e-01  3.78797561e-01]
 [-5.30502796e-02  3.86616252e-02 -1.25554815e-01 -2.12984867e-02
  -1.40937328e-01 -3.93563285e-02 -1.63405791e-01]
 [ 5.46601787e-02  1.81719735e-01  7.42545351e-02 -1.16862670e-01
   2.50102222e-01  4.75262970e-01  5.65891504e-01]
 [ 4.31307077e-01 -5.61839947e-03  6.43425435e-02  4.23322976e-01
   1.28665417e-01  1.67148933e-01 -1.78833380e-01]
 [ 3.41198653e-01  2.52913088e-01  4.08951454e-02  2.47017294e-01
  -8.32679048e-02  3.61754328e-01 -2.75377244e-01]
 [ 3.76430273e-01  1.36078000e-01 -1.04361199e-01  2.26095989e-01
   9.24040452e-02 -1.10377319e-01  1.30868822e-01]
 [ 2.04581767e-01  3.58068235e-02  2.77211852e-02 -3.26354876e-02
   7.12367706e-03  1.13666862e-01 -4.35735993e-02]
 [ 1.66050628e-01  2.10550129e-01  9.93745178e-02  7.15014786e-02
   7.23396391e-02  4.42530394e-01  1.93938285e-01]
 [ 2.24353988e-02 -7.08652511e-02  8.53042156e-02 -3.53770018e-01
   6.15032837e-02  2.80670702e-01 -1.27878319e-02]
 [ 2.04188615e-01  3.70150022e-02  1.21525928e-01 -3.88339281e-01
  -1.17184175e-02  4.15349305e-02  2.80608147e-01]
 [ 3.10711116e-01  1.75217286e-01  8.02067071e-02 -2.09200367e-01
   1.30561948e-01  4.31467831e-01  6.45965859e-02]
 [-8.32464918e-03  2.31837668e-03  4.14880402e-02 -1.84842527e-01
  -9.06441063e-02  2.09622860e-01 -1.50980353e-01]
 [ 4.35657725e-02  9.04293582e-02  9.24530923e-02 -3.76826495e-01
   4.68739048e-02  4.40110922e-01  9.22079235e-02]
 [-1.54252788e-02  4.94131707e-02 -1.77518837e-03 -7.43317977e-02
   5.93191385e-02  4.48760912e-02  4.20875221e-01]
 [ 6.82815015e-02  4.21372876e-02  6.70549870e-02 -3.21798086e-01
   1.51192741e-02 -8.45673084e-02  5.54356217e-01]
 [ 7.59620667e-02 -7.28472620e-02 -6.71857446e-02  3.07239652e-01
   1.76552787e-01  1.06977627e-01 -5.90970158e-04]
 [ 4.41857368e-01  5.15091047e-02  2.29119897e-01 -4.92064565e-01
   1.28356561e-01  4.20359820e-01  3.67023200e-02]
 [ 2.53645301e-01  1.26597419e-01 -3.38493586e-02  6.20135888e-02
   9.15913358e-02  3.71375889e-01 -2.41829902e-01]
 [ 3.54495645e-01 -6.11199178e-02  1.44080639e-01  2.72549570e-01
   9.29565728e-02 -1.83955088e-01  4.24428731e-01]
 [-3.96808535e-01  1.75937939e+00  1.47199297e+00  2.50259995e-01
   1.72248864e+00 -1.07785368e+00 -6.01321161e-01]
 [-9.94643450e-01  1.65873718e+00  1.88860703e+00 -1.75902471e-01
   1.53005695e+00 -4.07173127e-01 -4.12001103e-01]]
Peso 2:
[ 0.496759   -0.2573137  -0.13391699 -0.01396149 -0.22690254  0.6205293
  0.50878096]
Camada: saida
Peso 1:
[[-0.6764247   1.0678698 ]
 [ 2.1965866  -0.76033676]
 [ 1.2145206  -1.972001  ]
 [-0.31870613  0.03596327]
 [ 1.8504391  -1.0835854 ]
 [-1.0719794   0.88591754]
 [-1.219871    0.19096282]]
Peso 2:
[-0.5673855  0.5673903]



pesos modelo: 
Test loss: 0.0002, Test accuracy: 1.0000
Camada: meio
Peso 1:
[[ 4.38991010e-01  1.00272000e-01  2.39982009e-02 -2.88970709e-01
   1.01222634e-01  2.53626168e-01 -2.96448529e-01]
 [ 5.16150177e-01 -1.73571467e-01 -5.50217181e-02  6.82943389e-02
   2.71866121e-03  2.63714999e-01 -3.27565670e-01]
 [ 1.22901767e-01 -4.15407509e-01 -3.76770377e-01  8.91796499e-03
   7.24155828e-02 -3.08512181e-01  4.56211329e-01]
 [ 5.50136864e-01  9.10656750e-02  2.94029564e-02  7.21515417e-02
   2.59549227e-02 -3.63786995e-01  1.66722372e-01]
 [ 1.17697768e-01 -2.21618384e-01 -3.30899432e-02 -3.28227412e-03
   4.94313352e-02 -4.45647597e-01  6.43384904e-02]
 [ 2.20224112e-01  8.69641360e-03 -2.48056501e-01  1.47218127e-02
   5.96555285e-02  1.53899968e-01 -4.22109127e-01]
 [ 2.12888777e-01 -5.55854850e-02 -3.48235518e-01  2.52917707e-02
   4.62923869e-02  2.55978018e-01  2.80784994e-01]
 [ 1.69945806e-01  1.67742427e-02  7.39886388e-02  1.32536767e-02
  -2.42140722e-02 -7.20973164e-02  1.75398543e-01]
 [ 2.68673390e-01  2.97762275e-01  2.49981448e-01  2.33280510e-02
  -3.31629626e-02  2.54691064e-01 -1.72714293e-01]
 [ 3.46754730e-01 -4.96440344e-02  1.70350507e-01  2.96359770e-02
   5.62664866e-02 -5.01867056e-01  4.59695272e-02]
 [ 4.11380112e-01 -2.45527387e-01  1.24653257e-01  4.33811098e-02
  -6.53351611e-03 -4.86676723e-01 -2.61016339e-01]
 [ 4.87208277e-01 -2.48995349e-01 -1.29303271e-02  5.91856577e-02
   1.69840809e-02 -3.21136504e-01 -2.30974376e-01]
 [ 2.31423639e-02 -4.24323618e-01 -6.72656745e-02 -1.63678993e-02
   2.29672994e-02 -1.34006232e-01 -2.94491559e-01]
 [ 3.70481938e-01  2.74274826e-01 -8.30599889e-02  3.91924605e-02
   2.19187271e-02  2.66095042e-01 -9.12301466e-02]
 [ 3.60169619e-01  3.68253328e-02  7.05860630e-02  3.17540579e-02
   7.84623772e-02 -4.08423096e-01  4.87850934e-01]
 [ 6.43508732e-02  2.21810177e-01  1.91524372e-01 -1.69953946e-02
  -1.86304487e-02 -1.05903029e-01 -3.32671851e-01]
 [ 5.22163570e-01 -4.26402897e-01  1.97778493e-01  6.34728000e-02
   2.89567607e-03 -2.64267296e-01 -3.28395993e-01]
 [ 4.67370570e-01 -8.90286043e-02 -3.13405514e-01  5.55134341e-02
   6.25049695e-02 -2.44706020e-01 -4.28019375e-01]
 [-3.43288295e-02  7.68577214e-03  2.25308016e-02 -1.87385418e-02
  -7.28152553e-03  1.07491307e-01  5.08278847e-01]
 [-6.30264431e-02 -4.40804511e-01  5.27915582e-02 -3.81626859e-02
   2.75252070e-02 -7.52691999e-02 -3.13979149e-01]
 [-1.61084488e-01  2.90247083e-01  8.61757934e-01  2.88078713e+00
   9.42915678e-01 -4.13229205e-02 -2.57112086e-01]
 [-2.78087109e-01 -7.27824494e-03 -5.36331795e-02  2.86956072e+00
   1.14735544e+00 -2.86458999e-01  1.83471337e-01]]
Peso 2:
[ 0.63680786  0.00170746 -0.18587148 -0.14198323 -0.17424242 -0.21072394
  0.10387725]
Camada: saida
Peso 1:
[[-0.9995645   0.66022885]
 [ 0.34891713 -0.01013202]
 [ 0.67487663 -0.32310665]
 [ 3.229918   -2.2790112 ]
 [ 0.7677993  -0.8472197 ]
 [ 0.6601206  -0.20947199]
 [-0.46723646 -0.06796174]]
Peso 2:
[-1.8424934  1.8424951]



pesos modelo: 
Test loss: 0.0002, Test accuracy: 1.0000
Camada: meio
Peso 1:
[[-2.98259705e-01 -4.08913791e-02 -3.73560190e-01 -4.52580810e-01
   1.12495542e-01 -3.80390823e-01 -1.39616579e-01]
 [ 4.59584504e-01 -1.34187087e-01 -1.44484714e-01  3.42352778e-01
  -1.50786296e-01  2.94493645e-01  3.69510561e-01]
 [ 1.37220591e-01  1.09886527e-01 -3.04529257e-02  1.68932915e-01
   2.33732626e-01  2.56370842e-01  9.29291174e-02]
 [ 5.26562393e-01  1.02037735e-01  2.79164582e-01  8.23027119e-02
   3.39836895e-01  2.35552549e-01 -2.58011431e-01]
 [ 3.37833464e-01  5.97602427e-02 -1.35379747e-01  2.30713859e-01
  -1.13314420e-01  4.20687795e-01 -3.62043679e-01]
 [ 1.60077021e-01  4.48764116e-01  2.59547561e-01  1.37279317e-01
   3.83188277e-02 -2.10270330e-01 -2.08598971e-01]
 [ 1.78315446e-01  2.14617431e-01  4.10408020e-01 -4.16744426e-02
  -2.53782570e-01  3.62082757e-02  2.77782410e-01]
 [-1.77550897e-01  5.56539118e-01  2.13932708e-01  1.70881748e-01
  -1.61391869e-01 -4.22532529e-01  3.39415878e-01]
 [ 4.08746563e-02  1.00280538e-01 -3.36731486e-02  1.99311338e-02
  -4.15111214e-01  1.20609522e-01 -1.78210706e-01]
 [-2.99484842e-02  2.22152308e-01  2.52644062e-01 -8.23081508e-02
   3.02750379e-01 -2.91761011e-01  2.05650836e-01]
 [-6.64718077e-02  3.71284895e-02 -7.05799088e-02  4.06625085e-02
  -3.80219907e-01 -2.81235099e-01  4.04302418e-01]
 [ 3.50962013e-01  1.92887500e-01  1.41443415e-02  2.24461272e-01
   3.21337789e-01 -2.20224604e-01 -2.55032629e-01]
 [ 1.00645564e-01  1.79252446e-01  2.67184079e-01 -2.04073507e-02
  -3.64708334e-01 -2.33847767e-01  2.68359721e-01]
 [ 1.59383863e-01  2.77560711e-01  3.16293418e-01  6.89748377e-02
   2.99667776e-01  2.15283915e-01  2.38590822e-01]
 [-1.39840171e-01  5.34960985e-01 -1.44615531e-01  3.73052716e-01
  -2.53927916e-01 -2.97914520e-02 -6.61432892e-02]
 [ 1.89057067e-01 -1.23128220e-01  1.10144846e-01 -6.01990148e-02
  -2.07089305e-01 -9.68628153e-02  4.04681057e-01]
 [ 9.16496143e-02  2.73785681e-01  1.09287970e-01  2.48820782e-01
  -4.30693179e-01  3.15703958e-01  3.40334058e-01]
 [ 3.19783539e-01  2.13393830e-02  2.28321210e-01 -8.73047858e-02
  -9.53197256e-02 -3.01266819e-01 -7.72178173e-02]
 [-2.01441925e-02  1.19817764e-01 -6.06457368e-02  6.19257167e-02
  -4.32460219e-01  9.60988109e-04  4.70536090e-02]
 [ 2.67539471e-01 -4.93700914e-02 -6.87814578e-02  7.14102089e-02
  -3.36249650e-01 -1.57280013e-01 -7.99009725e-02]
 [-1.12207270e+00 -1.51878655e+00  1.56158793e+00  1.80058265e+00
  -3.24840695e-01 -1.28927588e-01 -4.64670926e-01]
 [-9.61062253e-01 -1.20289660e+00  1.67605603e+00  2.08367896e+00
   2.46536449e-01 -1.83198631e-01 -4.64394391e-01]]
Peso 2:
[ 0.4703935   0.8560213  -0.10546485 -0.29386288 -0.13360542  0.10630294
  0.2230978 ]
Camada: saida
Peso 1:
[[-1.0802006   1.3128659 ]
 [-1.712883    1.371422  ]
 [ 1.0926121  -1.7801666 ]
 [ 2.3674767  -1.1344577 ]
 [ 0.6553106   0.10081149]
 [ 0.19834788  0.75898796]
 [-0.9453994   0.08543678]]
Peso 2:
[-0.13426164  0.13426541]



pesos modelo: 
Test loss: 0.0002, Test accuracy: 1.0000
Camada: meio
Peso 1:
[[ 6.47634268e-03 -1.36539400e-01  1.53386593e-03  8.37869644e-02
   1.39257729e-01  2.97983289e-01 -3.85325372e-01]
 [ 2.97639906e-01  3.06056827e-01 -1.82616591e-01 -2.76008844e-01
   4.51363534e-01 -3.11297119e-01  2.99609154e-02]
 [ 9.64428112e-02  4.19335186e-01  2.61802644e-01 -3.19275826e-01
  -3.29190314e-01 -1.76390577e-02  1.13123007e-01]
 [ 8.61725397e-03  3.71809602e-01  4.11485881e-02  2.91287243e-01
   4.20247227e-01  3.05177569e-01  1.88018009e-01]
 [ 2.12797180e-01  2.43851006e-01 -7.10903993e-03  2.75606960e-01
   5.63266337e-01  4.17143941e-01  8.76324326e-02]
 [-2.56383747e-01  1.28369063e-01 -6.89079911e-02  1.48344934e-02
  -2.03218415e-01 -2.69142896e-01  4.82180305e-02]
 [-1.15567468e-01  1.80941910e-01 -1.74105108e-01 -3.84452611e-01
   2.98849136e-01 -4.40332413e-01  3.87255438e-02]
 [ 3.68757784e-01  2.83156484e-01  3.11770350e-01 -3.76236141e-02
  -1.63978711e-01 -4.21706364e-02  2.86267195e-02]
 [ 1.55956954e-01  1.51192233e-01  4.73270208e-01  1.82382300e-01
  -2.99042284e-01 -1.29800439e-01  3.54191549e-02]
 [ 1.97942317e-01  2.67027408e-01 -3.21092963e-01 -2.71921754e-01
   8.96911845e-02 -3.38064045e-01 -2.97706435e-03]
 [-1.52448574e-02  3.54902089e-01 -2.44954333e-01  3.96663606e-01
   1.16277456e-01 -3.04624707e-01  1.34487048e-01]
 [-1.19235113e-01  7.61497766e-02  1.33307457e-01  1.11472383e-01
  -1.83562636e-01  3.84847671e-01  2.61631869e-02]
 [ 4.20765728e-01  4.91799325e-01  1.94609404e-01  3.47290844e-01
   2.56905574e-02  1.37591779e-01  1.46053255e-01]
 [ 5.97288124e-02  3.14491838e-01 -2.17301309e-01  3.53991538e-01
  -1.47564411e-01 -2.50958353e-01  7.71122351e-02]
 [-2.52053916e-01  7.55913332e-02  2.15170354e-01 -1.03396207e-01
  -2.27205440e-01  1.84568211e-01  3.72611843e-02]
 [ 3.41029554e-05  2.36156151e-01  3.96367490e-01 -2.72431344e-01
   2.49767572e-01 -3.79715681e-01  1.01168245e-01]
 [ 9.36942473e-02  3.68827939e-01 -3.62096757e-01 -4.00724322e-01
  -2.49988839e-01  4.12286401e-01  3.81050706e-02]
 [-2.56483138e-01  8.83897990e-02 -9.96179953e-02 -2.62681037e-01
  -2.24734619e-01  9.43369269e-02  1.43242977e-03]
 [ 1.57331660e-01  2.07208008e-01  4.88317549e-01 -2.95469463e-01
  -3.14226598e-01  3.21945518e-01  2.93624736e-02]
 [ 1.03533797e-01  2.23992914e-01  2.05109224e-01  4.49874699e-02
   5.33473015e-01 -3.41056913e-01  9.84786376e-02]
 [ 8.30362141e-01 -1.09326267e+00 -5.08335233e-01 -1.23401932e-01
  -4.56006616e-01  1.97656661e-01  2.67797852e+00]
 [ 6.79538548e-01 -1.17966413e+00  2.32991166e-02 -3.58376563e-01
  -3.60051036e-01 -2.12945506e-01  2.71224093e+00]]
Peso 2:
[-0.05337435  0.784191    0.21729575  0.11968041  0.22831245  0.00635025
 -0.3398239 ]
Camada: saida
Peso 1:
[[ 0.7784546  -0.55957747]
 [-1.4667846   1.3199801 ]
 [-0.80328196 -0.11322735]
 [-0.709189    0.7273428 ]
 [-0.23260395  0.4496436 ]
 [-0.37577125 -0.24347237]
 [ 3.2060812  -1.9807056 ]]
Peso 2:
[-0.4952816   0.49528405]



pesos modelo: 
Test loss: 0.0001, Test accuracy: 1.0000
Camada: meio
Peso 1:
[[ 3.39828372e-01  4.67442870e-02  3.86941314e-01  3.82205009e-01
   3.91072690e-01  4.43366170e-02 -8.77308547e-02]
 [ 3.45632881e-01 -1.27135098e-01  2.24165186e-01  8.67223218e-02
   3.54297817e-01  2.68484235e-01 -5.38809150e-02]
 [-2.97147602e-01 -9.04559419e-02  3.68641406e-01 -2.09965497e-01
   1.70152634e-01  2.72490054e-01  4.54769671e-01]
 [-1.53708071e-01 -2.55731046e-01  7.26070115e-03 -3.02431881e-01
   3.21444005e-01  2.64743477e-01  4.22115952e-01]
 [ 2.33636349e-01 -2.23650068e-01  4.04412478e-01 -2.73968607e-01
   3.45191151e-01  2.53331244e-01 -2.43344232e-01]
 [ 4.25017506e-01 -1.36242449e-01  1.35467470e-01 -1.35372996e-01
  -1.60607055e-03  4.34199981e-02  1.90108687e-01]
 [-4.08168465e-01 -3.41185451e-01  5.20391285e-01  1.31508736e-02
  -2.61618849e-02  1.05901644e-01  2.79460579e-01]
 [-1.60387196e-02  2.10433137e-02 -3.41761708e-01 -3.08365524e-01
  -9.49106459e-03 -1.62550911e-01  5.23096099e-02]
 [ 2.73375839e-01  3.59518558e-01  4.25217263e-02 -1.56018659e-01
   4.74482983e-01  2.49871090e-01 -3.36162865e-01]
 [ 3.24581683e-01  3.87718052e-01 -1.93433613e-01  3.91894847e-01
   3.31448764e-02 -1.08614735e-01 -1.98222876e-01]
 [-6.01508766e-02  3.94908227e-02  2.92354673e-01  2.07531571e-01
   3.25256526e-01  3.05180252e-01  1.70511127e-01]
 [ 3.49737912e-01 -3.52578536e-02 -7.36531196e-03 -4.12115633e-01
   3.02149087e-01  2.19723046e-01  1.68968171e-01]
 [ 1.47605062e-01 -1.15127318e-01  4.18821722e-01 -1.27368852e-01
   3.11016560e-01  3.32884550e-01  1.29043415e-01]
 [-3.44190508e-01 -3.69149536e-01  1.65498883e-01 -3.91295105e-01
  -3.92181464e-02 -8.43936503e-02  2.23024469e-02]
 [-3.04873556e-01  2.87148446e-01  1.48461819e-01 -9.57244635e-02
   1.63920343e-01  1.04432687e-01  5.58172315e-02]
 [-1.09184623e-01  1.89657971e-01  1.55946299e-01 -2.16188237e-01
   4.14192900e-02  1.40748486e-01  4.78643477e-01]
 [-2.88690150e-01  4.23801661e-01 -1.93158269e-01  4.15426910e-01
   1.02559790e-01 -2.62382459e-02  5.63104078e-02]
 [ 3.66653442e-01  2.57852197e-01  9.53140706e-02  3.14292699e-01
   1.93421796e-01  2.16358021e-01  3.04453522e-01]
 [-3.58377159e-01  1.05334707e-01 -2.48619199e-01 -3.84637028e-01
   3.78039807e-01  7.34391659e-02 -1.81692168e-01]
 [ 2.86737919e-01 -1.69202760e-01 -3.28959852e-01 -1.54028088e-01
   2.14364737e-01  9.61175784e-02  3.78056765e-01]
 [-2.72558868e-01 -3.70649785e-01 -5.23535192e-01 -3.44691500e-02
  -1.73765087e+00  2.29849458e+00 -8.25381339e-01]
 [-3.31635803e-01 -1.56441957e-01 -6.24836981e-01 -4.72455285e-02
  -1.55648291e+00  2.49144626e+00 -4.81735349e-01]]
Peso 2:
[ 9.8306090e-02  9.4377145e-02  3.7099054e-01 -4.7797989e-04
  7.5594229e-01 -3.9860269e-01  3.1741711e-01]
Camada: saida
Peso 1:
[[-0.19476405  0.29652503]
 [-0.35919783  0.06090006]
 [-0.67257583  0.8564207 ]
 [-0.36487833 -0.35820746]
 [-1.5835147   1.875468  ]
 [ 1.6741457  -2.9662066 ]
 [-0.3405251   0.9348441 ]]
Peso 2:
[-0.00039019  0.00039352]



pesos modelo: 
Test loss: 0.0003, Test accuracy: 1.0000
Camada: meio
Peso 1:
[[ 0.30592823  0.2175073  -0.16549003 -0.36978698  0.40830696 -0.33018765
  -0.4179901 ]
 [ 0.1856661   0.02636511  0.03607042 -0.02367384 -0.13139609 -0.11808328
   0.3008557 ]
 [-0.04552415  0.12076221  0.14095855  0.03566335 -0.2769482   0.01704305
  -0.27124932]
 [-0.48459116  0.1931545  -0.28948423  0.0779587  -0.16209482  0.05266817
  -0.17016686]
 [-0.03006141  0.28265044  0.36863753  0.06599732  0.21775578 -0.01409602
  -0.38693815]
 [-0.39823392  0.26706156  0.28052932  0.05653289  0.30131274 -0.34355816
  -0.41973215]
 [-0.07577519  0.21091373 -0.09987663  0.05685176  0.05545377  0.14414673
   0.03781725]
 [-0.36650097  0.2960835  -0.14187431  0.13009799 -0.26207453 -0.29922777
  -0.19766141]
 [-0.3026043   0.23695365  0.02373054  0.04749199  0.37506616  0.11475319
  -0.01546357]
 [ 0.2993052   0.20501663 -0.3030018   0.06497636  0.04885679 -0.11624265
   0.14573243]
 [ 0.1788006   0.29599637 -0.42399335  0.10921508  0.05645425  0.11811432
  -0.00608812]
 [-0.1887572   0.4090845   0.23476224  0.17567039 -0.28902707  0.26901403
  -0.09018542]
 [-0.23356895  0.42080718  0.30009747  0.1783408  -0.25376415  0.05752525
   0.23668759]
 [ 0.13115524  0.02217242 -0.3017633  -0.05877914  0.36651638 -0.3438802
  -0.33485606]
 [-0.02187961  0.4983652  -0.2748611   0.21369205 -0.04757074 -0.32708228
  -0.2194727 ]
 [-0.09610394  0.01974422 -0.2912699  -0.0337899   0.11105891  0.07659794
  -0.36796933]
 [ 0.19070822  0.1710327  -0.4155104   0.02619683  0.39948612 -0.18652259
  -0.33526433]
 [-0.41391894  0.3171815   0.04651417  0.09884325  0.14718242 -0.06456006
  -0.30995163]
 [ 0.05349419  0.4151741   0.3624533   0.14062493  0.12852901 -0.4669506
   0.03036473]
 [ 0.25797942  0.3903472   0.27056238  0.12267917  0.18949418 -0.17272976
  -0.32696372]
 [-0.16694476 -1.200498    0.3396225   2.741964    0.32184422 -0.16592678
  -0.37045383]
 [ 0.2469536  -1.2229767   0.15655568  2.6937575   0.7145389  -0.18695919
  -0.09300507]]
Peso 2:
[-0.19940925  0.94743633 -0.16189252 -0.37976626 -0.09517157 -0.15259898
 -0.01486113]
Camada: saida
Peso 1:
[[ 0.2189181  -0.2976313 ]
 [-1.2874287   1.6445559 ]
 [ 0.3780777  -0.23045199]
 [ 2.899063   -2.4678137 ]
 [-0.34085456 -0.9040218 ]
 [ 0.34973758 -0.36648056]
 [ 0.724288   -0.05026136]]
Peso 2:
[-0.57652813  0.57652867]



pesos modelo: 
Test loss: 0.0002, Test accuracy: 1.0000
Camada: meio
Peso 1:
[[ 2.89330423e-01 -2.13738769e-01 -1.89302117e-01 -1.17492378e-02
  -3.64506930e-01  3.19687068e-01  4.44482088e-01]
 [ 1.15116499e-01  2.56561846e-01 -2.85506193e-02  2.11156849e-02
   1.76601131e-02  4.28380996e-01 -3.18224072e-01]
 [ 1.60342287e-02 -2.95692056e-01 -4.45285812e-02 -1.58974938e-02
  -1.60287190e-02 -3.21486518e-02  1.66825593e-01]
 [-4.66625585e-04 -4.04497892e-01 -3.96404505e-01  4.52045128e-02
   3.75820510e-02  4.56427068e-01 -3.06837022e-01]
 [-8.81104693e-02  2.94931293e-01 -4.46708411e-01 -1.44066215e-02
  -1.54288085e-02 -4.01507840e-02 -1.57520324e-01]
 [-5.02904430e-02 -3.69095892e-01  3.34251612e-01  2.78451610e-02
   2.16393545e-02  9.68530700e-02  4.49893326e-01]
 [-7.86020234e-02  1.61192529e-02  2.04348475e-01  3.98654072e-03
   1.00942992e-03  1.65845841e-01 -4.03762579e-01]
 [ 1.03314810e-01  2.41427690e-01  3.76241952e-01  1.67187992e-02
   1.27978204e-02  1.66267022e-01  5.14023066e-01]
 [ 5.55489352e-03 -4.52149928e-01 -1.11955702e-01  2.74573974e-02
   2.12421734e-02  3.11857373e-01 -1.82956666e-01]
 [ 6.54550046e-02  1.81288049e-02 -2.54242450e-01  1.24080516e-02
   8.55385512e-03  1.11640424e-01  4.04957592e-01]
 [ 1.69086143e-01 -3.29809159e-01 -4.04277332e-02  3.98023576e-02
   3.36772427e-02  4.41048235e-01  3.17286998e-01]
 [ 8.72658193e-02  1.01817481e-01 -1.62849888e-01  1.82584655e-02
   1.33115267e-02  1.77153617e-01  4.15228665e-01]
 [ 6.64659888e-02  4.11841661e-01 -1.05367899e-01 -3.55449249e-03
  -4.75924741e-03 -1.71880201e-02  5.35379589e-01]
 [ 1.51588498e-02 -2.81323213e-02  8.64513144e-02 -1.05956467e-02
  -1.14369774e-02  2.93697789e-02  1.35291338e-01]
 [ 4.01128605e-02 -3.67884010e-01  1.42766749e-02  4.16433401e-02
   3.33181918e-02  3.59109938e-01  1.36211693e-01]
 [ 3.07249781e-02  3.30651760e-01 -3.35047513e-01 -7.40831066e-03
  -7.54248258e-03  1.45217642e-01 -2.18669593e-01]
 [ 8.37125555e-02 -2.30436996e-01 -3.69416922e-01  3.87883522e-02
   3.25465798e-02  5.19721985e-01 -3.98204446e-01]
 [ 1.14472888e-01 -3.45100313e-01  1.16430297e-01  3.26829068e-02
   2.58627124e-02  3.03409666e-01  4.20399129e-01]
 [ 7.80361099e-03 -4.00687605e-01 -3.10497612e-01  6.83279335e-02
   5.89794442e-02  6.01103961e-01 -2.78727114e-01]
 [-6.27997657e-03 -2.22133592e-01 -4.26888429e-02  5.66198342e-02
   4.82661836e-02  5.77665389e-01 -4.47342068e-01]
 [ 1.72771227e+00  2.65795261e-01 -3.27782899e-01  2.07239890e+00
   1.61866522e+00 -7.00250864e-01  1.99016854e-01]
 [ 7.53572583e-01 -1.23558223e-01  3.49730104e-01  2.28990984e+00
   2.07103300e+00 -3.00153047e-01 -1.76887453e-01]]
Peso 2:
[-0.20562686  0.0096976  -0.02571416 -0.12286401 -0.09106171  0.7094832
  0.15357053]
Camada: saida
Peso 1:
[[ 1.005513   -0.98627675]
 [ 0.23095378  0.3537689 ]
 [-0.35598576 -0.67293996]
 [ 2.217792   -1.6929299 ]
 [ 1.5003821  -1.9201914 ]
 [-0.61511916  1.219835  ]
 [ 0.16288929  0.8642024 ]]
Peso 2:
[-1.5860113  1.5860136]



pesos modelo: 
Test loss: 0.0005, Test accuracy: 1.0000
Camada: meio
Peso 1:
[[-9.15979743e-02 -3.17587554e-02  3.58014762e-01  2.65965760e-02
   3.79981339e-01 -3.09083343e-01 -5.72742224e-02]
 [-4.09148127e-01 -3.10309023e-01 -3.61362487e-01 -1.39181362e-02
  -2.32981406e-02 -4.10105474e-03 -4.24487889e-01]
 [-1.88779578e-01 -2.63659731e-02 -3.48650753e-01  3.68306898e-02
   6.93950057e-02  5.17713308e-01  1.52637646e-01]
 [-2.53738046e-01  1.70464724e-01  1.39039844e-01  3.80798168e-02
   6.95500523e-02  5.33094823e-01  3.02115288e-02]
 [ 1.42037481e-01 -4.83695269e-01 -1.73918493e-02  3.04499380e-02
   5.58916181e-02  4.68712717e-01 -4.53926682e-01]
 [-3.26372594e-01  1.97707742e-01 -9.90693793e-02 -1.24694305e-02
  -1.88895371e-02 -1.04614189e-02  2.17965633e-01]
 [-3.08373779e-01 -3.64409387e-01  3.46322894e-01  4.59869625e-03
   1.11297173e-02  1.97410226e-01 -9.41630378e-02]
 [-3.56947839e-01  2.84716517e-01  6.91561848e-02  4.11660448e-02
   7.62464404e-02  5.61130524e-01  7.09596425e-02]
 [ 2.32893288e-01 -4.39902067e-01  2.23723099e-01  3.46605107e-02
   6.60715178e-02  4.83646750e-01  3.74632895e-01]
 [ 2.36374050e-01  3.04107547e-01 -1.30207777e-01  2.55166385e-02
   4.91518416e-02  3.80476385e-01 -1.76397059e-02]
 [ 3.43755245e-01 -1.30640686e-01 -4.14496869e-01  1.65921892e-03
   6.20367005e-03  1.43572152e-01  1.59436971e-01]
 [ 5.63360564e-02  2.47977480e-01 -1.86191946e-01  4.20911945e-02
   7.80649632e-02  5.64661980e-01 -3.63631509e-02]
 [-2.15406552e-01 -4.77943450e-01 -3.83585662e-01 -1.36184264e-02
  -2.28369478e-02 -1.24674654e-02 -6.44582734e-02]
 [ 3.68413776e-01  1.32389858e-01  1.88707724e-01  1.40988659e-02
   2.64385287e-02  2.75206596e-01 -1.86650306e-02]
 [ 3.00571382e-01  2.26962507e-01  2.70774364e-01  1.28350267e-02
   2.65813395e-02  2.54663199e-01  1.57608658e-01]
 [-1.94852784e-01  5.44907227e-02  1.91430375e-01  1.93588040e-03
   7.53726950e-03  1.55415490e-01 -3.23393255e-01]
 [-7.26561025e-02  1.03048064e-01  8.41021165e-02  2.54125167e-02
   4.81338985e-02  3.79182637e-01  2.94258803e-01]
 [-2.75611579e-01  2.33603507e-01  1.21875413e-01 -3.14394175e-03
  -3.31649184e-03  9.86702964e-02 -1.15429319e-01]
 [-7.35663250e-02  2.62380809e-01  2.12887421e-01  2.00380720e-02
   4.05727550e-02  3.21922123e-01 -4.79116030e-02]
 [-1.10505871e-01 -2.94218481e-01 -3.55774432e-01  3.03460453e-02
   5.77549972e-02  4.74343419e-01 -3.02396238e-01]
 [-4.24882293e-01 -4.62306403e-02 -4.06300843e-01  1.90262580e+00
   2.44122648e+00 -1.55871645e-01 -1.30810723e-01]
 [-4.42213953e-01  7.37300292e-02  2.87751198e-01  1.59537566e+00
   2.69158244e+00 -9.79554001e-03 -3.97270620e-01]]
Peso 2:
[-0.00579963 -0.06956628 -0.06134085 -0.09639476 -0.19545299  0.61859095
 -0.02535278]
Camada: saida
Peso 1:
[[ 0.04073459  0.19686383]
 [-0.18813157 -0.07174259]
 [ 0.47399217  0.52754045]
 [ 2.0236664  -1.1823729 ]
 [ 2.1791186  -2.6469932 ]
 [-1.0406469   0.6521902 ]
 [-0.01325451  0.18716218]]
Peso 2:
[-1.6006843  1.6006867]



pesos modelo: 
Test loss: 0.0001, Test accuracy: 1.0000
Camada: meio
Peso 1:
[[ 6.03078008e-02  2.12343395e-01 -2.40171045e-01  2.27165461e-01
  -1.61604702e-01  4.13551927e-03 -7.42406249e-02]
 [ 4.29742515e-01  1.67025343e-01 -3.73613715e-01  1.18692897e-01
  -3.64978790e-01  1.24158300e-01  4.41099733e-01]
 [ 5.34851015e-01 -5.20503782e-02 -4.70104963e-02 -2.24662736e-01
   3.77256423e-01  2.49990113e-02 -9.20937732e-02]
 [ 1.64482072e-01 -1.39683101e-03  1.56116471e-01  1.65140465e-01
  -4.81819846e-02  2.54905839e-02  5.67306839e-02]
 [-2.64981896e-01  8.54605436e-02  1.76998273e-01  3.59823614e-01
   3.27328354e-01  6.37405664e-02  1.76919550e-01]
 [ 3.88498038e-01 -2.22826168e-01  1.09415427e-01 -1.47417903e-01
   2.24478677e-01  5.92536703e-02  1.26550823e-01]
 [ 5.39424479e-01  6.24174960e-02 -1.06966175e-01 -2.31713176e-01
  -1.44427523e-01  6.51111603e-02  2.76463270e-01]
 [ 3.90000135e-01  1.74712807e-01 -3.40294719e-01  2.20997214e-01
   1.88193113e-01  1.27798602e-01  1.98407948e-01]
 [ 2.95774788e-01 -2.11030021e-01 -4.44823056e-01 -1.97758183e-01
   2.66489059e-01  1.54010773e-01  5.52698016e-01]
 [ 2.31411278e-01 -4.14366901e-01 -1.26065210e-01  1.38125092e-01
  -2.52029836e-01  9.53316409e-03  4.69738506e-02]
 [ 1.93992332e-01 -1.65275440e-01 -3.48331422e-01  3.28780651e-01
  -2.62654841e-01  8.41478556e-02  2.63310969e-01]
 [ 5.02242982e-01  1.71566367e-01 -3.89668971e-01  4.51611131e-01
  -1.53285772e-01  1.01077132e-01  2.49036383e-02]
 [-1.60289124e-01  2.12534703e-02  8.77262875e-02 -3.34143788e-01
  -2.28616342e-01  1.93770826e-02  5.96263051e-01]
 [-6.90949187e-02 -4.66896862e-01  3.65172833e-01  2.24787556e-02
   1.12045571e-01  5.52383400e-02  3.31144243e-01]
 [-1.86502591e-01  3.04049164e-01 -1.68853983e-01  3.96641165e-01
  -2.82470495e-01 -6.83883717e-03  1.14501327e-01]
 [-6.32153526e-02 -4.52001035e-01  4.92979772e-03  4.42868322e-01
   5.44440866e-01  2.53196899e-02 -2.16569811e-01]
 [-1.45295084e-01  3.55194181e-01 -1.43541023e-01  4.60739173e-02
   2.75721431e-01  9.46362093e-02  4.33468163e-01]
 [ 7.25899264e-02 -3.13838780e-01  2.16766208e-01  4.95232679e-02
   4.02876496e-01  1.33395091e-01  4.01690215e-01]
 [-1.94341660e-01 -1.25006586e-01  2.17452511e-01  4.38622177e-01
   1.34028658e-01  1.33981436e-01  4.23739195e-01]
 [-2.21948847e-01  1.27676785e-01 -4.36933815e-01  4.05655622e-01
   2.76657552e-01  1.70068517e-02 -1.61421616e-02]
 [-4.81282145e-01  5.26391566e-02 -7.80257881e-02 -4.73899812e-01
   1.06711090e-02  2.80671692e+00 -7.76661992e-01]
 [-9.06825140e-02  2.75588352e-02  1.98051348e-01 -1.02528185e-01
  -4.69071686e-01  2.99235034e+00 -4.28719312e-01]]
Peso 2:
[ 0.34291703 -0.08970512 -0.0852825   0.31958908  0.25172776 -0.37915292
  0.5998493 ]
Camada: saida
Peso 1:
[[-0.65219784  0.4055203 ]
 [ 0.08011848 -0.12819941]
 [-0.54469675  0.29879314]
 [-0.46208933  0.64089847]
 [-0.7871075   0.01773556]
 [ 3.158893   -2.5711484 ]
 [-0.43680117  1.3752637 ]]
Peso 2:
[-0.65005785  0.6500606 ]
