


pesos modelo: 
Test loss: 0.0001, Test accuracy: 1.0000
Camada: meio
Peso 1:
[[-1.30804062e-01 -2.77894557e-01 -2.75350481e-01 -2.90719032e-01
   1.39002502e-01 -5.99552691e-02  3.96704018e-01  1.46522820e-01
   7.52693415e-02  1.63772047e-01 -3.43619287e-01]
 [ 3.08352500e-01 -2.81065349e-02  1.65762991e-01 -1.12993322e-01
  -2.16400936e-01  2.19011843e-01  3.48506033e-01  2.71854103e-01
   7.49602020e-02 -1.56020418e-01  3.60544592e-01]
 [-6.38890788e-02  2.84435302e-01 -1.72650382e-01 -9.06241313e-02
   4.83997315e-02  2.61262804e-01  1.08372755e-01  1.51735336e-01
   6.84986860e-02 -1.11862518e-01 -1.43157944e-01]
 [ 3.07224274e-01 -5.06450757e-02  1.11929044e-01  3.30807626e-01
   3.72075796e-01  2.52414137e-01  3.81688505e-01  3.60489577e-01
   1.09631769e-01  2.68213362e-01  1.30687043e-01]
 [-1.21046394e-01 -1.14166342e-01  3.59619558e-01 -3.99256021e-01
  -3.92993510e-01 -4.08395410e-01  3.88225853e-01  3.52580398e-01
  -7.76170641e-02  1.58755243e-01  1.73190847e-01]
 [ 1.65680926e-02  1.91336125e-01  1.13214292e-01  3.50031704e-01
   9.62151736e-02  1.26460046e-01  4.07667160e-01 -1.95875958e-01
   8.15462545e-02  2.32041776e-01  7.00885057e-02]
 [ 3.74056906e-01 -2.66851157e-01  2.54802495e-01  3.54436278e-01
   2.98198342e-01 -1.98315829e-02  3.92749369e-01  5.63635640e-02
  -8.81505944e-03  3.08015287e-01  3.12281817e-01]
 [ 3.04256439e-01  1.52061775e-01 -2.94176400e-01 -3.16889644e-01
  -3.16597402e-01 -1.10433891e-01  3.32607776e-01  1.80562198e-01
  -1.53875977e-01  4.25690025e-01  1.68357551e-01]
 [ 2.51741618e-01 -3.72484386e-01 -4.68175150e-02 -2.48664320e-01
   4.11172807e-01  2.21665859e-01  1.95877254e-01 -2.59158283e-01
   2.65341923e-02  3.07848275e-01  2.11362597e-02]
 [-4.27365080e-02  2.55731344e-01  1.00891568e-01 -2.64036208e-01
  -3.22379947e-01 -3.80127579e-01 -2.55729705e-01  3.11048567e-01
  -4.35829125e-02  2.59071350e-01 -2.16612354e-01]
 [ 3.93591344e-01 -2.84331173e-01  1.29033783e-02 -3.56213719e-01
   3.30989927e-01  2.38003507e-01  1.69404343e-01  3.28771472e-01
   2.14198977e-01  1.77188501e-01 -5.31586353e-03]
 [ 2.11236313e-01 -8.65173489e-02  3.43313545e-01  4.08167005e-01
   1.42141759e-01 -3.78187358e-01  3.99402320e-01  3.42730403e-01
   3.80761594e-01  1.13010416e-02  5.35070933e-02]
 [-6.22523800e-02  2.89339691e-01  8.31627920e-02 -4.20953870e-01
   2.10956540e-02 -3.47487509e-01  5.38104177e-01  3.34686488e-01
   2.59176970e-01 -1.69945419e-01  1.20689757e-02]
 [ 1.28280381e-02  2.65896738e-01  3.97162706e-01  8.84249341e-04
   1.07063808e-01 -3.83399352e-02  6.30630851e-02 -3.10620695e-01
   1.54355615e-02  1.54662549e-01  8.54224116e-02]
 [ 2.99088955e-01  2.23607406e-01  4.25435394e-01 -2.51464069e-01
  -5.28023615e-02  2.45357335e-01 -2.73172915e-01 -2.89595068e-01
  -1.69558695e-03 -2.02401802e-01  2.67597258e-01]
 [ 9.35294181e-02 -3.30048352e-01  4.82707739e-01  7.04031587e-02
  -1.96028382e-01 -1.38503045e-01  2.75024474e-01 -2.05307920e-02
   2.55228609e-01 -1.22985011e-02  1.35791421e-01]
 [ 3.22724909e-01 -2.12044001e-01  1.88865274e-01  2.27322027e-01
  -3.03871743e-02 -7.49517828e-02 -2.14001924e-01 -2.31182098e-01
  -1.40861630e-01 -1.34543628e-01  2.60888785e-01]
 [ 2.64962494e-01 -5.83755299e-02  4.76030231e-01 -9.45577770e-02
  -1.00965880e-01  2.05237567e-01 -1.61535636e-01 -3.46423946e-02
   1.35842502e-01  3.38225588e-02  1.26532704e-01]
 [ 2.62721181e-01 -2.23737016e-01 -3.01170141e-01  2.80302186e-02
  -1.34879336e-01 -2.14649841e-01  4.24981147e-01 -2.19981015e-01
   6.42712340e-02 -2.18391523e-01  2.03918919e-01]
 [ 3.76485407e-01 -2.35964566e-01  1.73888937e-01 -1.53333038e-01
   2.95273930e-01 -2.30847791e-01  1.24390842e-02  2.72366762e-01
   1.43409548e-02 -1.64980069e-01  1.98834151e-01]
 [-1.09567213e+00 -5.64779863e-02 -9.00380313e-01  3.05454403e-01
   1.89118579e-01 -1.82127699e-01 -5.21796107e-01  6.07149839e-01
   1.42966485e+00  6.89310610e-01  2.10371542e+00]
 [-1.16937125e+00 -2.22573832e-01 -5.12542963e-01 -1.24202661e-01
   3.36903751e-01  6.68770522e-02 -1.03386950e+00 -4.42732275e-02
   1.48734474e+00  6.73187196e-01  1.97268295e+00]]
Peso 2:
[ 0.67350626  0.0356288   0.40900165 -0.00671462 -0.04694548 -0.06851915
  0.4634383  -0.07014249 -0.11093727 -0.00438682 -0.4140638 ]
Camada: saida
Peso 1:
[[-1.6026709   0.94704694]
 [-0.40421662  0.39317837]
 [-0.44594863  1.1455687 ]
 [-0.0927716  -0.10500216]
 [ 0.15740672 -0.53667176]
 [-0.55864227  0.20193218]
 [-1.1600075   0.6924759 ]
 [ 0.34052828 -0.01604049]
 [ 1.336812   -1.4173106 ]
 [ 0.94345355 -0.25982204]
 [ 1.8035609  -2.1493132 ]]
Peso 2:
[-0.38755107  0.3875557 ]



pesos modelo: 
Test loss: 0.0001, Test accuracy: 1.0000
Camada: meio
Peso 1:
[[ 0.23705935 -0.08541846 -0.3225797   0.18715173  0.31938297  0.37694246
  -0.29391527  0.38707572  0.4206915  -0.34474406  0.19245678]
 [ 0.23037644 -0.33715272  0.44612467  0.3314552   0.15726042  0.39005563
  -0.19721171  0.27617997  0.29008391  0.3319578  -0.19405632]
 [-0.11375046  0.29954293 -0.24643408 -0.11036371  0.08578121  0.51375437
   0.37587613 -0.10818084  0.03679945 -0.3355095   0.170451  ]
 [ 0.01424923  0.20518425 -0.16073768 -0.03005995  0.0332615   0.28758267
   0.43145788  0.18188313 -0.2669075   0.02287705  0.19853704]
 [ 0.2616849  -0.17599015  0.13373713  0.21729372  0.19653884  0.508427
  -0.3250011  -0.0394359  -0.2365059  -0.16691174 -0.42109314]
 [ 0.26433364 -0.37080362 -0.13343458  0.233518    0.06565741  0.348985
  -0.18747516 -0.18038794 -0.28777632  0.28044337 -0.19546714]
 [ 0.34881788 -0.18300271  0.3650426  -0.07071348  0.12730414 -0.23650987
  -0.01595791 -0.00754532 -0.10428199 -0.29626596 -0.168561  ]
 [-0.15270406 -0.06498148  0.2556013  -0.03594658  0.03570817  0.31422716
  -0.3883954   0.24803345 -0.3093926   0.04414425 -0.17840555]
 [ 0.46062604  0.15715708 -0.14710458 -0.25497785  0.09520178 -0.24265881
   0.2058026   0.39197606 -0.39860865  0.38724813 -0.24391137]
 [ 0.14627497 -0.00698926  0.463707    0.05392271  0.07750424 -0.05628843
  -0.22951142 -0.3581731   0.43484148  0.11528354 -0.10999034]
 [ 0.02728735 -0.11420493  0.47037834  0.2544423   0.10165679  0.38015968
  -0.3548125   0.0099045   0.01478074 -0.0350678  -0.23579288]
 [ 0.33979845 -0.17854449  0.3390833   0.36798805 -0.01748503 -0.15711693
  -0.2885007  -0.24112096  0.4067153   0.22074908 -0.30069596]
 [ 0.31863493  0.35980955 -0.09444558  0.12780397  0.07745898  0.0911732
  -0.21609108 -0.28891543 -0.32896164  0.03706619  0.40579396]
 [ 0.29112276 -0.40604112 -0.2972466  -0.01149398 -0.01325782 -0.08885168
   0.01735734  0.13304739 -0.00977281  0.02304972  0.22459494]
 [ 0.32457328 -0.05171308 -0.24294603  0.33094084 -0.04585464  0.09102428
   0.3395031  -0.34417972  0.02487419  0.39133188  0.22972801]
 [ 0.08932137 -0.09467281  0.5183183   0.02665443  0.03748405 -0.13819137
  -0.36402434 -0.08291653 -0.12912631 -0.24014004 -0.3022647 ]
 [ 0.04349034 -0.39921188  0.07698127 -0.12365963  0.11021331  0.17770822
  -0.03942709 -0.00871306  0.3267429  -0.19364536  0.22754678]
 [ 0.14910978 -0.37154433  0.21536317 -0.06683843  0.19692165  0.33815485
  -0.24834861 -0.39380607 -0.406566    0.11312318  0.22232844]
 [ 0.01286906  0.0957392  -0.1666373  -0.01826686  0.04132018  0.36002442
  -0.01940124  0.16786334  0.1803529   0.07266729 -0.1310624 ]
 [ 0.27638564 -0.10693682  0.45755723  0.24964756  0.15926526  0.19460814
  -0.02195659  0.2750149  -0.27682248  0.07573242  0.3317384 ]
 [-1.0129393   0.08591783 -0.6749191   0.53535795  2.7110336  -0.6928012
   0.02617759 -0.05255096 -0.28710485  0.12533587  0.05902804]
 [-1.1463168   0.18370041 -0.45104802  1.429261    2.2859712  -0.8207373
  -0.3923939   0.43734923  0.04873103  0.41365832 -0.32507664]]
Peso 2:
[ 0.6425604  -0.03655726  0.31070265 -0.13236713 -0.384702    0.50657904
  0.02059678 -0.01483198  0.0345263  -0.0189194   0.01579305]
Camada: saida
Peso 1:
[[-1.1219875   1.2953776 ]
 [-0.6068572  -0.1952049 ]
 [-1.0679337   0.09106215]
 [ 0.7440687  -1.0090867 ]
 [ 2.4906886  -2.3489566 ]
 [-0.7441292   1.0992575 ]
 [-0.1647605   0.01825972]
 [-0.43504304 -0.5428581 ]
 [-0.25551417  0.03822574]
 [ 0.72219706  0.42387474]
 [-0.34899664  0.16895148]]
Peso 2:
[-0.35246578  0.35246915]



pesos modelo: 
Test loss: 0.0001, Test accuracy: 1.0000
Camada: meio
Peso 1:
[[ 0.01186925  0.3847388  -0.28646234  0.28107214 -0.41906062  0.23293889
   0.03236371  0.15995097 -0.14315447  0.05086294  0.41935545]
 [ 0.05964115  0.09469906 -0.29227465 -0.09801526 -0.22348382 -0.29893863
  -0.33575225 -0.15883215  0.38177854  0.38322213 -0.24450882]
 [-0.18076012  0.05631874  0.43195286 -0.0468169   0.3674978  -0.23013203
   0.10471714 -0.13445337  0.35192618  0.34985667  0.21781659]
 [-0.3331748   0.24412838 -0.33119795  0.05434233  0.01045287 -0.26216903
   0.11287935 -0.08643648 -0.10075002  0.26451465 -0.28672922]
 [-0.12517741 -0.17109728  0.04975616  0.11274789 -0.4035765  -0.33395746
   0.36232844 -0.38519973  0.12759624  0.02441744  0.0743145 ]
 [-0.1966997   0.07074447 -0.05561493  0.4712652  -0.0962564  -0.16287188
   0.21733394  0.40521497 -0.05551924  0.2881323   0.15560806]
 [-0.40413246 -0.182561   -0.08489358 -0.23289025 -0.40466863 -0.23790833
   0.40503404 -0.02983536  0.05150281 -0.12215465  0.30714226]
 [ 0.11854728 -0.01028871 -0.27588218 -0.24443161  0.0122306   0.14870012
  -0.1763457  -0.10032598  0.09073371  0.05777743  0.2227005 ]
 [-0.1189566   0.15342811 -0.00518114  0.20766182  0.00204069  0.19582997
   0.35869583 -0.06263229  0.2056233   0.3950405  -0.31281433]
 [ 0.21970505  0.25848252 -0.10456064  0.04642953  0.01451986  0.25366685
  -0.13451274 -0.20688407 -0.06914118  0.28301316 -0.04091442]
 [ 0.4426379   0.22051054  0.04122967  0.32023978 -0.32267588  0.00635804
   0.1730092  -0.36531147  0.2664183   0.5372371  -0.18949553]
 [ 0.02317534  0.08805067 -0.33416724  0.18052024  0.1802541  -0.21658607
  -0.1998021  -0.3487785   0.01570027  0.23330781 -0.12197796]
 [-0.10979125  0.23749664  0.2880317  -0.07727827 -0.40860483  0.10365456
   0.29768378  0.27308726  0.2279423   0.43501964  0.35912946]
 [-0.1796092   0.1816216   0.1192143  -0.03334269 -0.3988881   0.35684878
  -0.25543925 -0.0644268   0.14022958  0.32986414 -0.29291657]
 [-0.0135553   0.198352    0.20249179 -0.00279384  0.05628191  0.40675497
   0.26499224  0.06554575 -0.09566544  0.19338553 -0.24373393]
 [-0.03986789  0.16362512 -0.0692028   0.10948631  0.08405422  0.02938726
  -0.19703674  0.04016585 -0.158214    0.17159721 -0.18771799]
 [-0.39055902  0.06440208 -0.23891447 -0.17817816 -0.22875437 -0.30836868
  -0.15740637 -0.00316931  0.00366415  0.10753758  0.2748868 ]
 [-0.13578002  0.19491154  0.3934961  -0.03865552  0.12171369  0.41394532
  -0.31325993  0.28830183  0.15125662  0.3625486  -0.06852497]
 [ 0.42778197 -0.02546355 -0.2614643   0.4419116   0.23578677 -0.11042994
  -0.44262013  0.40378913 -0.07569063  0.16457483 -0.24763319]
 [ 0.4053718   0.22170323 -0.192258    0.16232407 -0.36251104  0.01198253
  -0.1862189   0.10104357  0.12899594  0.4478904   0.41298106]
 [-0.3925092   1.9538033  -0.15594928  0.9962254  -0.2931186  -0.09452471
  -0.07060616  0.33791873  1.1911287  -1.7859228   0.2425082 ]
 [-0.3833732   1.951981   -0.36109623  0.4719449   0.10410646 -0.03894514
   0.10148344 -0.07221837  1.5768788  -1.7290627   0.19157626]]
Peso 2:
[ 7.10166097e-02 -3.60781163e-01  3.59495580e-02  5.21953516e-02
 -2.07375828e-02  1.08176656e-03  6.64124847e-04  1.53400805e-02
 -1.79908961e-01  9.58288193e-01  1.68199278e-02]
Camada: saida
Peso 1:
[[ 0.18273999  0.5099311 ]
 [ 2.3507495  -1.3579262 ]
 [-0.41618794 -0.20951998]
 [ 0.88007706 -0.45893443]
 [-0.12433312 -0.45908076]
 [-0.5634354  -0.41205645]
 [ 0.04097453  0.27756354]
 [-0.2156007  -0.41113123]
 [ 1.6227226  -0.90924764]
 [-2.0099046   1.8226606 ]
 [ 0.21257216 -0.10249692]]
Peso 2:
[-0.28488564  0.28488964]



pesos modelo: 
Test loss: 0.0002, Test accuracy: 1.0000
Camada: meio
Peso 1:
[[-0.35122582 -0.06457451  0.03710389  0.19228649  0.34743953 -0.22287539
  -0.09511784 -0.23009278 -0.40385118 -0.20496498  0.39819503]
 [ 0.3641327   0.41429377  0.19886158  0.30150482  0.430506   -0.05623499
   0.15133333  0.21092398 -0.18305725  0.11291539  0.36015952]
 [-0.11330414 -0.09978752  0.06608392 -0.34993526 -0.14071782  0.30691293
  -0.04213719  0.3099367   0.07044064  0.33336666 -0.3124877 ]
 [ 0.07295528 -0.10458313  0.13788736  0.22405934  0.0621832   0.10187542
  -0.0183974  -0.1221706   0.0181057   0.03580012 -0.03910833]
 [ 0.31731796  0.12398271  0.10711148  0.10144813  0.11126065  0.313734
   0.33398744  0.40776944 -0.33673778  0.23272271 -0.03946854]
 [ 0.5062581  -0.02403363 -0.03186597 -0.09348836  0.10009006 -0.11976889
   0.19106068 -0.25773433  0.31367025 -0.2165015   0.3470235 ]
 [ 0.5378607   0.16922909  0.16703574 -0.25281927  0.05964032  0.21447791
   0.24280865 -0.18137625  0.12618038 -0.16840306 -0.1563776 ]
 [ 0.08866577 -0.11203101 -0.06417502  0.19716625  0.08592241  0.13175014
  -0.21340382  0.42937693  0.14552967  0.24554153 -0.4592371 ]
 [-0.13210233  0.04329839  0.13674268  0.1538976  -0.09508768 -0.02340161
   0.07064678 -0.37484273 -0.21210681 -0.0334818   0.30534333]
 [-0.04722121 -0.04368133  0.32619384 -0.3797078   0.15041628 -0.0925077
  -0.10086199 -0.07086427 -0.25642204 -0.17185168 -0.15323488]
 [-0.23432073  0.35423264  0.3239436  -0.01030632  0.00478109  0.14220709
   0.0736377   0.444487   -0.22272918  0.04816245  0.17745687]
 [ 0.3258683  -0.18128188  0.18385565  0.14472736  0.28247064  0.13518074
   0.15972446  0.42743897 -0.4110341   0.01841255  0.21681489]
 [-0.08123435 -0.0946532   0.06220815  0.34692127 -0.13758661  0.2908218
   0.24443862 -0.02853362 -0.3707603   0.26484594 -0.28463674]
 [ 0.0414388  -0.29069152  0.29941884 -0.18365294  0.39918056 -0.14851053
  -0.25372335 -0.26303682 -0.23240882  0.1261565  -0.18793732]
 [ 0.11182096 -0.08924076 -0.0745874   0.01228087  0.05640462 -0.23187552
   0.24045259  0.06222903  0.02558265 -0.01594887  0.15170598]
 [ 0.24601261  0.01578569  0.0629698   0.01973156  0.01152034  0.2138736
  -0.12176831 -0.25418046 -0.06871063  0.10744104 -0.27909738]
 [ 0.23230419 -0.21262246  0.03557431 -0.0847872   0.12275004  0.02645195
   0.27726936 -0.00500768  0.21377525  0.13301764 -0.1980707 ]
 [ 0.15659417 -0.05930281  0.08486766  0.40867728  0.24897507  0.17507054
  -0.37152064  0.18779619  0.12343708  0.33337656  0.3667084 ]
 [-0.24021216  0.09728352  0.4079041   0.33686313  0.10464982  0.27704725
   0.2509782  -0.00848167  0.08639679  0.31237936 -0.35103866]
 [ 0.30296314  0.2780834   0.20835069  0.08870142  0.15542208  0.35417426
   0.08885739  0.2750206  -0.4197146   0.19403838 -0.26924947]
 [-0.91280216  0.70106834 -1.5481832  -0.03377785  1.957902    1.0697097
   0.1168045  -0.47815177  0.18149455 -0.82808477  0.35879472]
 [-0.96619827 -0.24543707 -1.6049054  -0.59481454  1.4557952   1.6611545
   0.46070012 -0.45436165 -0.35787776 -0.76225346 -0.21043094]]
Peso 2:
[ 0.53234434  0.02786118  0.86780185  0.15418312 -0.19851968 -0.15024029
 -0.01769238  0.16579719 -0.08382112  0.45059747 -0.04666129]
Camada: saida
Peso 1:
[[-1.0691037   1.1177591 ]
 [ 0.28412047 -0.26482645]
 [-1.4541092   1.8083609 ]
 [-0.0681964   0.55222183]
 [ 1.8747623  -1.5249519 ]
 [ 1.908923   -0.70546377]
 [ 0.58425766  0.04296332]
 [-0.69912827 -0.00227708]
 [ 0.05436723 -0.3104883 ]
 [-0.8313701   0.81100035]
 [ 0.6321203   0.09365814]]
Peso 2:
[-0.01703644  0.01704072]



pesos modelo: 
Test loss: 0.0002, Test accuracy: 1.0000
Camada: meio
Peso 1:
[[-2.67566413e-01  2.06117928e-01 -1.52204126e-01  3.03857625e-02
   1.22760832e-02 -2.58869439e-01  2.44149268e-01  3.75151575e-01
   1.74633861e-02 -1.59809142e-01 -3.10159355e-01]
 [ 3.64861727e-01 -4.09505963e-01  9.53096226e-02  2.39982978e-01
   1.71126708e-01  1.02869704e-01 -3.15858692e-01 -1.62937880e-01
   1.94250599e-01  7.74055421e-02  2.78371543e-01]
 [-2.21920107e-02 -2.30344534e-01 -1.70578182e-01  3.11047714e-02
  -1.29394503e-02 -3.78849283e-02  1.59964904e-01  3.46286178e-01
  -3.28005403e-02 -4.04853486e-02 -3.15881595e-02]
 [-1.40807688e-01 -4.80842918e-01 -2.58462299e-02 -7.45403767e-02
  -1.04069494e-01 -3.03877294e-01 -2.88989663e-01  1.65424272e-01
   6.03322424e-02 -9.87786502e-02  2.70852566e-01]
 [-1.30066916e-01  3.97037029e-01 -1.04660571e-01  1.44049257e-01
  -2.00599715e-01 -1.88702671e-03  1.98096812e-01  1.07336007e-01
   1.54291630e-01 -1.09804481e-01  4.35215652e-01]
 [ 4.18707579e-01  8.83509964e-02  1.91265002e-01 -1.56524833e-02
   3.45234752e-01 -4.08683002e-01 -1.57422826e-01 -3.70806247e-01
   2.29987949e-01 -2.09473908e-01  3.18772584e-01]
 [ 5.56344509e-01  1.90936267e-01  1.82375744e-01  2.53354490e-01
   4.32156287e-02 -1.01437777e-01 -9.71174538e-02 -7.57558420e-02
  -7.44114295e-02  3.80417675e-01 -1.75923377e-01]
 [ 1.01334058e-01 -1.01596527e-01  3.80874984e-02  1.94678500e-01
  -3.89354110e-01 -1.74964517e-01 -8.59040953e-03 -3.22630286e-01
   3.24257612e-01  4.17730331e-01  3.56830478e-01]
 [ 1.35514736e-01  6.65866062e-02  2.56077081e-01  1.81126803e-01
   1.31596282e-01 -3.43461968e-02 -9.65494365e-02  2.23186284e-01
   1.77881330e-01  3.94010514e-01  4.94549483e-01]
 [ 3.10317189e-01 -6.30341917e-02  2.60307491e-01 -2.92614661e-03
  -3.83440368e-02  1.79937314e-02 -1.09370343e-01 -2.18214944e-01
  -8.11902732e-02  7.19770640e-02  2.22840756e-02]
 [-4.41475399e-02  5.61162755e-02  2.26519182e-01  2.16000840e-01
  -6.73842877e-02 -2.00959206e-01  2.57668197e-01 -1.94067284e-01
  -1.70127362e-01  2.63221949e-01  2.83691257e-01]
 [ 3.73997122e-01  1.26516610e-01 -3.98523845e-02  8.37974846e-02
  -2.59150207e-01  1.03751328e-02  3.48137587e-01  1.56766891e-01
   2.95398295e-01  4.77051049e-01 -6.47306517e-02]
 [-1.24815345e-01  1.18838996e-01 -1.15380883e-01  2.48817891e-01
  -1.29944995e-01  3.65986787e-02 -4.21994954e-01 -6.33164495e-02
   2.31469974e-01  3.27392161e-01  3.62600923e-01]
 [ 6.02654815e-01 -1.72189519e-01  1.00116111e-01  1.94975585e-01
   2.15054989e-01  2.79469401e-01 -2.45000254e-02  3.21474522e-01
   4.43018191e-02  6.01703078e-02 -4.40066047e-02]
 [ 4.86668736e-01  3.80728662e-01  2.09341660e-01 -7.98935965e-02
  -1.96844131e-01  2.32271537e-01 -3.99100065e-01  2.98303157e-01
  -2.56486628e-02 -1.49355456e-01 -1.17716361e-02]
 [ 2.33702287e-01  3.10218811e-01  2.94537157e-01 -4.56745774e-02
  -3.31808686e-01 -2.67618358e-01  1.32388040e-01  3.33914429e-01
   1.05592228e-01  2.27794182e-02  3.95379275e-01]
 [ 1.48809090e-01 -1.43305108e-01  5.62322699e-03 -1.22346647e-01
   4.30153385e-02  3.77011299e-01  3.78619105e-01 -8.01574066e-02
   2.91829646e-01 -1.26437154e-02  1.93310171e-01]
 [ 2.81089157e-01  1.54897228e-01  2.50959009e-01  2.25244999e-01
   1.93718851e-01  2.99811423e-01  3.34207475e-01 -1.51200652e-01
  -9.91210938e-02 -2.68909186e-01  3.74551177e-01]
 [ 6.59158081e-02  1.43062219e-01  2.82880396e-01 -2.15345860e-01
  -1.86124980e-01 -2.15366706e-01  3.26831013e-01 -1.24357007e-01
   9.27800238e-02  3.97181481e-01  1.43605128e-01]
 [-1.66726291e-01 -1.90193206e-01 -2.18929350e-02  2.48917788e-02
  -3.34687114e-01 -8.16749111e-02 -1.39657453e-01 -1.19164608e-01
   1.51642263e-01  8.84939060e-02  3.51862580e-01]
 [-7.87296534e-01 -6.08276911e-02  2.02554941e+00  1.11357427e+00
  -1.33257180e-01  1.26715582e-02 -9.00229961e-02  4.83762860e-01
   1.33638382e+00 -3.76263589e-01 -1.20886493e+00]
 [-1.13643384e+00 -9.80626047e-03  1.39191163e+00  1.22010672e+00
   8.71336907e-02 -1.96885824e-01  1.42315760e-01  1.61064178e-01
   1.69200313e+00 -5.83716154e-01 -1.17703485e+00]]
Peso 2:
[ 0.53822744 -0.05150355 -0.2699825  -0.18476105 -0.07616175  0.03541265
 -0.01762852 -0.03246658 -0.29536894  0.3432186   0.6191854 ]
Camada: saida
Peso 1:
[[-1.2147452   0.9550118 ]
 [ 0.28136373  0.26745084]
 [ 1.8821602  -1.4387553 ]
 [ 1.4610671  -0.6956879 ]
 [ 0.32873058 -0.09426463]
 [ 0.17335361  0.4066165 ]
 [ 0.11320353  0.14149684]
 [-0.21377717 -0.67350113]
 [ 1.0972682  -1.8373904 ]
 [-0.8456227   0.4026928 ]
 [-1.1746862   1.4510343 ]]
Peso 2:
[-0.3907233   0.39072558]



pesos modelo: 
Test loss: 0.0001, Test accuracy: 1.0000
Camada: meio
Peso 1:
[[-0.37476638  0.15897441  0.41030407 -0.15260547  0.26287776  0.39513785
  -0.37994736 -0.39979485 -0.24639368 -0.20117308  0.41010004]
 [ 0.22945899  0.3183093   0.1520799  -0.22135712  0.10595682  0.0085921
  -0.09338726  0.04036511 -0.31207427  0.33820927  0.23565708]
 [ 0.46195975  0.27144396 -0.083376   -0.20060539  0.35439026 -0.11528643
   0.12277747 -0.37410805  0.21705684 -0.10757573  0.25860083]
 [ 0.09142949 -0.20430547  0.17726523  0.38656414  0.3877747  -0.3095123
  -0.19814397 -0.21383804 -0.06623297  0.05814333 -0.03812306]
 [-0.30567715  0.2770196  -0.22836606  0.27917168  0.32186395  0.31982526
   0.09260921  0.28563955  0.04138768  0.4037097   0.04655478]
 [-0.15770191  0.371486    0.12525663 -0.08661456 -0.0925042   0.32000512
   0.27495322  0.2347652  -0.01034892  0.09471692 -0.01124941]
 [ 0.14549395  0.10054346 -0.14267187  0.3247087  -0.20320027  0.47007445
   0.24693769  0.3307198   0.37161693 -0.08271675 -0.06318462]
 [ 0.5050467  -0.20940413  0.06557226 -0.07465808 -0.01042952  0.14949064
   0.02828046 -0.17011897 -0.08959494 -0.2794856   0.11511072]
 [-0.2583001   0.23191123 -0.2607149   0.13319467  0.43422744  0.12744288
   0.12101395  0.03040399 -0.02277528  0.34986746  0.03444186]
 [-0.06313421  0.23469543  0.10784261  0.23214081  0.35323226 -0.03171036
  -0.10200774 -0.2861624   0.31823975 -0.04905438  0.12786725]
 [-0.03260138  0.04449482 -0.10267358  0.35582438 -0.08557234  0.07932427
   0.01437397 -0.12599497 -0.3353796   0.12021533 -0.14299002]
 [ 0.05080386  0.58292454 -0.1040917  -0.06836262  0.11259031 -0.25753146
   0.31108055  0.23405384 -0.42194882 -0.12640576  0.14414465]
 [ 0.26850834  0.23156892 -0.36183375 -0.30074674  0.19418268  0.2535593
  -0.1098638   0.30482346  0.07684583 -0.09174881  0.44896966]
 [ 0.19977842  0.35104275  0.07571479 -0.10470355 -0.28294706  0.351146
  -0.03261845  0.402223    0.45055848  0.01796306  0.15504679]
 [ 0.27130398  0.24530828 -0.11715909  0.25163457  0.09713946  0.4633035
  -0.05391809 -0.15727545  0.3861067  -0.08498524  0.2697552 ]
 [ 0.03371749  0.36673918 -0.3881882  -0.08235024  0.08935727 -0.03381195
   0.10901542  0.32409066 -0.00566466 -0.11682483  0.1629895 ]
 [ 0.22554968 -0.02146643  0.14987856 -0.04352547  0.292948   -0.0961227
  -0.12227113  0.00649131 -0.19505928  0.31517297  0.12269413]
 [-0.05908589 -0.1584049   0.2164273   0.26042807  0.47512168  0.19915234
   0.17990844 -0.33813342 -0.11573634 -0.03639503 -0.01589102]
 [ 0.39145315  0.03628645 -0.19904037  0.03460368  0.45307463  0.01946687
   0.33397034  0.48788667 -0.18772319  0.20649678  0.17271376]
 [ 0.237909    0.13814873 -0.17207766  0.05297489  0.27028328  0.17577675
   0.3334257  -0.15238331  0.26087195  0.3333745  -0.05503603]
 [-0.746729   -0.7339076   0.15161481  0.3198373  -0.9429749  -0.6210798
   1.2513063  -0.14735968  0.45427525  0.45588663  2.1943135 ]
 [-0.5901194  -0.8649182   0.21058379  0.5700631  -0.57008547 -0.58200765
   1.2838144  -0.4922534   0.03014963  0.9292611   2.209052  ]]
Peso 2:
[ 0.4711311   0.49429914 -0.13264014 -0.07557905  0.54474145  0.3987382
 -0.12739268  0.18947129 -0.07522496 -0.04898905 -0.31649774]
Camada: saida
Peso 1:
[[-0.9003588   0.62052435]
 [-1.2405021   0.662792  ]
 [-0.25290447  0.27780426]
 [ 0.58981395 -0.06195197]
 [-1.3114281   0.7530902 ]
 [-0.81055063  0.652132  ]
 [ 1.3913016  -0.79234457]
 [-0.17682014  0.6049761 ]
 [ 0.65443087 -0.17632325]
 [ 0.4815794  -0.7389455 ]
 [ 2.185965   -2.110443  ]]
Peso 2:
[-0.39227623  0.3922782 ]



pesos modelo: 
Test loss: 0.0001, Test accuracy: 1.0000
Camada: meio
Peso 1:
[[-2.08425045e-01  3.62999439e-02 -1.08452648e-01  4.09803391e-01
  -4.07201648e-01 -3.10430467e-01  1.92603707e-01 -2.09711269e-01
   5.27383983e-02  1.84836209e-01  1.27499759e-01]
 [-9.59368125e-02  3.88645321e-01 -4.06967569e-03  5.34897745e-01
  -2.34610364e-01 -3.54485703e-03  3.30500096e-01  2.09276602e-01
  -9.45175067e-02  1.23445705e-01  8.82588997e-02]
 [-3.67018804e-02  1.28992736e-01  6.71350583e-02  3.84971082e-01
  -1.34977430e-01 -1.16917260e-01  2.24264503e-01  2.05448732e-01
   3.51371989e-02  9.62715596e-02  9.17945504e-02]
 [ 1.93173438e-01  2.95419455e-01 -2.42882948e-02  5.26895046e-01
  -1.50702834e-01  3.45231831e-01 -1.77345630e-02 -9.36040878e-02
   2.92369574e-01  5.39740920e-03  2.42867872e-01]
 [-3.86167094e-02  2.88713127e-01  6.62259385e-02  3.24464202e-01
   1.47177756e-01 -2.45147735e-01 -1.77963302e-01  9.18992832e-02
   1.41559124e-01  6.18536994e-02 -3.71019989e-01]
 [ 3.55648726e-01 -9.03796479e-02  3.11235368e-01  3.43875468e-01
  -2.78456658e-01  1.73389643e-01  1.59780197e-02  2.51408033e-02
   5.45106269e-02  7.62488842e-02  1.86540913e-02]
 [ 5.13276495e-02 -2.58789033e-01  8.71002302e-02  1.95517704e-01
   2.53870845e-01 -3.74732882e-01  1.92611083e-01 -2.95292109e-01
   2.80174371e-02  6.74404728e-04  5.26125841e-02]
 [-1.09268151e-01  3.21923822e-01  8.33166763e-02  4.08189416e-01
   2.64677137e-01  3.47926915e-01 -2.50407666e-01  1.62875459e-01
   2.02723131e-01  7.57799223e-02 -8.05391669e-02]
 [ 2.60153294e-01  2.63806164e-01  3.05246979e-01  1.86141744e-01
   3.45192462e-01 -3.60423148e-01 -2.25450218e-01  3.33261102e-01
   1.31746620e-01  1.53181711e-02  3.32742244e-01]
 [-2.08866298e-01  4.44058366e-02  9.44916978e-02 -1.05496675e-01
   1.19973652e-01  2.24654540e-01 -2.00115502e-01  2.69329011e-01
  -1.41187400e-01  2.80276239e-02 -1.01323843e-01]
 [-1.49174839e-01  3.01586270e-01 -2.33190894e-01  5.73482752e-01
  -4.24332470e-02  3.31039339e-01  3.21778715e-01  4.42189395e-01
  -7.88603947e-02  1.96789891e-01 -8.57725665e-02]
 [ 1.05390720e-01  4.06607129e-02 -3.11150074e-01  1.82154477e-01
  -2.35489130e-01 -2.96368413e-02  2.00053960e-01  3.63461554e-01
   5.14657721e-02  5.55780046e-02  1.61494255e-01]
 [ 6.47541732e-02 -2.26467654e-01  2.42301792e-01  1.26654565e-01
   5.64556271e-02 -3.64028104e-02  2.04609707e-01  3.60799283e-01
  -9.45033878e-02  7.85090551e-02 -1.55415997e-01]
 [ 1.81536913e-01 -6.46123663e-02  1.18234009e-01  1.80572003e-01
  -1.42388523e-01  3.84948999e-01  1.18110888e-01  3.46232533e-01
  -1.32103264e-01  6.70717880e-02 -2.24867642e-01]
 [ 1.87879756e-01  2.03009874e-01 -2.38358676e-02  4.48095441e-01
  -5.20166196e-02 -2.58972555e-01  2.95620084e-01 -1.12741426e-01
  -9.77150351e-02  5.47774583e-02  2.34292254e-01]
 [ 2.38870904e-01 -2.47178286e-01  1.90939024e-01 -6.35360479e-02
  -1.73787296e-01  2.16999613e-02 -1.48839027e-01  1.37359574e-01
   7.52737466e-03  1.06148957e-03 -3.40964526e-01]
 [-2.74115264e-01 -1.86389312e-01 -2.11275920e-01  3.23403150e-01
   3.72197360e-01  2.00703204e-01  1.20657504e-01 -1.65671051e-01
   2.40317032e-01  4.13037986e-02 -1.83050081e-01]
 [-2.62288353e-03  3.11343849e-01 -3.67349274e-02  3.80835116e-01
   2.35750228e-01 -2.89971113e-01  2.41367772e-01  1.20829977e-01
  -1.43327624e-01  5.81029132e-02 -8.37010890e-02]
 [-1.61541611e-01 -2.86137491e-01 -3.41848105e-01  1.10776052e-01
   4.04854342e-02  6.04599388e-03  1.69168711e-01 -1.58887759e-01
   2.32643455e-01 -3.81330512e-02 -2.91274250e-01]
 [ 8.37731287e-02  2.69710928e-01  2.75536716e-01  4.08656180e-01
  -1.52995050e-01 -1.72435731e-01  2.67029600e-03 -2.51664937e-01
  -5.62593043e-02  5.88807836e-02  2.21516863e-01]
 [ 3.33155811e-01  6.71977460e-01  5.90362608e-01 -7.69542396e-01
   5.24956465e-01  2.48321354e-01  1.19269657e+00 -3.89817297e-01
   1.11616349e+00  2.34445858e+00 -8.51895437e-02]
 [ 7.60393560e-01  1.18442583e+00  4.38150972e-01 -1.08022368e+00
   3.31751138e-01  6.09025121e-01  8.51996243e-01 -4.34406310e-01
   9.65678930e-01  2.07734394e+00  7.53182918e-02]]
Peso 2:
[-0.0298268  -0.11713905 -0.03847779  0.9801825  -0.02225197  0.04450098
 -0.17159393  0.25471097  0.04447809 -0.28061277 -0.04359423]
Camada: saida
Peso 1:
[[ 0.6895261  -0.05201117]
 [ 0.50128245 -1.0971719 ]
 [ 0.2587081  -0.29161212]
 [-1.0042442   1.7870188 ]
 [-0.04204034 -0.49772575]
 [ 0.671011    0.11124599]
 [ 0.62725794 -1.1190646 ]
 [-0.1704639   0.7819814 ]
 [ 0.7373642  -1.0543636 ]
 [ 2.3254097  -2.0044208 ]
 [-0.47718155  0.1196752 ]]
Peso 2:
[-0.8101833   0.81018955]



pesos modelo: 
Test loss: 0.0001, Test accuracy: 1.0000
Camada: meio
Peso 1:
[[-2.75965333e-01 -3.69513690e-01 -1.65640593e-01  1.81297243e-01
   5.35575747e-02  9.21763182e-02  1.32144868e-01  3.58680069e-01
   3.93197298e-01  1.50179923e-01  2.78904080e-01]
 [ 1.43983021e-01 -4.61759754e-02 -3.94227535e-01 -4.28949028e-01
  -3.15781474e-01  5.21080196e-03  2.88207978e-01 -1.27283752e-01
  -3.77448201e-01  1.90481186e-01  2.73614407e-01]
 [ 1.50606811e-01  2.98423637e-02 -4.24392551e-01  1.05670333e-01
   3.85735720e-01  5.31484425e-01  3.20555717e-01  2.95768231e-01
  -3.36919725e-01  2.90724695e-01  1.05468161e-01]
 [ 1.93517938e-01  4.34518158e-02 -2.19445854e-01  5.66377491e-03
   4.62663285e-02 -2.23386183e-01  1.45934805e-01 -2.15723887e-01
  -5.48219727e-03 -1.21000804e-01  2.24299267e-01]
 [-2.00081125e-01  1.32081360e-01  2.17281699e-01 -1.68794721e-01
  -8.78329575e-02 -8.79119858e-02  1.79301351e-01 -1.74515784e-01
  -3.88697505e-01  2.87061781e-01 -2.83318281e-01]
 [-1.86718807e-01  1.68578606e-02 -6.12696111e-02 -6.74279779e-02
  -3.31311435e-01 -2.41391793e-01  1.83359250e-01  2.44036809e-01
  -1.84177250e-01  2.18947768e-01 -2.81836335e-02]
 [ 3.72038871e-01 -3.85008194e-02 -2.88967609e-01 -2.36261562e-01
  -9.81400013e-02  2.21196696e-01 -2.59992164e-02  2.31312230e-01
   3.83817375e-01 -1.16208158e-01  1.72255710e-01]
 [-1.42460331e-01  3.62865664e-02 -3.83730829e-01  3.56108785e-01
  -2.89231956e-01 -2.81871911e-02  4.38054502e-01  1.85275763e-01
   5.03226463e-03  2.88715959e-01  1.76521599e-01]
 [ 4.51921225e-01  1.89471066e-01  7.74018764e-02  3.47472608e-01
  -4.19827431e-01 -6.15544058e-03  2.39268407e-01 -3.31439674e-02
  -4.67295870e-02  3.52758504e-02  2.62675196e-01]
 [ 4.07053024e-01  1.37318924e-01  2.60038972e-01 -2.00072601e-01
  -3.55418414e-01  1.85059696e-01 -3.49965729e-02  2.87123591e-01
  -1.25218883e-01 -1.07630864e-01  3.84795479e-02]
 [-5.17793968e-02  2.27463931e-01  2.31212929e-01 -1.76148161e-01
  -2.09561139e-01 -1.30421564e-01  3.06579113e-01 -2.78238684e-01
  -1.59219131e-01  2.59519726e-01 -1.24416240e-01]
 [ 5.19637950e-02  1.16307572e-01  1.83117405e-01  3.67619187e-01
   1.15726605e-01  3.80172223e-01  3.70956630e-01  2.93463022e-01
   2.65163600e-01  6.11026511e-02  1.81236044e-01]
 [-1.41441867e-01 -4.67240512e-02  2.59920061e-01 -3.31370801e-01
  -3.11272711e-01 -1.21346988e-01 -2.02971864e-02  4.50422198e-01
   6.89048618e-02  1.31164595e-01 -1.07775696e-01]
 [ 4.39176053e-01  1.90360799e-01 -1.46773532e-01  1.79518297e-01
  -1.76400803e-02 -1.30525813e-01  4.11735088e-01 -3.78850043e-01
   1.80417314e-01  2.24285126e-01  3.34385455e-01]
 [ 2.03207508e-01  4.75225896e-02 -1.35121897e-01  8.97757784e-02
   3.67525816e-01 -1.09073622e-02  3.19266409e-01 -1.15533769e-01
  -5.24662435e-02  1.56833187e-01  2.61623502e-01]
 [-1.56596735e-01  2.42155790e-01  6.79989606e-02 -1.35637641e-01
  -3.76431867e-02  8.84329528e-02  4.72623557e-01 -2.05756187e-01
   5.23409359e-02 -1.46848604e-01  1.21107526e-01]
 [ 3.40727836e-01  2.29133040e-01  3.22644204e-01  1.16040163e-01
  -6.37738705e-02 -2.14954183e-01  1.48523465e-01  4.47402924e-01
  -3.45692098e-01 -2.56600469e-01  3.05448830e-01]
 [-2.19752491e-02 -1.73561573e-01  3.58630151e-01  3.73967558e-01
  -3.06642622e-01 -1.80461273e-01  8.11852515e-02 -3.08318675e-01
   3.59140933e-01 -4.66708392e-02  2.07162350e-01]
 [ 5.95170297e-02  1.23500623e-01 -1.75592699e-03 -3.53721052e-01
   4.64721881e-02 -1.06438324e-01  4.04694043e-02 -1.28889024e-01
  -4.07342345e-01 -1.83253825e-01 -6.12157471e-02]
 [ 4.29993570e-01  9.12865922e-02 -4.21759747e-02 -4.05766606e-01
  -2.99972832e-01  3.18854511e-01  1.26434015e-02  7.72166476e-02
  -1.58931643e-01 -7.19554797e-02  5.62687777e-02]
 [-8.85781705e-01  1.43080425e+00  6.82478324e-02  1.35403275e-01
  -2.22634345e-01  3.14782500e-01 -1.69111693e+00 -1.59816310e-01
  -9.92006361e-02  1.16530681e+00  1.53724134e+00]
 [-8.39823306e-01  1.87818182e+00 -3.32841843e-01 -7.46982098e-02
  -1.42298592e-02  8.27009439e-01 -1.50460207e+00 -1.88013881e-01
   2.24712536e-01  1.77380025e-01  1.59144545e+00]]
Peso 2:
[ 0.6199687  -0.26663712  0.0069677  -0.03380598 -0.0121366   0.19852649
  0.79712266  0.09836784 -0.01573072 -0.03480029 -0.28770393]
Camada: saida
Peso 1:
[[-0.40996826  1.5033475 ]
 [ 1.2748458  -1.910133  ]
 [-0.23390946  0.13803616]
 [-0.4410085  -0.56237507]
 [-0.11575687 -0.29599953]
 [ 0.6954398  -0.18653682]
 [-1.6168909   1.869533  ]
 [-0.18951182  0.38269606]
 [ 0.38482848  0.58105475]
 [ 0.568438   -0.7918515 ]
 [ 1.2214655  -1.7267431 ]]
Peso 2:
[-0.22389895  0.2239023 ]



pesos modelo: 
Test loss: 0.0002, Test accuracy: 1.0000
Camada: meio
Peso 1:
[[ 0.40977544 -0.24492028 -0.13856056  0.25186932  0.0861131   0.24132115
   0.26189113  0.19544697  0.356147    0.17974079  0.38443303]
 [-0.01729065  0.13839665  0.37523898  0.23835084  0.02028564  0.48095587
  -0.14609401  0.00705473  0.23016417  0.23686466 -0.19727641]
 [ 0.25417143  0.31414503  0.18279558  0.13087817 -0.09188528  0.04405614
  -0.31971568  0.18065916  0.3787039  -0.24141292  0.02778676]
 [-0.09701668 -0.02839653 -0.31265056  0.26435536 -0.07972882  0.12621516
   0.02419223  0.00806424 -0.18726796 -0.2111331  -0.24470924]
 [-0.26006275 -0.05345067 -0.04909986  0.25757614  0.37199816  0.32274365
   0.366898    0.02050603  0.30554983 -0.01172961 -0.3324073 ]
 [ 0.39322937  0.28085813 -0.3309894   0.05319798 -0.2103664  -0.01162454
  -0.34746635  0.12242552 -0.16415511  0.02346179 -0.10427526]
 [ 0.08364944  0.0699539   0.37713304 -0.04440968  0.24283318  0.0533354
  -0.08568257  0.04982879 -0.34580913 -0.07751188  0.3383537 ]
 [ 0.21699217 -0.02834593  0.07513785  0.19883507  0.10090756  0.094673
   0.16803658  0.04196103 -0.22721642  0.04153398 -0.0717101 ]
 [-0.06341054 -0.12161977 -0.16277494  0.32702145  0.1567998   0.10862444
  -0.11400426 -0.02408226 -0.22872403  0.24534617  0.33100584]
 [-0.2528264   0.31737867 -0.16776928 -0.12664407  0.29257762 -0.2082557
   0.01971613  0.27928206  0.12503126 -0.19985959 -0.12502912]
 [-0.28993174  0.29172245 -0.10882787  0.0369287   0.15789282  0.15829723
   0.0627121   0.24311021 -0.19231758 -0.1386688  -0.25554612]
 [-0.41176867  0.39722806 -0.26472974 -0.09339752  0.40494147 -0.2595698
   0.13764523  0.41924843 -0.07246778  0.151429   -0.29291922]
 [ 0.22660558  0.07323501  0.09113508  0.44132608 -0.3276637  -0.21924129
   0.02390831  0.19891521  0.0655323  -0.21139473  0.28218314]
 [ 0.08142053  0.32311964 -0.08216536  0.39522627  0.03748919  0.24934682
   0.20304695  0.36680907  0.03979448  0.03182309 -0.02165819]
 [-0.3565169   0.06992106  0.19553594  0.1350386   0.04263941  0.24970046
   0.3064158   0.01985626  0.28634897 -0.20051177 -0.01021108]
 [-0.22376171  0.24115251 -0.14816655  0.17829835 -0.0156756   0.19942227
  -0.15562432  0.19423762 -0.30327985 -0.12866943  0.05691034]
 [-0.3916778   0.20343375  0.16614357 -0.29314557 -0.05890087  0.46720675
   0.43421686 -0.13207805  0.16532966  0.32889405 -0.3403627 ]
 [-0.14902426  0.08733372 -0.26036268 -0.2037365   0.3813041  -0.14251368
   0.09635571 -0.02673507  0.31920987  0.355116   -0.01113804]
 [ 0.14662552  0.3216542   0.4203015   0.13076559  0.20836717 -0.05204669
   0.15885243  0.3989567  -0.01035788 -0.3460124  -0.01510559]
 [ 0.07054783  0.17156932  0.12444286  0.29222447 -0.13688204 -0.27171114
  -0.05000666  0.2742113  -0.18759108  0.11924023 -0.15721837]
 [-0.11825729 -1.7860636  -0.23621437 -0.7932316  -0.2955451   0.72250617
  -0.06956328  2.1914163   0.3742783  -0.3227997   0.41958258]
 [-0.02240902 -1.7352935  -0.13272786 -1.0241655  -0.63082457  0.49454084
  -0.44868886  2.0109344   0.39284918  0.6220331   0.03382548]]
Peso 2:
[-0.05177109  0.9059385   0.03612569  0.43714857  0.21292154  0.08018644
  0.05871721 -0.32904273  0.11804917  0.0545424   0.02528647]
Camada: saida
Peso 1:
[[ 0.24406771  0.0815699 ]
 [-1.9854722   1.7951792 ]
 [ 0.4010027   0.6921394 ]
 [-0.9878662   1.0547599 ]
 [-0.7854668   0.24502522]
 [ 0.518392   -0.5961716 ]
 [-0.48894003  0.20942867]
 [ 2.1801653  -1.9062097 ]
 [ 0.64583087 -0.03969993]
 [ 0.31748667 -0.15554918]
 [ 0.28506833  0.03468984]]
Peso 2:
[-0.05417507  0.05417907]



pesos modelo: 
Test loss: 0.0001, Test accuracy: 1.0000
Camada: meio
Peso 1:
[[-2.73342848e-01 -1.37575060e-01  1.92792296e-01 -1.77614331e-01
  -4.77505624e-02  7.70727396e-02  2.96699584e-01 -1.98202431e-02
   1.74051464e-01 -3.28959286e-01  1.71331406e-01]
 [ 1.51570082e-01 -3.35375398e-01  1.43802941e-01  2.19413638e-01
   2.74765432e-01  4.79720591e-04 -2.38287568e-01 -1.92305088e-01
   4.42047209e-01 -2.86681950e-01  1.10654362e-01]
 [-1.89748015e-02 -2.12035179e-01  3.93045872e-01  2.66529441e-01
   1.61312282e-01  1.67052612e-01 -2.06553355e-01 -1.97629675e-01
   3.57372582e-01 -1.75882950e-01  3.88985723e-01]
 [-1.06940784e-01 -1.34918407e-01  1.02608390e-01 -1.81591168e-01
   1.75987650e-02 -1.14808388e-01  6.92515895e-02 -2.43465886e-01
   2.70855576e-02  3.22477639e-01  3.47170949e-01]
 [ 8.01542401e-02  4.16463405e-01 -1.90540373e-01  2.44453382e-02
   3.14085409e-02 -1.89239103e-02 -3.12902480e-01 -4.01780128e-01
   2.42519960e-01 -1.68615818e-01 -3.74306411e-01]
 [ 1.26313388e-01 -3.34389448e-01 -2.12844893e-01  1.48482576e-01
   4.32543010e-02 -4.11959328e-02  3.98369789e-01 -1.85749918e-01
   1.96049511e-01  2.35766366e-01 -3.93357188e-01]
 [-1.65417492e-01 -1.73101127e-01  2.41648167e-01 -1.61785763e-02
   1.19618237e-01 -3.01884189e-02  4.42221373e-01 -4.06187832e-01
  -3.24379839e-02 -2.64605403e-01  1.47425130e-01]
 [ 1.90572158e-01 -3.77964787e-02  2.29084074e-01  4.48815018e-01
   2.66069565e-02  2.27174342e-01  6.51129186e-02  4.38913643e-01
   5.30940890e-01  4.04982328e-01 -2.65442580e-01]
 [ 1.52434200e-01 -2.62227394e-02 -2.38413617e-01  4.11236912e-01
   5.68869784e-02  1.17175706e-01  6.19315356e-02  2.44341761e-01
   2.13046774e-01  1.95278242e-01  3.48849654e-01]
 [-2.45113187e-02  7.25122616e-02 -9.01502967e-02 -3.45793068e-02
   5.67915924e-02  1.39345378e-01  2.64722228e-01 -8.81264824e-03
   2.74394006e-01  1.24262415e-01  3.45000148e-01]
 [ 1.21885888e-01  2.39604875e-01 -1.38751939e-01  3.18685383e-01
   9.58880782e-02  1.44493297e-01 -3.53881299e-01 -3.48218560e-01
   3.78755480e-01 -1.01171136e-01  1.31864995e-01]
 [-4.72860895e-02  1.97567239e-01 -1.05364963e-01 -1.07046813e-01
  -8.86899307e-02  7.72882327e-02 -3.21836680e-01  2.38656893e-01
   1.03543967e-01 -7.63758793e-02  9.11193714e-02]
 [ 2.45150849e-01  2.66121924e-01 -2.23095372e-01  3.17986757e-01
   2.35074311e-01 -7.68387225e-03  2.44325548e-01 -2.63254624e-02
   3.15771043e-01 -5.51507957e-02  3.36498499e-01]
 [ 1.34166911e-01  3.87918115e-01  2.00203940e-01 -1.22675315e-01
  -1.60466298e-01  2.00205185e-02 -1.52441755e-01  1.50431722e-01
   6.49888143e-02 -1.28095597e-01  3.02066028e-01]
 [ 1.20219938e-01  1.84151560e-01  1.69109181e-01 -2.61761427e-01
   1.63565006e-03 -4.37158942e-02  1.43251091e-01  1.76672921e-01
   2.50348806e-01  1.00466460e-01  2.95284748e-01]
 [ 4.69928281e-03  1.26718313e-01 -3.60064626e-01  2.67363220e-01
   1.48258075e-01  2.23903507e-01 -1.39727160e-01 -1.67057171e-01
   3.85216206e-01 -7.62088075e-02  3.28317821e-01]
 [ 2.47904047e-01 -2.48892270e-02  2.65812755e-01  3.95226687e-01
   2.36220777e-01  5.85747957e-02  2.58611888e-01  2.66103625e-01
   4.00229186e-01 -2.16261476e-01 -3.27071175e-02]
 [-1.01830713e-01  3.65639299e-01 -1.60463303e-01  1.74943089e-01
   2.36560218e-03  2.74541348e-01  1.36997193e-01  1.11630276e-01
   4.36488301e-01  4.46221858e-01 -2.45792717e-01]
 [-1.24119304e-01  1.95572019e-01  1.31835282e-01  1.64793834e-01
   1.54297158e-01 -1.97220910e-02  2.87075102e-01 -9.09856185e-02
   2.04720825e-01  3.03041548e-01 -3.10821265e-01]
 [ 1.76297292e-01  2.59829044e-01 -4.24304120e-02  2.79159904e-01
   1.22440234e-01  2.75247600e-02  4.28812765e-02  3.64034563e-01
   3.14119488e-01  3.01476240e-01  3.59086722e-01]
 [ 6.35381818e-01  3.52655590e-01  3.86266232e-01 -7.17196345e-01
   1.74291193e+00  1.89989257e+00 -2.45729297e-01 -3.61064821e-01
  -1.35583043e+00  4.24932659e-01 -4.39093933e-02]
 [ 1.51918244e+00  7.30634481e-02  1.12519220e-01 -5.48339546e-01
   1.82428277e+00  1.68225849e+00 -2.18696609e-01  1.28581986e-01
  -7.45988250e-01  7.84528017e-01 -2.42692143e-01]]
Peso 2:
[-0.16687585 -0.00433533 -0.05922067  0.30455458 -0.3295603  -0.19180793
  0.15979058  0.05336177  0.7967694  -0.01856671  0.07584919]
Camada: saida
Peso 1:
[[ 1.1159745  -1.1122882 ]
 [ 0.3232021   0.3297079 ]
 [-0.21753179 -0.62690705]
 [-0.5990225   0.64142287]
 [ 1.387613   -1.8887091 ]
 [ 1.9906006  -1.3779522 ]
 [ 0.14388865  0.73944235]
 [ 0.35114598  0.66913545]
 [-1.1972592   1.4231    ]
 [ 0.182452   -0.6998736 ]
 [-0.6240157  -0.19035643]]
Peso 2:
[-0.6820777   0.68208504]



pesos modelo: 
Test loss: 0.0002, Test accuracy: 1.0000
Camada: meio
Peso 1:
[[ 2.17473149e-01  2.64624596e-01  2.06606686e-02  1.34109378e-01
   1.74037993e-01  3.65894973e-01  2.92396963e-01  2.80861974e-01
   3.35636735e-03  3.50868583e-01  2.50128210e-02]
 [ 6.37312755e-02  3.15376133e-01  4.90515560e-01 -9.66616999e-03
   2.15951294e-01 -5.91567084e-02  1.04007140e-01 -2.27646440e-01
  -1.64255366e-01 -2.46764809e-01  1.95714533e-01]
 [-1.97343584e-02 -1.16887772e-02  1.97643742e-01 -3.42665076e-01
  -2.30806097e-01 -2.86256671e-01  1.04335524e-01  7.40877315e-02
  -2.24390388e-01 -2.29503110e-01  3.66562256e-03]
 [ 2.11830780e-01  2.82891959e-01  4.67084348e-01 -1.86883152e-01
   2.95142740e-01  2.03594789e-01  2.19753861e-01  7.99017251e-02
  -9.46395565e-03  1.02481522e-01 -1.07932143e-01]
 [-9.03138146e-02 -5.50528467e-02  5.32944202e-01 -1.68874621e-01
  -1.37190625e-01 -2.54308641e-01  2.29826346e-01 -2.88663805e-01
   1.25204856e-02 -3.62412184e-02  2.45267048e-01]
 [-3.35261226e-01  2.24153981e-01  2.27784198e-02  2.17331558e-01
  -1.45033270e-01 -3.69579792e-01 -7.70189911e-02 -2.63614476e-01
   3.09822530e-01 -1.52797848e-01 -1.35207891e-01]
 [ 3.00408542e-01  1.56934083e-01  1.84263915e-01 -1.97696254e-01
  -6.29706234e-02  1.08060807e-01 -1.78837534e-02  2.49978732e-02
   3.38317364e-01  3.05635065e-01 -8.96014050e-02]
 [-9.74639207e-02  4.08404432e-02  4.52883728e-02  4.81231622e-02
   2.59542614e-01 -2.42693722e-02 -6.84921369e-02  3.09272528e-01
   1.73863828e-01 -8.82052407e-02 -1.77604519e-02]
 [-3.52793217e-01 -1.16180494e-01  4.13491935e-01 -3.31085086e-01
  -2.32161000e-01 -4.74511772e-01  2.00228184e-01  8.02181475e-03
   1.78929880e-01  2.85084963e-01  2.47127697e-01]
 [-1.01683252e-01 -1.86657742e-01  4.69328105e-01  6.88623711e-02
   2.14363746e-02  2.01156139e-01  2.70115703e-01 -3.07661802e-01
  -1.43964306e-01  1.79442570e-01  2.70155549e-01]
 [-2.00674683e-01  2.91214973e-01  1.27251521e-01 -6.98867664e-02
  -2.71071434e-01  5.96096553e-02 -6.63531497e-02  1.28504053e-01
  -2.76475251e-01 -9.34975147e-02  1.47921056e-01]
 [ 2.10210606e-02 -2.96709538e-01  1.32960081e-01 -3.57030749e-01
  -1.65911555e-01  4.30695564e-02  1.22606233e-01  2.06784412e-01
   2.74595231e-01  3.74863893e-01 -5.09185046e-02]
 [-1.89738020e-01  1.75656319e-01  7.75739998e-02  1.41331367e-02
  -4.20769632e-01  1.96410313e-01 -3.21206078e-02 -3.72260123e-01
   1.86960295e-01 -4.04692560e-01 -1.66146025e-01]
 [ 2.45428666e-01  8.96284208e-02  5.65160990e-01 -2.59997904e-01
  -1.55617967e-01  2.71311522e-01  2.06600294e-01 -1.93773225e-01
  -2.80174881e-01  2.12031111e-01  3.14274311e-01]
 [ 3.73099059e-01 -2.09464878e-02  2.22162142e-01 -5.58054224e-02
  -1.76494062e-01 -1.79354608e-01  9.14118215e-02 -1.28160939e-01
   1.67561308e-01 -1.67541936e-01 -2.16248050e-01]
 [ 4.13867205e-01  3.59867036e-01  5.26339948e-01 -2.09949777e-01
  -4.47793871e-01 -4.20985222e-01  8.70385789e-04  9.84147266e-02
   3.68028700e-01  1.02724232e-01  1.59684256e-01]
 [-3.37361604e-01  4.64303046e-02  6.74558654e-02  3.04887056e-01
  -1.56287611e-01 -4.17886764e-01 -8.05781707e-02 -1.80192292e-01
   1.52077228e-01  2.34821379e-01  2.18126059e-01]
 [ 2.99060285e-01 -2.75982052e-01  1.41470969e-01 -1.29239991e-01
   2.52034277e-01 -1.77311912e-01  1.34830058e-01  2.65336931e-01
   1.04735091e-01  1.76645771e-01 -1.35269791e-01]
 [ 2.42340282e-01  1.24533318e-01  5.30676782e-01 -3.80193591e-01
   2.13654697e-01 -4.07946020e-01  1.21917330e-01  1.17466882e-01
  -2.38709509e-01  1.12415403e-01  3.83463442e-01]
 [ 2.83562928e-01  1.10701963e-01  4.44195628e-01  2.12596208e-01
  -1.15836106e-01  2.27719080e-02  4.59529720e-02  1.22098075e-02
   9.35944840e-02 -9.94100422e-02  2.16878474e-01]
 [ 6.25212193e-01  7.03091383e-01 -1.20094943e+00 -3.14359844e-01
   1.20957084e-01  2.66518325e-01  2.53471065e+00 -3.15081358e-01
   7.88187742e-01 -1.25620812e-01  7.67497122e-01]
 [ 4.78788555e-01  1.03630853e+00 -1.20768070e+00 -4.14458752e-01
   2.03531757e-01 -1.35702834e-01  2.01343513e+00  4.99099344e-01
   7.14416146e-01 -2.07520634e-01  1.60475171e+00]]
Peso 2:
[ 0.01319683 -0.12436666  0.98943067 -0.14369844 -0.14445852 -0.20443794
 -0.2854407  -0.00678751 -0.0623696   0.04975419 -0.12569246]
Camada: saida
Peso 1:
[[ 0.85304266  0.10079072]
 [ 1.0964152  -0.32678166]
 [-1.1605345   1.986562  ]
 [ 0.28501427 -0.40068725]
 [-0.35521922  0.02323947]
 [ 0.6150733  -0.58443433]
 [ 2.411631   -1.8775399 ]
 [ 0.14367142 -0.08171166]
 [ 0.89237523 -0.11116313]
 [-0.3363237   0.35409147]
 [ 0.6528189  -1.5150803 ]]
Peso 2:
[-0.7293798  0.7293843]



pesos modelo: 
Test loss: 0.0001, Test accuracy: 1.0000
Camada: meio
Peso 1:
[[-0.02729148  0.23748928 -0.2618881  -0.36426508  0.11320037  0.23477441
   0.11268198 -0.12101358 -0.37673852  0.05688244 -0.22823317]
 [ 0.00549852 -0.28921762 -0.32535636 -0.34205562  0.3522132  -0.01115097
  -0.01014783  0.19111614 -0.20153818 -0.35692596  0.35689592]
 [ 0.33624676  0.16260089 -0.08691419  0.35026672  0.3039603   0.05488377
  -0.3204218   0.06095423 -0.13511227 -0.10382046  0.25603122]
 [ 0.18377084 -0.1274859  -0.11824825 -0.11977492  0.19149704 -0.1876921
   0.34374714  0.24591847 -0.23711887  0.31509465  0.16018389]
 [-0.09395874 -0.3558906  -0.19100288 -0.31616035  0.01272972  0.32335645
   0.34031743  0.32027745  0.1837615  -0.08949444  0.15626949]
 [-0.09902575 -0.27076852 -0.3516648  -0.13214216 -0.21381555  0.04991403
   0.08091515  0.0294242  -0.3530062   0.08543701 -0.19429961]
 [ 0.04120544  0.1839125   0.3176439  -0.3568419  -0.21366301 -0.14970593
  -0.00702056  0.09951981  0.29153675  0.22795193  0.20720501]
 [-0.12125489  0.09025871 -0.08668227  0.05843005  0.22287837  0.32301328
   0.34100264  0.24645649 -0.07314543  0.02978674 -0.12661499]
 [ 0.3879916   0.22072859 -0.28254858 -0.40033484  0.35981265  0.42827004
  -0.05554061  0.28598115 -0.25485948  0.0970841   0.20288981]
 [-0.33888194  0.30838016  0.39090043  0.04495935  0.37200403 -0.16859265
  -0.09006032  0.21599947 -0.03033497  0.33972812  0.25000104]
 [ 0.19804351 -0.30572647 -0.19607022  0.3404977   0.40845734  0.32248798
  -0.03799676  0.28853452 -0.31575134  0.08086669  0.20132652]
 [-0.25004104 -0.12230932  0.32439336  0.37526274  0.19806774 -0.08848016
   0.42541635  0.26421463 -0.04237419  0.1148415   0.10289761]
 [-0.31394264  0.29161134 -0.17799085 -0.2638488  -0.33629093  0.39843574
   0.2699149   0.40575576 -0.34317395  0.35008514  0.25370094]
 [-0.15276325  0.27519673 -0.03581911  0.2401004  -0.24358454  0.21677625
  -0.08897229  0.23531637 -0.13669     0.2669037   0.2837394 ]
 [ 0.25184554  0.2887334  -0.10414556 -0.18962891  0.19198388  0.37741032
   0.28290737  0.33512565  0.0588015  -0.20515066  0.30470932]
 [ 0.3286111  -0.29530972  0.17308931 -0.07811526  0.35533088  0.04342775
   0.01870171  0.05272367  0.3830758  -0.13869484 -0.03790361]
 [ 0.1387667   0.26022524 -0.31933764  0.21964182 -0.28750747  0.34367466
  -0.0368741   0.17427884  0.21221215  0.33468184  0.09823672]
 [-0.16006704 -0.17241289 -0.3114635   0.26820663 -0.25574017  0.32852244
   0.37986535  0.18031222  0.29794243 -0.00591288 -0.14292032]
 [-0.21063185  0.37172267 -0.3645871  -0.07236192 -0.11712446  0.22491945
   0.17931563  0.22467095  0.2233801   0.18645976  0.06626302]
 [-0.12635656 -0.0465578   0.03019747 -0.31838378  0.09220712  0.31866667
  -0.01810237  0.1627231  -0.35404676  0.30578977 -0.21112342]
 [-0.2516193  -0.13986932 -0.14432319 -0.12024804  0.17045169  1.0316383
   0.6789705  -2.6067522  -0.20041837  0.19978705  0.9100572 ]
 [-0.13901532 -0.36196178 -0.3898742  -0.00770938  0.7978375   0.2983212
   0.9250981  -2.3691685  -0.35391784  0.86184484  1.2920822 ]]
Peso 2:
[ 8.47590938e-02  2.82465480e-02 -3.12541910e-02  4.28582691e-02
  1.87656824e-02 -1.21766463e-01  9.65054380e-04  1.12633264e+00
  1.12702943e-01 -1.56062795e-02 -6.03544675e-02]
Camada: saida
Peso 1:
[[-0.2998221   0.67612046]
 [-0.7179723  -0.42961088]
 [ 0.6074644   0.45368364]
 [-0.6879772  -0.32512325]
 [ 0.27564812 -0.5422899 ]
 [ 1.1880791  -0.37410572]
 [ 0.5907042  -0.93235624]
 [-2.6965144   2.4826725 ]
 [-0.36831692  0.18392889]
 [ 0.67138904 -0.3746781 ]
 [ 1.3743751  -0.7254771 ]]
Peso 2:
[ 0.17178367 -0.17178047]



pesos modelo: 
Test loss: 0.0001, Test accuracy: 1.0000
Camada: meio
Peso 1:
[[ 5.00349998e-02  2.43058562e-01 -1.06039882e-01 -4.15986568e-01
  -1.99986592e-01 -1.87688470e-02  1.25638485e-01 -2.33376056e-01
  -9.42725241e-02 -1.27865613e-01 -4.70935106e-02]
 [ 2.72719592e-01  1.02418866e-02 -3.05547323e-02 -2.51011401e-01
   1.98099077e-01  1.79590732e-01  2.75636297e-02  1.30583808e-01
   9.61253245e-05  3.15383047e-01  1.71683043e-01]
 [ 4.24358487e-01 -2.14082445e-03  2.54753292e-01 -1.21820800e-01
   8.11031759e-02  1.57102019e-01  6.71116263e-02 -1.05073890e-02
   1.09718680e-01 -6.12340495e-03 -2.69916862e-01]
 [ 2.66724586e-01  3.01509470e-01 -2.19670311e-01  8.18334669e-02
   1.46032482e-01  1.58108085e-01  9.92502719e-02  2.30821192e-01
  -1.08423881e-01  3.38719726e-01  8.93300492e-03]
 [ 1.06837966e-01  3.52853775e-01  3.24293137e-01  1.29652144e-02
  -4.21379739e-03 -3.79664451e-02 -5.06722480e-02  1.58541471e-01
  -1.02881700e-01 -1.97221339e-01 -6.28861561e-02]
 [-2.12200247e-02 -1.95267618e-01  4.15577918e-01  4.65889096e-01
   1.40264690e-01  5.14848493e-02 -2.49343619e-01  2.00277194e-01
  -2.54324283e-02 -4.25176993e-02  3.91478330e-01]
 [-1.11785151e-01 -1.04789488e-01  5.64208739e-02  2.88912624e-01
   2.23215267e-01 -5.16754054e-02 -3.19555193e-01 -4.55760568e-01
   7.35693499e-02  2.72526652e-01 -2.15487719e-01]
 [ 3.42550397e-01  2.96302289e-01  1.29174963e-01 -3.73049587e-01
  -3.57856080e-02  5.93358045e-03 -1.86414659e-01  1.22315958e-01
   5.53344637e-02 -3.53072256e-01 -7.53496438e-02]
 [ 3.01508419e-02  3.06950361e-01  1.36576802e-01 -2.52503872e-01
   4.12299991e-01  2.85143014e-02  4.59218100e-02  1.74443111e-01
   4.02868688e-02  2.80667216e-01 -1.62598789e-01]
 [ 2.71016747e-01  3.49401236e-01 -2.19714925e-01  1.89726129e-01
  -4.45755087e-02  1.07954115e-01 -3.67318660e-01  3.46228570e-01
  -1.66355938e-01 -1.29854441e-01  7.08350912e-02]
 [ 4.07441050e-01  4.06669199e-01  1.19005151e-01 -3.22974324e-01
  -2.73796208e-02  7.93955028e-02 -2.24998847e-01 -3.57014060e-01
  -5.31940125e-02 -1.10745333e-01  2.59869806e-02]
 [ 2.09313005e-01 -1.43423229e-01 -2.68779844e-01  1.56218335e-01
   4.45863694e-01  1.94583267e-01  2.72450864e-01 -3.22324306e-01
   1.67491660e-01  2.15069517e-01 -1.21829063e-01]
 [-6.35741577e-02 -2.00227037e-01 -3.14587951e-01 -3.36104751e-01
   5.37240207e-01  7.64138475e-02  2.85433710e-01 -3.49453092e-01
   1.64348632e-01  3.29485536e-01 -1.27729192e-01]
 [ 9.27313045e-02 -7.62194917e-02 -2.17210278e-01 -2.60588169e-01
   1.74935423e-02  2.25676969e-02  3.81779641e-01  2.86273330e-01
  -2.53464263e-02 -3.11866105e-01  3.13409179e-01]
 [ 5.08421719e-01 -1.76118374e-01 -2.62909323e-01  4.10371870e-01
   7.27911964e-02  1.78543910e-01 -3.37042630e-01 -1.26688913e-01
   2.54273623e-01 -5.25813326e-02 -8.91504437e-02]
 [ 1.06160477e-01  3.89444470e-01 -7.88745563e-03 -2.03159332e-01
   1.87720999e-01  3.81168327e-03 -1.97490025e-02 -9.11358148e-02
  -5.90170398e-02 -3.60753149e-01 -3.98453623e-01]
 [ 5.12308180e-01 -2.29150876e-01 -3.31260711e-02 -1.89247876e-01
   2.42350906e-01  2.13427350e-01 -2.53890961e-01 -6.44334927e-02
   3.30595821e-01 -3.63737382e-02  3.26590180e-01]
 [ 5.50965488e-01  1.36578688e-02 -2.83015549e-01 -3.87350321e-01
  -5.13902567e-02  2.00952470e-01 -8.39170590e-02 -4.38548058e-01
   3.56845893e-02  3.11440453e-02 -3.11969012e-01]
 [-1.22121330e-02 -1.56810391e-04 -2.15432301e-01 -3.68264198e-01
   2.66821742e-01 -1.14260830e-01  1.37174381e-02  2.76883151e-02
   2.48367444e-01 -3.68233830e-01 -1.04632616e-01]
 [ 4.10352379e-01 -1.81126922e-01 -3.26010942e-01  7.89798871e-02
  -1.02715589e-01 -4.15329915e-03 -3.19051044e-03 -4.12893713e-01
   3.11407745e-01 -2.82294750e-01 -2.82471981e-02]
 [-9.52745974e-01  7.70851314e-01  3.55557770e-01 -1.61173999e-01
  -7.42717028e-01  2.38257766e+00  1.19799398e-01 -1.11322608e-02
   1.28516364e+00 -8.54422078e-02  2.00358585e-01]
 [-1.24168837e+00  7.20692992e-01 -2.44889975e-01 -3.94385219e-01
  -6.19354248e-01  2.07977009e+00  1.79278374e-01  5.77243306e-02
   1.61213040e+00  7.82711655e-02 -9.14827660e-02]]
Peso 2:
[ 8.3626044e-01  3.9828137e-02 -6.5323212e-03  1.1578794e-01
  5.8676302e-01 -2.8515461e-01  4.8672344e-04 -6.2890776e-02
 -1.3417080e-01  5.4311575e-03 -6.0295681e-03]
Camada: saida
Peso 1:
[[-1.7663026   0.9004402 ]
 [ 0.27880016 -0.9333009 ]
 [ 0.33473125 -0.03619205]
 [-0.56990093  0.36641157]
 [-0.8591806   1.0314103 ]
 [ 2.2788646  -2.0237017 ]
 [ 0.653953    0.5842315 ]
 [-0.38693178  0.10110572]
 [ 1.4751275  -1.1414216 ]
 [ 0.5177797   0.6142409 ]
 [ 0.27125573  0.2363239 ]]
Peso 2:
[-0.511113    0.51111686]



pesos modelo: 
Test loss: 0.0002, Test accuracy: 1.0000
Camada: meio
Peso 1:
[[-0.35455108 -0.3209339  -0.12771699 -0.1670726  -0.2781784   0.23993343
   0.34130973  0.2167058  -0.09444666  0.39436185  0.05813634]
 [ 0.12338831  0.46906197  0.28301433  0.14672062  0.0700297   0.16362703
   0.1571858  -0.27122766  0.31998706 -0.06527317  0.35494345]
 [ 0.07417924  0.2934108  -0.01017027 -0.15736616 -0.4053551  -0.16168664
   0.11880042 -0.2769439   0.0253789   0.0037903   0.3572336 ]
 [ 0.04464445 -0.1319075  -0.1381506  -0.3455848  -0.11167412  0.38953596
   0.24861701  0.4139956   0.37942988 -0.08785628 -0.20906244]
 [ 0.0776587   0.4344717  -0.27936316 -0.22344323 -0.3317201  -0.2252185
   0.02066165 -0.23102748  0.11159183 -0.3921675   0.11165366]
 [ 0.11662419  0.15161523  0.10070341 -0.19531283 -0.42475414 -0.31206405
   0.19300549  0.36998892 -0.18968861 -0.03727048  0.16635253]
 [ 0.04778362 -0.02874172 -0.11073028 -0.40385345 -0.32398242 -0.21216209
   0.15086533  0.06374639 -0.04109934 -0.32027972 -0.15431783]
 [ 0.15239732  0.3858685   0.32932264 -0.15573737 -0.34879586 -0.10153624
   0.15205961  0.09945478 -0.4060157  -0.30748957 -0.10791584]
 [ 0.19278273  0.09212684 -0.36108732  0.12321106 -0.35136524 -0.322153
   0.35108614  0.37539014 -0.16650444  0.16223624  0.21686934]
 [ 0.07755548 -0.21308868 -0.30937865 -0.07581769  0.2221884  -0.2587213
   0.307998   -0.13835849 -0.03385773  0.10370987  0.04072587]
 [ 0.176108    0.41122514 -0.05899002 -0.42402261  0.2313034  -0.22344826
   0.14564896  0.15237981 -0.36702466  0.09544937 -0.27799025]
 [ 0.16407737  0.43916646 -0.10553617 -0.01594848 -0.16203704  0.43741468
   0.21020381  0.13575809 -0.37210494 -0.0204875  -0.06207023]
 [ 0.11948295  0.14260943 -0.27165002 -0.31164062  0.023121    0.48995274
   0.25756246  0.04102467  0.25223765 -0.16695137 -0.34913406]
 [ 0.11688671  0.06456798 -0.03307156  0.08682761  0.2223106  -0.04901442
   0.25115883 -0.26790988 -0.42486152 -0.09958982 -0.32841522]
 [ 0.0069204   0.31059235 -0.09884917 -0.41014346 -0.16903245 -0.30372936
  -0.06541088  0.08753201 -0.4061142  -0.02219096  0.07341044]
 [ 0.04254842 -0.22029005 -0.00638895  0.2908369  -0.41522378 -0.27610224
   0.20695966 -0.07810784 -0.2097758   0.14347081 -0.3570174 ]
 [ 0.06021599 -0.14071359  0.32105598  0.03309084  0.3513764  -0.30121076
   0.2516713  -0.3729083  -0.35173738 -0.00656667  0.11932719]
 [ 0.08383405 -0.20570205 -0.08528631  0.0560388  -0.31399265  0.26577783
   0.3598963   0.25188005 -0.19512741 -0.19244303 -0.06156598]
 [ 0.17827056 -0.0145902  -0.09704981 -0.36563638 -0.12543862  0.0924898
   0.46699533  0.07813657  0.25299537 -0.388035    0.33492014]
 [-0.02091511  0.11018027 -0.33695894 -0.28488046 -0.28906912  0.03179953
   0.04836479 -0.3944744  -0.20372427 -0.02728597  0.21484411]
 [ 2.5329516  -0.6789879  -0.26991674  0.07482287  0.06657503  0.6858876
  -1.4596637  -0.16421029 -0.02799178 -0.19204533 -0.04018514]
 [ 2.6657238  -0.5141375   0.28315678  0.26700607  0.04316683 -0.04132958
  -1.3110814   0.03619238  0.00582102 -0.01271824  0.72284603]]
Peso 2:
[-0.4831542   0.42459065 -0.01432272 -0.00354134 -0.00101731  0.10477674
  0.75780255  0.02497632 -0.04039619  0.01009301  0.00473746]
Camada: saida
Peso 1:
[[ 2.6171224  -2.463807  ]
 [-1.0262632   0.4525476 ]
 [ 0.24697608  0.10123293]
 [ 0.20187324  0.3687164 ]
 [-0.25494772 -0.34867036]
 [ 0.42077303 -0.49572805]
 [-1.216628    1.812297  ]
 [-0.09536706  0.18089761]
 [ 0.2543576  -0.2729603 ]
 [-0.2523236   0.03354694]
 [ 0.4367153  -0.08892529]]
Peso 2:
[-0.3240262   0.32402956]



pesos modelo: 
Test loss: 0.0001, Test accuracy: 1.0000
Camada: meio
Peso 1:
[[-1.67832106e-01  3.42611074e-01 -5.73100448e-02 -1.29413635e-01
   7.17673898e-02  2.52063274e-01  4.51126695e-03  8.88170004e-02
   1.20092869e-01  1.16101980e-01  1.07802927e-01]
 [ 3.56441215e-02  2.95967013e-01  3.11463326e-01  4.41916063e-02
  -1.88442945e-01 -6.40617311e-02 -5.47040924e-02  3.68127733e-01
  -3.95465106e-01  1.67788833e-01 -8.89825001e-02]
 [ 8.68982226e-02  1.33353010e-01  5.70175685e-02  3.25834811e-01
  -2.77102023e-01 -2.30609134e-01 -3.79160166e-01 -2.15418279e-01
  -9.55784097e-02  1.35523573e-01  2.88475633e-01]
 [-1.67376976e-02 -1.80421606e-01 -2.88387120e-01  2.08178893e-01
  -2.60273665e-01 -3.57067555e-01  2.08162785e-01 -2.46266872e-01
   2.24666923e-01  2.12916248e-02  3.26102853e-01]
 [-4.48801816e-02 -3.02952826e-01 -1.31775767e-01  1.91571161e-01
  -2.54459113e-01 -2.39098016e-02 -3.38317603e-01  3.79360944e-01
  -3.38227957e-01  2.83050835e-02  3.96930337e-01]
 [ 5.66321574e-02 -1.70195371e-01  3.29471566e-02  3.78978491e-01
   2.16410086e-01  6.46560863e-02  2.74257481e-01  3.42694551e-01
   1.80073738e-01  9.34759080e-02  3.61830533e-01]
 [ 1.77752137e-01 -5.09158596e-02  4.35629636e-01 -9.53710973e-02
  -3.85823756e-01 -2.86382347e-01 -1.58206299e-01  2.22607270e-01
   2.00955436e-01  3.02422285e-01  9.70047340e-02]
 [ 1.79512978e-01  3.06341112e-01 -2.11774215e-01 -1.86267614e-01
  -1.26111507e-01  3.95983219e-01  1.09168023e-01 -4.01472479e-01
   3.43056351e-01  3.00701678e-01  2.43002623e-01]
 [ 3.29284891e-02  2.33181119e-01 -4.59757149e-02  1.64641038e-01
   2.42124572e-01 -2.25658149e-01 -7.83857629e-02 -3.36617380e-01
  -4.69408296e-02  6.64350018e-02 -8.50133300e-02]
 [-1.63077246e-02 -2.14837179e-01  2.50520438e-01  1.88066423e-01
   4.59504247e-01  2.73814738e-01 -1.04157530e-01  3.83823246e-01
   2.12996034e-03 -1.13324132e-02  1.30461469e-01]
 [ 5.88886142e-02  3.50085378e-01  2.04858214e-01 -1.15143090e-01
   4.72015679e-01  1.40186712e-01 -2.05028430e-01 -2.07087249e-02
  -3.88951808e-01  1.32894531e-01 -2.80482024e-01]
 [ 1.77750707e-01 -1.07808582e-01 -2.91651964e-01 -4.21087027e-01
  -8.78242701e-02 -1.93150923e-01  7.32850805e-02 -1.21206328e-01
  -2.26256058e-01  2.92692989e-01  2.11805582e-01]
 [ 1.51192904e-01  1.43458620e-01  1.15743555e-01  4.21680789e-03
  -2.15225622e-01  6.96023330e-02 -6.03663595e-03  3.30425262e-01
  -2.59549975e-01  3.09913665e-01  8.16580653e-02]
 [ 1.26686603e-01 -1.69446785e-02  9.30337533e-02 -2.40384992e-02
   3.94867599e-01  1.89437032e-01 -2.17831165e-01  3.63735676e-01
  -3.59559774e-01  2.78253138e-01 -3.02801698e-01]
 [-7.03412294e-02 -1.31022751e-01  3.23984593e-01  3.33657563e-02
   4.38708156e-01  2.75510103e-01  2.98173189e-01 -1.98220581e-01
   2.82506853e-01 -9.00616050e-02 -1.59807950e-02]
 [ 3.47139463e-02 -3.78164470e-01 -1.66092232e-01  1.86267003e-01
   3.07692084e-02 -3.14146370e-01 -3.25464308e-01  3.72486830e-01
  -5.96727543e-02  1.75409004e-01 -1.97669461e-01]
 [ 1.65213451e-01 -2.24255204e-01  5.91398031e-02  1.74086228e-01
  -2.59765655e-01 -5.67390136e-02  3.81666305e-03 -1.70843482e-01
  -1.24934569e-01  3.22097450e-01 -2.69693494e-01]
 [ 8.02693889e-02 -2.74785429e-01 -3.59926760e-01  6.34227172e-02
   4.51031774e-01  1.11583993e-01  2.46129006e-01 -7.93366134e-03
   3.49712729e-01  1.30860537e-01  2.20011413e-01]
 [ 1.97957441e-01  1.28187194e-01  2.54072636e-01  7.71970451e-02
  -1.27019092e-01  1.02324747e-01  3.03340182e-02  3.63277107e-01
   9.94503126e-02  3.89018804e-01 -1.44675866e-01]
 [ 8.17491114e-02  2.13275123e-02  2.94662304e-02 -2.15753898e-01
   2.49268681e-01  1.46820888e-01 -3.51672918e-01 -1.77917585e-01
  -3.81822079e-01  1.48654655e-01 -8.38966742e-02]
 [ 2.34218192e+00  2.21689209e-01 -3.02133441e-01  2.37887785e-01
  -2.86311805e-01  4.77784097e-01 -1.78716168e-01  3.11252594e-01
   3.79136980e-01 -1.85760403e+00 -3.12135279e-01]
 [ 2.47525501e+00  4.27061498e-01 -4.04715300e-01 -2.72791922e-01
  -3.23500037e-01  8.82426202e-02  2.60808110e-01  1.42839998e-01
  -3.53181124e-01 -1.69621480e+00 -3.59101534e-01]]
Peso 2:
[-2.9236603e-01  8.4040556e-03  1.3729200e-01 -2.1420676e-02
  1.6118017e-01  6.3553276e-03 -1.7699387e-02 -2.0590242e-02
  1.0152002e-03  1.0425562e+00  1.7378436e-01]
Camada: saida
Peso 1:
[[ 2.497562   -2.1452143 ]
 [-0.1561525  -0.401258  ]
 [-0.0843776   0.47686344]
 [ 0.4895165   0.53371805]
 [-0.3756746   0.29613152]
 [ 0.0588748  -0.24396546]
 [ 0.62318414  0.39621326]
 [-0.29262307 -0.7200681 ]
 [-0.3668755  -0.43352997]
 [-2.0412433   1.7223203 ]
 [-0.80620635 -0.05484753]]
Peso 2:
[-0.06621983  0.06622344]



pesos modelo: 
Test loss: 0.0001, Test accuracy: 1.0000
Camada: meio
Peso 1:
[[ 3.34525526e-01 -3.59509140e-01  3.43521655e-01  1.21549547e-01
   1.01157606e-01  2.04227507e-01  4.11425292e-01 -1.57521129e-01
   3.67248952e-01 -1.62007481e-01  2.02364445e-01]
 [ 2.80366205e-02  1.07203409e-01 -2.44576246e-01  1.02662914e-01
  -4.11424220e-01  4.02278960e-01  2.94807106e-01 -7.45394304e-02
   1.24486312e-01  2.15166762e-01  1.79661550e-02]
 [ 1.32930920e-01  1.07046425e-01 -2.36781821e-01  1.76112622e-01
  -3.12806457e-01  5.33385038e-01  1.82514071e-01 -2.71421641e-01
   3.65436152e-02  2.64342874e-01  7.56366849e-02]
 [ 2.54936874e-01 -1.74897894e-01  3.76859993e-01  2.00415373e-01
  -6.57560006e-02  1.36721015e-01  2.85688043e-01  2.97906667e-01
  -2.80782729e-01  1.94270894e-01  1.02194045e-02]
 [ 2.79997289e-01 -2.59542894e-02  1.24495119e-01  4.94785637e-01
   5.92305847e-02 -2.87306488e-01  1.61676239e-02  1.84555456e-01
   3.01670134e-01  1.43589452e-01 -2.07175270e-01]
 [ 2.12232918e-01  1.35272339e-01 -2.45417103e-01  1.15151912e-01
   9.70351137e-03  6.27287090e-01  7.90341869e-02  1.17329527e-02
  -1.21783294e-01  1.17834225e-01  9.06735957e-02]
 [ 1.08428337e-01  1.29449338e-01  1.81478143e-01  2.90590554e-01
  -2.31397316e-01  1.77675024e-01 -1.79045185e-01  3.43621403e-01
   4.19870764e-01  2.00015232e-01 -1.13422453e-01]
 [-1.16343722e-01 -3.09642218e-02  1.48018658e-01  7.52441138e-02
   4.01956767e-01 -1.95336744e-01 -2.30335265e-01 -2.36513674e-01
  -4.12193015e-02  1.91774592e-02 -1.50772318e-01]
 [-2.17787158e-02 -2.82934047e-02 -3.19851607e-01 -5.89443371e-02
  -1.59109563e-01  1.30357802e-01  1.35120116e-02 -2.46167302e-01
  -1.17934905e-01 -1.20081112e-01  1.61309332e-01]
 [ 3.78700644e-01  1.16460532e-01 -8.63507017e-03  3.85620683e-01
  -4.11841929e-01  4.41712946e-01 -7.24259093e-02  1.60321355e-01
  -1.70931414e-01  6.99232444e-02  3.17928255e-01]
 [ 3.56986642e-01 -9.94239189e-03 -3.64899248e-01  3.69869173e-01
  -8.96424726e-02  7.53399357e-02 -1.16170093e-01  2.32970536e-01
  -2.92260110e-01  1.19734578e-01 -1.95738465e-01]
 [-1.20801687e-01 -1.05726428e-01 -3.41775507e-01 -4.79650013e-02
  -3.11579257e-02  3.50876361e-01  3.23687792e-01 -1.33540751e-02
   1.98724031e-01  2.92653918e-01  2.16748506e-01]
 [-7.90578425e-02 -5.25180213e-02 -2.74067789e-01  3.81327458e-02
  -9.92968380e-02 -7.26246014e-02 -3.68661791e-01  1.48184404e-01
   8.73615220e-02 -3.19410339e-02  6.48792684e-02]
 [-4.49604429e-02  8.86610001e-02  1.38645217e-01  1.17059536e-01
   4.18109238e-01  3.99555653e-01 -1.65145788e-02 -3.94223750e-01
  -1.98076382e-01  8.74548107e-02  4.64524895e-01]
 [ 7.90628418e-02  2.36177996e-01  1.72047075e-02  3.09744507e-01
   1.00399666e-01 -7.58634806e-02 -2.54451424e-01 -4.66018021e-02
  -1.11143038e-01 -8.50958377e-02 -1.69203669e-01]
 [-6.13975860e-02  3.82709950e-02  3.02411020e-01  1.05270103e-01
  -3.11408758e-01 -1.08672448e-01 -8.11815038e-02 -1.90446451e-01
   8.50011557e-02 -1.05165824e-01  1.16920374e-01]
 [ 2.47653782e-01  3.58298212e-01 -1.65357605e-01  6.29356742e-01
  -4.42827046e-02  4.60115122e-03  3.76336336e-01 -3.53491038e-01
  -8.71582553e-02  1.69652149e-01 -1.68377861e-01]
 [-6.47873580e-02 -7.73640051e-02  1.05743326e-01  1.24089301e-01
   1.92266271e-01 -1.09023787e-02 -2.64763802e-01  8.69232789e-02
  -1.41722545e-01  5.21769226e-02  2.71971792e-01]
 [ 1.58229753e-01  1.73434407e-01  8.35573077e-02  3.12810600e-01
  -2.73096830e-01 -1.91954836e-01  3.59584570e-01 -4.70522977e-02
   1.54661521e-01 -1.11573488e-01 -1.95054457e-01]
 [-7.53498897e-02  2.09673718e-01 -3.64064634e-01  9.26976353e-02
  -3.79790366e-01  2.37452522e-01 -2.37712905e-01 -3.78183872e-01
  -3.14124167e-01 -2.48978101e-03 -7.66551064e-04]
 [ 1.41118217e+00  1.53736866e+00  3.84697728e-02 -1.60317099e+00
  -9.13821459e-02 -8.29339325e-01 -1.83055833e-01  7.84516633e-02
  -7.88913891e-02  1.01680517e+00  9.14297044e-01]
 [ 1.41481829e+00  1.52994919e+00  4.21954542e-02 -1.43102419e+00
  -4.13361013e-01 -8.79760265e-01 -1.12999941e-03 -5.19985631e-02
   1.36267841e-02  1.57313561e+00  1.71362177e-01]]
Peso 2:
[-0.13434973 -0.0814606  -0.0014256   0.94758314 -0.00725942  0.62469065
  0.02926203 -0.00221573  0.01100969 -0.18822198  0.10267956]
Camada: saida
Peso 1:
[[ 1.4081813  -1.3344657 ]
 [ 1.1771514  -1.5946746 ]
 [ 0.22184187  0.22261438]
 [-1.4551847   1.8712118 ]
 [-0.19657224 -0.17844057]
 [-0.63242614  1.3351325 ]
 [-0.41768909 -0.04748027]
 [ 0.04112146  0.24848849]
 [ 0.24428368  0.48287565]
 [ 1.2575021  -1.149886  ]
 [ 0.68107575 -0.46233246]]
Peso 2:
[-0.29791617  0.29791927]



pesos modelo: 
Test loss: 0.0002, Test accuracy: 1.0000
Camada: meio
Peso 1:
[[ 6.86692297e-02 -3.25766295e-01  4.24748898e-01  1.91717625e-01
  -3.17263901e-01 -1.62467360e-03  1.40230358e-01  2.41988242e-01
   1.60139263e-01  3.75253856e-02 -1.94802538e-01]
 [ 8.01638365e-02  4.23032582e-01  1.45780757e-01  2.15566471e-01
   1.26186252e-01  1.94624990e-01 -1.06790245e-01  4.91069146e-02
   1.55757694e-02  2.82810360e-01  1.89372435e-01]
 [-1.19034320e-01  2.28623480e-01  2.19094381e-02  4.35227126e-01
   3.08926493e-01 -1.05225004e-01  3.70441169e-01  1.76301450e-01
   1.81410164e-01 -3.64939958e-01 -8.84144828e-02]
 [ 1.45828888e-01 -1.60673186e-01  2.48501733e-01  2.19971001e-01
   1.27602175e-01 -4.00692552e-01 -3.67889822e-01  1.04264021e-02
   6.04169667e-02  3.06668202e-03 -2.27437615e-01]
 [ 1.74960583e-01  2.74989516e-01 -3.11659873e-02  1.39063582e-01
   6.57426566e-02 -3.98597479e-01 -3.90088744e-03  2.31498852e-01
   3.97824079e-01 -1.03375390e-01  1.88433509e-02]
 [-1.78193867e-01 -1.10374885e-02  1.76311731e-01  2.49112770e-01
   1.56900406e-01  1.36728629e-01 -1.78217724e-01 -8.92638974e-03
  -2.55784065e-01 -3.50060880e-01 -1.78491518e-01]
 [-4.05222774e-01 -3.71031582e-01 -2.27676004e-01  3.73517007e-01
   3.11274916e-01  1.85383335e-01  3.94095242e-01  3.61250073e-01
   4.01686758e-01  1.69719905e-01 -2.70692945e-01]
 [-4.22590971e-01 -1.67651415e-01  1.42014563e-01 -2.84140352e-02
  -4.70571779e-02 -2.86553707e-02 -2.37967804e-01  2.20996797e-01
   1.36425093e-01  3.30922417e-02  7.19115511e-02]
 [-2.62637019e-01 -9.07535329e-02  1.61780640e-01  1.32418364e-01
   9.65163931e-02  4.54548113e-02 -1.01189278e-01  2.08082810e-01
   1.48057282e-01 -4.10240918e-01 -3.52733672e-01]
 [-1.47904336e-01  3.92564863e-01 -2.52905041e-01  5.20988666e-02
  -8.00661668e-02 -3.87208238e-02  1.32871196e-01 -3.60256582e-01
  -2.33458895e-02 -3.38942021e-01 -1.23073667e-01]
 [ 1.81676835e-01 -2.25768939e-01 -1.44597441e-01  1.70426413e-01
   1.09560743e-01  3.47428948e-01  2.15419292e-01  9.60001126e-02
  -2.13402942e-01  2.02390313e-01 -1.31269336e-01]
 [-3.74793291e-01 -2.95624018e-01 -3.70132416e-01  7.92068020e-02
   5.58703505e-02  3.11156929e-01 -2.90633827e-01  2.19345674e-01
  -3.29025775e-01  6.21976517e-02  2.26003736e-01]
 [ 1.43396795e-01 -3.97270799e-01 -2.24820539e-01  4.82483208e-01
   3.67889017e-01 -3.32213759e-01  2.40239352e-01  3.49232435e-01
   3.20094943e-01 -2.62539029e-01  2.65252292e-01]
 [-4.77021150e-02  4.08118904e-01 -4.28904265e-01  1.68037564e-01
   7.73475841e-02 -2.60581285e-01 -1.03956938e-01  6.99041709e-02
  -1.78054482e-01  2.72172123e-01 -1.64370853e-02]
 [-3.89821142e-01 -2.21981823e-01  2.63386760e-02  1.69393599e-01
   1.08212277e-01  3.57500255e-01 -2.28249997e-01  9.47656333e-02
  -1.82733923e-01  1.90318063e-01  1.15778476e-01]
 [ 9.66548249e-02 -3.18086207e-01  7.08295926e-02 -3.05890925e-02
  -6.12004101e-02 -2.16960594e-01  2.50240229e-02  2.72372931e-01
   1.38262451e-01 -3.61206323e-01  1.31219029e-01]
 [-2.54033566e-01  2.87244022e-01 -1.83718562e-01  8.45410302e-02
  -5.34401415e-03  2.63249427e-01 -2.42356613e-01 -1.92448899e-01
  -2.13600658e-02 -2.56767422e-01  1.08518824e-02]
 [ 1.35298356e-01 -3.61602753e-01 -4.25498337e-01  2.76586771e-01
   1.41767919e-01 -2.92700350e-01 -2.34430090e-01 -5.23707941e-02
   6.64569065e-02 -3.49747211e-01  2.49992952e-01]
 [-3.70666720e-02 -2.82628149e-01 -1.17845885e-01  3.83626789e-01
   2.06858680e-01  6.59445077e-02  1.77277118e-01 -2.70674199e-01
  -1.77994743e-01  2.65808720e-02  2.70093501e-01]
 [-3.12833816e-01 -2.60754317e-01 -2.74494708e-01  4.86704288e-03
  -5.44587933e-02  5.16705550e-02  4.49793134e-03 -9.44427773e-03
  -9.29808840e-02  2.69039273e-01  6.97663203e-02]
 [-2.05333546e-01  2.63803333e-01 -3.79773498e-01 -1.89405084e+00
   2.29596162e+00 -3.45553875e-01  2.66238242e-01 -4.19396847e-01
   3.31838399e-01 -1.85434088e-01  3.56976867e-01]
 [-1.02624342e-01  9.31056961e-02 -7.20805898e-02 -1.74732673e+00
   2.46487093e+00 -9.39702690e-02 -4.20162529e-02 -3.82124543e-01
  -1.44625574e-01  9.28187892e-02 -1.94504380e-01]]
Peso 2:
[-0.06695151 -0.00187946 -0.15056036  1.0670305  -0.3357865   0.03034209
 -0.01297949  0.15791541 -0.02800253 -0.21276985 -0.01059865]
Camada: saida
Peso 1:
[[ 0.48016506 -0.2775421 ]
 [-0.40393478 -0.632143  ]
 [ 0.56108135 -0.21604069]
 [-2.0299716   1.8682908 ]
 [ 2.1178684  -2.5250428 ]
 [-0.42781377 -0.0460592 ]
 [ 0.14968789 -0.223627  ]
 [ 0.16355112  0.9538502 ]
 [ 0.45255643  0.3929437 ]
 [-0.3944727   0.40432766]
 [ 0.38453475  0.14442033]]
Peso 2:
[-0.03673569  0.03673902]



pesos modelo: 
Test loss: 0.0001, Test accuracy: 1.0000
Camada: meio
Peso 1:
[[-1.46426350e-01  3.36661041e-02 -8.30176175e-02  3.21355999e-01
  -7.81569481e-02  3.76125097e-01 -1.96847871e-01  3.10902774e-01
   3.61193001e-01  2.14844346e-02 -2.23279789e-01]
 [ 9.36813653e-02  8.86216387e-02  1.99542761e-01  3.07429373e-01
  -2.43477244e-03  1.29575342e-01  2.07164995e-02 -1.57854810e-01
   2.95857430e-01  3.15812156e-02  3.66399080e-01]
 [-2.91137636e-01 -4.02124077e-01 -1.59017190e-01  3.03638745e-02
   7.34459609e-02 -2.77817100e-01 -3.94877456e-02  3.78675520e-01
  -1.09156854e-01  2.45435387e-01  4.24310081e-02]
 [ 4.07259256e-01  4.51595366e-01  5.22840582e-02  2.25813419e-01
  -1.95283927e-02  1.91983879e-01  1.63316265e-01 -1.94442123e-01
  -3.20661575e-01 -1.60796344e-01 -1.07743535e-02]
 [ 1.86617434e-01  1.86369091e-01  2.48392478e-01  1.11534409e-01
   1.46616131e-01 -5.92658222e-02 -2.43346274e-01 -2.53880531e-01
  -5.34477644e-02 -1.86313456e-03  2.11953614e-02]
 [-6.08672500e-02  3.80356640e-01  9.58603173e-02  4.86612946e-01
   1.59021854e-01 -8.46032724e-02  2.31764466e-01 -1.11065850e-01
   7.77046531e-02  2.75782377e-01 -2.02821463e-01]
 [-8.99383277e-02  3.06841191e-02  1.74163759e-01  2.91930407e-01
   1.94173455e-01  3.50296080e-01  1.82456627e-01 -3.97467256e-01
   1.83340341e-01  3.16505760e-01  1.59548029e-01]
 [-9.29859746e-03 -2.62060285e-01  1.49589881e-01  3.65346014e-01
   3.48832339e-01  1.81217417e-01  3.42541635e-01 -8.26280117e-02
   4.18268770e-01  3.78221273e-01  3.19201916e-01]
 [-1.33092239e-01 -9.67206880e-02 -3.65325902e-03  1.32092193e-01
   2.52338052e-01  1.71887860e-01  4.85611439e-01  1.51221946e-01
  -1.63991496e-01  1.19900040e-01  2.34511048e-01]
 [-2.27382913e-01  3.46521854e-01  1.14790522e-01 -9.10244659e-02
   4.63576168e-01  1.13789745e-01  1.66061684e-01 -1.77228391e-01
  -4.26123478e-02  2.65452981e-01 -1.62294850e-01]
 [ 2.49806732e-01  3.68503362e-01 -1.14259645e-01 -1.39373973e-01
   3.90946209e-01 -3.13883871e-01  7.36806169e-02  2.71690965e-01
   1.65607065e-01  2.21781377e-02 -3.20323825e-01]
 [-1.56041801e-01  2.32416466e-02  3.34322304e-01  3.52701873e-01
   3.24421763e-01  8.88847560e-03 -5.05237421e-03 -2.73754001e-01
  -4.70750816e-02  3.12395930e-01 -1.64851204e-01]
 [ 2.09561884e-01 -3.70382071e-01  2.02446833e-01  9.52505171e-02
   9.00144875e-02  7.16580031e-03 -9.87166837e-02 -1.20209374e-01
  -3.62374634e-01 -1.90995559e-01  2.66524870e-02]
 [ 2.12220803e-01 -4.68014739e-02  1.57899521e-02 -1.57832339e-01
   1.05799899e-01  2.92588532e-01 -6.91445544e-02  2.62129366e-01
  -1.78582966e-01 -3.86040732e-02  1.74189135e-01]
 [-8.90195742e-02 -1.95354685e-01  1.54753655e-01  1.66435748e-01
   8.36729258e-02  4.18094933e-01  1.23712473e-01  1.92516372e-01
   2.88670599e-01  2.25616973e-02  1.88105255e-02]
 [ 9.10179168e-02 -1.21258527e-01 -1.37414739e-01  1.98934212e-01
   1.14806481e-01  4.45161425e-02  2.81502455e-01 -1.13263302e-01
   3.36577892e-01  1.80074573e-01  1.69032589e-01]
 [-6.08927310e-02  5.32632135e-02 -8.12891200e-02  4.90795791e-01
  -1.94375217e-01 -1.14854865e-01  1.05375566e-01 -2.63991058e-01
   1.44465044e-01  9.77713391e-02 -2.25205302e-01]
 [ 4.61843126e-02 -2.68312395e-01 -1.46295475e-02 -2.16538414e-01
   4.35294628e-01  2.31209993e-01  4.20059592e-01 -7.81168491e-02
   3.75360221e-01 -8.21061209e-02  2.52159625e-01]
 [ 2.21653566e-01 -3.68465364e-01  2.52867907e-01  2.56295294e-01
  -7.24976882e-02  4.60051924e-01  7.58120976e-03 -4.00032610e-01
   8.93529207e-02 -2.00619742e-01  1.48541883e-01]
 [-6.87007084e-02  2.91852932e-02  1.95136607e-01  9.99637842e-02
   2.36193612e-01 -2.62562066e-01 -1.73914544e-02  2.96008419e-02
  -2.00064555e-01  3.99379581e-02  2.78108209e-01]
 [-1.51425853e-01 -2.73814201e-01  1.66964364e+00 -1.20516145e+00
  -1.46313417e+00 -4.89099294e-01  1.41012347e+00  7.77005125e-03
   2.65565097e-01  9.08263743e-01 -2.81743616e-01]
 [ 9.09521163e-01  3.71588245e-02  1.62333024e+00 -1.17147303e+00
  -1.44281054e+00 -4.71718222e-01  6.74948454e-01 -1.27331296e-03
   1.18399642e-01  1.27630305e+00 -4.85077828e-01]]
Peso 2:
[-0.0215465   0.05740003 -0.16862866  0.63327885  0.7556596   0.21072318
 -0.20363618 -0.01203577 -0.03361497 -0.04893047  0.13725306]
Camada: saida
Peso 1:
[[ 0.57432336 -0.62067986]
 [-0.32047647  0.17792794]
 [ 1.5851413  -1.5730461 ]
 [-1.295908    1.2817942 ]
 [-1.4215531   1.7209995 ]
 [-0.6079633   0.5641062 ]
 [ 1.0373685  -1.159181  ]
 [ 0.11899962 -0.06020253]
 [ 0.4158755   0.21568872]
 [ 1.0022717  -1.0774914 ]
 [-0.31533608  0.38394162]]
Peso 2:
[-0.2046508   0.20465411]



pesos modelo: 
Test loss: 0.0001, Test accuracy: 1.0000
Camada: meio
Peso 1:
[[ 2.30531991e-02 -1.07681036e-01  1.33587182e-01  8.17028284e-02
  -7.04994798e-03  3.25617969e-01  1.30780280e-01 -2.01836124e-01
   3.44260335e-01  2.99430668e-01  4.20125544e-01]
 [-8.07400122e-02 -2.77053654e-01  1.40152812e-01 -8.41854066e-02
  -3.14688236e-01  1.91223606e-01 -3.13613355e-01 -1.68688670e-01
  -2.76581384e-02 -6.38908595e-02  6.69715106e-02]
 [-3.88406992e-01 -1.79863438e-01 -7.92260766e-02 -3.15846503e-02
  -6.37238324e-02  7.73625672e-02  2.64014393e-01 -2.17797041e-01
  -1.48159489e-01  2.89351910e-01  2.61447698e-01]
 [ 3.32529515e-01  2.06382319e-01  1.95055708e-01  5.96356802e-02
   2.28898421e-01  2.93496847e-01 -3.46381925e-02  4.04866427e-01
   2.38278706e-04  2.48721942e-01  3.60744059e-01]
 [ 7.37630669e-03 -4.58353758e-02  4.86106202e-02  1.52373001e-01
   5.50457090e-03  2.20068321e-01 -3.45047861e-01 -1.96675211e-01
   3.46806407e-01 -3.78450677e-02  2.49894395e-01]
 [-1.09990332e-02  1.13450609e-01 -1.73638135e-01  3.00093859e-01
   4.26225841e-01  1.90667272e-01  6.05592988e-02  5.34354858e-02
   2.48336308e-02  2.30631605e-01  1.32720113e-01]
 [ 4.03032720e-01  3.23819280e-01  3.31874520e-01  1.65228173e-01
   1.28835529e-01  4.92394418e-02 -2.53331035e-01  2.66281188e-01
  -1.61452562e-01  4.05620486e-01  1.97489336e-01]
 [ 1.20932244e-01  1.57007545e-01 -2.01215267e-01  2.80927420e-01
   7.98284039e-02  2.00750101e-02 -1.90873504e-01  2.44811177e-01
   1.06819458e-01  1.17349893e-01 -3.18573236e-01]
 [ 1.91866532e-01  1.42800063e-01 -3.03638726e-01  3.92696708e-01
  -5.34094684e-02  2.63930351e-01  4.17653024e-01 -1.28373072e-01
  -1.55928940e-01  1.79427832e-01  1.20307863e-01]
 [-4.04248424e-02  2.95370281e-01  4.09564763e-01 -3.16223025e-01
  -3.41800511e-01 -6.29032105e-02 -2.73122549e-01  2.61442214e-01
   1.33406386e-01  2.44434159e-02  2.63936132e-01]
 [ 4.02037859e-01  4.18070525e-01 -5.30049158e-03  1.49122760e-01
  -1.53132066e-01  2.22127497e-01 -2.65495002e-01  2.41974458e-01
   1.44599214e-01  1.04356885e-01  3.21961582e-01]
 [-3.70048732e-01  4.65737343e-01  2.30644718e-01  2.66345829e-01
  -2.23698065e-01  1.74385682e-01  5.97243831e-02  3.56490821e-01
   3.98618937e-01  1.23934276e-01  2.02918231e-01]
 [-3.55816901e-01  1.43904522e-01  4.01400868e-03  2.90501177e-01
   2.46654823e-01  1.80342078e-01 -1.35798201e-01 -8.04226547e-02
  -1.59045801e-01  2.96096414e-01  2.42049098e-01]
 [-1.13438219e-01 -2.16791779e-01 -2.56813943e-01 -1.38233960e-01
  -9.13444534e-02  2.16432333e-01  9.77418106e-03  6.82048779e-03
   6.07666485e-02  2.15287447e-01  3.51033300e-01]
 [ 9.94964615e-02 -2.17054665e-01  4.03190814e-02  9.36798453e-02
   1.84916914e-01  3.45787436e-01 -3.08953255e-01  1.10342219e-01
   3.98220241e-01 -9.88806412e-03  1.71062335e-01]
 [-3.16729397e-01  4.21395719e-01  1.29953116e-01  2.61479884e-01
  -3.83725464e-01  3.53087515e-01 -3.25886279e-01  3.38211060e-01
   1.99741170e-01 -7.55089670e-02  1.37121931e-01]
 [ 2.72146434e-01  1.62482545e-01 -1.91989765e-02  1.32492170e-01
   3.94818895e-02  1.25470132e-01 -3.27111892e-02  2.31404379e-01
   2.74668545e-01  1.35552421e-01  1.21797763e-01]
 [ 1.92980587e-01  2.15372890e-01  1.94763228e-01  9.51206461e-02
   1.98747084e-01  2.02724725e-01 -3.50453734e-01  1.37402073e-01
   6.05526716e-02  7.39395991e-02  2.56433219e-01]
 [ 2.04667784e-02  2.84018338e-01 -1.62935197e-01  2.78520495e-01
  -3.65374655e-01 -1.49231687e-01  3.91885340e-01  2.74484251e-02
   2.58814394e-01  2.40463108e-01 -1.40283570e-01]
 [ 3.99569005e-01  1.15038060e-01  3.60719651e-01  8.78006965e-02
   3.09188247e-01 -2.82070786e-02  2.57349610e-01 -2.97045279e-02
  -2.58621067e-01  3.03230822e-01  1.20954454e-01]
 [-1.61716431e-01 -8.81220281e-01 -4.51551378e-01  1.35472083e+00
  -4.18524504e-01 -1.51453006e+00  6.85412735e-02  8.50321233e-01
  -3.73140156e-01 -1.34015799e+00  1.13360035e+00]
 [ 1.46537751e-01 -9.34925735e-01  1.89277098e-01  1.38649118e+00
   1.02100991e-01 -1.61426377e+00 -6.86725155e-02  8.92980993e-01
  -4.89652723e-01 -9.55418408e-01  1.31507480e+00]]
Peso 2:
[-0.00188919  0.43826324  0.01714391 -0.20111437  0.03580515  0.72267514
 -0.00273681 -0.05104798  0.19546573  0.40814278 -0.26352733]
Camada: saida
Peso 1:
[[-0.4294626  -0.38360843]
 [-0.54998803  1.404625  ]
 [ 0.12344798  0.4148568 ]
 [ 1.0575969  -1.6140451 ]
 [-0.11320443  0.4190761 ]
 [-1.6224521   1.780503  ]
 [ 0.01257646 -0.01244631]
 [ 0.89469093 -1.0258989 ]
 [-0.5181255   0.5044536 ]
 [-1.0027612   1.3785493 ]
 [ 1.007931   -1.4082383 ]]
Peso 2:
[-0.04464105  0.0446449 ]



pesos modelo: 
Test loss: 0.0001, Test accuracy: 1.0000
Camada: meio
Peso 1:
[[-1.5053910e-01 -3.0592066e-01  2.5059193e-01  1.5415674e-01
   5.6177616e-02 -4.0639395e-01  3.8892746e-02 -1.2696764e-01
   2.3148227e-01 -3.9998811e-01 -3.2439113e-01]
 [ 2.1281429e-01  5.3075917e-02  2.2651184e-01  7.5119622e-02
   5.6130890e-02  1.1743783e-02  1.3808264e-01  5.5151559e-02
  -2.8917948e-02 -3.6052585e-01 -2.6962674e-01]
 [ 3.6123604e-01  2.1724762e-01 -7.0183158e-02 -1.4198284e-01
  -1.0926223e-03  2.4638612e-02  6.1886661e-02  2.3950058e-01
   1.4767686e-03  3.1549564e-01  1.6586620e-01]
 [ 1.4434922e-01 -3.3315957e-01  1.2671870e-01 -2.9622275e-02
   3.6556929e-01  2.9843654e-02 -3.6231671e-02  4.3660411e-01
  -1.3591860e-01  2.2204298e-01  3.1145802e-01]
 [ 1.9068272e-01  9.9687226e-02  4.8844951e-01  1.8325660e-01
  -5.1133391e-02 -7.2378211e-02  2.4340346e-01 -2.9931465e-01
   2.0115514e-01 -1.9910960e-01  3.5598102e-01]
 [ 2.3632790e-01 -1.9854584e-01  3.7950677e-01  9.9492408e-02
  -1.2414109e-01 -1.7211105e-01  3.6387074e-01  2.3165694e-01
   1.0573812e-01 -1.9884193e-01 -4.0196988e-01]
 [-3.9743870e-01  2.7132025e-01  4.8406202e-01  3.6029807e-01
   2.5065285e-01 -3.0732933e-01  1.3535058e-01  1.1588885e-01
   1.8285115e-01  2.4821814e-02  1.6983507e-02]
 [-1.9087006e-01  1.9950992e-01  5.7839084e-01  2.6268178e-01
   3.3564508e-01  2.3863515e-01  2.0105092e-01  6.3045964e-02
   1.7248043e-01 -2.3984315e-01 -4.1473207e-01]
 [-2.4133955e-01  1.6119824e-01  2.8807613e-01 -2.9113706e-02
   2.2886910e-01 -4.1552919e-01  2.5630757e-01  3.5412976e-01
   2.9501654e-02  2.4863429e-01 -1.7968129e-01]
 [-1.6363431e-02 -1.8390957e-01  1.3158409e-01 -1.8009582e-01
   2.6348165e-01  1.2509593e-01 -9.1024257e-02  1.9789404e-01
   3.0654982e-01 -1.5189016e-01 -3.9917162e-01]
 [-4.1487190e-01  2.4346355e-01  1.3794008e-01  2.7332225e-01
  -7.5937837e-02 -3.3135432e-01 -6.0594808e-03  1.8111643e-01
   2.8702965e-01 -2.1466517e-01 -1.9816193e-01]
 [ 1.2283417e-01 -2.2293006e-01  1.9774151e-01 -6.2214829e-02
   3.2313806e-01 -6.6305183e-02 -3.3146132e-02  8.2122244e-02
  -9.4276570e-02  2.1013897e-02  1.8372074e-01]
 [ 3.0554056e-02 -1.4524369e-01  2.6016882e-01  3.0524263e-01
  -1.0346146e-01  2.6433626e-01  2.3062879e-01  2.7799317e-01
  -1.5028222e-01 -3.0712762e-01  5.8637794e-02]
 [-2.3109594e-01  5.1452816e-01 -4.1772000e-02 -1.4052327e-01
   2.1930297e-01  2.8296682e-01 -1.8618312e-01 -2.1518601e-01
   6.1228465e-02 -7.8523114e-02  2.5912303e-01]
 [-1.7069842e-01  1.9978821e-01 -1.0965896e-01 -2.0658964e-01
   4.6955004e-02 -7.4423305e-03 -8.5509174e-02  1.1441129e-01
   9.3182914e-02  9.4905213e-02 -3.1760344e-01]
 [-2.6448151e-01  6.3980031e-03  4.4560660e-02  3.1925806e-01
  -9.2101604e-02 -2.5447622e-01  4.9159486e-02  4.1692293e-01
  -1.1749760e-01  1.2480183e-01  9.0120845e-02]
 [-4.3874803e-01 -8.8356353e-02  2.0185961e-01 -1.1317780e-01
  -1.5041517e-01 -3.6095262e-01  3.3462769e-01  3.6510092e-01
   2.1615088e-01 -1.3372172e-01 -6.6307761e-02]
 [ 2.4143237e-01 -1.9260375e-02  5.7323289e-01  1.8202950e-01
   3.7132356e-01  7.3202178e-02  2.1197803e-02 -2.1513356e-01
   2.6849374e-01  2.6406404e-01 -3.5203043e-01]
 [-1.9270409e-02  1.1339228e-01 -6.4605750e-02  2.1992870e-01
  -1.5226556e-01 -3.5712123e-01  5.9703037e-02  2.8271946e-01
  -2.7638400e-01 -4.3304812e-02  3.6144763e-01]
 [-2.8816783e-01  2.4927282e-01  2.9496038e-01  1.9146812e-01
  -1.0260059e-01 -4.1100147e-01  1.8165651e-01 -1.5259477e-01
   4.8363052e-02  2.2102511e-01  2.2428791e-01]
 [-9.1404747e-04 -4.9764195e-01 -1.7220105e+00  1.1312526e+00
   1.0706395e+00  1.0731470e-01  1.6256979e+00 -6.9508129e-01
   6.4279151e-01  1.7093177e-01 -3.8845908e-02]
 [ 2.5673572e-02 -2.4530937e-01 -1.5590328e+00  8.4226537e-01
   1.3685488e+00 -2.0130672e-01  1.8219947e+00 -6.2086028e-01
   7.1418500e-01 -2.7194557e-01 -1.3904485e-02]]
Peso 2:
[-0.04970793  0.29076338  1.0079465  -0.05725614 -0.07284014 -0.16255431
 -0.21936479  0.27488786 -0.03183157 -0.03948402  0.01220719]
Camada: saida
Peso 1:
[[-0.04921313  0.5402115 ]
 [-0.18514986  0.7336738 ]
 [-1.5838088   2.148657  ]
 [ 1.4049351  -0.4215587 ]
 [ 1.0800776  -1.1753836 ]
 [ 0.43921083 -0.45474073]
 [ 1.8685031  -1.5649414 ]
 [-0.63535506  0.6736648 ]
 [ 0.40950763 -0.76742154]
 [ 0.17045483  0.0209994 ]
 [ 0.54096925  0.70986545]]
Peso 2:
[-0.28411725  0.28412083]
