


pesos modelo: 
Test loss: 0.0001, Test accuracy: 1.0000
Camada: meio
Peso 1:
[[-0.23615855 -0.40483522 -0.10702315  0.28190693 -0.06273347 -0.12561211]
 [ 0.3322788  -0.43523303  0.3112283   0.22535907  0.10625568  0.08505375]
 [ 0.32926244 -0.3375666   0.36257383  0.29646942  0.2950149   0.20510776]
 [ 0.1864148   0.08883416 -0.0539569   0.05192588 -0.06577741 -0.10705933]
 [-0.04293152  0.32995933  0.29502305 -0.04385026  0.20542341  0.05150666]
 [ 0.37037277  0.25533175 -0.21572147  0.0710685   0.24684523  0.30610275]
 [ 0.14839575 -0.32729965 -0.21256177  0.20368503  0.5030037   0.31610584]
 [ 0.5103066   0.12047125 -0.47962484  0.5072066   0.35708708  0.21250725]
 [ 0.02428594 -0.29167232 -0.34970123 -0.25378996  0.09248737  0.12514973]
 [ 0.32421038  0.09003412  0.15885466  0.12859493  0.00567374  0.02671627]
 [-0.09728761  0.11197284  0.19988303  0.0418444   0.27840602  0.0440677 ]
 [ 0.0397457  -0.2372002  -0.15416102 -0.2614631   0.12074394  0.16824818]
 [-0.2715993  -0.2472627  -0.14340527 -0.16960993  0.15771936 -0.08962452]
 [ 0.06946561 -0.2373097   0.04666713 -0.02758332  0.3323117   0.26120713]
 [ 0.35543865 -0.05240882  0.14418757  0.5348575   0.15149127 -0.06518788]
 [-0.24324891 -0.00523141  0.36511037 -0.12974006  0.5450066   0.3004641 ]
 [ 0.20669413  0.22280893 -0.16119249  0.06527317  0.3722555   0.31921086]
 [ 0.26327464 -0.24209847 -0.45529848  0.38949615 -0.05024548 -0.25608602]
 [-1.3334138   0.39105138 -0.12400869  1.3284749  -1.902899    2.3502645 ]]
Peso 2:
[ 0.78048223  0.01658257  0.05611661 -0.06806121  0.76687574 -0.214112  ]
Camada: saida
Peso 1:
[[-1.5118469   0.78763515]
 [-0.31338456 -0.5076546 ]
 [-0.06149299  0.32657462]
 [ 0.9762078  -1.1053909 ]
 [-1.3301232   1.6384152 ]
 [ 0.9991698  -2.0972438 ]]
Peso 2:
[-0.3199753   0.31997743]



pesos modelo: 
Test loss: 0.0001, Test accuracy: 1.0000
Camada: meio
Peso 1:
[[-3.2833219e-04 -2.7046621e-02 -2.2213566e-01  7.3367357e-03
  -2.3397997e-01 -3.5983807e-01]
 [ 2.7001193e-01 -3.0392727e-01  2.0463587e-01  6.6858754e-02
  -4.9813080e-01 -4.4336781e-01]
 [ 4.3967465e-01  3.0400977e-01  4.3452504e-01  1.6427442e-01
   1.6990277e-01 -7.6537661e-02]
 [ 3.0537003e-01 -1.8342566e-01 -2.2279806e-01  9.3080057e-03
   1.1642491e-02  9.4871387e-02]
 [ 4.9899468e-01 -5.3587373e-02  1.5988827e-01  1.3663912e-01
   2.0886739e-01  1.0613881e-01]
 [-4.2258654e-02 -3.3722633e-01  3.2900825e-01 -1.9790603e-02
  -2.5894296e-01  2.8703862e-01]
 [ 8.9893408e-02 -4.4997758e-01  3.1088743e-02 -1.9797347e-02
  -1.2118997e-01 -6.8218358e-02]
 [ 4.1806823e-01 -4.0680476e-02 -2.8883538e-01  4.4121396e-02
   7.0739985e-02  8.4377555e-03]
 [ 1.7182986e-01 -1.5825154e-01 -7.5208716e-02 -8.4638188e-04
  -2.1346475e-01  5.0571769e-01]
 [ 1.9638841e-01 -4.4610751e-01  1.5269248e-01  3.4986302e-02
  -2.0141883e-01 -4.8312268e-01]
 [ 2.3455755e-01 -8.6101621e-02 -2.5312313e-01 -1.3186682e-02
  -1.3734573e-01  1.2758921e-01]
 [ 5.5225599e-01 -5.9759844e-02  1.9584686e-01  1.7162196e-01
   2.5983307e-01 -3.1728622e-02]
 [ 3.5322192e-01 -2.0846653e-01  2.8240448e-01  1.1389632e-01
   3.7906598e-02 -2.5576401e-01]
 [ 1.7807111e-01  2.7529225e-01  2.1474618e-01  4.9587198e-02
  -4.8764074e-01 -4.7799405e-01]
 [ 1.1643030e-01 -1.6360286e-01 -1.3188341e-01 -2.6567167e-02
   2.2278783e-01 -6.8214804e-02]
 [ 3.9907044e-01 -3.6373377e-01 -1.5418674e-01  5.3317416e-02
   4.9083699e-02 -1.4523825e-01]
 [ 1.2478573e-01  2.9238689e-01  5.1587182e-01  7.2980396e-02
   3.8199048e-02 -3.0535936e-01]
 [ 4.7610345e-01 -7.4417092e-02  2.6459742e-01  1.6144933e-01
  -4.5188311e-01 -3.9190474e-01]
 [-1.1574905e+00  2.9988515e-01 -6.5017140e-01  3.3661020e+00
  -1.8181233e-01 -4.7825512e-01]]
Peso 2:
[ 0.7423235  -0.06992806  0.4623757  -0.24644189 -0.30305138  0.02305057]
Camada: saida
Peso 1:
[[-1.056784    1.1587493 ]
 [-0.506591   -0.26938853]
 [ 0.04298919  1.1090991 ]
 [ 2.8025057  -1.7647976 ]
 [-0.0487174  -0.5471253 ]
 [ 0.22205295  0.37953293]]
Peso 2:
[-0.94706684  0.94707006]



pesos modelo: 
Test loss: 0.0003, Test accuracy: 1.0000
Camada: meio
Peso 1:
[[-0.03158596 -0.03420967 -0.3553285  -0.38555235  0.12297371 -0.11471844]
 [-0.23935094 -0.05917028  0.3657052   0.17066437 -0.04140066  0.49045247]
 [-0.15098624 -0.24147023 -0.0874975  -0.02494633 -0.341643    0.11452274]
 [ 0.06579884 -0.45501867 -0.16922644 -0.01580091  0.25643677  0.41193146]
 [ 0.3009314   0.08030157  0.03197776 -0.02726027  0.29547444  0.09443606]
 [-0.20384152  0.14143373 -0.4201378   0.09215125 -0.28380978  0.1782486 ]
 [-0.36356598  0.41060033 -0.1726723   0.07059786  0.04985607  0.36370578]
 [-0.13961819  0.14717317  0.14703804  0.19030392  0.16555534  0.5054783 ]
 [ 0.39846945  0.38738284 -0.4303542   0.2691676  -0.21455353 -0.07658641]
 [ 0.50744146  0.10584436 -0.2914673   0.34923986  0.05331331  0.20515728]
 [ 0.2863425   0.11817717  0.32321706  0.04054971  0.2176644   0.0909505 ]
 [-0.08767673  0.23672149 -0.42170835  0.09363146  0.12796178  0.3094646 ]
 [ 0.25763634  0.00897803 -0.23932111  0.05726895  0.09105739  0.10092752]
 [ 0.44425023  0.32139453  0.40299636  0.42857957  0.4105068   0.45515263]
 [ 0.06767371  0.33076108  0.17860956 -0.02306515  0.2559866   0.10449862]
 [ 0.25696534  0.281051   -0.39261642  0.08367648  0.10194751  0.03773565]
 [ 0.12932676 -0.16243224 -0.3978789   0.03146049  0.36901602  0.3860553 ]
 [ 0.34399217  0.4774122  -0.25046405  0.02315811  0.17667568 -0.11529876]
 [-0.901141   -0.6944829   0.01582078  2.3849003   1.4688311  -1.9799601 ]]
Peso 2:
[ 0.5622445   0.19963732 -0.00831597 -0.26518053 -0.07382827  0.7834052 ]
Camada: saida
Peso 1:
[[-0.9567139   1.0474212 ]
 [-0.17044252  0.89179224]
 [-0.605622   -0.6760121 ]
 [ 1.9961334  -1.2226485 ]
 [ 0.80748445 -1.0715466 ]
 [-1.7002174   1.3326731 ]]
Peso 2:
[-0.2551096   0.25511202]



pesos modelo: 
Test loss: 0.0005, Test accuracy: 1.0000
Camada: meio
Peso 1:
[[ 9.4148070e-02 -1.3673094e-01 -3.1128258e-01  2.7067575e-01
   4.5599148e-01 -6.7855984e-02]
 [ 3.3596915e-01  1.5071592e-01 -3.1045449e-01  4.7683096e-01
  -1.5050104e-01 -2.3048374e-01]
 [ 1.8559927e-01 -2.6987717e-01 -3.6185867e-01  3.4244961e-01
  -1.6183990e-01  2.6441932e-01]
 [ 2.5298968e-01 -4.6789914e-01 -5.0124455e-02  2.3739153e-01
   4.2427745e-01 -6.4486668e-02]
 [ 7.6838776e-02 -3.7071437e-01 -4.4753012e-01  1.7455150e-01
   8.1628971e-02  1.4399691e-02]
 [-9.9932519e-04 -1.4529280e-01 -8.1718788e-02  1.3491194e-01
  -2.4315182e-02 -4.2165884e-01]
 [ 2.2382770e-01 -2.6357689e-01 -4.1263890e-01  3.1731436e-01
   1.6442570e-03  3.1966442e-01]
 [-1.1771310e-01  2.6053351e-01 -2.0127885e-01  1.1414552e-01
  -3.1803641e-01 -3.6958656e-01]
 [ 1.7179212e-01  4.5601985e-01 -3.7692389e-01  2.4772798e-01
   1.3159893e-01 -5.1702023e-01]
 [ 3.7049450e-02 -4.7966880e-01 -4.7756308e-01  9.6274577e-02
   1.9759682e-01 -2.1942003e-01]
 [-3.3988114e-02 -8.3962023e-02  2.7701935e-01  5.3444076e-02
   1.2199334e-01  1.1551149e-01]
 [ 7.6039597e-02 -2.7117726e-01 -4.3745124e-01  1.6460469e-01
   6.9800787e-02  1.9635637e-01]
 [ 3.0171371e-01  2.0596331e-02  4.3964830e-01  3.9568651e-01
   1.2757753e-02 -1.7552017e-01]
 [ 8.4507115e-02 -8.4843427e-02  2.8357688e-01  8.9088611e-02
   3.7149432e-01 -2.5036684e-01]
 [ 4.7298846e-01 -4.5194137e-01  2.9471898e-03  4.0661252e-01
   4.5434645e-01 -2.0361908e-01]
 [-2.0610647e-01  5.9473522e-02 -3.1566795e-02 -8.1103519e-03
  -2.0806992e-01  8.0632769e-02]
 [ 4.1760683e-01  4.4248858e-01  2.8344715e-01  5.0902522e-01
   2.7484505e-02 -6.5654792e-02]
 [ 4.1982040e-02  2.5899640e-01  3.6106753e-01  1.2681271e-03
   5.3159833e-01 -8.3467662e-02]
 [ 2.3266842e+00  2.3928314e-01  1.7945501e-01 -2.5557015e+00
  -7.5305116e-01  1.0220950e-01]]
Peso 2:
[-9.9947438e-02 -1.0111599e-03 -3.6513377e-02  1.1304266e+00
  2.5182319e-01 -1.1631550e-01]
Camada: saida
Peso 1:
[[ 1.7243676  -1.7659996 ]
 [-0.73794734 -0.8421923 ]
 [-0.05781519 -0.3352491 ]
 [-1.6188426   2.302346  ]
 [-0.5828453   0.659707  ]
 [ 0.09773917  0.63325715]]
Peso 2:
[ 0.03421007 -0.03420822]



pesos modelo: 
Test loss: 0.0009, Test accuracy: 1.0000
Camada: meio
Peso 1:
[[-0.44749492  0.2459251  -0.27237856 -0.29519877  0.07514879 -0.19467452]
 [-0.02906973  0.09436326  0.12683438 -0.35584676  0.07631857  0.25553495]
 [-0.04066315  0.08089454  0.13950516 -0.3079468   0.11254301 -0.03219402]
 [-0.13698962 -0.45483854  0.09818672 -0.02160182  0.12285488  0.3628767 ]
 [ 0.22688635 -0.41095543  0.15347606  0.22050698  0.05783057 -0.35866016]
 [ 0.1408296   0.04889072  0.13128519  0.0889691   0.05493724 -0.04692333]
 [ 0.02139488 -0.06755906  0.0975107   0.10237329  0.09082225  0.16382402]
 [-0.20157865  0.26879504  0.11811282 -0.34902757  0.17031945 -0.25262514]
 [ 0.18815912 -0.06302623  0.06944425 -0.31213903  0.07027663  0.0533615 ]
 [-0.00515344  0.12910104  0.06102911 -0.280056    0.13968626  0.10821609]
 [-0.23271328  0.43169072  0.14305654  0.05231465  0.09093108 -0.0654573 ]
 [ 0.24812278  0.17675065  0.07788899 -0.4791903   0.0858188  -0.37197387]
 [ 0.06628922  0.11216012  0.04469174 -0.1547378   0.12798056  0.05829121]
 [ 0.24706475 -0.44286963  0.07780298 -0.12748946  0.03181925  0.32148844]
 [ 0.2056614  -0.48207197  0.05362523  0.31910732  0.09296831 -0.13663986]
 [-0.11027375 -0.24994387  0.10404383  0.0231468   0.16599837 -0.16004005]
 [-0.27620596 -0.28281438  0.17317133 -0.37994334  0.11350752 -0.18055144]
 [ 0.23752536  0.44745326  0.09420335  0.29371437  0.04177845 -0.17113325]
 [-1.1140114  -0.38695148 -2.565331   -0.17908469 -2.393059   -0.63757676]]
Peso 2:
[ 0.25364032 -0.02105605  1.3058906  -0.06480281  1.1949668   0.09526908]
Camada: saida
Peso 1:
[[-0.49018985  0.891729  ]
 [ 0.37604368  0.46360764]
 [-2.2323267   1.5563899 ]
 [ 0.11527006  0.63245094]
 [-1.6098921   1.9374162 ]
 [ 0.04154235  0.8427435 ]]
Peso 2:
[ 3.2783666 -3.2783668]



pesos modelo: 
Test loss: 0.0003, Test accuracy: 1.0000
Camada: meio
Peso 1:
[[-1.57553017e-01 -3.55120957e-01 -7.31629431e-02 -1.34939343e-01
  -7.95304775e-04 -2.57508785e-01]
 [ 3.32393318e-01 -1.82927161e-01 -3.83566082e-01 -3.65350455e-01
   4.36803000e-03 -8.18802863e-02]
 [ 4.05824363e-01 -2.31425136e-01 -2.24816293e-01  9.45987627e-02
  -9.39280242e-02 -1.17641024e-01]
 [-4.03039902e-01 -3.10906976e-01  1.77194059e-01 -1.00259455e-02
   3.94258857e-01  1.15797743e-01]
 [ 1.55043855e-01 -3.25050801e-01 -9.53619555e-02  8.05770084e-02
   1.77398697e-01  7.30967373e-02]
 [ 1.82691306e-01  2.79604465e-01  2.84941703e-01  2.42382243e-01
   1.06735356e-01  9.28829536e-02]
 [-2.93351293e-01 -2.01743484e-01 -5.61505333e-02 -3.42602372e-01
   5.41474342e-01  2.63100892e-01]
 [ 6.31352840e-03  1.69400394e-01  4.09617424e-01  2.73643546e-02
   2.87473828e-01  2.20347062e-01]
 [ 2.60505855e-01 -5.39494827e-02  3.29802066e-01 -5.15659273e-01
  -1.17394626e-01 -7.45991915e-02]
 [ 1.90725893e-01 -5.35422802e-01  1.19717002e-01  3.07304651e-01
   2.08778381e-01  1.93239719e-01]
 [-2.25294277e-01  1.00562155e-01  1.62852347e-01 -8.98412988e-02
   4.63877499e-01  2.65477270e-01]
 [-2.56760865e-01  1.47114411e-01  1.67926952e-01 -2.22890869e-01
   1.74483836e-01 -4.44196835e-02]
 [-2.03860864e-01  2.05259413e-01  1.64647996e-01 -4.31773484e-01
   3.75444144e-01  1.82192430e-01]
 [ 5.87294817e-01 -5.27789712e-01  1.85986072e-01 -2.06989869e-01
   1.00030806e-02  1.81448340e-01]
 [ 2.56786257e-01  1.94091916e-01  5.00210762e-01  3.09525132e-01
   1.88105088e-02  1.22737534e-01]
 [ 1.30274177e-01  1.58586189e-01 -9.17040631e-02  7.17806071e-02
   3.60661477e-01  2.50590295e-01]
 [ 5.87838292e-02 -6.69249101e-03 -3.17127436e-01 -1.12242252e-02
   2.80030638e-01  1.02874234e-01]
 [ 3.87151569e-01 -1.67708099e-01  7.09206834e-02 -9.43956077e-02
   4.61098582e-01  5.01765490e-01]
 [-7.75048852e-01 -1.42025977e-01 -6.65377438e-01 -3.40092927e-02
  -2.28671050e+00  2.62857580e+00]]
Peso 2:
[ 0.32059264 -0.279456    0.17818128 -0.09193753  0.97847074 -0.18172948]
Camada: saida
Peso 1:
[[-0.8289936   0.8345606 ]
 [ 0.28438    -0.70206064]
 [-0.9875433  -0.1083324 ]
 [ 0.11597587  0.7608399 ]
 [-1.508663    2.0016916 ]
 [ 1.6447079  -1.8955939 ]]
Peso 2:
[-0.07886694  0.07886911]



pesos modelo: 
Test loss: 0.0011, Test accuracy: 1.0000
Camada: meio
Peso 1:
[[-2.53514200e-01 -1.36840403e-01  1.73350900e-01  2.43096024e-01
  -2.89270312e-01  4.77962404e-01]
 [ 2.14604273e-01 -3.55976939e-01 -3.49189699e-01  4.33917463e-01
   5.12068234e-02  4.74040926e-01]
 [-3.62551987e-01  1.51434690e-01  1.32581413e-01  4.42860544e-01
   3.60139534e-02  1.86509758e-01]
 [-5.21237195e-01 -4.46533442e-01  1.15312062e-01  2.02698141e-01
  -1.30626932e-02 -2.54904956e-01]
 [ 2.23957822e-01 -1.41096324e-01  9.71645415e-02  5.06453454e-01
   6.18119985e-02  3.96353036e-01]
 [ 1.47563651e-01  4.99506980e-01  4.30003703e-01 -1.75984781e-02
  -9.63331852e-03  3.40652227e-01]
 [-4.82337594e-01 -4.54233676e-01 -8.52044746e-02  6.51570082e-01
   5.14221340e-02 -2.05518529e-01]
 [ 1.68034345e-01 -1.01098582e-01  2.32224196e-01 -6.72224090e-02
  -1.38139855e-02  4.74691659e-01]
 [ 1.42616466e-01  1.24246731e-01 -3.50458354e-01  1.41161993e-01
   1.93725398e-04 -1.69996187e-01]
 [-1.78543448e-01 -4.98711616e-02 -4.15217996e-01  5.19826233e-01
   5.86728342e-02  4.21981603e-01]
 [ 3.23513478e-01  1.98956266e-01 -2.48077631e-01  3.98838669e-02
  -1.51272630e-02 -4.21662748e-01]
 [ 3.79746377e-01 -4.38275561e-02 -2.16833502e-01  4.25928563e-01
   4.50589955e-02 -6.15985617e-02]
 [ 3.03950012e-01 -2.99218923e-01 -3.10662836e-01 -4.83054481e-02
  -1.87810455e-02  1.39135703e-01]
 [ 3.64338815e-01  7.81856328e-02  8.44187587e-02  4.40080792e-01
   5.43511435e-02 -1.42484568e-02]
 [-6.24725558e-02 -2.42469519e-01  4.38818961e-01  1.08256660e-01
   3.22511606e-03  3.43676209e-01]
 [-3.56092185e-01  3.96684915e-01 -4.23630387e-01  4.65711534e-01
   4.23023440e-02  2.47324571e-01]
 [ 3.31501305e-01  7.89186433e-02 -8.68042409e-02  1.81156456e-01
   4.10978775e-03 -4.05815035e-01]
 [ 1.17775276e-01 -4.61838752e-01 -2.22802013e-01  5.86153984e-01
   5.47764860e-02 -3.61377180e-01]
 [-3.99660856e-01 -2.04983391e-02 -3.96435440e-01 -2.73578048e-01
   3.62809682e+00  3.98250461e-01]]
Peso 2:
[-0.09337457  0.05512958 -0.05309366  0.6480145  -0.12040012  0.03628452]
Camada: saida
Peso 1:
[[-0.44922972  0.05049659]
 [-0.17590831  0.32172495]
 [-0.73382384 -0.6856473 ]
 [-1.5494399   0.09332158]
 [ 1.9503007  -2.9297903 ]
 [-0.73077935 -0.43513715]]
Peso 2:
[-1.7387224  1.7387216]



pesos modelo: 
Test loss: 0.0004, Test accuracy: 1.0000
Camada: meio
Peso 1:
[[ 0.18095604  0.16223755  0.16384473  0.32957897 -0.39870808  0.3039342 ]
 [ 0.29329768 -0.21330115  0.1684703  -0.45671076 -0.01150156  0.30681652]
 [ 0.22040832 -0.00472392  0.04083786 -0.31797522 -0.07099349  0.24171883]
 [ 0.31858498  0.34895018 -0.2664376   0.24506412  0.35504565  0.23701724]
 [-0.0684907  -0.0099644   0.33527228  0.05514507  0.24214317  0.07679134]
 [ 0.3923443   0.04142213  0.19735885 -0.33747074 -0.3577125   0.32245418]
 [ 0.613642   -0.02549236 -0.41887513  0.2695978   0.05064844  0.4515884 ]
 [ 0.03171767  0.22502597 -0.33635482 -0.49878696  0.3180722   0.09349198]
 [ 0.52344555  0.30910984  0.05178165 -0.02902672 -0.5202956   0.34417838]
 [ 0.30533051  0.24484296 -0.2806691  -0.3564759  -0.13098267  0.23895383]
 [ 0.03852294  0.18786187  0.07440486 -0.28703672 -0.31921944  0.09755882]
 [-0.07864789 -0.05139655 -0.26540738  0.43730476  0.11314736  0.0630499 ]
 [ 0.39993194  0.05145568 -0.2906382   0.17295544 -0.38676596  0.31274325]
 [ 0.51824874  0.3537817  -0.29112568  0.02176125  0.35093588  0.32896242]
 [ 0.24244751 -0.2969726  -0.10143445 -0.15731636  0.02114246  0.27289245]
 [ 0.27491376  0.4304225  -0.4807442   0.05352867  0.26352406  0.1926743 ]
 [-0.13471222 -0.3760906  -0.03439465 -0.3933852  -0.1316809   0.09188203]
 [ 0.36716673  0.27086082  0.28418112 -0.4990272  -0.38925284  0.2533741 ]
 [ 1.785611   -0.70197034 -0.07044137  0.14203219 -0.29964226 -2.9438553 ]]
Peso 2:
[ 1.13933109e-01  1.17754035e-01  3.54810414e-04 -5.34121618e-02
 -1.68904662e-01  1.30383289e+00]
Camada: saida
Peso 1:
[[ 0.9496338  -1.7275159 ]
 [ 0.24776594  1.1248423 ]
 [ 0.7255339   0.84246504]
 [ 0.08909731  0.43457535]
 [ 0.36652315  0.27772743]
 [-2.4003942   2.2235377 ]]
Peso 2:
[ 0.29610404 -0.29610118]



pesos modelo: 
Test loss: 0.0038, Test accuracy: 1.0000
Camada: meio
Peso 1:
[[ 0.38491473  0.1576043  -0.11471343 -0.29200438 -0.44660795  0.39366904]
 [ 0.05566046  0.45873722  0.09312034  0.3773776  -0.0793066   0.18455236]
 [-0.48328972 -0.19196874  0.37962425  0.04519024  0.24021803  0.38088048]
 [-0.44918236 -0.10357699 -0.21338849  0.12767786  0.01440131  0.1919148 ]
 [-0.42472312 -0.48206294 -0.12843423  0.18246847  0.2529468   0.44442332]
 [-0.455786   -0.30653527 -0.02871462  0.47755697  0.14489345  0.4525073 ]
 [-0.18364576 -0.21969481 -0.44667223  0.01317469  0.12908463  0.24969105]
 [ 0.00463017  0.22185251  0.33469668 -0.37875283  0.4218795   0.3767532 ]
 [ 0.2878939   0.42729872 -0.34073734  0.10333668  0.3985207   0.51035625]
 [-0.32103154  0.08540384 -0.28605     0.23678534 -0.02391844  0.19465485]
 [-0.14667134  0.01939893 -0.2001553   0.07237972  0.12931098  0.27545148]
 [-0.48818     0.14556429 -0.37437588 -0.2657998   0.0632126   0.07522747]
 [-0.19208065 -0.11544009 -0.4633204  -0.00640697 -0.1499081  -0.02053254]
 [ 0.21519059  0.47015765 -0.44498676  0.11553056 -0.02982022  0.10907396]
 [ 0.38660818  0.32815623 -0.09343051  0.3600428  -0.11886583  0.11879799]
 [-0.10275135  0.33482218 -0.03316992  0.21560225  0.12544243  0.30971217]
 [-0.04732301  0.43913224  0.20608744 -0.13011593 -0.02140486  0.04206324]
 [ 0.216136   -0.20369864 -0.25511754  0.26592046  0.13780749  0.33914647]
 [-0.46616554  0.02783968 -0.17963967  1.0844798   2.4949424  -2.3922765 ]]
Peso 2:
[ 0.01759036  0.00942542  0.00994097 -0.1660212  -0.15833417  1.0139197 ]
Camada: saida
Peso 1:
[[-0.8254897  -0.6114651 ]
 [-0.51703715 -0.405331  ]
 [ 0.09574024  0.34354043]
 [ 0.5417341  -0.8975674 ]
 [ 1.9649246  -1.3896872 ]
 [-1.9363441   1.7690169 ]]
Peso 2:
[-0.40362602  0.40362746]



pesos modelo: 
Test loss: 0.0001, Test accuracy: 1.0000
Camada: meio
Peso 1:
[[-0.48987073  0.23427513  0.05690452 -0.32906467 -0.323962   -0.19265983]
 [ 0.1511474  -0.10352673  0.05675903 -0.16027428  0.10505196  0.2149877 ]
 [ 0.44334543  0.02992794 -0.12548742 -0.39638436  0.58045393  0.11584034]
 [ 0.37110445 -0.25081295  0.23410717  0.06679711  0.5142781  -0.0944803 ]
 [ 0.11408169  0.24649361 -0.336228   -0.08676562 -0.06225308  0.00791658]
 [ 0.093482    0.30748585 -0.48676994 -0.02997283 -0.10428034 -0.19389251]
 [ 0.32394296 -0.29654962 -0.38330832  0.10370305  0.44433233 -0.42184064]
 [ 0.2426971   0.3274115   0.13902964 -0.33251315  0.14794676 -0.41299966]
 [ 0.28875527  0.01950296  0.2939344   0.3396149   0.32929564  0.12262812]
 [ 0.34771568 -0.22344865 -0.40697226 -0.19720793  0.48258    -0.49705368]
 [ 0.3637153   0.15659419  0.20630519 -0.29163375  0.4255993  -0.17351112]
 [ 0.24159536  0.34799784 -0.1027012  -0.4312136   0.1686829   0.02016561]
 [ 0.23534241 -0.06165251  0.06468753  0.23945755  0.25137404 -0.12646754]
 [ 0.17741095 -0.06369267  0.32900074 -0.20931788  0.17232741  0.33085883]
 [ 0.21218464  0.24034724 -0.21115649  0.10409686  0.15055355 -0.02045488]
 [ 0.17124577 -0.00928492 -0.4453448  -0.00849921  0.13075964  0.0430731 ]
 [ 0.0963525   0.5285593   0.24025448 -0.18265766 -0.16400208 -0.535645  ]
 [ 0.34495717 -0.25995395 -0.20431013 -0.36111772  0.5129954   0.12224974]
 [-2.985819    0.46651033 -0.2748546  -0.2675285   1.7888936   0.03314726]]
Peso 2:
[ 1.2202243   0.10045185 -0.11594047 -0.07322576  0.05126301 -0.07035342]
Camada: saida
Peso 1:
[[-2.23728     2.4097474 ]
 [ 0.7136136  -0.03247327]
 [ 0.63632196  0.39662635]
 [ 0.26488248 -0.36510727]
 [ 1.1661757  -1.4963996 ]
 [-0.04667263  0.80821085]]
Peso 2:
[ 0.08139154 -0.0813904 ]



pesos modelo: 
Test loss: 0.0004, Test accuracy: 1.0000
Camada: meio
Peso 1:
[[ 3.57249647e-01  1.78279310e-01  2.77189106e-01 -2.82131553e-01
   4.53086764e-01  6.63017333e-02]
 [-3.47273350e-01  8.75973850e-02  4.56046253e-01 -1.16931222e-01
   9.99935567e-02  2.74156958e-01]
 [ 2.09560618e-03 -3.92571300e-01  8.41476247e-02  3.17327917e-01
   4.35826063e-01  3.50460142e-01]
 [ 2.16136053e-01 -5.42782582e-02 -3.45833898e-01  3.48750770e-01
   1.08109981e-01  1.66558206e-01]
 [-3.58948022e-01 -1.53534934e-01  1.17472351e-01 -1.20666169e-01
   7.78696015e-02  1.26975477e-01]
 [ 2.81860709e-01  3.12590629e-01  1.35746390e-01  2.80759167e-02
  -3.20966452e-01  2.70110816e-01]
 [-4.96156543e-01  1.02758713e-01  1.03902891e-01 -3.39286178e-02
  -2.39242375e-01  2.15196729e-01]
 [ 2.47073144e-01 -9.74992812e-02  3.47197168e-02  1.41269952e-01
  -1.53763220e-01  3.10880721e-01]
 [ 1.47056639e-01  3.64188880e-01 -6.18129335e-02  3.29402328e-01
  -2.17453167e-01  3.22268069e-01]
 [-1.58519521e-01  1.75743207e-01  3.45929004e-02  4.90924418e-01
   2.88865596e-01  3.76974910e-01]
 [-2.40588635e-01 -4.15413044e-02  1.09327018e-01  5.71423620e-02
   3.45145799e-02  2.12392122e-01]
 [-2.10133061e-01 -2.88412482e-01  3.00988883e-01 -8.34320206e-03
   1.49942376e-02  3.15371722e-01]
 [ 2.39297375e-01 -5.42449318e-02  2.09323108e-01  2.62492765e-02
   3.55692625e-01  1.64849386e-01]
 [ 1.14584722e-01  2.57166594e-01  1.61744371e-01  7.77790099e-02
  -4.29324418e-01  3.36429864e-01]
 [-4.18525428e-01 -3.35268490e-02  1.80070475e-01  3.81341964e-01
   5.39810538e-01  3.25307995e-01]
 [-3.67041230e-01  5.01393795e-01  2.57425934e-01 -2.83156466e-02
   4.19331193e-01  5.96904717e-02]
 [ 3.63040566e-01  4.32587832e-01  1.23773456e-01 -2.07807180e-02
   1.23910487e-01  8.85954052e-02]
 [-2.34783486e-01  3.15459073e-01 -3.19596045e-02 -1.11602712e-02
  -1.61169335e-01  9.32276621e-02]
 [-2.52097547e-01 -5.57352662e-01  1.56971073e+00  2.04545093e+00
  -4.76028889e-01 -2.48878574e+00]]
Peso 2:
[-0.12808223  0.12015658 -0.16124652 -0.09939735  0.28795052  0.93375623]
Camada: saida
Peso 1:
[[ 0.6015214   0.3257319 ]
 [-0.7569159  -0.08213507]
 [ 1.8954065  -0.22665283]
 [ 1.2200816  -1.4002763 ]
 [-0.4799995   0.77441067]
 [-2.0713007   1.7271525 ]]
Peso 2:
[-0.19339705  0.19339955]



pesos modelo: 
Test loss: 0.0002, Test accuracy: 1.0000
Camada: meio
Peso 1:
[[ 2.07221806e-02  1.12793595e-01 -2.26413041e-01  4.34035033e-01
   2.76480943e-01  1.64802372e-02]
 [-1.62422955e-01  9.99243483e-02 -1.34649593e-02  4.54617709e-01
  -4.25149292e-01  3.54607105e-01]
 [ 4.81018014e-02  9.31807235e-02  1.38796538e-01  1.06586903e-01
  -4.90601689e-01  2.59665430e-01]
 [ 2.83811420e-01  1.22911684e-01  1.39570549e-01 -2.28851549e-02
   3.96212846e-01  2.30987016e-02]
 [ 4.26688761e-01  1.41438365e-01  2.06283808e-01 -3.23713928e-01
  -1.36105798e-03  6.27537817e-02]
 [ 4.88467991e-01  3.13054025e-01  8.17970932e-02  1.58272117e-01
   3.75134915e-01 -3.63455564e-02]
 [ 6.51584491e-02  1.17492422e-01 -2.73637265e-01  2.13081598e-01
   1.65372621e-02  3.54332268e-01]
 [-3.05151433e-01 -1.47212386e-01  1.77593544e-01  1.60967097e-01
  -4.72776175e-01  2.52087265e-01]
 [ 1.48565710e-01  3.24378200e-02  2.56542265e-01  1.07278831e-01
   8.97918120e-02 -9.79051366e-02]
 [ 1.65090039e-01  1.55067667e-01  1.43451974e-01  2.06159666e-01
   2.07584202e-01  6.38078153e-02]
 [ 2.67156363e-01  2.95782179e-01  2.25296333e-01  1.95734113e-01
   3.05417150e-01  1.21025972e-01]
 [ 1.43668661e-03  9.83685404e-02  2.64041930e-01  1.91932708e-01
  -2.71321356e-01  1.53508261e-01]
 [ 3.51079017e-01  3.15759301e-01 -1.86126009e-01  2.49618366e-01
  -4.62328672e-01  2.31014058e-01]
 [ 4.31630373e-01  1.68606997e-01  1.46936044e-01 -2.39385366e-01
  -1.90748304e-01  1.42109515e-02]
 [ 3.26769531e-01  3.73899072e-01  1.47418678e-01  3.25752199e-01
  -2.06092633e-02  1.14861347e-01]
 [-1.10088758e-01 -2.17570454e-01 -8.49497765e-02  1.12722062e-01
   5.08266762e-02 -6.10852428e-03]
 [ 3.68755400e-01  2.39777237e-01  4.53023911e-01  4.56536338e-02
   3.32876444e-02 -9.71069634e-02]
 [ 3.42745960e-01  1.03547700e-01 -3.57587188e-01 -1.52778834e-01
  -4.93283480e-01  2.29705423e-01]
 [-1.82709301e+00  2.48760748e+00 -6.39815032e-01 -1.01248002e+00
   2.49776334e-01 -1.41947174e+00]]
Peso 2:
[ 0.7457162  -0.07706027  0.20114607  0.39454564 -0.08832905  0.6447559 ]
Camada: saida
Peso 1:
[[-1.550949    1.3630452 ]
 [ 1.6954645  -1.8219411 ]
 [-0.13728555  0.9495063 ]
 [-0.59117126  0.94678867]
 [ 0.2682696   0.61462843]
 [-1.2644609   0.92653877]]
Peso 2:
[ 0.07125366 -0.07125185]



pesos modelo: 
Test loss: 0.0001, Test accuracy: 1.0000
Camada: meio
Peso 1:
[[ 4.46033031e-01  7.01198280e-02 -3.05193067e-01 -4.30240542e-01
   1.57939643e-01  1.46448284e-01]
 [ 2.86406934e-01 -1.50719717e-01  1.42378062e-01  6.04052991e-02
   2.19643921e-01  4.29338127e-01]
 [ 1.41476199e-01 -4.28246826e-01 -4.64344174e-01 -1.43733278e-01
   2.55634278e-01  4.36757952e-01]
 [-1.26366004e-01 -1.91638246e-01  6.97410256e-02 -3.96233827e-01
   3.85292053e-01  3.63108158e-01]
 [ 9.02342498e-02 -3.20339411e-01  3.29440534e-01  3.96866500e-01
   4.11033183e-01  4.42982197e-01]
 [ 3.74070823e-01 -3.59735042e-02  3.47344786e-01  1.19755911e-02
   3.04501891e-01  5.27723491e-01]
 [ 1.45074740e-01  2.58441985e-01  4.30747837e-01 -2.65149295e-01
   2.40481701e-02  1.91758960e-01]
 [ 1.77406102e-01  7.22173452e-02  4.52921361e-01  1.33823112e-01
  -8.96750018e-02  1.12915941e-01]
 [-2.63111413e-01 -8.27491954e-02 -1.00066654e-01 -3.41468126e-01
   1.37852073e-01  9.36206132e-02]
 [ 1.61870137e-01 -1.92441300e-01 -4.63097721e-01 -3.74314904e-01
  -4.82517071e-02  2.24174485e-01]
 [-1.49506480e-01  6.42657727e-02 -9.38066989e-02 -2.18035243e-02
  -6.52970448e-02 -1.05090700e-02]
 [-8.03507306e-03 -9.58920866e-02 -3.41034561e-01 -2.51954526e-01
   2.72879988e-01  3.41325253e-01]
 [ 1.15013801e-01 -5.72913252e-02 -8.28012377e-02 -3.45726907e-01
  -2.91275531e-02  1.75167769e-01]
 [ 8.02055746e-02 -2.02523142e-01 -2.95691609e-01  2.10993752e-01
  -1.19335823e-01  5.95495515e-02]
 [ 1.13728913e-02 -4.20548737e-01  4.54572111e-01 -2.14801788e-01
  -1.61472514e-01 -1.71272345e-02]
 [ 3.47797215e-01  1.16686514e-02 -1.14157272e-03 -7.19006062e-02
   2.72890568e-01  5.10789454e-01]
 [-1.00020938e-01  3.24198365e-01 -4.13148820e-01  4.38904047e-01
   1.58654466e-01  1.74789622e-01]
 [ 2.29954422e-01 -4.23808664e-01  3.65013033e-01  2.31502965e-01
   1.72040656e-01  3.13631833e-01]
 [ 1.59258187e+00  1.85996518e-01 -5.07958710e-01 -1.45137042e-01
   2.16039133e+00 -2.40271759e+00]]
Peso 2:
[-0.09825075 -0.05897943  0.0722333   0.13039157 -0.23478007  0.9765188 ]
Camada: saida
Peso 1:
[[ 1.3364544  -0.77722603]
 [-0.8117135   0.09543665]
 [-0.14236674  0.3480577 ]
 [-0.5722931   0.37315235]
 [ 1.6142008  -1.2302389 ]
 [-1.862444    1.9063741 ]]
Peso 2:
[-0.35723186  0.35723335]



pesos modelo: 
Test loss: 0.0001, Test accuracy: 1.0000
Camada: meio
Peso 1:
[[ 0.3350136   0.10310927  0.39873353 -0.11235288  0.4153717  -0.45945626]
 [ 0.29606166 -0.48507303  0.06169853 -0.08783296 -0.03815224  0.11669743]
 [-0.20059372  0.1310301   0.10042551 -0.3607026  -0.0386433   0.24360232]
 [ 0.14693117  0.281546    0.5800675  -0.28861248  0.24260388  0.3188944 ]
 [-0.28049108 -0.44794908  0.48613137  0.41834396  0.6034729   0.22268611]
 [ 0.25519308 -0.3711587   0.20801477 -0.35944366 -0.1102613   0.22680572]
 [ 0.16961731  0.2019725   0.33705595 -0.10225705  0.27748194  0.16295573]
 [ 0.38190818  0.00714845  0.4117758   0.0796563   0.46119207  0.09204413]
 [-0.15202688 -0.26363522 -0.00437541 -0.128767   -0.14137131  0.21024969]
 [ 0.18669757 -0.16361268 -0.13971272 -0.4889805  -0.18221271  0.0772275 ]
 [-0.00359746 -0.4298175   0.44000366 -0.03104531 -0.12272754  0.39928138]
 [-0.02163915 -0.34652185 -0.09284434 -0.08391504 -0.13296114  0.12466192]
 [ 0.05914238  0.22672392  0.4606638   0.07178906  0.48185232  0.15958515]
 [-0.09966327 -0.4794107   0.33236936 -0.2616551   0.20135595  0.23450826]
 [ 0.04124628 -0.4830942   0.4728828   0.39362577  0.32478365  0.23570016]
 [ 0.16685392 -0.22189501  0.5508409  -0.22893676  0.2312542   0.28985783]
 [ 0.05091708 -0.3668545  -0.04228628 -0.45541605 -0.20082103  0.17527276]
 [ 0.09603316  0.21900895  0.5829798  -0.11113802  0.50125456  0.20477487]
 [-0.8404092  -0.21692826  1.4740342  -0.15096116 -1.327726   -2.9102354 ]]
Peso 2:
[ 3.4297168e-01 -1.2569153e-03  2.5097156e-01 -2.9252242e-02
  4.6886683e-01  1.3149129e+00]
Camada: saida
Peso 1:
[[-1.2010661  -0.08941956]
 [-0.8196979  -0.8262188 ]
 [ 0.70637685 -1.7095122 ]
 [-0.02198334 -0.35463777]
 [-1.3238169   0.5195226 ]
 [-2.1384819   2.1669009 ]]
Peso 2:
[ 0.72229856 -0.7222957 ]



pesos modelo: 
Test loss: 0.0002, Test accuracy: 1.0000
Camada: meio
Peso 1:
[[ 2.4630097e-01  2.3472342e-01  2.4776003e-01 -1.5249181e-01
  -4.8469725e-01 -4.4886816e-01]
 [ 7.6068975e-03 -5.5825328e-03 -8.7658338e-02 -3.4870145e-01
   7.0059240e-02  2.5754055e-01]
 [-2.9306641e-01  5.5410522e-01  1.6462021e-01 -1.5179656e-01
  -6.1651152e-02  2.7895355e-01]
 [ 6.0887435e-03  2.4823096e-01  4.2169410e-04  2.5186375e-01
   1.7598459e-01 -4.2184317e-01]
 [ 8.5877687e-02  5.0762397e-01  1.5781593e-01  1.9730818e-01
   2.0845436e-01 -1.3791904e-01]
 [ 3.8076890e-01  4.8740271e-01  2.4217680e-01 -7.1381085e-02
   1.6623066e-01  1.8945424e-01]
 [ 3.2230890e-01  3.2328391e-01  1.3887276e-01  2.1490966e-01
   8.8281915e-02 -2.6195067e-01]
 [ 5.0597256e-01 -1.5193211e-01 -7.4353009e-03 -3.7442222e-01
  -3.0389372e-01 -2.1132876e-01]
 [ 1.7903809e-01  1.2772819e-01  5.7597209e-02 -2.4901590e-01
  -7.6156653e-02  3.8676593e-01]
 [-2.4709339e-01  3.8545534e-02 -4.6716142e-02 -3.2584548e-02
  -3.7165919e-01 -2.6116837e-02]
 [ 5.3194898e-01  2.8195760e-01  1.7384444e-01  2.7304551e-01
  -1.2939753e-02 -3.1765014e-01]
 [ 4.5384508e-01  5.1377934e-01  2.8942388e-01 -1.5973541e-01
   3.6021490e-02 -2.4721381e-01]
 [ 1.4239776e-01  1.9185562e-01  4.7181483e-02  2.1453331e-01
   7.1077861e-02  9.5414989e-02]
 [ 5.1108599e-01 -4.6856310e-02 -1.0893556e-02 -4.5238867e-01
   1.3622405e-01 -1.3206847e-01]
 [ 2.7874941e-02  4.6137112e-01  1.5094440e-01  1.6795830e-01
   1.3929629e-01 -2.8994617e-01]
 [-3.1820872e-01  5.2888680e-01  1.4579123e-01  1.2952796e-01
   4.5232088e-03  3.4355325e-01]
 [-5.2488029e-02  1.8484710e-01 -3.3487953e-02 -3.5806337e-01
   2.1892948e-01  1.3114507e-02]
 [-3.3735141e-01  6.3710594e-01  1.6463584e-01 -3.0880368e-01
   1.5641220e-01 -4.5003957e-01]
 [-7.3795843e-01 -1.5569869e+00  3.0452602e+00  1.6306058e-01
   8.5228878e-01 -1.6986956e-01]]
Peso 2:
[ 0.39937508  0.7932577  -0.32735574 -0.0265821   0.00855377  0.09789162]
Camada: saida
Peso 1:
[[-1.166106    0.01867669]
 [-2.0819411   0.534386  ]
 [ 2.210872   -2.0606644 ]
 [ 0.8045175   0.5294206 ]
 [-0.0700027  -1.0178212 ]
 [-0.72745234  0.06005252]]
Peso 2:
[-0.63675696  0.63675773]



pesos modelo: 
Test loss: 0.0002, Test accuracy: 1.0000
Camada: meio
Peso 1:
[[ 0.19491056  0.31430843  0.38070264  0.39897063 -0.4622005  -0.2979791 ]
 [-0.04163923 -0.11367922  0.46469527  0.05015497  0.15357362  0.31079277]
 [-0.13429585 -0.47683188  0.39623258 -0.4526629  -0.11464237  0.31848744]
 [-0.01159139 -0.17732954 -0.05981112 -0.15130287  0.4315818   0.06974128]
 [ 0.38027367 -0.04494085  0.55572194  0.11451545 -0.24291539  0.28425702]
 [ 0.56793576 -0.38163346  0.67355585  0.0719687  -0.4553699   0.2951    ]
 [-0.20242603 -0.14963184 -0.03559816  0.36266065  0.20044973  0.12478277]
 [ 0.24016467  0.27784228  0.595048   -0.08112074 -0.25437403  0.3273408 ]
 [ 0.11624499 -0.29972062  0.5688475   0.23636313  0.27994278  0.30902222]
 [ 0.2486362   0.01563074  0.47567043 -0.23960827  0.3870416   0.23764436]
 [ 0.3363526   0.2611692   0.03230568  0.172078    0.21332288  0.03782568]
 [-0.21918955  0.22688264  0.27390444 -0.4701904   0.0369551   0.26503077]
 [ 0.24936621 -0.4813648   0.65635216 -0.2849439   0.05478697  0.32286698]
 [-0.30705568 -0.3972639   0.15723735 -0.06444677 -0.32363585  0.24148929]
 [ 0.04499924 -0.40544084  0.27479905 -0.33847198 -0.20708765  0.21248855]
 [-0.23197322 -0.05752037 -0.1156662  -0.44424978 -0.40974563  0.12712885]
 [-0.20391262 -0.22595537  0.02999062 -0.2168075  -0.33542567  0.17891519]
 [ 0.36827162 -0.14779553  0.33569133 -0.00874222 -0.1353259   0.16962788]
 [-0.9245669   0.18212286  1.1574041   0.42048243 -0.43695778 -3.1554632 ]]
Peso 2:
[ 0.44542363 -0.00566686  0.3653894  -0.02840067  0.09479095  1.4359553 ]
Camada: saida
Peso 1:
[[-1.1351962   0.18015295]
 [ 0.10387683  0.19211113]
 [ 1.5875679  -0.62970066]
 [ 0.6015948   0.5239431 ]
 [-0.33172452  0.6143979 ]
 [-2.3649602   2.5245183 ]]
Peso 2:
[ 0.92977786 -0.92977625]



pesos modelo: 
Test loss: 0.0001, Test accuracy: 1.0000
Camada: meio
Peso 1:
[[-2.9627788e-01  4.5033613e-01 -2.7059317e-03  3.6736491e-01
   3.8443586e-01  3.9500743e-02]
 [-1.5689215e-01 -9.0244010e-02  4.0923819e-01  3.5923561e-01
   7.2250381e-02  3.7215444e-01]
 [ 9.1932647e-02  1.9844194e-01  4.6584213e-01  2.5963897e-01
   4.2516656e-02  3.6964187e-01]
 [ 2.1582876e-01 -3.0830154e-01  3.0428606e-01  4.2028877e-01
  -5.1834114e-02 -5.0407749e-02]
 [ 4.3667296e-01  4.8307338e-01  3.6090326e-01  1.9763462e-01
   5.0649114e-02 -1.3371149e-01]
 [ 2.3657499e-01 -8.0390377e-03  2.3818421e-01  2.4235567e-01
   2.2032766e-01 -1.1791206e-01]
 [ 7.6943681e-05  9.3069859e-03  3.1845206e-01 -5.4656952e-03
  -2.3271639e-02  5.1294023e-01]
 [ 1.2704253e-01  3.5324910e-01  3.1711286e-01  2.1656621e-01
   1.8337230e-01 -2.8028416e-02]
 [ 3.1961751e-01  3.4957913e-01  2.5265786e-01 -1.3868347e-01
  -1.3543555e-01  2.2223482e-01]
 [ 1.2013110e-01  3.6345404e-01  3.1272820e-01  1.5489626e-01
  -3.8975769e-01  5.2824493e-02]
 [ 8.6030588e-02  2.4091350e-01  1.7513852e-01 -1.8252884e-01
  -4.8926252e-01  2.6427290e-01]
 [-3.2337546e-01  2.3268344e-01 -2.8972689e-02 -2.4477547e-01
   4.9448781e-02  1.2666658e-02]
 [-7.4239567e-02  2.1371253e-01  1.3822711e-01  2.5292237e-03
  -1.7546406e-01  1.2445875e-02]
 [-4.0346585e-02 -1.3665564e-01  5.4355457e-02  5.5114184e-02
  -3.7902370e-02 -9.9300459e-02]
 [-1.8297747e-01 -3.5057354e-01  2.3042586e-01  3.8940316e-01
  -1.3933325e-01  6.0666911e-02]
 [-3.5318407e-01  2.8050002e-02  2.5979626e-01  1.3556935e-01
  -1.5426621e-01  3.3976558e-01]
 [ 3.5753381e-01 -2.4140145e-01 -6.5712989e-03 -1.5035763e-01
  -4.8209269e-02 -1.5245874e-01]
 [ 1.5162219e-01  1.1491602e-02  3.2904199e-01  2.0649841e-01
  -2.4290407e-01  2.4279153e-01]
 [ 7.6464105e-01  7.1226656e-01 -2.6480317e+00  1.8169136e+00
  -1.8276426e-01  1.2311689e+00]]
Peso 2:
[ 0.03934453  0.00854592  1.1304731  -0.08105116 -0.18134904 -0.1167184 ]
Camada: saida
Peso 1:
[[ 0.9694034   0.09124032]
 [-0.1646163  -1.0975761 ]
 [-2.060945    2.155262  ]
 [ 1.7898352  -0.55504215]
 [ 0.27921543 -0.66788   ]
 [ 1.2743901  -0.44480473]]
Peso 2:
[-0.21085446  0.2108571 ]



pesos modelo: 
Test loss: 0.0010, Test accuracy: 1.0000
Camada: meio
Peso 1:
[[ 2.74290353e-01 -2.92677730e-01  4.38825190e-02 -3.60803664e-01
  -2.66513646e-01  1.08233780e-01]
 [ 2.71686614e-01  3.30800116e-01  1.67002663e-01 -2.14455098e-01
   4.73215431e-03  4.18212801e-01]
 [-1.38657406e-01  5.66389821e-02 -4.03552502e-02 -2.84316391e-01
   2.78069407e-01  4.17680711e-01]
 [ 7.40008429e-02  1.73324466e-01  2.85128593e-01 -2.46201366e-01
   4.58834283e-02  1.27794370e-01]
 [-3.19865495e-01  2.71753401e-01  3.83947581e-01  2.60510147e-01
   4.85249102e-01  4.77685213e-01]
 [-3.40934336e-01  1.80091128e-01  8.51014256e-02  3.59474212e-01
  -2.12790638e-01  2.89323390e-01]
 [ 4.36358541e-01 -1.78049758e-01  3.69791657e-01 -2.01977994e-02
   5.03509223e-01 -1.32257357e-01]
 [-3.83303225e-01  4.80274633e-02  1.54943585e-01  3.80945861e-01
  -1.14458375e-01  1.13700591e-01]
 [ 1.23688184e-01  1.02899775e-01  5.50288707e-03 -6.47717640e-02
  -1.52552709e-01  2.12175876e-01]
 [ 9.18294787e-02  2.31674403e-01  2.06520841e-01 -2.67656207e-01
  -1.44873068e-01  1.57618582e-01]
 [-5.32839149e-02  1.92545086e-01  4.89885777e-01  2.21748337e-01
   1.17305510e-01  3.87183800e-02]
 [-2.08430946e-01 -1.26467407e-01  1.19833916e-01 -2.43591636e-01
   9.26199853e-02 -9.24288630e-02]
 [ 1.87974975e-01  2.25722894e-01  6.17117323e-02  2.96478383e-02
  -2.42640585e-01  2.83577889e-01]
 [ 2.35088974e-01  5.48047051e-02  2.12332085e-01  2.70289183e-01
  -4.75552976e-02  6.69498593e-02]
 [ 3.09673399e-01  2.31697902e-01  5.28084897e-02  1.00931898e-01
   4.00379419e-01  6.13488019e-01]
 [-3.95571560e-01 -8.10651630e-02  1.96049556e-01  1.60244927e-01
   1.27050225e-02 -5.84786199e-02]
 [ 2.90041447e-01  2.51168013e-01  1.50218666e-01 -3.70808244e-01
  -2.69841045e-01  1.75741822e-01]
 [-2.87847459e-01  7.01577961e-02  2.66748607e-01  1.47536501e-01
  -6.45775050e-02  1.00002193e-03]
 [ 1.60543546e-01  2.53163004e+00 -1.65129173e+00  6.19249463e-01
   9.88906384e-01 -1.65668797e+00]]
Peso 2:
[-0.00556654 -0.32719484  0.60521823  0.01696824  0.11514466  0.82448286]
Camada: saida
Peso 1:
[[ 0.8190889   0.7785088 ]
 [ 2.0978901  -1.2857933 ]
 [-1.0809116   1.4945263 ]
 [ 0.3645168  -0.29842833]
 [ 0.7374749  -0.80113345]
 [-1.4208705   1.2661365 ]]
Peso 2:
[-0.30909216  0.30909592]



pesos modelo: 
Test loss: 0.0002, Test accuracy: 1.0000
Camada: meio
Peso 1:
[[ 0.28443322  0.3828741  -0.42700142 -0.4265054  -0.21379155  0.00755268]
 [ 0.21126935  0.09900551 -0.20664538 -0.2841428  -0.0555604   0.35629746]
 [-0.25914037  0.03575427  0.163634   -0.40754354  0.38547128 -0.17033455]
 [-0.295339    0.32538822 -0.42860228 -0.33247003  0.54945034  0.00710733]
 [ 0.38439837  0.02821765  0.12413554 -0.17303768  0.3004796   0.02055292]
 [-0.41827482  0.05283974 -0.25575763 -0.4173797   0.14637949  0.00364557]
 [ 0.2992566   0.1607169  -0.36127296  0.16881986  0.4263361   0.03389797]
 [ 0.02583418  0.26173344 -0.36275673  0.18009473 -0.12678027  0.56614125]
 [ 0.31376198  0.30263042 -0.2505994   0.2975318   0.1236797   0.45092443]
 [ 0.05857674  0.20715885 -0.01587841  0.04927989  0.04147243  0.35428813]
 [-0.22812636 -0.01566087 -0.3089741  -0.26654705  0.25787717 -0.1363984 ]
 [ 0.30347967  0.3075769  -0.1740014  -0.2512572   0.38716534  0.22663021]
 [-0.37650737  0.4129172   0.41061005  0.3410108   0.02059778  0.52067846]
 [-0.19211377  0.24074191 -0.12675321 -0.15496652  0.29960093  0.11857242]
 [ 0.47022456  0.42237926  0.22721887 -0.05451129  0.17262274  0.5517805 ]
 [ 0.3895998  -0.29268837 -0.17913531 -0.16440803 -0.17834257  0.03851245]
 [ 0.14651433  0.22573277  0.03473001  0.20249783  0.26397246  0.23116602]
 [ 0.18273023  0.04359736 -0.38933188 -0.27759564  0.13679874  0.08817122]
 [ 0.4454074   2.4033895  -0.30152422  0.21489434 -1.8399774  -1.8457866 ]]
Peso 2:
[ 0.0153242  -0.20776908  0.00299835 -0.01835448  0.7000343   0.8250118 ]
Camada: saida
Peso 1:
[[ 0.6963589   0.02199726]
 [ 1.7234281  -1.6801416 ]
 [-0.268896   -0.0060124 ]
 [-0.21803719 -0.63108546]
 [-1.6514542   0.9979467 ]
 [-1.4404052   1.6383486 ]]
Peso 2:
[-0.09135428  0.09135648]



pesos modelo: 
Test loss: 0.0001, Test accuracy: 1.0000
Camada: meio
Peso 1:
[[ 4.43090051e-01 -2.99589753e-01 -1.23913944e-01 -2.27754027e-01
  -3.32660377e-01  1.74370706e-02]
 [-1.10313430e-01  1.66333333e-01  2.31021687e-01  2.96376199e-01
   2.48466536e-01 -7.32369721e-02]
 [ 3.50680500e-01  1.45009592e-01 -2.73963153e-01  8.38911310e-02
   3.47924322e-01  3.10470015e-01]
 [-2.09498972e-01 -3.27863753e-01  3.04205805e-01 -2.08139032e-01
  -1.10873654e-01 -1.52139723e-01]
 [-3.13096233e-02 -7.60495365e-02 -2.97065884e-01 -4.09097560e-02
   3.56370509e-01  4.84706551e-01]
 [-3.42105657e-01 -1.65833071e-01  1.86351556e-02  2.69041825e-02
   1.22322291e-01 -2.75497343e-02]
 [ 9.16864276e-02 -2.52393782e-01  4.49603617e-01  3.75392646e-01
   1.78140238e-01 -2.72667646e-01]
 [-3.39156955e-01  1.52387246e-01  4.65984732e-01 -5.01824059e-02
   3.45820673e-02  3.30969429e-04]
 [ 5.50553128e-02  5.33085093e-02 -1.46399260e-01  5.23653269e-01
   3.88372689e-01 -1.81129649e-01]
 [-2.98467457e-01 -1.04736380e-01 -2.09779799e-01  2.44501303e-03
   1.31838024e-01 -1.14788515e-02]
 [ 1.29997388e-01  2.06563994e-01  1.31773680e-01  5.14153838e-01
   3.09879214e-01 -2.42288083e-01]
 [-8.95955488e-02 -4.20826860e-02  4.89056379e-01  1.94850918e-02
   1.26582012e-01  1.28504187e-01]
 [ 1.73410624e-02 -4.54560578e-01 -9.42440853e-02 -1.27598494e-01
   2.25020200e-01  4.05207008e-01]
 [-4.39999938e-01 -5.25115989e-02 -1.53384686e-01  3.44061665e-02
   1.58479005e-01  1.16795301e-02]
 [ 9.63544026e-02  9.20674950e-02 -2.64404505e-01  3.51350695e-01
   4.69195157e-01  2.49238268e-01]
 [ 3.69124502e-01 -4.68490720e-01 -5.14382944e-02 -1.26479283e-01
   3.09736077e-02 -2.06496380e-02]
 [ 7.54211098e-03 -4.61921692e-01  9.98755842e-02 -4.87583242e-02
   2.38159373e-01  3.44271004e-01]
 [-4.35484171e-01 -1.74869359e-01 -3.24966341e-01  1.89425379e-01
   3.98419082e-01  3.12769681e-01]
 [-4.38308343e-02  2.14843452e-01 -5.55231631e-01  1.99904847e+00
  -2.52019501e+00  1.54455113e+00]]
Peso 2:
[ 0.00569844 -0.1508861   0.22665963  0.00657334  1.2129819   0.11583224]
Camada: saida
Peso 1:
[[ 0.44916576  0.59714925]
 [-0.45543933  0.4603116 ]
 [ 0.00484765  0.8582423 ]
 [ 0.85613114 -1.7823755 ]
 [-2.2478833   1.8531615 ]
 [ 1.074562   -0.87482756]]
Peso 2:
[-0.1306034   0.13060506]
