


pesos modelo: 
Test loss: 0.0006, Test accuracy: 1.0000
Camada: meio
Peso 1:
[[ 2.83204585e-01  3.98537219e-02 -3.53909016e-01 -1.67271852e-01
   3.41314048e-01  7.65962303e-02 -3.58818471e-01  3.71078283e-01]
 [ 7.54994825e-02 -1.05199702e-01 -3.92118245e-01  3.60169083e-01
  -5.52789718e-02 -1.98237598e-02 -1.33732691e-01  4.51418430e-01]
 [ 3.98425609e-01  2.72714496e-01 -3.25116843e-01 -2.37061083e-01
  -4.27619040e-01 -3.67835134e-01 -1.22582376e-01 -3.78554016e-01]
 [ 3.25324625e-01  2.32194692e-01  2.06434920e-01  1.01614051e-01
   1.12695359e-01  4.03166190e-02  4.37447965e-01  2.84018397e-01]
 [ 1.75412670e-01 -1.63285863e-02  7.52600580e-02  1.98192060e-01
   4.18498725e-01 -7.17870593e-02 -2.95386463e-01  1.61435694e-01]
 [ 1.32188961e-01 -3.76322903e-02 -2.93869615e-01  2.51811087e-01
  -7.72851184e-02  2.99945146e-01 -1.82488203e-01  3.19939166e-01]
 [ 3.13638926e-01  1.46360651e-01  1.11014195e-01  2.29218379e-01
  -1.80628270e-01 -3.40105593e-01 -2.05585174e-02  1.91456169e-01]
 [ 1.74709409e-01  1.74761973e-02 -1.02385253e-01 -2.40278766e-01
  -2.20238134e-01 -2.36379787e-01 -3.58769715e-01 -4.75961208e-01]
 [ 1.50137618e-01  2.34901711e-01 -4.65579838e-01 -2.93278635e-01
   2.98719972e-01 -4.20938581e-02 -4.46725190e-01  4.55732644e-01]
 [ 1.44598305e-01  3.01915836e-02 -2.22289205e-01  1.66913215e-03
   3.45210105e-01 -1.46331683e-01 -1.33184627e-01  8.35004747e-02]
 [ 2.99051493e-01  1.63396209e-01 -1.67743891e-01 -2.39228711e-01
   2.38616675e-01  4.01324540e-01 -1.29267946e-01 -4.54062253e-01]
 [ 2.62832791e-01  1.07489556e-01 -2.80153781e-01  3.33972812e-01
  -3.79660949e-02  2.21576378e-01 -1.45642087e-01  4.43505287e-01]
 [ 1.74713492e-01  1.71163097e-01 -3.22682798e-01 -9.16643664e-02
  -1.84634984e-01  1.56101272e-01  2.14983448e-01  3.72682154e-01]
 [ 2.79806554e-01  1.53990582e-01 -3.44122291e-01  1.30770385e-01
  -3.03793818e-01  9.71367881e-02 -1.34060487e-01  2.13248596e-01]
 [ 5.75406030e-02 -7.89218098e-02 -4.33683842e-01  2.01714367e-01
  -3.96312714e-01 -2.42624611e-01 -4.04843986e-01  3.18666309e-01]
 [ 4.66118366e-01  1.70336708e-01 -1.85233042e-01  2.22769827e-01
  -1.58421442e-01  3.77568334e-01  2.44102582e-01 -4.22070891e-01]
 [ 2.83310592e-01  5.89542724e-02 -3.91263664e-01  4.11971033e-01
  -3.43258858e-01 -3.84753257e-01  2.83101857e-01  2.50797212e-01]
 [ 1.10083796e-01  7.32800066e-02  2.73720711e-01  7.60782957e-02
  -1.44592151e-01  4.26495999e-01 -3.29280905e-02  4.88757610e-01]
 [-2.18642282e+00  2.57125068e+00  4.15690571e-01  1.14516556e+00
  -2.40070030e-01  2.38559306e-01 -1.06860436e-01 -4.69984293e-01]]
Peso 2:
[ 0.90026444 -0.29247236  0.01628953 -0.03948386  0.02185967 -0.02705892
 -0.03530755  0.13051707]
Camada: saida
Peso 1:
[[-1.7750654   1.8281978 ]
 [ 1.635117   -1.8150489 ]
 [ 0.38757887 -0.53315884]
 [ 0.8262179  -0.6400972 ]
 [-0.06931743  0.10796661]
 [ 0.53931     0.45777524]
 [-0.61401767  0.7263219 ]
 [-0.28472316  0.5482607 ]]
Peso 2:
[-0.372956    0.37295717]



pesos modelo: 
Test loss: 0.0004, Test accuracy: 1.0000
Camada: meio
Peso 1:
[[ 4.34082061e-01  4.59531277e-01  2.57974356e-01  1.11881763e-01
   3.31526905e-01  3.50249082e-01 -2.52398252e-01  1.88962549e-01]
 [-2.19846994e-01  4.37177159e-02  3.32701623e-01  1.30280480e-01
  -7.77979642e-02  1.82085242e-02  3.42328459e-01  2.49913499e-01]
 [-5.83114736e-02 -2.27128230e-02 -4.00337905e-01  1.22835927e-01
   8.86175781e-03  3.27076800e-02 -1.15486287e-01  2.69749314e-01]
 [ 3.85073870e-02  4.05431166e-02  4.65732783e-01  2.92240918e-01
   1.91491395e-01  1.44370683e-02 -4.63325940e-02  1.90452904e-01]
 [-2.51496762e-01  8.03910429e-04 -3.49222630e-01 -3.91713738e-01
  -1.39302984e-01  6.52602911e-02  1.87259972e-01  4.12980646e-01]
 [ 3.09679925e-01  5.61827347e-02  1.57085136e-01 -1.67202298e-03
  -2.87316859e-01  2.99653597e-02 -3.30165476e-02  3.82370591e-01]
 [-1.22658089e-01  7.39929229e-02  1.13193929e-01 -4.86086100e-01
  -2.31069922e-01  2.54802424e-02  3.83446105e-02  4.74057287e-01]
 [ 2.12675805e-04  8.77197757e-02  3.78158063e-01  2.52441019e-01
  -4.31016982e-01  8.25869590e-02 -3.37708324e-01  4.70295042e-01]
 [-1.73372895e-01  8.43945369e-02  8.02900046e-02  9.68247931e-03
   9.11205262e-02  7.48684183e-02  3.23919624e-01  5.74313581e-01]
 [-4.55759197e-01  8.72617438e-02  5.21066606e-01 -2.57952571e-01
  -2.17919853e-02 -3.07951332e-03 -2.13954836e-01  3.44428152e-01]
 [ 1.09146975e-01  5.77956922e-02  4.08013582e-01  1.90111592e-01
  -3.69129658e-01 -8.61732475e-03 -2.07579836e-01  2.32121408e-01]
 [-9.24283341e-02 -3.05937342e-02 -2.09809482e-01 -6.81399405e-02
  -3.22424263e-01 -2.66213603e-02 -2.14429557e-01  7.20847622e-02]
 [-3.43349129e-01 -6.53970172e-04 -2.46658415e-01 -5.35876565e-02
   2.56915897e-01  2.95957457e-02 -1.79982066e-01  2.76560575e-01]
 [-2.06030533e-01 -1.15570787e-03 -7.77605996e-02 -2.63028264e-01
   1.67090595e-01  3.65670882e-02 -2.47609094e-01  2.27103680e-01]
 [ 3.29429656e-01  7.27885589e-02 -3.09251338e-01  3.20087999e-01
  -4.18894500e-01  1.17434576e-01 -3.56936902e-01  6.75518692e-01]
 [-1.09575212e-01 -1.96430995e-03  5.34179509e-01 -3.32953125e-01
  -2.71617831e-03 -5.39070368e-02  2.55796220e-02 -1.00385673e-01]
 [-2.78982043e-01 -4.18295898e-03 -4.15536433e-01  1.51339397e-01
  -5.77960871e-02 -5.32417223e-02 -2.48862088e-01  2.33353510e-01]
 [-1.13340922e-01 -1.68911926e-03  5.05238950e-01  2.42798373e-01
  -3.73045236e-01  4.22290154e-02 -3.46046478e-01 -3.85957509e-02]
 [-2.44967699e-01  3.24798107e+00 -2.61880998e-02  1.74659908e-01
   3.71276349e-01  1.66812801e+00  9.99645330e-03 -3.76224726e-01]]
Peso 2:
[-0.12332217 -0.15450263  0.21692224  0.00095661 -0.04119427 -0.11875284
 -0.00273834  0.7376533 ]
Camada: saida
Peso 1:
[[-0.0253171  -0.6043009 ]
 [ 1.9579904  -2.3651173 ]
 [-0.79763234 -0.10202518]
 [-0.4700912  -0.3244025 ]
 [ 0.32442483 -0.70873636]
 [ 1.1612628  -0.97545934]
 [-0.03341548 -0.07526505]
 [-1.5119954   0.3408884 ]]
Peso 2:
[-1.4533242  1.4533224]



pesos modelo: 
Test loss: 0.0001, Test accuracy: 1.0000
Camada: meio
Peso 1:
[[ 2.12703556e-01 -4.48829204e-01  2.50827938e-01  3.83200616e-01
  -3.03466856e-01  3.42188448e-01  4.76371944e-02  2.47070581e-01]
 [ 2.27889102e-02 -3.50978941e-01 -5.17641604e-02 -1.62701070e-01
  -3.42309415e-01  1.77757010e-01  1.91017985e-02  6.20187223e-02]
 [-2.78023593e-02 -1.85778067e-01  3.06606233e-01 -2.60677338e-01
  -6.36741519e-02  5.21846533e-01  2.87098020e-01 -1.45132899e-01]
 [-9.29151252e-02 -7.86521658e-02  8.07488710e-02 -1.26959160e-01
   2.71879524e-01  2.97281533e-01  5.72451279e-02  2.42694870e-01]
 [ 3.59216690e-01 -4.64011997e-01  1.35692447e-01 -2.30803430e-01
  -1.32256866e-01  2.54104555e-01  4.41654801e-01  3.96936566e-01]
 [-3.75777721e-01 -1.87918559e-01 -6.33732229e-02  2.23143384e-01
  -1.83101356e-01  2.92008042e-01 -1.34244487e-01  7.56578073e-02]
 [ 4.51896846e-01 -3.50497335e-01  1.39396265e-01  1.90618962e-01
   3.54878306e-01  1.64704531e-01  4.33554500e-01  5.30382335e-01]
 [-2.11085469e-01  2.22439636e-02  1.42546918e-03 -3.83352399e-01
   2.53920168e-01 -1.62729129e-01  4.35499847e-01 -1.86825246e-01]
 [ 4.59907472e-01 -4.25412714e-01 -8.43931362e-02 -1.93454146e-01
   2.34804764e-01 -8.30406882e-03 -2.60202885e-01 -4.71146181e-02]
 [ 1.10144608e-01  1.61894664e-01 -2.74352543e-02  2.73346364e-01
   3.08969975e-01  9.44876894e-02 -2.55269557e-01 -2.90546596e-01]
 [-4.24964935e-01  1.18333258e-01  2.45015427e-01 -1.05372533e-01
   4.07837272e-01  4.43812400e-01  7.86028355e-02 -2.69837737e-01]
 [-2.07644746e-01  4.46148664e-01  2.09986374e-01  1.14969462e-01
   9.51477364e-02  4.11085010e-01  4.72460300e-01  4.03515786e-01]
 [ 3.56668144e-01 -8.10938105e-02  2.33820856e-01  2.41422504e-01
   4.24209505e-01  3.84134620e-01 -3.26646455e-02 -9.92871597e-02]
 [ 3.12402576e-01 -3.38438272e-01  1.37921432e-02  9.35696363e-02
   1.56057119e-01  1.16996246e-03  1.40142024e-01  3.28132659e-02]
 [-1.75780207e-01  4.53140102e-02  2.41853192e-01 -1.02514297e-01
  -1.64385572e-01  3.03895503e-01  5.14722109e-01 -1.36653796e-01]
 [-2.60432929e-01 -2.05731660e-01  9.07228440e-02  3.03455949e-01
  -3.55027914e-01  5.43065608e-01 -1.47054508e-01 -8.70481059e-02]
 [ 2.03572124e-01  1.15184434e-01  4.76952903e-02 -3.28005403e-01
   1.23119228e-01 -6.19470142e-02  4.81334180e-01  1.42227188e-01]
 [ 1.39691427e-01  2.20608115e-01  5.53096272e-02 -4.62562114e-01
   1.51332751e-01  2.39835232e-01  1.20183438e-01  4.38149720e-01]
 [-3.62714618e-01 -1.38844833e-01  2.93132448e+00 -5.45987375e-02
  -5.96312582e-01 -1.65815818e+00 -1.02784777e+00  5.87299168e-01]]
Peso 2:
[ 0.19064526 -0.00390475 -0.28117096 -0.18550843  0.1847236   0.7597737
  0.46401972 -0.05298661]
Camada: saida
Peso 1:
[[-0.2903017   0.43078575]
 [-0.00378004 -0.03357207]
 [ 2.0827014  -2.008538  ]
 [ 0.5852101  -0.05367374]
 [-0.9118791  -0.12720546]
 [-1.7742906   0.7986576 ]
 [-1.1184528   0.38270116]
 [ 0.77786565 -0.09812012]]
Peso 2:
[-0.48596635  0.48596677]



pesos modelo: 
Test loss: 0.0002, Test accuracy: 1.0000
Camada: meio
Peso 1:
[[ 1.84483021e-01  4.27337676e-01  3.13104302e-01 -3.47296894e-02
   3.94562155e-01  1.96259350e-01 -8.54192972e-02  3.74490052e-01]
 [ 9.46925431e-02 -6.31194608e-03 -2.07982585e-01  1.41260669e-01
   5.28813124e-01 -4.35856402e-01  1.53604433e-01 -2.25928754e-01]
 [ 2.84803435e-02  3.40427995e-01  3.52455676e-01 -3.05823416e-01
   5.57318367e-02 -1.58272848e-01 -3.61212082e-02 -2.99279511e-01]
 [ 2.67203152e-03  5.31241179e-01  9.76549834e-02 -3.56295495e-04
  -1.60719827e-01 -2.32844502e-01  1.00466147e-01  8.27725455e-02]
 [ 1.30105570e-01  2.58099705e-01  1.43279666e-02 -1.77511826e-01
   5.63852727e-01  5.74443955e-03  2.98924744e-01 -1.98158592e-01]
 [-3.76523361e-02  7.13245794e-02  3.20249617e-01  1.82572026e-02
   8.91700946e-03 -2.71991283e-01  7.49020204e-02 -5.01517802e-02]
 [-3.87297681e-04 -2.24278331e-01 -1.27711982e-01  4.40671593e-01
   3.03414732e-01  5.42678088e-02 -1.73439726e-01  3.04428190e-01]
 [ 5.55069074e-02  1.18416272e-01  1.44940808e-01 -3.87808532e-01
   4.11538333e-01 -1.26742214e-01 -8.08935761e-02  2.95849770e-01]
 [ 1.52725214e-02 -2.07502782e-01  1.93886623e-01  1.48085400e-01
   3.07259828e-01  5.99705912e-02 -3.79692495e-01 -2.37256922e-02]
 [ 1.65052086e-01  4.54584181e-01 -1.76206335e-01 -2.45894402e-01
   4.63842571e-01 -1.85281545e-01 -3.43228817e-01  1.97483435e-01]
 [ 5.17484508e-02  5.73202908e-01  3.62199128e-01  4.33954388e-01
  -6.60183281e-02 -4.28950638e-01  3.18164229e-01 -6.35034367e-02]
 [ 7.95353428e-02  9.32477266e-02 -5.31420065e-03 -1.57817185e-01
   4.79180753e-01 -3.48856270e-01  2.67297477e-01 -1.96451008e-01]
 [ 2.12191250e-02  7.37384558e-02  2.71659076e-01 -4.91384454e-02
   1.54434159e-01  3.73213947e-01 -3.60121906e-01 -6.55711293e-02]
 [ 1.20294616e-01  4.56218868e-01 -3.75080407e-01 -2.99361795e-01
   3.00087988e-01 -4.32612240e-01  1.66774794e-01 -1.80798978e-01]
 [-4.72337455e-02 -3.04407850e-02  3.10266048e-01  2.74514049e-01
  -8.08707103e-02 -1.66772947e-01 -1.10649377e-01 -1.22660138e-01]
 [ 6.06018677e-02 -1.49501160e-01 -4.05690879e-01  1.01019248e-01
   6.26036882e-01 -2.98629105e-01  3.65275949e-01  1.49546802e-01]
 [ 1.05624720e-01  1.83204070e-01 -3.99013847e-01  8.70297197e-03
   5.20665944e-01 -2.79793143e-01  2.64510363e-01  2.51857042e-01]
 [ 1.35824561e-01  4.78338927e-01 -7.91376606e-02  1.56419873e-01
   2.35446796e-01 -4.56609190e-01 -3.85435730e-01  7.03214705e-02]
 [ 3.43451738e+00 -5.82373619e-01  5.34646988e-01 -1.38781920e-01
  -6.31322980e-01  2.42439926e-01  5.91111541e-01  3.72040689e-01]]
Peso 2:
[-0.271785    0.46246442 -0.10675319  0.15281764  0.57113093 -0.01543627
 -0.09171496 -0.09289078]
Camada: saida
Peso 1:
[[ 2.328734   -2.4004447 ]
 [-0.20904     1.1328814 ]
 [-0.40137666 -0.46797907]
 [-0.43584028  0.06443296]
 [-0.49771836  1.229561  ]
 [-0.159469    0.60713536]
 [ 0.17094594 -0.33238196]
 [ 0.4317086  -0.07049397]]
Peso 2:
[-1.1847861  1.1847842]



pesos modelo: 
Test loss: 0.0001, Test accuracy: 1.0000
Camada: meio
Peso 1:
[[-2.02405125e-01 -2.08341420e-01 -2.90267259e-01  2.10441560e-01
  -3.16369414e-01 -3.73064876e-02  1.10744268e-01  4.71237510e-01]
 [ 2.84835901e-02  1.64456293e-01 -5.36335297e-02  1.87129170e-01
   3.35740745e-01 -2.93689407e-02 -2.62864500e-01 -1.30228236e-01]
 [-3.12571861e-02  1.72546163e-01  2.89831668e-01  6.24670349e-02
   4.59268481e-01  2.11534277e-01 -3.40953805e-02 -2.63617784e-01]
 [ 3.32160920e-01  2.25315586e-01  1.07389726e-01  3.05165082e-01
   4.79519188e-01  2.12827355e-01 -2.85412967e-01  3.66169989e-01]
 [ 2.31848974e-02  1.26887932e-01  2.32960135e-01  3.07186320e-02
   1.26712769e-01  3.27680968e-02 -2.64720142e-01  5.10343432e-01]
 [ 5.36578178e-01 -3.29512626e-01 -2.67025113e-01  5.80904633e-02
   5.81349395e-02  2.30062500e-01  9.44962725e-02  2.92689294e-01]
 [ 1.58133417e-01  3.94679159e-01  4.83298331e-01 -7.61579871e-02
   3.52530777e-01  2.10316792e-01  1.82527080e-02  1.74352571e-01]
 [-2.87095606e-01  1.12171590e-01  3.61495078e-01  3.45934033e-01
   3.74958038e-01 -3.71354856e-02 -5.84721193e-02 -2.48712420e-01]
 [ 3.84984575e-02  1.28789604e-01 -4.58988734e-02 -1.15893751e-01
   2.80823082e-01  8.14783946e-02 -6.80215061e-02 -3.49745423e-01]
 [ 3.27762663e-01 -1.65335372e-01  4.45216089e-01  3.76429796e-01
  -2.59600561e-02  3.82936634e-02  7.61831775e-02  2.56286889e-01]
 [ 1.14569679e-01  2.88313925e-01  2.15439335e-01  3.00367293e-03
   2.86834657e-01  6.01130829e-04  4.71359223e-01 -2.33425260e-01]
 [-6.80344105e-02  1.78958833e-01 -2.72256881e-01  1.49285942e-01
   4.43024963e-01 -7.81823471e-02  3.35962832e-01 -2.52985597e-01]
 [ 2.70803669e-03 -2.48867735e-01  4.05523539e-01 -1.22712843e-01
  -1.41871229e-01  1.27144337e-01  1.13234289e-01  2.59037197e-01]
 [ 3.89307052e-01  1.50127903e-01  4.34817225e-01  4.27187741e-01
   2.33912483e-01  4.91858944e-02  4.67270494e-01  2.09533080e-01]
 [ 2.11194366e-01 -6.89823478e-02  3.54151249e-01  2.40589842e-01
   9.29620210e-03  4.71845977e-02 -3.09670627e-01  2.47642562e-01]
 [ 5.31389892e-01  9.08798128e-02  1.99336618e-01 -3.07425290e-01
   7.06201643e-02  2.63137043e-01  4.40045714e-01  8.27170983e-02]
 [ 8.37852359e-02  2.17410535e-01 -2.76820958e-01 -8.50109458e-02
   2.29859591e-01 -7.24402890e-02 -6.05736449e-02  1.94900870e-01]
 [ 1.52954683e-01  2.05817640e-01  4.54778552e-01  4.25108373e-01
   1.95752740e-01 -4.52321917e-02 -2.37714157e-01  3.05112422e-01]
 [-5.48234940e-01  1.64858246e+00 -7.32010603e-01  1.02590370e+00
  -1.80126977e+00  2.18021941e+00  4.65207547e-01 -2.76535060e-02]]
Peso 2:
[ 0.27076638 -0.21735974  0.24430047 -0.25936475  0.8872603  -0.21320386
 -0.01086993  0.07972826]
Camada: saida
Peso 1:
[[-0.97631466  0.09695397]
 [ 0.8982853  -1.3301743 ]
 [-0.45441017  0.6611517 ]
 [ 0.7012454  -0.9748017 ]
 [-1.2310908   1.7610583 ]
 [ 1.6163986  -1.3472563 ]
 [ 0.6404445   0.3314611 ]
 [-0.03921372  0.27830237]]
Peso 2:
[-0.44576073  0.44576237]



pesos modelo: 
Test loss: 0.0043, Test accuracy: 1.0000
Camada: meio
Peso 1:
[[-3.06191802e-01 -4.02003378e-01  2.10938901e-01  3.71560007e-01
  -3.35878015e-01 -4.41746116e-02  1.81871742e-01 -1.25774056e-01]
 [ 3.16655301e-02  3.28780748e-02 -7.31822252e-02  5.00250459e-01
   2.34570265e-01  3.37249935e-01  1.52171105e-02  1.55662954e-01]
 [ 9.42623243e-02 -1.96494639e-01  2.61771157e-02 -1.38867810e-01
   1.56536862e-01  3.36131155e-01  8.56125727e-02 -3.35417479e-01]
 [ 3.15366507e-01  8.06489810e-02  6.72751814e-02 -4.28075269e-02
  -3.73975411e-02 -5.76473512e-02  4.04354274e-01  1.33227140e-01]
 [-9.93648246e-02  2.15707302e-01 -4.05033618e-01 -1.30866006e-01
   1.49598628e-01  3.26977611e-01  3.91375989e-01 -3.20697755e-01]
 [ 2.14312971e-01  4.10586633e-02 -3.52156341e-01 -1.74963549e-01
   2.55315423e-01  4.21835601e-01  5.02635598e-01  6.28221827e-03]
 [ 4.56899144e-02 -5.33027723e-02  3.84292275e-01 -1.52767092e-01
  -3.39094404e-04 -3.21067989e-01  2.77666777e-01 -1.61877796e-01]
 [ 1.42331824e-01 -5.40648308e-03  3.61891568e-01  2.55782772e-02
   2.26795569e-01  3.41094226e-01  2.75853932e-01  6.38346002e-02]
 [-1.02503620e-01  3.54904950e-01 -2.40640625e-01  3.67372185e-01
   1.59418151e-01  2.25948676e-01  2.88579851e-01 -3.22704390e-02]
 [ 3.48971009e-01  3.01410481e-02  1.25439242e-01  4.07634348e-01
  -5.97540885e-02  3.14884335e-01 -1.18943073e-01 -2.68549442e-01]
 [ 1.79826647e-01  1.83280930e-01 -9.08161327e-02  8.61680433e-02
   2.47742459e-01  2.97054589e-01  4.82991874e-01  1.47460103e-01]
 [-3.28044742e-01  3.68558437e-01  2.73436248e-01  3.66196066e-01
  -5.41420244e-02 -1.49821848e-01  1.49156019e-01  3.22855592e-01]
 [ 1.82386577e-01  1.09150752e-01  3.18079919e-01  3.09728324e-01
  -2.53101271e-02 -3.53772968e-01  2.27810651e-01  1.34841457e-01]
 [-1.16701342e-01  3.06291990e-02 -3.95440876e-01  4.33502644e-01
   1.17215440e-01 -3.81700933e-01  1.46595195e-01  3.17899168e-01]
 [-5.02495989e-02 -1.18404053e-01 -7.91174397e-02  9.70665291e-02
  -2.74195280e-02  1.52840927e-01 -1.47871703e-01 -1.59928679e-01]
 [-2.09319502e-01 -1.84136778e-02  4.26966071e-01  2.54291613e-02
   2.57911026e-01  6.82052448e-02  2.30371222e-01  1.93924978e-01]
 [ 2.43377998e-01  3.98992538e-01 -4.48443115e-01  4.43948567e-01
  -2.71575619e-03 -2.96334684e-01  4.93862867e-01  3.18483226e-02]
 [ 3.59039366e-01  6.40860274e-02  2.12173626e-01  1.29313543e-01
  -1.42856970e-01  4.22613472e-01 -5.45324497e-02 -2.79670775e-01]
 [ 1.23062992e+00  1.82375014e+00 -1.45326257e-01 -1.14752531e+00
   1.78335440e+00 -5.70524037e-01 -1.72222626e+00  2.11366758e-01]]
Peso 2:
[-0.10058475 -0.17855364  0.0432891   0.55431986 -0.22902724  0.28070858
  0.80445623 -0.02608653]
Camada: saida
Peso 1:
[[ 0.94597805 -0.4929991 ]
 [ 1.2200688  -1.4338363 ]
 [ 0.18889956  0.5109096 ]
 [-0.64352417  1.1696014 ]
 [ 1.2421997  -1.3140898 ]
 [-0.92848605  0.12783071]
 [-1.1647165   1.6830717 ]
 [ 0.5691801  -0.15706475]]
Peso 2:
[-0.4297937   0.42979583]



pesos modelo: 
Test loss: 0.0008, Test accuracy: 1.0000
Camada: meio
Peso 1:
[[-4.11279052e-01 -6.61857128e-02 -2.79098690e-01  4.27358478e-01
  -4.09551710e-01 -2.26532236e-01 -2.38872468e-02  3.81814033e-01]
 [ 3.07709575e-01  1.56598553e-01  1.43533498e-01  4.09079403e-01
  -4.58169550e-01  6.12629168e-02 -1.38579220e-01 -2.25150138e-01]
 [ 4.42971110e-01  6.29342571e-02 -3.84843439e-01  1.09980687e-01
   1.07379295e-01 -4.12100911e-01 -1.99213117e-01 -1.58219218e-01]
 [-1.95499778e-01 -8.33733305e-02 -4.49555546e-01  7.00022355e-02
  -2.83673793e-01  1.47279650e-01 -4.32100028e-01 -2.59712696e-01]
 [-9.77761298e-02 -7.86738768e-02 -1.91183448e-01  3.62601839e-02
  -4.36762840e-01  9.07885784e-04 -4.65171278e-01  2.15243399e-01]
 [ 2.41125390e-01  8.08068588e-02  7.77438283e-02  1.70439556e-01
   2.18420103e-01 -3.03106159e-01  9.23418030e-02  9.73590091e-02]
 [-1.80105984e-01  7.62770325e-02  1.45286009e-01  3.42808664e-01
  -3.14161450e-01  2.73293108e-01  3.16385061e-01  3.45927626e-01]
 [-4.08510864e-01  8.65987409e-03 -3.44559163e-01  2.80531049e-01
  -3.53645533e-01  3.62809360e-01 -1.31396472e-01 -4.06949729e-01]
 [ 3.07252347e-01  1.62531272e-01 -1.93947852e-01  3.49483669e-01
  -3.00148696e-01 -1.39824793e-01  2.90416092e-01  7.08382651e-02]
 [-3.54070187e-01  6.29741699e-02  2.41959751e-01  3.11361074e-01
   8.49076211e-02  1.91965356e-01  3.28258663e-01 -2.02838376e-01]
 [-4.17390823e-01  2.16645360e-01 -1.24495864e-01  5.64591229e-01
  -3.32543373e-01  3.25027198e-01 -6.25752583e-02  3.23405236e-01]
 [ 2.99854845e-01 -9.42195803e-02 -1.60298079e-01  3.95451076e-02
  -1.73653692e-01  1.34971470e-01  1.50500610e-01 -1.81726694e-01]
 [-3.29182267e-01  1.33327514e-01 -1.03653118e-01  3.07760596e-01
   1.57519922e-01 -9.21609476e-02  3.15049797e-01 -1.33123741e-01]
 [ 7.93802273e-03  2.12604746e-01  3.44318390e-01  4.21755105e-01
  -2.75344849e-01 -1.02945201e-01  4.43011552e-01 -2.09523082e-01]
 [-2.32401580e-01  1.88493997e-01  2.02900499e-01  3.74596953e-01
  -6.28423244e-02 -1.30588397e-01  2.07795918e-01 -2.20970616e-01]
 [ 1.56845450e-01  8.88159499e-02 -9.33341235e-02  4.18392807e-01
  -1.35795757e-01  4.35810149e-01 -4.50516522e-01 -1.21542431e-01]
 [-4.00440991e-01  1.79233372e-01 -3.14603060e-01  4.80205625e-01
   1.27859533e-01  2.00947389e-01  9.85818878e-02 -9.38597098e-02]
 [ 2.80489236e-01  9.53705162e-02 -1.89581275e-01  2.53300816e-01
   3.94341558e-01 -5.32683246e-02 -3.52472961e-01 -7.96567723e-02]
 [-1.23077221e-01  3.01446295e+00  8.96792337e-02 -1.73253143e+00
   4.37535793e-01  1.01951599e+00  3.63636613e-02 -1.67265594e-01]]
Peso 2:
[-0.02666371 -0.32175466 -0.01113201  0.9192565  -0.0113057  -0.05131304
 -0.0159684   0.04555586]
Camada: saida
Peso 1:
[[ 0.21242683  0.29889166]
 [ 2.1262636  -2.0002985 ]
 [ 0.47367227 -0.00600991]
 [-1.9245604   1.075273  ]
 [ 0.5927074   0.6324895 ]
 [ 0.10700737 -1.0020335 ]
 [ 0.02109433  0.01642903]
 [-0.6893749  -0.19537142]]
Peso 2:
[-0.60016555  0.6001671 ]



pesos modelo: 
Test loss: 0.0005, Test accuracy: 1.0000
Camada: meio
Peso 1:
[[ 2.90171474e-01 -1.94489270e-01  1.69586807e-01  4.42543954e-01
  -3.60302180e-01 -3.14975649e-01  1.63606733e-01  3.46329957e-01]
 [-3.85296762e-01 -1.14835791e-01  2.00576350e-01  1.09636150e-01
   3.05032045e-01 -4.42263365e-01 -2.51379311e-01  1.43080100e-03]
 [ 1.50422245e-01  1.59873500e-01  1.41023740e-01  2.20687643e-01
   1.89270839e-01  9.98689607e-02  2.24393830e-01 -1.03180043e-01]
 [-1.22187123e-01 -2.53940582e-01  3.56617063e-01  1.65109754e-01
   2.99298286e-01 -4.05697435e-01 -3.95065308e-01 -3.89131419e-02]
 [ 1.97211727e-01  3.53372067e-01 -1.62913859e-01  9.89249442e-03
  -6.55098539e-03  3.35080206e-01 -2.17362195e-02 -1.88960731e-01]
 [-4.50354367e-01 -2.05684736e-01  1.60711423e-01 -1.31561935e-01
  -2.93411072e-02  2.21594602e-01  1.11416392e-01  5.39998971e-02]
 [ 1.46642238e-01 -3.19068581e-01  1.82702035e-01  1.15325943e-01
   4.23992686e-02 -5.96581362e-02  2.42672682e-01 -2.25431576e-01]
 [-3.94607604e-01  3.16293329e-01 -2.84151789e-02 -1.03257917e-01
   9.28671956e-02  5.20287871e-01 -1.02809794e-01  1.79702029e-01]
 [ 3.30859646e-02  3.67748022e-01 -1.80803072e-02 -6.53244406e-02
   4.27197695e-01 -1.59091026e-01  4.52214152e-01  4.97163832e-01]
 [-3.62720370e-01 -2.34645218e-01  2.24582314e-01  1.38296470e-01
   2.33088747e-01  4.49268997e-01 -3.95747840e-01 -4.21552360e-02]
 [-1.94061667e-01 -2.47660145e-01  3.36468279e-01  2.58975953e-01
   6.34337366e-01 -4.27865714e-01  1.50901750e-01  2.98991501e-01]
 [-2.42339149e-01 -1.24064125e-01  5.58731794e-01  9.47683156e-02
   2.15356257e-02 -4.03834164e-01  2.60097325e-01  1.00682005e-01]
 [-3.75504464e-01  2.54892558e-01  1.25892207e-01  9.75342691e-02
   2.12770820e-01 -3.98100436e-01  1.28989980e-01  7.48956427e-02]
 [-1.51387915e-01  1.16031781e-01 -1.52792677e-01  1.72017366e-01
   3.65281016e-01  1.22799098e-01  3.92159879e-01  9.61124618e-03]
 [ 2.48986334e-01  2.40631923e-01 -1.90745726e-01  1.73832700e-01
   4.73957688e-01 -1.97700739e-01  5.63321486e-02  4.03736457e-02]
 [ 3.74760211e-01  4.92988050e-01 -1.47128806e-01  1.02627724e-01
   4.91649926e-01  3.87505144e-01  3.70928124e-02  3.04689616e-01]
 [ 9.67912972e-02  4.69396403e-03  4.83312488e-01  7.94939622e-02
   2.76158929e-01  1.14956170e-01 -4.10458058e-01  2.92919278e-01]
 [ 2.15296775e-01 -1.75932854e-01  5.25752306e-01  3.72380018e-02
  -4.19252664e-02  9.62012485e-02  9.30920150e-03  6.79586157e-02]
 [-2.08891854e-02 -2.24402398e-01 -1.04956412e+00  2.34251618e+00
  -1.73908603e+00 -1.21048443e-01 -3.30348164e-01  1.93825817e+00]]
Peso 2:
[-0.06953959  0.16499807  0.5430171  -0.29545483  0.71545225  0.11692964
  0.16814673 -0.11441845]
Camada: saida
Peso 1:
[[ 0.37672478  0.13884635]
 [-0.2157697   0.7438148 ]
 [-1.0608885   0.66781706]
 [ 1.5575116  -1.5651011 ]
 [-0.73812     1.8426175 ]
 [-0.4495544   0.08649112]
 [ 0.05376271  0.6508158 ]
 [ 1.1746382  -1.340104  ]]
Peso 2:
[-0.44365868  0.4436606 ]



pesos modelo: 
Test loss: 0.0003, Test accuracy: 1.0000
Camada: meio
Peso 1:
[[-0.07896599 -0.3638915   0.09685573  0.33802804  0.21368912 -0.11931178
   0.17532215 -0.10200098]
 [-0.01066574 -0.0051493  -0.40246022 -0.2790909  -0.40783933  0.28205106
   0.05222258 -0.07788087]
 [ 0.0922988   0.40513298 -0.01980399 -0.41389418 -0.06670227  0.32860196
   0.5732026  -0.07277477]
 [ 0.01928698  0.21547428  0.35923     0.32637054 -0.4883135  -0.31716517
   0.14468117 -0.10785034]
 [-0.02147417 -0.00356539 -0.06586324 -0.04667885  0.02146234 -0.28340545
   0.01112908 -0.02969706]
 [-0.00923433 -0.4561627   0.45951733  0.33350664 -0.10932568  0.41844204
   0.03293701 -0.01815121]
 [-0.01077882 -0.08473491 -0.27614164 -0.36703944 -0.11594144 -0.02667484
   0.06058925 -0.03380766]
 [ 0.03905864  0.289035    0.42548677  0.28087467  0.1250288   0.35396475
   0.41549233  0.12343542]
 [ 0.02435577  0.10233309 -0.20926294 -0.23857422  0.17700699 -0.2768499
   0.33185628  0.0718231 ]
 [ 0.05503132 -0.4636336   0.15351012 -0.16139533  0.12102163  0.3510778
   0.59440756  0.2473256 ]
 [ 0.03281277 -0.3260691  -0.42140895  0.359215    0.19186062 -0.2527944
   0.4576677   0.07997359]
 [ 0.00583105 -0.40954033  0.06907661 -0.2146428  -0.22652124  0.01453194
   0.07076049 -0.0527575 ]
 [ 0.02920124  0.41032222 -0.33658418 -0.13629355 -0.37783647 -0.0877436
   0.31639832 -0.03127501]
 [ 0.00777018 -0.20626047 -0.03053826 -0.03616205  0.23828821  0.32246244
   0.04247691 -0.1248997 ]
 [ 0.02815954  0.4052977   0.07070258  0.05399556 -0.04020844 -0.00340811
   0.39989024  0.14848053]
 [ 0.03543304 -0.4056757  -0.34056744 -0.40430817 -0.23649192 -0.42745307
   0.31209254 -0.01304927]
 [ 0.06335507 -0.32958317 -0.40748432  0.38301736 -0.41547474 -0.42828715
   0.69456065  0.17321424]
 [-0.00646272  0.36838624  0.4248945  -0.2705506  -0.23879002 -0.2601307
   0.00611605  0.02251207]
 [ 3.2159452   0.40063903 -0.07009164  0.46770388 -0.02622617  0.32372302
  -0.87109464  1.6302549 ]]
Peso 2:
[-0.10620093 -0.06161013  0.08473937 -0.07963559 -0.18549359 -0.04074355
  0.76976997 -0.02398079]
Camada: saida
Peso 1:
[[ 1.8001353  -2.4069202 ]
 [-0.10308533 -0.21614325]
 [-0.73327523  0.08274881]
 [ 0.05117309 -0.35852662]
 [ 0.610513   -0.21003447]
 [-0.5099177  -0.49416646]
 [-0.5359585   1.3892428 ]
 [ 0.40404657 -1.4432571 ]]
Peso 2:
[-1.7568941  1.756898 ]



pesos modelo: 
Test loss: 0.0001, Test accuracy: 1.0000
Camada: meio
Peso 1:
[[ 4.04907495e-01  2.06789404e-01  1.46884471e-01  2.56262392e-01
  -2.74424672e-01  3.51638108e-01 -3.68230611e-01 -4.50023592e-01]
 [ 3.33751798e-01  1.77546740e-01  1.74170077e-01 -2.78333336e-01
   1.86962932e-01 -8.09094682e-02  4.86082099e-02  5.03742397e-02]
 [ 4.48617458e-01  4.09806073e-01  7.18898252e-02  2.33467110e-02
  -6.74858764e-02  3.08661163e-02  2.18320146e-01  1.57040745e-01]
 [ 1.51076823e-01  8.13788548e-02 -1.11851960e-01  1.79429367e-01
  -1.22976586e-01  9.50064659e-02  2.39051536e-01 -3.42963576e-01]
 [ 6.24426842e-01  3.28050792e-01  2.43252456e-01  1.96404755e-03
  -3.91223818e-01  5.42074479e-02 -4.20861989e-01  1.26399964e-01]
 [ 3.43818814e-01  2.65327245e-02  2.28097498e-01 -9.80371013e-02
   2.82865912e-01 -7.08558708e-02 -4.99948710e-01 -1.90093946e-02]
 [ 3.68959039e-01  1.35908663e-01  2.07686096e-01  1.91570267e-01
  -4.54392016e-01 -6.92769215e-02  3.74208242e-01 -2.33964801e-01]
 [ 9.60839763e-02 -7.99432248e-02 -1.52265593e-01  3.45145822e-01
  -9.70483199e-02  1.58664018e-01  1.89646930e-01 -1.23447821e-01]
 [ 4.23682809e-01  1.53701261e-01  1.03309274e-01 -4.59009230e-01
  -4.21924233e-01  1.27083972e-01 -4.50643569e-01 -4.61047053e-01]
 [ 3.60201538e-01 -1.09725185e-01  1.56853452e-01  7.06817955e-02
  -3.46381098e-01  9.07590911e-02  2.11620957e-01  1.54494941e-01]
 [ 4.58332539e-01  2.84983516e-01 -5.02929948e-02 -4.30769652e-01
   2.00429514e-01  2.56574005e-01 -1.92504421e-01 -2.75761306e-01]
 [ 2.80496806e-01  1.58844322e-01  1.33931823e-02  3.61456901e-01
  -3.21530282e-01  6.22774772e-02  6.56280071e-02 -1.44668028e-01]
 [ 3.18029672e-01 -1.33283585e-01  1.09305382e-01 -1.60396919e-01
  -2.68556863e-01  1.30222917e-01  1.06359869e-01 -4.45999652e-01]
 [ 1.83350399e-01 -9.85567179e-03 -3.72902453e-02 -5.14084473e-02
   1.51056960e-01  1.07345052e-01  3.50050747e-01 -4.82063979e-01]
 [ 2.88169980e-02 -1.05527371e-01 -4.70253155e-02 -2.80762643e-01
  -3.88758332e-02  3.08197085e-03 -9.89757702e-02 -4.83302679e-03]
 [ 3.63984197e-01 -1.23487227e-01  2.07998127e-01  1.72422498e-01
   1.26997262e-01  3.53020877e-02 -1.05054207e-01  3.44189376e-01]
 [-4.27794270e-02 -1.53982311e-01 -8.84481147e-02 -3.06971312e-01
  -9.62967128e-02 -2.52757762e-02 -4.02700514e-01  8.79822969e-02]
 [ 2.35839650e-01 -5.15587069e-02  1.13830231e-01 -5.84225394e-02
   9.72294807e-03  1.79395564e-02  1.13149762e-01  2.45256320e-01]
 [-1.43516922e+00  9.52396035e-01  2.47213054e+00 -3.27969849e-01
  -4.42691475e-01  2.02740383e+00  1.43672908e-02 -4.15778190e-01]]
Peso 2:
[ 0.9280755  -0.1023144  -0.21256328 -0.14497904 -0.18933341 -0.21358082
 -0.10718933 -0.11106013]
Camada: saida
Peso 1:
[[-1.9435436   0.88384056]
 [ 0.5767471  -0.6952139 ]
 [ 1.3156178  -1.8664247 ]
 [ 0.39052507  0.31442457]
 [ 0.49405438  0.00347245]
 [ 1.4008689  -1.299218  ]
 [-0.04642891 -0.04397485]
 [ 0.13699259 -0.0642187 ]]
Peso 2:
[-0.90731776  0.90732145]



pesos modelo: 
Test loss: 0.0001, Test accuracy: 1.0000
Camada: meio
Peso 1:
[[ 2.1505669e-01 -3.6165515e-01  4.3036935e-01 -9.7361237e-02
   5.0552398e-02  1.9929829e-01  1.0499510e-01  6.9500804e-03]
 [ 2.9691985e-01 -4.1062078e-01 -3.7518343e-01  4.4234279e-01
   6.1575934e-02  1.1346811e-01 -4.4162589e-01  2.6594839e-01]
 [-2.8911263e-01  1.2919971e-01  5.9409492e-02  1.2440943e-01
  -9.3009852e-02  8.5030794e-02  1.4303263e-01 -1.7758448e-01]
 [-2.5684498e-02 -2.5885928e-01  2.2174726e-01  4.5123854e-01
   3.4083572e-01 -1.1326077e-01 -1.0118295e-01  2.4063039e-01]
 [-2.8536919e-01  5.3538721e-02  1.4565940e-02  1.2408408e-01
   1.9475055e-01 -3.9150324e-02  2.6623175e-01 -1.5483998e-01]
 [-3.8531068e-01 -3.4649816e-01 -9.8570153e-02  1.7752771e-01
   1.6391012e-01  6.7923047e-02 -2.1938148e-01 -1.4789723e-01]
 [ 3.9909996e-02 -7.3409311e-02 -1.8873174e-01  3.5327917e-01
   3.3802044e-01  2.4350194e-02 -8.8728793e-02  4.0995393e-02]
 [-4.3964612e-01 -5.0368723e-02  1.2371725e-02  4.0680888e-01
  -8.2819022e-02 -1.5947837e-02 -6.3073948e-02  3.6405224e-01]
 [ 1.4106965e-01 -7.4149609e-02  2.9760772e-01  4.7631723e-01
   9.6992828e-02  2.1013264e-01 -3.3339494e-01 -7.0714682e-02]
 [ 2.0618349e-01  1.7871955e-01  3.2677045e-01  4.0695223e-01
  -6.1999954e-02  8.4758088e-02 -3.5397306e-01  1.3581707e-01]
 [ 2.3005027e-01  1.8555267e-01  2.8702885e-01  2.0744750e-01
  -2.7273357e-01  3.2939922e-02  5.2794028e-02  9.5467389e-02]
 [ 3.3081640e-02 -2.6575011e-01 -1.5724468e-01  5.0759023e-01
  -2.0029333e-01  1.4869067e-01 -1.7611969e-02  4.0266293e-01]
 [ 2.0734890e-01 -1.6206586e-01 -2.4599422e-02  1.4596958e-01
  -2.0517336e-01  1.2534317e-01 -4.7011133e-02 -4.3475762e-02]
 [ 3.1139510e-02 -1.6030227e-01  2.2259478e-02  3.3861420e-01
   3.1374288e-01  1.0410940e-01  2.2791505e-02 -1.1422680e-01]
 [-2.1333121e-02 -2.5152378e-02  2.3301999e-01  4.8835313e-01
   6.3993610e-02  1.3332182e-01 -2.2435494e-01  1.2434424e-01]
 [-2.6155025e-01 -4.6277189e-01 -1.6921949e-01  4.6945906e-01
   3.6191332e-01  1.7918640e-01 -1.1401847e-02 -5.0656751e-02]
 [-2.7935955e-01  2.7339460e-02  4.1096166e-01  4.6496606e-01
   3.7923899e-02 -1.9517036e-03 -1.9737214e-01  2.2481829e-01]
 [ 3.4111509e-01 -3.1665418e-02  1.6110350e-01  3.0417368e-01
   1.4691760e-01 -8.5082822e-02 -1.9090115e-01  2.1120001e-01]
 [-1.2779811e-01  3.7741300e-01  9.0314829e-01 -1.4724870e+00
   1.3193262e+00  2.4145885e+00 -1.3446145e-01  1.8279885e+00]]
Peso 2:
[-0.10311752  0.03105814 -0.14552037  0.8555279  -0.14874393 -0.22955032
 -0.11609465 -0.18211594]
Camada: saida
Peso 1:
[[-0.01588841  0.02884634]
 [ 0.43324327 -0.28580746]
 [ 1.0728056   0.25603217]
 [-1.5704867   1.2780809 ]
 [ 0.77616763 -0.7766715 ]
 [ 1.9929863  -1.1948842 ]
 [ 0.42352146 -0.7503459 ]
 [ 1.0988815  -1.1957173 ]]
Peso 2:
[-0.79956055  0.7995637 ]



pesos modelo: 
Test loss: 0.0001, Test accuracy: 1.0000
Camada: meio
Peso 1:
[[ 0.35629484 -0.32412636  0.03758714 -0.12906477  0.3912318   0.3859307
  -0.1363056  -0.38971427]
 [-0.00762891 -0.4300806  -0.32187995  0.45875713  0.22576879  0.08028576
   0.31912148  0.15987788]
 [-0.25642222  0.1876838   0.16013941  0.02080597  0.03612945  0.19411935
   0.2276484   0.334935  ]
 [ 0.3060168  -0.01717352  0.18369962 -0.01557591  0.28190303  0.29630262
   0.15316097  0.26341873]
 [-0.4250494   0.26548895 -0.23139668  0.05437335 -0.04346816  0.18452168
  -0.1885224   0.42299148]
 [-0.3358174  -0.3885979  -0.4326489  -0.24954423 -0.1414293  -0.34907025
  -0.35130313 -0.08801708]
 [ 0.27704945  0.00510814 -0.09649757  0.260759    0.18837519  0.15079731
  -0.18941629  0.20531079]
 [-0.27999532  0.39437062  0.25937134 -0.48084372  0.23537397  0.173603
  -0.4301054   0.13174616]
 [ 0.22367422 -0.43272355 -0.07666928  0.32194203  0.43307686  0.31126833
   0.3702167   0.20564342]
 [ 0.10828277 -0.47657913  0.38041812  0.00808853  0.40950367  0.18536492
  -0.05967581  0.03274529]
 [-0.3171315   0.24687143  0.24678981  0.3088814  -0.15437818  0.20879346
   0.20651495  0.46795812]
 [ 0.06389815 -0.3494727  -0.10598103 -0.2965458   0.04328695  0.38281667
   0.25150192  0.49427673]
 [-0.09625339  0.3438738   0.42669058 -0.4008106   0.00974883  0.10564656
   0.01350457  0.17184107]
 [ 0.2010709   0.15834805 -0.4781786   0.34378612  0.22315218  0.26212972
  -0.40246224  0.33548066]
 [-0.10401735  0.40489048 -0.42520064  0.33734375  0.19699346  0.11480895
   0.19836444  0.18611296]
 [ 0.10410673 -0.47559336  0.4514945   0.02679094  0.34221834  0.13227831
  -0.14665806  0.01949993]
 [-0.41577163 -0.4464682  -0.30219916 -0.3926016   0.25197574  0.04239538
   0.023957    0.05662941]
 [ 0.17855915 -0.06817872  0.25691247  0.32996634  0.3065016   0.07627221
  -0.03115882 -0.00542995]
 [-0.40227732  0.32507545 -0.157415    0.01555263 -1.6234925   2.4547539
  -0.31454468 -2.1238873 ]]
Peso 2:
[ 1.17310256e-01 -6.13849685e-02  8.44310969e-02 -5.39135039e-02
  5.47162175e-01 -2.06516474e-01 -8.27979587e-04  8.50605607e-01]
Camada: saida
Peso 1:
[[-0.11250538  0.4307465 ]
 [-0.5563528  -0.46667564]
 [-0.33965495  0.2286752 ]
 [ 0.3265706   0.00223941]
 [-1.0123099   1.2129543 ]
 [ 1.4857118  -1.9209387 ]
 [ 0.25762367  0.39064342]
 [-1.5034764   1.7756397 ]]
Peso 2:
[-0.05075305  0.05075478]



pesos modelo: 
Test loss: 0.0001, Test accuracy: 1.0000
Camada: meio
Peso 1:
[[ 4.24638838e-01  2.76518166e-02  1.02047056e-01  2.18607396e-01
   1.88263327e-01  2.17370182e-01 -2.86236763e-01  3.62337440e-01]
 [ 4.04829830e-01 -4.31548655e-01  3.48444581e-01  2.85967499e-01
  -4.12293762e-01  3.65994215e-01  4.63447154e-01 -6.19385093e-02]
 [-3.02015752e-01 -2.08363816e-01  1.19032383e-01  2.85153449e-01
   9.20219570e-02  8.84824023e-02  2.62395382e-01  3.98588449e-01]
 [-3.08763742e-01  4.05869961e-01  1.59371123e-01 -4.06841248e-01
   1.62782431e-01  3.53370875e-01  1.76389441e-01 -2.68768519e-01]
 [ 1.49685949e-01 -3.67090911e-01  4.33492810e-02  2.00708523e-01
  -3.86937052e-01 -4.15487727e-03  3.38439435e-01  8.28018188e-02]
 [-2.19091460e-01 -1.79044619e-01  3.53367068e-02  3.87587398e-01
   1.64494529e-01  1.63824707e-02  3.75090718e-01 -1.81903586e-01]
 [-3.86143297e-01  2.02827305e-01  1.18323728e-01 -2.36020908e-01
  -4.56760198e-01  4.55863953e-01 -2.56488293e-01  1.72884971e-01]
 [-1.33563817e-01  2.09793240e-01  3.11983734e-01 -3.81533742e-01
  -1.50939360e-01  4.09363389e-01  2.18667164e-01  2.95116693e-01]
 [-3.11965227e-01  3.62668604e-01 -1.42481960e-02  1.79123014e-01
  -1.95150942e-01  1.75169157e-03  1.88361019e-01 -4.80835624e-02]
 [-3.17558616e-01 -1.71506390e-01  2.77619928e-01 -4.72233258e-03
  -1.02429263e-01  5.26961565e-01 -1.38940420e-02  1.98347151e-01]
 [-4.22902644e-01 -2.49210641e-01 -1.64570957e-01  1.93065405e-02
   3.59870456e-02  2.04065382e-01 -3.23076636e-01 -2.16446161e-01]
 [-4.52032804e-01  4.43593115e-01  3.01363885e-01 -4.77243930e-01
   3.32015544e-01  5.05212545e-01  2.72679865e-01 -3.74080360e-01]
 [-2.18668610e-01  2.59834766e-01  2.70767421e-01  1.99912414e-01
  -4.43549305e-02  2.99041003e-01  2.51667231e-01  2.88643718e-01]
 [ 3.97143096e-01 -3.84522438e-01  2.43253171e-01 -4.25414622e-01
  -8.55486467e-02  2.61825711e-01  2.80698001e-01  3.18900138e-01]
 [-2.94530988e-02 -3.27614874e-01 -1.02426708e-01 -2.58190215e-01
  -1.65597033e-02 -6.10320382e-02  6.40518963e-02  1.59281045e-01]
 [ 2.45708555e-01  3.60161848e-02  1.33915067e-01 -2.49886841e-01
  -3.86340410e-01  2.02847168e-01  3.82287532e-01 -4.26333547e-01]
 [-3.78709882e-01  3.82728219e-01 -1.31790772e-01  3.30246687e-01
   1.91921353e-01 -7.22658709e-02  1.93627000e-01 -3.38482499e-01]
 [-2.34560266e-01 -4.16250020e-01  1.13613598e-01 -2.45189771e-01
  -2.51797378e-01  1.97387800e-01  1.52623251e-01  1.30861610e-01]
 [-4.11319658e-02 -4.63455766e-01  2.85209465e+00  4.42362204e-02
   1.11608252e-01 -1.76582432e+00 -1.25278795e+00 -3.48617464e-01]]
Peso 2:
[ 0.01326507  0.05110046 -0.29848546 -0.00889454 -0.14465912  0.78964067
  0.4206974   0.1091692 ]
Camada: saida
Peso 1:
[[ 0.28073627  0.6823488 ]
 [ 0.44297457  0.7716279 ]
 [ 2.6328366  -1.325646  ]
 [-0.6688737  -0.33100894]
 [ 0.54142565 -0.63595396]
 [-1.4222263   1.3991106 ]
 [-1.0465187   0.85752106]
 [-0.76076865  0.6723959 ]]
Peso 2:
[-0.2263225   0.22632474]



pesos modelo: 
Test loss: 0.0002, Test accuracy: 1.0000
Camada: meio
Peso 1:
[[ 2.01462358e-01  2.56909758e-01 -3.86410505e-01  1.53503567e-01
   1.85638458e-01 -2.60259390e-01 -1.53759360e-01 -3.65347981e-01]
 [-2.01409146e-01  5.30981049e-02  2.18365625e-01  9.22047347e-02
  -4.36409473e-01 -1.06062945e-02  1.64918318e-01  2.78543860e-01]
 [ 1.67769510e-02 -6.49464354e-02  1.84060290e-01 -4.07280549e-02
  -2.81890869e-01  2.62751505e-02  1.64456502e-01 -4.20674562e-01]
 [-3.46751183e-01 -5.26144467e-02  4.03012514e-01 -3.97923529e-01
   4.12685335e-01  6.58853874e-02  2.48985253e-02  5.96405081e-02]
 [-1.00089021e-01  5.84247103e-03  2.17558801e-01  1.48460064e-02
  -1.57110780e-01  1.06394049e-02  1.03250211e-02 -3.71132016e-01]
 [ 1.05651997e-01 -6.85798675e-02  3.56161594e-01 -1.00425081e-02
  -2.91992009e-01  7.96765164e-02  1.57095715e-01  9.80371237e-02]
 [-4.43510145e-01  1.41155943e-01  6.06153846e-01  4.55423743e-01
  -4.16669130e-01  1.05084069e-01 -4.20506865e-01 -2.38254666e-02]
 [ 1.35480613e-01 -4.30188924e-02  5.11868834e-01 -9.24653560e-02
   1.73404232e-01  1.25411361e-01 -1.78742465e-02 -2.54113942e-01]
 [ 6.06367402e-02  1.04036465e-01  4.33243990e-01  2.21704021e-01
   1.28747538e-01  6.62030503e-02  1.30821571e-01  3.54289383e-01]
 [-4.72441792e-01 -9.45505649e-02  7.45189115e-02  1.24034069e-01
   1.22838907e-01 -2.37222249e-03 -1.94934845e-01  3.58724952e-01]
 [-1.89132333e-01  7.40937050e-03  5.82393289e-01 -2.38391832e-01
   3.63843262e-01  1.18579537e-01  1.59020945e-02 -3.38754654e-02]
 [ 8.72040242e-02  5.42286672e-02  4.25647825e-01  3.63787979e-01
  -4.05127913e-01  8.57122466e-02 -4.66419637e-01  1.86577886e-01]
 [ 4.84705657e-01  1.69851929e-02  2.98119336e-01 -2.28958502e-01
  -4.21384543e-01  3.78341600e-02  1.75523847e-01 -7.82031715e-02]
 [-2.78950125e-01 -1.19617358e-01  2.14277342e-01  3.14923316e-01
  -1.27569079e-01  7.21838921e-02 -1.64858192e-01 -8.02240148e-02]
 [-1.25448927e-01 -8.28716308e-02 -6.62161186e-02  2.80655652e-01
   7.04831406e-02 -2.19926778e-02 -3.26978117e-01  2.09191248e-01]
 [ 1.56468958e-01  1.47681475e-01  6.64769292e-01 -4.52906825e-02
   2.51886755e-01  1.19490616e-01 -5.48756599e-01  2.10258216e-01]
 [ 2.33294040e-01  7.99602494e-02  3.27632129e-02 -1.84486821e-01
   4.09213573e-01 -4.71551046e-02 -5.80110960e-03 -1.90339461e-01]
 [ 2.04727829e-01  2.19010301e-02  2.21829563e-02 -2.55513549e-01
   2.52542973e-01 -3.56892645e-02  7.61777088e-02  9.56112146e-02]
 [-1.34557309e-02  1.67584431e+00 -5.67995548e-01  5.17306896e-03
  -4.26855823e-03  3.20003152e+00 -1.82950765e-01  4.20253962e-01]]
Peso 2:
[ 0.02564058  0.02630925  0.7666176   0.13653038  0.05984418 -0.23347002
 -0.339733   -0.17568716]
Camada: saida
Peso 1:
[[-0.3906335   0.42697868]
 [ 0.9926356  -1.1194346 ]
 [-0.48519883  1.4880966 ]
 [ 0.1595994   0.62080204]
 [ 0.13763045  0.45307112]
 [ 2.2922275  -1.9822248 ]
 [ 0.42836753 -0.25022155]
 [ 0.06452803 -0.05619039]]
Peso 2:
[-1.4443998  1.4443983]



pesos modelo: 
Test loss: 0.0002, Test accuracy: 1.0000
Camada: meio
Peso 1:
[[-0.25374436  0.22021154 -0.43208802 -0.10519865 -0.20198062  0.28501216
   0.43602803 -0.14141357]
 [ 0.1719049   0.32383028  0.11254557 -0.08877836  0.45188445 -0.00778377
   0.02083518 -0.4629506 ]
 [ 0.41295072 -0.1402132   0.04486603  0.48364985 -0.42178908  0.37179697
  -0.3337143   0.29132298]
 [ 0.25008637 -0.24750647 -0.3467059  -0.34652925 -0.3546488   0.03088306
  -0.29870203  0.07456727]
 [ 0.13486557 -0.16154228 -0.50948036 -0.29230562 -0.32579026 -0.08637194
   0.16203217  0.313829  ]
 [ 0.2931511   0.06593913 -0.33689874  0.28441212 -0.38844648  0.14689186
   0.2923601   0.02356212]
 [ 0.04241566 -0.12945113 -0.2921423  -0.01603833 -0.04573018 -0.12933975
   0.3941553   0.2946079 ]
 [ 0.47956905 -0.15087639 -0.08688042  0.4093859   0.14324494  0.41224694
  -0.21229151  0.3609156 ]
 [ 0.34512365  0.2498649   0.14910483 -0.08543151 -0.21581872  0.16860352
   0.3935242   0.41673604]
 [ 0.01051478  0.38910726 -0.40805426  0.06270255  0.1113022  -0.00976594
   0.19039568  0.48336056]
 [ 0.24195337  0.20882104 -0.27836654  0.11835744 -0.37193516  0.1443149
   0.24649504  0.39173436]
 [ 0.17685042  0.00380878  0.15518588  0.453294   -0.44318277  0.1506944
  -0.33615068 -0.1741677 ]
 [ 0.16727212  0.4881546  -0.15611854 -0.0033555  -0.17873572  0.02294364
   0.26331127 -0.2700376 ]
 [ 0.43604213  0.14481764  0.04846491 -0.24835409 -0.03957182  0.2367914
   0.17850775  0.3280231 ]
 [ 0.05904103  0.40400848  0.33801126  0.1979749   0.30884376  0.00311778
   0.39865017  0.2262445 ]
 [-0.01736707 -0.43723816  0.27408883  0.3742224   0.01136979 -0.08824895
  -0.03636996  0.2823679 ]
 [ 0.25910586  0.02001507 -0.04123107  0.0852043   0.1649934   0.16679135
  -0.30722606  0.02728729]
 [ 0.40821582  0.22828898 -0.28002086 -0.15824811  0.09699775  0.20154086
  -0.11142669 -0.43196598]
 [-2.0240555  -0.3606227  -0.30949864 -0.6975802  -0.09020237  2.82582
   0.6657257  -0.28035957]]
Peso 2:
[ 0.89909667  0.11286666 -0.19440414  0.34208962  0.01933739 -0.241366
  0.00385126  0.07213192]
Camada: saida
Peso 1:
[[-1.6745522   1.61599   ]
 [-0.5920831   0.04302487]
 [ 0.29692778 -0.38610652]
 [-0.5586374   0.40736812]
 [-0.1909002   0.10045229]
 [ 2.0758824  -1.7652493 ]
 [ 0.8134697   0.10783283]
 [-0.5157254  -0.01422809]]
Peso 2:
[-0.34421     0.34421313]



pesos modelo: 
Test loss: 0.0003, Test accuracy: 1.0000
Camada: meio
Peso 1:
[[-4.42790627e-01  2.11598963e-01  4.69826669e-01  3.43479842e-01
   2.87543833e-02  4.91162241e-02  2.57699519e-01 -2.14219064e-01]
 [-3.26161794e-02  2.31787428e-01 -2.25653067e-01  2.97810555e-01
  -1.18934691e-01  5.27356446e-01 -5.09180129e-02 -4.40102190e-01]
 [ 3.03665221e-01 -1.80238292e-01  7.92251900e-02  4.59437162e-01
   6.35935247e-01  3.67858745e-02 -4.73307163e-01 -1.01880305e-01]
 [ 1.20829612e-01 -8.72257203e-02 -3.75066608e-01  2.65728563e-01
   1.90510049e-01  2.75361568e-01  7.14813098e-02  1.53594598e-01]
 [ 3.74672055e-01  1.92558974e-01 -2.15299785e-01 -4.66773808e-02
   5.57979882e-01 -8.42473060e-02 -2.77843267e-01 -2.46513501e-01]
 [ 2.14879125e-01 -1.11918800e-01  8.44265670e-02 -9.65891182e-02
   6.78684860e-02  3.06225002e-01  2.44850501e-01 -7.12447390e-02]
 [ 3.03624809e-01 -5.25774844e-02 -2.50811338e-01 -1.32495418e-01
   2.92095453e-01  1.15120776e-01 -2.81831592e-01 -1.64655015e-01]
 [ 2.74182647e-01 -7.48789087e-02  2.78556317e-01 -2.01474220e-01
  -3.80077958e-02  4.38434392e-01  1.16775125e-01  4.25422460e-01]
 [ 3.89556319e-01  2.43991390e-01  3.45753491e-01  4.08206850e-01
   3.97327542e-01  4.04136956e-01 -4.31917399e-01  1.83113322e-01]
 [ 3.99579793e-01 -1.43032300e-03  3.40395272e-01  2.06326738e-01
   4.90045309e-01  1.61624521e-01  1.39937392e-02 -4.79689091e-01]
 [ 2.21419394e-01  1.09231845e-01 -1.47888273e-01  1.84866846e-01
   4.81519043e-01 -6.55803680e-02  2.95463651e-01  3.03031951e-01]
 [ 3.75347584e-01 -2.27141634e-01 -4.59778041e-01  2.77556013e-02
   2.64652222e-01  3.30141962e-01  3.42164993e-01 -2.91929007e-01]
 [ 5.69274928e-03 -4.42239016e-01 -1.75228179e-01  2.23506510e-01
   1.87011778e-01  7.34307617e-02 -4.43162829e-01 -9.51052979e-02]
 [-4.21130657e-02 -2.56066948e-01 -1.49339624e-02 -1.86654240e-01
  -1.10941371e-02  1.02075320e-02  4.96979207e-02 -1.14275329e-01]
 [ 8.53801295e-02 -2.83897430e-01  1.81748986e-01  4.35979664e-01
   3.70233446e-01  4.61191647e-02 -3.61893207e-01  7.00191855e-02]
 [-2.30997607e-01 -1.25218838e-01  2.05201179e-01  3.60140234e-01
  -8.74347687e-02  2.42762759e-01 -7.51434118e-02  3.46921325e-01]
 [-2.35571235e-01 -1.67624339e-01  1.05324909e-01 -2.70037264e-01
  -9.65617374e-02 -1.42198369e-01 -6.61125407e-02 -4.11778331e-01]
 [ 4.05786037e-01 -2.92933322e-02 -4.15395647e-01 -2.48637363e-01
   8.39949995e-02  4.32001680e-01 -4.77661043e-01 -2.23579496e-01]
 [ 2.06245852e+00 -1.99804738e-01 -2.23820694e-02  1.35491467e+00
  -1.96516025e+00 -1.74124312e+00  2.99095213e-01  2.08409861e-01]]
Peso 2:
[-0.21593735 -0.21090902 -0.05160897  0.05611115  0.8712191   0.65412074
 -0.09589687 -0.06325415]
Camada: saida
Peso 1:
[[ 1.2263391  -1.7531439 ]
 [ 0.7062033  -0.70055723]
 [-0.48270047 -0.10790217]
 [ 1.1456351  -0.4937088 ]
 [-1.6396269   1.569093  ]
 [-1.6017288   0.8672348 ]
 [-0.41238934 -0.1447127 ]
 [-0.02117231  0.1743897 ]]
Peso 2:
[-0.1549789   0.15498179]



pesos modelo: 
Test loss: 0.0002, Test accuracy: 1.0000
Camada: meio
Peso 1:
[[-7.28639364e-02  3.53468865e-01 -3.99259925e-01 -1.26446724e-01
  -3.94748449e-02 -2.81679511e-01 -1.06901497e-01 -4.40988213e-01]
 [ 4.06196475e-01  1.99858785e-01  3.86814252e-02  3.84175450e-01
   3.63785386e-01  4.44059730e-01  3.02295744e-01  1.48281202e-01]
 [ 1.76633701e-01  3.23121339e-01  2.59479493e-01 -4.52453107e-01
   2.63075083e-01  3.44915479e-01 -3.43189836e-01 -3.29562932e-01]
 [-8.55944976e-02  6.47530928e-02 -2.54328530e-02  4.32257414e-01
   2.13256538e-01 -1.70556411e-01  1.61719307e-01 -2.37597689e-01]
 [ 2.70619661e-01  4.58816951e-03 -1.16433203e-01  2.53160149e-01
   2.05074236e-01 -1.84596270e-01 -1.21748731e-01 -3.54743414e-02]
 [-1.74049020e-01  2.55417138e-01  4.08998668e-01 -3.84159565e-01
   1.28474280e-01 -3.51138532e-01  1.37860045e-01  1.37498239e-02]
 [ 3.91939312e-01  4.19868439e-01  4.40774709e-01  4.82560508e-03
   2.90177077e-01 -2.15901390e-01  1.32791802e-01 -9.75270271e-02]
 [-7.51365945e-02 -6.03661463e-02 -1.33128732e-01 -2.01617211e-01
   1.63763538e-01 -7.28287399e-02 -3.14965956e-02  4.71671551e-01]
 [ 3.23099524e-01  1.98437553e-02  3.74009430e-01  1.88821629e-01
  -1.01719121e-03 -1.99572012e-01 -3.60541403e-01  3.87418866e-01]
 [ 2.75343299e-01  2.16461420e-01 -1.19728014e-01 -3.52899909e-01
   3.96687537e-01 -1.46609992e-01 -2.40206853e-01  4.05573338e-01]
 [-3.96077484e-01  7.15929568e-02  1.78516015e-01 -3.36645126e-01
   7.65404552e-02 -1.09455541e-01  3.54800761e-01  1.92456484e-01]
 [-3.85587573e-01  2.09972784e-01  2.55704939e-01 -3.57371926e-01
   1.21732019e-01 -2.61034891e-02  4.49210256e-01 -3.53402734e-01]
 [-4.38340247e-01 -9.08081308e-02  5.43949343e-02  3.99543583e-01
   7.08183423e-02 -8.77004564e-02 -1.07820950e-01  4.22740579e-01]
 [-1.96302235e-01  3.68351132e-01  1.68798026e-02  2.88062960e-01
   4.64931160e-01 -2.33913541e-01  4.64534670e-01 -4.47361022e-02]
 [-3.72330576e-01 -1.68598920e-01 -9.75455791e-02 -8.19093585e-02
   2.12193634e-02 -1.15335314e-02  3.25709224e-01  4.67510045e-01]
 [-2.59118438e-01  2.19946608e-01  4.27850783e-01  2.54136473e-01
   1.41131103e-01  3.54580551e-01 -1.83508396e-01 -2.22324938e-01]
 [ 1.85936436e-01  2.51853257e-01  2.32228652e-01 -4.04679924e-01
   1.92769885e-01 -3.44796479e-01 -3.35846633e-01 -1.85008928e-01]
 [-4.23850328e-01  2.86889076e-01  3.35509211e-01 -1.94141224e-01
   2.13396177e-01  3.90060812e-01 -3.61762285e-01 -4.29629758e-02]
 [ 1.53271407e-01  2.41056323e+00 -1.34856868e+00  2.48777837e-01
  -2.18276024e+00  2.79950351e-01 -1.03352576e-01  3.71682614e-01]]
Peso 2:
[-1.9245900e-02 -2.7792913e-01  5.0400054e-01 -4.9126666e-02
  9.4700617e-01  3.8848571e-02  2.7875956e-03  5.9267308e-04]
Camada: saida
Peso 1:
[[ 0.32600638  0.37263665]
 [ 1.7730123  -1.680574  ]
 [-0.1808387   1.7016108 ]
 [ 0.4784616  -0.27588114]
 [-1.9088035   1.6199448 ]
 [-0.08827579 -0.35119182]
 [-0.5011531  -0.403808  ]
 [ 0.6785282   0.26578388]]
Peso 2:
[-0.23884638  0.23884861]



pesos modelo: 
Test loss: 0.0001, Test accuracy: 1.0000
Camada: meio
Peso 1:
[[ 0.29766825  0.13981703  0.2278963  -0.37660187 -0.24493243  0.11587515
  -0.24537446  0.20671836]
 [ 0.175373   -0.38600278 -0.28345808  0.11225172 -0.10145709 -0.15381823
   0.12846705 -0.04033218]
 [-0.41390106  0.35324916 -0.415161    0.40082893 -0.37580222  0.05257294
   0.49672398  0.06463066]
 [ 0.36036262 -0.14081343 -0.19010577  0.01878861  0.34721777 -0.17624103
   0.00691253 -0.34139812]
 [ 0.3168956  -0.25445807 -0.16362686  0.1440366   0.24002136  0.14421171
   0.34584177  0.45151472]
 [-0.36796707  0.11732529 -0.354492   -0.07622412  0.28168854  0.20712401
   0.21138613  0.4713313 ]
 [-0.24416454 -0.4257961  -0.12486463  0.00514659  0.388323    0.06254154
   0.10030517 -0.3329118 ]
 [ 0.37570208  0.1044021   0.07954165  0.3662153   0.08307475  0.10271763
   0.4381563  -0.06181517]
 [ 0.19770394  0.25089478 -0.44049516  0.270487   -0.22890437  0.23479494
   0.4733914   0.508143  ]
 [-0.04745018 -0.35415515  0.11479788  0.13786055  0.16538303  0.24725662
   0.2968202  -0.14773276]
 [ 0.04050526 -0.04005484  0.42372727  0.06353621  0.41013762 -0.30244854
   0.0390544  -0.14106445]
 [ 0.43109402 -0.4220612   0.06251981  0.06234387  0.0353009   0.32148182
   0.24835764 -0.05897345]
 [-0.2734277  -0.21941659 -0.34366655  0.31088236  0.1602821   0.12007849
   0.37700748 -0.24571235]
 [-0.18191262 -0.44086665 -0.14870441 -0.230224    0.04874576  0.39191362
   0.0078353  -0.3431197 ]
 [ 0.12126539 -0.0222413   0.12881114  0.01640882 -0.32129183  0.30829877
   0.20222268 -0.13941613]
 [ 0.4126003  -0.08696955 -0.3781126   0.12092841  0.41870695  0.12416642
   0.2716225   0.19883929]
 [-0.0291436   0.00779043 -0.18973845  0.38820988  0.24539989  0.07234661
   0.47910884  0.12462798]
 [ 0.27302125  0.05674463  0.4313089   0.03617231 -0.27680784 -0.21509068
   0.094084    0.4280843 ]
 [-0.39488122 -0.06932817  0.41939816  2.2108183   0.09646666  0.9793706
  -2.4707086   0.7153933 ]]
Peso 2:
[-0.04747654 -0.11545844  0.01285394 -0.26951075 -0.00446733 -0.08502612
  1.0673679   0.0915668 ]
Camada: saida
Peso 1:
[[-0.24061342  0.02397254]
 [ 0.6612787  -0.5643672 ]
 [-0.19983901 -0.47298   ]
 [ 1.5641922  -1.6439772 ]
 [ 0.5763708   0.5167515 ]
 [ 0.84568465 -0.6561765 ]
 [-2.0258737   1.8984796 ]
 [ 0.1607227  -0.53513885]]
Peso 2:
[-0.27685383  0.27685648]



pesos modelo: 
Test loss: 0.0002, Test accuracy: 1.0000
Camada: meio
Peso 1:
[[ 0.4183828  -0.08693838 -0.09345147 -0.21749672 -0.4173526   0.22157553
   0.21776828 -0.0243111 ]
 [ 0.08653148 -0.35599306  0.19670276  0.1313526  -0.02367618 -0.02101238
  -0.11064964 -0.03756749]
 [-0.09345918  0.20475668 -0.0879323   0.3302252   0.18524194  0.19107574
   0.10522603 -0.44385588]
 [-0.38587305  0.33818972  0.16319104  0.12390004  0.3425543   0.10753373
  -0.13248639  0.18368334]
 [ 0.13630517 -0.10356203  0.03317774 -0.00433087  0.19538988 -0.04056504
  -0.46911916  0.32195857]
 [-0.23253672 -0.2115407  -0.30690476  0.3590724  -0.14676183  0.09735525
   0.30449313  0.26997268]
 [ 0.04463913  0.46445468 -0.5036728   0.07472232  0.24077237  0.0369922
  -0.19665913  0.05021525]
 [-0.1306864   0.23406637  0.08765043  0.01818165  0.45127782  0.07627142
   0.16697647 -0.26258346]
 [-0.32342255 -0.34980315  0.34992996  0.2524763   0.29769588  0.19813032
  -0.0256687   0.03937027]
 [-0.36093727 -0.19981542 -0.06386349  0.09104609  0.11036799  0.0143174
  -0.445898   -0.11768671]
 [ 0.17686461 -0.10739094 -0.14073944  0.425645    0.25046116  0.30266824
  -0.47103557 -0.39913797]
 [-0.01790123 -0.34003115 -0.49940604  0.31554446 -0.14347014  0.07160404
  -0.29771772 -0.16986021]
 [-0.09525292 -0.14447308 -0.21779801  0.20018363  0.43673447  0.2123711
   0.10112796 -0.02630056]
 [ 0.14057261  0.0259722  -0.30024832 -0.11843872  0.5793948   0.04965747
   0.33109164  0.04291717]
 [-0.13388988  0.31333557  0.04966638  0.47013274 -0.12994476  0.19309725
  -0.2516759  -0.28069887]
 [-0.06903764 -0.0046448   0.17915018  0.40614486 -0.34527323  0.05142416
   0.04555106  0.40863752]
 [-0.03955876  0.17637461  0.3398791   0.0701797  -0.25459334 -0.15956281
   0.19418688 -0.2718028 ]
 [-0.39867002 -0.31567973  0.3901297   0.40942916  0.28870967  0.31346384
  -0.46940708 -0.23617974]
 [-0.39666498  0.26497722 -0.29521    -1.9929694  -1.017338    2.8128197
  -0.27671385 -0.09725876]]
Peso 2:
[-0.17023689 -0.02731797 -0.11200282  0.8644632   0.5182091  -0.2781401
 -0.06190885  0.0194352 ]
Camada: saida
Peso 1:
[[ 0.70146435 -0.71997505]
 [-0.31411684 -0.43199143]
 [ 0.24823578  0.26636174]
 [-1.1021936   1.9062742 ]
 [-0.6165201   1.0563984 ]
 [ 1.8518105  -2.0966516 ]
 [-0.391558   -0.5803007 ]
 [ 0.02152371  0.2316459 ]]
Peso 2:
[-0.33619952  0.33620223]



pesos modelo: 
Test loss: 0.0001, Test accuracy: 1.0000
Camada: meio
Peso 1:
[[ 0.04042849  0.31188205  0.453056    0.28142777  0.07749185  0.4065927
   0.25837567  0.40949598]
 [ 0.37786543  0.30025893 -0.09099982 -0.10583223  0.17702396 -0.24042864
   0.5056396   0.30082732]
 [ 0.05837686 -0.11257426 -0.3685333  -0.09545362 -0.01920924 -0.3305477
   0.07207738  0.2160018 ]
 [ 0.11065989  0.16875267 -0.43793738  0.09035382  0.02863616 -0.42514786
   0.3052439   0.07187863]
 [-0.24150513  0.04790753  0.03007595  0.29735285  0.03367899  0.49495336
   0.2164258  -0.4129539 ]
 [-0.38328323  0.23956926  0.23722528 -0.5052362  -0.01325097  0.49009818
   0.28686562  0.10197723]
 [-0.28590056 -0.08397123  0.27112362  0.28184265  0.3053133   0.24874237
   0.37706983 -0.14678653]
 [ 0.3403079   0.2661942  -0.251603   -0.34625706 -0.01862567  0.08915516
   0.27490637 -0.06156341]
 [-0.12599675  0.07269695  0.1638416   0.09074274  0.04041983  0.14173774
   0.21709533 -0.33730707]
 [ 0.32553816  0.37130696 -0.26000178 -0.44708368 -0.10291336 -0.10319047
   0.2755101  -0.00436862]
 [-0.20737208  0.01129391 -0.1914693  -0.21006183 -0.01590926  0.23170497
   0.12248518  0.02821489]
 [ 0.0994642  -0.21408942 -0.20183416 -0.30026895 -0.02307087  0.23333283
  -0.07223038  0.14124724]
 [ 0.00461189 -0.151898   -0.03332723  0.13389584  0.16895188 -0.26250675
   0.19411999  0.00735912]
 [ 0.50186014  0.3115366  -0.29540947 -0.28764176  0.09359346 -0.22385252
   0.39195952 -0.30545038]
 [ 0.23118912 -0.10509951 -0.03312571  0.00833949  0.03056123 -0.37885544
   0.08152299 -0.1844972 ]
 [ 0.2919706   0.08626719  0.13822702 -0.36958376  0.34402925 -0.2835537
   0.5109731   0.06624639]
 [-0.16985096  0.03997212 -0.21311761  0.11955535 -0.04185437 -0.3350052
   0.16984685 -0.18945107]
 [ 0.5096564   0.24864711 -0.1733587   0.12268449  0.11269695 -0.1715378
   0.36247647  0.08644552]
 [ 0.14501704  1.9442706  -0.41423044 -0.11830587  2.2721143  -0.1884147
  -2.0864015  -0.0328299 ]]
Peso 2:
[ 0.05886675 -0.17347382 -0.1750193  -0.18541723 -0.1413757   0.10482199
  0.9832943  -0.08624458]
Camada: saida
Peso 1:
[[ 0.43887943  0.67433095]
 [ 1.262813   -1.2004108 ]
 [ 0.6244252  -0.4908978 ]
 [ 0.49267715 -0.51049316]
 [ 1.308655   -1.7394066 ]
 [-0.5675088   0.17980745]
 [-1.5103896   1.8811386 ]
 [-0.02588197 -0.15209755]]
Peso 2:
[-0.50422144  0.50422245]
