


pesos modelo: 
Test loss: 0.0030, Test accuracy: 1.0000
Camada: meio
Peso 1:
[[-4.61372316e-01  1.91157639e-01  4.64948595e-01 -1.52261466e-01]
 [-3.04805953e-02 -4.69841957e-01  2.32319883e-03 -2.22184248e-02]
 [-3.99890654e-02  4.86061096e-01  3.01986211e-03  5.29396832e-02]
 [ 2.67751236e-02  3.12146336e-01  2.96771643e-03 -7.81609770e-03]
 [-8.39276239e-02 -1.38767473e-02  3.04566510e-03  3.09508275e-02]
 [ 1.96812022e-02  3.31916928e-01  2.80349399e-03 -3.07252584e-03]
 [-3.21912870e-04  1.29136533e-01  1.83486019e-03  2.00888701e-02]
 [-7.27412328e-02 -7.78699443e-02  2.33783131e-03  8.52408912e-03]
 [-3.37894484e-02  2.11681381e-01  3.26676248e-03 -7.52090812e-02]
 [-8.52524117e-02  2.33496483e-02  1.88908656e-03  1.19473867e-01]
 [-1.23640953e-03 -2.22484156e-01  1.41676725e-03  2.57313289e-02]
 [ 9.17405542e-03 -1.70712993e-01  2.89485883e-03 -1.02884196e-01]
 [-9.01456103e-02  2.13622093e-01  2.24103685e-03  1.18732452e-01]
 [-3.16843465e-02 -4.51666772e-01  2.46773358e-03 -6.60374090e-02]
 [ 2.35013459e-02  2.90578008e-01  2.56202766e-03 -8.39622319e-02]
 [-1.55667635e-02  2.58165807e-01  2.79159192e-03 -7.26513192e-02]
 [ 3.62824239e-02 -4.19201314e-01  2.71957670e-03 -8.38876516e-02]
 [ 4.84107994e-02 -3.38686019e-01  1.41207292e-03  3.44771110e-02]
 [ 1.79787254e+00 -4.63032424e-01  2.70000601e+00  1.67275441e+00]]
Peso 2:
[ 0.02280497  0.00835877 -0.02888868 -0.14626926]
Camada: saida
Peso 1:
[[ 1.2969409  -0.87896043]
 [-0.22548     0.19935553]
 [ 1.5660924  -1.9344497 ]
 [ 0.99854803 -0.8499999 ]]
Peso 2:
[-3.2770958  3.2771006]



pesos modelo: 
Test loss: 0.0002, Test accuracy: 1.0000
Camada: meio
Peso 1:
[[ 0.28262115  0.10528511  0.13952291  0.08178765]
 [ 0.23990148 -0.12109236  0.25367635  0.08704364]
 [ 0.40417075 -0.03201391  0.43423715  0.22523841]
 [ 0.33216298  0.34045422  0.08278591  0.34980306]
 [-0.00819893  0.12090516 -0.10062468  0.3772214 ]
 [ 0.4306104   0.03689323  0.2518255  -0.06711698]
 [ 0.14379805  0.05398649 -0.09075437 -0.04895346]
 [ 0.28563854  0.15914355  0.1589741   0.2736306 ]
 [ 0.5569172   0.3319331   0.2632514   0.16365078]
 [ 0.42629233  0.21235202  0.08482967 -0.11132572]
 [ 0.143039    0.29251784 -0.02355693  0.4656469 ]
 [ 0.13423516  0.02685442  0.22823171  0.44553334]
 [-0.07943092 -0.300471    0.16018711  0.22489329]
 [ 0.4229293   0.2880016   0.34956366  0.49201784]
 [ 0.39198455 -0.14158636  0.44217896  0.02889261]
 [-0.1258784  -0.17799374 -0.30344427 -0.23012938]
 [ 0.39517713  0.44976127 -0.05380261  0.16381387]
 [ 0.07607284 -0.12147679  0.15512373  0.18119538]
 [-1.9085972   2.0087948   2.149622   -1.0840756 ]]
Peso 2:
[ 0.89887553 -0.01687622 -0.34548905  0.33296192]
Camada: saida
Peso 1:
[[-1.5327024   1.600291  ]
 [ 0.77266353 -1.80432   ]
 [ 1.8176115  -0.9641211 ]
 [-0.1671775   1.4072047 ]]
Peso 2:
[-0.52255535  0.52255875]



pesos modelo: 
Test loss: 0.0001, Test accuracy: 1.0000
Camada: meio
Peso 1:
[[ 0.4728369   0.03898633  0.01572895 -0.00993073]
 [-0.02243928  0.06362777  0.11541267  0.08013044]
 [ 0.14888436 -0.22613905 -0.10640211  0.20979781]
 [ 0.30994368 -0.38762498 -0.15088974  0.2978525 ]
 [ 0.33896422  0.2148188   0.449424    0.22105698]
 [ 0.22206523 -0.17873785 -0.20970125  0.25297344]
 [ 0.4316847  -0.02808737  0.25226715  0.29123542]
 [ 0.324441   -0.49528587  0.13296539  0.27684492]
 [-0.23285806 -0.33500135 -0.38034022  0.03602786]
 [ 0.53596824  0.05153927 -0.09348846  0.38205343]
 [ 0.40354937  0.3630324   0.41481364  0.23705366]
 [ 0.10780006 -0.3693711   0.13566165  0.15465665]
 [ 0.27163872  0.39054167 -0.06485961  0.22269507]
 [ 0.40723076  0.08925389 -0.2708623   0.319818  ]
 [ 0.56378037  0.23757002 -0.29614252  0.3974601 ]
 [ 0.6233422   0.06000673  0.46108946  0.3609824 ]
 [ 0.6466645  -0.02236578 -0.03014758  0.4351578 ]
 [ 0.3806981   0.3736107  -0.2531286   0.29500905]
 [ 1.4427472  -0.21103022 -0.3807414  -3.159743  ]]
Peso 2:
[ 1.4559129e-01  9.1863051e-02 -2.7918987e-04  1.2664869e+00]
Camada: saida
Peso 1:
[[ 1.0233078  -1.4616435 ]
 [-0.96018434 -0.52904713]
 [-0.8129357   0.59043795]
 [-2.285153    2.5160606 ]]
Peso 2:
[ 0.3980581  -0.39805678]



pesos modelo: 
Test loss: 0.0002, Test accuracy: 1.0000
Camada: meio
Peso 1:
[[-1.24427021e-01  1.80563509e-01 -3.22911441e-01 -5.05698025e-01]
 [ 1.13115296e-01  2.08494157e-01  4.58475709e-01 -3.90373766e-02]
 [-4.72933471e-01  7.80470595e-02  2.58192182e-01 -2.45964706e-01]
 [-3.91141057e-01 -9.74653438e-02  2.71827076e-02  9.05285496e-03]
 [-4.11811620e-02 -1.34005472e-01 -4.05924059e-02 -3.97987336e-01]
 [ 3.80032271e-01  3.38665508e-02  2.05110267e-01 -1.66841671e-02]
 [-3.64383608e-01  1.62350073e-01  3.98730218e-01  2.47473076e-01]
 [-4.24373239e-01  1.15075082e-01  3.34399819e-01  2.24329948e-01]
 [ 3.33857864e-01  4.85792160e-02  2.36134842e-01  3.87824476e-01]
 [-4.18463588e-01 -7.52357543e-02  6.57655150e-02  4.23836410e-01]
 [ 2.48359904e-01  3.47961307e-01  6.30862892e-01 -2.76083946e-01]
 [ 2.92696297e-01  1.32129580e-01  3.25385571e-01 -4.12447721e-01]
 [-3.04210246e-01  1.42984837e-01  3.49066138e-01  5.86489998e-02]
 [ 4.27248031e-01  1.96827695e-01  4.22164589e-01  2.49988005e-01]
 [-3.06737304e-01  7.15184351e-03  1.48129806e-01 -7.08515868e-02]
 [-2.19697610e-01  3.30954492e-01  6.28802478e-01  6.97893202e-02]
 [-1.43279329e-01  8.18499946e-04  1.59733206e-01  4.31601629e-02]
 [ 2.60632157e-01  1.30925417e-01  3.09643507e-01 -2.24665940e-01]
 [ 2.92961031e-01  3.16356421e+00 -1.81979489e+00  3.24175417e-01]]
Peso 2:
[-3.1336926e-02 -2.8946242e-01  8.9619517e-01 -8.3231326e-04]
Camada: saida
Peso 1:
[[-0.38693932 -0.35666585]
 [ 2.7201138  -1.4402523 ]
 [-2.1065514   0.9747051 ]
 [ 0.7977675   0.58215   ]]
Peso 2:
[-0.5479117   0.54791343]



pesos modelo: 
Test loss: 0.0001, Test accuracy: 1.0000
Camada: meio
Peso 1:
[[ 0.06205225  0.32920867 -0.43775284  0.27318364]
 [ 0.09633251  0.4379463  -0.091327    0.20238766]
 [-0.14194235  0.34834927  0.24463423  0.28605598]
 [ 0.29100066  0.31677574 -0.29365042 -0.03470969]
 [-0.36134642  0.41025314  0.08474158  0.2850879 ]
 [-0.3974543   0.15262695  0.4780095   0.25646165]
 [-0.45523226  0.38673767 -0.23062105  0.13708274]
 [-0.00733971  0.15466432  0.24955283  0.11008241]
 [ 0.264076    0.2744941   0.14147344  0.16774395]
 [ 0.3755783   0.25927904 -0.28920153 -0.0812031 ]
 [ 0.35607252  0.49815446  0.02462703  0.31012815]
 [-0.12589926  0.3023369   0.4513876   0.3691951 ]
 [-0.2754495   0.26020798  0.1094769   0.18142028]
 [-0.16256273 -0.2387808   0.45522088 -0.11129069]
 [ 0.1591791   0.22837067  0.3867115   0.27054042]
 [ 0.45512345 -0.01141234  0.20692348 -0.095994  ]
 [ 0.20268649  0.17323513  0.4641322   0.22175878]
 [ 0.31693476  0.07214959  0.15272027 -0.00942096]
 [ 0.24163209 -2.2889793  -1.2974211   2.5578344 ]]
Peso 2:
[ 0.00201469  0.7533502   0.5279127  -0.26702702]
Camada: saida
Peso 1:
[[-0.46688733 -0.78622246]
 [-1.9293318   1.4274137 ]
 [ 0.01178586  1.8795428 ]
 [ 1.475749   -2.0609972 ]]
Peso 2:
[-0.13360451  0.13360575]



pesos modelo: 
Test loss: 0.0009, Test accuracy: 1.0000
Camada: meio
Peso 1:
[[ 5.4652333e-02 -2.4008712e-01  3.1928575e-01  2.0999771e-01]
 [-4.4312084e-01 -1.2138124e-04  4.0044942e-01  8.1379279e-02]
 [-4.0035155e-01  9.8740013e-05  3.4832120e-01  2.0447113e-01]
 [ 2.6299128e-01 -4.8895727e-05 -2.0780227e-01 -4.0548295e-01]
 [ 2.4089879e-01  1.5803949e-05  3.5260621e-01  1.1665380e-01]
 [-5.2307069e-01 -8.5178781e-06 -2.1045399e-01  3.6065570e-01]
 [-4.1283306e-01  9.5025644e-05 -2.2499336e-01 -2.3252097e-01]
 [ 1.4414130e-01 -6.9823727e-05  1.9434135e-02 -4.1016656e-01]
 [ 1.7189628e-01  8.1748054e-05  3.0651001e-02 -4.5751280e-01]
 [-3.2286620e-01  3.7967300e-05 -5.0547999e-01 -7.6660082e-02]
 [ 2.8650132e-01 -3.8720184e-05 -3.7985125e-01  3.3212948e-01]
 [-1.0598247e-01 -2.0845113e-05 -3.8238421e-01  1.7213926e-01]
 [ 1.9270170e-01 -1.0676192e-04 -4.6941340e-01 -2.5504205e-01]
 [-4.2634645e-01  4.3064563e-05  3.0760181e-01 -3.5161045e-01]
 [-3.0282292e-01  6.0553688e-05  3.8920757e-01 -2.0773071e-01]
 [-2.8335046e-02 -1.8331448e-06 -6.4036578e-02 -4.4789654e-01]
 [-2.5646719e-01 -7.6197670e-05 -4.6159300e-01 -2.6962933e-01]
 [-3.7087014e-01 -2.0371903e-05 -4.0191695e-01 -5.2300525e-01]
 [-6.6053611e-03  3.3475966e+00 -4.7091487e-01  2.0608476e-01]]
Peso 2:
[-1.5005353e-01 -1.0537894e-04 -1.2707491e-01 -1.5223037e-01]
Camada: saida
Peso 1:
[[ 0.57509834  0.05147815]
 [ 2.0993185  -2.547745  ]
 [-0.7003783  -0.6512096 ]
 [-0.0324467  -0.8559698 ]]
Peso 2:
[-3.2857337  3.2857337]



pesos modelo: 
Test loss: 0.0002, Test accuracy: 1.0000
Camada: meio
Peso 1:
[[ 1.72767818e-01  8.56489539e-02  3.72163117e-01  5.07032275e-02]
 [ 5.09571314e-01  2.70503033e-02  3.74271944e-02  1.11941449e-01]
 [ 3.13336760e-01  1.65674705e-02 -2.45925249e-03 -3.40672612e-01]
 [ 6.55141890e-01  3.01678460e-02  1.08885296e-01  2.38527611e-01]
 [ 2.95957059e-01  1.43521847e-02  8.25973053e-04 -3.36666524e-01]
 [ 3.04967970e-01  1.58857759e-02  1.04994478e-03 -4.50424463e-01]
 [ 1.00591749e-01 -5.30613819e-03  4.55466844e-02  1.05024926e-01]
 [ 9.84795042e-04 -4.96269763e-03 -2.14934833e-02  7.94627070e-02]
 [ 1.75118938e-01  2.70903739e-03  3.69177051e-02 -3.61400723e-01]
 [ 5.08144140e-01  2.84701306e-02  5.60319982e-02 -4.38745260e-01]
 [ 4.19147909e-02 -6.77190768e-03  1.50577389e-02  4.23819065e-01]
 [ 3.37115899e-02 -2.26710312e-04 -1.63588692e-02 -4.25577819e-01]
 [ 2.80528963e-01  1.01059731e-02  4.15375084e-02  1.86800092e-01]
 [ 4.09778208e-01  1.74955167e-02  8.49102810e-02 -2.92167693e-01]
 [-1.89346477e-01 -1.65059119e-02 -4.02974598e-02  6.83701336e-02]
 [ 2.75379121e-01  1.32603459e-02  1.18841808e-02 -2.77611852e-01]
 [-6.90329745e-02 -1.59892049e-02  3.06434296e-02 -1.12356678e-01]
 [ 2.40144655e-01  1.23048946e-02  4.17568581e-03  3.98350626e-01]
 [-3.57201666e-01  2.99234009e+00  2.13215733e+00  5.56608558e-01]]
Peso 2:
[ 0.49013117 -0.04637203 -0.15178323 -0.01429969]
Camada: saida
Peso 1:
[[-1.0987322   0.5215663 ]
 [ 1.9642706  -1.9498954 ]
 [ 1.0504541  -1.4988168 ]
 [-0.09051926 -0.29696938]]
Peso 2:
[-2.386056   2.3860567]



pesos modelo: 
Test loss: 0.0001, Test accuracy: 1.0000
Camada: meio
Peso 1:
[[ 1.38287246e-01  6.03008866e-02 -1.61414802e-01 -3.96117836e-01]
 [ 2.01944515e-01 -3.11134998e-02 -1.46388531e-01  1.51415560e-02]
 [ 3.99733484e-01  3.82285528e-02 -1.64566208e-02 -1.65744945e-01]
 [ 1.70468271e-01  3.59951779e-02  1.76536635e-01  3.53319377e-01]
 [ 1.57382548e-01  6.62715361e-02  3.74140441e-01  3.78542095e-02]
 [ 1.96615309e-01  1.00594953e-01  4.69978631e-01  1.84005484e-01]
 [-1.26848638e-01  3.18428166e-02  4.61770505e-01  3.73365849e-01]
 [ 5.37644207e-01  7.01107383e-02 -2.60621421e-02 -3.69061947e-01]
 [ 2.41400927e-01  1.76299699e-02  2.67142970e-02 -2.64234887e-03]
 [-5.52300774e-02  6.12788089e-03  3.18733573e-01 -5.16817331e-01]
 [ 6.43146515e-01  7.07086250e-02 -1.44331127e-01 -3.99421006e-01]
 [ 3.76659110e-02 -1.10080391e-02  1.36493102e-01 -4.82676774e-01]
 [ 3.50132912e-01 -1.11731286e-04 -1.98055893e-01  5.81413973e-03]
 [ 5.82684696e-01  3.96980755e-02 -2.56540328e-01 -3.29631954e-01]
 [-6.61333324e-03  1.04428001e-01  6.66462541e-01  1.11958690e-01]
 [ 5.09968102e-01  1.89733505e-01  5.12603402e-01  6.54668435e-02]
 [ 2.92911977e-01  3.87596041e-02  5.48801012e-02 -3.24399285e-02]
 [-6.73976615e-02  4.17881794e-02  4.50768232e-01  4.19361070e-02]
 [-5.54395735e-01  3.49012876e+00 -8.94890070e-01 -1.24745116e-01]]
Peso 2:
[ 0.5798038  -0.21828099  0.6259539  -0.15197839]
Camada: saida
Peso 1:
[[-0.17740737  1.5213604 ]
 [ 2.1582124  -2.4735203 ]
 [-0.5515581   1.004032  ]
 [-0.7318241   0.71857405]]
Peso 2:
[-1.0843763  1.0843762]



pesos modelo: 
Test loss: 0.0003, Test accuracy: 1.0000
Camada: meio
Peso 1:
[[-2.5943711e-01 -3.1414694e-01 -3.9526129e-01 -2.4701688e-01]
 [-4.0635929e-01  2.1319424e-01  2.0561231e-02  4.1719505e-01]
 [ 3.0621529e-01  3.3810288e-01  1.0659902e-01  3.2403920e-02]
 [ 2.2292589e-01  5.1074022e-01  2.0323384e-01  3.7947601e-01]
 [ 3.0706057e-01  4.5241088e-01  1.6651346e-01 -3.5276569e-02]
 [-1.1314307e-01  5.6179535e-01  2.2067577e-01 -4.4855502e-01]
 [ 3.6979711e-01  3.1792155e-01  1.0687127e-01 -1.1833826e-01]
 [-3.7821499e-01  6.2651306e-01  2.5647667e-01  3.8315392e-01]
 [ 1.9997665e-01  4.0411493e-01  1.5099923e-01  2.3907931e-01]
 [-2.0405103e-01  4.7977141e-01  1.8056409e-01  5.3365980e-03]
 [-1.4591487e-01  2.5348541e-01  5.5370614e-02 -1.6317822e-01]
 [-3.8512051e-01  2.0258173e-01  1.6965605e-02  1.5441768e-01]
 [-2.0787711e-01 -5.6760418e-03 -8.7363750e-02  3.2132778e-01]
 [ 2.7496982e-01  4.0032771e-01  1.5389171e-01 -1.2502354e-01]
 [-3.9637902e-01  3.7813443e-01  1.2080699e-01 -2.7685830e-01]
 [-4.6440348e-01 -5.0017866e-04 -1.0105549e-01 -3.3962554e-01]
 [ 2.2088309e-01  3.1907713e-01  9.3376473e-02 -6.4473242e-02]
 [-4.3262503e-01  6.1899643e-02 -4.9142543e-02 -2.8354204e-01]
 [ 1.0199945e-01 -1.6239036e+00  3.1709671e+00 -2.9718533e-01]]
Peso 2:
[-0.13474958  0.8471411  -0.3418524  -0.09143291]
Camada: saida
Peso 1:
[[-0.24136858  0.82038724]
 [-1.8249366   0.9932865 ]
 [ 2.3597088  -2.1297278 ]
 [ 0.30074832  0.39106318]]
Peso 2:
[-0.53337437  0.53337693]



pesos modelo: 
Test loss: 0.0002, Test accuracy: 1.0000
Camada: meio
Peso 1:
[[ 0.01736009 -0.2626803  -0.09006885 -0.39175263]
 [ 0.07306382  0.17689738  0.13933297  0.37425327]
 [-0.4859488   0.08187773  0.14120428  0.05167523]
 [-0.3269842   0.13827914  0.07135467 -0.08598309]
 [-0.31511015  0.02445457  0.1614764   0.01857409]
 [ 0.0163175   0.11316545  0.10299756  0.02748106]
 [ 0.10962272  0.03801683  0.1668231   0.24460003]
 [-0.10200012  0.12140066  0.19944307  0.57930064]
 [-0.15008748  0.22469682  0.11529291  0.4993048 ]
 [-0.25449887  0.20347176  0.09193255  0.27298456]
 [-0.30620378  0.13078247  0.20287792  0.6970366 ]
 [-0.22723112  0.11986904  0.15982893  0.45384958]
 [ 0.10258463  0.06996766  0.06437491 -0.20635083]
 [-0.49572027 -0.00897214  0.10909813 -0.15375258]
 [ 0.45647785  0.12575792  0.03652983 -0.15766093]
 [ 0.07940899  0.13716976  0.19125462  0.5990776 ]
 [ 0.17096195  0.06444202  0.20077074  0.45888832]
 [-0.40665197  0.14030479  0.05388638 -0.07512349]
 [-0.350826   -1.9177432  -2.9130492   0.52783406]]
Peso 2:
[0.0536082  0.8109025  1.6696571  0.39325473]
Camada: saida
Peso 1:
[[-0.62416345  0.14569378]
 [-1.0142264   1.7015234 ]
 [-2.237285    2.3930821 ]
 [ 1.0451578  -0.33130366]]
Peso 2:
[ 2.5385919 -2.5385919]



pesos modelo: 
Test loss: 0.0002, Test accuracy: 1.0000
Camada: meio
Peso 1:
[[-0.4504041  -0.23101172 -0.37266725  0.2715835 ]
 [ 0.5048296   0.06837396  0.2804443  -0.11950786]
 [ 0.03723012 -0.20910372  0.04505196  0.11238056]
 [ 0.35201418  0.06041644 -0.0104781   0.36871514]
 [ 0.19533004 -0.0952194   0.08816355  0.10661136]
 [ 0.61724365  0.1865209   0.2182936   0.06803185]
 [ 0.4974695  -0.07260894  0.33431762  0.08171515]
 [ 0.35994688  0.09638809  0.11316226 -0.0255351 ]
 [ 0.23089787  0.07864034 -0.07515283  0.28072873]
 [-0.04777349 -0.0902482   0.0216244  -0.3213923 ]
 [ 0.2511097   0.05972999 -0.0301483   0.20882583]
 [-0.06981803  0.14389758 -0.22517325 -0.26552165]
 [ 0.50223553  0.26521623 -0.02093902  0.2463477 ]
 [ 0.2892416   0.17422894  0.00507408 -0.01252923]
 [ 0.52442217  0.16873683  0.15500304  0.14082333]
 [ 0.49994028  0.16970867  0.22833781 -0.20064142]
 [ 0.13959599 -0.05361689  0.09830595 -0.11991856]
 [ 0.3143047   0.06174811  0.08593848  0.13972594]
 [-1.631791    2.037113    2.4524763   0.9426351 ]]
Peso 2:
[ 0.9599028  -0.17329831 -0.2559543  -0.04508603]
Camada: saida
Peso 1:
[[-1.225415    1.5330126 ]
 [ 0.96691066 -1.7369554 ]
 [ 0.90548587 -2.1731763 ]
 [ 0.9970224  -0.20299372]]
Peso 2:
[-0.9589076   0.95890915]



pesos modelo: 
Test loss: 0.0015, Test accuracy: 1.0000
Camada: meio
Peso 1:
[[-0.36011496  0.04781449  0.16195422 -0.12801033]
 [ 0.12885945  0.2676503   0.13563211 -0.53567606]
 [-0.383018   -0.01135513  0.14716902 -0.19951813]
 [-0.5283327  -0.30188268  0.13786283 -0.29406473]
 [ 0.01550865 -0.18618628  0.15125029 -0.49837154]
 [-0.11743845  0.3537318   0.13345139 -0.19653699]
 [-0.37464136 -0.12238803  0.12772532  0.21951857]
 [-0.29701594 -0.05027272  0.1381234  -0.09193099]
 [ 0.10610036 -0.46714857  0.12231728 -0.15291709]
 [-0.1178041   0.12360578  0.12135637 -0.18599923]
 [-0.16792974 -0.13600314  0.12120613  0.07117219]
 [ 0.20406428 -0.4437716   0.13033003 -0.21447986]
 [-0.16365166 -0.05911013  0.11761337 -0.30657148]
 [ 0.2584641  -0.06544239  0.11673924  0.23863356]
 [-0.05072753 -0.38510373  0.12392402 -0.32482287]
 [-0.03023102  0.29587606  0.12613006  0.22307883]
 [-0.47933698  0.3459116   0.12793662 -0.29071057]
 [-0.17654806  0.17027918  0.10825627  0.12969612]
 [-0.32406646 -0.65932363 -3.4527102  -0.40662712]]
Peso 2:
[-0.29988056  0.0998546   1.8946667  -0.23482865]
Camada: saida
Peso 1:
[[ 0.32165483 -0.7460504 ]
 [-0.29750326  0.20681845]
 [-2.3524046   2.9596982 ]
 [ 0.5029231  -0.48742303]]
Peso 2:
[ 3.2521985 -3.2521946]



pesos modelo: 
Test loss: 0.0001, Test accuracy: 1.0000
Camada: meio
Peso 1:
[[-3.2336307e-01 -1.6579974e-01  7.3752105e-02 -3.6526912e-01]
 [ 5.3162587e-01 -2.6545474e-01 -1.0128444e-01  3.3615685e-01]
 [ 2.3899053e-01  2.1820503e-01  2.0403264e-01  1.8902959e-01]
 [ 8.7649278e-02 -8.3175741e-02 -2.5060800e-01 -6.4243942e-02]
 [ 2.0817925e-01  1.7953943e-01  4.0075922e-01  1.4001845e-01]
 [ 6.3122034e-02  1.4276218e-01 -5.1116401e-01 -2.4378147e-04]
 [ 1.1235389e-02 -2.4593470e-01  1.9491656e-01 -1.9039124e-01]
 [ 2.1272540e-01 -6.0045518e-02  3.2059755e-03  7.8134820e-02]
 [ 3.9613537e-02  5.2842032e-02 -4.7382185e-01 -4.4587236e-02]
 [ 1.7674938e-01  1.6060475e-01  3.8797820e-01  1.1690723e-01]
 [ 2.3890067e-02  7.4066699e-02 -4.7950733e-01 -6.2596492e-02]
 [-3.8074851e-02  4.5067602e-01  4.1996427e-02  2.5412238e-03]
 [ 1.6650939e-01  3.9315611e-01 -4.6758702e-01  1.9555587e-01]
 [ 3.5574993e-01  3.3543396e-01 -4.1002548e-01  3.8585693e-01]
 [ 2.0604274e-01  2.1617037e-01 -4.3604937e-01  1.9894707e-01]
 [ 2.4334316e-01  3.8271910e-01 -2.1396562e-01  2.5461617e-01]
 [ 3.5192731e-01 -2.4764507e-01 -1.3975256e-02  1.5936600e-01]
 [ 3.9073452e-01 -3.7153977e-01 -2.8706309e-01  1.6315508e-01]
 [-2.2235289e+00 -7.8125918e-01  8.8231929e-02  2.6609974e+00]]
Peso 2:
[ 1.0827295   0.46047935 -0.06664339 -0.13937373]
Camada: saida
Peso 1:
[[-1.6585407  2.0164292]
 [-0.6257352  0.7914879]
 [ 0.385935  -0.4897497]
 [ 2.2211826 -1.3556086]]
Peso 2:
[-0.21215706  0.21215929]



pesos modelo: 
Test loss: 0.0002, Test accuracy: 1.0000
Camada: meio
Peso 1:
[[ 0.50542563  0.4896596   0.29525268  0.32076603]
 [-0.22692522  0.13274443 -0.09766133 -0.00417919]
 [-0.13102606  0.48419464  0.01280447  0.2995859 ]
 [ 0.29768196  0.15441658 -0.15606736  0.00672559]
 [-0.47995135  0.12509668  0.19680573 -0.01800214]
 [-0.5414711   0.18534549 -0.15022498  0.04683148]
 [-0.395138    0.3317344  -0.23921166  0.1809548 ]
 [-0.46314523  0.38537794 -0.19776714  0.2177205 ]
 [-0.14898944  0.04623834 -0.31152633 -0.07537524]
 [-0.11946255  0.5016405  -0.4371298   0.33075604]
 [-0.11155817  0.3401311  -0.22697666  0.18341273]
 [-0.47153443  0.10670052 -0.2719301  -0.01714418]
 [ 0.10506493  0.10666738 -0.15353139 -0.01707064]
 [-0.3720832   0.15070409  0.1134811   0.02648735]
 [ 0.26485842  0.00949026  0.00344145 -0.10056158]
 [-0.1956539   0.39726818  0.38223177  0.22530481]
 [ 0.24426225  0.0934267  -0.24777886 -0.04479081]
 [ 0.17948505  0.47313714  0.01500373  0.3109698 ]
 [-0.43516877 -2.2741182   0.15742652  2.8097005 ]]
Peso 2:
[-0.22791603  1.0526125   0.00536023 -0.18493222]
Camada: saida
Peso 1:
[[ 0.74991673 -0.8163735 ]
 [-1.1678591   2.3592644 ]
 [-0.14452766 -0.53814936]
 [ 1.4588978  -2.3928866 ]]
Peso 2:
[-0.35377452  0.35377604]



pesos modelo: 
Test loss: 0.0001, Test accuracy: 1.0000
Camada: meio
Peso 1:
[[-6.98978305e-02  1.98645353e-01  2.90649533e-01  1.98016763e-01]
 [-2.06573650e-01  2.34219745e-01  1.82621777e-01  4.64332581e-01]
 [-3.43662977e-01 -1.02150574e-01 -1.26953676e-01 -6.47793189e-02]
 [-5.47048271e-01 -1.54692516e-01  2.96957761e-01  4.93001401e-01]
 [ 1.32563233e-01  1.99860960e-01 -2.38477462e-03  2.17877612e-01]
 [ 5.65177575e-02 -2.81471908e-01  4.12856787e-01  6.26414418e-01]
 [-5.68868339e-01 -1.76816687e-01  4.25899737e-02  1.16141178e-01]
 [ 2.29806051e-01 -1.97181795e-02  3.16505224e-01  5.63629925e-01]
 [ 1.80667922e-01 -8.11866522e-02 -1.06324139e-03  9.56135467e-02]
 [ 1.62487663e-02  4.74891037e-01 -2.05393925e-01  1.09323952e-02]
 [ 2.23063707e-01  9.23477709e-02  3.18558246e-01  6.01470232e-01]
 [-4.37422484e-01  1.93782091e-01  2.78661191e-01  5.64926147e-01]
 [ 1.52684480e-01  4.91174042e-01 -4.72986214e-02  2.17124164e-01]
 [-1.70304522e-01 -3.66001576e-01 -5.95420657e-04 -1.44015988e-02]
 [-5.10591924e-01 -1.73895210e-01  6.36768192e-02  1.21670187e-01]
 [ 2.83541143e-01 -1.63319916e-01  1.35319337e-01  2.58525461e-01]
 [ 4.21138145e-02  2.88616270e-01  2.35780314e-01  5.44096589e-01]
 [-3.28620434e-01 -7.40519911e-02  2.19781443e-01  3.72782499e-01]
 [-6.40881956e-02  1.13827646e+00  3.01355028e+00 -1.69169688e+00]]
Peso 2:
[-0.25420788  0.11455461 -0.40559706  1.0291066 ]
Camada: saida
Peso 1:
[[ 0.52188355 -0.41853288]
 [ 0.4444785  -0.72030747]
 [ 1.6121624  -2.466331  ]
 [-1.4617023   1.523788  ]]
Peso 2:
[-0.73174924  0.7317512 ]



pesos modelo: 
Test loss: 0.0009, Test accuracy: 1.0000
Camada: meio
Peso 1:
[[-4.44054097e-01  4.68410432e-01 -4.96939003e-01 -2.72799075e-01]
 [-2.53313720e-01 -2.44190425e-01  8.16170424e-02  2.71016866e-01]
 [ 4.26464647e-01 -2.85056561e-01  4.38948581e-03  3.01107973e-01]
 [-8.71224795e-03 -3.09037060e-01 -1.35383056e-02  1.14797607e-01]
 [-4.03221846e-01  2.38656163e-01 -9.43941716e-03  9.41443257e-03]
 [ 3.13257496e-03 -4.89654392e-01  2.34120600e-02  1.98150545e-01]
 [-4.59037721e-02 -1.42710730e-01  1.25292167e-01  4.35870528e-01]
 [ 4.46622044e-01  2.43848339e-01  1.61665902e-01  6.82919800e-01]
 [-3.00929341e-02  4.48817998e-01  1.81821249e-02  1.78041250e-01]
 [ 4.25924808e-01  2.83742309e-01  1.06991805e-01  5.40144503e-01]
 [-5.21580316e-02 -3.18277746e-01  1.15458436e-01  4.10681725e-01]
 [-7.79827535e-02  3.83306861e-01 -1.06372954e-02  8.34893212e-02]
 [ 4.46507692e-01 -2.05932394e-01  1.34501711e-01  6.04614258e-01]
 [-2.75715888e-02  1.45228580e-01  1.12444788e-01  3.84812504e-01]
 [-1.13415182e-01  2.23593786e-01 -1.37707572e-02  4.48859185e-02]
 [-5.31577766e-02 -2.54190207e-01  1.66331127e-01  5.44579387e-01]
 [-2.76713539e-02  1.23572014e-01  1.35420095e-02  1.62983775e-01]
 [-6.00615069e-02  4.64293957e-01  1.60866287e-02  1.45209625e-01]
 [ 7.77359307e-01  4.07220632e-01  3.26366687e+00 -1.19662356e+00]]
Peso 2:
[ 0.00881595 -0.01993829 -0.26700503  0.94405156]
Camada: saida
Peso 1:
[[ 0.99914145  0.09433631]
 [ 0.67055994  0.67494535]
 [ 1.7961061  -2.7944424 ]
 [-0.7312555   1.7354349 ]]
Peso 2:
[-0.9478877  0.9478899]



pesos modelo: 
Test loss: 0.0001, Test accuracy: 1.0000
Camada: meio
Peso 1:
[[-0.05932316  0.19580919  0.1373027   0.2614267 ]
 [ 0.22049895  0.54961985 -0.30459177  0.22846688]
 [ 0.2981167   0.18778001 -0.21937954  0.12289384]
 [ 0.3183729   0.18035053 -0.49485672  0.13173461]
 [-0.25278452  0.5760231  -0.4422804  -0.01603948]
 [ 0.3984873   0.3146983  -0.48753902  0.22267653]
 [ 0.02847831  0.11157309  0.12650166 -0.03195881]
 [ 0.01726601  0.45884085  0.29377717  0.09179647]
 [ 0.17081647  0.04807461  0.12353772  0.02039517]
 [ 0.43027782 -0.01067464  0.44359165  0.13045216]
 [ 0.3616369  -0.07240297 -0.42340082  0.0603403 ]
 [-0.01798859  0.06371704 -0.16768532 -0.07538693]
 [ 0.12196085 -0.10199094  0.4415765  -0.05793199]
 [ 0.3713066   0.25741342  0.10950599  0.21133654]
 [ 0.0741986  -0.01110171 -0.2605622  -0.04904004]
 [ 0.31807727 -0.11358942  0.42378002  0.03111058]
 [ 0.01631358  0.47271279 -0.44735253  0.09613053]
 [ 0.39448616  0.35304007  0.33040074  0.26416084]
 [-1.4270043  -1.1279525  -0.15720044  3.0906959 ]]
Peso 2:
[ 0.82515556  0.5049753   0.01565177 -0.26471996]
Camada: saida
Peso 1:
[[-1.485806    0.9436698 ]
 [-1.2391433   0.5978352 ]
 [-0.30095682 -0.08387205]
 [ 2.3346567  -1.9327682 ]]
Peso 2:
[-0.52414113  0.5241435 ]



pesos modelo: 
Test loss: 0.0001, Test accuracy: 1.0000
Camada: meio
Peso 1:
[[-0.11707145  0.3498584  -0.42566952  0.22798944]
 [ 0.09752234 -0.23582312  0.4046818  -0.2189772 ]
 [ 0.17624012  0.45669833  0.46238485  0.23894268]
 [ 0.01882293 -0.4475523   0.24002653 -0.10923922]
 [ 0.00839992 -0.15511388  0.13480398  0.44818646]
 [ 0.16474484  0.46201855  0.4578147   0.0094976 ]
 [-0.06546585 -0.3435552  -0.01593661  0.40287262]
 [ 0.06327632 -0.1861286   0.27657303  0.0871904 ]
 [-0.0982556   0.16489694 -0.0333083  -0.11200745]
 [-0.06543303  0.32019955  0.06415727 -0.42936057]
 [ 0.03355863  0.3344506   0.12015649  0.46691355]
 [ 0.01478582  0.39784807  0.19054969 -0.29364684]
 [ 0.18685654  0.122913    0.47348106  0.23488049]
 [ 0.24220364  0.12603168  0.5957367   0.04003676]
 [ 0.16709279  0.10696872  0.3928782   0.38168535]
 [ 0.08022192  0.4901535   0.25881094  0.16451809]
 [ 0.11546971 -0.3711672   0.36833727  0.19129947]
 [ 0.20399028 -0.13349064  0.6051358  -0.46747604]
 [ 3.237817    0.08385365 -1.4232383  -0.08191876]]
Peso 2:
[-2.8149840e-01 -3.8043692e-04  9.3080962e-01  9.6794210e-02]
Camada: saida
Peso 1:
[[ 2.2798069  -2.309839  ]
 [ 0.42326927  0.59914637]
 [-1.0926816   1.5725812 ]
 [-0.3390981   0.12240467]]
Peso 2:
[-0.68517834  0.68518126]



pesos modelo: 
Test loss: 0.0004, Test accuracy: 1.0000
Camada: meio
Peso 1:
[[-2.23309189e-01 -3.18263829e-01  1.94864571e-01 -2.03405499e-01]
 [-4.18829560e-01  1.60755634e-01  5.18550038e-01  3.30234431e-02]
 [-3.00429970e-01 -9.57418904e-02  2.79118389e-01 -1.47258371e-01]
 [-3.02597255e-01  9.41367820e-02 -1.39864922e-01  4.41603690e-01]
 [ 1.41005650e-01  3.61674763e-02  4.57776308e-01 -1.14136465e-01]
 [ 2.25429147e-01  1.77386701e-02  1.33557707e-01  8.66896063e-02]
 [-3.05364192e-01  2.67248154e-02  3.56902897e-01 -5.71506545e-02]
 [-3.97629231e-01 -8.58627856e-02 -2.97010034e-01  3.04392874e-01]
 [ 7.72050470e-02  9.40671489e-02  1.00747153e-01  2.24429935e-01]
 [-3.87341738e-01  4.97308224e-02 -9.58146676e-02  3.34239334e-01]
 [ 1.48644656e-01  2.47079298e-01  2.69863427e-01  3.06233317e-01]
 [ 1.47951199e-02  2.11167231e-01  5.67023695e-01  3.51669751e-02]
 [-2.38548696e-01  1.15717620e-01  8.94542485e-02  2.76029587e-01]
 [ 6.00600503e-02  7.73709384e-04  2.84449369e-01 -7.05318302e-02]
 [ 1.63594678e-01  1.18236236e-01  2.56292969e-01  1.03599727e-01]
 [-3.04443501e-02  1.18282512e-01  2.63768882e-01  1.51524842e-01]
 [ 3.66944641e-01  4.70226824e-01  2.71626413e-01  6.16481185e-01]
 [-1.72460694e-02 -1.29793035e-02  3.63952853e-02  9.71187875e-02]
 [-7.36045018e-02  2.92144752e+00 -1.36542225e+00 -1.60221064e+00]]
Peso 2:
[ 0.08633358 -0.20219383  0.46530938  0.9239559 ]
Camada: saida
Peso 1:
[[-0.23333265  0.7432263 ]
 [ 1.3508697  -2.5644767 ]
 [-0.46681744  1.6799889 ]
 [-1.6735325   1.1432679 ]]
Peso 2:
[-0.27714172  0.2771442 ]



pesos modelo: 
Test loss: 0.0002, Test accuracy: 1.0000
Camada: meio
Peso 1:
[[-0.05173135 -0.12988308 -0.19365597 -0.3451169 ]
 [ 0.0137395   0.4140682   0.2989534   0.18711422]
 [-0.26646125 -0.4956084   0.11481036 -0.03988774]
 [-0.52574915  0.25632617  0.19743769  0.07574028]
 [ 0.24264258  0.30228975  0.30222675  0.18451534]
 [ 0.13103788  0.1149231   0.12523301 -0.02645905]
 [-0.3855547  -0.26040134  0.20922622  0.08253956]
 [ 0.2928496  -0.14446718  0.07628582 -0.08241744]
 [ 0.3420626   0.17394029  0.20937708  0.07398149]
 [-0.54900426 -0.07846556  0.14121318  0.00905116]
 [-0.32093102 -0.22328202  0.21221659  0.08801235]
 [ 0.04385653 -0.12913854  0.40797392  0.32280937]
 [-0.3211298  -0.2517899   0.36823192  0.28273758]
 [-0.3589015  -0.33909464  0.23026244  0.11738186]
 [ 0.29750845 -0.49987167  0.42437372  0.3403911 ]
 [-0.28877392  0.17985117  0.14087814 -0.00353712]
 [-0.45189896 -0.09678279  0.34598875  0.23838373]
 [-0.02266688 -0.49239382  0.27932245  0.16858326]
 [-0.12053883  0.02854336 -2.669134    2.5866385 ]]
Peso 2:
[-0.19372371  0.00218909  0.9734399  -0.21312423]
Camada: saida
Peso 1:
[[ 0.32517934 -0.17087242]
 [-0.69920987 -0.41361985]
 [-2.5912278   1.2991452 ]
 [ 1.9493496  -1.4157864 ]]
Peso 2:
[-0.12807293  0.12807502]
