


pesos modelo: 
Test loss: 0.0002, Test accuracy: 1.0000
Camada: meio
Peso 1:
[[-6.8309784e-02  3.4238183e-01  8.4547758e-02 -1.4254105e-01
   2.2997046e-01]
 [ 7.1052678e-02  2.3574607e-01  3.0530447e-03  2.4079131e-01
  -7.3682666e-02]
 [-3.4280512e-01  1.6264743e-01  5.8035698e-02 -7.9102181e-02
   2.2987536e-01]
 [-1.0452715e-01 -4.5283142e-01  1.6154005e-01  3.4666583e-01
   4.6693486e-01]
 [ 8.1807062e-02 -5.7112381e-02  9.3483344e-02  5.3882223e-01
  -2.5371941e-02]
 [-2.6520827e-01  9.9683329e-02  8.3356932e-02 -1.4278567e-01
   4.7499582e-01]
 [ 2.6861778e-01  1.4615983e-01  1.1476038e-01  1.7262590e-01
   5.4739583e-01]
 [ 8.0654524e-02  2.0056744e-01  9.7546361e-02  4.7270569e-01
  -5.5172026e-02]
 [ 3.7618673e-01  6.4941235e-02  2.6054211e-02  2.6261717e-01
   2.9036671e-01]
 [-6.8734840e-02  5.0362700e-01  1.5688013e-01  3.4105408e-01
   1.6034508e-02]
 [ 6.2219135e-02  2.1376693e-01  1.6646954e-01  4.5014626e-01
   1.5351994e-01]
 [-2.1416284e-01  4.0683854e-01  1.6312346e-01  4.5361876e-01
  -1.7998327e-01]
 [ 2.7439246e-01 -1.3821439e-01  1.0262052e-01  3.7821501e-01
   3.8253692e-01]
 [ 1.1374189e-01 -2.4642238e-02  9.1189921e-02  1.6290934e-01
   3.9468992e-01]
 [ 3.2521906e-01 -6.5720208e-02  9.0589479e-02  2.7770069e-01
   4.5042580e-01]
 [ 1.5998045e-01  3.4104297e-01 -6.8366518e-03 -6.9112115e-02
   3.5338631e-01]
 [-5.0414629e-02 -3.0622396e-01  2.2608785e-02  5.4350537e-01
  -2.6586884e-01]
 [-1.4259768e-01 -2.5011629e-01  4.6357766e-02  4.7831431e-01
  -2.5607640e-01]
 [ 1.2042142e+00 -2.7042720e-01  3.1074841e+00 -1.2070364e+00
  -8.9558882e-01]]
Peso 2:
[ 0.06206987  0.24392574 -0.40132725  0.55050087  0.42445242]
Camada: saida
Peso 1:
[[ 0.6868778  -0.7434585 ]
 [-0.8597321  -0.05997858]
 [ 2.069671   -2.1147358 ]
 [-1.7865211   0.32505083]
 [-1.2699986   0.33241352]]
Peso 2:
[-0.63725305  0.6372567 ]



pesos modelo: 
Test loss: 0.0003, Test accuracy: 1.0000
Camada: meio
Peso 1:
[[ 0.05712438 -0.38282812  0.2915858  -0.0043093   0.18203962]
 [ 0.1754369   0.03468355  0.3010344  -0.01535736 -0.25716332]
 [-0.45492712  0.16433468  0.3217354   0.1793701  -0.09772296]
 [-0.02551476 -0.25266305  0.1229709   0.22584549  0.45584545]
 [ 0.37144753  0.10542849  0.12847935  0.1289577  -0.13511457]
 [-0.06188939 -0.00622759 -0.19873421  0.14705496  0.00713561]
 [ 0.4339589   0.0841753   0.11101066  0.40652612  0.39132077]
 [-0.38468945  0.30549264  0.28187862  0.1211206  -0.34646425]
 [-0.06097695  0.17697938  0.21176954  0.22995272 -0.00387247]
 [ 0.34627324  0.3389488  -0.27523357  0.24514782 -0.23159605]
 [-0.14114441  0.04505518 -0.32990965  0.4243265   0.4184662 ]
 [ 0.08553466  0.37072417  0.45275563  0.5785484   0.42519143]
 [ 0.09748359  0.02269689 -0.14032035  0.39011103  0.42566708]
 [ 0.07498036  0.00639561  0.02272968  0.32113594  0.35121173]
 [-0.2582275  -0.01952613  0.1605109   0.05718069 -0.08309317]
 [-0.40517733 -0.09915583 -0.03587861  0.36539826  0.5036401 ]
 [ 0.2401586   0.32454455  0.16480902  0.4305848   0.16660087]
 [ 0.4471109   0.00969244 -0.17848812  0.26409924  0.2337575 ]
 [ 0.14935952  1.939813   -0.23709357 -2.5011811   1.870405  ]]
Peso 2:
[-0.00765482 -0.15325722  0.04515729  1.0019649  -0.07570925]
Camada: saida
Peso 1:
[[ 0.63329804  0.645402  ]
 [ 0.8611089  -1.7000687 ]
 [ 0.6207893   0.9638499 ]
 [-2.488969    1.3531426 ]
 [ 0.4905042  -1.8196485 ]]
Peso 2:
[-0.33598903  0.3359912 ]



pesos modelo: 
Test loss: 0.0009, Test accuracy: 1.0000
Camada: meio
Peso 1:
[[-0.3186108   0.45394075 -0.33693016  0.41622972 -0.01828134]
 [ 0.43456176  0.39020267  0.20261787  0.24996117  0.3511437 ]
 [-0.31732056 -0.10423215 -0.17647992 -0.22803706 -0.0973059 ]
 [-0.34247118  0.09615502 -0.15078886  0.10675157 -0.44710457]
 [ 0.05447994  0.43949503  0.40346807 -0.01420579 -0.12530993]
 [ 0.29484984  0.4262895   0.08235842  0.47603428  0.2977235 ]
 [ 0.23546094  0.41267785  0.49470785 -0.16600432  0.08173808]
 [ 0.07504496  0.03006323 -0.25743595  0.204017    0.24788824]
 [-0.40983033  0.43461975  0.10300018  0.40591314 -0.07543994]
 [-0.1622834   0.3789035   0.332172    0.01550714  0.4251785 ]
 [-0.1763489   0.28680715  0.07103287  0.2135253  -0.16849065]
 [-0.4094681   0.12982984 -0.09067556  0.14547017  0.15837955]
 [-0.42235506 -0.02114302 -0.12449245 -0.10006054  0.37112138]
 [ 0.41152754  0.20279151  0.25317603 -0.14328727  0.28053167]
 [-0.10965467  0.50928104  0.44013387  0.09155248 -0.4127448 ]
 [-0.288346    0.275537    0.18599877  0.01749962  0.40052012]
 [ 0.24156627  0.29557082 -0.09552623  0.45505527 -0.4050649 ]
 [ 0.48264644  0.16604981  0.2707265  -0.24143803  0.03147619]
 [ 0.05410505 -2.3457286   2.140198    1.555605    0.06642223]]
Peso 2:
[ 0.02893511  1.1216898  -0.09732397 -0.01666833 -0.01040366]
Camada: saida
Peso 1:
[[ 0.51716995  0.8653498 ]
 [-1.916256    1.9607172 ]
 [ 1.5054231  -1.5301158 ]
 [ 1.163728   -0.95993954]
 [-0.5867006  -0.47740602]]
Peso 2:
[-0.29810598  0.29810917]



pesos modelo: 
Test loss: 0.0007, Test accuracy: 1.0000
Camada: meio
Peso 1:
[[-1.24820471e-02  4.95446682e-01 -2.80970097e-01 -2.53365040e-01
   3.86625051e-01]
 [ 1.91886872e-01  1.74844638e-01  4.55285758e-01  4.22588378e-01
   5.08554876e-01]
 [-1.89095680e-02  1.87381044e-01 -3.14275801e-01 -3.85852188e-01
   3.30038816e-01]
 [ 1.73707902e-01  4.11431074e-01 -1.95333302e-01 -2.54386306e-01
  -3.36825579e-01]
 [-2.70731300e-02  2.42780428e-03 -2.32436478e-01  4.80617046e-01
  -1.75078198e-01]
 [-1.01504624e-01  1.03741936e-01  2.86202761e-03 -2.06895202e-01
  -2.11867258e-01]
 [ 1.51451081e-01  2.97404289e-01 -3.35510224e-01 -1.41650021e-01
   1.61055848e-01]
 [ 2.86483075e-02  1.42112792e-01  1.27821546e-02  2.06463262e-01
  -2.15298861e-01]
 [ 3.93826604e-01  5.81193209e-01 -3.25281620e-02 -8.39589387e-02
  -3.13720345e-01]
 [-2.39094287e-01 -1.28758952e-01  1.46868020e-01  6.65978566e-02
  -5.20712044e-03]
 [ 1.49989516e-01  2.87354827e-01  4.80834454e-01  1.65394560e-01
  -2.13212490e-01]
 [ 2.68993706e-01  3.56763184e-01 -1.60244301e-01  1.18614949e-01
   1.15676671e-01]
 [ 2.49332100e-01  3.32340747e-01 -4.94763851e-01  1.08452894e-01
   1.60583973e-01]
 [ 2.72259802e-01  2.99097836e-01 -4.71258342e-01  1.91777021e-01
   3.56409669e-01]
 [ 1.60571039e-01  2.28129357e-01 -1.93946511e-01  2.97791451e-01
  -3.73539865e-01]
 [ 1.43726707e-01  1.90532967e-01 -2.31447995e-01  2.95196384e-01
   2.97738999e-01]
 [ 3.58636230e-01  5.22828341e-01 -2.85398722e-01 -7.65911043e-02
  -8.70627910e-02]
 [-1.65958628e-01 -1.12628974e-01 -3.63709509e-01  3.67996454e-01
  -3.67866218e-01]
 [ 2.69724369e+00 -2.33093333e+00  1.58272982e-01 -8.07075977e-01
  -4.59004700e-01]]
Peso 2:
[-0.13494484  1.035439    0.00675254  0.27467906  0.16069062]
Camada: saida
Peso 1:
[[ 2.4396076  -1.136823  ]
 [-2.0946403   1.4761134 ]
 [ 0.45299548 -0.42421445]
 [-1.1448246  -0.0761416 ]
 [-0.431858    0.8124628 ]]
Peso 2:
[-0.16822048  0.16822295]



pesos modelo: 
Test loss: 0.0002, Test accuracy: 1.0000
Camada: meio
Peso 1:
[[ 0.21729183  0.22311604 -0.33264184  0.00585473  0.47522736]
 [-0.46706712  0.18132041  0.36938366 -0.420195    0.30104414]
 [ 0.2169338   0.09274527  0.52751     0.0204009   0.14022572]
 [ 0.18512669  0.17522445 -0.29578495  0.20501631  0.38044932]
 [ 0.1307566  -0.00513462  0.28194544  0.46101642  0.04344201]
 [ 0.27350268  0.02389656 -0.12158263 -0.39901176  0.24262212]
 [-0.45066777  0.3063046   0.45506108  0.20178807  0.35372248]
 [ 0.29193264  0.3275342   0.05623189  0.02490163  0.49721518]
 [-0.1271679   0.0411142  -0.40577957  0.44529077  0.22536963]
 [-0.34508315  0.12226737  0.50347847  0.2538292   0.14900738]
 [ 0.1012328   0.11390357 -0.3792232  -0.17367043  0.35590357]
 [-0.01077542 -0.02046064 -0.19152986 -0.16701159  0.1615712 ]
 [ 0.09352175 -0.05265401 -0.27575266  0.30784762  0.09065469]
 [ 0.03032227 -0.20741336 -0.1862889  -0.14240111 -0.06693415]
 [-0.04864391  0.21739036  0.44374952 -0.37756887  0.30133334]
 [-0.16379172  0.08968104 -0.33121777  0.4601374   0.2582192 ]
 [-0.5227597   0.3855083   0.21202707  0.3163963   0.48932722]
 [-0.35215694  0.08242202  0.34773284 -0.13944066  0.1610722 ]
 [-0.14467059  2.8150716  -0.6187448  -0.36311838 -2.280898  ]]
Peso 2:
[-0.28629273 -0.25781587  0.30230498  0.06074168  0.86756486]
Camada: saida
Peso 1:
[[ 0.2400108  -0.30562705]
 [ 1.3797927  -2.3321402 ]
 [-1.1321132  -0.19169246]
 [ 0.32177597  0.80672634]
 [-1.7208518   1.7153616 ]]
Peso 2:
[-0.34808716  0.34808776]



pesos modelo: 
Test loss: 0.0001, Test accuracy: 1.0000
Camada: meio
Peso 1:
[[-2.13058352e-01  2.99606442e-01  2.08224058e-02 -8.74832869e-02
  -3.86955142e-01]
 [ 1.43510729e-01  1.87280774e-01  1.57276198e-01  3.42897534e-01
   5.76008797e-01]
 [ 1.10043302e-01 -4.21644479e-01  1.94710121e-01 -1.04114957e-01
   1.19653575e-01]
 [-2.58460879e-01 -1.87960520e-01  4.43627208e-01  1.63283601e-01
   5.92593253e-01]
 [ 8.17561448e-02  3.36632341e-01 -2.92451475e-02  1.23966001e-01
   2.20594317e-01]
 [ 4.04532164e-01  1.54111627e-02 -5.73381446e-02  5.09924553e-02
   1.12507500e-01]
 [ 1.52892441e-01 -9.99885201e-02 -2.73033828e-01  5.64751700e-02
   5.82022071e-02]
 [ 2.10390434e-01 -1.51384354e-01  3.51596296e-01 -1.22303307e-01
   1.20114349e-01]
 [ 1.45936444e-01 -4.95890111e-01  1.32151738e-01  1.89731598e-01
   4.39672589e-01]
 [-2.49932289e-01 -3.45034122e-01 -6.57561868e-02  1.33981064e-01
   3.31170529e-01]
 [ 3.79163355e-01 -1.89105734e-01  1.51516393e-01  1.82859995e-03
   1.41945884e-01]
 [ 3.48565340e-01 -2.85131298e-03  3.91473204e-01 -7.90340267e-03
   2.29519188e-01]
 [ 6.34451210e-02 -2.48005033e-01 -1.57842953e-02  3.56845111e-01
   5.73423982e-01]
 [ 4.17430907e-01 -2.09988393e-02 -1.15746416e-01  3.66056919e-01
   4.48065460e-01]
 [-1.05589606e-01  4.71394300e-01 -2.15926692e-01 -7.80672766e-03
  -2.19639968e-02]
 [-1.37763977e-01 -4.07722354e-01  1.09975180e-02 -9.75264758e-02
   9.09221098e-02]
 [ 4.91161458e-02  4.57689404e-01 -1.95185933e-02  1.80299312e-01
   2.81909704e-01]
 [-3.39837670e-01  4.02883291e-01  1.68651581e-01  2.01865494e-01
   4.38774824e-01]
 [-3.82870585e-01 -1.83449402e-01  1.19490242e+00  2.85984468e+00
  -1.86462975e+00]]
Peso 2:
[ 0.13044983  0.09084453 -0.12149842 -0.30650428  0.9211582 ]
Camada: saida
Peso 1:
[[-0.99390787 -0.38766214]
 [-0.3857788   0.7450994 ]
 [ 1.484738    0.04229527]
 [ 1.839878   -1.9401697 ]
 [-1.9471401   1.1976687 ]]
Peso 2:
[-0.5759988  0.5759989]



pesos modelo: 
Test loss: 0.0005, Test accuracy: 1.0000
Camada: meio
Peso 1:
[[-1.77502632e-04  1.53149962e-01  4.72887397e-01 -4.74095821e-01
   4.35154080e-01]
 [ 6.46643862e-02  4.97593395e-02  1.97856113e-01  1.14417478e-01
  -4.17141505e-02]
 [ 2.45414197e-01  1.90699622e-02  2.83452004e-01  1.17243007e-01
  -3.25646043e-01]
 [-3.26307476e-01  1.46682277e-01 -7.70607889e-02  1.29837558e-01
   4.78640318e-01]
 [ 2.83093989e-01  1.16747789e-01  2.29445681e-01  8.14365149e-02
   3.39900218e-02]
 [-2.27954313e-01  1.32504851e-01  6.94513395e-02  9.89816412e-02
   3.21488947e-01]
 [-4.00480151e-01  4.15996574e-02 -1.39821127e-01  1.92486569e-01
   4.39805426e-02]
 [-4.66966093e-01  1.24070123e-01 -2.55794644e-01  1.51678830e-01
  -2.06641704e-01]
 [-5.14382720e-01  1.21492393e-01  2.01493338e-01  8.85290504e-02
   6.16481185e-01]
 [-3.83403540e-01  1.10550694e-01 -7.82706887e-02  1.46835148e-01
   4.20107752e-01]
 [ 1.86559230e-01  1.16252713e-01  9.18916520e-03  7.90079683e-02
  -1.32376611e-01]
 [ 1.69191137e-01  4.88249026e-02  2.02392027e-01  7.58668706e-02
  -2.58535653e-01]
 [-3.98501933e-01  7.09054470e-02 -7.82474596e-03  1.03936210e-01
  -2.11195529e-01]
 [-3.30356449e-01  1.47806779e-01 -1.08265325e-01  8.57089236e-02
   2.19468161e-01]
 [-5.18133700e-01  1.66851163e-01 -1.34965822e-01  6.22248203e-02
  -1.03522487e-01]
 [ 1.82570621e-01  1.36726066e-01  2.17836760e-02  7.12322667e-02
  -1.99719310e-01]
 [ 1.13755427e-01  5.88446893e-02  2.73320317e-01  1.05472825e-01
   2.44771428e-02]
 [-4.85712886e-01  1.56891137e-01  3.30787487e-02  7.98973888e-02
   5.43193519e-01]
 [-7.34082377e-03 -2.37809730e+00 -1.01168346e+00 -2.59801507e+00
   5.74556231e-01]]
Peso 2:
[-0.21466167  1.1886299   0.16209072  1.3912244   0.26650384]
Camada: saida
Peso 1:
[[-0.49235687  0.5099892 ]
 [-1.4533159   1.9809409 ]
 [-0.5616521   0.9069283 ]
 [-1.721243    2.1828997 ]
 [ 0.2601914  -0.63194025]]
Peso 2:
[ 3.0859137 -3.085913 ]



pesos modelo: 
Test loss: 0.0001, Test accuracy: 1.0000
Camada: meio
Peso 1:
[[ 3.84272337e-02 -1.03218079e-01  4.02680755e-01 -3.33766580e-01
   2.37323046e-02]
 [-6.88121170e-02 -1.71509281e-01 -1.18327990e-01  4.09845710e-01
   2.76232302e-01]
 [ 1.82548553e-01  2.25774929e-01  4.19792891e-01 -1.11407682e-01
   3.76636952e-01]
 [ 2.65431225e-01  2.30632305e-01  3.05200845e-01  1.58326045e-01
  -4.68922526e-01]
 [ 3.21874142e-01  2.25975588e-01  4.93373960e-01  5.90154566e-02
   1.61995739e-01]
 [ 1.07262775e-01  2.02208638e-01 -3.81818116e-02  2.23079786e-01
   4.25453633e-01]
 [ 3.90689187e-02 -1.87497199e-01  2.31073946e-01  2.70647198e-01
  -2.03007370e-01]
 [ 3.41947019e-01  2.64618069e-01  4.14566487e-01  1.43991649e-01
  -3.45463485e-01]
 [ 1.90262590e-02  4.76045698e-01 -1.34071475e-02 -2.43897676e-01
  -1.65023044e-01]
 [ 2.05969568e-02  2.37833455e-01  9.17358249e-02 -8.10699016e-02
  -1.36882231e-01]
 [ 4.11708683e-01  5.35597622e-01  1.21429749e-01  2.25753188e-01
  -3.11573565e-01]
 [ 3.07431579e-01 -2.14401394e-01  5.35013855e-01  4.19070214e-01
   3.13708514e-01]
 [-8.75071287e-02  3.40587497e-01 -1.79987490e-01 -1.08818971e-01
  -2.02852160e-01]
 [ 3.03383060e-02  5.24144061e-02  3.21627319e-01 -1.38937503e-01
   4.88535970e-01]
 [-2.56122835e-02 -2.93179974e-02  2.16821469e-02  1.52224720e-01
   3.91302943e-01]
 [-3.51373223e-03  2.89381295e-01  3.87614705e-02 -1.23998694e-01
   9.16181803e-02]
 [ 4.19853389e-01  1.50737226e-01  3.14239889e-01  4.64605749e-01
   2.07583159e-02]
 [-7.13959162e-04  3.95167619e-01 -2.95319438e-01  7.24731162e-02
   6.76876050e-04]
 [ 2.63243437e+00 -1.60876155e+00 -1.42155313e+00 -1.10623360e+00
  -1.94719777e-01]]
Peso 2:
[-0.12810786  0.53523624  0.62734526  0.65382576  0.00714353]
Camada: saida
Peso 1:
[[ 1.7158761  -1.9452431 ]
 [-1.149984    1.2892944 ]
 [-1.5132537   0.71450776]
 [-1.0905153   1.1437895 ]
 [-0.64381444 -0.48706326]]
Peso 2:
[-0.08157703  0.08157958]



pesos modelo: 
Test loss: 0.0001, Test accuracy: 1.0000
Camada: meio
Peso 1:
[[-0.49119925 -0.1890868  -0.1491108   0.21946108  0.05349576]
 [ 0.12313731 -0.03323213  0.249979    0.22975078  0.04468945]
 [ 0.36060834 -0.14605604 -0.04853253 -0.28264782 -0.2626233 ]
 [ 0.3973654   0.22151935 -0.18582785 -0.209062    0.1860829 ]
 [ 0.4077602   0.16088362 -0.00485163  0.33786514  0.12244468]
 [ 0.21740694  0.09845541 -0.3915445  -0.47439298  0.12252443]
 [-0.03727422  0.03268576  0.22068673  0.27221072  0.22167374]
 [ 0.16140549 -0.01123283 -0.3373915   0.41870332  0.03303578]
 [ 0.4148019   0.10496181 -0.4372911   0.09692227  0.00813845]
 [ 0.3029346   0.19068111  0.10632746 -0.19576572  0.21276356]
 [-0.19024648  0.21016726 -0.03082674 -0.39567932  0.54765224]
 [ 0.23562828  0.12285245 -0.16881406  0.19432162  0.15939511]
 [ 0.00743125  0.24079202  0.4258703  -0.2708877   0.47115293]
 [ 0.20407112  0.14481841  0.13492197  0.11374218  0.19780107]
 [-0.07330263  0.18635535  0.22844005 -0.20037302  0.43065843]
 [-0.09521901  0.23696722 -0.4632018  -0.1092323   0.5154832 ]
 [-0.28793368 -0.1009065  -0.44920167 -0.3533606   0.20023993]
 [ 0.49708056  0.51403314  0.3282305  -0.350427    0.50353336]
 [-1.2399547   2.7859707   0.29491755  0.23386022 -1.8797656 ]]
Peso 2:
[ 0.5326118  -0.3374997   0.0184815   0.00732927  0.80668366]
Camada: saida
Peso 1:
[[-1.4069808   0.5689161 ]
 [ 2.1797216  -1.6909133 ]
 [-0.07789333 -0.30108792]
 [-0.74889416 -0.8716868 ]
 [-0.7280505   2.233765  ]]
Peso 2:
[-0.28937122  0.28937337]



pesos modelo: 
Test loss: 0.0006, Test accuracy: 1.0000
Camada: meio
Peso 1:
[[-0.3632201  -0.19881082 -0.02798474 -0.22037113 -0.48058367]
 [ 0.28271818  0.14188157  0.03002865  0.05635145  0.02150726]
 [ 0.39085242 -0.07716032  0.26295835  0.10322788  0.03730898]
 [-0.08817483 -0.43531203  0.3418861   0.06340884 -0.04196898]
 [ 0.04483668 -0.21348332  0.09558923  0.5193225   0.06191636]
 [-0.12046566  0.17332414 -0.08731298  0.08727752 -0.02737505]
 [-0.11883951  0.29046524 -0.0705238   0.2754543   0.01396396]
 [-0.24790819 -0.03011169 -0.13219823  0.1598555  -0.03381992]
 [-0.11928672  0.32580003 -0.4136823   0.7384773   0.09530527]
 [ 0.45138678 -0.37798232 -0.2873902   0.20715304  0.0548564 ]
 [-0.08689617  0.21249537 -0.33165592  0.07105815 -0.02087867]
 [ 0.1668105   0.1480709  -0.45848405  0.43948084  0.07648977]
 [-0.06908446  0.46501425 -0.3450611   0.6999031   0.10131893]
 [ 0.5597724   0.38339344 -0.48680165  0.37452868  0.1261097 ]
 [ 0.3082783  -0.46223196 -0.15338898  0.02065201  0.00713087]
 [ 0.39428613 -0.23591475  0.09412637 -0.13792497 -0.0073624 ]
 [ 0.48056677 -0.29033294  0.19331598 -0.10433121  0.00722622]
 [ 0.6425142   0.18668021  0.0656251  -0.11636448  0.042181  ]
 [-0.29316998  0.01313489  0.10917772 -0.5965177   3.4592733 ]]
Peso 2:
[ 0.42336604 -0.00253132  0.0269831   0.73022145 -0.13072047]
Camada: saida
Peso 1:
[[-0.416465    0.7431885 ]
 [ 0.30802467  0.6729777 ]
 [-0.19332573  0.03627941]
 [-1.1865834   0.4177439 ]
 [ 2.590405   -2.3091536 ]]
Peso 2:
[-1.6161555  1.6161566]



pesos modelo: 
Test loss: 0.0001, Test accuracy: 1.0000
Camada: meio
Peso 1:
[[ 0.04051602 -0.25683844 -0.2856344  -0.3900391   0.36162484]
 [ 0.16648614  0.04454997  0.11551239  0.24341093 -0.43627843]
 [-0.01574262 -0.48915747  0.40670606  0.4453019  -0.04214287]
 [ 0.34582838 -0.22922345  0.3597958   0.49326038 -0.4169026 ]
 [ 0.16915877  0.00784648  0.27558583  0.38538337 -0.23050663]
 [-0.21571326  0.16888244  0.07563887  0.12386107 -0.24850371]
 [-0.31611812 -0.47151923  0.2519246   0.22843942 -0.31791124]
 [-0.23323286 -0.08974107  0.18726063  0.20110102 -0.18999541]
 [ 0.18304017 -0.4801356   0.12695806  0.26069978  0.18633199]
 [-0.2918665   0.02070511 -0.21742178 -0.13257731 -0.19339392]
 [ 0.565619    0.13810222 -0.25784072  0.0530993  -0.23399635]
 [-0.01757952  0.05187922 -0.0155694   0.09066565  0.23386505]
 [ 0.38030592 -0.43756032  0.22097783  0.37505665  0.04150182]
 [-0.05102761 -0.00864224  0.17638324  0.22803073 -0.02110096]
 [ 0.34978566  0.0742821   0.28404024  0.405037   -0.18213798]
 [-0.16280949  0.22499982  0.49136287  0.46054175  0.02821157]
 [-0.2296875  -0.37041298  0.38437274  0.35825998  0.38328272]
 [ 0.3765841  -0.19347724  0.00511176  0.19321042 -0.32912067]
 [ 0.9749269  -0.07168697  2.351461   -2.6192174  -0.01058209]]
Peso 2:
[ 0.11319333  0.00332977 -0.32581162  1.0591441  -0.0204024 ]
Camada: saida
Peso 1:
[[-0.00567746 -1.1247675 ]
 [-0.50088716 -0.38702717]
 [ 1.3311185  -1.7945085 ]
 [-2.664439    1.281461  ]
 [-0.03157199  0.70872664]]
Peso 2:
[-0.25274128  0.2527435 ]



pesos modelo: 
Test loss: 0.0001, Test accuracy: 1.0000
Camada: meio
Peso 1:
[[ 0.29204     0.0333643   0.4340514   0.38585567  0.08686876]
 [-0.01306823  0.18631485 -0.25426486 -0.34136087  0.02452604]
 [ 0.10502519  0.5347267  -0.34826314 -0.16720389 -0.17734526]
 [ 0.03907342  0.28486753 -0.3628382   0.05689272 -0.48732   ]
 [ 0.14875329  0.6777619  -0.03854335 -0.17195362 -0.05750785]
 [ 0.1364281   0.56333333 -0.3999446   0.1449935   0.17698482]
 [ 0.06047327  0.3713017  -0.3238018  -0.16235441 -0.1900023 ]
 [-0.02304709  0.01591998  0.05854347  0.26208872  0.06706809]
 [-0.0164832   0.18335053 -0.1723936  -0.4085385  -0.43808624]
 [-0.00703293  0.07185409  0.08035235  0.24432546  0.04050206]
 [ 0.05117116  0.27038702 -0.28694907  0.18792166 -0.1016791 ]
 [-0.00913641  0.03729664 -0.27486324  0.33545575  0.00733154]
 [ 0.04754894  0.28061673 -0.08522871  0.04171893  0.0102948 ]
 [-0.01304097  0.04511202 -0.0501784   0.22204974 -0.31749278]
 [ 0.06260484  0.30462375  0.28849044  0.09174439  0.13563843]
 [-0.01905673  0.10299388 -0.20859472 -0.10506918  0.12567043]
 [ 0.18321292  0.658169    0.43538922  0.3387071   0.32587838]
 [ 0.02134018  0.12010682  0.20287134  0.2880295   0.39417243]
 [ 3.3340895  -1.1002805  -0.02239779 -0.35495666 -0.35300305]]
Peso 2:
[-0.17027538  0.93116677 -0.05451185  0.16510214 -0.06892501]
Camada: saida
Peso 1:
[[ 2.410358   -2.3534646 ]
 [-0.80431134  1.4039139 ]
 [-0.142231   -0.47121254]
 [ 0.4696231   1.0665487 ]
 [ 0.41770232  0.5189768 ]]
Peso 2:
[-1.182904   1.1829058]



pesos modelo: 
Test loss: 0.0002, Test accuracy: 1.0000
Camada: meio
Peso 1:
[[ 2.26008177e-01  2.05176711e-01  2.30056047e-02  3.85501623e-01
   2.47658491e-01]
 [-2.23839581e-01  3.56305242e-01 -4.95460272e-01  2.12136477e-01
   2.26416424e-01]
 [ 2.54614502e-01  9.51023549e-02 -3.70319545e-01  1.11784175e-01
   1.82362512e-01]
 [ 7.54551274e-06  4.72075611e-01  4.93102595e-02  3.86824518e-01
   3.38622749e-01]
 [ 6.37094006e-02 -1.38196886e-01 -2.71938562e-01  1.12956129e-01
   1.93332285e-01]
 [-5.13448298e-01 -2.26635695e-01  1.57928720e-01 -1.51220545e-01
   2.37298533e-02]
 [-4.67911959e-01 -3.38010862e-02 -7.65136182e-02  4.37631369e-01
   3.86695027e-01]
 [-3.29815537e-01  3.07989269e-02 -3.96995723e-01  3.47670764e-01
   3.31154168e-01]
 [ 1.25301540e-01 -4.17730868e-01 -3.06153178e-01  7.31220841e-02
   1.64874345e-01]
 [-1.24892935e-01  1.87375739e-01  1.55960232e-01 -1.07280463e-01
   2.99725477e-02]
 [ 1.17668740e-01 -2.15606838e-01  1.96535826e-01  1.95657283e-01
   2.37859607e-01]
 [-4.50455368e-01  8.42931122e-02 -4.85444188e-01  1.70075715e-01
   2.10763007e-01]
 [-6.43301383e-02 -4.00233448e-01 -2.64932990e-01  4.54854280e-01
   4.07011956e-01]
 [ 2.93519080e-01  1.75937060e-02 -7.33899921e-02  3.66336435e-01
   3.27808529e-01]
 [ 3.07294160e-01 -3.37145418e-01  8.53251740e-02 -1.63129240e-01
  -4.44135076e-04]
 [-3.66790533e-01 -3.67221713e-01  4.24561024e-01  2.66560972e-01
   3.00861865e-01]
 [-3.79634321e-01  3.69730294e-01 -3.91379237e-01  1.12059608e-01
   1.64498836e-01]
 [-2.46133149e-01  2.85934746e-01 -1.95427284e-01  6.25949323e-01
   4.83180761e-01]
 [ 1.78625509e-01 -2.06246227e-01 -7.59470388e-02  2.06781888e+00
  -2.87313056e+00]]
Peso 2:
[-0.15176849 -0.01847683 -0.07063215  0.06658524  1.2649623 ]
Camada: saida
Peso 1:
[[-0.31098214  0.2172644 ]
 [ 0.17264071  0.7433341 ]
 [ 0.74629706  0.07879379]
 [ 1.0949111  -1.80455   ]
 [-2.0505798   2.4292853 ]]
Peso 2:
[ 0.14764713 -0.14764468]



pesos modelo: 
Test loss: 0.0006, Test accuracy: 1.0000
Camada: meio
Peso 1:
[[-1.25092030e-01  4.78853703e-01  3.30026746e-01 -2.24751592e-01
  -6.25314713e-02]
 [ 2.70870894e-01 -1.12509103e-02  1.97516561e-01  1.45835523e-02
  -1.12777650e-01]
 [-4.50783759e-01 -2.02811718e-01  2.20108807e-01  6.05061017e-02
   1.44031808e-01]
 [ 1.47702098e-01  1.44822359e-01  3.05638850e-01  4.15154509e-02
  -3.90248388e-01]
 [-9.65704322e-02  3.91357362e-01  1.37689173e-01 -2.48591732e-02
   8.93207714e-02]
 [-2.90686693e-02 -7.67582357e-02  2.71496326e-01  2.69516595e-02
  -4.68135357e-01]
 [ 2.75733888e-01 -1.26917601e-01  1.95413977e-01  7.42284730e-02
   4.20953572e-01]
 [-2.20950425e-01 -2.91979611e-01  9.56769437e-02 -5.18197790e-02
  -4.43364233e-01]
 [-4.89153326e-01 -4.07412410e-01  3.67889971e-01  1.96046814e-01
   5.11527717e-01]
 [ 2.20727593e-01  3.27222943e-01  4.42832559e-01  1.24004386e-01
  -1.97305292e-01]
 [-3.40129793e-01 -4.63346280e-02  2.14538097e-01  3.41509767e-02
  -1.02607638e-01]
 [ 1.94106668e-01 -2.48556510e-01  1.50490729e-02 -5.85197704e-03
   5.33239126e-01]
 [-3.54727983e-01 -3.61318082e-01  4.33126748e-01  1.84969172e-01
   1.38100106e-02]
 [-1.22735925e-01 -4.01271284e-01  3.80631298e-01  1.95856586e-01
   3.65923613e-01]
 [ 3.64964690e-05  4.00706679e-01  7.72211924e-02  1.15772961e-02
   5.86933434e-01]
 [ 1.03184000e-01 -3.41199711e-02  3.58054429e-01  1.02207720e-01
  -1.78525254e-01]
 [-1.96959361e-01 -3.10520172e-01  4.65708494e-01  2.02752963e-01
   8.15581009e-02]
 [ 1.68847591e-01  1.14105474e-02  4.47871655e-01  1.59825295e-01
  -1.66638687e-01]
 [ 7.68119544e-02  7.25572228e-01 -1.65333772e+00  3.14877796e+00
  -6.10576086e-02]]
Peso 2:
[-0.09293267 -0.05521192  0.8948677  -0.3242496   0.13841575]
Camada: saida
Peso 1:
[[ 0.72807866  0.49933764]
 [ 0.20474741 -0.8843903 ]
 [-1.5713892   1.2566031 ]
 [ 2.0481381  -2.3383496 ]
 [ 0.02804681  0.6189556 ]]
Peso 2:
[-0.64181095  0.6418116 ]



pesos modelo: 
Test loss: 0.0059, Test accuracy: 1.0000
Camada: meio
Peso 1:
[[-1.6980445e-01  3.2499897e-01 -2.8568697e-01  4.0464890e-01
   7.9141140e-02]
 [-3.2085240e-01 -8.1154221e-06  1.4328338e-01  9.3953880e-03
  -5.1618509e-02]
 [-4.1304049e-01 -2.0321886e-07  3.6566022e-01  1.5379628e-02
  -3.2412916e-01]
 [-2.7904963e-01  3.6095607e-05 -2.9469731e-01  1.2303251e-02
   2.1737592e-01]
 [-8.6766049e-02 -8.4768719e-05 -4.5643836e-01  6.5592425e-03
  -8.5223682e-02]
 [ 2.7590036e-01 -3.6827503e-05 -1.9301066e-01 -1.7718546e-02
   2.2986023e-01]
 [-3.2856140e-01 -5.8606174e-06 -1.9656327e-01  9.5194316e-04
  -4.7131258e-01]
 [ 2.5804335e-01 -3.0668401e-05 -4.5200104e-01 -1.1772069e-02
   2.0368464e-01]
 [-3.4303582e-01 -7.8437741e-05 -2.9621469e-03  1.4825696e-02
  -3.7309328e-01]
 [ 3.6622431e-02 -2.6200214e-05 -7.6649077e-02  1.1097955e-02
  -2.9485130e-01]
 [-4.5121774e-01  1.1282845e-05 -1.6683596e-01  1.6347386e-02
  -5.9721533e-02]
 [ 1.4439254e-01 -9.0958347e-06 -2.8734896e-01  4.1665605e-04
   2.0834942e-01]
 [-4.4323307e-01 -7.5770498e-05 -1.4238787e-01  1.7205400e-02
  -5.5082119e-01]
 [-4.0472239e-01 -5.7420162e-05 -2.6833197e-01  1.4235921e-02
   2.2521260e-01]
 [-1.2419952e-01  3.9505321e-05 -3.1171623e-01 -3.0993899e-05
  -2.8312883e-01]
 [-6.4779460e-02 -1.5869846e-05 -1.2711190e-01  2.7399941e-03
  -2.8026098e-01]
 [ 6.4694183e-03  3.5684239e-05  3.2224506e-02  2.0673815e-02
   1.9008011e-01]
 [-4.5809829e-01 -2.7555116e-05 -1.4244476e-01  5.7785399e-03
  -2.9226804e-01]
 [ 3.4176192e-01  2.9488280e+00  3.7891120e-01  1.8267951e+00
   1.4973252e-01]]
Peso 2:
[-2.9488269e-02 -1.2134209e-04 -8.3399892e-02 -9.7192451e-02
 -2.8461727e-01]
Camada: saida
Peso 1:
[[-0.31988972  0.4576497 ]
 [ 1.8026578  -2.1400867 ]
 [-0.50799584  0.6083305 ]
 [ 0.9934262  -1.2496536 ]
 [ 0.23826657 -0.4270715 ]]
Peso 2:
[-3.2876942  3.287695 ]



pesos modelo: 
Test loss: 0.0001, Test accuracy: 1.0000
Camada: meio
Peso 1:
[[ 0.05900121  0.39173198 -0.246055    0.01204038  0.15842724]
 [-0.3502427   0.4505957   0.47093627  0.0044695  -0.02109667]
 [-0.09976462 -0.06775916  0.53143966  0.06962511 -0.05577115]
 [ 0.2304403  -0.20870937  0.11724552  0.02673806  0.2135576 ]
 [ 0.23430008 -0.06879427 -0.00425293 -0.03102547 -0.40078253]
 [ 0.48661593  0.33016595  0.5566598   0.07577375  0.05901956]
 [-0.43961543 -0.25324115  0.37450665  0.03429341 -0.30431178]
 [-0.09272584 -0.1655586   0.25321227  0.04682001  0.4888149 ]
 [-0.02361349  0.33940673  0.52872413  0.06616866  0.5396349 ]
 [-0.29242587 -0.15311544  0.1229188  -0.01328532 -0.26024106]
 [ 0.02968838 -0.30703244  0.191735    0.02619687 -0.22286817]
 [ 0.01008996 -0.19046156  0.38505498  0.07844117  0.40861824]
 [ 0.41741768  0.15220392  0.10841967 -0.01452173 -0.4259914 ]
 [ 0.54807884 -0.08605405  0.25305694  0.05205957 -0.10380891]
 [-0.42334113 -0.2845809   0.4526122   0.05490714 -0.26967156]
 [-0.09747539 -0.1291679   0.15385705  0.02580491  0.44605902]
 [-0.34127894  0.19048406  0.5908745   0.06202132  0.21052463]
 [ 0.5023388   0.22478253  0.168898    0.01134558 -0.21754217]
 [-0.02639476  1.1561496  -0.47769344  3.4460747  -0.4134289 ]]
Peso 2:
[ 0.1907877   0.11120059  0.67429686 -0.17934705  0.19036245]
Camada: saida
Peso 1:
[[-0.908961   -0.2066774 ]
 [ 0.6269249  -0.44585115]
 [-0.49053156  1.3828776 ]
 [ 2.304332   -2.441744  ]
 [-0.7316549  -0.110332  ]]
Peso 2:
[-1.4366832  1.4366835]



pesos modelo: 
Test loss: 0.0011, Test accuracy: 1.0000
Camada: meio
Peso 1:
[[ 0.08717144 -0.36110365 -0.1087085  -0.03631878  0.32087135]
 [ 0.3009343   0.282894   -0.12823227 -0.12275251  0.06097081]
 [ 0.44120622  0.02009365  0.2060993   0.2853959   0.07723992]
 [ 0.3487948  -0.06722893 -0.21824634  0.38290957  0.20355932]
 [ 0.4072705  -0.12053277  0.41250548  0.54906684  0.17986429]
 [ 0.03587554  0.24292603 -0.23985496  0.16687742  0.3856775 ]
 [ 0.08712277  0.44537118 -0.28174785  0.0189031   0.36605328]
 [ 0.24111533  0.23569632 -0.11507121 -0.09361064  0.08390597]
 [-0.04428959  0.04013703  0.43867585 -0.22686873 -0.02234793]
 [ 0.42294765  0.38344297 -0.1458898  -0.20932117 -0.02577041]
 [ 0.3367116  -0.06087548 -0.19182265  0.43233594  0.22100447]
 [-0.14220393  0.2054691   0.10199221 -0.06744538  0.25880104]
 [ 0.2948399   0.14268768  0.20354174  0.38354465  0.26582664]
 [ 0.18646622 -0.19155155 -0.43350053  0.18260726  0.09029196]
 [-0.16616412 -0.09851195  0.51238656  0.38376713  0.35471934]
 [-0.22635692 -0.1542937  -0.26810652 -0.04362018  0.19604568]
 [ 0.42628425  0.09104817  0.17079347  0.45756242  0.2324401 ]
 [ 0.32767025  0.42923936 -0.07044253  0.2676259   0.35421082]
 [-1.6691444   1.4631585  -0.24650365  1.8156588  -2.2819488 ]]
Peso 2:
[ 0.48813173  0.00795912  0.02868021 -0.06467582  1.0037081 ]
Camada: saida
Peso 1:
[[-1.0150776   1.1264616 ]
 [ 0.9879562  -0.9470746 ]
 [-0.6074215   0.38147542]
 [ 0.6620484  -1.7837986 ]
 [-0.9564565   2.6011298 ]]
Peso 2:
[-0.06480043  0.06480192]



pesos modelo: 
Test loss: 0.0002, Test accuracy: 1.0000
Camada: meio
Peso 1:
[[ 4.96679187e-01  1.84142947e-01  3.30147743e-02  1.84077859e-01
  -1.07414484e-01]
 [-2.42397562e-01  8.24239552e-02 -7.21540116e-03  9.50876027e-02
   4.69620228e-02]
 [-1.23657547e-02 -2.74637371e-01  4.45754416e-02  4.09560949e-01
   2.70388782e-01]
 [ 6.76803589e-02 -1.54439747e-01  8.93458501e-02  6.67393088e-01
   3.54932994e-01]
 [-3.34228605e-01  4.52321544e-02 -1.68997906e-02  7.81848431e-02
  -4.49821323e-01]
 [-1.73260242e-01 -3.75217289e-01 -2.89473571e-02 -6.76940978e-02
   3.78755271e-01]
 [-3.83605622e-02 -1.87476188e-01  1.92777514e-02  2.67623961e-01
  -2.14432731e-01]
 [-3.50547165e-01 -3.87825191e-01  2.16383729e-02  2.72267848e-01
  -5.78489006e-02]
 [-2.42792338e-01 -4.29572761e-01 -2.94942893e-02 -7.38066956e-02
   3.35497677e-01]
 [-2.78930902e-01  2.90827334e-01  7.59819150e-02  6.27639890e-01
  -2.70869374e-01]
 [-1.54168621e-01  3.70952100e-01  3.99198048e-02  4.11980301e-01
  -3.62876445e-01]
 [ 4.16719764e-02 -1.94196478e-01  4.24109660e-02  4.23529536e-01
  -3.27176511e-01]
 [ 2.94260442e-01 -4.18527782e-01  8.12017769e-02  6.21510327e-01
   1.80577174e-01]
 [-4.37836170e-01  3.69912654e-01  1.60405750e-03  1.01307698e-01
   9.31302011e-02]
 [-1.72745585e-01  4.31776829e-02  3.70115079e-02  3.69564593e-01
  -2.90255934e-01]
 [ 2.58909732e-01  2.05002382e-01  9.17669944e-03  1.96837604e-01
  -8.70988294e-02]
 [ 4.58543235e-03 -3.34872492e-02  2.47446913e-02  3.28114808e-01
  -5.09270787e-01]
 [-1.04895823e-01 -3.36819649e-01  2.81374250e-03  1.23430945e-01
  -1.46234352e-02]
 [-4.57084119e-01 -1.05889015e-01  3.57829404e+00 -5.23309410e-01
   8.12806115e-02]]
Peso 2:
[-0.13025096  0.01445231 -0.11332711  0.73210144 -0.012709  ]
Camada: saida
Peso 1:
[[ 0.5264547  -0.5441153 ]
 [-0.413864   -0.28371453]
 [ 2.8991628  -1.9213645 ]
 [-1.2977221   0.47413945]
 [-0.28998527  0.29511628]]
Peso 2:
[-1.7720077  1.7720102]



pesos modelo: 
Test loss: 0.0002, Test accuracy: 1.0000
Camada: meio
Peso 1:
[[-0.23447227  0.13803625 -0.02866805  0.35063195  0.18324888]
 [ 0.04890955  0.13192515 -0.10594288 -0.08721474  0.26994193]
 [ 0.17102577  0.3259105   0.0036482   0.09433972 -0.02532225]
 [ 0.40555522 -0.38308048  0.15636551  0.44867238 -0.07772742]
 [ 0.21844882 -0.44284     0.06226019  0.15611881 -0.5375953 ]
 [ 0.43506098 -0.30611426 -0.06479582  0.49245375 -0.1893414 ]
 [ 0.36296183 -0.2802701   0.21823187  0.38448328 -0.43367848]
 [ 0.39085916 -0.05286637 -0.11357986  0.43287888 -0.09088134]
 [ 0.3031178  -0.41617802  0.28167388  0.30067998  0.3160746 ]
 [ 0.09654256  0.46882772 -0.35258642 -0.01491384 -0.03130757]
 [ 0.32867175 -0.45296323  0.11888151  0.33662453 -0.21054432]
 [ 0.3407068  -0.06282834 -0.01177932  0.3706117  -0.2784588 ]
 [ 0.3595881  -0.2101841  -0.44503662  0.39476287 -0.23894656]
 [ 0.11587223  0.33937898 -0.06094993  0.0440203  -0.18485576]
 [ 0.33554167 -0.24940436  0.02689914  0.36120054 -0.26744592]
 [ 0.10031182  0.34709442 -0.267957   -0.00505364 -0.07434679]
 [ 0.11710782  0.07705314 -0.29809326  0.02429358 -0.29198745]
 [ 0.08153036 -0.4506188  -0.20802835 -0.0217085   0.33562362]
 [-2.816574   -0.09434079 -0.3074391   2.15328     0.16509312]]
Peso 2:
[ 1.1525354  -0.00490139 -0.25555938 -0.05417507 -0.21476535]
Camada: saida
Peso 1:
[[-2.2596545   2.1919749 ]
 [-0.74102944 -0.4446497 ]
 [ 0.32109717 -0.38126096]
 [ 2.2768638  -0.6677238 ]
 [-0.85937387  0.17144817]]
Peso 2:
[-0.01120396  0.01120613]



pesos modelo: 
Test loss: 0.0002, Test accuracy: 1.0000
Camada: meio
Peso 1:
[[-0.1997068   0.07265782  0.05531585 -0.01584435 -0.06623328]
 [ 0.29997018  0.04555214  0.18376358  0.25114232 -0.44103417]
 [ 0.19727916  0.595803    0.33227527  0.07293617  0.08519382]
 [-0.27734154 -0.16641307  0.13694346  0.12449627  0.2806996 ]
 [ 0.0923737  -0.2181391   0.19453883  0.4125573   0.47013804]
 [ 0.19295955  0.17672756  0.17279445  0.05320593 -0.4615277 ]
 [ 0.30765417  0.4362249   0.30366942  0.19930129  0.2506348 ]
 [-0.50506085  0.29889062  0.36879689  0.34850633 -0.09717163]
 [-0.17820427 -0.05813358  0.17415923  0.2185427  -0.12760396]
 [ 0.36227864 -0.09321465  0.2161744   0.45691648  0.49834433]
 [ 0.4370029  -0.11359645  0.17985177  0.45913458 -0.41279498]
 [-0.25980636  0.32155746  0.20634913 -0.0727556  -0.4376416 ]
 [-0.2445786   0.02863673  0.23554473  0.3080311  -0.14081126]
 [ 0.12527113  0.0105099   0.06344215 -0.07406485 -0.3835714 ]
 [ 0.01534028  0.5655777   0.45634946  0.53633505 -0.28888553]
 [-0.1959594   0.32100415  0.26717457  0.07844608  0.38524145]
 [-0.3762578   0.22213283  0.18645792 -0.10537136  0.18623082]
 [ 0.16772825  0.12221327  0.06804451 -0.18340158  0.09035764]
 [-0.52374315  1.2376751  -3.1093233   1.0917825   0.15730973]]
Peso 2:
[0.00555569 0.22093455 1.4269246  0.17129773 0.02850173]
Camada: saida
Peso 1:
[[-0.69368917  0.33750933]
 [ 0.32647988 -1.3679786 ]
 [-2.0854237   2.7267835 ]
 [ 1.3537595  -0.3668527 ]
 [-0.2904845  -0.514846  ]]
Peso 2:
[ 0.65784025 -0.6578386 ]
