


pesos modelo: 
Test loss: 0.7103, Test accuracy: 0.7851
Camada: meio
Peso 1:
[[ 0.45099753  0.28392452 -0.45427907 -0.03819925  0.3813882  -0.3858272
  -0.2803462   0.43134582 -0.35061726]
 [-0.1527245   0.05615276 -0.38669378 -0.36730418  0.37880006  0.7287231
  -0.05939816 -0.2529779  -0.02936163]
 [-0.21808478  0.15146282 -0.07000178 -0.45014966  0.20424834  0.00919546
  -0.3571292  -0.28451625  0.04507336]
 [-0.3921767  -0.283174    0.28849483 -0.40920353  0.21934609  0.22501136
  -0.23413028 -0.41007707 -0.08343604]
 [ 0.33844894  0.09637319  0.22714001  0.11379507  0.01852363  0.6639921
   0.041327   -0.302527   -0.06041859]
 [ 0.12431863 -0.20443484  0.16803963 -0.12687857  0.27585834  0.22810888
   0.00682133  0.3877919  -0.16503794]
 [-0.40247864 -0.08841346  0.25800303  0.06885738  0.09598742  0.06941899
  -0.12879081  0.2006435   0.21016543]
 [-0.34264877  0.11601853  0.1613861  -0.2194063   0.07210025 -0.04797895
   0.44827333 -0.3646609   0.00894033]
 [-0.14925417  0.02864316  0.39141405 -0.37735367  0.4932231  -0.6419105
   0.06535688  0.04111625 -0.27904624]
 [ 0.04393315  0.06885136  0.2088865   0.44356158  0.29752442  0.22756171
   0.23990427  0.18169907 -0.08794305]
 [-0.01740573  0.40196398  0.38631326  0.2342488  -0.1063999  -0.12070481
  -0.24485445  0.2528966  -0.24754566]
 [-0.18610498  0.3038811  -0.3500746   0.05642595  0.20801865  0.54980195
  -0.22693747  0.03915214 -0.34852996]
 [-0.28722245  0.17819452 -0.23757607 -0.21665232  0.25586787 -0.03462161
   0.15489426  0.2859431  -0.37736022]
 [-0.02614054 -0.2281804   0.5159119  -0.28106847 -0.21596724 -0.07693244
  -0.4468935  -0.4105525   0.26771015]
 [-0.17123963  0.0405831   0.25073367  0.36904228  0.74372977 -0.76562995
  -0.07169969 -0.09114226  0.42479777]
 [ 0.38550243 -0.33441812  0.22251818  0.39106447  0.15671268  0.16419439
  -0.23981504 -0.35309052 -0.0244518 ]
 [ 0.21432851 -0.0946721   0.4265295  -0.18267407  0.03383529  0.08654416
  -0.40822682  0.02729772 -0.30110124]
 [-0.4332738   0.39437327  0.08893926 -0.2045445   0.25479275  0.02252915
  -0.07053199  0.11160295 -0.38277322]
 [-0.3169636   0.7347214  -0.838038   -0.31730542 -1.9807688   1.8283237
  -0.22888994  0.35871476 -0.43249276]]
Peso 2:
[-0.09475149 -0.00371296  0.51798207 -0.02230515  1.0121388  -0.6820259
 -0.00563728 -0.01136588  0.02466122]
Camada: saida
Peso 1:
[[ 0.61434376  0.3088893 ]
 [ 0.79918617  0.0272221 ]
 [-0.5030123   1.1406198 ]
 [ 0.25549176  0.29347184]
 [-1.7210157   1.542483  ]
 [ 1.9593967  -1.4051989 ]
 [ 0.2537865   0.24318215]
 [-0.5287027  -0.32275486]
 [-0.68582785 -0.44876754]]
Peso 2:
[-0.56764996  0.56764907]



pesos modelo: 
Test loss: 0.6423, Test accuracy: 0.7936
Camada: meio
Peso 1:
[[-2.09340483e-01 -3.14535081e-01  1.72559440e-01  9.39556360e-02
  -3.26883793e-03 -4.37525213e-02 -3.26547027e-01  5.21138310e-03
  -1.77920729e-01]
 [ 9.95638296e-02  3.73079747e-01  4.96701300e-02  3.46869707e-01
  -4.33753997e-01 -1.58865035e-01  2.17902496e-01  3.20503831e-01
  -4.69655871e-01]
 [ 4.90551651e-01  1.37794435e-01  8.15552995e-02  1.22753875e-02
  -3.14194739e-01 -7.94606805e-02 -8.69971365e-02  1.11258030e-01
   2.18611509e-01]
 [-2.33348504e-01  4.91293371e-01  3.16446394e-01 -2.35614240e-01
   2.93021113e-01  3.77511859e-01  3.43286395e-01  3.84986639e-01
  -9.11763124e-03]
 [ 5.36473021e-02  4.16141152e-02 -3.76110561e-02  5.92340767e-01
  -1.74082164e-02  1.32452980e-01  5.39851367e-01 -4.49904770e-01
  -3.24840963e-01]
 [-9.02872160e-02 -1.05697714e-01 -6.44312203e-02  1.48484170e-01
   2.13592291e-01  5.11765778e-01  2.16821060e-01  4.46773693e-03
  -2.02054396e-01]
 [-2.90016890e-01 -1.50514930e-01 -1.29870713e-01 -1.06521666e-01
   3.14048618e-01  2.53906488e-01  9.99777461e-04 -2.20151842e-01
   1.96497645e-02]
 [ 9.58559811e-02  2.97123969e-01  1.26494393e-01  8.29018932e-03
   2.80028880e-01  2.91531593e-01  1.53512329e-01 -2.28247970e-01
  -1.49001420e-01]
 [-1.52690396e-01  2.33782426e-01  4.55599993e-01 -5.42685270e-01
   5.44939995e-01  5.99543512e-01 -5.12723386e-01 -2.15420928e-02
   4.16213214e-01]
 [ 3.79707426e-01  3.53831649e-01 -1.88022733e-01  2.79813349e-01
  -2.93057501e-01  5.97436428e-01  8.02677199e-02 -4.71679986e-01
  -1.51440725e-01]
 [ 5.00600457e-01 -3.15553129e-01  4.16441947e-01  3.12909573e-01
  -4.03763205e-01 -2.32876360e-01 -1.76492512e-01 -3.10563833e-01
  -2.14159325e-01]
 [ 7.43276924e-02 -8.52481276e-02 -1.13086969e-01  5.22693992e-01
   3.78064275e-01 -8.29339549e-02  4.21445489e-01 -3.72662127e-01
  -4.61831805e-04]
 [ 3.86389405e-01 -3.08052171e-02 -1.51160210e-01  2.01260760e-01
   2.56111950e-01  3.74790165e-03 -2.61013120e-01  3.00303310e-01
   7.77869970e-02]
 [-4.61405329e-03 -1.55310467e-01  4.16359127e-01  2.07520947e-01
  -8.01642984e-03  2.51785189e-01  1.69305786e-01 -1.89972118e-01
   1.59962833e-01]
 [ 1.75545067e-01 -3.00135434e-01  7.89501071e-01 -5.82768083e-01
  -4.02966321e-01  4.35640842e-01 -4.00478281e-02 -1.05628960e-01
  -4.26251978e-01]
 [-3.30812745e-02 -2.60993302e-01 -1.02531523e-01 -1.88370600e-01
  -1.63959056e-01  3.05418134e-01  2.47037649e-01 -7.80569017e-02
   3.06899935e-01]
 [ 2.36335516e-01  2.08896071e-01  2.85824776e-01  2.14469314e-01
  -2.20733479e-01  2.43404523e-01  4.18316312e-02 -6.02184758e-02
   6.00450933e-02]
 [-1.56611741e-01  4.52907890e-01  2.57886082e-01 -4.00769040e-02
   2.70106733e-01  1.30064771e-01 -1.24274842e-01  1.63722441e-01
  -5.14025912e-02]
 [-6.73882484e-01  1.03507185e+00 -6.69404984e-01  1.40611017e+00
  -2.06011355e-01 -1.44640982e+00  1.54836357e+00  2.37489000e-01
  -1.43200457e-01]]
Peso 2:
[ 0.42047748 -0.00499943  0.64524066 -0.5789635   0.17440075  0.95263433
 -0.4143775  -0.05326501 -0.04783297]
Camada: saida
Peso 1:
[[-0.8174948   0.65524894]
 [ 0.14420451 -0.99859333]
 [-0.88707167  0.84634084]
 [ 1.4704006  -0.86385953]
 [-0.27793518  0.42742735]
 [-1.6018351   1.1679221 ]
 [ 0.85536    -1.5312847 ]
 [-0.09331795 -0.27189738]
 [ 0.45715222  0.36901274]]
Peso 2:
[-0.53929096  0.53929174]



pesos modelo: 
Test loss: 0.8090, Test accuracy: 0.7860
Camada: meio
Peso 1:
[[-0.3567449   0.13452524 -0.03892148  0.13370246 -0.12478527 -0.00603813
   0.45425236 -0.16719025 -0.2209242 ]
 [-0.12465511  0.2190491   0.6268566   0.40833625  0.10497659 -0.60273796
   0.46991602 -0.18619521  0.30501887]
 [ 0.40090352 -0.15042633 -0.02092469  0.33381963 -0.19584607 -0.3347561
   0.44969067 -0.38749984  0.2995787 ]
 [ 0.258348   -0.03813762 -0.19242711 -0.4444858   0.31105015  0.4317094
   0.41104475 -0.09498968 -0.45426664]
 [ 0.05649557 -0.11983333  0.6418316   0.07209414  0.09402648 -0.42165187
   0.31689468 -0.17179602  0.25724006]
 [ 0.20886901  0.02631916 -0.2645571  -0.21694453  0.41764364  0.36466718
   0.2479799  -0.18636954 -0.22840942]
 [-0.14626077  0.37273285 -0.00651703 -0.44489273  0.11604442  0.29889613
  -0.10265882 -0.2519341  -0.31010157]
 [ 0.04229501  0.01178203 -0.10594378  0.39489713  0.17979479 -0.22259213
  -0.39336053  0.43484452  0.39872342]
 [ 0.86337173  0.5756891  -0.5085934   0.0975508  -0.04691574  0.5099413
   0.25996894 -0.12703283 -0.4326782 ]
 [ 0.4736748   0.05460023  0.3923033  -0.15533459 -0.05418288  0.18643713
   0.18919462 -0.1979125   0.2281161 ]
 [ 0.4963533  -0.02608823  0.17008147 -0.33495602  0.08357149 -0.08625697
   0.3673191  -0.35733473 -0.04273214]
 [ 0.01477286 -0.12692627  0.66565996  0.19967538  0.199302    0.27847177
  -0.0455061  -0.18933822 -0.16210087]
 [-0.18189953  0.34060532 -0.15887572  0.12824695  0.36488858  0.21613008
  -0.252323   -0.39179674  0.22488415]
 [ 0.17626242  0.48512074  0.2247306  -0.33136433  0.23304884 -0.30421963
   0.14422823  0.12864989 -0.13500196]
 [ 0.86855394  0.68755203 -0.28343943 -0.1520024   0.08917531  0.21695596
  -0.48178923  0.12558645  0.25442025]
 [ 0.32582003  0.1849938   0.02323647 -0.43165606  0.51575434  0.13334028
   0.23328188  0.17320387 -0.2780865 ]
 [ 0.26051262  0.09351456  0.01026662  0.08668642  0.14315501  0.19289263
   0.33249322  0.00465066  0.06290525]
 [ 0.01019209  0.36186555  0.27853137 -0.39535975 -0.32375968 -0.13580675
   0.05549439  0.24262708 -0.44364074]
 [-1.7072779  -1.1563895   1.481609   -0.00497355  0.9925227   0.05302575
   0.651113   -0.15470557 -0.08692294]]
Peso 2:
[ 1.0954093   0.7391717  -0.4539845  -0.00982641 -0.2263253   0.10423955
 -0.2261811  -0.03062938 -0.03389288]
Camada: saida
Peso 1:
[[-1.8261561   1.3560119 ]
 [-1.0670083   1.3469913 ]
 [ 1.4863698  -1.074137  ]
 [ 0.568257    0.40766028]
 [ 0.02167992 -1.3022413 ]
 [ 0.08219125  0.8386821 ]
 [ 0.35714048 -0.73050755]
 [ 0.19957583  0.00650887]
 [ 0.41746885  0.4075975 ]]
Peso 2:
[-0.37017158  0.37017196]



pesos modelo: 
Test loss: 0.4371, Test accuracy: 0.8506
Camada: meio
Peso 1:
[[-2.72304714e-02 -1.44568235e-01  1.60617828e-01  4.00701642e-01
   2.39793658e-01 -3.77876312e-01  2.07228422e-01  2.35819221e-01
   2.73445427e-01]
 [ 1.06471203e-01 -1.41653135e-01  2.77237773e-01  3.07147563e-01
   3.97446632e-01 -1.90099195e-01  4.89045262e-01  4.30221766e-01
   2.09981322e-01]
 [ 2.27643158e-02  9.13923457e-02  4.65661734e-02 -2.22021624e-01
   4.60599363e-01  3.67035002e-01 -3.47187296e-02 -3.34581435e-01
   2.28542030e-01]
 [ 3.01510096e-02  9.62077975e-02 -8.52144435e-02 -3.63905251e-01
  -4.71567601e-01 -4.17977989e-01 -1.23753034e-01 -2.71012247e-01
   1.78871945e-01]
 [ 1.19244583e-01 -2.79953063e-01  1.93835407e-01  6.09052666e-02
   2.65787207e-02 -4.58118127e-04  3.22641790e-01  6.72510490e-02
   1.79348528e-01]
 [-2.25686133e-02  1.53341994e-01  7.14446753e-02 -1.60501525e-01
  -7.19794631e-02  4.41086531e-01  1.72071874e-01 -1.32158637e-01
   1.28347307e-01]
 [ 5.78039698e-02  3.37693483e-01 -1.45543188e-01  1.95383519e-01
  -3.72475595e-03  3.80613320e-02  1.65313214e-01 -4.56360906e-01
  -4.88662273e-01]
 [ 2.62172908e-01  3.77034545e-01  7.52240717e-02 -2.56885290e-01
  -4.20530736e-01  2.98429996e-01  2.23862708e-01 -4.43787694e-01
   4.28665102e-01]
 [-4.84508306e-01  7.51295626e-01 -1.08978480e-01  3.98949167e-04
   3.10841650e-01  2.30895728e-01 -6.38181090e-01  5.13944738e-02
   9.62111205e-02]
 [ 1.80705085e-01  3.49579066e-01 -6.75313920e-02 -5.85855208e-02
   2.30346128e-01  4.28219169e-01  4.20532435e-01  2.65654355e-01
   4.31921989e-01]
 [ 1.98587373e-01  5.59763312e-01  1.98186129e-01  1.06951669e-01
   3.83354947e-02 -2.03145772e-01  2.70032078e-01 -1.56704739e-01
   1.92621693e-01]
 [ 4.87578064e-01  2.08076447e-01  6.10232174e-01 -1.22090906e-01
   1.78833276e-01  1.64816588e-01  2.94891715e-01 -4.38364476e-01
   2.44804680e-01]
 [-3.59124504e-03  3.44958939e-02  1.36302924e-02 -3.30149353e-01
  -1.75927877e-01  3.48213404e-01 -2.81830877e-01  3.20108145e-01
  -2.41915405e-01]
 [ 2.91131943e-01  2.82341123e-01 -6.58035129e-02 -4.38729376e-02
  -2.29289442e-01 -1.88715860e-01 -1.52213216e-01  1.36288881e-01
   1.82099909e-01]
 [-1.83917448e-01  8.68214250e-01 -1.41004473e-01 -3.75062287e-01
  -3.26125920e-01  3.28262568e-01 -4.46941644e-01 -1.79875851e-01
   1.58275962e-01]
 [ 5.77442441e-03  1.50665358e-01  1.22658223e-01 -8.53026882e-02
  -3.39472800e-01  4.89890099e-01  1.95750237e-01 -1.51061118e-01
   3.23700905e-01]
 [-1.42045185e-01  1.04444608e-01  1.66234076e-01 -3.51886600e-01
   3.05019617e-01 -2.16142192e-01 -2.75739729e-01 -2.91008383e-01
  -2.65299410e-01]
 [ 2.17887849e-01  3.48811567e-01 -1.91101447e-01 -1.44897193e-01
  -1.20529230e-03  2.62418956e-01  3.30425262e-01  9.24451202e-02
   3.94658744e-03]
 [ 1.92384064e+00 -1.65320313e+00  1.24123836e+00 -2.04547137e-01
  -2.23733068e-01 -1.25631303e-01  7.90580869e-01 -3.12307507e-01
  -3.83276999e-01]]
Peso 2:
[-0.42639056  1.1425191  -0.31903988 -0.09744594 -0.01737532  0.11036158
 -0.30579355 -0.01563338  0.20666182]
Camada: saida
Peso 1:
[[ 1.4003807  -1.3257518 ]
 [-1.5455652   1.7769161 ]
 [ 0.9159284  -0.8959913 ]
 [ 0.33197576 -0.39946106]
 [-0.16497535 -0.16443236]
 [ 0.02471743  0.52735746]
 [ 1.2080421  -0.23002817]
 [-0.38880894 -0.35316882]
 [-0.73093575  0.02901014]]
Peso 2:
[-0.5715877   0.57159007]



pesos modelo: 
Test loss: 0.3763, Test accuracy: 0.8643
Camada: meio
Peso 1:
[[ 3.66369069e-01  4.34428573e-01 -3.01904738e-01 -2.83773839e-02
   8.76059532e-02 -2.89692372e-01 -5.95669448e-02 -3.41955245e-01
   3.37390602e-01]
 [-7.92016461e-02  1.42330760e-02  3.67439806e-01  8.57738405e-02
  -4.96556088e-02  1.74175695e-01 -3.28352749e-01 -1.12503998e-01
  -2.53868163e-01]
 [ 1.28712520e-01  9.97691974e-02 -2.63387203e-01  2.74987727e-01
  -4.20704596e-02  1.89641774e-01  1.23925179e-01  2.63176411e-02
  -1.15591049e-01]
 [ 1.38661236e-01  1.78149328e-01 -3.83388966e-01  2.80185696e-02
  -4.48216051e-01 -2.71851361e-01 -3.95130217e-01  2.06795588e-01
   2.35054865e-01]
 [-6.33732900e-02 -1.89813688e-01  2.01194566e-02 -1.78283453e-01
  -2.10104883e-01 -4.75234270e-01 -3.06359380e-01 -3.28283429e-01
  -1.30432412e-01]
 [ 1.20321207e-01 -3.99209172e-01  3.78484488e-01 -5.88226598e-03
  -3.07818443e-01  4.22810391e-02 -3.83742273e-01  1.44889012e-01
  -1.08489051e-01]
 [ 1.33831486e-01  2.11878300e-01  1.93319961e-01 -1.85025096e-01
  -1.81648001e-01 -1.09724671e-01  2.65499234e-01 -8.79209340e-02
  -4.46473926e-01]
 [ 1.41141385e-01  1.64720505e-01 -2.90243566e-01 -2.16557711e-01
  -2.75556475e-01 -4.43332642e-01 -2.81623691e-01 -2.67449617e-01
  -7.14970082e-02]
 [ 8.70039523e-01  2.60996795e-03 -2.78298020e-01 -4.55841452e-01
  -3.53018731e-01  3.42060477e-01  3.38328093e-01 -4.77979369e-02
  -7.06988573e-02]
 [ 1.27353057e-01 -2.80682772e-01  3.70632768e-01 -2.00716197e-01
   3.92144501e-01  8.68808329e-02 -3.49709868e-01  1.48665547e-01
  -1.33808240e-01]
 [ 1.33315101e-01 -2.47186363e-01  1.34777665e-01 -2.46109888e-01
   1.51175946e-01 -4.55973949e-03  3.75006229e-01 -2.28200704e-01
   2.85174072e-01]
 [-4.59361412e-02 -5.29216111e-01 -5.15608251e-01 -3.46662194e-01
  -1.22967497e-01 -3.31724733e-01 -3.25209469e-01 -7.44409487e-02
  -3.92977208e-01]
 [ 1.36444330e-01  2.01816946e-01 -3.44785511e-01  1.44907594e-01
   1.41891437e-02  1.97414607e-01  2.20484972e-01 -3.54243636e-01
   2.36734629e-01]
 [ 1.13398507e-01 -2.33888328e-01  2.45790303e-01 -2.52274513e-01
   1.40927862e-02 -5.19098267e-02  2.49076366e-01  1.74957007e-01
  -3.21723789e-01]
 [ 8.86329234e-01  3.74426126e-01 -1.42537087e-01  2.98001498e-01
  -3.35768670e-01  1.35718659e-01 -3.25038224e-01  3.88256043e-01
  -3.83349508e-01]
 [ 1.25491619e-01  2.93390006e-01 -2.86437243e-01  1.89585611e-01
  -2.76608348e-01 -3.03553045e-01 -2.91283101e-01 -2.79413998e-01
   1.48786739e-01]
 [ 1.13227479e-01  4.30352181e-01  1.61839843e-01 -2.08338857e-01
  -4.32066947e-01  9.37978327e-02  2.72291124e-01 -9.99315679e-02
  -1.73910692e-01]
 [ 1.25691205e-01 -2.81043619e-01 -3.90808254e-01 -4.07056689e-01
   1.96915716e-02 -1.54546916e-01 -4.35296834e-01 -7.81169161e-02
  -2.41880983e-01]
 [-2.96525311e+00 -3.12746525e-01 -5.69460809e-01 -1.15892805e-01
  -3.17190170e-01 -2.00368464e-01 -4.09309799e-03 -1.24482810e-01
  -3.71734411e-01]]
Peso 2:
[ 2.0093548   0.118061    0.04962157 -0.10277271 -0.0374328  -0.13743871
  0.09547873 -0.01136355 -0.02595663]
Camada: saida
Peso 1:
[[-2.1606863   3.0240228 ]
 [-0.46916214  0.08907835]
 [ 0.25585338  0.7063812 ]
 [ 0.2398757  -0.37689015]
 [ 0.28183106 -0.13751774]
 [ 0.22538044  0.05097144]
 [ 0.06406995  0.62360084]
 [-0.4067483  -0.36095065]
 [-0.5051914  -0.6527531 ]]
Peso 2:
[ 3.2686136 -3.268615 ]



pesos modelo: 
Test loss: 0.6667, Test accuracy: 0.8013
Camada: meio
Peso 1:
[[ 0.23206758 -0.01239061 -0.44953918  0.33041877  0.24561459  0.06860769
  -0.34618583 -0.3069358  -0.3910452 ]
 [ 0.00823777 -0.22750387  0.5687166   0.14618658 -0.28337678  0.30868858
   0.33492276  0.35552916  0.27375123]
 [ 0.32130212  0.24700965 -0.11957115  0.13934177 -0.24260215  0.05852106
   0.15888692  0.01428154  0.06887902]
 [ 0.28574416  0.2246912   0.45551717 -0.2662807  -0.08083078 -0.0506689
   0.05024682  0.19547267 -0.23742636]
 [-0.4565118   0.1626399   0.42259625  0.4908922   0.57643557  0.05482079
  -0.3256626  -0.32561234  0.26371622]
 [-0.37563345  0.27242997 -0.16045843 -0.17159414  0.36509907 -0.10560517
  -0.46563065  0.41452935 -0.2051474 ]
 [ 0.38910922 -0.00316391 -0.0860447  -0.03650911 -0.28095233 -0.07996981
  -0.3120718  -0.04327828 -0.31905505]
 [-0.11597195  0.19771338 -0.2558109   0.24708278  0.26070526 -0.20819102
  -0.11344935  0.31263155  0.01356915]
 [ 0.9313712  -0.00980845 -0.5479498  -0.48012707  0.5040948   0.00346056
   0.07385567 -0.10217834 -0.0971012 ]
 [ 0.24118064  0.2601241  -0.07397412 -0.05132839  0.20548679  0.1883518
   0.16950895 -0.36247638 -0.316483  ]
 [-0.04873434  0.10664543 -0.324548    0.10844176 -0.01110939  0.30653095
  -0.35182557 -0.23875718  0.60794556]
 [ 0.35358644  0.19840734  0.29379842  0.62477416 -0.41872156  0.5759722
  -0.14566383  0.16138098  0.28813416]
 [ 0.23517647  0.10027814 -0.19809832  0.24090531  0.40030345  0.37640226
  -0.16592999 -0.08521265  0.41861916]
 [ 0.21817696  0.5498024   0.39235047  0.32934868 -0.24798088 -0.325211
   0.1051726  -0.17268373  0.21352865]
 [ 0.05499946  0.6212728  -0.36669165 -0.66706264  0.37425247 -0.6055614
  -0.01150339  0.2477214   0.0614386 ]
 [ 0.5616095  -0.38045463  0.14770257 -0.08998866 -0.10650259 -0.00432077
  -0.28305906 -0.2649073   0.17012335]
 [ 0.574893    0.01659153  0.15271561 -0.13475713 -0.05038093  0.31169435
  -0.21802928 -0.44622183 -0.1908199 ]
 [-0.05421923  0.21413746 -0.04983083  0.18603967  0.4190513   0.22316687
  -0.21756783  0.09173101  0.52812463]
 [-0.86871356 -0.806415    1.3307358   1.756483   -0.26280576  1.3470708
  -0.28083143 -0.04686351 -0.8834078 ]]
Peso 2:
[ 0.80487317  0.58383834 -0.182817   -0.39502007  0.38921118 -0.2920467
 -0.15223892  0.05886956  0.48085865]
Camada: saida
Peso 1:
[[-0.95280945  1.3044146 ]
 [-0.8382968   0.8933473 ]
 [ 0.73034394 -1.130171  ]
 [ 1.2568284  -1.3901125 ]
 [-0.12869984  0.98295164]
 [ 1.2943639  -0.5272253 ]
 [ 0.5854582  -0.4436878 ]
 [ 0.29572666  0.62320894]
 [-0.8330719   0.6359266 ]]
Peso 2:
[-0.7057252  0.7057269]



pesos modelo: 
Test loss: 0.2106, Test accuracy: 0.9148
Camada: meio
Peso 1:
[[ 1.76085353e-01  1.74746573e-01 -2.40955696e-01 -4.28049266e-02
  -4.09181386e-01 -6.98778927e-02  4.62986827e-02  2.84412563e-01
  -2.33607277e-01]
 [ 3.77907664e-01  1.51226655e-01 -1.78847477e-01  2.06991896e-01
   3.62816811e-01 -6.33411333e-02  2.23038837e-01  2.86936283e-01
   1.96949303e-01]
 [-3.10517341e-01 -2.30152026e-01  3.74763340e-01 -9.84197631e-02
  -2.97544003e-01  2.46331930e-01 -3.19844812e-01  3.48449975e-01
  -2.49356478e-01]
 [-1.23360038e-01  1.12497337e-01  2.70574808e-01  6.39847666e-02
  -3.17485243e-01  2.87793815e-01  3.53202283e-01  2.45598570e-01
  -1.04527228e-01]
 [ 4.51451421e-01  2.05638126e-01  6.06101304e-02  3.17949384e-01
   1.57586053e-01 -1.19730504e-02 -2.36142620e-01  2.73833483e-01
  -2.19486818e-01]
 [-4.01212752e-01 -1.10467993e-01 -5.77637292e-02  1.91570997e-01
   2.76395530e-01  4.47282135e-01  4.59225476e-01 -2.20985398e-01
  -2.69609541e-01]
 [ 8.53761137e-02 -9.50516909e-02  1.68065652e-01  3.87548983e-01
  -2.62498051e-01 -2.31290758e-01  4.68167186e-01  1.50583554e-02
   1.52288646e-01]
 [-2.75528520e-01  1.16832443e-01  4.04463917e-01  1.10369608e-01
  -2.33453125e-01 -2.76174217e-01 -1.31004862e-02  3.12417626e-01
  -1.08349174e-01]
 [ 1.62794843e-01  4.84994277e-02  8.97643507e-01 -5.45416355e-01
  -1.30832911e-01 -3.25652748e-01 -3.14559639e-01 -1.57405600e-01
   3.01811963e-01]
 [-1.51179299e-01  2.42770210e-01  7.54868165e-02  2.49429911e-01
   1.36508882e-01  8.83817822e-02  1.77784160e-01 -3.19108605e-01
   2.24930525e-01]
 [-1.02460980e-01  2.04201043e-01  3.41794372e-01  2.44475201e-01
   3.79960597e-01 -8.57728049e-02 -1.41816780e-01  6.59010978e-03
  -2.20082164e-01]
 [ 4.70054328e-01  1.18285783e-01  2.85778403e-01  5.12683868e-01
   3.89061183e-01 -5.82582615e-02 -1.08130611e-01  6.70593441e-01
   2.36407489e-01]
 [-3.24264675e-01  2.92117983e-01  8.37665871e-02  2.48807654e-01
  -1.79299772e-01  1.53445348e-01  5.09042442e-01 -1.95432350e-01
  -5.67055866e-02]
 [ 2.00050369e-01 -1.66896269e-01  2.10936800e-01 -2.23953381e-01
   1.47920698e-01 -1.75530583e-01 -9.23630297e-02  3.72968614e-01
  -1.77137777e-01]
 [-1.51526734e-01 -3.87619466e-01  5.80047429e-01 -2.18916059e-01
  -3.66068423e-01 -3.90535116e-01 -2.23708063e-01 -5.58763504e-01
  -2.65590072e-01]
 [ 2.50028104e-01 -5.25293238e-02  1.08615950e-01 -1.24481402e-01
   1.99527919e-01  3.36888403e-01  4.78997417e-02  7.89124668e-02
  -3.82732987e-01]
 [ 2.96767801e-01  3.96331847e-01  2.12254345e-01  2.65196234e-01
   3.55671975e-04 -6.84343427e-02  3.93778294e-01 -1.88745648e-01
  -3.92879725e-01]
 [-3.93709660e-01  1.09753557e-01  1.41151026e-01 -5.37436083e-02
   8.58924091e-02  2.17904732e-01  2.48442441e-01  1.01369925e-01
  -2.83356160e-01]
 [-1.23917721e-01  8.46507728e-01 -2.01567531e+00  1.06144321e+00
  -3.97351474e-01  6.43007696e-01 -9.12521720e-01  1.33089352e+00
  -2.70480037e-01]]
Peso 2:
[-0.06599763 -0.14428069  1.1187984  -0.42742342  0.05146602  0.01355045
  0.3963144  -0.19269148 -0.08784644]
Camada: saida
Peso 1:
[[ 0.25755057 -0.0134784 ]
 [ 0.563939   -0.8039732 ]
 [-1.7003005   1.959804  ]
 [ 0.81277484 -1.0239432 ]
 [-0.7453412  -0.368303  ]
 [ 0.9613321   0.4209682 ]
 [-0.8746108   0.5027657 ]
 [ 1.1721879  -1.0288111 ]
 [ 0.06656425 -0.43868032]]
Peso 2:
[-0.46257615  0.46257785]



pesos modelo: 
Test loss: 0.7070, Test accuracy: 0.7871
Camada: meio
Peso 1:
[[-0.18891817 -0.3545101   0.25255728  0.14856958  0.1934802   0.09674305
  -0.17640275 -0.16254792  0.22853702]
 [ 0.04368493  0.6431443  -0.09978835  0.19946264  0.18375573 -0.07235055
  -0.05011684  0.03193266  0.30994216]
 [ 0.34923857 -0.01765604  0.19565825  0.088723   -0.1984224  -0.10193735
   0.22865665  0.39343828  0.22921833]
 [-0.0885774  -0.1203568   0.18377472  0.15727091 -0.00484523  0.21099028
   0.08879207 -0.24828939 -0.27165133]
 [-0.09046177  0.6529354   0.34438077  0.2742805   0.13522923 -0.10720143
   0.3066328  -0.15366894  0.14542994]
 [ 0.25130823 -0.04045193  0.16272122  0.44325387 -0.39455742  0.2042298
  -0.3720179   0.21599588 -0.34280875]
 [ 0.12181375 -0.12789133 -0.03353507  0.11756146 -0.29611066  0.21833877
  -0.44862655 -0.01900114  0.10360279]
 [ 0.30059728  0.01917377 -0.23100856  0.25018927  0.5266599   0.01198022
   0.22762875 -0.17059287 -0.12772903]
 [ 0.00385566 -0.881755   -0.4256995   0.257104    0.3549715   0.028283
  -0.29422584  0.3085969   0.43376213]
 [ 0.36487812  0.25588366  0.18550362  0.21180056  0.03695129  0.3252556
   0.4314421   0.3502016  -0.23466073]
 [-0.20437287  0.20544489  0.2397449  -0.00965834 -0.01209856  0.41806215
   0.27917817  0.3035328   0.23681816]
 [ 0.44147637  0.5935038  -0.08418919  0.08598468 -0.25881076 -0.14718993
  -0.4351342   0.4102961   0.33309135]
 [-0.42633966  0.16158734  0.20712666  0.14240545 -0.00616443  0.1529235
   0.2913442   0.35142836  0.14231163]
 [-0.35157233  0.07241975  0.19467036 -0.21517585  0.35406384  0.42764503
  -0.28268296  0.12106707 -0.24562415]
 [-0.4161892  -0.7126221  -0.41056013  0.2245863   0.18933031  0.50587356
   0.14584522  0.4320444  -0.08423862]
 [ 0.3935952  -0.08232812 -0.35605547 -0.06867762  0.5955134  -0.01007156
   0.3202754  -0.0210372  -0.327451  ]
 [ 0.3701519   0.15849717 -0.03797332  0.34573752  0.46097255  0.22930424
   0.00884832 -0.18004857 -0.09564403]
 [-0.2171972   0.06680913 -0.39996153 -0.0929656  -0.28632003  0.46120763
   0.10674778  0.4128865   0.29288447]
 [-0.10652514  2.4509778  -0.44230434 -1.0500805  -0.4150525  -0.84461814
  -0.11512502 -0.7560526  -0.29426035]]
Peso 2:
[-0.00352856 -0.6207328   0.11018711  0.40910602  0.50287247  0.5610321
  0.03089742  0.41569638  0.1276204 ]
Camada: saida
Peso 1:
[[ 0.02887259  0.10900147]
 [ 1.4322184  -2.393588  ]
 [-0.6501403   0.3681661 ]
 [-1.3655157   0.08788411]
 [-0.64225334  0.7263106 ]
 [-0.8601279   0.87861997]
 [-0.49195203 -0.07536553]
 [-0.16681878  1.2996191 ]
 [-0.36264184  0.46135026]]
Peso 2:
[-0.5545389   0.55454046]



pesos modelo: 
Test loss: 0.4978, Test accuracy: 0.8367
Camada: meio
Peso 1:
[[ 1.56792641e-01  4.37122583e-02  2.05405474e-01  3.04980874e-01
   8.07681680e-03 -2.64584243e-01  1.14467680e-01  4.16379929e-01
  -3.02203834e-01]
 [ 8.37080404e-02  4.04130697e-01 -3.81623924e-01  8.87592912e-01
  -4.01638418e-01  9.18508396e-02 -2.29477927e-01  2.88664717e-02
   1.50209278e-01]
 [-2.11684123e-01  3.76017362e-01  3.56772065e-01  1.92614257e-01
  -4.07350838e-01 -4.15159851e-01  1.26142696e-01 -1.17985398e-01
  -2.93375909e-01]
 [ 7.26106316e-02 -2.34120674e-02  2.46536016e-01 -2.89447308e-02
   4.20230031e-01  1.36589073e-03  3.02432716e-01 -4.26901489e-01
  -3.51170897e-01]
 [-1.41232669e-01  1.30133390e-01  6.67683361e-03  5.31423569e-01
   1.86390519e-01 -3.95034283e-01  2.12929219e-01  1.37714401e-01
  -2.56966919e-01]
 [-9.86847952e-02 -1.08111382e-01  1.90394387e-01 -1.38458624e-01
   2.91581392e-01  3.35122168e-01  4.82423045e-02  1.11752026e-01
   3.05621058e-01]
 [ 5.03682315e-01  4.28697854e-01 -1.19624428e-01  3.35529327e-01
  -3.84342849e-01  4.31594968e-01 -4.56509888e-02  4.08851177e-01
  -3.45791250e-01]
 [ 5.32033145e-02  2.25360975e-01 -2.57920213e-02  8.73584375e-02
  -3.11841190e-01 -3.71354461e-01  1.58270359e-01 -4.32007670e-01
   3.48685861e-01]
 [-1.28881365e-01  4.63340104e-01  4.48009700e-01 -6.38744950e-01
  -1.83573857e-01  1.72124952e-01  1.29477054e-01 -1.27208412e-01
   3.47376406e-01]
 [ 4.37719703e-01 -8.28972757e-02 -1.00698695e-02 -4.95482534e-02
  -1.66291282e-01 -4.37849164e-01 -3.91114503e-02 -1.35758296e-01
   2.27007717e-01]
 [ 1.81775093e-01  3.63640249e-01  4.53585237e-01  3.89034331e-01
  -4.68164176e-01 -3.58497411e-01 -2.77551830e-01 -3.88886601e-01
  -2.04022545e-02]
 [-2.25728378e-01 -3.10438752e-01 -2.63133533e-02  2.72297502e-01
  -1.21188417e-01  6.19856752e-02  7.43866935e-02  3.83363932e-01
   1.08303636e-01]
 [-3.18126306e-02  2.20194474e-01  2.20975399e-01  1.05663398e-02
   3.10143679e-01  1.06378168e-01 -6.05948530e-02  2.14195266e-01
  -2.25310341e-01]
 [ 4.46013838e-01  2.29967952e-01  2.56452948e-01  3.34767163e-01
  -3.34850103e-01 -3.43751341e-01 -1.24784030e-01 -3.49976510e-01
   4.28798124e-02]
 [ 6.38095558e-01  4.66291189e-01  3.22962046e-01 -6.63056731e-01
  -4.45080131e-01 -1.43849760e-01 -2.61756539e-01 -1.24075793e-01
   2.45186508e-01]
 [ 2.54225761e-01 -7.95003846e-02  1.59879863e-01 -1.53247816e-02
  -1.50259078e-01  3.27054501e-01 -5.34840107e-01 -1.91253915e-01
   2.91996568e-01]
 [ 1.64787352e-01  5.78068681e-02  1.84465572e-02 -7.38421679e-02
   3.57490718e-01 -2.04760022e-02  2.79451519e-01  2.29750618e-01
  -6.93087205e-02]
 [ 3.15364808e-01  3.59074995e-02  1.52031228e-01  6.83837831e-02
   3.80272083e-02  3.96378338e-01 -4.61721122e-01 -4.08665203e-02
   3.55692685e-01]
 [-8.97092521e-01 -1.53085387e+00 -8.61243844e-01  2.11404324e+00
  -2.15706602e-01 -1.20946422e-01  7.35949203e-02 -9.39294249e-02
  -3.47371340e-01]]
Peso 2:
[ 0.4835208   0.9179354   0.62672657 -0.5113656  -0.04600487  0.13210617
 -0.03750328 -0.05258846  0.24295042]
Camada: saida
Peso 1:
[[-0.90907973  0.6799337 ]
 [-1.3040626   1.5030793 ]
 [-0.4328388   1.2645699 ]
 [ 2.1897242  -1.2010972 ]
 [-0.37505877 -0.49759948]
 [ 0.11042654  0.73768735]
 [-0.35528207  0.57884794]
 [ 0.01212547 -0.30014566]
 [-1.0309696  -0.28013825]]
Peso 2:
[-0.4017931  0.401794 ]



pesos modelo: 
Test loss: 0.4178, Test accuracy: 0.8518
Camada: meio
Peso 1:
[[ 3.64236355e-01  2.32451856e-01  1.28668070e-01  2.90677845e-01
   2.06530750e-01 -1.01103306e-01 -4.43244994e-01 -3.02549303e-01
  -4.41887140e-01]
 [-1.47364974e-01  4.16189671e-01  9.68684554e-02  5.47111571e-01
  -5.84928365e-03 -1.08120061e-01  2.85672963e-01  3.02080482e-01
  -4.69597161e-01]
 [-2.97293216e-01  2.26892740e-01 -1.97243154e-01  9.14890692e-02
   2.91120321e-01  3.95294160e-01  4.07752275e-01  1.88682631e-01
   3.80646855e-01]
 [ 1.15357943e-01  1.75894842e-01  2.01111645e-01 -1.47343755e-01
   3.09501529e-01 -4.40149248e-01 -1.30895957e-01  1.99184977e-02
  -4.28468317e-01]
 [-2.87061661e-01  5.00751913e-01 -8.45130309e-02  4.47633535e-01
  -1.12676159e-01 -4.29802150e-01  3.18554461e-01 -1.95027504e-03
   3.39884073e-01]
 [-1.91768408e-01 -3.33404392e-01 -3.19880009e-01  1.19091555e-01
   8.23441744e-02  1.11850359e-01  1.57610521e-01  1.90809965e-01
  -1.90780938e-01]
 [ 1.28445596e-01  1.11215726e-01 -4.44141328e-02  6.24263771e-02
   2.41612867e-02 -4.26567554e-01  3.63492101e-01 -1.76060572e-01
   3.86281937e-01]
 [ 1.10347815e-01  3.93178873e-02  2.32210428e-01  1.62751406e-01
   1.92187160e-01  1.11520231e-01  1.09373294e-01  1.24350220e-01
  -2.80614585e-01]
 [-3.06304488e-02 -2.00199142e-01  1.60108134e-02 -3.20825189e-01
   7.07972169e-01 -6.54233024e-02  6.55054152e-01 -3.10641110e-01
   4.09684807e-01]
 [ 1.30451873e-01 -1.34037301e-01  3.47695380e-01  4.47004527e-01
   1.66810319e-01  3.54242265e-01  3.26962084e-01  3.87957215e-01
  -1.55157074e-01]
 [ 8.19530636e-02 -6.51565716e-02  4.54031341e-02  3.05686921e-01
   4.73808974e-01 -3.80419374e-01 -2.44829595e-01  7.00010955e-02
   4.63484406e-01]
 [ 2.31317937e-01  5.82663178e-01  3.93843204e-01  4.34527934e-01
  -3.33474353e-02 -1.46212339e-01  6.84393048e-02 -6.81241602e-02
   9.45417583e-02]
 [ 2.93743223e-01  1.13065973e-01  1.87404916e-01  1.59212738e-01
   3.20728779e-01  4.22061563e-01 -4.88456897e-02  9.97001305e-02
   2.35366777e-01]
 [-3.95200878e-01  2.83916026e-01  4.31333423e-01  7.89975300e-02
   3.80897939e-01 -4.29116607e-01  9.53573659e-02  3.91593486e-01
  -1.40681967e-01]
 [-2.70985425e-01  3.91623527e-02 -3.04215789e-01 -4.76778388e-01
   8.76138508e-01 -8.33604187e-02  3.96372616e-01 -1.75560355e-01
   2.42502451e-01]
 [ 1.82502359e-01 -2.92510808e-01  3.02227978e-02  2.74496198e-01
   6.66483119e-02  1.05065643e-03  5.79260029e-02 -9.91109833e-02
  -3.65919679e-01]
 [-2.11968526e-01 -1.17381811e-01 -2.04930012e-03 -1.66454360e-01
   5.23795038e-02  4.53710020e-01 -1.58548161e-01 -1.41956583e-01
  -3.35877180e-01]
 [ 3.35122615e-01  2.48880014e-01 -1.04268357e-01 -3.94146182e-02
   2.92579442e-01  4.69359457e-02  1.67078272e-01  2.08281353e-01
   4.02433246e-01]
 [-2.12324321e-01  1.47999704e+00 -7.64427304e-01  8.78229678e-01
  -1.69109130e+00  9.29229632e-02 -1.35934174e+00  5.32361031e-01
   2.46470168e-01]]
Peso 2:
[-0.07634722 -0.29584575  0.25153396 -0.515343    0.94055605  0.04636234
  0.5611668  -0.10987578  0.03284343]
Camada: saida
Peso 1:
[[-0.44468907 -0.4043385 ]
 [ 1.4660796  -0.9763496 ]
 [-0.4267464   0.6391361 ]
 [ 0.87819785 -1.1008179 ]
 [-1.4723352   1.6213591 ]
 [-0.6259568   0.02914262]
 [-0.77054524  1.305424  ]
 [ 0.23041263 -0.8096143 ]
 [ 0.2795957   0.5927373 ]]
Peso 2:
[-0.41202772  0.41203025]



pesos modelo: 
Test loss: 0.9579, Test accuracy: 0.7546
Camada: meio
Peso 1:
[[-0.01948011  0.26795155 -0.08129719  0.20516557 -0.07603228 -0.03448197
   0.01639205  0.3216197  -0.06944826]
 [-0.13348539 -0.19578665  0.16729847 -0.22413212  0.07734098  0.43001512
   0.2945801  -0.00851018  0.39655206]
 [-0.20789117  0.02349244 -0.20406985  0.56549406  0.41330373  0.25501433
  -0.2629967   0.08775662  0.25688577]
 [ 0.00827418  0.25399795  0.31582975 -0.35133472 -0.40876955 -0.2148583
   0.06522094  0.20555283 -0.01740029]
 [-0.16067842  0.13401575 -0.02750586  0.05219966 -0.2871451   0.63892114
   0.3101726  -0.04225007  0.24327083]
 [-0.04044728  0.06948594  0.4188611   0.20397651 -0.22030067  0.2077784
  -0.02526242 -0.07093092 -0.29121426]
 [ 0.15829934 -0.30426806 -0.09701545  0.35773608 -0.28305015 -0.01563386
  -0.08568506 -0.16627699  0.36323383]
 [-0.20886154  0.43993357  0.3070579   0.46922055 -0.40486106  0.29209855
   0.51045036 -0.23113063  0.27265635]
 [ 0.23843957  0.3671096   0.27811122  0.7321706   0.35101035 -0.76593995
   0.07313498  0.10260541 -0.19456288]
 [-0.25228053  0.43077663  0.01394934 -0.11146707 -0.12463191  0.02439506
  -0.2465356  -0.38959816 -0.4433256 ]
 [ 0.11819411  0.30512285  0.1219712   0.16626148  0.3420641   0.02393276
   0.11194579  0.35550675  0.11803922]
 [ 0.06148418  0.2939253   0.37316245 -0.4118152  -0.12087598  0.673493
  -0.09938482  0.05721219 -0.28242344]
 [-0.14581458  0.04520753  0.06726316  0.47842088  0.10077769  0.03876091
   0.44324476 -0.29404646 -0.21339017]
 [-0.12465968 -0.21592236 -0.19530159  0.6859542  -0.35182175  0.16223416
   0.0418503  -0.03265921 -0.35839716]
 [ 0.08093452  0.49654964  0.4510753   0.78041196  0.3191769  -0.5188823
  -0.4266596  -0.24571127  0.02436433]
 [ 0.2453645  -0.17914435 -0.15315644  0.07627099 -0.25026956 -0.17819303
  -0.27258742  0.30813247 -0.20820133]
 [-0.08390326  0.34253505  0.36182272  0.31083545  0.56235003  0.3575176
   0.10773426 -0.15279727 -0.32677832]
 [-0.09794202 -0.2830442   0.3118457   0.36277133 -0.22167644  0.00689598
   0.28052053  0.34015474 -0.27903092]
 [-0.4046526  -0.78486454 -1.0181139  -1.0040994  -0.40700117  2.1786363
   1.0055059   0.4007115  -0.4024117 ]]
Peso 2:
[-0.2883009   0.55457824  0.48898137  0.91744286  0.21741393 -0.8170676
 -0.06133955 -0.10676681  0.03823381]
Camada: saida
Peso 1:
[[ 0.26078528 -0.4477777 ]
 [-0.5315764   0.77175844]
 [-0.62872964  0.9246688 ]
 [-1.2631387   1.1663045 ]
 [-0.7441522   0.23973466]
 [ 1.662141   -1.7973661 ]
 [ 1.1459212  -0.10201488]
 [ 0.24247743 -0.4758002 ]
 [ 0.46356228  0.7140805 ]]
Peso 2:
[-0.7088369  0.7088376]



pesos modelo: 
Test loss: 0.2726, Test accuracy: 0.8954
Camada: meio
Peso 1:
[[ 2.69115448e-01  1.10453010e-01 -2.46447861e-01  3.10238719e-01
  -2.33824253e-02 -4.42559481e-01  1.98738158e-01 -4.56605941e-01
  -3.98347378e-01]
 [ 6.36113691e-04  1.92063272e-01  4.78430867e-01  4.30423081e-01
   4.12461877e-01 -4.71777141e-01  3.45714331e-01 -4.01247293e-01
   1.76533505e-01]
 [-3.72570217e-01 -2.80526251e-01  3.31625104e-01 -2.64010429e-01
  -1.81177154e-01 -2.75906950e-01 -3.51032354e-02  2.70412058e-01
  -3.63089949e-01]
 [-2.52887040e-01 -2.81749576e-01  1.86904266e-01 -4.43858579e-02
   4.26262841e-02  5.03825583e-02  1.18873343e-01  3.32672298e-02
   4.21839625e-01]
 [ 2.02379078e-01 -4.30558920e-01 -1.53246492e-01  7.22782493e-01
  -9.36583951e-02 -1.91820547e-01  2.89468497e-01  5.53148873e-02
  -2.55633235e-01]
 [-1.53188437e-01  9.68354642e-02  2.58105755e-01 -2.17372313e-01
   3.23073655e-01  1.97079837e-01  8.10779259e-02 -1.97134420e-01
   3.52370650e-01]
 [ 2.23166883e-01 -2.35970989e-01  3.25930528e-02  5.10821998e-01
   3.32210988e-01 -5.43293618e-02  4.16091770e-01  4.34950888e-01
   4.24302876e-01]
 [ 1.22834183e-01 -3.60454410e-01 -2.49270983e-02  1.81349635e-03
  -2.07444146e-01 -5.91344275e-02 -4.03112248e-02  3.50403458e-01
  -1.22599117e-02]
 [-3.98152143e-01  1.13017760e-01  5.21982349e-02 -7.18922734e-01
  -1.97779059e-01 -2.99867964e-03  2.81095058e-01  7.15149999e-01
  -7.49862939e-02]
 [ 2.16906846e-01 -2.67200936e-02  3.78974169e-01  3.70291881e-02
  -3.53433102e-01  3.18118393e-01  2.90272176e-01 -4.92467992e-02
   5.12302577e-01]
 [-2.64594197e-01  1.68681666e-02 -1.90121859e-01  2.92985439e-01
  -4.43880260e-01  3.42228621e-01  3.81593741e-02  5.25493443e-01
   6.17285334e-02]
 [-1.92223832e-01  3.90264019e-03  2.76147723e-01  5.73961377e-01
  -3.86089891e-01  9.82441604e-02 -2.19424248e-01  3.24753881e-01
   3.71735960e-01]
 [ 3.13790679e-01  2.70800889e-01  3.84725779e-01  8.00623074e-02
   1.19057275e-01 -1.38013080e-01  3.49823952e-01  4.57057506e-02
   2.41486818e-01]
 [-3.43397677e-01  2.26641893e-01  3.62562627e-01  4.58509922e-02
  -1.20700665e-01  1.91459790e-01  2.33116254e-01  2.28727192e-01
  -1.77064762e-01]
 [-2.26605386e-01 -5.36608770e-02 -2.79202551e-01 -2.85744458e-01
  -2.10727125e-01 -3.80422413e-01  7.62643635e-01  4.55246687e-01
  -9.20302048e-02]
 [-2.58035570e-01  3.98125082e-01 -1.48820266e-01 -6.69679195e-02
  -2.26789787e-01 -2.76380718e-01  1.23916768e-01 -4.07511592e-02
  -7.84826744e-03]
 [-9.10234898e-02  3.11582565e-01 -2.57468551e-01  9.62011665e-02
  -1.58206567e-01 -1.54579272e-02 -1.88117735e-02  1.35943770e-01
   3.98370862e-01]
 [ 9.02444050e-02  3.67736757e-01 -3.89914513e-01  7.30888322e-02
   2.32630402e-01  2.82283220e-02  5.79813980e-02  2.40722567e-01
  -3.22399735e-01]
 [ 3.60509098e-01  7.76648568e-03  7.94192970e-01  2.04404235e+00
   9.08462852e-02  1.84008569e-01 -1.59152055e+00 -1.14860296e+00
  -6.73211157e-01]]
Peso 2:
[-0.07029425  0.07536475 -0.12815826 -0.46268108  0.00311627 -0.02033453
  0.82257617  0.72919655  0.18660752]
Camada: saida
Peso 1:
[[ 0.26656222  0.22896332]
 [ 0.35283098  0.79074717]
 [ 0.7122521  -0.26796556]
 [ 1.8339769  -1.4996123 ]
 [ 0.3531864   0.5364261 ]
 [-0.47074318 -0.01548109]
 [-1.8947709   0.7191223 ]
 [-0.69534343  1.5298166 ]
 [-0.70271283  0.20152214]]
Peso 2:
[-0.46531233  0.4653153 ]



pesos modelo: 
Test loss: 0.3945, Test accuracy: 0.8653
Camada: meio
Peso 1:
[[-6.37657046e-02  2.34665036e-01 -2.16218293e-01 -3.37935597e-01
   1.00469828e-01  9.21689272e-02 -3.21105301e-01 -3.80452275e-01
  -7.17020333e-02]
 [ 8.33716020e-02 -1.82075217e-01 -5.13057590e-01 -8.90315622e-02
   3.48208174e-02  5.89281261e-01 -7.96624124e-02  3.22687596e-01
  -3.52487117e-01]
 [-4.04786259e-01  2.06030175e-01 -4.55115527e-01  3.30927193e-01
   9.24241841e-02  2.14242637e-02 -5.63874431e-02  1.05072896e-03
  -3.01472366e-01]
 [ 2.44243532e-01 -1.94008470e-01  3.51580113e-01  1.95537284e-01
   1.59439847e-01 -2.82980323e-01 -1.04642734e-01 -2.27165624e-01
   1.75885886e-01]
 [-4.04916078e-01 -8.27981606e-02 -5.43755770e-01  2.60054350e-01
   7.34739184e-01  5.41646600e-01  4.53709103e-02  2.65680343e-01
   4.22468513e-01]
 [-1.76725373e-01  1.52578354e-02 -1.81969568e-01  1.16632216e-01
   4.41309810e-01 -3.00244719e-01  3.42701197e-01 -2.55566686e-01
   8.90804455e-02]
 [-1.72028288e-01  4.24428523e-01 -2.49436989e-01  1.39455110e-01
   2.15747327e-01 -4.06029403e-01  1.63318543e-03 -3.67215961e-01
   6.75912276e-02]
 [-1.50985152e-01 -4.47092056e-01  1.92711234e-01  4.27941792e-02
  -8.30431879e-02  1.63701788e-01  1.47038639e-01 -3.26090530e-02
   3.03259343e-01]
 [ 2.95205086e-01  2.26376370e-01 -1.43515095e-01  9.89235222e-01
  -1.84382554e-02 -3.98918450e-01  2.11888641e-01 -2.13676557e-01
  -6.32478297e-02]
 [-1.58924580e-01 -4.39576358e-01  8.58921930e-02  5.23520932e-02
   4.79433909e-02  4.96354364e-02  2.18929932e-01 -3.47249359e-01
  -2.49570385e-02]
 [-7.47034103e-02 -3.08768153e-01  4.69460875e-01  3.25571969e-02
   2.42890999e-01 -1.22840226e-01  2.76589543e-01  2.65864640e-01
   1.55647963e-01]
 [ 3.22819114e-01  1.34226931e-02 -7.71512762e-02 -1.91474274e-01
   4.92287576e-01  3.69747162e-01  3.15933228e-01 -9.17407423e-02
  -2.19251588e-01]
 [ 3.08400303e-01 -7.06302822e-02 -4.03349195e-03  4.12242919e-01
   3.45109731e-01  7.52281696e-02  3.57799605e-02  2.50385076e-01
  -4.11680132e-01]
 [ 1.00069694e-01 -1.92987904e-01  2.72484571e-01  1.59143522e-01
  -1.60184428e-01  4.14821297e-01  5.89228906e-02 -4.46216226e-01
  -1.42080501e-01]
 [-3.41514617e-01  2.77759194e-01 -1.83105856e-01  7.71010041e-01
  -5.31397462e-01 -1.31956115e-01  6.47325277e-01 -4.17794049e-01
   4.97719109e-01]
 [-2.21352607e-01 -1.33334279e-01 -2.11356655e-02  3.10050428e-01
  -9.82286036e-02  5.46111166e-02 -1.85652584e-01 -2.68795073e-01
  -2.34100148e-01]
 [-1.49002671e-01  3.18685293e-01  4.49210733e-01  4.61689159e-02
  -7.02764168e-02  1.63061976e-01  1.74880311e-01 -3.37185800e-01
  -3.81461650e-01]
 [-1.49538338e-01  2.67871264e-02 -3.98636103e-01  1.43830642e-01
  -1.79933131e-01  3.76014262e-01  1.31212518e-01 -3.74137580e-01
  -8.76085684e-02]
 [ 7.54363164e-02  5.12803972e-01  1.58144727e-01 -1.86668599e+00
   1.71478498e+00  7.36159801e-01 -1.26498890e+00  5.52522130e-02
   1.24523155e-01]]
Peso 2:
[ 0.05107339 -0.00913232  0.05880311  1.1323116  -0.19247606 -0.09571245
  0.74170005 -0.09292411  0.05026957]
Camada: saida
Peso 1:
[[-0.5186828  -0.08041414]
 [-0.32646328 -0.4780058 ]
 [-0.05220842  0.696867  ]
 [-1.6855755   1.7635304 ]
 [ 1.0154943  -1.4750905 ]
 [ 0.9608166  -0.5141257 ]
 [-1.2056751   1.2360355 ]
 [-0.6276765   0.0032982 ]
 [-0.57082695  0.377248  ]]
Peso 2:
[-0.15472528  0.15472534]



pesos modelo: 
Test loss: 0.3227, Test accuracy: 0.8914
Camada: meio
Peso 1:
[[ 0.13810807 -0.17006683  0.09963608  0.2600301  -0.43362954 -0.19739035
  -0.38293794 -0.3815014  -0.2857054 ]
 [-0.11809015  0.27676168  0.26785427  0.4151501  -0.03549219  0.36962914
  -0.21509081  0.36634353  0.42595914]
 [-0.44623625  0.20713024 -0.15294684  0.2973413   0.45526502 -0.29169664
  -0.15416904  0.45031285 -0.0720157 ]
 [-0.29159    -0.2255516   0.2482293   0.18552896  0.28043488  0.42094865
   0.515526    0.08579151 -0.03732842]
 [ 0.30547082 -0.1980341   0.30669776  0.38841182 -0.2238109  -0.42626196
   0.11370672  0.24243416 -0.4051169 ]
 [-0.4027989   0.2775404   0.06143257  0.2696456   0.23660192 -0.40207312
   0.03531242 -0.02563482 -0.37347627]
 [ 0.12751077 -0.18133153 -0.34033906 -0.22100906  0.00896909 -0.06229204
  -0.09487092  0.04748892 -0.03081148]
 [-0.32076263 -0.03383663 -0.17579812  0.38385907  0.450808   -0.42438865
   0.31006306  0.39755902  0.13747759]
 [-0.06144087  0.10409448 -0.2874216   0.07334406  1.0308268  -0.16368617
   0.5196325   0.07705599 -0.22605506]
 [-0.20629865  0.39312914 -0.09433334 -0.13962634 -0.15565601 -0.3158314
   0.51985025  0.13197446  0.08618975]
 [ 0.05189701 -0.18439163  0.35672542 -0.05134627  0.23447394 -0.10764743
   0.1756687  -0.02360758  0.34084898]
 [-0.38613686 -0.03249145  0.26925233  0.6422976   0.03749569 -0.04916817
  -0.0031965   0.05699174  0.30940205]
 [-0.28442442  0.3304887  -0.07566622 -0.17220972  0.03074119 -0.05627029
  -0.06734516  0.21219647 -0.01086847]
 [-0.13670696  0.0119583  -0.32016876  0.23061274  0.20997791 -0.265287
  -0.08616324 -0.35752335  0.357374  ]
 [ 0.10290113  0.50886023  0.03634335 -0.21800977  0.7663146  -0.01441133
   0.5791553   0.15309118  0.25805524]
 [ 0.33021897  0.17411058  0.3378699  -0.06408545  0.21786259 -0.2457031
  -0.1583566  -0.11224069  0.14081368]
 [ 0.09167682  0.28630576  0.15299857  0.1853099   0.3238232   0.07775833
  -0.21317154 -0.21040244  0.26036742]
 [-0.07151843  0.42652306  0.35511214  0.3014051   0.3525158   0.11659674
  -0.25068244 -0.22883208  0.20878035]
 [ 0.3053853  -0.78104216  0.5745844   1.8173565  -1.9254161  -0.42019853
  -0.32235995  0.90249735  0.47733137]]
Peso 2:
[-0.02075911  0.23994954 -0.08961787 -0.43094945  1.2538567  -0.00785114
  0.4644385  -0.05134429 -0.04835271]
Camada: saida
Peso 1:
[[-0.4354561   0.22658604]
 [-1.0996014  -0.08119262]
 [ 0.06362129 -0.8785578 ]
 [ 0.5505427  -2.0018415 ]
 [-2.0649147   1.6315459 ]
 [-0.5016322  -0.5289673 ]
 [-0.2538168   0.9805459 ]
 [ 0.3583335  -0.7127037 ]
 [-0.21307234 -0.7237811 ]]
Peso 2:
[-0.31115294  0.31115547]



pesos modelo: 
Test loss: 0.5536, Test accuracy: 0.8258
Camada: meio
Peso 1:
[[-0.19297525  0.10946971  0.16780055  0.4298787  -0.05563071  0.2891196
   0.01460114 -0.10917881 -0.0252164 ]
 [-0.14947763  0.01225722  0.8560589  -0.23986034  0.3314417   0.19885552
   0.17629507  0.46572497  0.5697086 ]
 [ 0.38764912  0.20707633  0.13575478  0.0425873   0.43686217  0.27263933
  -0.2620745  -0.21241266  0.25306666]
 [ 0.46007717  0.1533613   0.1356097   0.04906983 -0.1952907   0.28860462
   0.4006883   0.1609064   0.02209125]
 [-0.24460618  0.07469749  0.3250029   0.11639997 -0.26318017  0.58286303
   0.2432637  -0.16833544  0.11848472]
 [ 0.11729944  0.33792445  0.00976295  0.11876142 -0.1382358  -0.16760314
  -0.00669432 -0.2826406   0.29462233]
 [-0.0135959  -0.26861092 -0.20757057 -0.07193229  0.16112435 -0.09983435
  -0.05456094 -0.12202544  0.17456137]
 [ 0.14938824 -0.37308466 -0.12684375  0.3269832   0.07764246  0.17156178
  -0.28006652 -0.24085063 -0.251811  ]
 [ 0.57241714 -0.16948631 -0.28722233  0.79947305  0.020216    0.15728787
  -0.05596739  0.52831054 -0.12775443]
 [-0.09115557  0.35668144 -0.17598836  0.2080478   0.14453903  0.48850748
   0.3386992   0.46635845 -0.04886286]
 [ 0.23465945  0.3253072  -0.06770251 -0.18249074  0.38349262  0.01163724
   0.0075467   0.09509886  0.02146792]
 [-0.1903069   0.36450133  0.44459856  0.01802457 -0.46681523  0.01832075
  -0.12076643  0.18703623 -0.4608053 ]
 [ 0.30137414 -0.14657384  0.06194096 -0.17888592 -0.11036257 -0.27405608
   0.02475265 -0.08358432  0.24420881]
 [ 0.13553628 -0.4469746   0.23310025  0.21862319 -0.22349654 -0.04513158
  -0.00728373  0.17608635  0.1306527 ]
 [ 0.64264715 -0.36170784 -0.22903344  0.44416323  0.19830284 -0.01483861
  -0.26603824  0.7366608   0.46714255]
 [ 0.18618457 -0.20137036  0.20972735  0.32805783 -0.43418318  0.43487546
  -0.14102666  0.18833305  0.05711983]
 [ 0.50634813 -0.4183761   0.33514285  0.16983582  0.37888286 -0.09665427
   0.3032604   0.18074393 -0.2746531 ]
 [ 0.44178936 -0.19854376  0.30424762  0.2614584  -0.34359545 -0.05935654
   0.03011903 -0.04391897 -0.11554439]
 [-1.3673799  -0.3095478   1.7870431  -0.89351946  0.0536304   0.95702124
   0.5268762  -0.8660037  -0.7683666 ]]
Peso 2:
[ 0.90154535 -0.00812566 -0.32216182  0.6749121   0.00904415 -0.10392912
  0.0284047   0.6720532   0.49351922]
Camada: saida
Peso 1:
[[-1.0195255   1.6284374 ]
 [-0.40736422 -0.26675797]
 [ 0.9091663  -1.825416  ]
 [-0.87679595  1.1994023 ]
 [-0.1228501   0.15369381]
 [ 0.6137895  -0.63945   ]
 [ 0.29726514 -0.29319325]
 [-0.839602    0.9771547 ]
 [-0.594353    1.0499454 ]]
Peso 2:
[-0.14464025  0.14464045]



pesos modelo: 
Test loss: 0.4234, Test accuracy: 0.8552
Camada: meio
Peso 1:
[[-0.32904208 -0.03228194 -0.3347712  -0.14706141  0.17843008  0.426709
  -0.13101369 -0.1081332  -0.07594961]
 [ 0.34813994 -0.59300405  0.24372858 -0.31096694  0.17043376 -0.31797352
   0.16203882  0.27641398  0.00635315]
 [ 0.39010412  0.29649755  0.17093872  0.44474372  0.09871358  0.43747061
  -0.19922142  0.35728994  0.18597783]
 [ 0.26652354  0.20911866 -0.09217638  0.33115757  0.27180335  0.4241529
   0.20091255  0.30561432 -0.25456673]
 [-0.09720556  0.04015408 -0.10104735  0.4808333   0.497668    0.19913933
   0.22718781  0.41979107  0.10919435]
 [-0.037464    0.25353536  0.44835818 -0.3159037   0.09409498 -0.41572013
  -0.37853366 -0.02499481  0.49142402]
 [ 0.3459505  -0.05767664 -0.43500692  0.26524955 -0.16201499  0.06083604
   0.07643836 -0.28290156  0.35237685]
 [-0.16867629  0.21007082  0.23003235 -0.39248767 -0.32431856 -0.17123055
  -0.17321126  0.27135128 -0.1595523 ]
 [ 0.18909794  1.0023171   0.27394444  0.03822378  0.25780958  0.39210516
   0.44866702 -0.19206174 -0.34590107]
 [ 0.5009506   0.12359086 -0.17168796  0.30951798  0.2587565   0.02123066
  -0.39318267  0.13864371  0.22980219]
 [ 0.33828497  0.34838367 -0.02423213  0.44863325  0.1417361  -0.4200716
  -0.17193988  0.26560813  0.31877723]
 [-0.05006492  0.09744047  0.370601    0.5514176  -0.10546197 -0.39436176
  -0.42877457  0.6047921   0.10806488]
 [ 0.22440347  0.26310885  0.1488398  -0.16336897  0.12754814  0.31346154
   0.05351619  0.45203826 -0.10894377]
 [ 0.23147003 -0.00268206 -0.3852289   0.06580573 -0.04157842  0.19453822
  -0.36050287 -0.21816412  0.24720342]
 [ 0.7451834   0.42730525  0.34312382 -0.47217146 -0.29560024 -0.12344623
   0.48589978 -0.11723278 -0.5266651 ]
 [-0.07301968  0.17957643  0.08417681 -0.21923175  0.28823623 -0.03645089
   0.08152994  0.12792684 -0.24813356]
 [-0.15397274  0.5658329  -0.24479325 -0.07040323  0.07576124 -0.37391654
  -0.2137897   0.23238122  0.33140182]
 [ 0.09678613  0.20203888  0.3965079   0.44185326 -0.18030798 -0.25951982
  -0.31472087 -0.12320991  0.47607732]
 [-1.4615991  -1.6533853  -0.36906263  0.37163284  0.5537148   0.29956982
   0.386555    1.6301739   0.76055425]]
Peso 2:
[ 0.7104324   1.2230574   0.06123019 -0.05289175 -0.03764954  0.01316398
  0.04066041 -0.3290108  -0.04714945]
Camada: saida
Peso 1:
[[-1.627453    0.68788344]
 [-1.7706712   1.699881  ]
 [ 0.07156033  0.5519939 ]
 [ 0.1191819  -0.6021633 ]
 [ 0.848054    0.19054165]
 [ 0.02625285  0.2503812 ]
 [-0.75325996 -0.41147324]
 [ 1.3563211  -1.0946665 ]
 [ 0.46795285 -0.7723999 ]]
Peso 2:
[-0.21849948  0.2185001 ]



pesos modelo: 
Test loss: 0.3580, Test accuracy: 0.8705
Camada: meio
Peso 1:
[[-3.39323580e-02 -1.91886485e-01  3.67958367e-01 -8.38870406e-02
  -3.36812407e-01 -4.32389349e-01 -7.84806311e-02 -2.66206503e-01
  -2.14483663e-01]
 [ 2.14044183e-01 -1.04308963e-01  5.33233047e-01  2.85080850e-01
   5.13127148e-01  2.81952918e-01  4.54835624e-01  3.58645022e-01
   4.63362113e-02]
 [ 2.78423756e-01  1.16011978e-03 -1.15975536e-01  1.68303743e-01
   4.13047343e-01  3.03213418e-01 -3.84552568e-01  4.84736450e-02
   4.58770961e-01]
 [ 1.66305348e-01  4.78840202e-01 -7.18306080e-02  3.52592170e-02
   2.82684684e-01 -2.47576430e-01  4.50253397e-01  2.57617921e-01
  -1.18888468e-01]
 [ 1.47441000e-01  5.70269115e-02  2.93496907e-01 -4.47317749e-01
   5.43724298e-01  5.41788973e-02 -1.77727669e-01  1.78765859e-02
   8.24384242e-02]
 [ 2.61884987e-01  1.85467362e-01  1.62816167e-01  4.87529755e-01
  -1.91570679e-03 -1.01970941e-01  3.09830397e-01 -4.65939581e-01
  -3.32547218e-01]
 [ 2.59281218e-01 -9.42138731e-02  1.36310101e-01 -3.20951194e-01
  -2.34735891e-01  1.10390820e-01  3.41684930e-02 -7.89805874e-03
   2.57248819e-01]
 [ 1.39556199e-01  3.94101292e-01 -7.38473386e-02  1.39556170e-01
   2.06197754e-01  3.50832433e-01 -6.64287284e-02 -2.06863761e-01
   1.77503880e-02]
 [ 7.28790343e-01  1.00494131e-01 -4.66092318e-01  2.79234320e-01
  -4.15887862e-01 -2.56399304e-01 -7.59878531e-02 -3.34945828e-01
  -4.02077079e-01]
 [-8.27944130e-02  3.52098405e-01  3.47041339e-03  5.42418242e-01
  -3.29577853e-03 -3.20104122e-01 -2.54410058e-01  3.09047937e-01
  -4.50566739e-01]
 [-8.71308222e-02  2.56142199e-01 -2.39386305e-01 -2.96666503e-01
  -6.27070889e-02 -2.89544582e-01 -3.20831537e-01  1.81804463e-01
   3.44230205e-01]
 [-6.87749684e-02 -2.13817805e-01  5.72725177e-01  4.52253997e-01
   1.21492133e-01  7.24803731e-02 -3.46965760e-01  2.69754887e-01
   5.15984967e-02]
 [ 4.96921897e-01  3.90164107e-01  1.08961225e-01 -3.50374013e-01
   3.15434873e-01  7.01180175e-02  1.58281595e-01  3.29580829e-02
  -3.18934739e-01]
 [ 4.46425915e-01 -3.82128298e-01 -2.95104533e-02  4.36128497e-01
   4.29675311e-01 -4.13239509e-01  1.28965259e-01 -1.37459427e-01
  -3.49982291e-01]
 [ 4.67456162e-01  6.37679398e-02 -4.39821422e-01  5.32190539e-02
  -5.90719700e-01  1.98235780e-01 -4.49909121e-01  4.61010545e-01
   2.12849170e-01]
 [ 1.76790267e-01  2.56854743e-01  7.38232210e-02 -1.96677417e-01
  -1.06819058e-02 -2.50947446e-01  3.76841784e-01  2.67021030e-01
  -1.09091997e-01]
 [ 3.48569721e-01 -6.89292997e-02  2.92930812e-01 -3.72883022e-01
  -3.56230617e-01 -3.37128565e-02 -6.45173043e-02 -4.02500302e-01
   3.43605727e-01]
 [ 2.51371473e-01 -3.19223434e-01  4.78631863e-03  1.87853232e-01
  -1.07174385e-02 -2.04330772e-01  1.09719917e-01 -2.94954002e-01
  -4.17917341e-01]
 [-1.91449034e+00 -3.47330898e-01  1.79229319e+00 -4.68372971e-01
   1.19318259e+00  3.67375404e-01  3.29966903e-01 -1.43326297e-01
   4.37238719e-03]]
Peso 2:
[ 1.0162508   0.26721996 -0.42647952  0.2183292  -0.3193585   0.02475814
 -0.00460952  0.06693116  0.00360912]
Camada: saida
Peso 1:
[[-1.2372692   2.0302937 ]
 [-0.11259768  0.7694642 ]
 [ 1.5945785  -1.2986554 ]
 [-0.00788311  0.8690544 ]
 [ 1.2669529  -0.8656459 ]
 [-0.09027161 -0.31400368]
 [-0.16567157 -0.43590456]
 [-0.78980577 -0.36505258]
 [-0.25572956 -0.15762758]]
Peso 2:
[-0.5558619  0.5558629]



pesos modelo: 
Test loss: 1.0319, Test accuracy: 0.7315
Camada: meio
Peso 1:
[[-3.71552885e-01 -1.47646576e-01  2.51545906e-01 -3.56274515e-01
  -7.21283853e-02  2.42129564e-02 -4.10583705e-01 -3.71477276e-01
   4.53104436e-01]
 [ 4.93913203e-01  1.13013774e-01 -3.81119773e-02 -1.15485929e-01
  -4.30631816e-01  4.64511961e-01 -2.62571692e-01  3.95720929e-01
   6.21109009e-02]
 [ 1.03447653e-01  1.64202929e-01  4.83377993e-01 -3.87125999e-01
  -4.98726927e-02 -1.34186566e-01 -4.97094095e-01  3.34278613e-01
   2.60231555e-01]
 [-2.45860219e-01  3.63795191e-01  2.70170122e-01  5.14901340e-01
  -2.10234225e-01  1.84371799e-01 -3.93398464e-01  1.23109862e-01
  -1.52761281e-01]
 [ 5.15381038e-01  1.04633637e-01  1.36334345e-01 -7.35634863e-02
  -1.21649712e-01  1.85130388e-01  3.00918281e-01  6.46897793e-01
  -2.57545859e-01]
 [-1.71811715e-01  3.87657344e-01  4.24690135e-02  7.55389407e-02
  -2.57428735e-01 -1.46284729e-01  1.16811886e-01 -1.88746080e-01
  -3.23464535e-02]
 [-2.25890309e-01 -1.46621451e-01 -1.50993854e-01  3.93063664e-01
   3.07340890e-01 -3.08789432e-01 -3.46133649e-01 -1.57170609e-01
   4.96383011e-02]
 [-1.12630174e-01  1.54319435e-01  2.98969656e-01  4.55435514e-01
  -1.59557566e-01 -3.12628001e-01  3.83473158e-01  2.73354590e-01
  -3.47149551e-01]
 [-1.00492418e-01 -2.82169711e-02  6.54858410e-01 -1.77227676e-01
  -3.06125194e-01 -2.00838953e-01  2.18948781e-01 -7.62028992e-01
   7.08400160e-02]
 [ 6.54434189e-02 -8.70469809e-02  1.45425186e-01  8.17664713e-03
   3.15440774e-01 -3.60512376e-01 -3.10747862e-01  9.56539512e-02
   1.65643319e-01]
 [ 3.01196903e-01  1.55170485e-01  2.86694795e-01 -9.19113383e-02
  -9.76932645e-02  3.80605131e-01 -2.41186935e-02 -1.96112804e-02
   3.31053436e-01]
 [-9.58204344e-02  4.38874871e-01 -1.44524023e-01 -4.50812846e-01
  -4.05095369e-01  2.23749112e-02  3.45481426e-01  4.35149997e-01
   3.25099468e-01]
 [ 1.14753246e-01 -4.28418219e-01  1.45021185e-01  2.92061865e-01
   4.65021580e-02  3.29107970e-01  3.55554730e-01  5.95063046e-02
   1.78296696e-02]
 [ 4.86219563e-02  3.22134435e-01  4.20621395e-01 -2.55253017e-01
  -4.39852118e-01 -3.97756249e-01 -2.61000186e-01  3.05820614e-01
  -1.44649670e-01]
 [ 2.71094114e-01 -3.95634830e-01  9.65983748e-01  3.02615136e-01
   4.14982960e-02  2.61044472e-01  1.91497371e-01 -4.83309329e-01
  -2.99711078e-01]
 [-8.41528028e-02 -2.07716510e-01  1.03393704e-01  9.09772292e-02
   3.22152078e-01  3.07182968e-01  1.99355081e-01 -2.98763197e-02
  -9.26622301e-02]
 [ 1.50896830e-03  3.97848487e-01  2.80475050e-01 -3.34661156e-01
  -9.10179876e-03  1.36457980e-01  2.07225546e-01 -3.08937337e-02
  -2.94223428e-01]
 [-1.82591230e-01 -1.51701063e-01  2.02374727e-01 -1.57070816e-01
   3.97846363e-02  4.01885480e-01  2.57600904e-01  3.86524275e-02
   1.13309443e-01]
 [ 8.29710841e-01  5.35990596e-01 -1.88995242e+00 -5.51549569e-02
   9.15718898e-02  4.81753379e-01 -7.80979916e-03  1.76939571e+00
   2.45078251e-01]]
Peso 2:
[-0.00807816 -0.22608551  1.3024228   0.10512541 -0.00465209 -0.13370584
 -0.13662523 -0.5819171  -0.00162882]
Camada: saida
Peso 1:
[[ 0.7125225  -0.20072834]
 [ 0.14948383 -0.7985559 ]
 [-1.6929009   2.0408912 ]
 [-0.21414785  0.26474032]
 [ 0.2656622   0.24069631]
 [ 0.47359306 -0.23779283]
 [ 0.17310789  0.01029931]
 [ 1.5467697  -1.5322493 ]
 [-0.3967333  -0.40882885]]
Peso 2:
[-0.5622843   0.56228524]



pesos modelo: 
Test loss: 0.3281, Test accuracy: 0.8761
Camada: meio
Peso 1:
[[-0.00770259 -0.14519808 -0.02774146 -0.22544459  0.06018418  0.0652796
   0.19949073  0.13905102  0.09167737]
 [ 0.00558224 -0.07435831 -0.21408431  0.05284143 -0.10597308 -0.48532122
   0.03029324 -0.09410854 -0.28877354]
 [ 0.16951773 -0.20706253 -0.22217795  0.30525655  0.22019468 -0.03177952
   0.14547935 -0.09204339  0.21403004]
 [ 0.5813911  -0.272407    0.18039739 -0.35503602 -0.33616623 -0.06549174
   0.23735972 -0.25708956 -0.06907859]
 [ 0.5724541  -0.02472295 -0.2454368   0.14083117 -0.35225192  0.40334973
  -0.17244898  0.30460507  0.05368554]
 [-0.03063087 -0.25088662  0.04109704  0.13483393 -0.40705398  0.2912646
   0.07506184 -0.27933243  0.13482442]
 [ 0.01510929 -0.23869228 -0.2810549   0.23821312 -0.29209903 -0.03642526
   0.12829499 -0.3355806  -0.3505525 ]
 [ 0.14870864 -0.23327973 -0.39017087 -0.05046066 -0.1183573   0.10998459
   0.14991423 -0.34077513 -0.42411476]
 [-0.30953187 -0.25177813  0.33148432 -0.31369412 -0.46883148  0.50560296
   0.86764747  0.09284707  0.1542812 ]
 [ 0.09260346 -0.35487866 -0.38351747 -0.15783164 -0.1991626   0.23232868
   0.09780557  0.21714006 -0.36824444]
 [-0.1413778  -0.01029115 -0.10912545 -0.48694023 -0.07271613 -0.09675846
   0.14054509 -0.4842529   0.40899694]
 [ 0.35915336  0.40496305 -0.38486052 -0.35370538  0.34592825 -0.36802694
   0.02381184  0.07313737 -0.18832664]
 [ 0.13665289 -0.3639637  -0.27985802 -0.19655785  0.2069885   0.25136724
   0.09841119 -0.383585    0.2605451 ]
 [-0.01034405  0.1115998   0.25670323 -0.39653742 -0.29985178  0.04351887
   0.11932403 -0.19650678 -0.40075207]
 [ 0.07616376  0.07929475 -0.34601036 -0.13126121  0.10169554  0.22721958
   0.8435353   0.06337585 -0.17476098]
 [-0.04079669 -0.12490059 -0.39960673  0.01456703 -0.471909    0.32359144
   0.06824878  0.2059738   0.1953792 ]
 [-0.02089162 -0.35103843 -0.06216787  0.02416875 -0.05460837  0.04294115
   0.13377619  0.11993887 -0.07698644]
 [ 0.27231592 -0.2791805   0.37345535 -0.36197948 -0.32957765  0.023808
   0.15725116 -0.0525144   0.02797506]
 [ 0.5877726   0.09296323 -0.39674872  0.13275753 -0.07668243 -0.98763543
  -2.8035598  -0.40126795 -0.21908198]]
Peso 2:
[ 0.3000057  -0.0429731  -0.0229938  -0.17611143 -0.10927126  0.61051434
  1.9777292  -0.20299633  0.04093369]
Camada: saida
Peso 1:
[[ 0.6798849  -0.5282906 ]
 [ 0.14469983  0.5760816 ]
 [ 0.09440467 -0.08808955]
 [-0.18038045  0.00516811]
 [ 0.6531973  -0.6348875 ]
 [-1.0186619   0.65533274]
 [-2.6853428   2.2731318 ]
 [ 0.62442404  0.00696071]
 [-0.7097764  -0.27755335]]
Peso 2:
[ 2.7566288 -2.7566302]



pesos modelo: 
Test loss: 0.7260, Test accuracy: 0.7958
Camada: meio
Peso 1:
[[-0.14921257  0.14830643 -0.05521619 -0.24015819 -0.2635585   0.11821485
  -0.30286163  0.41376776  0.4090826 ]
 [-0.00593734  0.2993205  -0.0909336  -0.11427696 -0.02986845  0.5982083
  -0.29280588  0.37257448  0.47120985]
 [ 0.30549642  0.44511092  0.3480362   0.36797723  0.269051    0.2776276
   0.1904377   0.0339446   0.4173696 ]
 [ 0.06480571  0.21914852  0.33284444 -0.13245018  0.2178645   0.10776766
   0.3495726  -0.1610812   0.5550092 ]
 [ 0.4092239   0.0750821   0.13383883  0.26807708  0.04070527  0.48224515
  -0.36550948  0.37028405 -0.06799511]
 [ 0.02593052  0.1547229  -0.28946656  0.1320305  -0.32384357  0.02562916
   0.5155583  -0.12804201  0.04414596]
 [ 0.29826432 -0.12508658 -0.2525371  -0.29984888  0.5130406  -0.17001107
   0.418234   -0.45132506 -0.26760414]
 [ 0.24774455 -0.30903152 -0.15271877  0.39363977  0.35904938  0.21451974
   0.12148259 -0.09783056  0.31081834]
 [-0.25578308 -0.39679572  0.33083883  0.40897727  0.5838679  -0.66436386
   0.37265286  0.05260769  0.56140035]
 [-0.2710197   0.25841138 -0.33646098 -0.3375559   0.39895052 -0.036114
   0.24297942 -0.3369895  -0.08091751]
 [-0.18309249  0.21814871 -0.46164548  0.09343494  0.31542072  0.3295392
   0.4576129  -0.30978236  0.37763616]
 [-0.02430036 -0.1470564  -0.29991296  0.31765276 -0.27866572  0.547037
  -0.06756184 -0.41452512 -0.05113809]
 [ 0.3699074  -0.01358531 -0.31218746  0.4856635  -0.02058498  0.01894391
  -0.04701998  0.2970088   0.03852136]
 [-0.02576306 -0.31387457 -0.1255057   0.30735245  0.08667582  0.10714576
   0.43046108  0.01809965 -0.28626457]
 [-0.32244834  0.14694202  0.2617775   0.43897817  0.39059487 -0.74213034
  -0.12097568  0.49216917  0.5127994 ]
 [ 0.11362198 -0.21326615 -0.20227048  0.28584403  0.3238435  -0.08268884
  -0.2155252   0.41442484 -0.2344081 ]
 [-0.04148837 -0.45559013  0.09348003 -0.32684466  0.36032507 -0.07348336
   0.1636907   0.44287717 -0.03013755]
 [ 0.3157775   0.29783142 -0.40120518  0.55836767  0.43929893  0.15057132
  -0.17451711  0.39743707 -0.2274852 ]
 [ 0.9250035  -0.22755755 -0.02515126 -0.9734438  -0.721444    2.292862
  -0.55548674 -0.26308382 -0.43867493]]
Peso 2:
[-0.1669706   0.10005556 -0.15647653  0.63695866  0.4444636  -0.8172748
  0.5835145   0.0863923   0.32606348]
Camada: saida
Peso 1:
[[ 1.2307932   0.05879897]
 [-0.36685276  0.10626101]
 [ 0.286095   -0.39932922]
 [-0.5763812   1.3011228 ]
 [-1.1841476   0.25870338]
 [ 1.9992112  -1.8212956 ]
 [-0.57272154  0.98409593]
 [-0.37598214  0.211182  ]
 [-0.9949626   0.10146792]]
Peso 2:
[-0.5939854  0.593986 ]
