


pesos modelo: 
Test loss: 0.6747, Test accuracy: 0.7989
Camada: meio
Peso 1:
[[-3.36056352e-01  1.23059154e-02 -4.29899454e-01  3.57536077e-02
   4.93167043e-02  4.28166986e-02 -3.50702941e-01 -2.92649388e-01
  -4.10758555e-02  8.97532105e-02 -9.19262171e-02]
 [-2.41412729e-01  1.15102760e-01 -3.97795767e-01 -1.83231503e-01
  -2.71286905e-01  2.34459311e-01  4.06543911e-01  4.67498779e-01
   9.05481949e-02  1.65188487e-03  4.30583298e-01]
 [ 5.66149913e-02  3.09269071e-01  1.67744949e-01 -3.52032900e-01
  -2.25141555e-01  1.98524669e-01 -4.24907029e-01 -2.27960348e-01
  -2.79936921e-02 -2.65299916e-01 -1.65415376e-01]
 [ 7.71941617e-02  3.52899313e-01 -2.30498582e-01 -8.21889713e-02
  -3.56350750e-01  1.00581042e-01 -8.60706866e-02 -8.39063600e-02
   1.51384175e-01 -2.56845444e-01  1.15250409e-01]
 [ 3.87666941e-01  2.61997849e-01 -3.85308206e-01  2.55734790e-02
   2.16687933e-01  6.77119374e-01 -3.17047924e-01  3.97174984e-01
   3.65339994e-01  1.94387928e-01  4.59824324e-01]
 [ 3.87837082e-01  3.55652601e-01 -3.72305840e-01 -2.74873614e-01
  -4.25969243e-01  3.05073738e-01  1.52334258e-01  3.66012335e-01
   5.96964002e-01  1.19313896e-01 -3.54031511e-02]
 [ 4.54319865e-02 -1.86888903e-01 -1.59888729e-01  3.13965738e-01
  -4.27183062e-01 -1.52563363e-01 -4.56339031e-01 -1.64219186e-01
   7.28987679e-02  1.61497802e-01  2.89916750e-02]
 [-3.80276769e-01 -1.99468527e-02  3.60876203e-01 -3.13864708e-01
   2.50011414e-01 -8.34202170e-02 -1.17871776e-01 -4.50516399e-03
   4.82666314e-01 -4.27834004e-01  3.02414209e-01]
 [ 1.09924123e-01  5.04622638e-01  2.63714731e-01 -3.25066328e-01
  -1.91523120e-01 -6.00282848e-01 -4.00884956e-01 -4.50118393e-01
   3.85167778e-01  3.74832034e-01 -2.05583841e-01]
 [-9.92316529e-02  3.65933239e-01  3.81777197e-01  2.89008141e-01
  -1.97780415e-01 -1.56904846e-01 -3.17558795e-01  3.01053762e-01
  -2.42446549e-02  2.66694903e-01 -1.16138332e-01]
 [-2.65792131e-01 -9.97719094e-02  1.28991604e-01 -9.62382108e-02
   2.88372207e-02 -1.00295767e-01 -2.03644931e-02 -2.52591670e-02
   5.33614866e-02 -3.62963825e-01 -2.52426058e-01]
 [-2.72472382e-01  2.17440218e-01  1.11712717e-01  7.49194808e-03
   9.52748880e-02  4.96860296e-01  9.25006121e-02  2.35786289e-01
   1.43549565e-04  1.02306470e-01  2.25976616e-01]
 [ 2.95980215e-01  1.93769380e-01  9.65557545e-02  9.08570662e-02
  -4.80812155e-02  6.11853525e-02  1.43198505e-01  3.92179377e-02
   8.89615342e-02 -4.26060371e-02 -9.53870937e-02]
 [-3.50086302e-01  6.40520632e-01 -8.26653689e-02 -2.43167192e-01
   1.73530862e-01  9.48786959e-02 -1.81633741e-01 -9.67584848e-02
  -6.71685338e-02 -1.77043363e-01  8.79490301e-02]
 [-1.13458931e-01 -1.76585335e-02  1.62377670e-01  2.15589926e-01
  -5.15547097e-02 -5.66982746e-01 -4.98642474e-02 -5.02697647e-01
   7.31460094e-01  5.66122711e-01 -9.03192386e-02]
 [-2.01244012e-01 -8.88061598e-02  4.14736390e-01 -2.97478884e-01
   1.67248100e-01 -7.70357400e-02 -2.52627432e-02 -1.08386159e-01
   1.04546338e-01  5.02264440e-01  1.95293948e-01]
 [-3.50734353e-01  8.17482767e-04  1.20288469e-01 -6.10765666e-02
  -2.15537235e-01  4.99217063e-02  1.22987069e-02  1.11062191e-01
   4.38952535e-01  1.44349307e-01  1.28306001e-01]
 [ 3.75270665e-01 -2.29449064e-01 -3.25150013e-01 -1.29235461e-01
  -4.11729902e-01 -5.18993549e-02 -2.79851347e-01  4.55900952e-02
   2.78080046e-01 -1.40852913e-01 -1.69011801e-01]
 [-1.09568867e-03 -8.00378799e-01 -9.75410417e-02  1.41887665e-02
  -4.64521497e-02  1.53491807e+00  2.50775754e-01  1.52678895e+00
  -1.35645795e+00  1.05364644e-03  1.28962970e+00]]
Peso 2:
[-0.03425181  0.55677086  0.13653311 -0.06120019 -0.05723853 -0.41110042
 -0.00907535 -0.25810266  0.95615286  0.26688462 -0.28316757]
Camada: saida
Peso 1:
[[ 0.32379875  0.3556451 ]
 [-1.1022171   0.52303684]
 [-0.7666773  -0.3045324 ]
 [-0.1160785  -0.5676833 ]
 [ 0.3270068  -0.09419691]
 [ 1.0635483  -1.4763204 ]
 [-0.5018291   0.19855456]
 [ 1.3864943  -0.9227531 ]
 [-1.2687461   1.2592365 ]
 [-0.90436816 -0.12640302]
 [ 0.9039052  -0.91403455]]
Peso 2:
[-0.802573   0.8025751]



pesos modelo: 
Test loss: 0.6559, Test accuracy: 0.8018
Camada: meio
Peso 1:
[[ 4.30349171e-01  3.49396467e-01 -2.83579409e-01 -1.40337467e-01
  -1.93547010e-02  3.25075448e-01  3.74499857e-01  3.06069851e-05
   1.28195465e-01 -4.03843105e-01  3.49363148e-01]
 [-1.25562921e-01  3.57212842e-01  1.48173615e-01 -1.62397921e-01
   7.31224800e-03  3.63133699e-01 -1.86989889e-01  7.26716546e-03
   6.48217618e-01 -2.87451595e-01 -1.93069354e-01]
 [-2.23280668e-01  2.10108265e-01 -2.34255299e-01 -3.31711560e-01
  -4.49541926e-01  4.94868070e-01  4.01263475e-01 -1.01477489e-01
  -5.89575209e-02  3.02570820e-01 -3.17002803e-01]
 [-1.18697077e-01 -1.15770966e-01  1.63517699e-01  2.94728905e-01
   2.23794714e-01 -8.90600458e-02 -1.95861116e-01  7.44773448e-02
  -1.30904227e-01 -2.03217179e-01 -1.24677144e-01]
 [ 2.93789476e-01 -1.82546645e-01 -2.00546160e-01  3.91184628e-01
  -3.87200952e-01 -1.07356854e-01 -9.97750908e-02  7.86026791e-02
   4.53734964e-01 -3.78278136e-01  2.29169369e-01]
 [ 7.74247721e-02  3.36260796e-02  5.34091353e-01 -1.18035398e-01
   2.73670912e-01 -2.89936721e-01 -9.11158621e-02 -5.95478415e-02
   4.78991447e-03  2.03034341e-01 -3.91259909e-01]
 [ 2.75185794e-01 -1.05997197e-01  5.30251682e-01 -4.16659534e-01
   1.59112722e-01  2.17952773e-01 -2.82510687e-02 -1.23629153e-01
   2.64747236e-02 -4.25379798e-02  2.31364116e-01]
 [ 2.39644751e-01  3.97408783e-01  2.24730060e-01  2.29956910e-01
  -4.45813656e-01  2.05259219e-01 -1.81093011e-02 -1.57382756e-01
   1.93902194e-01 -4.36468661e-01  4.29937094e-01]
 [ 3.09863687e-01  6.33490682e-01  4.50167000e-01  2.99746066e-01
   1.83404565e-01  3.75290930e-01 -3.97126675e-01 -1.01807199e-01
  -6.44415498e-01  3.24117929e-01 -3.66873801e-01]
 [ 3.86142768e-02 -1.82963341e-01  3.40421975e-01  4.11314785e-01
   1.91207051e-01  4.01494712e-01  1.92699984e-01  3.37135904e-02
   7.16818422e-02  4.39865738e-01 -2.76236206e-01]
 [ 4.27074224e-01  4.15623218e-01  2.26844281e-01  4.04260486e-01
  -3.07427317e-01  3.71687770e-01  2.40791142e-01  4.61225420e-01
   3.20505112e-01 -2.99039900e-01  3.01326573e-01]
 [ 2.64235228e-01  4.05114204e-01  2.04784259e-01  2.14976937e-01
  -3.94597165e-02  2.91201085e-01 -4.99776453e-02 -3.98545206e-01
   8.07200730e-01 -7.84673989e-02  1.77393019e-01]
 [ 9.47460905e-02 -1.48091950e-02 -4.15610336e-02 -1.91764846e-01
   9.36435163e-02  3.34566444e-01 -2.32464001e-01 -1.57726914e-01
  -8.68301317e-02  2.11350337e-01 -1.84998676e-01]
 [ 3.99472266e-01 -1.96771815e-01 -1.58538759e-01  2.79361069e-01
  -1.27540156e-01  5.97686172e-01 -8.34002271e-02 -2.06012845e-01
  -4.63794824e-03  8.15502405e-02 -5.68482541e-02]
 [ 2.23070547e-01  5.09285510e-01  6.29864395e-01 -2.45899513e-01
   2.30754748e-01  4.04022336e-01  9.09340382e-02 -3.29381704e-01
  -6.04227364e-01  1.46880629e-03  1.68358237e-01]
 [ 1.89952776e-01  4.33319509e-01 -4.70383391e-02 -1.00106701e-01
  -3.08118314e-01  1.66593626e-01  7.77189136e-02  3.83086175e-01
   9.12688822e-02 -1.64532810e-01 -4.28120911e-01]
 [-1.41205773e-01  2.11469874e-01  2.48421729e-02 -1.28300279e-01
  -3.37292522e-01  4.64534620e-03  1.01673737e-01  2.68886164e-02
  -6.12743422e-02 -1.66967452e-01 -1.35564104e-01]
 [ 1.96562305e-01  3.32277387e-01  8.07730034e-02  4.30353224e-01
   6.21810965e-02  1.00582846e-01 -3.76916707e-01 -3.32239941e-02
   1.25870958e-01  1.15219848e-02 -1.04616642e-01]
 [-3.03549469e-01 -9.90384459e-01 -6.04953885e-01 -2.31681243e-01
   1.43151417e-01 -2.61133283e-01  3.99520025e-02 -4.45608020e-01
   2.60295939e+00 -2.01218784e-01  4.17944729e-01]]
Peso 2:
[ 0.28242543  0.5814259   0.5343877   0.14012307 -0.06216236  0.40257597
  0.07459993  0.04167382 -0.80806345  0.02584197  0.00276001]
Camada: saida
Peso 1:
[[-0.39237157  0.3966732 ]
 [-1.0704117   0.5709014 ]
 [-0.2908047   1.1699191 ]
 [-0.14021957  0.36429057]
 [ 0.5114862   0.38329527]
 [-1.0440965   0.02675968]
 [-0.10887063  0.45521325]
 [ 0.54144365  0.7452496 ]
 [ 2.184494   -2.1635747 ]
 [ 0.32197794  0.49240965]
 [ 0.6163779   0.49865773]]
Peso 2:
[-0.74002445  0.7400287 ]



pesos modelo: 
Test loss: 0.7432, Test accuracy: 0.7812
Camada: meio
Peso 1:
[[ 0.39558887 -0.13707116  0.38367015  0.39587367 -0.10863569 -0.19525343
  -0.08449677  0.22433215  0.20609665 -0.1513558  -0.05034116]
 [-0.31535926  0.6511027   0.55923486 -0.20390868 -0.19615646 -0.01926398
  -0.3151704  -0.04165106  0.21094713 -0.04166712 -0.26892117]
 [ 0.17202073  0.23279323 -0.23803863 -0.13384958  0.4505223  -0.02955858
   0.18746945  0.15925606 -0.23700292 -0.12574236  0.08126546]
 [ 0.44322112 -0.03470478 -0.3312755  -0.08916184  0.48774388 -0.19187161
  -0.31490684  0.06598738 -0.0212348   0.14173825 -0.3675405 ]
 [-0.40389898  0.14988765 -0.39588603  0.02421471 -0.49046782  0.13346294
   0.18993233  0.05777585 -0.36138576  0.42204222  0.40105942]
 [ 0.37546372  0.31226948  0.50854385 -0.14507896  0.12854618  0.48270988
  -0.23268329 -0.07726309  0.34761426 -0.03455012 -0.32733494]
 [-0.33526143  0.05473437  0.1645462   0.04268746 -0.03480884  0.19218399
   0.08158489  0.06114047  0.09162857 -0.19670428 -0.3947798 ]
 [ 0.17130043 -0.15161689 -0.35829106  0.24382637  0.20320438  0.04140358
  -0.3058188   0.01327049 -0.1091188   0.11292237 -0.26880702]
 [-0.11360832 -0.24048088 -0.10755175 -0.3008541   0.4682895   0.59944075
  -0.22980808  0.83124113 -0.21606053 -0.12722692 -0.0966008 ]
 [ 0.1697683  -0.12371586 -0.24743348  0.12398838 -0.03776871  0.3561121
  -0.31941888  0.11071081 -0.22014144  0.39400336 -0.43342313]
 [ 0.27642578 -0.11010192  0.08625877 -0.11612476  0.20332557 -0.07743555
   0.4151436   0.03122566  0.43332002  0.22167674 -0.09175348]
 [-0.60929024  0.6871081  -0.11517025 -0.15264557  0.16277997  0.2779822
   0.1337865  -0.11079898 -0.09625083  0.23384039  0.3199299 ]
 [-0.22350596  0.07491803  0.27422446  0.01717452  0.38862196 -0.1090938
   0.1858167   0.36423728  0.30365723  0.3550713  -0.04877563]
 [ 0.09287672  0.3499953   0.3650163  -0.00682243  0.41853878 -0.13614966
  -0.3829085   0.41720396  0.15314738  0.12977354  0.34669733]
 [-0.27802816 -0.45711145 -0.1980678   0.07613701 -0.00643016  0.09948677
   0.04863181  0.98809     0.33842352 -0.3783797  -0.31783575]
 [ 0.22862956  0.15240075 -0.32945013 -0.44928053 -0.06075259  0.2885057
   0.03076573  0.3189183  -0.33158553  0.1249136   0.36209142]
 [ 0.02880123  0.10886153  0.13079517 -0.113906   -0.14281291  0.40471563
   0.4042391   0.12159897 -0.21038747 -0.01702744  0.06294951]
 [ 0.36410224  0.20704511  0.08161692 -0.2807859   0.40162537 -0.04861949
  -0.16355939  0.10581364 -0.4340004   0.01946936 -0.26134354]
 [-0.05674678  1.8442501  -0.36706966  0.20970818 -0.8358913  -1.109317
   0.2764595  -1.281787   -0.13402227  1.1398165  -0.17751887]]
Peso 2:
[ 0.22856575 -0.5354034   0.20896994 -0.08125596  0.56757253  0.60090244
 -0.04702237  0.8734294  -0.01460897 -0.2022281  -0.01206182]
Camada: saida
Peso 1:
[[-0.76653457  0.31288165]
 [ 1.0487759  -1.7759423 ]
 [-0.33493385  0.39882088]
 [-0.59828997  0.4858224 ]
 [-1.1619363   0.5337685 ]
 [-0.8954634   0.9744089 ]
 [-0.3288461  -0.36398345]
 [-1.2334373   1.5129691 ]
 [-0.45566308 -0.29441753]
 [ 1.3872365  -0.29978952]
 [ 0.44933912  0.46591026]]
Peso 2:
[-0.35941416  0.35941604]



pesos modelo: 
Test loss: 0.8286, Test accuracy: 0.7682
Camada: meio
Peso 1:
[[-5.79567850e-02  1.15504861e-01  4.29664552e-01  1.81635201e-01
  -3.67201418e-01 -1.92061961e-02  2.12156773e-01  2.37704754e-01
  -2.60140657e-01  2.56210268e-01 -1.47428930e-01]
 [ 2.53463030e-01  1.07901663e-01 -3.91039491e-01 -5.42981410e-03
  -1.50290370e-01  1.73378825e-01 -2.86392242e-01  2.16060415e-01
   8.32398832e-01 -1.35249214e-03  6.16857000e-02]
 [ 3.37352693e-01  3.94535869e-01  4.34347838e-02 -1.77406654e-01
  -1.25754088e-01 -1.08345829e-01 -2.26919547e-01  5.02235256e-02
   1.80104859e-02 -4.27960962e-01 -2.15695649e-02]
 [-3.78493667e-01  1.10641107e-01 -2.42319763e-01  1.47229269e-01
  -1.17225826e-01  2.92816818e-01 -2.47594997e-01  1.85907751e-01
  -2.18272898e-02  4.12441194e-01 -1.44789189e-01]
 [-2.52614147e-03  3.43376845e-01 -9.63794813e-02  1.64032847e-01
  -3.94142956e-01  4.84494269e-01 -1.42956868e-01 -1.81957871e-01
   6.31398201e-01 -3.57419044e-01 -2.14209203e-02]
 [ 1.73784032e-01  3.86958599e-01 -4.16526198e-01 -1.87632963e-01
   3.62762123e-01 -1.32699236e-01 -3.76385838e-01  1.81268863e-02
  -4.08134013e-02 -3.95709991e-01 -1.78795636e-01]
 [ 2.13192210e-01  2.15890035e-02  2.13423744e-02  2.76511073e-01
  -2.13960722e-01  1.69353131e-02  1.77097455e-01  3.06181848e-01
   3.20423007e-01  2.61761278e-01  1.54783115e-01]
 [ 3.09922755e-01  2.85645038e-01  1.16435401e-01 -2.21337944e-01
  -1.18654385e-01 -1.26047060e-01 -2.76923239e-01  2.98900515e-01
   1.81224927e-01 -1.79780796e-01  1.69087827e-01]
 [-2.97752526e-02  6.33373857e-01  1.52623519e-01  7.90314436e-01
   1.82388648e-01 -1.80882320e-01 -4.14004743e-01  2.85328507e-01
  -2.30353832e-01  3.73894602e-01 -3.18993747e-01]
 [ 3.62426102e-01  1.21169068e-01 -2.01482996e-02 -1.84889898e-01
  -3.31894606e-01 -9.36046708e-03 -3.92032087e-01  3.07944983e-01
   1.80480629e-02  3.81459922e-01  1.33363754e-01]
 [ 3.63902450e-01  1.56546235e-01  4.51260835e-01  5.19563735e-01
  -2.66857624e-01  4.98387329e-02  2.00267196e-01 -5.60976863e-02
   1.99250504e-01  1.58441558e-01 -1.21326581e-01]
 [ 1.09728180e-01  1.82995480e-02 -2.93648541e-01 -1.50460035e-01
   8.01570639e-02  1.88471556e-01 -3.12298715e-01 -2.05810964e-01
   3.42406511e-01  5.83456606e-02 -5.21663308e-01]
 [-3.66589963e-01  4.43055155e-03 -2.90404499e-01  1.17774770e-01
  -3.20670545e-01  1.58200309e-01  3.76038700e-01  2.61331439e-01
   2.44062729e-02 -9.53644514e-02  4.51911926e-01]
 [-3.72022420e-01 -6.07056022e-02  3.83913785e-01  4.12182540e-01
  -3.55505526e-01  4.59466696e-01 -3.73079240e-01  1.91215053e-01
  -8.39835480e-02  1.47163272e-01  1.10761389e-01]
 [ 4.98062484e-02  4.53503966e-01  1.80111364e-01  3.46665412e-01
  -3.62584770e-01  5.81492707e-02  4.04010326e-01  7.13782847e-01
  -7.75608182e-01 -3.80895361e-02 -2.17226282e-01]
 [ 3.90392572e-01 -2.43956521e-01  3.22514027e-01  3.60044748e-01
  -9.65947583e-02  4.26776350e-01 -2.76381135e-01  4.27291751e-01
  -1.40693039e-01  1.91285655e-01 -1.45111024e-01]
 [-3.29272270e-01  1.79142267e-01  2.12784469e-01  3.60956579e-01
  -1.44306883e-01  4.89693917e-02 -1.43353581e-01 -4.28343639e-02
   1.06399789e-01 -2.91318119e-01 -2.12921262e-01]
 [ 3.57051611e-01 -1.04266755e-01 -2.32774004e-01  1.51123703e-01
   4.79781209e-03  5.77242523e-02  3.87345999e-02  1.08970940e-01
  -7.68316314e-02 -7.34513924e-02  4.23657656e-01]
 [ 1.34283692e-01 -1.23825073e+00 -2.95484275e-01 -1.02335250e+00
   1.67062044e-01  1.45967126e+00 -4.41237092e-01 -1.17310679e+00
   1.46410275e+00 -6.51206970e-02 -1.61369339e-01]]
Peso 2:
[-0.00711143  0.5556547   0.09698157  0.819671    0.00492583 -0.36455217
 -0.01412745  0.66421324 -0.49774423  0.11836164  0.07546061]
Camada: saida
Peso 1:
[[-0.29365948 -0.41603762]
 [-1.0460197   1.0106153 ]
 [ 0.2994578   0.65117323]
 [-0.8576975   1.3072704 ]
 [-0.6730447  -0.39842892]
 [ 1.1264187  -0.9780631 ]
 [-0.37831193 -0.52789503]
 [-0.7807862   1.3554248 ]
 [ 1.1339084  -1.5124185 ]
 [-0.73532385 -0.1732252 ]
 [-0.5327327   0.31630194]]
Peso 2:
[-0.4308562   0.43085638]



pesos modelo: 
Test loss: 0.3460, Test accuracy: 0.8844
Camada: meio
Peso 1:
[[ 0.2579087  -0.08037639  0.39813465 -0.03268784  0.28940654  0.37536198
  -0.3309193   0.26328903 -0.37331182  0.31656533 -0.12189931]
 [ 0.4708304   0.2352145  -0.39801106  0.5076067   0.16957721  0.1308996
   0.12057646  0.08814242 -0.33624503  0.46839437  0.03155259]
 [-0.01270866  0.21847937  0.12671202 -0.17459053 -0.2019959  -0.26654142
   0.28195766 -0.20561375 -0.22947481 -0.39549562  0.2643345 ]
 [ 0.17307504  0.20958184  0.06225546  0.39039683  0.4495031  -0.35006195
   0.28564304 -0.06653552 -0.13155189 -0.0581384   0.14343183]
 [ 0.5889917  -0.08648263 -0.05862822 -0.3419324  -0.45197472 -0.43943572
   0.23243248  0.10924385  0.04491489  0.26651627  0.07932446]
 [-0.12899481  0.16752024 -0.33358297 -0.3545491   0.057985   -0.01771884
   0.15974146  0.40072638  0.51020914  0.36421558  0.27894568]
 [ 0.20690598 -0.07657755 -0.06994861  0.22972414  0.11260033 -0.21963133
   0.46800005  0.21176991 -0.14730296  0.1489512  -0.02678898]
 [-0.17129403 -0.07827982  0.19952348 -0.03837636  0.14283447  0.42613438
   0.11239974  0.12004016 -0.15400895 -0.00452584 -0.3357712 ]
 [-0.522269   -0.08196084 -0.40476337 -0.14712542 -0.3565415  -0.05769789
   0.84553915 -0.3910738   0.22610068 -0.07679582 -0.12159328]
 [ 0.12394883  0.18615282  0.07661749  0.23809949  0.242419   -0.09725711
   0.20587222  0.01172689  0.3893978   0.2897589   0.07792084]
 [-0.03440471 -0.18753712  0.3198936   0.34983215 -0.14103784 -0.01733239
   0.10464001  0.02184046 -0.29676828 -0.21631798 -0.4711253 ]
 [ 0.44244286  0.43402     0.11026202 -0.05741533  0.22212586 -0.21503536
  -0.11816892 -0.08773285  0.35360643  0.31388324  0.38900328]
 [ 0.2588282  -0.23143174 -0.3260436  -0.00659079 -0.02340703  0.2784095
   0.3519419   0.3485561   0.18892929  0.0604866   0.14780949]
 [-0.16506748  0.17325564 -0.43957072  0.1778917  -0.03131816  0.0685427
  -0.23225422 -0.10583006  0.40704957 -0.08864956 -0.33058783]
 [-0.35595623 -0.21688235  0.19215065  0.04591175 -0.2551343   0.05224257
   0.79842925  0.0285147   0.5213891  -0.2546774   0.28469008]
 [ 0.0653989   0.17962915  0.40485302  0.16547501  0.07338204 -0.00606338
  -0.06182912 -0.2691225   0.31753695 -0.3699766  -0.05568292]
 [ 0.14610924  0.13975935 -0.37476668  0.1305307  -0.31135932  0.10295341
   0.330989    0.07110777  0.3568173   0.1992096   0.18928953]
 [-0.05574286  0.10984518  0.35241255 -0.31285217  0.40656826  0.1352736
   0.2692134   0.26877436  0.174114    0.24967945 -0.06366459]
 [ 1.8778737   1.0202702   0.30054203 -0.61367905 -0.29490188  0.01068881
  -1.4514722   0.8152853  -0.7147469   0.6123545  -0.19646332]]
Peso 2:
[-0.5782429  -0.25510526 -0.04327929  0.30121565  0.13990784 -0.01645681
  0.93961823 -0.03394634  0.5210137  -0.14414151 -0.08278733]
Camada: saida
Peso 1:
[[ 1.4964085  -1.5536009 ]
 [ 0.9621751  -0.50706357]
 [ 0.24673189  0.09135964]
 [-0.9015406   0.08902191]
 [-0.7025783  -0.00545166]
 [-0.02641748  0.00975122]
 [-1.110774    1.8300428 ]
 [ 0.7042895  -0.3056695 ]
 [-1.0966647   0.4662048 ]
 [ 0.6439652  -0.2914036 ]
 [-0.41784215 -0.33491927]]
Peso 2:
[-0.5639924   0.56399596]



pesos modelo: 
Test loss: 0.5107, Test accuracy: 0.8321
Camada: meio
Peso 1:
[[-0.11046976  0.15203434  0.3774829   0.13688213 -0.41964382 -0.07971212
  -0.35064995  0.02161875  0.39469594  0.01980668 -0.10673854]
 [ 0.19337958 -0.2621946  -0.4019477   0.24678257 -0.13196039 -0.26550466
   0.03556682  0.27139688 -0.32555336 -0.18885155 -0.19594646]
 [ 0.14733379  0.0540317   0.44523516  0.20648786 -0.22220674 -0.07544162
   0.10083845  0.32682824 -0.27963263  0.10014092  0.23093022]
 [-0.12518077  0.10678303 -0.32169732 -0.21489085  0.10614804 -0.03690362
   0.14021158  0.38894695 -0.22601968  0.36651468  0.13847518]
 [ 0.64850193  0.05820628  0.36154836 -0.05556402  0.14681943  0.4342093
  -0.41576985  0.02947002 -0.03305173 -0.4285761   0.00292511]
 [-0.01651344 -0.13505045 -0.18957777  0.21358162 -0.13109623  0.15936328
  -0.347503   -0.32549608 -0.2950713  -0.10299885  0.20485222]
 [ 0.11150801 -0.07934012  0.2116313   0.3719758   0.4671286  -0.20899437
   0.29347277  0.37225682 -0.12841463  0.03300818 -0.03441354]
 [ 0.14949082  0.31067654  0.02908741 -0.12784712  0.11856695 -0.29983976
   0.36437473  0.12054495 -0.39039108  0.3537112   0.26091707]
 [-0.5899996   0.48652846  0.5461941  -0.32327846  0.488445    0.16023108
   0.35482916 -0.45794567 -0.16390388 -0.42619604  0.62947613]
 [ 0.3290531   0.14944339  0.10852342  0.30463997  0.25040406 -0.12812185
   0.3253949   0.2564174   0.17039411  0.38487676  0.24934903]
 [ 0.2662663   0.22481295  0.02446729  0.28337875  0.40611875  0.08126324
  -0.07830565 -0.29842252 -0.41707832  0.4045913   0.23334506]
 [ 0.70184577  0.50105304  0.4562674   0.1908925   0.19749314 -0.28506088
  -0.22647347 -0.00421335  0.37881857 -0.30541128 -0.26325947]
 [-0.0719806  -0.01332372 -0.3706419   0.00405043 -0.3425155   0.19744542
  -0.37389234 -0.2077376   0.38272157  0.06899077  0.2785807 ]
 [ 0.03593149 -0.20461614  0.10103825 -0.1536594   0.30014688 -0.19536969
  -0.41253203  0.35767597 -0.15634903  0.19889762  0.12586483]
 [-0.22877426 -0.38581216  0.2839028   0.435205    0.5153555   0.12089934
   0.10630963 -0.05420046  0.14017516 -0.40219617  0.87420994]
 [ 0.07953496 -0.16317843 -0.2970935  -0.2467835  -0.12450691 -0.41105697
   0.37170732  0.3597279  -0.11447462  0.1625379   0.4334713 ]
 [-0.0128794   0.26284215 -0.28741527  0.3453491  -0.12677187  0.23554629
  -0.38490286  0.13600384 -0.21452582 -0.23141696  0.12958968]
 [-0.11652831 -0.23641863 -0.0465633  -0.2999956  -0.18053542 -0.3147689
  -0.25836232 -0.15934995  0.2784325   0.3703219   0.27537555]
 [ 2.080209   -0.5509673  -0.27565318 -0.823093   -0.6219064   0.32302627
  -0.05153956 -0.3419782   0.07680316  0.3189607  -1.6931019 ]]
Peso 2:
[-0.31593663  0.21556656  0.23595174  0.3474555   0.45057595  0.00474766
 -0.04878132  0.0238425  -0.03830612 -0.00921611  1.1288722 ]
Camada: saida
Peso 1:
[[ 1.5521250e+00 -1.7057041e+00]
 [-2.1439399e-01  5.2871901e-01]
 [-7.8581065e-01  2.9299319e-01]
 [-6.4582336e-01  5.6334746e-01]
 [-5.8618319e-01  7.7270329e-01]
 [ 5.9453833e-01  4.9270838e-01]
 [ 3.8658097e-01  3.8585505e-01]
 [-7.2206199e-01 -4.7255075e-01]
 [-6.1006063e-01  3.1250495e-01]
 [-1.3972541e-03 -1.4160706e-01]
 [-1.6972747e+00  1.6835827e+00]]
Peso 2:
[-0.12002794  0.12002696]



pesos modelo: 
Test loss: 0.4341, Test accuracy: 0.8563
Camada: meio
Peso 1:
[[ 0.0538072   0.1354621  -0.30949855 -0.41978776  0.02032232  0.04451489
   0.14807862  0.31264758 -0.04181656  0.4266562  -0.2799271 ]
 [ 0.47066337  0.39561644 -0.28678071 -0.08941581 -0.21128136  0.25810438
  -0.3605558   0.32625493  0.15032727  0.40433168  0.12133034]
 [ 0.21175635  0.2617136   0.22086747 -0.2898907  -0.41399214  0.08095719
  -0.12806658  0.1432032   0.46509728 -0.21049102  0.10330819]
 [ 0.169427    0.10131063 -0.47861996  0.18038777 -0.33840153  0.36383486
   0.23330362 -0.05493189  0.20657481  0.05225159  0.5116671 ]
 [ 0.28465834 -0.4397056   0.19410488 -0.07144618 -0.03941442  0.4244815
   0.12620062  0.36017627  0.09378469 -0.26518875 -0.26715502]
 [-0.05371382 -0.13579135  0.22563733 -0.25951147  0.43486348 -0.26381937
   0.06355391  0.1539271   0.15082987  0.07496266  0.5683055 ]
 [ 0.1148586   0.15436564 -0.31821975  0.4008549   0.07039933  0.37027723
   0.07012438  0.21202832  0.44378826  0.11094549  0.32102588]
 [-0.08025286 -0.25382206  0.26467866  0.30951953 -0.07171979 -0.0108017
   0.16797914 -0.14410315  0.19052638  0.08228611 -0.28315058]
 [-0.5585954   0.06018356 -0.1400625  -0.15029055  0.1849524  -0.09610087
  -0.444624   -0.5419047   0.43823656 -0.47844094  0.45056537]
 [-0.12473273  0.23215523 -0.08108193  0.30683395 -0.37602314 -0.09566851
  -0.18480846  0.18922877  0.2507733   0.3189183   0.08442722]
 [-0.07173961 -0.37989914  0.29434296 -0.36978322  0.3217732  -0.09555289
  -0.44531775 -0.14128932  0.09168656  0.24609536  0.31436452]
 [ 0.2825866  -0.13463362 -0.08246975  0.09682229  0.26333216 -0.1651164
   0.15391916  0.4557826   0.09443555  0.34027797  0.1371414 ]
 [ 0.20152058  0.5716307   0.09069657 -0.3954668   0.37136218 -0.299884
  -0.01579487 -0.26921186  0.05645002 -0.2696605  -0.31792215]
 [ 0.27059874  0.01005588 -0.19354293 -0.13532792 -0.43044305 -0.2802095
  -0.10255887 -0.05876936  0.45750841  0.14996329  0.3240975 ]
 [-0.406082    0.12637599 -0.2376719  -0.16702364  0.14587499  0.19323733
  -0.17906284 -0.32375157  0.82255965 -0.437689    0.09844194]
 [-0.18440238  0.11061372 -0.2550055  -0.2777844  -0.31241176  0.22441246
  -0.16779138  0.18685631  0.20740978  0.15415524  0.06993752]
 [-0.08628612 -0.05771945 -0.38016585  0.14816746 -0.39451745 -0.2986451
   0.16060948 -0.01931474  0.06178923  0.06541169 -0.05416997]
 [ 0.17771994 -0.2689575   0.2577433  -0.36794043  0.1534464   0.06001503
   0.02225739  0.11183827  0.49778438  0.02328373  0.47597715]
 [ 2.1369905  -0.08139168  0.27942058 -0.0272174   0.1744823   0.35749614
  -0.39379436  1.557391   -1.2278203   0.6461216   0.08224653]]
Peso 2:
[-0.44199467  0.28995687 -0.13106719  0.03933345  0.04252619 -0.07699359
 -0.15023369 -0.4268173   0.96446514 -0.1542527   0.25286794]
Camada: saida
Peso 1:
[[ 1.6611569  -1.5211627 ]
 [-0.20391405  0.64204806]
 [ 0.21342818 -0.45135635]
 [-0.09318151  0.3170264 ]
 [-0.5956533  -0.2961919 ]
 [ 0.19270809 -0.23508015]
 [-0.12370047 -0.29011247]
 [ 1.0979164  -1.2971641 ]
 [-0.7752851   1.8854563 ]
 [ 0.018713   -0.80994046]
 [-0.7463263  -0.05142182]]
Peso 2:
[-0.8939156  0.8939157]



pesos modelo: 
Test loss: 0.5901, Test accuracy: 0.8145
Camada: meio
Peso 1:
[[ 0.11332399  0.04593971  0.15901661  0.34207493 -0.01482937  0.33973026
  -0.32789502 -0.01730222  0.24527258 -0.29157236 -0.31633514]
 [ 0.19399968  0.460915    0.4896102   0.4749291  -0.13024217  0.24418712
  -0.24068992  0.2649481   0.38120311 -0.1622093  -0.06914146]
 [ 0.11958702  0.24174182  0.03934952 -0.01978705  0.38560286  0.2592658
  -0.35278594  0.10140932  0.04183598 -0.38536057  0.01491289]
 [ 0.42215052  0.05489346  0.22795561  0.07716351  0.3931903   0.00782804
   0.03362849  0.17748961  0.2893374  -0.38333255  0.08581205]
 [-0.22583354 -0.1823213   0.32561702 -0.32743496 -0.0376242   0.20052318
  -0.37668088  0.37005815 -0.00259273 -0.06104174  0.1426357 ]
 [ 0.15553209  0.09779168 -0.28682098 -0.10571177  0.2708483  -0.31055057
  -0.35951102  0.01300676  0.30712396 -0.4395163   0.04004462]
 [ 0.38860336  0.01061892  0.14114346 -0.16329728  0.12196544 -0.42818138
   0.10636042 -0.09761748 -0.24671811 -0.24471115  0.3356898 ]
 [ 0.09743241 -0.21026784  0.07451451 -0.00599359  0.34446374 -0.3398791
  -0.00721601  0.28960276  0.05357139  0.06378707 -0.10256849]
 [ 0.6849526   0.07695054 -0.1434245   0.21850057  0.60155505  0.16073982
  -0.32165608 -0.11042681 -0.06422161 -0.03285158 -0.3572601 ]
 [ 0.549806    0.03314744  0.16649733  0.315285   -0.1442203   0.24917799
  -0.11975825  0.1748942   0.12800062 -0.01286489 -0.04529443]
 [-0.03570186  0.253465    0.26751527 -0.20329763  0.55870736  0.1475241
  -0.22974339 -0.22298741 -0.21364926 -0.15289779  0.11641496]
 [ 0.5039297   0.33742124  0.1404575   0.01010474 -0.21255375 -0.10008505
   0.16040392  0.37892142  0.30581716 -0.18782012  0.471415  ]
 [ 0.16858247  0.10600133  0.08272359 -0.01657854 -0.03700102  0.40601638
  -0.14523374 -0.12474266 -0.13357882  0.14435494 -0.0490827 ]
 [ 0.3152403   0.17335857  0.04727472  0.07574621  0.33862528  0.29317665
   0.23414378  0.30772686  0.14766032  0.3508718  -0.02824629]
 [ 0.56937283 -0.47657263 -0.5455559  -0.291729    0.37913722 -0.03611002
  -0.11853464 -0.5088507  -0.47426286 -0.44353026 -0.13552365]
 [-0.22963828 -0.21556492 -0.12824827 -0.38011014  0.38465407 -0.03984191
  -0.40702808 -0.04474166  0.05074066 -0.40001205  0.12654237]
 [-0.03253692  0.2641101   0.05354821  0.4826464  -0.06025335  0.15829657
  -0.07097369 -0.12461526 -0.30154854  0.12795635 -0.06948845]
 [-0.01219326 -0.04580447 -0.04930256  0.4894294  -0.00864768  0.16644816
   0.2514825  -0.2989859   0.35316473  0.06251723  0.21016952]
 [-1.2233518   1.3159323   1.0731668  -0.4293937  -0.9234019  -0.24689688
   0.01733361  1.108589    0.9756985   0.30790922  0.93223614]]
Peso 2:
[ 0.643855   -0.2049994  -0.44528648  0.3229397   0.94252795  0.17544039
 -0.03878211 -0.23376963 -0.13791022 -0.00918731 -0.21143079]
Camada: saida
Peso 1:
[[-0.96622217  1.2096019 ]
 [ 1.1706285  -0.67242616]
 [ 0.8836388  -0.99090326]
 [-0.35909757  0.8723238 ]
 [-1.1418766   1.2074765 ]
 [-0.26444852  0.34628615]
 [ 0.24682134 -0.44214922]
 [ 0.79245543 -1.0457345 ]
 [ 0.5503691  -0.836871  ]
 [ 0.56410784  0.1679362 ]
 [ 0.58866507 -0.77009684]]
Peso 2:
[-0.659007   0.6590074]



pesos modelo: 
Test loss: 0.5408, Test accuracy: 0.8227
Camada: meio
Peso 1:
[[ 0.2317568   0.32514846  0.0214923   0.42123103  0.33583474  0.20919871
  -0.1510675  -0.24713457  0.40439874  0.27120888 -0.13103026]
 [-0.21870726 -0.21537167 -0.12177036  0.5696939  -0.06145411  0.03985627
  -0.3654221   0.21417199  0.06494924 -0.04229968  0.36977878]
 [-0.35230863  0.37998584 -0.14219885  0.04512992  0.37592778  0.26115713
  -0.16468449  0.20538084 -0.19294557  0.28674215  0.1215556 ]
 [ 0.12022264  0.11168729  0.2921636  -0.29954842 -0.1445925   0.09387342
  -0.12420132 -0.30169874 -0.22081146 -0.28217953  0.27565414]
 [-0.21009085 -0.25607744  0.01387827  0.50557137 -0.02924133  0.15505825
  -0.01273279 -0.4415618  -0.10166672  0.03818009  0.6248816 ]
 [-0.04981329 -0.228842    0.04264316  0.53575456  0.26384342  0.15994956
  -0.2581926   0.261435    0.26787102  0.2225501  -0.19225642]
 [-0.28387904  0.04416141  0.3847745   0.32312563 -0.29653156  0.41424024
  -0.10128206  0.23265898 -0.36978486 -0.0803998   0.34886736]
 [-0.05561435  0.11015638 -0.34043965 -0.07805374  0.22633833  0.13201113
   0.44873056  0.11179695  0.4217816  -0.29115793 -0.12716614]
 [ 0.40428674  0.08601649  0.4627246   0.08993891  0.46548942  0.63095987
  -0.23916888 -0.41466343  0.5774532  -0.23365435 -0.6323728 ]
 [-0.40216756 -0.11058085  0.19188802 -0.01116266 -0.09414434  0.10988237
  -0.28900307  0.02686535  0.12749995 -0.44712374  0.10058565]
 [ 0.07793953  0.04211513  0.26509672  0.2621051  -0.05902632  0.03270162
   0.29016465 -0.41788402 -0.15356897  0.3840106  -0.17884411]
 [-0.3243276   0.16464376 -0.31449544  0.60044056 -0.01769644  0.37133208
   0.05310163 -0.25982532  0.1706624  -0.02140005  0.7773557 ]
 [-0.00988429 -0.22192577  0.41894668  0.13709797 -0.1325287   0.2636778
  -0.41482523  0.06769229  0.07979592 -0.0410118   0.462722  ]
 [ 0.07336684 -0.36855328  0.23984253 -0.13111302  0.39449054  0.05437103
  -0.288573   -0.4087242  -0.07233588 -0.14114912  0.2595023 ]
 [ 0.00615382  0.06484769  0.20823365 -0.7045297   0.26347098  0.45626172
  -0.13683948 -0.37777153  0.2930924   0.38268566 -0.25880432]
 [-0.43377    -0.07329913  0.4448614  -0.07355794 -0.01049734 -0.03809786
  -0.35183525 -0.3142018  -0.28713164  0.14691052  0.09230532]
 [-0.00741255  0.41054332 -0.11550598 -0.16777344 -0.24586928  0.08051502
   0.02715446 -0.39308986  0.3890439  -0.16012298 -0.04797608]
 [ 0.22177276  0.36139748  0.28562903 -0.00271599  0.4145548  -0.05556963
   0.17901732 -0.19923297  0.2598518  -0.33383164  0.11541858]
 [-0.18184322  0.2528725  -0.93002504  0.87825745 -0.4664317  -2.2220902
  -0.08855202 -0.27169445 -0.3723844  -0.05911498  1.2063415 ]]
Peso 2:
[-0.0294902  -0.03836435  0.7349265  -0.15824558  0.32775143  1.1265126
  0.01632718 -0.18009716  0.14814818 -0.02398145 -0.29169494]
Camada: saida
Peso 1:
[[-0.30878928 -0.6580808 ]
 [-0.22804567 -0.20643686]
 [-0.79615366  1.2216644 ]
 [ 0.9074959  -0.7633717 ]
 [-0.42946282  0.4952224 ]
 [-1.9722265   1.6767429 ]
 [ 0.04224881  0.54783416]
 [ 0.56595457 -0.5529748 ]
 [ 0.14726916  0.85448235]
 [ 0.50532436  0.5988423 ]
 [ 1.2639711  -0.9910559 ]]
Peso 2:
[-0.22494505  0.2249451 ]



pesos modelo: 
Test loss: 0.8550, Test accuracy: 0.7591
Camada: meio
Peso 1:
[[ 4.06804442e-01  3.88624847e-01  4.21675026e-01  4.14664686e-01
  -2.81062663e-01  3.63608420e-01 -1.29657984e-02 -3.89761925e-02
   1.75063312e-01 -2.15437576e-01  4.32082891e-01]
 [ 1.38102815e-01  3.92463982e-01  3.75980496e-01 -1.58503011e-01
   2.14445144e-01  5.28193533e-01  4.95200604e-01  2.60524422e-01
   1.66262239e-01  1.61698565e-01 -3.73744294e-02]
 [ 1.68502331e-01  8.31917375e-02  3.71674329e-01  1.62505627e-01
   3.06642354e-01  4.52423431e-02  5.17959774e-01 -1.29397020e-01
   3.81578505e-01  9.59341973e-02  1.73535556e-01]
 [-1.16911486e-01  7.59434406e-05 -2.76078489e-02  1.04024388e-01
  -3.28743488e-01 -2.00580060e-01  3.58569443e-01 -4.53101657e-02
   3.79683465e-01  2.78865099e-01  1.16130061e-01]
 [-3.77555639e-01 -2.87976176e-01 -5.81118643e-01  2.65265316e-01
  -3.60419959e-01  3.60432357e-01  8.55090693e-02  6.85064435e-01
  -4.98972207e-01  1.05906360e-01  1.05147742e-01]
 [ 5.44159114e-01 -2.83462077e-01  2.97545940e-01  3.74216698e-02
  -9.46426615e-02 -1.16608709e-01  2.22927481e-01 -9.60134566e-02
   1.41720593e-01  8.26974399e-03 -2.66773880e-01]
 [-1.97007537e-01 -6.87971264e-02  1.79439083e-01  3.71799350e-01
  -2.21427694e-01  1.68777034e-01  1.10115884e-02  1.08117543e-01
  -1.96367040e-01 -3.16253692e-01 -1.52607322e-01]
 [-2.87137538e-01 -1.96029067e-01 -8.02365597e-03  8.19873512e-02
  -1.01742223e-01  6.33951798e-02 -3.14644054e-02  2.00320810e-01
   4.25392807e-01 -2.99477372e-02  2.21523404e-01]
 [-1.83798566e-01  6.27070516e-02 -1.30247563e-01  8.81645858e-01
   1.70476407e-01 -3.62200648e-01 -5.35146832e-01 -1.54065460e-01
   2.38430098e-01 -1.99031867e-02  3.01753491e-01]
 [ 2.74541646e-01  3.00829168e-02 -3.76170546e-01  3.34007055e-01
  -4.33011383e-01  2.46517554e-01  9.05388743e-02  4.86891158e-02
  -2.65078992e-02 -4.35820252e-01 -1.57087877e-01]
 [-2.45567769e-01  4.31657493e-01  2.40793079e-01  1.65598914e-01
   1.42143443e-01 -9.47241411e-02  1.18612252e-01  2.12889388e-01
   2.89385140e-01 -4.07248084e-03  3.73293877e-01]
 [-1.66405767e-01  9.35259387e-02  2.61842638e-01 -1.30566955e-01
  -2.54595708e-02  2.27997020e-01  2.24645242e-01  2.46883869e-01
  -3.25129777e-01  1.81055233e-01 -2.10172310e-01]
 [-3.66526157e-01 -1.22260496e-01 -2.45722860e-01  3.62474859e-01
  -1.10134691e-01 -1.52317613e-01  2.01229438e-01  3.46376419e-01
   1.79484263e-01 -4.32131439e-01  4.12576407e-01]
 [ 4.76039052e-01 -1.86511911e-02 -2.55982071e-01  2.83776950e-02
  -2.87593424e-01 -2.07374096e-01 -2.43488401e-01  2.44627789e-01
   2.49968469e-01 -1.48167014e-01 -1.11054733e-01]
 [-2.80098170e-01  9.74324942e-02  4.75171387e-01  6.05679631e-01
  -4.73831594e-02 -6.38432950e-02 -2.66091108e-01 -6.59502804e-01
   1.52819678e-01 -1.35194929e-02 -2.01499775e-01]
 [-1.76283568e-01 -3.05185974e-01 -1.57527253e-02  7.65620917e-02
   2.24818751e-01  1.55222848e-01  1.92212716e-01 -1.32830292e-01
   2.29275361e-01 -3.40661556e-01  4.32829767e-01]
 [ 1.36685818e-01  9.18923765e-02  8.29207674e-02  1.53557494e-01
  -3.84334147e-01 -1.40038133e-01 -2.60115303e-02  1.57955229e-01
   1.68047577e-01 -1.50741160e-01 -4.36379641e-01]
 [-2.66612712e-02  3.50243598e-01 -3.64364535e-01  2.44091377e-01
  -1.03668869e-01 -7.04792812e-02  2.87374407e-01 -1.30439639e-01
   7.74939731e-02  3.53646457e-01 -3.78782451e-02]
 [-2.84239203e-01  2.07517415e-01 -5.27313575e-02 -1.83161342e+00
   4.88730446e-02  8.90227139e-01  1.11426473e+00  1.41893351e+00
  -6.89459324e-01 -2.35375926e-01 -3.07877362e-01]]
Peso 2:
[ 0.27231148 -0.03899382  0.10533945  1.192501   -0.25458136 -0.14584807
 -0.43671662 -0.3858423   0.4760478  -0.10756267  0.26071113]
Camada: saida
Peso 1:
[[-0.71942455  0.5034343 ]
 [-0.13660929 -0.29136556]
 [ 0.01897087  0.6593267 ]
 [-1.4749444   1.8945159 ]
 [ 0.51538336 -0.49257374]
 [ 1.1198541  -0.11334343]
 [ 1.0589021  -0.8639148 ]
 [ 1.0134943  -1.2990203 ]
 [-0.20446233  1.134854  ]
 [-0.02895151 -0.23938115]
 [-0.31011352  0.5061407 ]]
Peso 2:
[-0.5497756  0.5497757]



pesos modelo: 
Test loss: 0.4216, Test accuracy: 0.8594
Camada: meio
Peso 1:
[[-0.27173007 -0.42346436 -0.21953408 -0.4419854  -0.11586502 -0.34808266
   0.09984636  0.02744684 -0.13215846 -0.425334    0.40367752]
 [ 0.19805527 -0.29839066  0.37088674 -0.41980577  0.31604576 -0.31906527
   0.16293424  0.23816997  0.20006348 -0.2561397   0.19993542]
 [-0.03283628  0.06349803 -0.17270859 -0.22338998 -0.33966327  0.44093677
   0.12220804  0.19838409 -0.09623386  0.10359036  0.04286642]
 [-0.34394038  0.2309253  -0.04654171  0.33485848 -0.45432612 -0.12140427
  -0.22962524  0.18449938 -0.2397277  -0.16125453  0.24980487]
 [-0.51176155 -0.11643898  0.10363108  0.18078232  0.15967573  0.12558581
  -0.35407528 -0.10533229  0.01982646 -0.6268554   0.42240995]
 [-0.09365129  0.54794776 -0.0813138   0.05835668  0.01488174  0.01464616
   0.07260917 -0.02940415 -0.26773775  0.25694364  0.11994316]
 [ 0.2748685  -0.19002537 -0.08591805 -0.03220623  0.0524341   0.24139595
  -0.0060215  -0.08665451  0.27584773  0.4117735  -0.24976383]
 [-0.3369807  -0.05668421  0.1507663  -0.0219752  -0.44700325 -0.12420702
  -0.2961124   0.45590788  0.14959829 -0.1955684  -0.08310388]
 [ 0.51292974  0.5581856  -0.417811   -0.09021102 -0.0075234   0.01363676
   0.31314465  0.7946358  -0.01569537 -0.16543476 -0.5291038 ]
 [ 0.09766079 -0.21046233  0.11502092  0.14497639 -0.39173624  0.42539355
   0.0211576   0.61804235  0.21183157 -0.3439641   0.20854063]
 [ 0.51137304 -0.25377652  0.18554668  0.18014142 -0.26338807  0.09149073
   0.2842887   0.31062868 -0.23648082  0.3173029   0.20017351]
 [-0.05421308  0.36576542  0.35233858  0.37578267 -0.18161248 -0.08379712
  -0.32103747 -0.3718018  -0.27369672  0.20997491  0.45100895]
 [ 0.19984117 -0.0087831   0.23015471  0.2496084   0.25719664  0.33518827
  -0.05375386  0.30388892  0.31348848  0.29975903  0.10270889]
 [ 0.4145832   0.35678887  0.06055668  0.04672436  0.05230854 -0.4003409
  -0.39579737  0.0021846  -0.4030524   0.3981949   0.0799601 ]
 [-0.20276111  0.5792111  -0.14566885 -0.04747874 -0.13627537 -0.11953368
   0.24133742  0.779293   -0.4144738  -0.26927727 -0.6854454 ]
 [ 0.2799579  -0.19084309  0.21500622  0.36791047 -0.28496987 -0.21599908
  -0.17441443  0.07125602 -0.08470137 -0.38840646 -0.14086486]
 [ 0.38524702  0.14042783  0.2184131   0.22535503 -0.45489782 -0.19384682
   0.4729559   0.37278467  0.22520319 -0.01593778  0.17701182]
 [-0.37612382 -0.17911667 -0.17043252  0.46193466  0.31428453 -0.19161448
   0.17592138  0.19580801  0.31837505 -0.03387774  0.25283018]
 [-0.13605398 -0.09495871  1.7965531  -1.1567773   0.01984987  0.33876505
   0.13283639 -1.1981134   0.31722087  0.02319746  1.7483337 ]]
Peso 2:
[ 0.18040118  0.3204517  -0.32876563  0.64403856 -0.1480858  -0.00395252
  0.05922708  0.8086014  -0.08452686  0.12083159 -0.45029017]
Camada: saida
Peso 1:
[[-0.6767193   0.05300813]
 [-0.6786948   0.3183836 ]
 [ 1.5914085  -0.9224102 ]
 [-0.7585354   1.1196852 ]
 [ 0.49430096 -0.3429347 ]
 [ 0.05238514 -0.04333836]
 [-0.23747875  0.04689255]
 [-1.5634698   0.9581979 ]
 [ 0.5313673  -0.23017308]
 [-0.49803677  0.6546643 ]
 [ 1.654976   -0.89699626]]
Peso 2:
[-0.5803246   0.58032525]



pesos modelo: 
Test loss: 0.5472, Test accuracy: 0.8273
Camada: meio
Peso 1:
[[-1.01593941e-01 -4.82401252e-02  3.21173668e-03 -2.47501984e-01
   1.87578738e-01 -2.80017853e-01  4.16201234e-01  3.99295151e-01
   4.24540639e-02 -2.03911737e-01  2.46788025e-01]
 [ 3.15773115e-02 -9.10719335e-02  4.25797462e-01  2.00404614e-01
  -3.06640744e-01 -1.61977753e-01  5.17606854e-01  1.36178672e-01
   5.91038838e-02 -3.30939800e-01 -2.16111854e-01]
 [ 2.48132393e-01  2.65165120e-01  1.92564115e-01  4.73352611e-01
   3.94822001e-01  1.58365369e-01  1.15346141e-01  2.65158176e-01
   3.97227379e-03 -1.94937875e-03  1.61498506e-02]
 [-1.97375014e-01 -1.00840338e-01  3.96291852e-01 -2.15898708e-01
   5.42513803e-02  1.42367691e-01  8.56788233e-02 -2.74777301e-02
   6.49263337e-02  2.29179516e-01 -2.41155297e-01]
 [-1.20181732e-01 -3.70535553e-01 -5.75030819e-02 -8.03174898e-02
   1.25637446e-02 -1.36830717e-01  3.10026765e-01  4.64959532e-01
  -3.48310858e-01  8.88820067e-02 -1.83014631e-01]
 [-3.17804754e-01 -3.34669501e-01  4.75391060e-01 -1.48833292e-02
   5.08513898e-02  4.41381186e-01 -2.38987416e-01  3.41341585e-01
  -1.18616760e-01  4.15722191e-01  2.93329865e-01]
 [ 1.10697016e-01 -1.33768143e-02  4.10310715e-01  4.94306944e-02
   3.86803478e-01 -1.41216159e-01  3.90073180e-01  2.04148963e-01
   4.82010245e-01  3.35986912e-01 -4.41170871e-01]
 [-2.01867297e-01 -4.16157156e-01 -3.49497437e-01  3.20334136e-01
   2.53657520e-01 -4.16004041e-04  1.30618513e-01  2.95842867e-02
  -6.92152232e-02  2.75907964e-01 -4.19076204e-01]
 [-4.01542783e-01 -6.00928254e-02  7.59236664e-02  6.30526125e-01
   2.32646540e-01 -2.83411682e-01 -5.86010337e-01 -6.97163224e-01
  -3.96834612e-01  5.14492691e-01 -4.08527344e-01]
 [ 2.44403973e-01 -2.97321767e-01  4.06737402e-02  4.33625191e-01
   4.14603263e-01  2.88794637e-01  2.78122902e-01  3.19325514e-02
   6.91084638e-02 -2.84687787e-01 -1.16963483e-01]
 [ 2.77871490e-01 -3.94397527e-01  7.16992095e-02 -2.77724832e-01
   3.27904075e-01  2.00461864e-01 -8.31061378e-02  2.25737393e-01
   7.32029825e-02  2.95460492e-01 -2.93836087e-01]
 [ 3.91569376e-01 -1.06764406e-01 -1.89293310e-01 -1.73769947e-02
  -1.20351858e-01 -1.13304205e-01  4.07298744e-01  3.64536971e-01
   1.19264178e-01  1.30979165e-01  3.73218954e-01]
 [-1.67839289e-01 -3.87802422e-01 -4.04981375e-01  1.03031531e-01
   2.16552600e-01  1.25089645e-01 -2.40603343e-01  1.91774592e-01
  -2.04315379e-01  1.86540097e-01  4.43495154e-01]
 [-7.43032172e-02 -1.40410990e-01 -1.04006521e-01  2.82099545e-01
   2.12129369e-01  1.38034284e-01  2.01578036e-01 -7.41812885e-02
   2.98072040e-01 -7.64187425e-02 -8.48277882e-02]
 [-2.47846216e-01 -4.33850467e-01 -1.98472410e-01  4.23911288e-02
   8.50346744e-01  3.81218493e-01 -6.67008817e-01 -2.95195431e-01
   9.90414098e-02 -1.21938705e-01 -2.02758163e-01]
 [ 1.30176678e-01  1.77751884e-01  2.04309687e-01 -4.30933893e-01
   2.64070034e-01 -3.89042050e-01  1.63855091e-01 -7.88010806e-02
  -3.49304765e-01  3.61838430e-01 -1.83193266e-01]
 [ 3.42011780e-01  2.95504957e-01 -5.11339381e-02 -2.74617791e-01
   2.50926256e-01 -1.51422322e-01 -1.21196426e-01  7.80255944e-02
  -9.75892022e-02  4.13583040e-01 -2.40010209e-02]
 [ 2.86415815e-01 -9.26556438e-02  4.53310817e-01  2.80326128e-01
  -9.01266485e-02  9.05178636e-02  1.95175081e-01 -1.66233137e-01
   9.01284441e-02  2.71280289e-01 -4.33495075e-01]
 [ 4.20878172e-01 -3.53529990e-01 -7.32876837e-01 -8.32634270e-02
  -1.36405563e+00 -2.34648153e-01  1.10700488e+00  2.05677748e+00
  -2.26447567e-01 -3.61746341e-01  2.58525401e-01]]
Peso 2:
[-0.03772023 -0.01652566  0.28036463  0.14663473  1.1209637   0.00452134
 -0.49604726 -0.503499    0.24076936  0.2839947  -0.0025351 ]
Camada: saida
Peso 1:
[[ 0.6990093   0.20813587]
 [-0.13387872 -0.6413148 ]
 [-1.010123   -0.02853454]
 [-0.33533508  0.31546843]
 [-1.3344162   1.644268  ]
 [-0.20234787  0.12128126]
 [ 1.045707   -1.1113648 ]
 [ 1.7401154  -1.2844961 ]
 [-0.6829025   0.30860704]
 [-0.5398919   0.36007723]
 [ 0.6078254   0.3679035 ]]
Peso 2:
[-0.54865783  0.54865944]



pesos modelo: 
Test loss: 0.4973, Test accuracy: 0.8310
Camada: meio
Peso 1:
[[-0.10022616  0.25321925 -0.13349307  0.3613209  -0.39607862 -0.30383274
  -0.36142743 -0.30325356  0.22862428  0.29337466 -0.43980172]
 [ 0.05752994  0.38474283  0.17967366  0.4538397   0.08218453  0.16096158
   0.05288731 -0.0381401   0.61850774  0.2628876   0.5107191 ]
 [ 0.40494668  0.02443487 -0.07956131  0.19767073  0.0210676   0.09783954
  -0.28061023  0.12105732  0.15470144  0.3880858   0.18852822]
 [-0.05065733  0.11860351  0.24850829  0.3243493   0.3050192  -0.1689551
  -0.17376016 -0.25415072 -0.12174504  0.36237726  0.12415657]
 [ 0.17685056 -0.20099486 -0.04782888 -0.2240819  -0.35776877 -0.24293692
   0.42779067  0.28546754  0.58305347 -0.02924188  0.03578879]
 [ 0.33924633 -0.3602118   0.2977332   0.15173998 -0.35845977  0.2094975
  -0.2331665   0.13007003  0.06058984 -0.35476223 -0.14254682]
 [ 0.36798954 -0.20537609 -0.15105926  0.20788506 -0.4086754  -0.3771532
  -0.26109916 -0.24782652  0.16259825  0.2842949   0.2042411 ]
 [ 0.2524701   0.37690705  0.35149625  0.30057818 -0.07649264 -0.40408316
   0.02965118  0.39908478 -0.16130958 -0.44833547  0.43998507]
 [ 0.5206438   0.25796545  0.39328402 -0.2966926   0.17531848  0.21386759
  -0.35294476 -0.47154185 -0.46985584  0.5161679  -0.26609296]
 [ 0.19975498  0.42099068 -0.0309497   0.29439354  0.2222843  -0.43476224
  -0.09275702 -0.21730894  0.21109399 -0.3308379  -0.11492227]
 [ 0.20969397 -0.04542627 -0.18777975  0.01660429 -0.04568667 -0.31057584
   0.1358821   0.10689558  0.10686515 -0.2691999  -0.38053572]
 [-0.12176855 -0.12825759  0.29507414  0.09737822  0.34762898 -0.27062654
   0.08622287  0.16027062  0.34603328  0.12956908  0.39347914]
 [ 0.1872193   0.29922336  0.10181738  0.28570366 -0.30578613  0.2156034
  -0.19145583  0.42527714 -0.14230584 -0.31376258  0.14887828]
 [ 0.22061296 -0.04712027  0.38676614 -0.4454759   0.11225556  0.17091735
   0.3430619   0.16905786  0.13207042 -0.42082262 -0.14197586]
 [ 0.77727336  0.11802271  0.2515925   0.1502228   0.40050435 -0.00782039
   0.14644858  0.16306543 -0.51195157 -0.05552633 -0.5211416 ]
 [ 0.14147423  0.18238804 -0.07080798  0.05173505  0.20959033 -0.25428954
  -0.09844559 -0.10129701  0.07538973 -0.08778239 -0.07454163]
 [ 0.2881423   0.346847    0.1670971   0.2351376  -0.25901246 -0.39103517
  -0.10285043  0.30404937  0.14935389  0.24618864  0.01417936]
 [ 0.07239651  0.02840725  0.233479   -0.4873663   0.19586024  0.28965288
  -0.1943192   0.3028394  -0.17534098  0.24085653  0.12284605]
 [-1.9644351  -0.7246674  -0.00938742  0.03748725  0.13116302 -0.07444672
   0.13253333  0.9004661   1.7038765   0.19140905  0.793428  ]]
Peso 2:
[ 1.1182219   0.3491057   0.05113634 -0.16662167 -0.00213751 -0.16613255
 -0.01485486 -0.18340334 -0.5618949   0.04355    -0.1551811 ]
Camada: saida
Peso 1:
[[-1.7814375   1.6176413 ]
 [-0.09899499  0.9881216 ]
 [ 0.2522766   0.543228  ]
 [ 0.12688014 -0.36757964]
 [ 0.35447237  0.55896837]
 [ 0.27865773 -0.37903965]
 [ 0.2475212   0.08342788]
 [ 0.31411532 -0.8189456 ]
 [ 1.5123937  -1.5331787 ]
 [ 0.17548892  0.55361587]
 [ 0.94453156 -0.31897596]]
Peso 2:
[-0.5451283  0.5451304]



pesos modelo: 
Test loss: 0.5075, Test accuracy: 0.8302
Camada: meio
Peso 1:
[[-1.33022219e-01 -3.86024714e-01 -3.87816131e-01  2.32517481e-01
   2.38757014e-01 -3.74316663e-01 -1.00491345e-01 -4.46627259e-01
   3.84516716e-01 -2.46067047e-01 -2.83300459e-01]
 [ 5.09234071e-01  3.24005574e-01  6.06021062e-02  3.10242742e-01
  -2.24500328e-01  2.45243296e-01  1.82732493e-01  8.61738995e-02
   2.61688620e-01  2.08664656e-01  1.57238707e-01]
 [ 2.19456300e-01  2.24712670e-01 -1.45549640e-01  3.63487333e-01
   5.39576590e-01 -7.17729405e-02 -1.55076668e-01  1.36379942e-01
   1.25545170e-02  1.51078373e-01  1.92294493e-01]
 [ 4.58897442e-01  8.04661289e-02  3.55775505e-01  8.06512907e-02
   2.21817970e-01  3.55372310e-01 -2.55377591e-01 -8.84102061e-02
  -4.35710639e-01  8.10218304e-02  3.91500950e-01]
 [-1.70440733e-01  4.14560348e-01  3.74341041e-01  1.92594036e-01
  -2.02059951e-02 -1.34168163e-01  1.74411252e-01 -2.99898177e-01
   3.44238281e-01 -2.69261599e-01 -2.41711080e-01]
 [-2.73156136e-01  6.50866032e-02 -3.35232586e-01  2.06883222e-01
   4.22338814e-01  4.64766324e-01 -7.72076994e-02 -1.97969198e-01
  -1.86802283e-01 -3.58458936e-01  3.01872849e-01]
 [ 3.09843242e-01  1.34266958e-01 -1.05051421e-01  1.48339316e-01
   8.96369591e-02 -1.71791911e-02  3.29642206e-01 -3.49432677e-01
   6.55157715e-02 -2.40852892e-01  3.78002495e-01]
 [ 1.37337446e-01  9.65478197e-02 -1.27855584e-01 -1.65449455e-01
   5.56614518e-01  4.50791508e-01 -2.10290149e-01  4.67644818e-02
  -2.49862194e-01  1.59167424e-01 -9.12238583e-02]
 [-1.10290118e-01 -4.73221868e-01 -4.48789865e-01 -8.51019770e-02
   3.01643491e-01 -4.29093204e-02 -1.58313632e-01 -4.87728883e-03
   1.14669405e-01  2.89374173e-01  6.46460652e-01]
 [-9.88984406e-02  4.06881496e-02 -2.13067979e-01  2.85015881e-01
   3.57543886e-01  2.25871220e-01 -1.54038727e-01  3.67563330e-02
   4.40886050e-01  2.38874987e-01  3.35584253e-01]
 [-3.02346855e-01 -7.93748423e-02  2.81643718e-01 -1.52165771e-01
  -5.49787749e-03  7.03712401e-04 -4.04395252e-01  1.41374364e-01
  -6.90025985e-02 -3.75289142e-01  9.10307541e-02]
 [-2.31907636e-01  8.95749107e-02  3.69034469e-01  6.57470822e-02
   8.64465088e-02  5.14160872e-01 -9.40091386e-02 -4.42074388e-01
  -1.72001734e-01 -2.93511450e-01 -3.94555867e-01]
 [-3.48496795e-01 -9.69363749e-02 -2.41150051e-01  1.80284008e-01
  -2.51331896e-01 -8.52820557e-03  3.99622589e-01  5.05191870e-02
  -4.20765102e-01 -9.63403955e-02  4.64664191e-01]
 [-2.09250525e-01  3.82570969e-03  2.64061600e-01  1.92655995e-01
   2.33399466e-01 -2.52755612e-01  2.14376554e-01 -2.59419754e-02
   1.36848539e-01 -2.69516766e-01  1.32274553e-01]
 [ 1.03373364e-01 -4.91050929e-01  4.08865213e-01 -4.75553036e-01
   6.22218668e-01 -5.24116278e-01 -1.61759749e-01  3.67136717e-01
  -3.19406837e-01 -3.86534095e-01  4.71283317e-01]
 [-2.50338972e-01  1.42694876e-01  4.20180708e-01 -2.49465212e-01
   5.47864176e-02  2.88865678e-02 -4.19860035e-01 -2.97069222e-01
  -3.83200794e-01 -3.59203577e-01  2.66422123e-01]
 [-4.28242475e-01 -4.28515449e-02 -3.05529863e-01  1.08787134e-01
   3.16699773e-01  7.30774179e-02 -1.79789335e-01  3.49130541e-01
  -2.20401943e-01 -2.25896090e-01  8.84464011e-02]
 [ 1.05385005e-01  3.25334191e-01 -1.23500496e-01  4.98646125e-02
   1.84760131e-02 -3.65561932e-01 -1.56774923e-01 -1.26478881e-01
   5.63014969e-02  3.96658212e-01  4.54632014e-01]
 [-4.29036841e-02  1.85767400e+00  2.50307500e-01  1.36652219e+00
  -1.30255985e+00  6.95415556e-01 -1.29975602e-01  1.86168790e-01
  -2.52386004e-01 -3.07316959e-01 -1.29112005e+00]]
Peso 2:
[ 0.13043788 -0.41131505 -0.02566952 -0.278419    0.82870597 -0.1052414
  0.03436858 -0.05941409 -0.00862597 -0.00999768  0.8256602 ]
Camada: saida
Peso 1:
[[-2.0122544e-01  6.3957858e-01]
 [ 1.5273625e+00 -1.1559160e+00]
 [ 1.8306862e-01  3.5560399e-02]
 [ 1.0013795e+00 -9.7772878e-01]
 [-1.3547963e+00  9.9481910e-01]
 [ 5.9997517e-01 -6.0874623e-01]
 [-4.3976426e-01  2.9887938e-01]
 [ 4.3303469e-01  2.4634261e-01]
 [-6.4300728e-01 -5.7443625e-01]
 [-7.7070383e-04  7.5491341e-03]
 [-1.3506511e+00  1.0927806e+00]]
Peso 2:
[-0.4988469   0.49884763]



pesos modelo: 
Test loss: 0.2496, Test accuracy: 0.9002
Camada: meio
Peso 1:
[[-0.39880395  0.37482518  0.38358355 -0.44450012 -0.20596138 -0.3603056
  -0.3135224   0.22562635  0.0113126   0.34130168 -0.23375495]
 [-0.43629915  0.01608972  0.2969426   0.03041153 -0.39283007 -0.16600294
   0.3950427  -0.38634047 -0.27128565 -0.18605626 -0.19627532]
 [ 0.26528734  0.29877996  0.04704041  0.2837226  -0.16659631 -0.04849082
   0.02729512  0.2478775  -0.17456433 -0.4371617  -0.30968416]
 [ 0.23047191 -0.16575533  0.03294704  0.38914767  0.08349589  0.5067647
   0.2120673  -0.15267919  0.36516085 -0.36122197 -0.2991292 ]
 [-0.42420843  0.41123503  0.6518722   0.32076126  0.22660017 -0.16292876
   0.32910565 -0.43022633  0.26598585 -0.31373236  0.03966101]
 [-0.45726925  0.35783118  0.045528    0.12955141  0.3771168  -0.04258975
  -0.02423247  0.26859114 -0.25349846 -0.22867069  0.08147757]
 [ 0.30248597 -0.1329095  -0.12833878  0.03399973 -0.334292    0.20568317
  -0.01769677 -0.03627408  0.2682254  -0.3981452  -0.4393044 ]
 [-0.35871747 -0.04596448  0.04656689  0.37002027  0.02117834 -0.02517321
   0.09517036 -0.19520488 -0.37983984 -0.05435491 -0.22987236]
 [-0.24424529 -0.31225884 -0.38969302  0.7415412  -0.1125643   0.38861504
  -0.31724662  0.21175265 -0.07181045 -0.11185467  0.10224294]
 [-0.0566763   0.14542452  0.09033892  0.22840159 -0.17848231 -0.2645803
  -0.06672997 -0.25019345  0.38136783 -0.36491072 -0.39191446]
 [ 0.10149744  0.2210758  -0.09458957  0.2745533  -0.29336    -0.1535902
   0.16225983 -0.17465274 -0.45357597 -0.10302973  0.07695424]
 [ 0.24670704 -0.38703465  0.27943254 -0.332241   -0.24076714  0.4564757
   0.08024868 -0.03798985 -0.3084067  -0.4451567  -0.3457514 ]
 [ 0.24908432 -0.08301062  0.05710284  0.30652764 -0.10291789  0.4723173
   0.07751894 -0.3863966  -0.3501498  -0.35826015  0.17864318]
 [-0.42073506  0.21131906  0.07014528  0.52267355  0.28634334  0.20746142
   0.30898398  0.2456653  -0.37910262  0.07766342  0.2090057 ]
 [ 0.06698029  0.41777995 -0.63201344  0.48556456  0.4067547  -0.1298197
  -0.27613118  0.12966377  0.24644658 -0.39168912  0.28612396]
 [-0.3884634   0.14582896  0.37717128  0.52058554 -0.24008475 -0.24470714
  -0.13959365 -0.14149082  0.31314385 -0.25121486  0.24707673]
 [-0.03310547 -0.3209254  -0.06261074  0.2154716   0.4371017  -0.3305209
   0.019382   -0.23535983 -0.11554755  0.03164709  0.05331822]
 [-0.42762905 -0.38107324  0.06452029  0.3361435  -0.14688659 -0.30278522
  -0.02771392 -0.06999065  0.40041167 -0.10013446 -0.45596042]
 [-0.03551002 -0.25250342  1.9213988  -1.2684239  -0.3002378  -0.2973866
   1.9163141   0.339432   -0.0573025   0.43899012  0.13592824]]
Peso 2:
[-1.52789026e-01  2.05693558e-01 -4.91212487e-01  9.81903911e-01
  1.23589724e-01  2.12197170e-01 -4.06584650e-01  9.33029049e-04
 -2.63110641e-02  0.00000000e+00 -2.19204620e-01]
Camada: saida
Peso 1:
[[ 0.35029176 -0.08222967]
 [-0.37740237  0.315673  ]
 [ 1.6464986  -1.2869674 ]
 [-1.2370726   1.5031942 ]
 [-0.18197057  0.24741374]
 [-0.75734824 -0.06802365]
 [ 1.308022   -1.4058213 ]
 [-0.30099586 -0.27475014]
 [-0.37509793 -0.24363598]
 [ 0.10814261  0.1802203 ]
 [ 0.38763532 -0.45279604]]
Peso 2:
[-0.82762915  0.8276301 ]



pesos modelo: 
Test loss: 0.6673, Test accuracy: 0.7912
Camada: meio
Peso 1:
[[ 1.65516853e-01  4.31262732e-01  4.42690194e-01 -4.19338763e-01
  -2.65852630e-01 -1.14088148e-01  3.99413288e-01  3.24595571e-02
   3.09902012e-01 -3.18157136e-01 -4.26350474e-01]
 [-5.82384542e-02  2.46239215e-01  2.38415703e-01  2.53375649e-01
   2.95820802e-01 -1.47881359e-01 -3.02766800e-01 -2.66688555e-01
   2.59000268e-02 -4.00327891e-01  4.27770913e-01]
 [ 2.41043672e-01  2.05251023e-01  6.95981681e-02 -1.15623571e-01
   2.00140223e-01  9.57573429e-02 -8.60570967e-02 -5.67275397e-02
  -3.97415087e-02 -3.37373406e-01 -2.17530280e-01]
 [ 5.60290329e-02  2.61763364e-01 -3.21474016e-01 -1.15031719e-01
   8.01275745e-02  5.00976294e-02 -1.47000402e-01  5.67824364e-01
   9.04732719e-02 -1.47798002e-01 -1.49131715e-01]
 [ 7.79139400e-02 -2.62945145e-02 -3.06910247e-01  5.18521592e-02
   5.96993685e-01  1.63013130e-01 -6.42887950e-02 -3.13673764e-01
  -2.35021025e-01  9.52879712e-03  3.27962637e-01]
 [ 2.32216939e-01  2.80313015e-01  2.42834479e-01 -1.09718986e-01
   1.31117463e-01 -3.18887264e-01 -3.27491947e-02  4.85154539e-02
  -8.50489289e-02  1.18821263e-01 -1.29387811e-01]
 [ 1.74130514e-01  9.39504877e-02 -2.35582456e-01 -2.94333369e-01
  -1.90437362e-01  1.00326026e-02 -2.30640829e-01  3.16875517e-01
   2.48620540e-01 -2.06903800e-01  1.65184617e-01]
 [ 2.50310451e-01 -2.48030961e-01  6.83512688e-02  9.42125395e-02
  -4.19322308e-03  2.74735510e-01  1.75274342e-01  3.81683409e-01
   1.75772965e-01 -3.42746854e-01  3.10289532e-01]
 [ 6.50714874e-01 -4.80359942e-01 -3.98050040e-01  9.75822806e-02
  -4.01417077e-01 -3.09619214e-03  9.02224854e-02  4.34449673e-01
  -4.19670761e-01 -5.23774214e-02 -2.13504225e-01]
 [ 2.89419204e-01 -1.06742546e-01 -9.40854847e-02  4.28234279e-01
  -1.79447412e-01 -1.53885335e-01 -4.41868961e-01  4.36927080e-01
  -6.60123378e-02  3.13452393e-01  4.35602903e-01]
 [ 3.03697675e-01  3.58496487e-01 -2.17221335e-01 -2.33872056e-01
   1.50589287e-01 -3.78384203e-01 -3.76274705e-01  5.25855541e-01
  -1.27944916e-01 -4.14830633e-02  1.38352951e-02]
 [-2.81908233e-02  5.05291112e-02 -2.28577569e-01 -3.79326820e-01
   3.58287245e-01 -2.89997369e-01 -2.06256613e-01 -2.09329501e-01
   1.83792971e-02 -2.97271430e-01  4.11754012e-01]
 [ 1.23332806e-01  1.08270943e-01  3.94428261e-02  1.28837004e-01
  -2.27714907e-02  3.12591016e-01 -3.57177347e-01  5.81210792e-01
  -4.06228960e-01 -2.28566393e-01  1.21773057e-01]
 [ 1.18068598e-01  7.35647678e-02  1.77273855e-01  2.76469916e-01
  -2.26038873e-01 -5.39316982e-02  1.04743138e-01  1.02890566e-01
   5.03533927e-04 -7.55835697e-02  1.66519597e-01]
 [ 9.10167038e-01 -1.82438239e-01  1.99620470e-01  1.83018178e-01
   9.53919366e-02  3.37008476e-01 -2.35405281e-01 -7.74667319e-03
  -2.67105967e-01  1.77043959e-01 -6.00621879e-01]
 [ 5.58533430e-01  3.11714876e-02 -1.84414178e-01  1.97973952e-01
   4.59399909e-01  3.57670411e-02 -3.33867550e-01 -3.50283384e-01
   5.22472821e-02  1.45588517e-01  5.87982424e-02]
 [ 1.99327305e-01  1.74301565e-01  6.56685606e-02 -8.97298604e-02
  -2.23097935e-01 -1.81627184e-01 -3.07143092e-01 -2.92720288e-01
  -2.40607351e-01 -1.69348598e-01  2.45352667e-02]
 [ 6.22573644e-02 -6.43712580e-02 -1.06608085e-01 -2.80472457e-01
  -2.23893344e-01  3.85233462e-02 -3.38731408e-02 -1.64573520e-01
  -8.83495621e-03 -4.44677085e-01  5.50208904e-04]
 [-1.65524924e+00  1.05723083e+00  1.17848180e-01  2.43678726e-02
   1.47597337e+00  1.79819778e-01  2.71734118e-01 -5.54315686e-01
   1.15018971e-01 -1.03427857e-01  1.63235116e+00]]
Peso 2:
[ 1.1787733  -0.18045284 -0.09803582  0.03569456 -0.24693324  0.04650839
 -0.00267602  0.35171348 -0.01208883 -0.01424579 -0.5490761 ]
Camada: saida
Peso 1:
[[-1.4664025   1.7470214 ]
 [ 0.28313282 -1.020406  ]
 [-0.13115957 -0.41894266]
 [-0.01263182  0.23586789]
 [ 1.6017189  -0.39376912]
 [-0.21924908  0.05633225]
 [ 0.36408204 -0.6102876 ]
 [-0.98483866  0.003019  ]
 [ 0.30787596  0.44061926]
 [ 0.3531374  -0.39840934]
 [ 1.1992009  -1.3853711 ]]
Peso 2:
[-0.7816249   0.78162587]



pesos modelo: 
Test loss: 0.7966, Test accuracy: 0.7762
Camada: meio
Peso 1:
[[ 1.84512794e-01  4.04925108e-01  4.25065994e-01 -1.05141640e-01
  -2.66897082e-02  3.63116741e-01  1.49573684e-01  2.27429688e-01
   2.82490015e-01 -9.77179408e-02  2.01599300e-02]
 [-4.14692193e-01 -1.80085033e-01  8.65235850e-02 -1.41198948e-01
   1.28013268e-01  3.49588841e-01  4.00375975e-05  7.77972162e-01
  -3.61692086e-02 -4.05564904e-01  1.65143341e-01]
 [ 1.69571131e-01 -3.01663160e-01 -2.27089059e-02  1.61285475e-01
   1.98795408e-01  1.46514609e-01 -2.71507143e-03  2.76041359e-01
  -7.89880306e-02 -3.90715480e-01  2.72027701e-01]
 [ 2.72813290e-01 -3.83278906e-01  4.43314537e-02 -1.67359471e-01
  -3.77649486e-01  5.09829335e-02 -1.04710788e-01  9.52899177e-03
  -2.01505106e-02 -8.36783275e-03  4.45926376e-02]
 [ 1.72769994e-01 -1.55050039e-01 -4.78928298e-01  2.05147117e-01
  -2.90215582e-01 -4.70811725e-01 -3.85649614e-02  4.32646602e-01
  -4.01175499e-01 -3.66170704e-01  8.23329091e-02]
 [ 3.61732453e-01 -4.48268466e-02 -4.09744799e-01 -1.34091645e-01
  -2.93890864e-01  3.95486742e-01  1.29094139e-01  5.38342655e-01
  -4.54632461e-01  2.81523049e-01  1.65582359e-01]
 [ 4.40887004e-01 -1.65720448e-01  3.02326292e-01 -1.53651267e-01
  -3.98097724e-01  2.87439525e-02 -1.30203534e-02  1.28151894e-01
   1.76226139e-01 -1.86742231e-01 -1.74963385e-01]
 [ 1.72230676e-02  1.67778134e-01 -1.66112691e-01  4.25499827e-01
  -2.84275651e-01  4.39374477e-01  1.81199566e-01  3.20936352e-01
   3.38109881e-01 -2.75886297e-01  2.95882057e-02]
 [ 6.98896050e-01  2.20799521e-02 -7.68806413e-02  1.84701368e-01
   7.62802437e-02  7.58641660e-01 -2.75649242e-02 -5.14657438e-01
   2.16123059e-01  3.56699228e-01  5.56732595e-01]
 [ 2.85613269e-01  4.11597848e-01 -6.45193970e-04  3.15774173e-01
   3.95064801e-01 -1.77699775e-01  4.85048026e-01  3.58048260e-01
  -2.03278437e-01  1.40629992e-01  3.10396075e-01]
 [ 1.04448088e-01 -2.62623280e-01 -2.43950382e-01  2.40344375e-01
  -1.76834449e-01  6.25871168e-03  4.54349965e-01  1.40248179e-01
  -3.31252068e-01  9.91896987e-02  6.21195650e-03]
 [-3.66377056e-01 -3.93004477e-01  4.92050499e-01  4.65794606e-03
   1.94812015e-01 -4.51911725e-02 -1.03087179e-01  2.46299177e-01
  -4.02431369e-01 -3.17396015e-01 -2.09928155e-01]
 [ 4.64597531e-02 -2.30517343e-01 -5.15367463e-02 -3.68298352e-01
  -4.12280917e-01  2.23626778e-01  2.51320213e-01  2.55442988e-02
  -5.24813756e-02 -1.98398098e-01 -2.17624969e-04]
 [ 3.58474940e-01 -1.60640076e-01  1.50922686e-01 -1.87020719e-01
  -3.77225965e-01 -8.00732523e-02  3.27608883e-01  1.19723596e-01
  -5.94618432e-02  2.31617868e-01 -6.64891675e-02]
 [ 1.61193520e-01  2.49203369e-01  3.35551679e-01 -2.04509705e-01
  -9.22086462e-02  8.61725032e-01  2.08143875e-01 -1.58994555e-01
  -1.29971996e-01  3.19204956e-01  6.15908742e-01]
 [ 1.50583297e-01  2.93617070e-01 -3.13295692e-01  2.37412289e-01
  -3.58057052e-01  1.97755128e-01 -3.97117168e-01  4.53969166e-02
  -2.38729596e-01  6.14748821e-02  2.99500316e-01]
 [ 1.74079895e-01 -2.92821556e-01  3.43505621e-01 -2.71050036e-01
  -1.64550990e-01  2.63787895e-01  4.02049989e-01  4.67580974e-01
   1.86988458e-01  1.01174027e-01  2.39493296e-01]
 [-4.93018962e-02 -3.73881310e-01 -2.33132780e-01  2.66764879e-01
   6.09185062e-02 -3.27759236e-03 -2.84155421e-02 -2.09933028e-01
   6.23665713e-02  7.72991553e-02  1.13667242e-01]
 [-1.28127015e+00  3.44272293e-02 -7.77308224e-03 -4.18276280e-01
   9.50195342e-02 -1.04729557e+00 -8.00735116e-01  1.88118207e+00
   1.06734298e-01  9.61020589e-02 -1.03221917e+00]]
Peso 2:
[ 0.97733736 -0.03532819  0.1217735   0.18210311 -0.01265617  0.7378764
  0.3681992  -0.35348177 -0.08539927 -0.07431854  0.5893224 ]
Camada: saida
Peso 1:
[[-1.3534472   1.3310648 ]
 [ 0.08688766 -0.3730196 ]
 [-0.21346143  0.60069317]
 [-0.22028825  0.5871356 ]
 [ 0.26436067  0.61267537]
 [-1.1451586   1.1737974 ]
 [-0.85059106  0.62286854]
 [ 1.1405175  -1.8293338 ]
 [ 0.24245209 -0.2139109 ]
 [ 0.02399214 -0.10475551]
 [-1.4357902   0.2808537 ]]
Peso 2:
[ 0.0023907  -0.00238888]



pesos modelo: 
Test loss: 0.9337, Test accuracy: 0.7439
Camada: meio
Peso 1:
[[ 0.00548068  0.07426536  0.22664386 -0.32312998 -0.08249459 -0.3622046
   0.2511865   0.34471923 -0.07004762  0.3374998  -0.1756922 ]
 [-0.12728927  0.00542817  0.36608344  0.4261558  -0.3094973   0.42649087
   0.15452704 -0.33514264  0.18696854 -0.0343701   0.39645693]
 [ 0.39660844 -0.27414384  0.34346646 -0.36772344  0.15488464 -0.12792823
   0.19221494 -0.1270329  -0.11442057 -0.07436248  0.12247264]
 [ 0.06009202 -0.02250411 -0.2867968   0.17772758 -0.30295518 -0.08932395
   0.14607467 -0.03499093  0.13330857  0.01505737 -0.42788497]
 [-0.19666646 -0.13601682 -0.39351147  0.23494287  0.05507406  0.411662
  -0.20136459  0.15478024 -0.21448562 -0.30336982  0.13928029]
 [ 0.40699738  0.28821415 -0.3645164   0.24282086 -0.3353526   0.1278022
   0.3018632  -0.0356294  -0.2758806   0.29797652  0.17228618]
 [ 0.43345675 -0.21903905  0.06411722 -0.12963434 -0.02913337 -0.02592242
  -0.19648403  0.5944446   0.02873545  0.2133558   0.13216989]
 [-0.21374339 -0.10951973  0.00581775  0.37721902 -0.2004178   0.16677186
   0.5490695   0.11236701 -0.17140852 -0.22816406  0.3125439 ]
 [ 0.05241614 -0.0602795   0.47819504 -0.19663137  0.3452166  -0.2984483
   0.82456774  0.5737822  -0.26875132  0.12279765 -0.2512741 ]
 [-0.36770493  0.43296126 -0.04703398  0.39232498 -0.04495329  0.1252326
   0.00462546  0.3675052  -0.17016093 -0.4062483   0.38582474]
 [-0.39336583  0.51285046  0.16082259 -0.2203134  -0.2597874   0.0336452
   0.32337224 -0.11214584  0.37511247  0.11154163  0.33107448]
 [ 0.3800508   0.04162084  0.27711615  0.20306857  0.24019532  0.6108766
  -0.04254591  0.17722604  0.43482465 -0.41362375  0.1339951 ]
 [-0.21709314  0.43596396  0.28562272  0.25288576 -0.12476055  0.38630617
   0.39425135  0.22562519  0.2352657   0.02675138 -0.22861457]
 [ 0.01449812  0.15547185 -0.12122338 -0.14916572 -0.38183373  0.01035229
  -0.16036329  0.50233656  0.4134231   0.0596623  -0.24886279]
 [-0.38265154  0.6225397  -0.07345979  0.38669792 -0.17423394 -0.37179935
   0.20358299  0.82321465 -0.2450531   0.37870795 -0.1617289 ]
 [ 0.3570627   0.18335132  0.39251986 -0.11362702 -0.03943213 -0.07493369
   0.19681756 -0.1793109   0.33148074  0.16504928 -0.03173442]
 [-0.4389607   0.56936    -0.04036051 -0.23212893  0.23133531  0.15236521
   0.26257962  0.08842872  0.31061372  0.09773453  0.28235105]
 [ 0.01592412 -0.2442054  -0.2568928   0.42723605 -0.22270657 -0.24006262
   0.05588615 -0.00404644  0.3558081   0.20893261 -0.10544654]
 [-0.08337586 -0.72025883 -0.32763872 -0.04716019 -0.37959892  2.501245
  -0.8423113  -0.6736895   0.67205155  0.25470862  0.250912  ]]
Peso 2:
[ 0.0424022   0.5461083   0.19707283  0.01062624 -0.08674083 -0.59834933
  0.75829494  0.739204   -0.17428741  0.15674229 -0.11994062]
Camada: saida
Peso 1:
[[ 0.15998095  0.4567484 ]
 [-0.31414342  1.0952837 ]
 [-0.5381225   0.19516967]
 [-0.0211666   0.12649088]
 [-0.01680433 -0.48363248]
 [ 1.9179317  -1.841854  ]
 [-0.9232663   1.2131948 ]
 [-0.74172676  1.2016842 ]
 [ 0.10948915 -0.74175954]
 [-0.5015112  -0.01001665]
 [ 0.50813806 -0.01203313]]
Peso 2:
[-0.6259107  0.6259134]



pesos modelo: 
Test loss: 0.3301, Test accuracy: 0.8774
Camada: meio
Peso 1:
[[-0.36558288 -0.19315669 -0.26589578 -0.28963393  0.35998863 -0.08950254
  -0.0596925  -0.42839167 -0.17408836  0.00402036 -0.03553298]
 [ 0.22177325  0.0156119  -0.14743742 -0.45272496 -0.18240014  0.57833
   0.33485964 -0.20628835  0.07160012  0.05555601  0.12365366]
 [ 0.2615736  -0.05651979 -0.00584154  0.09546302  0.37302148 -0.01015175
   0.2949008   0.07148832  0.23937164  0.43423888  0.24500623]
 [ 0.24237292  0.19321598 -0.42132556  0.04377636  0.3197628   0.1845349
   0.16677685  0.49338907 -0.31220782  0.05014168 -0.34486797]
 [-0.33283445  0.306357   -0.06095298 -0.1264997   0.21322753  0.54728144
  -0.00996619  0.36819237 -0.20743413 -0.38880506 -0.31053856]
 [ 0.09552459 -0.08416496 -0.18476251 -0.10036066  0.03548777  0.21634799
   0.2415091   0.22745425  0.3478072   0.39213067 -0.23053597]
 [ 0.25342566  0.17749518 -0.13772076 -0.38751042  0.24304417  0.1329047
   0.1603431   0.3259513  -0.09323983  0.14371385 -0.226163  ]
 [ 0.49951696  0.37902862 -0.00842525  0.3134924   0.01975062  0.29509574
   0.250784    0.4217254  -0.05885421  0.08509776  0.00977564]
 [ 0.13000889 -0.40967917 -0.35539195  0.17832014 -0.37002122 -0.578767
   0.12190177  0.4451032   0.03658246  0.38265717 -0.30986828]
 [ 0.13980076  0.16162823  0.20468388 -0.49415806  0.42762318  0.24652396
  -0.3090931   0.5037409  -0.35731322 -0.02952292 -0.00574844]
 [ 0.2802282  -0.03397116 -0.4087516   0.27944833 -0.0697562  -0.04294481
   0.25182143 -0.25439227 -0.314947    0.5106504  -0.2789169 ]
 [-0.5497148   0.1091583   0.21361518  0.12967834  0.38565266  0.05748941
  -0.23097713 -0.22509925  0.3433909   0.1882704  -0.00626572]
 [-0.19454628 -0.282541   -0.16639562  0.31400755  0.18228021  0.0067942
  -0.35306588  0.28744367 -0.12690741 -0.24523649 -0.25775772]
 [-0.06057472  0.01981287 -0.23782316 -0.2746257  -0.19754156 -0.19012272
   0.19070955  0.15430102  0.37858823 -0.14326984 -0.44622883]
 [ 0.3224016   0.12006518 -0.09551347  0.14118485 -0.40552998 -0.65624595
  -0.33510813  0.5282612  -0.1764971   0.05631649  0.16050579]
 [ 0.4317029  -0.19156481 -0.12338302  0.29914427 -0.01742657 -0.12066804
   0.3429031  -0.13648067 -0.37719837  0.08662213  0.3273124 ]
 [ 0.13939835  0.14309615  0.18064496 -0.05178807  0.36836237  0.08598866
   0.42773408  0.45663005  0.31604996  0.2598252  -0.37992588]
 [ 0.14563893  0.22190322 -0.17769754 -0.17563143 -0.04201005  0.2940117
  -0.01161848  0.1752501   0.31247932  0.53310055 -0.35786638]
 [-0.5132997   1.0923054  -0.36213893 -0.28733194  0.9228727   1.6252234
   0.96151304 -1.4752401   0.4629325  -0.89274323 -0.13767858]]
Peso 2:
[ 0.4486081  -0.05197233 -0.00876504 -0.17513464 -0.20559333 -0.46803084
 -0.13142201  1.0272704   0.00250066  0.6303427  -0.01992158]
Camada: saida
Peso 1:
[[-0.5662148   0.7535895 ]
 [ 0.4095268  -0.9749896 ]
 [ 0.15847209  0.0151789 ]
 [-0.12868342 -0.14317861]
 [ 1.2980748  -0.08108051]
 [ 0.7654925  -1.8428007 ]
 [ 0.5962093  -0.4673174 ]
 [-1.3016303   1.6014998 ]
 [ 0.337886   -0.01845425]
 [-0.49657053  1.2367675 ]
 [ 0.2669789  -0.20923449]]
Peso 2:
[-0.5679111  0.5679151]



pesos modelo: 
Test loss: 0.6156, Test accuracy: 0.7989
Camada: meio
Peso 1:
[[ 0.05469197  0.01965412 -0.42824593 -0.24837908 -0.32510287  0.22739816
   0.01054969  0.03703874  0.10347062 -0.18095869  0.13718218]
 [-0.2914251  -0.20300005 -0.27683103  0.45972097  0.5771111  -0.09842723
   0.40780786  0.43704006 -0.12855487 -0.04127833  0.00824641]
 [-0.4141663  -0.16054599 -0.10570829  0.0751465   0.05030982  0.22421269
   0.07621868  0.07039622  0.17613386  0.23067698  0.11707189]
 [-0.22123204 -0.3137406   0.11281133  0.13818492  0.16225529 -0.38517705
   0.02363553 -0.27678478  0.1615475  -0.1080623   0.28264228]
 [-0.389912   -0.39796183 -0.09767525  0.56179136  0.3411478  -0.29591984
  -0.13332205 -0.15051836 -0.25097966  0.46962255 -0.03195995]
 [-0.40749034 -0.05942386  0.1478064   0.3503617   0.2556038   0.2496864
  -0.34267515  0.5522232  -0.15766533  0.33774343  0.3373842 ]
 [-0.39387697 -0.26309356  0.08651525  0.14531481 -0.29913303 -0.26235923
   0.42526317 -0.31815052  0.14564498 -0.13915364  0.15276921]
 [-0.01343045  0.05546436 -0.3757367  -0.05760274  0.24532497  0.2430492
  -0.20166162 -0.06642831  0.07462127  0.2988168   0.1540907 ]
 [-0.15131338 -0.36376008 -0.1817384  -0.5916755  -0.10945755 -0.41371432
  -0.30106652  0.3422554  -0.04358346  0.53274995  0.60425663]
 [-0.09907591  0.2978064   0.38882846 -0.02517948 -0.05663909  0.18957795
   0.40960225  0.17647332  0.288026   -0.20483759  0.02654889]
 [ 0.12497921  0.11823668  0.03276799  0.20928928 -0.07340197 -0.43936473
  -0.46128199 -0.21996568 -0.13837929 -0.11982755  0.36436436]
 [-0.07226509 -0.36922404 -0.36020386  0.29366535 -0.0344027  -0.32948834
  -0.22924156 -0.3816473   0.43667436  0.33224514 -0.4000282 ]
 [-0.4303828  -0.30640298  0.37577587  0.00734694 -0.03156805 -0.28923213
  -0.45063114 -0.23784657 -0.1937522  -0.2585573   0.23874338]
 [-0.40545806  0.07937861 -0.14113799  0.2907382  -0.0869301  -0.26873648
   0.35817447  0.03073385  0.29362288 -0.18815903  0.2686557 ]
 [ 0.42040065  0.07754752  0.2669888  -0.20366812 -0.09684947 -0.14043956
   0.43617338 -0.30900177 -0.28473967 -0.293454    1.1050274 ]
 [ 0.08250717  0.23666278  0.09399386  0.13353199  0.06583124 -0.03336366
   0.03477913  0.1539472  -0.1774809  -0.26994008  0.2682854 ]
 [-0.03989371  0.3407159   0.4417957   0.06672298  0.29737717 -0.3678289
  -0.33948216  0.31221953  0.3143654   0.15345019  0.10369615]
 [ 0.10810072  0.28174308 -0.21079116  0.29640222  0.1852255  -0.32626373
  -0.15482329  0.17079744  0.3297171  -0.19426839  0.26774657]
 [-0.25409955 -0.24351734 -0.05015601  1.4477118   0.976975   -0.06468661
   0.07469279 -0.33603936 -0.87418365 -0.5107826  -2.018216  ]]
Peso 2:
[-0.02214455 -0.03679079  0.0366734  -0.20557311 -0.09237401  0.01392117
 -0.0175788   0.28590423  0.39742532  0.17768523  1.3748529 ]
Camada: saida
Peso 1:
[[ 0.674025   -0.32632762]
 [-0.0657263  -0.17896906]
 [ 0.22971527  0.4860738 ]
 [ 1.334797   -1.0460534 ]
 [ 0.44107106 -0.9681093 ]
 [-0.33070982  0.53875196]
 [-0.14501558  0.02106711]
 [-0.3176711   0.6595671 ]
 [-0.66311693  0.72225624]
 [-0.48081034  0.4813829 ]
 [-1.8705635   2.1468756 ]]
Peso 2:
[ 0.11370181 -0.11370274]
