


pesos modelo: 
Test loss: 0.7677, Test accuracy: 0.7838
Camada: meio
Peso 1:
[[ 0.23007056  0.19211963 -0.19710773  0.26841214  0.42928836  0.11854073]
 [-0.09526374 -0.299085   -0.10560565 -0.08284166  0.3735134  -0.39034396]
 [ 0.5608181  -0.08588897  0.22749367 -0.39312747  0.37793154  0.07086781]
 [ 0.1661799   0.2276725   0.27213913 -0.27699113  0.22826013  0.31853077]
 [-0.43444043 -0.40215504 -0.45525667  0.30725783  0.30834973  0.37866834]
 [ 0.20132425  0.5622799  -0.32996815  0.10392425  0.30861303  0.29497215]
 [-0.1297789  -0.17902714  0.02491235  0.2007819  -0.1527405   0.4073446 ]
 [ 0.17681238  0.3689397   0.31174114 -0.00730163  0.28685972  0.37263834]
 [ 0.60658866  0.74332386 -0.03879515  0.5171494  -0.833985   -0.12705092]
 [ 0.30013913 -0.36602613 -0.01370224  0.14745277 -0.05257083 -0.0505941 ]
 [ 0.12107338 -0.38130328 -0.17976771 -0.34276372  0.03728513  0.39228296]
 [ 0.10008844  0.22076365  0.3163521  -0.38385445  0.67932963 -0.33080357]
 [ 0.61988586  0.09724469  0.46446496  0.20251326  0.3875801  -0.14819495]
 [ 0.06092898 -0.28570157 -0.35827154  0.17071772 -0.08214624  0.2904404 ]
 [ 0.6983074  -0.15132575  0.4071875  -0.18608579 -0.79654413  0.08648993]
 [-0.1166171  -0.00309695  0.03009549  0.21396986 -0.0453338   0.438101  ]
 [ 0.25130028  0.32930583  0.52763987 -0.38597527  0.22876225  0.0111596 ]
 [ 0.37372422  0.11645463 -0.20053749  0.2370514   0.12111168  0.05678133]
 [-1.4391142  -0.00776052 -0.37609762  0.20639876  2.0585582  -1.2892634 ]]
Peso 2:
[ 1.0830897   0.36878395  0.26508215  0.00314326 -0.39118427  0.65178543]
Camada: saida
Peso 1:
[[-1.5196455   1.6033907 ]
 [-0.7145083   0.52338856]
 [-0.87219054 -0.08882819]
 [ 0.13068233  0.33856353]
 [ 2.0495248  -1.3103006 ]
 [-1.0782682   0.9458183 ]]
Peso 2:
[-0.2650329  0.2650337]



pesos modelo: 
Test loss: 0.6762, Test accuracy: 0.7976
Camada: meio
Peso 1:
[[-0.44494727  0.36787078 -0.37118384 -0.10748592  0.18490973  0.20971051]
 [-0.27606252 -0.44129205  0.34028998 -0.36561692  0.09321155 -0.22188936]
 [ 0.5787218   0.12187913  0.19323972 -0.07910933 -0.16725358  0.03279557]
 [-0.13146685  0.04667805 -0.0852956   0.05862703 -0.16977294  0.501708  ]
 [ 0.04988166 -0.02602355  0.62034076 -0.13277917  0.01574776  0.03989601]
 [ 0.16220817 -0.13340005  0.23972444 -0.12669721  0.59297544  0.06058485]
 [ 0.4895071   0.17856225  0.21835989 -0.28034312  0.29383332 -0.10536568]
 [ 0.0573376  -0.18198934 -0.07248055  0.21888271  0.48279116 -0.25030157]
 [ 0.30835766 -0.35996094 -0.41877574 -0.05685246  0.53192246  0.7895058 ]
 [-0.19548659 -0.00649574  0.0196629  -0.4651325   0.17542109  0.49697292]
 [-0.12894039  0.00328016 -0.05424342  0.27530655  0.44013536 -0.03782604]
 [-0.04911824 -0.43325487  0.49831858 -0.3439364  -0.34188214  0.23822401]
 [ 0.0764295  -0.42599112 -0.16064386 -0.06685536 -0.2373639   0.18175128]
 [ 0.29461277 -0.41285327  0.06829648 -0.20120783 -0.10773445  0.18281505]
 [ 0.71907246 -0.433214   -0.65057427 -0.00564618  0.82703435 -0.04326728]
 [ 0.2675802   0.34410837  0.27539125  0.26507053  0.00766329  0.5160106 ]
 [ 0.3003044  -0.06050588  0.09416356 -0.43137562  0.08008741  0.07001256]
 [ 0.45937216 -0.2137095   0.09547158  0.12286036  0.21412793 -0.23878871]
 [-1.2084728  -0.27461183  2.407321   -0.38649666 -0.6894664  -1.0452262 ]]
Peso 2:
[ 0.9014827  -0.09149456 -0.53153026 -0.02266736  0.5438843   0.75016004]
Camada: saida
Peso 1:
[[-1.1100669   1.4159997 ]
 [ 0.8189585  -0.74491626]
 [ 1.8496208  -1.7076657 ]
 [ 0.40210104  0.22235923]
 [-0.2577413   1.3444958 ]
 [-1.4346346   0.49655536]]
Peso 2:
[-0.2840557   0.28405747]



pesos modelo: 
Test loss: 0.6424, Test accuracy: 0.8023
Camada: meio
Peso 1:
[[ 0.03138742 -0.3609804  -0.33152872 -0.2668184  -0.34591877 -0.46628842]
 [-0.13063346  0.34911752  0.5673826  -0.01537356 -0.38018396 -0.15074933]
 [ 0.07107244 -0.24905232  0.01683678  0.08769473  0.15243746  0.2848205 ]
 [-0.29124886 -0.08177302  0.32048428  0.5181879  -0.10446554  0.04077984]
 [-0.32938418  0.54024917  0.7757086   0.35679373 -0.06673115 -0.2568336 ]
 [-0.47502217  0.01838219 -0.15656734 -0.07839208  0.3599245   0.4964323 ]
 [ 0.02655819 -0.41296646  0.32522118  0.4022193  -0.46381092  0.34430176]
 [-0.03184975  0.07059447 -0.17071031  0.04081313 -0.4295752  -0.0459054 ]
 [-0.2852114  -0.12358757 -0.3721968   0.8343458   0.20522112  0.48308584]
 [ 0.29759476  0.06485045 -0.03617179  0.25584245 -0.05464147 -0.3007209 ]
 [-0.39848492  0.21367614  0.10363626  0.4199668   0.17456603 -0.26558223]
 [-0.05826595  0.17280722  0.5146632  -0.11559574  0.1943118   0.07543942]
 [ 0.2514148   0.27352852 -0.04848938  0.18987505 -0.17857495 -0.20210285]
 [ 0.23021437 -0.24217282 -0.10376027 -0.05490828 -0.26846185  0.3534569 ]
 [-0.21867979 -0.4615321  -0.70771605  0.72687757  0.04406112  0.21453477]
 [-0.15579383  0.29296523  0.27480596  0.46576485 -0.29585403  0.23302104]
 [-0.36135057  0.09150352  0.05857028  0.11593501 -0.35786596  0.5020439 ]
 [ 0.01981879  0.31347555 -0.06879207  0.10560399  0.17631255  0.42055723]
 [-0.41046867  0.3524313   2.1322608  -1.8302293   0.53329223 -0.64578015]]
Peso 2:
[-0.13148963 -0.13204134 -0.68738097  1.0453551  -0.09759074  0.21544704]
Camada: saida
Peso 1:
[[ 0.2834602  -0.5718966 ]
 [-0.34080645 -0.9521884 ]
 [ 1.4913663  -2.035643  ]
 [-1.0599967   2.210132  ]
 [ 0.42920837 -0.11917514]
 [-0.1952031   0.7529854 ]]
Peso 2:
[-0.6751376  0.6751392]



pesos modelo: 
Test loss: 0.8335, Test accuracy: 0.7819
Camada: meio
Peso 1:
[[ 0.07626811 -0.07224327  0.17967394 -0.25604096  0.21409032 -0.0405148 ]
 [ 0.508934   -0.08537716  0.10062563  0.12192883  0.7855245   0.01142441]
 [ 0.44511834  0.15162076  0.5536808  -0.00785224 -0.16410466  0.17566366]
 [ 0.42572585 -0.329694   -0.10669876  0.5591567   0.04664002 -0.12451845]
 [ 0.3234023   0.44199216 -0.16870724 -0.03494982  0.8379373   0.48296574]
 [ 0.3311773   0.45253366  0.04951639 -0.08162089 -0.15955597  0.11158079]
 [-0.0405858   0.28214747  0.37091753 -0.00570768  0.10651979  0.4662735 ]
 [-0.25946337  0.3417916  -0.1495015   0.0393026   0.09847268  0.04910214]
 [-0.07096856  0.2502549  -0.07269131  0.9441281  -0.7183161  -0.15447596]
 [ 0.06860928 -0.2629329   0.45309624  0.38705033  0.1907812   0.07332667]
 [ 0.27574956 -0.0637292  -0.3635777   0.5020033   0.15007149 -0.02954072]
 [ 0.5693877   0.16775492 -0.05348326 -0.29279637  0.25797182 -0.4596307 ]
 [-0.23239954  0.2549804   0.35622063  0.00172052  0.12403475  0.04059319]
 [-0.26274312  0.17492418 -0.00802733  0.38289738  0.410889   -0.4395375 ]
 [-0.13258502 -0.13260186  0.3421907   0.886115   -0.61708266  0.2799404 ]
 [-0.33673695 -0.05699239 -0.30104005  0.26212707  0.13281715 -0.40998656]
 [-0.01069298  0.09571335 -0.40887746  0.13183227 -0.01423004  0.14045335]
 [ 0.23848507  0.43431777  0.38861248 -0.10778008 -0.11893933 -0.4263689 ]
 [ 0.6809916  -1.2793733  -0.49645957 -1.6283627   1.6558877  -0.15506278]]
Peso 2:
[-0.2508422   0.44290793  0.33185428  1.2934135  -0.42398694  0.1369635 ]
Camada: saida
Peso 1:
[[ 0.21330224 -1.0637807 ]
 [-1.5213803   0.18922496]
 [-0.7664527   0.18490411]
 [-1.7849109   1.6862432 ]
 [ 1.5654912  -1.3962146 ]
 [-0.10923978  0.42443788]]
Peso 2:
[-0.40048116  0.40048364]



pesos modelo: 
Test loss: 0.6031, Test accuracy: 0.8150
Camada: meio
Peso 1:
[[-3.63442540e-01 -1.35117471e-02 -3.63217473e-01 -6.77852035e-02
  -1.69851780e-02 -1.17209464e-01]
 [-8.24919418e-02 -7.95115903e-02 -2.36076310e-01  7.00638354e-01
   1.47780567e-01  5.34515753e-02]
 [-8.58417130e-04  2.72275478e-01 -3.83494705e-01  4.20729429e-01
   3.00098449e-01 -3.13629478e-01]
 [-4.86775756e-01  3.51477772e-01  4.29220140e-01  4.17869538e-01
   2.13200510e-01  7.44092241e-02]
 [-4.24971342e-01 -8.64915252e-02 -2.90813893e-01  6.51379347e-01
  -4.51411217e-01  3.01428169e-01]
 [-2.55288035e-01  2.11439639e-01  3.05803239e-01 -7.44528323e-02
  -3.34545374e-01  4.00732338e-01]
 [ 2.69129306e-01  2.80992955e-01 -1.98497951e-01  3.07824463e-01
   4.39658225e-01 -1.40592456e-01]
 [-4.67747539e-01  2.03728691e-01  1.56901404e-01  1.62516892e-01
  -4.91839677e-01 -2.22060993e-01]
 [-1.47709772e-01  1.00647616e+00  1.13186203e-02 -2.47937560e-01
  -3.65180612e-01  3.44011672e-02]
 [-1.06183086e-02  1.10636316e-01  1.39979482e-01 -8.36099312e-02
   3.30039829e-01 -4.68633212e-02]
 [-4.36355442e-01  3.13710868e-01 -1.13296479e-01  3.67358997e-02
  -1.78212389e-01  5.36556005e-01]
 [ 4.00899202e-01 -3.81462537e-02  1.48689881e-01  5.23727238e-01
  -4.38071758e-01  5.19934058e-01]
 [ 3.56630236e-01  3.01576883e-01 -2.90204007e-02  1.74828440e-01
  -2.24284843e-01  3.74594063e-01]
 [-3.19940537e-01  2.50855923e-01  1.35420069e-01 -9.62278433e-03
   3.64579320e-01  5.10972023e-01]
 [-1.71629146e-01  9.25364316e-01 -4.00707096e-01 -5.36491334e-01
   3.70123655e-01  1.31974444e-01]
 [ 1.56814186e-03  3.44972312e-01 -1.73534632e-01  4.18689489e-01
   4.68116105e-02 -1.27487049e-01]
 [-1.34337261e-01  3.96988578e-02  6.82629794e-02 -2.05012448e-02
   4.43620801e-01 -3.21242511e-01]
 [ 1.00785576e-01  1.90379024e-01  4.65440452e-01 -2.46908106e-02
  -2.58604020e-01  3.05797309e-01]
 [-3.93923938e-01 -2.46439338e+00 -4.09032702e-01  1.29477489e+00
   3.77476096e-01  6.77881181e-01]]
Peso 2:
[-0.02540225  1.445505    0.04173914 -0.25253046 -0.00380393 -0.05874561]
Camada: saida
Peso 1:
[[ 0.03196274 -0.02811518]
 [-2.0781093   2.297236  ]
 [-0.16069154  0.14175628]
 [ 1.0353426  -1.255632  ]
 [ 0.25452673  0.33482683]
 [ 0.405723   -0.6797505 ]]
Peso 2:
[-0.09005607  0.09005577]



pesos modelo: 
Test loss: 0.7693, Test accuracy: 0.7745
Camada: meio
Peso 1:
[[-2.2390473e-01  1.4083406e-01  1.9613639e-01 -3.4442478e-01
   1.7353079e-01 -1.8234855e-01]
 [-1.1948511e-01 -1.6488509e-02  2.0006470e-02  4.8345208e-01
  -5.9124425e-02 -1.5563942e-01]
 [ 1.3315745e-01  5.4281080e-01  2.9608631e-01  1.3762967e-01
  -2.0884077e-01  4.0784061e-01]
 [ 1.0966078e-01  2.1105202e-01 -1.8627819e-01  8.6596264e-03
   4.6637824e-01  1.5939103e-01]
 [ 2.2091471e-01  4.1633725e-01  3.8238585e-01  4.9716753e-01
  -2.3143914e-01 -2.1675108e-01]
 [-3.1236762e-01  3.4192163e-01  3.5666275e-01  1.0526229e-01
  -4.6273112e-01  4.4604474e-01]
 [ 1.9155458e-01 -1.5189628e-01  3.2108372e-01 -2.1192516e-01
  -5.1349886e-02  5.2452683e-01]
 [-2.5499150e-02  4.1888561e-02 -2.5032026e-01  1.3448374e-02
  -2.3236033e-04  2.8179395e-01]
 [-2.8361505e-01  7.1601593e-01 -3.9221951e-01 -6.4372760e-01
  -1.8896422e-01  2.7028713e-01]
 [ 3.8385591e-01  4.9366972e-01 -1.6246599e-01  1.3560064e-01
  -2.2291824e-01  3.2643583e-01]
 [ 1.3713257e-01  5.4262650e-01  3.2977501e-01  1.7361533e-02
  -4.4431161e-02  6.6029377e-02]
 [ 4.4854075e-01  1.8745342e-01  1.6537565e-01  4.7687712e-01
  -3.1690171e-01  2.3309131e-01]
 [ 1.7379377e-02  6.6678524e-01  1.5633905e-01  1.9867468e-01
  -3.3360624e-01  2.4696486e-01]
 [ 3.4386348e-02  1.2412457e-01 -2.0439276e-02 -6.0846440e-02
  -2.2752567e-01  9.5119163e-02]
 [-1.6749163e-01  7.6137632e-01 -3.3165655e-01 -4.8134911e-01
  -4.1756427e-01  1.3554305e-01]
 [-1.3077064e-01  3.8536230e-01 -3.3806136e-01  7.9801895e-02
  -2.6383120e-01 -4.4306317e-01]
 [-2.6225305e-01  3.4348488e-01 -2.1962734e-01  1.0939575e-01
  -4.3115813e-01 -1.4390853e-01]
 [ 6.0350518e-04  6.1700474e-02  7.6082096e-02 -1.2612734e-02
   1.6983242e-03  4.2570859e-01]
 [ 7.6186490e-01 -3.7012488e-01  1.0236837e+00  2.6516232e+00
   1.9555598e-02 -4.4684261e-01]]
Peso 2:
[-0.13377766  0.8867341  -0.10938518 -0.7746553  -0.01620547  0.1430038 ]
Camada: saida
Peso 1:
[[ 0.35253575 -0.7741144 ]
 [-1.7849302   0.33121935]
 [ 0.16987552 -1.0640448 ]
 [ 2.17941    -2.0237234 ]
 [ 0.54860556 -0.47027218]
 [-0.57204366  0.4426359 ]]
Peso 2:
[-1.0766404  1.0766433]



pesos modelo: 
Test loss: 0.7869, Test accuracy: 0.7784
Camada: meio
Peso 1:
[[-0.24793358  0.30336627 -0.18010023 -0.33839017  0.47349992 -0.25022674]
 [ 0.66738796 -0.07303867  0.01690253  0.16835043  0.09079022  0.25090352]
 [-0.00874     0.15315327 -0.11756086  0.07117947 -0.12927896 -0.1951448 ]
 [ 0.08108494  0.54921716 -0.37350932 -0.09919695 -0.02070991 -0.42128935]
 [ 0.4455691  -0.00814336  0.13546652 -0.12936357  0.07088667  0.04335855]
 [ 0.01358835  0.2734306  -0.22081533  0.00970693  0.23591815 -0.46906424]
 [-0.09885426 -0.12806174 -0.04515994  0.14506863 -0.15455745 -0.31335625]
 [ 0.34784576  0.4787409  -0.46440098  0.3252387  -0.11917618 -0.04437875]
 [-0.7997674   0.5361312  -0.41845173  0.5483183  -0.25910193 -0.4487103 ]
 [ 0.2452261   0.18028086 -0.26026487  0.34967345 -0.26071763 -0.18302041]
 [ 0.08028374 -0.18524723 -0.4744142   0.4406546  -0.38208267  0.1951755 ]
 [ 0.8777661   0.26157317 -0.4509921   0.15027824 -0.2857721   0.21148567]
 [ 0.17373012 -0.26065016 -0.42969254  0.5447047  -0.02842015  0.36047468]
 [-0.13491236 -0.1395857  -0.04525249  0.08211713 -0.33753654  0.04834723]
 [-0.82715714  0.20798796  0.0627209   0.5360966  -0.13413157  0.05715059]
 [-0.08522515  0.08470035  0.26517308  0.04033564  0.10571039 -0.48639828]
 [ 0.05931154  0.28108394 -0.2003827   0.10876309 -0.33137202  0.03537215]
 [-0.05602977  0.13930966  0.19798525  0.03428486  0.30427486 -0.03339779]
 [ 2.0487611  -1.0386614   0.35811788 -1.635241   -0.11009364  0.13259414]]
Peso 2:
[-6.56591237e-01  7.53271580e-01 -1.28983883e-02  9.72806931e-01
 -2.99562496e-04 -1.20220535e-01]
Camada: saida
Peso 1:
[[ 2.0603688  -1.6059407 ]
 [-1.2880483   0.68633866]
 [ 0.3660611   0.03488253]
 [-0.86476266  2.0055053 ]
 [ 0.5545107   0.56857526]
 [ 0.27073297  0.491084  ]]
Peso 2:
[-0.6048535   0.60485494]



pesos modelo: 
Test loss: 0.9500, Test accuracy: 0.7647
Camada: meio
Peso 1:
[[-0.02433345 -0.2582659  -0.19327992 -0.09720066 -0.4713669  -0.16324776]
 [ 0.21096358 -0.31493184 -0.3842152   0.5880153  -0.3030009  -0.13308941]
 [ 0.1697082   0.3164477   0.12328874  0.3851006  -0.3336827   0.37991413]
 [ 0.15782286  0.12213803  0.47347847  0.4978459  -0.34082723 -0.00983736]
 [-0.71710634  0.01455702  0.40089005  0.33687264  0.14317591  0.22597727]
 [ 0.03522513  0.24788642  0.05739176 -0.01305515 -0.13806188  0.04514881]
 [ 0.38497335  0.4004824  -0.07763276  0.46747214 -0.31390116  0.25010154]
 [ 0.16808836 -0.24829477 -0.03290601 -0.15208852 -0.02044535 -0.04521669]
 [ 0.83118814  0.84111893 -0.13772358 -0.61181283  0.39644384  0.60253143]
 [ 0.3006678  -0.07130594 -0.11345366  0.05185607  0.23265907  0.07981802]
 [-0.05351059  0.07700218  0.21482141 -0.11841054  0.35167676 -0.08742312]
 [-0.26541537  0.46735927  0.19037592  0.6695196  -0.41534635 -0.3727277 ]
 [ 0.23671055 -0.07998661  0.07517409  0.28931737 -0.1442316   0.24896933]
 [ 0.23164941 -0.00932768  0.05877727  0.17428236  0.18941213  0.202069  ]
 [ 0.6869624   0.29851133  0.79539746 -0.3199747  -0.21787141  0.50474477]
 [ 0.53077376 -0.28643593 -0.01042651  0.28143972  0.24544604 -0.06173723]
 [ 0.2669689  -0.22056931 -0.05303615  0.18361732 -0.29211766  0.46354577]
 [ 0.20154439 -0.14334296  0.10869795 -0.03109924  0.14228536 -0.14098385]
 [-1.6649419  -0.43789464 -1.2117965   1.6711385  -0.2672822  -0.6452206 ]]
Peso 2:
[ 1.3423213   0.34420946  0.8221127  -0.12929216  0.02686948  0.41152737]
Camada: saida
Peso 1:
[[-1.4390465   2.052738  ]
 [-0.8444707   0.6817483 ]
 [-1.2005624   1.2023014 ]
 [ 1.9121809  -0.761702  ]
 [-0.9188243  -0.7392531 ]
 [-0.54795796  0.68618035]]
Peso 2:
[ 0.27396584 -0.27396452]



pesos modelo: 
Test loss: 0.3662, Test accuracy: 0.8617
Camada: meio
Peso 1:
[[-0.1929439  -0.19688511  0.2865033   0.45216438  0.10303906 -0.36797512]
 [ 0.03928116 -0.0705092   0.34602377 -0.00661294 -0.16440177  0.4498167 ]
 [ 0.07794919  0.28198192 -0.421368    0.04629773  0.09866277  0.15432903]
 [-0.47967187  0.2700543   0.5429033   0.33020544  0.0427436   0.22808504]
 [-0.14191748  0.06428103 -0.3891762  -0.21469365 -0.4647223   0.5201328 ]
 [ 0.23948607  0.09117044  0.02565645  0.36807048 -0.30349338 -0.0634414 ]
 [-0.2843414   0.46459565  0.5116052   0.08141836 -0.39693412  0.38374808]
 [ 0.04553606  0.15098079 -0.07093522  0.28453094 -0.42309374  0.04898962]
 [ 0.32506883  0.9839187   0.22399992 -0.23857881 -0.4273931  -0.17422114]
 [-0.44077626  0.04315682 -0.2593753  -0.16494547 -0.35517293 -0.2047104 ]
 [-0.07226446  0.07636525 -0.03227546  0.09436706  0.5073351  -0.08402056]
 [-0.45085108 -0.2847001  -0.45625752  0.10342206 -0.19455947  0.1389084 ]
 [-0.47744715  0.4022595  -0.44763303 -0.09346534  0.3667716   0.25272384]
 [-0.19500607  0.44335586  0.5132433  -0.17901614 -0.06754823  0.36190385]
 [ 0.24342595  0.6456904  -0.28106198 -0.43619573 -0.41213903 -0.6970917 ]
 [-0.24635044  0.29876775 -0.39703894 -0.18306156 -0.05379336  0.13621126]
 [-0.23698844  0.3046131  -0.41169432  0.04249582  0.31686452  0.19949074]
 [ 0.399432    0.33267435  0.46752182  0.32748294 -0.21126384  0.28110045]
 [-0.43443438 -2.0406542   0.0466089  -0.4843515   0.17789146  2.1840177 ]]
Peso 2:
[-0.09426101  1.1937606   0.09661349  0.14616932  0.03448853 -0.39646712]
Camada: saida
Peso 1:
[[ 0.69434065  0.07111145]
 [-2.3623023   1.471909  ]
 [-0.19032785  0.27884027]
 [-0.7837459  -0.22847512]
 [-0.8329652   0.10835339]
 [ 1.8177333  -1.3913859 ]]
Peso 2:
[-0.27944973  0.27945074]



pesos modelo: 
Test loss: 0.6749, Test accuracy: 0.8026
Camada: meio
Peso 1:
[[ 8.47993195e-02  4.17655498e-01 -1.52015954e-01 -2.64918625e-01
   2.45467335e-01 -3.69942605e-01]
 [-2.35590599e-02 -7.58109689e-02  2.06705734e-01 -3.17589402e-01
   1.49848685e-02  1.92380995e-01]
 [ 1.76209658e-02  2.14827269e-01  2.24427506e-01  3.98260862e-01
  -5.05610555e-03  4.19426188e-02]
 [-1.70598432e-01  2.92072594e-01 -2.70077020e-01  1.74554080e-01
   2.31875494e-01  1.14069216e-01]
 [-4.65438008e-01  3.58851820e-01  7.39058793e-01  1.34486750e-01
  -1.30927702e-03  1.53014198e-01]
 [ 2.87734985e-01  2.14743577e-02  5.28839864e-02  4.74551737e-01
   1.69750556e-01  3.63092333e-01]
 [-5.18942773e-01 -1.09699495e-01  2.65881836e-01  3.45371366e-01
  -2.38491401e-01  1.75054267e-01]
 [ 1.26154035e-01 -1.89988725e-02  2.25403443e-01  3.01636010e-01
  -2.49520689e-01  8.15100670e-02]
 [ 2.24961653e-01 -5.67185953e-02 -5.11794388e-01  8.60162258e-01
   3.18611450e-02 -3.07273984e-01]
 [-3.70651990e-01  2.19615754e-02 -3.01182121e-02  3.66017193e-01
  -7.12461025e-02  4.02022123e-01]
 [ 1.36843950e-01 -1.31827220e-01  9.01371315e-02  4.47407663e-01
   4.86571282e-01  2.07769543e-01]
 [-3.76555413e-01  3.28676760e-01  4.44946736e-01  3.45418528e-02
   5.34682691e-01  2.40872324e-01]
 [ 1.74396992e-01  1.47894666e-01 -1.53554216e-01  9.80304852e-02
   6.12513977e-04  3.27623412e-02]
 [ 1.85094878e-01  1.19976915e-01  8.56475011e-02  3.28010559e-01
  -9.67892166e-03  1.86089382e-01]
 [ 3.22948992e-01 -4.93793428e-01 -3.73461723e-01  6.65589869e-01
  -5.29281139e-01 -5.38544118e-01]
 [ 1.04687624e-01  4.02347475e-01 -3.73788588e-02  2.30581701e-01
   3.20094734e-01 -1.71103731e-01]
 [-3.20861936e-01 -8.13370943e-02  1.45094678e-01  3.58050793e-01
   2.32400924e-01  7.93399736e-02]
 [-2.86411941e-02 -3.85635532e-02  1.33743644e-01  2.36077514e-02
  -2.39886958e-02 -3.11700732e-01]
 [ 1.67155057e-01  5.16076624e-01  1.15573573e+00 -1.83987308e+00
   7.86429167e-01  1.58276546e+00]]
Peso 2:
[-0.22980586 -0.21050394 -0.5808289   1.1848608  -0.17820816 -0.30184466]
Camada: saida
Peso 1:
[[ 0.65446657 -0.09900924]
 [-0.17578417 -1.104694  ]
 [ 1.0089134  -1.3907305 ]
 [-1.7758558   1.8355666 ]
 [ 0.22892627 -0.8758821 ]
 [ 1.3689605  -0.8840403 ]]
Peso 2:
[-0.55911547  0.5591161 ]



pesos modelo: 
Test loss: 0.2918, Test accuracy: 0.8838
Camada: meio
Peso 1:
[[ 0.11666623  0.16896257  0.35246083 -0.32263315  0.27553007  0.17586777]
 [-0.33145702 -0.18595496 -0.08419114  0.22675483  0.40327418  0.26780704]
 [-0.01997471  0.44657263  0.34465382  0.01012455  0.13885143 -0.2232083 ]
 [-0.14977032  0.05368733  0.42526862  0.3829838   0.1320229  -0.44537032]
 [-0.19499613  0.4260488  -0.03542103 -0.02354163  0.38956076 -0.34590232]
 [ 0.39260864  0.43412346  0.26318187 -0.32472128  0.20555271 -0.11573317]
 [-0.3743855   0.4262202   0.4113917  -0.11752733  0.26132157  0.19197673]
 [ 0.05626293 -0.18228844  0.29570886  0.15219735  0.08687854  0.2688493 ]
 [-0.01758169  0.2522909   0.65996855 -0.04593578 -0.50545824  0.11664587]
 [-0.443438   -0.10435344  0.28193697  0.3467738  -0.02697587 -0.34166157]
 [ 0.21057245  0.04153484  0.34653336  0.25243685  0.09629259 -0.03236475]
 [ 0.21935366  0.44710302 -0.22167116  0.49552503  0.0858782  -0.3447187 ]
 [-0.39035589 -0.29692036 -0.00550382 -0.21388265 -0.04336911 -0.44364136]
 [ 0.25248763  0.01479994  0.3160852   0.39772055 -0.00695442  0.25115862]
 [-0.28773215 -0.04939108  0.8923764   0.15336351 -0.35679442 -0.25533888]
 [-0.3373763   0.258283    0.00405034 -0.06630035 -0.20082834  0.35500562]
 [-0.23443513  0.4295504   0.2508412  -0.29740843  0.1587385   0.12262231]
 [-0.1483119  -0.3667148   0.42943436 -0.19179137  0.38941234 -0.45597535]
 [-0.21392712  0.5209701  -1.7285311   1.2275311   2.1420522   0.33570057]]
Peso 2:
[-0.11817567 -0.08026872  1.2256354  -0.1116019  -0.5051187  -0.07781307]
Camada: saida
Peso 1:
[[ 0.42410833 -0.48948437]
 [ 0.55856514  0.17571826]
 [-1.772568    1.7308643 ]
 [ 0.6532297  -0.7222823 ]
 [ 1.5855753  -1.6973047 ]
 [-0.31416878 -0.80407435]]
Peso 2:
[-0.51199514  0.5119975 ]



pesos modelo: 
Test loss: 0.5498, Test accuracy: 0.8276
Camada: meio
Peso 1:
[[ 0.3238807   0.25019214  0.26690271  0.27179864 -0.05329514  0.44282094]
 [-0.50577164 -0.12885275  0.2277164   0.5045328   0.23065208 -0.34585026]
 [ 0.18416804  0.17497273  0.2365418  -0.36803448  0.04204266 -0.1180889 ]
 [-0.11357506 -0.17946385  0.28654158  0.10242065  0.06369198  0.6112833 ]
 [ 0.08935758 -0.04123874  0.3009571   0.42664593 -0.29830205  0.23477073]
 [ 0.25661317 -0.5072558   0.00988866  0.05585218 -0.10242943  0.49950796]
 [-0.3328807   0.3532144  -0.13648848  0.11663917  0.2653561  -0.02767326]
 [-0.20536484 -0.5112046   0.17664331  0.1762231   0.21403427  0.35212964]
 [-0.1826987   0.39369962 -0.13673761 -0.1567635   1.174875    0.13637915]
 [ 0.15417202  0.16452155  0.02919268  0.06658542  0.2553826   0.04175314]
 [-0.33974493 -0.25628924 -0.23991911  0.2159357   0.04938572  0.3167931 ]
 [ 0.15346552 -0.03097296  0.21259792  0.3407367   0.24613205 -0.6260653 ]
 [ 0.21059519 -0.49513242  0.39128986 -0.0706984   0.45798197 -0.13215971]
 [ 0.1364825  -0.40849173 -0.13087483  0.25768456  0.24232318  0.08689406]
 [ 0.06493241  0.318367   -0.0616557  -0.6964007   0.85988337  0.15477788]
 [-0.04786618 -0.24300155 -0.06713039 -0.11059262 -0.25839907  0.42367125]
 [-0.46734864  0.02240977  0.02271104  0.09025522 -0.03578704  0.51498765]
 [ 0.38759267 -0.08031505  0.07566848  0.34232873  0.27107537  0.45135114]
 [ 0.07795557 -0.3462609   1.5535786   1.8421949  -1.3045771  -0.8642508 ]]
Peso 2:
[ 0.00961337 -0.13795073 -0.28438625 -0.54287404  0.9646702   0.72888035]
Camada: saida
Peso 1:
[[-0.41349965 -0.17075658]
 [ 0.00447748 -0.7067261 ]
 [ 0.84537905 -1.155133  ]
 [ 1.4282974  -1.5782537 ]
 [-1.5393096   1.4937141 ]
 [-1.5068088   0.6228965 ]]
Peso 2:
[-0.49451053  0.4945119 ]



pesos modelo: 
Test loss: 0.3205, Test accuracy: 0.8736
Camada: meio
Peso 1:
[[ 0.08549127  0.45406535 -0.00710872 -0.20821196  0.46510276  0.4128308 ]
 [ 0.68323725  0.3163813  -0.11426284 -0.323241   -0.14821653  0.0761705 ]
 [ 0.02560867  0.3211149  -0.40701726 -0.2715073   0.05685253  0.06297521]
 [ 0.34134644  0.59822863  0.08008206  0.12620386 -0.4738682  -0.11222126]
 [ 0.28494686 -0.11006855 -0.24602525 -0.23617023  0.11060526  0.24929614]
 [ 0.2775545   0.7104606   0.21231247 -0.48077527  0.08654232  0.21610919]
 [ 0.2781327   0.52689373 -0.20068263 -0.30861494 -0.06086363 -0.1803868 ]
 [ 0.0757812   0.4494958  -0.23510763 -0.43161744  0.15003513  0.22129661]
 [-0.6867899   0.27403888 -0.25461704  0.21831182  0.12704298 -0.501995  ]
 [-0.07347619  0.12299309  0.41102135  0.16336429 -0.21577258  0.18949322]
 [-0.04897792  0.1242817  -0.25719532  0.26071575 -0.2225411  -0.0540073 ]
 [ 0.44516966  0.05828235 -0.06809261 -0.40877283 -0.28134754  0.03753452]
 [ 0.19872653  0.36182326  0.2821049   0.05892437 -0.27117124 -0.17684235]
 [-0.03017446  0.25039914 -0.04499818 -0.32118604  0.15356651  0.19986062]
 [-0.81971365  0.38232863  0.07414049 -0.13878255 -0.48427275 -0.18368036]
 [-0.18143146  0.04659678  0.4242366  -0.4739143  -0.24850294  0.2279728 ]
 [ 0.12597327  0.4776656  -0.02076663 -0.10396332  0.20284356  0.28286403]
 [-0.02564973  0.28799775 -0.04998371 -0.05156409 -0.22688486  0.23325714]
 [ 2.46856    -1.4749388   0.03657776  0.28122178 -0.47925717  1.0613039 ]]
Peso 2:
[-0.5397213   0.9730711   0.14288646  0.0093863  -0.04356621 -0.23807292]
Camada: saida
Peso 1:
[[ 1.3492771  -2.4000266 ]
 [-0.6951794   2.1326208 ]
 [-0.68952376 -0.17215379]
 [-0.6876995  -0.4473931 ]
 [ 0.45426935  0.16443422]
 [ 0.23590708 -1.1682404 ]]
Peso 2:
[-0.8839888  0.8839896]



pesos modelo: 
Test loss: 0.4174, Test accuracy: 0.8459
Camada: meio
Peso 1:
[[ 0.16776922 -0.28903705 -0.07748049  0.4214104  -0.20310065 -0.34352732]
 [-0.02149961  0.32513738  0.25741655 -0.19413911  0.5876439  -0.47599214]
 [-0.03469938  0.37159777  0.45098835 -0.06387737 -0.3516693  -0.10789188]
 [ 0.34062466  0.11188212  0.06334652  0.29197168 -0.12831335 -0.33426225]
 [-0.22902286  0.25019622  0.13421485 -0.3973071   0.3905158   0.02135545]
 [ 0.3954615  -0.07154139 -0.31480289  0.46041617 -0.23258185 -0.42553148]
 [-0.4438391   0.10401259  0.5567083  -0.1785121   0.26862952 -0.4286679 ]
 [-0.18929285  0.32004815  0.27968624  0.2641706  -0.11833856  0.3895248 ]
 [-0.33020765 -0.3462668   0.25352278  0.8348836  -0.06998335  0.09310166]
 [-0.18364312 -0.01185179 -0.11022892  0.53887415  0.14013183  0.4501313 ]
 [-0.27400985  0.2965254  -0.04041979  0.55564064 -0.22736423  0.14710414]
 [-0.07110199  0.565122    0.49342182 -0.25617197  0.5238107  -0.2902395 ]
 [ 0.12923503 -0.1403712  -0.25463772  0.46597472 -0.00821916 -0.27814278]
 [-0.3230833   0.02073794  0.09592018  0.37982333  0.35688698 -0.47504768]
 [-0.12804292 -0.22654374  0.70933425  0.76700705  0.07409281  0.30062467]
 [-0.06298295 -0.1485029   0.11845411 -0.10003775  0.06502183 -0.04123327]
 [-0.34445158 -0.03232791 -0.02381765  0.25985858  0.00708242 -0.31934142]
 [-0.11842824 -0.110617    0.22794022 -0.25214034 -0.09090565 -0.20501465]
 [-0.20918103  2.0496604  -1.6489385  -0.7829001   1.2963755   0.45834842]]
Peso 2:
[-0.12263758 -0.37174967  0.9372217   0.86461705 -0.21633099  0.00760529]
Camada: saida
Peso 1:
[[ 0.51440716 -0.6067112 ]
 [ 1.5386802  -1.5037454 ]
 [-1.700718    1.2253969 ]
 [-1.3595252   0.8354405 ]
 [ 0.4281543  -1.3080486 ]
 [ 0.16694772  0.30722216]]
Peso 2:
[-0.4514499   0.45145154]



pesos modelo: 
Test loss: 0.3651, Test accuracy: 0.8623
Camada: meio
Peso 1:
[[-0.29094967  0.380137    0.2866064   0.38126984  0.22253546 -0.4533359 ]
 [-0.3534576  -0.00867616  0.53271455 -0.36438033  0.27215093  0.04172881]
 [-0.21515895  0.3879672   0.11866157  0.29358882  0.19108015  0.4104722 ]
 [-0.00448148 -0.23536743 -0.06837557  0.20106499 -0.00933268  0.10979925]
 [-0.28509146 -0.66719717 -0.2010827   0.21586986  0.46770155 -0.00344731]
 [ 0.47584948 -0.4196319  -0.07986952  0.24860415  0.00761359 -0.06424588]
 [ 0.04974482  0.02021855 -0.15902098  0.18663375  0.10209464  0.28901213]
 [ 0.19923754 -0.13709216  0.49501476  0.17510422  0.07957299  0.1748021 ]
 [-0.45645583  0.34671476 -0.2526239   0.6401195  -0.8283309   0.2569239 ]
 [ 0.37671447 -0.40255782 -0.37330747  0.08973999  0.198062    0.5245594 ]
 [ 0.11863124  0.05067415 -0.23634675  0.06023551 -0.01079462  0.1998272 ]
 [ 0.29923669  0.20003825 -0.14092895  0.36833647  0.8308455   0.29864192]
 [ 0.09826123  0.22695921  0.46133617 -0.17806907 -0.12358922  0.07692943]
 [ 0.41615853  0.15438408  0.41924566 -0.06645266 -0.16094919 -0.32977435]
 [ 0.20553377 -0.39063403  0.38133886  0.6233314  -0.5868934   0.10708238]
 [ 0.24600929  0.25473866 -0.32380193  0.26925522  0.22532785  0.44242418]
 [ 0.19396296  0.18118529 -0.39502424  0.17174713  0.06471104  0.21841525]
 [ 0.12143394 -0.10968237  0.04478019  0.31737855  0.08230377  0.06679783]
 [-0.531499    0.08658636 -0.27114877 -0.9530095   2.5985663  -0.9077322 ]]
Peso 2:
[ 0.19716269  0.0613852   0.14924008  0.75888807 -0.588147    0.6128153 ]
Camada: saida
Peso 1:
[[ 0.11793382  1.0630769 ]
 [-0.6218813   0.4860599 ]
 [-0.27675676  0.32855126]
 [-1.177054    0.92977756]
 [ 1.3700732  -2.611395  ]
 [-1.470376    0.28906095]]
Peso 2:
[-0.81667167  0.816672  ]



pesos modelo: 
Test loss: 0.3395, Test accuracy: 0.8701
Camada: meio
Peso 1:
[[-1.08004510e-01 -3.03984046e-01  1.53181851e-02 -2.72280931e-01
   2.29055792e-01 -4.13906068e-01]
 [-3.92351985e-01 -8.46844614e-02 -4.27641809e-01  1.18122794e-01
  -1.57340527e-01  3.76797169e-01]
 [ 2.73743957e-01 -2.13468596e-01  1.34876803e-01  1.49500832e-01
   2.07275733e-01  4.46528375e-01]
 [ 4.48150516e-01  3.05445880e-01  2.19320625e-01  2.15197936e-01
  -1.94953948e-01  7.61908293e-02]
 [-8.03560242e-02 -4.29533243e-01  3.73453647e-01  5.18587291e-01
   4.91316766e-02 -3.08038294e-01]
 [ 1.61215842e-01  4.47799921e-01  1.89740300e-01  1.58795506e-01
  -3.38136643e-01 -1.45889004e-03]
 [-3.46338898e-02  1.99902549e-01  4.21482682e-01  9.11768302e-02
  -4.78725463e-01 -3.70258361e-01]
 [ 1.48233935e-01  4.05270964e-01  1.90818205e-01  2.38670662e-01
   3.85525048e-01  4.02821273e-01]
 [ 4.76630270e-01  6.88429084e-03  8.94068718e-01 -2.22515792e-01
  -1.29000038e-01  1.30378634e-01]
 [-7.63242245e-02  3.48460585e-01  1.07092053e-01 -7.44037703e-02
  -2.58107752e-01 -1.00821875e-01]
 [ 1.07033156e-01  1.30984798e-01  3.42921205e-02 -1.56553611e-01
   2.25865141e-01 -3.26138198e-01]
 [ 7.10629150e-02 -1.94000840e-01  2.45436907e-01  6.80384696e-01
  -1.48239270e-01  3.31948698e-01]
 [ 2.67423838e-01  9.82185081e-02  1.73463933e-02 -8.91337767e-02
  -9.88457128e-02 -8.36970359e-02]
 [ 8.74238163e-02  1.92035139e-01  1.99458808e-01 -5.69891222e-02
   2.17356175e-01 -3.76746982e-01]
 [ 6.29048765e-01 -2.46036395e-01  8.24772239e-01 -4.42920446e-01
  -3.84887904e-01 -3.57838929e-01]
 [ 2.19260216e-01  4.42372680e-01  2.16004103e-01  2.88960904e-01
  -3.11025213e-02  3.54962736e-01]
 [ 3.32919182e-03  4.61796999e-01  6.93659857e-02  1.11557715e-01
  -3.51986662e-02  2.98345298e-01]
 [-2.69673318e-01 -2.78618008e-01  1.66596755e-01 -1.04128361e-01
  -4.74649400e-01  6.20302148e-02]
 [-3.58339936e-01 -5.44706583e-01 -1.46635652e+00  2.36618805e+00
  -1.96121484e-01 -6.93984687e-01]]
Peso 2:
[ 0.43478173  0.16065402  0.92232466 -0.5007238  -0.01368756  0.40616828]
Camada: saida
Peso 1:
[[-0.1937013   1.0039792 ]
 [-0.02875079  0.6922149 ]
 [-1.4913641   1.4210241 ]
 [ 1.9556507  -1.857413  ]
 [ 0.37952173  0.24541087]
 [-0.87355924  0.78199035]]
Peso 2:
[-0.48132628  0.48132762]



pesos modelo: 
Test loss: 0.1632, Test accuracy: 0.9324
Camada: meio
Peso 1:
[[ 9.55113471e-02 -2.22882271e-01 -3.86279643e-01  9.54151154e-04
   2.66464144e-01  3.81880373e-01]
 [ 5.75279772e-01  1.05257846e-01  1.77108392e-01  1.88442767e-01
   5.31030111e-02 -6.62364781e-01]
 [ 3.26029778e-01  4.42032963e-01  4.78593111e-01  4.56012011e-01
   3.96963000e-01 -4.76935208e-01]
 [ 3.15035939e-01  5.20826638e-01  2.34822392e-01  1.81483045e-01
   4.19735104e-01  4.67225105e-01]
 [ 2.94827759e-01 -2.82552302e-01  1.14260763e-02  1.48517743e-01
  -4.16505069e-01  2.67747015e-01]
 [ 2.26944119e-01  2.21271425e-01  3.89297098e-01  3.83707523e-01
   2.31006145e-02  4.46807832e-01]
 [ 7.97381103e-02  1.37386054e-01  1.99797437e-01 -2.76510835e-01
  -2.00528294e-01 -7.34105632e-02]
 [ 1.16380483e-01  4.11948055e-01 -7.51196444e-02 -1.16117045e-01
   3.00523057e-03  5.02662063e-01]
 [-3.97640139e-01  2.44289950e-01  9.38919723e-01  1.36969998e-01
  -1.46474704e-01 -3.46029878e-01]
 [-1.39984280e-01 -1.42109931e-01  2.91121095e-01  4.53950107e-01
  -3.14807802e-01 -4.50345904e-01]
 [-9.03424770e-02  4.57648009e-01 -3.34720939e-01 -2.50405163e-01
   9.76466313e-02  2.16537751e-02]
 [ 4.21253383e-01  2.27254361e-01 -3.02177757e-01  1.08735235e-02
  -3.01490929e-02 -1.03272013e-01]
 [-1.30351245e-01 -2.04958752e-01  2.70614356e-01  1.50939718e-01
  -2.91233212e-01  1.74909264e-01]
 [ 4.22133535e-01  5.03306687e-01  5.24866760e-01  1.70941263e-01
  -3.74881744e-01 -3.45639557e-01]
 [-5.35325050e-01  4.90601599e-01  2.22161770e-01  1.25890598e-01
  -2.14849696e-01  3.20419312e-01]
 [-1.58093318e-01 -1.80313706e-01  1.26393512e-01  9.89708677e-02
   3.03874850e-01  3.19934696e-01]
 [ 5.84242865e-02  1.41480993e-02  2.99094409e-01  4.74302843e-02
   2.72155672e-01  1.64903656e-01]
 [-1.12136686e-02  4.44084764e-01 -2.16405958e-01 -7.49580339e-02
  -3.28385502e-01  9.15498734e-02]
 [ 2.53490210e+00 -1.38203847e+00 -1.03878915e+00  3.19604695e-01
  -4.30549920e-01  3.24482359e-02]]
Peso 2:
[-0.48290217  0.8055121   0.850412   -0.0797878   0.0370983   0.06373367]
Camada: saida
Peso 1:
[[ 2.1551523  -1.4864655 ]
 [-1.6910481   0.5884404 ]
 [-0.7773147   1.5643089 ]
 [ 0.41122016  0.07380201]
 [-0.9346524  -0.7028368 ]
 [-0.37090093  0.19489627]]
Peso 2:
[-0.49116737  0.49116948]



pesos modelo: 
Test loss: 0.2231, Test accuracy: 0.9073
Camada: meio
Peso 1:
[[ 0.28568146 -0.338179   -0.04634199  0.4467599   0.10487154 -0.05391443]
 [ 0.4669246   0.1998248  -0.05155083 -0.36400294 -0.02966803 -0.22605395]
 [ 0.03527442  0.07011338 -0.01103755 -0.02241242  0.2143571  -0.26870322]
 [-0.19796261  0.02888086  0.15869279 -0.29661295  0.03398332 -0.46296835]
 [ 0.6587638   0.37407157  0.3610972  -0.31407785  0.16036813  0.26753846]
 [ 0.08219391  0.08322351 -0.2995216  -0.43561423  0.11003082  0.1179666 ]
 [ 0.06271207 -0.30975044  0.32262826  0.29991314  0.50149065 -0.4588575 ]
 [ 0.3470421   0.42494896  0.08737306 -0.2962398   0.44464976  0.09945007]
 [-0.41967356 -0.26896986 -0.07285014 -0.15778702  0.810696    0.03034836]
 [ 0.22438854  0.24690491  0.07565717 -0.37724748  0.40516505 -0.38170102]
 [-0.07507319 -0.29260963 -0.0683789   0.17757933  0.18323489  0.50109196]
 [ 0.51496196 -0.26076165  0.5013515   0.3572353   0.22444946 -0.12134515]
 [ 0.11922489  0.08247901  0.1119351  -0.35527283  0.33887222  0.2739211 ]
 [-0.13395156 -0.30630976 -0.03948971  0.10223605  0.09805233 -0.40834767]
 [-0.7695272   0.50635356 -0.03286923 -0.31754103  0.3355538   0.19957754]
 [-0.21738529  0.4446943   0.16952577 -0.38435423 -0.09677275  0.28041548]
 [-0.10471295  0.08598351 -0.18920182 -0.1620975  -0.02537281  0.3054081 ]
 [ 0.4585325   0.36187643 -0.17600438 -0.44140086  0.5231059  -0.28851104]
 [ 2.0795527  -0.72514284  1.075622    0.08143432 -1.8184439  -0.12769327]]
Peso 2:
[-0.4397769   0.35510406 -0.18206124 -0.00966242  1.0556302   0.05733598]
Camada: saida
Peso 1:
[[ 1.77918    -1.6200564 ]
 [-1.1539474  -0.04073889]
 [ 1.2654     -0.00994206]
 [-0.02387103 -0.33106053]
 [-1.8731668   1.2752299 ]
 [ 0.5918904   0.9085922 ]]
Peso 2:
[-0.63441193  0.6344123 ]



pesos modelo: 
Test loss: 0.2712, Test accuracy: 0.8918
Camada: meio
Peso 1:
[[-0.10860124 -0.329511   -0.3473316  -0.06742406  0.0201005   0.10280523]
 [-0.21288414 -0.22076055  0.16203746  0.39350188  0.36318657  0.38635296]
 [ 0.09081893  0.12350596  0.27201733 -0.1841732  -0.21972726 -0.0042852 ]
 [-0.01621295  0.20901212 -0.02035531  0.40244764  0.09206931  0.22664891]
 [ 0.42578015 -0.37541887  0.51230603  0.05319043  0.5680997  -0.14353357]
 [-0.07065311  0.29581562  0.18379901  0.36142033 -0.08200714 -0.1553824 ]
 [ 0.51933235 -0.12537971  0.10886577 -0.1401861   0.26177236  0.29063565]
 [ 0.4188537   0.23550601  0.09174275 -0.20832095  0.11174022 -0.3525404 ]
 [ 0.83886594  0.44056875 -0.02009495 -0.04538733 -0.39438927  0.5024404 ]
 [ 0.43972796 -0.01843182 -0.1415256   0.07886606  0.25842842 -0.23014274]
 [ 0.24365705  0.02510146 -0.3018354  -0.10719439 -0.06508675 -0.36077908]
 [ 0.28995305  0.10014962  0.25977832 -0.08181576  0.88408166 -0.00433166]
 [-0.11253612  0.37267578  0.29599422  0.0187827  -0.2197507  -0.12803   ]
 [ 0.1405648   0.48473498  0.1556722  -0.00941326  0.5015492   0.5740312 ]
 [ 0.37901288  0.6847765   0.20224711  0.5058669  -0.21472731  0.05840257]
 [-0.06324736  0.3105436   0.3227248  -0.28017753 -0.06562252  0.44243288]
 [ 0.31156462  0.27197754  0.3450798   0.19251832  0.17391767 -0.27359918]
 [-0.24619667  0.38462403  0.13852079  0.10907621 -0.11581332  0.21713032]
 [-1.747227   -1.2489341   0.6789155  -0.6461107   1.8812923  -0.51228726]]
Peso 2:
[ 0.8436668   0.6894929  -0.14542839  0.3810097  -0.20318496  0.40310383]
Camada: saida
Peso 1:
[[-1.3778976   1.6429038 ]
 [-1.6039636   0.63066   ]
 [ 1.0506415   0.05630885]
 [ 0.10917455  1.1769481 ]
 [ 1.6995147  -1.1224172 ]
 [-0.7575698   0.8066864 ]]
Peso 2:
[-0.19712475  0.19712436]



pesos modelo: 
Test loss: 0.4837, Test accuracy: 0.8372
Camada: meio
Peso 1:
[[-0.03527033 -0.26582724  0.3005931  -0.2311374   0.28890672  0.04242674]
 [ 0.47841185  0.08583534 -0.186643   -0.07349059  0.20751883 -0.36517504]
 [ 0.33930767  0.64704275  0.03780483 -0.00965694 -0.31682837  0.42121267]
 [-0.04398178  0.11903523  0.04231397 -0.05816231 -0.13168384  0.46536186]
 [ 0.47194102  0.0333824  -0.37104696 -0.19832298 -0.27790654 -0.46362132]
 [ 0.16126548  0.39304876 -0.22468919 -0.18580687 -0.19364974 -0.44951665]
 [ 0.07985428  0.30923697  0.17367314  0.17700659 -0.30634052 -0.33293584]
 [-0.14908841 -0.05759888  0.186024    0.00560296 -0.4253346   0.0790924 ]
 [-0.7658451   1.0289016   0.14255136  0.01642497 -0.04330896 -0.4500231 ]
 [ 0.2647995   0.55030787 -0.3191609   0.15823145  0.06798244 -0.3307579 ]
 [ 0.16665038  0.43109956 -0.18247421 -0.03446639  0.18185967  0.27329305]
 [ 0.32754076 -0.18664302 -0.42135867 -0.28110597 -0.4622475   0.30395618]
 [-0.04356442  0.13556348  0.34841084 -0.02083319  0.29330418 -0.29048678]
 [-0.03525625  0.15794317  0.22771907 -0.3132965   0.3329992  -0.12179039]
 [-0.6183297   0.50631404 -0.4563909   0.10019828 -0.29671994  0.03443282]
 [ 0.06724105  0.27845883  0.21730492  0.18362142  0.12899204  0.24723177]
 [-0.15102011 -0.0151146  -0.24595845 -0.15340391  0.07807039 -0.29302683]
 [ 0.27449608  0.5491361  -0.04191157 -0.19560722  0.09504408  0.44368824]
 [ 2.6815598  -1.3653309  -0.04079997  0.14032137 -0.02485543  0.0308898 ]]
Peso 2:
[-0.6198174   1.0911527  -0.14585194 -0.03503951  0.11520212  0.04297829]
Camada: saida
Peso 1:
[[ 2.2483213  -1.708225  ]
 [-1.9787343   0.9299992 ]
 [-0.26708147 -0.48484522]
 [ 0.7810096   0.6670172 ]
 [-0.3247996   0.5022183 ]
 [ 0.52065426  0.86649   ]]
Peso 2:
[-0.71682864  0.7168306 ]
