


pesos modelo: 
Test loss: 0.8022, Test accuracy: 0.7780
Camada: meio
Peso 1:
[[ 0.05770445 -0.11531878 -0.32408535  0.21171033 -0.36888862]
 [-0.1254163  -0.00421119 -0.26621777 -0.10858443  0.66999245]
 [-0.4352042   0.14237076  0.07019575 -0.09041958 -0.02068805]
 [-0.08845959  0.27372232  0.03545136  0.36840993  0.20796682]
 [ 0.36609015 -0.02648602 -0.14813986 -0.26763636  0.63396275]
 [-0.11646366  0.45340654 -0.30300477 -0.44915602  0.37412676]
 [ 0.12046678  0.1687529   0.18039809 -0.41878688  0.08897059]
 [ 0.36734405 -0.03173814  0.19218563 -0.10119321 -0.27739447]
 [ 0.21937206  0.8418887   0.58925396 -0.19446452 -0.6910275 ]
 [-0.16838862  0.38793492 -0.03464838  0.03275265  0.37361595]
 [-0.41412067  0.21207619  0.06022609 -0.05912287  0.15743534]
 [-0.10435183 -0.28332192  0.4706894   0.15899076  0.3997011 ]
 [ 0.134785    0.39267954 -0.18345417 -0.47824994  0.33588126]
 [-0.43130097  0.23085351  0.2218268  -0.29813972  0.1332654 ]
 [-0.23895288  1.0341483  -0.21798909  0.06822605 -0.3471946 ]
 [-0.03561982  0.33879778 -0.13157214 -0.39988574  0.3092773 ]
 [-0.0821374   0.28603813  0.4860467   0.2668892   0.38100225]
 [-0.319662    0.29903027 -0.09910079 -0.08390926  0.24884506]
 [ 0.06652068 -2.2646792  -0.56487566 -0.3400647   1.6427497 ]]
Peso 2:
[ 0.00188622  1.369027    0.37906528 -0.08629242 -0.39039555]
Camada: saida
Peso 1:
[[-0.10652971 -0.06233757]
 [-1.9864833   2.1114407 ]
 [-1.1310761  -0.08584686]
 [ 0.64661187  0.14999156]
 [ 1.841089   -0.9845907 ]]
Peso 2:
[-0.15931804  0.15931763]



pesos modelo: 
Test loss: 0.5893, Test accuracy: 0.8283
Camada: meio
Peso 1:
[[-0.3906957   0.17214417  0.1843313   0.46687317  0.07433808]
 [-0.15325695  0.05986717  0.32359034 -0.17670338  0.5762368 ]
 [ 0.43834037 -0.35053155  0.24244824  0.38436335  0.45002422]
 [ 0.2546734  -0.03306679  0.22789487  0.05735371 -0.2817914 ]
 [-0.04541616  0.2969425   0.6024039  -0.1616181   0.12062914]
 [ 0.18922506 -0.05590676 -0.04327042 -0.41994503  0.16146824]
 [ 0.07536867 -0.23126556 -0.05461557 -0.4053668  -0.3765932 ]
 [ 0.24388975 -0.42218634  0.2228282   0.28116915 -0.14450042]
 [ 1.0592643   0.35200456 -0.17267913 -0.41737822 -0.52760327]
 [ 0.23661497 -0.10951313 -0.03908682  0.27017105  0.5393767 ]
 [ 0.4576972   0.18155354  0.1996488  -0.1322263   0.46480238]
 [-0.19485742 -0.21678124  0.31816676 -0.18696162  0.24656579]
 [ 0.04416759  0.1096911  -0.15765223 -0.24452043  0.10789575]
 [ 0.18984348  0.03335394 -0.14085561 -0.3244263   0.48525554]
 [ 0.9335264  -0.02543639 -0.51348543 -0.2931393  -0.28026557]
 [ 0.23520964 -0.34515655  0.20822378  0.306631   -0.3214167 ]
 [ 0.5641849  -0.0591644   0.43747905  0.43092743  0.40358588]
 [ 0.16983253 -0.33079398  0.02476042 -0.45559227 -0.07454098]
 [-1.9558643   0.3746039   2.0039845  -0.00323527  0.34781477]]
Peso 2:
[ 1.2865901  -0.0478723  -0.4833996   0.11761249 -0.1765105 ]
Camada: saida
Peso 1:
[[-1.94951     1.974933  ]
 [-0.09653775  0.17332602]
 [ 1.4735776  -1.6106228 ]
 [-0.644653    0.6079692 ]
 [ 0.9364172  -0.13730405]]
Peso 2:
[-0.33569017  0.33569184]



pesos modelo: 
Test loss: 0.4093, Test accuracy: 0.8615
Camada: meio
Peso 1:
[[ 0.00893319  0.38211882  0.00220978 -0.33448946 -0.41030204]
 [-0.23242547 -0.21174408 -0.28839788 -0.01276835 -0.0705546 ]
 [ 0.16764681  0.07132767  0.07791565  0.0613406   0.03719757]
 [-0.3872659  -0.07671168  0.09972044  0.0902098   0.04295542]
 [-0.14956081  0.37086943  0.34408623 -0.4989722  -0.4363959 ]
 [ 0.15122952 -0.26569328 -0.01235475  0.11719871  0.16156113]
 [-0.16772297  0.01433017  0.0890122   0.06439219  0.12239802]
 [ 0.15092322 -0.2144581   0.10933308  0.0790601   0.0496228 ]
 [ 0.22849342 -0.41092205  0.46679962  0.24819744  0.73558617]
 [-0.40000218 -0.08256997  0.0980845   0.05381     0.06015163]
 [-0.12072726 -0.00890508  0.05669584  0.08184173  0.10411759]
 [-0.14923172 -0.4942537  -0.0999861   0.08709738 -0.3766347 ]
 [-0.41310364  0.03832883  0.18512459  0.00661121  0.04951886]
 [ 0.14011088 -0.30850983  0.1211085   0.02983803  0.07409927]
 [-0.196743   -0.01663206  0.9431625   0.9835995   0.09077518]
 [-0.20559895  0.25779083  0.03385784  0.00973857  0.22833283]
 [-0.37636563  0.05292495  0.03933717  0.07899622  0.21123718]
 [ 0.28840485  0.3533306   0.07248065  0.08958068  0.1329831 ]
 [-0.05554489 -0.24967034 -2.1231132  -1.3530103  -1.4203979 ]]
Peso 2:
[-0.25884694  0.08008548  1.4129609   1.1868176   1.3062811 ]
Camada: saida
Peso 1:
[[ 0.48839468 -0.18300867]
 [-0.14166924  0.18044734]
 [-2.2026808   1.2726089 ]
 [-1.5019081   1.0616612 ]
 [-1.4682449   1.3440622 ]]
Peso 2:
[ 3.2708566 -3.2708566]



pesos modelo: 
Test loss: 0.2876, Test accuracy: 0.8807
Camada: meio
Peso 1:
[[-0.29885805  0.22095966 -0.05231774 -0.00913572  0.02405238]
 [ 0.2525219  -0.26563266 -0.18299365  0.66816163  0.40176436]
 [ 0.12078953  0.33439636  0.14706467  0.05597386  0.10971978]
 [ 0.45579624 -0.20890906  0.5519178  -0.0515184   0.12597965]
 [-0.01218219  0.36332563  0.15751955  0.39514825 -0.15168636]
 [ 0.03383366  0.07962152  0.38577113  0.11152393  0.18347253]
 [-0.13135976  0.56372315  0.47183225  0.00676182 -0.11488003]
 [ 0.41286483  0.4937756  -0.32902068  0.24323893  0.39296547]
 [-0.15031967  0.04508662  0.3254918  -0.31201914  0.93149155]
 [-0.33906186  0.33959916  0.24360685  0.28022957  0.23139687]
 [-0.13669734  0.10339004 -0.29616642 -0.2735234  -0.13235153]
 [ 0.35644695  0.3468308   0.20453824  0.6692058   0.2075825 ]
 [-0.12707227  0.08474845  0.01235933  0.19299412  0.3203348 ]
 [ 0.13323279 -0.4091317   0.04262477  0.1001329   0.36446705]
 [-0.5087296   0.01064882  0.05574913 -0.61315143  0.42407194]
 [ 0.15315299 -0.2870129   0.35897824  0.18382828  0.40700057]
 [-0.19435835 -0.08863987  0.24605243  0.04194588  0.1604855 ]
 [-0.05231038  0.22926843 -0.45585388 -0.18772078 -0.05426082]
 [ 0.3541514  -0.9648081  -0.30258402  2.041073   -1.8730716 ]]
Peso 2:
[-0.02415807  0.28457183  0.14756295 -0.5142602   1.0601444 ]
Camada: saida
Peso 1:
[[ 0.92431235  0.27960077]
 [-0.07120961  1.1296597 ]
 [-1.169054   -0.46209252]
 [ 1.8557956  -1.7091291 ]
 [-1.5098075   1.8454133 ]]
Peso 2:
[-0.43399465  0.43399534]



pesos modelo: 
Test loss: 0.2504, Test accuracy: 0.8946
Camada: meio
Peso 1:
[[-2.51790166e-01 -4.86408830e-01  2.32747793e-01 -7.73098469e-02
   2.00162411e-01]
 [ 1.08917214e-01 -8.34552169e-01 -2.21128926e-01 -2.03690007e-01
   2.16534078e-01]
 [ 2.75873914e-02 -4.64912830e-03  4.04228479e-01  1.57193452e-01
   1.63774136e-02]
 [ 1.08205341e-01 -4.71923355e-04 -5.32488786e-02  7.45234266e-02
  -1.89064890e-02]
 [-3.22616717e-04  2.72873193e-01  5.79460599e-02 -3.15353908e-02
  -6.13532841e-01]
 [ 3.10635641e-02  3.19253534e-01 -1.63769931e-01  1.63006634e-01
   3.42858918e-02]
 [ 7.91015998e-02 -1.31197542e-01  2.76605278e-01  7.97248271e-04
   3.12128007e-01]
 [ 6.68886304e-02  5.86805225e-04  2.21571237e-01  5.51239289e-02
   1.49279043e-01]
 [ 9.58572090e-01  2.18704209e-01 -2.89263099e-01  5.82475662e-01
   3.23254645e-01]
 [ 3.65394838e-02  3.04188907e-01  4.56365086e-02  1.44318059e-01
   4.72381972e-02]
 [ 2.49573439e-02  6.04774617e-03  1.43190637e-01  1.47837177e-01
   2.75786042e-01]
 [ 1.61883056e-01  1.98954418e-02 -8.66734982e-01  2.78251529e-01
  -6.47135377e-01]
 [ 2.86008306e-02  2.86311895e-01  2.28875488e-01  6.08718395e-02
   5.53661361e-02]
 [ 1.01885267e-01 -3.12436312e-01 -1.14746779e-01  1.17589369e-01
   1.45686492e-01]
 [ 5.38587928e-01  2.19943658e-01  2.23455340e-01  3.41504723e-01
   5.02883077e-01]
 [ 1.05599180e-01 -7.86683485e-02  1.17607944e-01  1.57801002e-01
  -7.12852255e-02]
 [ 2.66624540e-02  2.43303224e-01  2.77174532e-01  5.45918792e-02
   1.12840340e-01]
 [ 2.48382054e-02  2.39985794e-01 -2.11006165e-01  8.40571895e-02
   2.12828383e-01]
 [-2.20781446e+00 -8.55917513e-01 -5.70291162e-01 -1.93000174e+00
  -8.07861447e-01]]
Peso 2:
[1.4262133  0.320261   0.35246962 0.9497352  0.7712208 ]
Camada: saida
Peso 1:
[[-1.5722886   2.116977  ]
 [-0.7139305   0.9977988 ]
 [-1.1086763   0.19280426]
 [-0.8242682   1.9017397 ]
 [-0.90399563  0.9722164 ]]
Peso 2:
[ 3.2755232 -3.2755222]



pesos modelo: 
Test loss: 0.1260, Test accuracy: 0.9480
Camada: meio
Peso 1:
[[ 0.46550882  0.21410906  0.06621134 -0.4298507   0.25044298]
 [ 0.3598239  -0.11433405 -0.09999102  0.30041954 -0.21330105]
 [-0.0922584  -0.3792398   0.15267974 -0.46501824  0.24661103]
 [ 0.07465652  0.31720975  0.27209345 -0.3010808   0.05736445]
 [ 0.55085325  0.14238884  0.51382506  0.46423456  0.3840848 ]
 [-0.10993823 -0.10367954  0.04142876  0.02834028  0.06999581]
 [ 0.01538507  0.20900945  0.16648878  0.09434958  0.00384824]
 [ 0.05906461  0.44637108  0.13132238 -0.4648969  -0.18292579]
 [-0.7059227   0.5063204   0.06436522  0.18862838 -0.5460742 ]
 [-0.01281606 -0.02667921  0.20827997 -0.18386331  0.04128003]
 [-0.0108311   0.2680565   0.09827328  0.25241745 -0.34129602]
 [ 0.5911257   0.09309313  0.4349843  -0.25005448  0.20736608]
 [ 0.14051257  0.10873075  0.6060683  -0.15449569  0.30767488]
 [ 0.02013348  0.22562619  0.14742409 -0.39837146 -0.03684492]
 [-0.5414614  -0.10185822  0.5090018  -0.25321856 -0.28665325]
 [ 0.02509458  0.536427    0.08593577 -0.37940586  0.42106888]
 [ 0.01997965  0.25300068  0.24501197 -0.26694438  0.4005812 ]
 [ 0.2365495   0.009888    0.6902572   0.10733896 -0.45580885]
 [ 2.8283954  -0.29390863 -0.9336228   0.45845452  0.43644857]]
Peso 2:
[-0.5527764   0.25472227  0.80939865  0.00815107 -0.09376174]
Camada: saida
Peso 1:
[[ 1.9933519  -2.390933  ]
 [-0.03809341  0.891996  ]
 [-0.59970134  1.4207957 ]
 [ 0.31036657 -0.01174156]
 [ 0.35432616 -0.04569209]]
Peso 2:
[-1.5511185  1.5511167]



pesos modelo: 
Test loss: 0.1508, Test accuracy: 0.9271
Camada: meio
Peso 1:
[[-0.01041865 -0.19848585  0.4594679  -0.1720072  -0.47813523]
 [ 0.090092   -0.3310848  -0.0682686  -0.24438466 -0.04446571]
 [-0.02532531 -0.10841047  0.16959253  0.05077068  0.13010927]
 [-0.00478282  0.02946396  0.04671468  0.04177925  0.23154151]
 [-0.2449005   0.07004076 -0.13912842  0.26451948 -0.11188992]
 [ 0.15454538 -0.4738879   0.00779043  0.04594987  0.17337602]
 [ 0.03249834 -0.05437278  0.24195941  0.14112547 -0.06908639]
 [ 0.1490966   0.0021737   0.07077499 -0.07322942  0.19912153]
 [ 0.21885991 -0.26538828  0.1227454   0.96535224  0.33850858]
 [ 0.05057314 -0.26159817  0.01407603  0.07832263  0.22969937]
 [ 0.05021724 -0.42003763  0.25590461  0.07568596 -0.00288389]
 [ 0.15398037 -0.32157135 -0.13631003  0.07956312 -0.38994592]
 [ 0.14026628  0.22404921  0.02544676  0.02573503  0.2151537 ]
 [ 0.18831018 -0.43196568  0.15630618  0.11065003 -0.1642222 ]
 [ 0.06239251  0.3896132   0.91655505  0.20084944  0.7530579 ]
 [ 0.22768492 -0.32667267 -0.05247608  0.0911788   0.04422307]
 [ 0.15843396 -0.22340554  0.09221813 -0.01491033  0.15020832]
 [ 0.00952756  0.24178144  0.12827083  0.08178395  0.21890922]
 [-1.933472    0.45229423 -1.7503722  -1.6411552  -1.4410207 ]]
Peso 2:
[ 1.0080026e+00 -8.0445770e-04  1.1312087e+00  9.9579221e-01
  8.2060587e-01]
Camada: saida
Peso 1:
[[-1.4547172   1.1842504 ]
 [-0.27347815 -0.26489806]
 [-1.9858302   0.7753221 ]
 [-1.2919831   1.3815444 ]
 [-0.77754647  1.4138107 ]]
Peso 2:
[ 3.282359  -3.2823594]



pesos modelo: 
Test loss: 0.6173, Test accuracy: 0.7984
Camada: meio
Peso 1:
[[-0.2791946   0.20472145 -0.338367    0.47778285 -0.04327309]
 [-0.15000024 -0.05481943  0.56135124  0.4314879  -0.467324  ]
 [ 0.26146966  0.32452983  0.09443928  0.08294212  0.2699414 ]
 [ 0.41321793  0.54418504  0.27426666  0.11278081  0.02529632]
 [-0.42393285 -0.14872131  0.5235324   0.489576    0.2986375 ]
 [-0.36627552  0.3805235   0.07656534 -0.26115152 -0.0702146 ]
 [-0.15085633  0.35152137  0.04327838 -0.35954142  0.24282183]
 [-0.11616533 -0.07984055 -0.16572061  0.24424194 -0.4465473 ]
 [-0.3162394   0.55298716 -0.6850686  -0.5255108  -0.26819625]
 [-0.33839634  0.066668   -0.08572312  0.31794235  0.22933981]
 [-0.42491964  0.24921733  0.13414629  0.35177916 -0.1189747 ]
 [-0.09839791 -0.08337403  0.40897653 -0.45262197 -0.45704103]
 [-0.46440628  0.0985233  -0.05456809  0.2702709   0.10611283]
 [ 0.14707184  0.08845221 -0.0629504   0.21928431 -0.20689486]
 [-0.22910826  0.62243253 -0.6598437   0.15675709  0.13116148]
 [ 0.04919496  0.2913099   0.09677971  0.39748433 -0.23741871]
 [ 0.2625823   0.399159    0.17965254  0.32819268 -0.10965122]
 [ 0.39861828  0.5224621   0.2674538   0.32316536 -0.5427358 ]
 [ 0.19044077 -1.4896692   2.5657434  -0.45737556 -0.27389807]]
Peso 2:
[-0.10618901  1.1233873  -0.6582079   0.00872203 -0.25495598]
Camada: saida
Peso 1:
[[-0.3521679  -0.8223394 ]
 [-1.8258543   1.1440202 ]
 [ 1.338939   -2.5088134 ]
 [ 0.22933044  0.7329171 ]
 [ 0.48805013 -0.26601917]]
Peso 2:
[-0.7833932   0.78339195]



pesos modelo: 
Test loss: 0.6387, Test accuracy: 0.8116
Camada: meio
Peso 1:
[[ 0.07857192 -0.23980486 -0.26221645  0.1886636  -0.22370851]
 [ 0.8617164  -0.45259863 -0.15352073  0.44578668 -0.54772604]
 [ 0.53245455 -0.20900422 -0.05963728  0.08196785  0.46751007]
 [ 0.06075126 -0.05990727 -0.1758141  -0.0061146   0.25059554]
 [ 0.63987386 -0.24309202  0.12550876  0.0191749  -0.13033581]
 [ 0.11987405  0.44632503  0.3035786   0.24702589 -0.02110925]
 [ 0.32036325 -0.0672092  -0.48430127  0.08283406  0.3063795 ]
 [ 0.46562165 -0.3985446   0.02056027  0.03332189  0.46431956]
 [ 0.32958558  0.2905845  -0.35213032  1.029668    0.87980515]
 [-0.0488363  -0.33450887 -0.45113957  0.12296937  0.06789082]
 [ 0.45770466 -0.3731452  -0.4384823   0.1978011   0.25424525]
 [ 0.8615419  -0.39611456 -0.45826218 -0.28396723  0.18505703]
 [ 0.04625102 -0.09105226 -0.08779991  0.07490725  0.16283907]
 [ 0.14050041 -0.4004257  -0.16688734  0.2531127   0.01678538]
 [-0.23093817  0.28947413 -0.38372105  0.62263066  0.61859673]
 [ 0.34110993 -0.10616683  0.13442634  0.12803413  0.2404521 ]
 [ 0.09482769  0.10285427 -0.11216471  0.04138674  0.19704036]
 [-0.1400465   0.20701227  0.36824468  0.05679516  0.03804972]
 [ 1.0057856  -0.4071027  -0.23951586 -2.0327597  -1.6457565 ]]
Peso 2:
[-0.00254049 -0.0460777  -0.00262814  1.2502928   1.0790317 ]
Camada: saida
Peso 1:
[[ 0.37183768 -1.745443  ]
 [ 0.73277146  0.05467702]
 [ 0.8799392   0.86523503]
 [-1.6800109   2.013591  ]
 [-1.6842313   1.4782937 ]]
Peso 2:
[ 0.4171755 -0.4171733]



pesos modelo: 
Test loss: 0.5972, Test accuracy: 0.8102
Camada: meio
Peso 1:
[[-0.38370752 -0.0510112   0.14678133 -0.14445674  0.43535495]
 [ 0.3323586  -0.20785126  0.17225865  0.05452885 -0.4763017 ]
 [ 0.1705888   0.26169428 -0.30092645  0.22530875  0.4193788 ]
 [ 0.07643234  0.22986017 -0.47752964 -0.16480581  0.17834966]
 [ 0.5139042  -0.04405592 -0.33541343 -0.1097237  -0.04984957]
 [ 0.36161166  0.41957334  0.26785284  0.44421327  0.40349168]
 [ 0.22096655  0.36610684 -0.24518214  0.0994457  -0.20665602]
 [-0.1109131   0.04863732  0.04640306 -0.23137063 -0.18084717]
 [-0.68321115  0.6311283   0.23894893  0.02098279 -0.41284966]
 [-0.20527491  0.01310703 -0.4858     -0.26040775  0.45485884]
 [ 0.22862028  0.35755467 -0.1162705   0.32329872 -0.36344326]
 [ 0.6269373  -0.00890854 -0.2049602   0.40483776 -0.00508083]
 [ 0.1061057   0.23486511  0.15007503  0.13544822 -0.08435651]
 [-0.111688    0.06193806  0.34794638 -0.33629876  0.34893414]
 [-0.67673635  0.7288599   0.35747558  0.18652675  0.37005597]
 [ 0.20588817  0.35393637 -0.25961867 -0.28048712 -0.04342056]
 [ 0.17394857  0.33921102  0.18541196 -0.46155176  0.00488767]
 [ 0.05390212  0.16510911 -0.29689297  0.11557952 -0.1268865 ]
 [ 2.0256333  -2.0916114  -0.227545   -0.31973246 -0.4958903 ]]
Peso 2:
[-0.42973152  1.3229198  -0.13875583  0.16599531  0.02714152]
Camada: saida
Peso 1:
[[ 1.8237305  -1.4279715 ]
 [-1.8756528   1.8568381 ]
 [-0.37920582 -0.6955888 ]
 [-0.24734603  0.38112956]
 [-0.69962007 -0.35929346]]
Peso 2:
[-0.35955405  0.3595559 ]



pesos modelo: 
Test loss: 0.3553, Test accuracy: 0.8647
Camada: meio
Peso 1:
[[ 0.41706324 -0.2238586  -0.33174205 -0.09789002 -0.2539438 ]
 [ 0.09877095 -0.6040853   0.11390349  0.09150667 -0.4450284 ]
 [ 0.06309931  0.30103517  0.03963181  0.10444932  0.11671596]
 [ 0.05267312  0.19541536  0.14560983 -0.19993721  0.08166466]
 [-0.46086717 -0.21016732  0.07936504 -0.58260334  0.24619862]
 [ 0.1256009   0.3901096  -0.02219739 -0.26228535  0.12366556]
 [ 0.06070524 -0.43733674  0.13886888 -0.00647222  0.070491  ]
 [ 0.11463746 -0.31141967  0.1297639  -0.4706113   0.04816268]
 [ 0.70870036  0.05839807  0.5041852  -0.00547298  0.06520307]
 [ 0.03070471  0.43860403  0.184906   -0.4355765   0.02195113]
 [ 0.18968827 -0.00775282  0.12778293  0.07684287 -0.05700865]
 [-0.33882222  0.12181906 -0.2829896  -0.27961463  0.4333368 ]
 [ 0.1561387   0.35415447  0.03514448  0.20751889  0.02851695]
 [ 0.0952257  -0.38220984  0.12193155 -0.179236    0.06226498]
 [ 0.8211537   0.15363696  0.40490222 -0.27248275  0.94311816]
 [ 0.09377164  0.31454003  0.05918286  0.41845223  0.0781517 ]
 [ 0.07282393 -0.2423672   0.13332844 -0.29693136  0.11942581]
 [ 0.10206024  0.1898372   0.14948025 -0.0864517  -0.00610368]
 [-1.6677891  -0.6905404  -2.0648909   0.29115495 -1.6521487 ]]
Peso 2:
[ 1.4757004   0.02154386  1.1864496  -0.04689776  0.8554326 ]
Camada: saida
Peso 1:
[[-1.3280154   1.9155887 ]
 [-0.3990773   0.21900252]
 [-1.9142797   1.1925896 ]
 [-0.2858777   0.6782179 ]
 [-1.4703037   0.9995508 ]]
Peso 2:
[ 3.275111 -3.275112]



pesos modelo: 
Test loss: 0.5644, Test accuracy: 0.8146
Camada: meio
Peso 1:
[[ 0.19904959 -0.02619874  0.35369205 -0.42669666 -0.18034148]
 [ 0.08412778 -0.17647295 -0.25578722  0.4889846  -0.1094739 ]
 [ 0.3337428  -0.04259583 -0.36348733  0.22000901  0.51675904]
 [-0.30302206  0.28021768 -0.39435548 -0.00580117  0.05961452]
 [ 0.40437865  0.23363715 -0.45474672  0.26534635 -0.14960425]
 [ 0.21798533  0.17930867 -0.36947092  0.1581558   0.4184767 ]
 [ 0.37288204  0.02028577 -0.07781536  0.14668822  0.46576068]
 [ 0.07482552 -0.31696358 -0.28268546 -0.06458504  0.11487963]
 [ 0.04377842  0.25847134  0.1350169  -0.30998138  1.1549236 ]
 [ 0.18771896 -0.3010401   0.09941651 -0.09872235  0.1269421 ]
 [-0.3145864  -0.33470967  0.09499285  0.13575612  0.13400404]
 [ 0.39011183  0.09180431  0.07615478  0.20592017 -0.24209559]
 [ 0.13238269  0.05760617  0.3426429  -0.1607262   0.05153341]
 [ 0.04961806 -0.47630766 -0.46920052 -0.04716658  0.1365364 ]
 [-0.39594758 -0.4013797   0.3942372  -0.44875258  0.6526728 ]
 [-0.3120046  -0.16526054 -0.293142    0.18651538  0.22146994]
 [ 0.12151155  0.10793607 -0.30888185  0.10432911  0.28594115]
 [ 0.12476508 -0.36078724 -0.45575368  0.24689655  0.43438068]
 [ 0.9006271  -0.07916147 -0.05947781  2.395748   -1.4065818 ]]
Peso 2:
[-0.29692656 -0.07253458 -0.0926669  -0.5078364   1.3100014 ]
Camada: saida
Peso 1:
[[ 0.5969921  -0.89965904]
 [-0.5412439  -0.84981734]
 [ 0.51928693 -0.6361792 ]
 [ 1.4902197  -1.8851846 ]
 [-1.8410541   1.6098402 ]]
Peso 2:
[-0.5801225  0.5801228]



pesos modelo: 
Test loss: 0.4062, Test accuracy: 0.8526
Camada: meio
Peso 1:
[[ 0.14603627  0.31551826 -0.46430087  0.0115577   0.36330223]
 [-0.02047057 -0.25348416 -0.24009196  0.53542423 -0.11752494]
 [ 0.3060061   0.25052065  0.20297863  0.16508284  0.1547223 ]
 [ 0.30700454 -0.37136808 -0.41021782  0.10274908 -0.06553884]
 [ 0.05829294 -0.3993515  -0.06661552  0.3220949   0.6575804 ]
 [ 0.20870762 -0.30871657 -0.44503367 -0.03852559  0.14151321]
 [ 0.17853963  0.20583083 -0.16061799  0.1498772  -0.27481169]
 [ 0.08713564 -0.0399568   0.14868143 -0.16816667  0.06219536]
 [ 0.5799679   0.2517722  -0.02000754 -0.59735876  0.11080189]
 [ 0.15733011  0.16956446  0.19064441  0.06394061 -0.07973638]
 [ 0.51991963  0.27723938  0.25294566  0.4333214   0.24064572]
 [-0.01490504  0.50624055 -0.4390367   0.5578385   0.33103564]
 [ 0.18827333  0.1892772   0.09161927  0.00796829  0.02219874]
 [ 0.24371403  0.14669193  0.01255778  0.13110882  0.02414036]
 [ 0.9486406  -0.2653659   0.32820314 -0.684929    0.04460692]
 [ 0.32678828 -0.2771542  -0.30260688  0.01660674  0.28591254]
 [ 0.4235315   0.42843097 -0.10976759  0.4071799  -0.19680536]
 [ 0.14692426 -0.21613967 -0.4789683  -0.13620506  0.20728606]
 [-2.260667   -0.21715204 -0.0329667   1.9378655   0.713302  ]]
Peso 2:
[ 1.1018511   0.18023022 -0.08353844 -0.4671712  -0.12648644]
Camada: saida
Peso 1:
[[-2.1747038   1.477276  ]
 [-0.02512395  0.71538556]
 [ 0.67527187  0.06154785]
 [ 2.1009085  -0.8835693 ]
 [ 0.84090924 -0.20910183]]
Peso 2:
[-0.37680525  0.3768058 ]



pesos modelo: 
Test loss: 0.7899, Test accuracy: 0.7743
Camada: meio
Peso 1:
[[ 3.85564566e-01  2.59547830e-01 -1.86865926e-01  2.94623971e-01
   4.83586192e-01]
 [ 6.29626960e-02  5.07189453e-01  7.18176067e-01  2.76749641e-01
   3.22276384e-01]
 [ 2.79899806e-01  3.65972638e-01  1.71764076e-01  5.61597705e-01
   1.49955407e-01]
 [ 2.82952577e-01  4.14220721e-01 -1.22646719e-01  2.71316528e-01
  -1.58511698e-01]
 [ 4.17136736e-02  3.21265012e-02  5.24922311e-01  2.98688747e-03
  -1.69092834e-01]
 [-2.71674365e-01 -3.60100299e-01  3.49028677e-01  4.95307207e-01
   5.91136690e-04]
 [ 2.50371415e-02  3.15983593e-01 -2.75597245e-01 -5.17232679e-02
   8.44035894e-02]
 [ 7.11111054e-02  2.98889995e-01  2.04156220e-01  3.40386420e-01
   4.93630558e-01]
 [-4.70487736e-02 -1.00449070e-01 -7.82112420e-01  6.37217462e-01
  -1.85169168e-02]
 [-5.41019030e-02  4.10118282e-01  5.03904633e-02  1.11057863e-01
   5.64242363e-01]
 [ 2.37822816e-01 -4.26645577e-01 -3.74699291e-03  1.82231754e-01
  -3.31835926e-01]
 [-1.52036726e-01 -9.86576825e-02  5.99428713e-01 -1.67686164e-01
   2.20289335e-01]
 [-4.79257494e-01  2.37350747e-01  1.54687628e-01  1.59062758e-01
   5.87381423e-01]
 [-3.29019874e-01 -5.84701076e-02  7.75629207e-02  6.32623956e-02
   4.34723347e-01]
 [-3.94393981e-01 -6.16486669e-01 -6.57942474e-01  5.08196473e-01
   1.11387499e-01]
 [-1.92948535e-01 -2.09345698e-01 -2.39410661e-02  1.98759556e-01
  -1.16469815e-01]
 [-2.25283369e-01  3.46915051e-02 -1.76682353e-01 -6.44968897e-02
  -1.31745648e-03]
 [ 1.22720756e-01  4.60069746e-01 -6.10576123e-02  4.61364508e-01
  -2.07031742e-01]
 [ 1.74595848e-01  1.00744474e+00  2.29173040e+00 -1.28026199e+00
  -7.54787028e-01]]
Peso 2:
[-0.26602206 -0.18784189 -0.6190736   1.0666115   0.48568892]
Camada: saida
Peso 1:
[[ 0.58583826 -0.59137493]
 [ 1.1618903  -0.12056483]
 [ 1.8292806  -1.8360003 ]
 [-1.2641699   1.5504011 ]
 [-0.71676564  0.7980803 ]]
Peso 2:
[-0.83922195  0.839226  ]



pesos modelo: 
Test loss: 1.0278, Test accuracy: 0.7152
Camada: meio
Peso 1:
[[-0.12697399  0.48200667  0.4377551  -0.42244303  0.01690829]
 [-0.19421329  0.01349662 -0.4486128   0.6733053  -0.03503153]
 [-0.4132011  -0.02292668 -0.0997817  -0.07621553 -0.10179881]
 [-0.37304264 -0.31501985 -0.16233101 -0.07450889 -0.1660801 ]
 [-0.3146093   0.01807094 -0.33306366  0.6067471   0.2575743 ]
 [-0.45472348 -0.37334716  0.05256271 -0.05862926 -0.44535902]
 [-0.29301566 -0.16852942 -0.42776823 -0.07684557 -0.45533016]
 [-0.12810653 -0.50505334  0.33127424 -0.05683294 -0.03195095]
 [ 0.33052966 -0.00875156 -0.24344476 -0.9120864   0.12015439]
 [ 0.06781652 -0.09583893 -0.413496   -0.07119475  0.06602264]
 [ 0.10843909  0.34425864  0.03568429 -0.0813643  -0.31690502]
 [-0.37450737 -0.49825922  0.54064536  0.6560545   0.17938356]
 [ 0.08626461 -0.23424014  0.10494658 -0.08228959 -0.01263495]
 [-0.3329535   0.11357579 -0.34578815 -0.07853464  0.31509858]
 [ 0.07236428  0.24653502 -0.22792982 -0.9575619  -0.34527203]
 [-0.4870269  -0.34285313  0.4058094  -0.08123109 -0.15870546]
 [-0.04088156  0.00431713 -0.13962133 -0.07901303 -0.09888321]
 [-0.09604407 -0.41200936 -0.4767772  -0.0824296  -0.36583236]
 [-0.23318827 -0.04682346  0.1283192   2.7513769  -0.14486507]]
Peso 2:
[-0.01805846 -0.13712561  0.05794255 -0.7539415  -0.17194524]
Camada: saida
Peso 1:
[[ 0.5704862   0.11052544]
 [ 0.44709828 -0.16934927]
 [-0.10438714  0.46219343]
 [ 2.6473901  -1.877008  ]
 [-0.26152778 -0.59925145]]
Peso 2:
[-3.3248112  3.3248134]



pesos modelo: 
Test loss: 0.4116, Test accuracy: 0.8527
Camada: meio
Peso 1:
[[-2.18106627e-01 -2.23472238e-01 -4.84735250e-01  2.49104500e-01
   9.91781950e-02]
 [-4.55411300e-02  6.01100624e-01 -1.67864546e-01  2.55647421e-01
  -2.95139868e-02]
 [ 6.12193793e-02 -9.83278006e-02 -3.50484341e-01 -3.71533662e-01
   6.41842186e-02]
 [ 5.85578615e-03  1.35078624e-01  3.84737819e-01  2.05374137e-02
   2.64583409e-01]
 [-3.45309854e-01  4.61222768e-01  8.10630545e-02 -3.41284066e-01
   1.66184336e-01]
 [ 2.36477777e-01  5.09980083e-01 -2.25659713e-01 -1.90123156e-01
   3.68714988e-01]
 [ 2.83862948e-01  1.35729507e-01  1.97952077e-01  4.97340679e-01
   3.54658323e-03]
 [ 9.37109962e-02  3.11860234e-01 -4.61271673e-01  6.55918103e-03
   3.47295135e-01]
 [ 7.94777095e-01 -4.39775199e-01  2.43914708e-01  2.39771068e-01
   3.27890098e-01]
 [ 1.20313264e-01  1.67091638e-01 -2.38029957e-01 -2.14301739e-02
   1.80673540e-01]
 [ 2.18296781e-01  3.58017832e-02 -1.02530465e-01 -4.46914256e-01
   4.44588512e-02]
 [ 1.87223762e-01  3.92536491e-01  1.68939456e-01  1.44049590e-02
  -3.97804111e-01]
 [-9.74271521e-02  5.31401485e-02 -2.07041457e-01  2.06297636e-02
   2.80472547e-01]
 [ 5.07237196e-01  4.63005424e-01 -2.85653234e-01 -1.25979587e-01
   1.05607167e-01]
 [ 9.01645899e-01  1.62337869e-02 -4.62873578e-01 -1.03722769e-03
   5.26606977e-01]
 [ 3.85842830e-01  3.40877652e-01 -4.94476080e-01  2.06723750e-01
   7.46369809e-02]
 [ 4.40113515e-01  3.33075792e-01  2.13491067e-01  2.67284364e-01
   4.17194404e-02]
 [ 1.47023544e-01  1.80738255e-01  2.20056400e-02 -3.87570560e-02
   2.00109318e-01]
 [-1.66289723e+00  1.60967112e+00  1.07591167e-01 -1.39748529e-01
  -1.66635764e+00]]
Peso 2:
[ 0.95371443 -0.13947123 -0.00317142  0.1399522   1.144239  ]
Camada: saida
Peso 1:
[[-0.97109365  1.9872802 ]
 [ 1.7307855  -0.89131296]
 [ 0.26379696  0.42060882]
 [-0.8694556  -0.29474956]
 [-1.6684985   1.7008039 ]]
Peso 2:
[ 0.10805795 -0.10805791]



pesos modelo: 
Test loss: 0.3363, Test accuracy: 0.8726
Camada: meio
Peso 1:
[[-0.17782938 -0.46790588  0.1665659   0.30097854 -0.3859135 ]
 [ 0.22881849  0.30745366 -0.23466673 -0.3682272   0.3510266 ]
 [-0.14006953  0.09490355  0.23984165 -0.17267828 -0.01389749]
 [ 0.29725334 -0.09308856  0.30081645 -0.11943229 -0.21779633]
 [ 0.19112894  0.46580014 -0.09044053 -0.45414865  0.38138142]
 [ 0.27962986 -0.0267152   0.38968074 -0.29852334 -0.3476182 ]
 [-0.11197588  0.05576754  0.32129723  0.3037102  -0.20826791]
 [ 0.0807391  -0.06002298  0.09916167  0.26130107  0.12195356]
 [-0.5653223  -0.62111545  0.4640826  -0.07151837 -0.2012247 ]
 [-0.1328375   0.55435216  0.4314152  -0.06560913  0.5080681 ]
 [ 0.45937198 -0.05994896  0.4472221   0.14509837 -0.37960923]
 [ 0.25888985  0.42071345 -0.01915008  0.190629    0.11169953]
 [-0.09815221  0.04957827  0.31864646  0.11337145 -0.2275245 ]
 [-0.25914115  0.06004917 -0.07577438  0.09795447  0.42123482]
 [-0.59793204 -0.4157645   0.45079735  0.2537723  -0.09136748]
 [-0.00767892  0.12148259  0.21006751 -0.29776284  0.19296636]
 [ 0.31071737  0.01571913  0.13168095  0.04010121  0.33133742]
 [ 0.40859666  0.11494461  0.35118145 -0.16320176  0.14983597]
 [ 0.81853527  2.0243483  -1.8818411  -0.20314942 -0.97295177]]
Peso 2:
[-0.08882834 -0.34485096  1.132159   -0.14911045  0.43143263]
Camada: saida
Peso 1:
[[ 0.16830547 -1.091702  ]
 [ 1.6318375  -1.583215  ]
 [-1.5015821   1.8354238 ]
 [ 0.31955743  0.11469702]
 [-0.7362402   1.0550629 ]]
Peso 2:
[-0.39579022  0.39579168]



pesos modelo: 
Test loss: 0.3775, Test accuracy: 0.8730
Camada: meio
Peso 1:
[[-0.26685035 -0.11581922 -0.12057424  0.17247903  0.4355079 ]
 [-0.47118294  0.3366535   0.08587126  0.41015747  0.6372303 ]
 [-0.25472847 -0.30153087  0.6511184   0.09074536  0.3854515 ]
 [ 0.1698751   0.4772274   0.01427935 -0.14960177  0.3309389 ]
 [ 0.04965381 -0.41507953 -0.21410204  0.23418361  0.0391355 ]
 [ 0.06591982 -0.1427789   0.33382642 -0.02482857  0.06300765]
 [-0.29968598  0.34899807 -0.02169394 -0.01212832 -0.12426016]
 [ 0.06656968 -0.24025452  0.3635015   0.00621765  0.04263423]
 [-0.04609279  0.23398486  0.5037053  -0.7371878  -0.4680689 ]
 [-0.3707247  -0.25220713  0.69030654  0.18252604  0.21928231]
 [ 0.33692202  0.48269442  0.4398474   0.30843464 -0.09120718]
 [-0.23585448  0.4249283  -0.16466169  0.6010084  -0.10658894]
 [-0.44764832 -0.08941066  0.03711604 -0.17788279  0.05822517]
 [-0.29932654  0.4198879   0.10997304  0.0087963   0.1444236 ]
 [-0.22966085  0.10645896  0.3183631  -0.78537536 -0.5317268 ]
 [-0.20155174 -0.11825827  0.38681445  0.15361287 -0.12795238]
 [-0.3132435   0.49624264  0.522173    0.38150716 -0.07774638]
 [ 0.33490473 -0.3678      0.6232969   0.13874142  0.15179306]
 [ 0.04122104 -0.50113684 -1.3269886   2.5229      0.89368635]]
Peso 2:
[-0.03752945  0.39571238  1.0270568  -0.5305216  -0.15349557]
Camada: saida
Peso 1:
[[ 0.7740751   0.44656324]
 [-0.04960957  1.1420965 ]
 [-2.0440614   0.61065066]
 [ 1.4551519  -2.2254992 ]
 [ 0.6590804  -0.7132272 ]]
Peso 2:
[-0.88556314  0.88556445]



pesos modelo: 
Test loss: 0.1812, Test accuracy: 0.9398
Camada: meio
Peso 1:
[[-4.23217416e-01  2.18075275e-01  4.81807947e-01 -6.11135960e-02
   1.77537918e-01]
 [ 2.85145659e-02 -3.51971716e-01  4.57977355e-01  4.41029400e-01
  -2.37676740e-01]
 [-3.19816828e-01 -6.62046149e-02 -6.05058111e-02  2.60471225e-01
  -1.67374507e-01]
 [ 9.25856177e-03  1.33971870e-01 -4.41583581e-02  1.66284457e-01
  -4.49454784e-01]
 [-3.46393466e-01 -2.35882133e-01  5.02947807e-01  2.73799270e-01
  -4.77869928e-01]
 [-1.14310108e-01 -1.03419997e-01 -5.66280559e-02 -2.11584955e-01
  -9.23051536e-02]
 [ 1.66981816e-01 -2.64978915e-01 -7.83506930e-02  5.86021394e-02
  -4.45845366e-01]
 [ 3.22613984e-01 -3.63495976e-01 -5.92360869e-02  1.14294566e-01
  -2.15399325e-01]
 [-4.10119116e-01  2.45507061e-01 -7.23958015e-01 -3.93640429e-01
  -4.44660783e-01]
 [-2.84334779e-01 -1.66154146e-01 -6.16518632e-02 -4.64673847e-01
   1.81605443e-01]
 [-3.31154466e-01 -2.33424176e-03 -3.57708745e-02 -1.61267444e-01
   2.71728456e-01]
 [-1.03660636e-01  2.07786798e-01  4.75925505e-01 -6.35172203e-02
   1.62287101e-01]
 [-4.44012284e-01  4.68081348e-02 -3.67575362e-02 -3.32319051e-01
  -3.27444822e-01]
 [ 3.17041993e-01 -4.97581869e-01 -7.68017769e-02 -2.63824314e-01
   5.92637714e-03]
 [ 3.07844672e-03 -7.05828965e-02 -7.31793702e-01 -2.88611442e-01
  -2.71762580e-01]
 [ 1.60054788e-01 -4.85525548e-01 -8.15470591e-02 -1.55357689e-01
  -1.39103904e-01]
 [ 3.20898235e-01 -2.72787839e-01 -3.55746783e-02 -2.11607382e-01
  -5.24940863e-02]
 [-4.07488734e-01  3.35378617e-01 -5.19212075e-02 -4.54534262e-01
   1.55161560e-01]
 [ 5.44436932e-01 -3.25583279e-01  2.97501445e+00 -2.73793370e-01
  -6.12613745e-02]]
Peso 2:
[-0.06306407 -0.13993464 -0.5424584  -0.08953207  0.0406899 ]
Camada: saida
Peso 1:
[[-0.60550016 -0.74798214]
 [ 0.5685765   0.2010595 ]
 [ 2.577843   -1.8630265 ]
 [ 0.13639273 -0.01801584]
 [-0.64469343  0.89359623]]
Peso 2:
[-3.3260057  3.3260098]



pesos modelo: 
Test loss: 0.8586, Test accuracy: 0.7638
Camada: meio
Peso 1:
[[-0.11664653  0.17975378 -0.2497133   0.43027687 -0.3634205 ]
 [ 0.08884344 -0.00886549  0.74572915  0.07035567  0.1938224 ]
 [-0.24451886  0.03749926  0.03056816  0.189878   -0.10465502]
 [ 0.13435338  0.41369492  0.19057198  0.43931    -0.2918261 ]
 [ 0.30017298  0.39556858  0.10525169 -0.22939277 -0.5645417 ]
 [ 0.48045143  0.14129575  0.41741887  0.54363865  0.00593458]
 [ 0.40133268 -0.3053239   0.52502084  0.4324963   0.34316707]
 [ 0.2592347  -0.06369704 -0.09661423  0.06877834  0.3440639 ]
 [ 0.21830265 -0.33179116 -0.53575903  1.0097753  -0.4430185 ]
 [-0.48398837  0.25325596  0.40014473  0.4574618  -0.36847645]
 [-0.1790669  -0.11051353 -0.09226183  0.00611092  0.07447273]
 [ 0.12765148  0.51952934  0.27001545 -0.13356549 -0.41022006]
 [ 0.18144755  0.02596096 -0.16111793  0.04794751  0.04034121]
 [ 0.04311914 -0.22567621  0.09677707  0.17227282  0.1691967 ]
 [ 0.22104557 -0.0233928  -0.6713857   0.6403697  -0.4586357 ]
 [ 0.3501158  -0.19641939  0.21289091  0.25418684  0.18516473]
 [ 0.38140956  0.30293265  0.17369299  0.40750468 -0.35625285]
 [-0.12373085 -0.3241958   0.0387901   0.02071326  0.3395251 ]
 [ 0.41651723  0.9679036   1.6979921  -2.0823405  -0.0313235 ]]
Peso 2:
[-0.05920736 -0.00754759 -0.32061163  1.4081563   0.07627059]
Camada: saida
Peso 1:
[[-0.22397369 -0.58688533]
 [ 1.260007    0.114564  ]
 [ 1.8529375  -1.0141174 ]
 [-2.1695511   1.8319323 ]
 [-0.9000642   0.8927419 ]]
Peso 2:
[-0.24078347  0.24078505]
