


pesos modelo: 
Test loss: 0.5445, Test accuracy: 0.8265
Camada: meio
Peso 1:
[[ 9.75557566e-02  1.87672973e-01 -1.38495743e-01 -4.20478344e-01
  -8.13367963e-02 -1.92174882e-01  3.93290699e-01  5.84341288e-02
   1.23753011e-01  3.12629342e-02  2.69899666e-01 -3.49882513e-01]
 [ 2.73209482e-01  1.53221443e-01  1.77771300e-01 -1.18468344e-01
   1.22253187e-01  4.84386921e-01  2.23481674e-02 -2.50342458e-01
  -2.27049738e-01  3.84845287e-01 -1.12736829e-01 -2.00522598e-03]
 [-1.75534829e-01 -2.99840242e-01  4.20034351e-03  5.34270480e-02
   1.26272812e-01 -1.04025185e-01  1.95942193e-01 -3.04972291e-01
   4.36460897e-02 -3.54588218e-02  3.17861944e-01  6.94406703e-02]
 [-2.40641564e-01 -3.58102918e-02  4.37721174e-04  5.30238986e-01
   2.98923165e-01  2.75370240e-01 -4.50697728e-02  3.49940807e-01
   4.50229108e-01  2.35259265e-01 -4.14249182e-01  1.26781330e-01]
 [ 2.82645583e-01  3.19255054e-01  1.90033078e-01  9.26374942e-02
   3.95775050e-01  6.27764821e-01  2.80789901e-02  2.34582260e-01
  -3.38873059e-01 -2.29400694e-01  2.39034384e-01 -2.28949770e-01]
 [ 3.68077964e-01  3.27031136e-01  2.12182373e-01 -1.78655818e-01
   3.15989047e-01  5.41730830e-03 -1.91677827e-02  3.70945603e-01
   3.74271214e-01 -1.07167341e-01  1.22998551e-01 -3.94515872e-01]
 [-1.02244824e-01  2.91653052e-02  3.72955412e-01 -2.31366977e-02
   3.28260332e-01  8.18131939e-02  1.28708914e-01 -4.33986932e-01
  -3.19067776e-01 -2.06703201e-01 -3.71579409e-01  1.03894934e-01]
 [-2.57724732e-01 -1.44790739e-01 -2.89399117e-01 -1.22005366e-01
   1.83463544e-01 -1.99229553e-01  1.59458712e-01  3.65544595e-02
   3.92677963e-01 -3.53208095e-01 -5.70497960e-02  2.52680182e-01]
 [-1.37984708e-01  7.09819868e-02  6.91174328e-01  3.52263004e-02
  -1.67823896e-01 -5.09795010e-01  5.21367967e-01  2.32400838e-02
   5.14334977e-01 -6.46845400e-02 -2.54695117e-01 -6.64749593e-02]
 [-2.31451374e-02  3.14569145e-01  1.18472174e-01 -1.04684554e-01
   1.18562251e-01  1.25594899e-01  8.03615376e-02 -3.93923789e-01
   3.99894893e-01 -4.98121195e-02  1.53095916e-01 -2.71617740e-01]
 [ 2.70328850e-01  2.53681600e-01  3.58332902e-01 -5.63789904e-02
   1.35018840e-01 -1.57606658e-02 -1.45978287e-01  2.80692458e-01
  -9.00315586e-03  1.32262409e-01 -5.21669611e-02  7.84027129e-02]
 [ 4.71809357e-01 -3.43109481e-02 -3.13160926e-01  5.92358112e-01
  -3.28277111e-01  4.92526889e-01  4.08715755e-01  2.31943905e-01
  -2.31381401e-01 -1.54088035e-01 -3.29325914e-01  4.55451250e-01]
 [ 1.89426124e-01 -2.08883613e-01  9.72468853e-02 -6.24732897e-02
   3.32693309e-01 -2.15514332e-01 -1.95098355e-01 -1.19499825e-01
   3.29280376e-01  2.86287159e-01 -1.18414208e-01  3.29609722e-01]
 [ 3.28783281e-02 -2.06439868e-01  1.97687179e-01 -2.01225668e-01
   3.44476610e-01 -2.91892551e-02 -5.18160947e-02 -1.21990256e-02
   4.59403783e-01 -1.66429803e-01  3.23035978e-02 -3.08252335e-01]
 [-2.70966977e-01  9.60598513e-02  5.19187570e-01  5.24506748e-01
   1.75575614e-01 -1.79868355e-01  5.59005976e-01 -4.36769634e-01
   4.41336870e-01  2.82903463e-02 -3.62145007e-01 -1.81322452e-02]
 [ 6.37119189e-02  1.76807791e-02  5.12771964e-01 -5.90984188e-02
  -3.11554581e-01  1.45757556e-01  9.69048683e-03 -2.82681704e-01
  -1.63693875e-01  1.22455679e-01 -2.74448782e-01 -1.12382352e-01]
 [ 3.75566363e-01  1.41812935e-01  3.80307466e-01  2.65660614e-01
   1.18143648e-01  3.53374332e-01 -6.33688048e-02 -1.55583173e-01
   4.56134945e-01 -3.40707898e-01 -3.71592551e-01  1.65387422e-01]
 [-2.02171341e-01 -2.38051966e-01  3.37755650e-01  5.44252954e-02
  -1.79264396e-01  4.09061342e-01  3.19391936e-01 -1.82694376e-01
   3.11573714e-01  3.94279689e-01  4.20613617e-01 -3.52558680e-03]
 [ 7.87007570e-01 -4.22902703e-01 -1.59883261e+00 -6.51770473e-01
   2.51928419e-01  1.92204106e+00 -7.78109133e-01 -2.74920195e-01
  -6.21196866e-01 -1.59709770e-02 -3.65445405e-01 -3.65149289e-01]]
Peso 2:
[-0.11613455  0.2781062   0.8290238   0.41254467 -0.0539225  -0.44400448
  0.38830543  0.02244137  0.38926867 -0.06426066  0.02842143  0.13922642]
Camada: saida
Peso 1:
[[ 0.94121605 -0.23122168]
 [-0.74251705  0.396583  ]
 [-1.5529286   1.3462358 ]
 [-0.80813223  0.4793682 ]
 [-0.36008012 -0.72518075]
 [ 1.4603823  -1.6029232 ]
 [-0.59075105  0.81745714]
 [ 0.36403152  0.54058415]
 [-0.741135    0.71959394]
 [ 0.04872819 -0.13247146]
 [ 0.11213942  0.33673108]
 [-0.32197428  0.26554114]]
Peso 2:
[-0.27062207  0.2706226 ]



pesos modelo: 
Test loss: 0.4018, Test accuracy: 0.8539
Camada: meio
Peso 1:
[[-3.63134980e-01  8.68845582e-02  3.42624962e-01 -2.72451013e-01
  -5.13992310e-02 -4.39651310e-02 -3.91116440e-01  2.47219265e-01
   2.20161974e-01  3.04980874e-02  3.27414751e-01  1.70442462e-02]
 [ 4.16503608e-01 -4.50578243e-01 -2.66064793e-01  3.72163117e-01
   4.02151555e-01 -3.13111469e-02 -4.20021832e-01  4.53399301e-01
  -3.37844193e-02  3.99645805e-01  3.20120931e-01 -3.35676447e-02]
 [-9.52650979e-02 -4.42502528e-01 -3.63716751e-01  2.43426770e-01
   3.30109805e-01 -1.94508910e-01  4.88202482e-01 -2.31462419e-01
   4.89010178e-02  4.28781778e-01  3.05466522e-02  2.66156226e-01]
 [ 4.37215775e-01 -2.01434478e-01 -3.79736841e-01 -1.37245134e-01
   6.98966160e-02  5.31352870e-02  2.64722526e-01 -2.65052408e-01
   3.48316282e-01 -8.91258791e-02  4.83448543e-02 -3.64199966e-01]
 [-7.12880269e-02 -3.14149439e-01  2.15433806e-01  3.04472268e-01
   2.69777536e-01  1.85051113e-01 -2.45097861e-01  4.11424547e-01
  -1.92541722e-02 -1.93705723e-01  5.55640981e-02  1.18430838e-01]
 [-3.31781991e-02 -3.32291245e-01 -3.85496467e-01 -2.56882664e-02
   4.02264684e-01 -3.19368482e-01  1.45955890e-01  3.42126846e-01
  -3.29849631e-01  2.73642182e-01 -1.26368292e-02 -1.27997935e-01]
 [-2.53288805e-01  6.94552436e-02  3.52311760e-01 -1.34048283e-01
   1.63373962e-01 -1.79029390e-01  9.05476958e-02 -1.01568513e-01
   2.77622908e-01  3.35678071e-01 -1.13693506e-01 -3.13215494e-01]
 [ 8.47455263e-02  1.21004634e-01 -3.00460637e-01  5.88223059e-03
  -1.86398681e-02  7.50223026e-02  2.94875264e-01 -1.83625787e-01
   4.33874100e-01  5.18163890e-02  4.00904506e-01  3.12897891e-01]
 [-1.46831885e-01 -3.50035459e-01  7.57452995e-02 -3.00683618e-01
  -2.02640593e-01  3.59799981e-01  9.41226125e-01  4.65325505e-01
   1.51900828e-01  1.96568906e-01  1.46171033e-01  1.29601106e-01]
 [-7.06895068e-03 -3.79000247e-01  3.51257861e-01  2.14618575e-02
   3.38057019e-02 -3.07492018e-02  3.91785920e-01 -4.23127823e-02
   1.55347824e-01 -2.87964374e-01 -1.45462006e-01  1.15924716e-01]
 [-1.29985824e-01  3.24735105e-01 -4.26419288e-01  4.31215644e-01
   1.98859602e-01 -2.04691470e-01  5.34500957e-01  1.15825750e-01
   1.47280782e-01  2.88810700e-01  3.49395573e-01 -2.87957117e-02]
 [-3.74028087e-01  3.11414063e-01  3.84030938e-01  3.17725241e-01
   2.54749507e-01 -3.12680990e-01 -1.60772160e-01 -8.78011901e-03
  -2.30917111e-02  2.02545989e-02  1.28642051e-02 -1.72465876e-01]
 [ 3.08540106e-01 -2.33421192e-01 -3.77565503e-01 -6.47853268e-03
  -1.55241489e-01 -3.62529308e-02  7.91744387e-04 -1.52418196e-01
   9.85991210e-02  1.38466418e-01 -3.74428988e-01 -1.52957037e-01]
 [-7.28205517e-02  4.23415564e-02  5.78219518e-02  6.89206794e-02
   3.53631228e-01  7.69185945e-02  4.00023669e-01  2.04748541e-01
   1.30724788e-01  1.20059185e-01  7.23520592e-02 -3.02303791e-01]
 [-1.06463052e-01 -1.98212832e-01  5.69648966e-02 -2.15872660e-01
  -1.13139503e-01 -3.87688518e-01  8.66204619e-01 -3.07268798e-01
  -2.57368870e-02  3.69516283e-01 -1.42766580e-01 -1.13959417e-01]
 [ 2.26551607e-01  3.09869081e-01  1.69718757e-01 -7.54118040e-02
   1.27208695e-01 -2.72332698e-01  1.32736146e-01  3.23187768e-01
  -1.48697346e-01 -6.81746602e-02  4.07845110e-01 -3.48143041e-01]
 [ 3.06683272e-01 -3.15078855e-01  9.16887075e-02 -1.65732995e-01
  -1.79300398e-01 -8.49813670e-02 -1.37910575e-01 -3.27409834e-01
   6.19800165e-02  1.79727972e-01 -8.71569291e-02  1.50902756e-02]
 [ 6.45320192e-02 -7.45689198e-02  4.06815946e-01  2.30662972e-01
  -8.40545446e-02  2.19401866e-01  2.80937731e-01 -2.65762895e-01
   9.47768763e-02  1.46447003e-01 -2.79105633e-01  2.66198609e-02]
 [-4.56673354e-01 -8.22100267e-02 -1.34550765e-01  1.71255040e+00
   1.54827142e+00  2.91437149e-01 -1.24248111e+00 -5.30734241e-01
   4.36706692e-01 -1.10057509e+00  1.38659999e-01 -2.64513880e-01]]
Peso 2:
[ 0.09109654 -0.12108071 -0.02161088 -0.2646133  -0.48176655 -0.0197408
  1.204406    0.2987376  -0.16958542  0.5152641  -0.01591703 -0.20233628]
Camada: saida
Peso 1:
[[ 0.2513585   0.7636709 ]
 [ 0.59895074 -0.32905328]
 [ 0.05372523  0.16684958]
 [ 1.031223   -1.440038  ]
 [ 1.2915298  -0.99618477]
 [-0.23352528  0.4230392 ]
 [-1.6096624   1.5042906 ]
 [-0.28512976  0.66367775]
 [ 0.31052065 -0.50166035]
 [-1.3787622   0.3933734 ]
 [ 0.63374776  0.4819175 ]
 [ 0.23517112 -0.4638926 ]]
Peso 2:
[-0.4146404   0.41464162]



pesos modelo: 
Test loss: 0.2116, Test accuracy: 0.9220
Camada: meio
Peso 1:
[[ 3.18702042e-01 -1.58214688e-01 -1.85488760e-01 -4.30921853e-01
   2.49574125e-01 -2.59861767e-01 -2.27891877e-01  1.78822994e-01
  -4.08757031e-02  2.18249023e-01 -3.52611542e-02  3.79862428e-01]
 [ 4.51842040e-01  1.06233498e-02  3.09847862e-01 -4.18403387e-01
   4.03976649e-01 -2.28378445e-01 -1.92463975e-02 -1.02279112e-01
  -3.80686373e-01  2.61598051e-01  1.95624739e-01  4.97545861e-02]
 [ 3.35750543e-02  2.88549662e-01  1.24382935e-01  4.86420840e-02
   4.27922942e-02  1.18268348e-04  2.37238109e-01  3.96550328e-01
   3.37951928e-01 -3.38444322e-01  3.43016023e-03 -9.78956148e-02]
 [ 2.80444860e-01 -1.04178928e-01  2.92648524e-01  2.56303877e-01
   1.66046709e-01  3.48043889e-01 -2.35360757e-01  3.25068086e-02
  -3.57048839e-01 -3.13593186e-02 -1.54153928e-01  3.82893682e-02]
 [ 4.71769840e-01 -2.77895153e-01 -1.72421560e-02 -1.29450738e-01
   5.87015692e-03 -4.45313528e-02  3.41567904e-01  2.14127913e-01
   8.95005930e-03  4.67207253e-01 -1.93851575e-01  1.20456114e-01]
 [-2.19694659e-01 -1.17273137e-01 -1.94761448e-03 -2.67146081e-01
   2.16540858e-01  3.70152891e-02  3.02532226e-01  1.25477687e-01
   3.95411216e-02 -1.86725423e-01 -2.42268275e-02 -2.91033268e-01]
 [ 2.06617877e-01 -4.36623484e-01  3.60060841e-01 -2.20893368e-01
  -2.25792006e-01  1.42936185e-01  3.75932902e-01 -2.27425441e-01
  -2.98025697e-01  4.23840493e-01  3.19527090e-02  7.61570930e-02]
 [-6.97706789e-02  2.52757013e-01 -3.78322974e-02 -2.15363223e-02
   5.45123667e-02  1.87379867e-01 -3.82098585e-01  4.32360657e-02
   9.71547961e-02 -2.30629429e-01 -2.53006637e-01 -1.20534562e-01]
 [-1.47256419e-01 -1.50720000e-01  5.34630656e-01  3.72965842e-01
  -5.44335485e-01  7.57992744e-01 -1.52018070e-01 -2.78305084e-01
  -1.92716315e-01  2.31038213e-01 -2.39519462e-01  1.94933444e-01]
 [ 1.65469781e-01 -3.87850292e-02  2.08429962e-01  3.17323655e-01
   4.66759652e-02  2.89931357e-01 -2.97703087e-01 -2.13997051e-01
  -9.78338420e-02  1.62368238e-01 -4.18217927e-01  3.16731185e-01]
 [-1.89612746e-01 -8.65718797e-02  9.51790363e-02 -9.78514552e-02
   3.11673909e-01  7.28525072e-02 -3.57533634e-01  1.06077775e-01
  -7.06278309e-02  2.58407682e-01  1.46688104e-01 -3.31301838e-01]
 [ 4.55428571e-01 -2.81875849e-01 -2.75441874e-02  4.66786981e-01
   4.53721344e-01  8.09330270e-02  1.22048818e-01  1.56554863e-01
  -2.69895345e-01 -8.82352367e-02 -3.93408805e-01  1.47842214e-01]
 [-2.89718788e-02  1.72784016e-01  3.66897494e-01 -3.53202611e-01
  -2.98651278e-01 -3.21740836e-01  2.05244929e-01 -1.72690347e-01
   3.07248682e-01 -2.10143417e-01 -3.88895310e-02  3.09681177e-01]
 [ 7.76204243e-02  1.82231739e-01  1.96078625e-02 -5.03682047e-02
  -1.93843409e-01  1.03677593e-01  2.98717350e-01  3.33670259e-01
   2.66654760e-01 -1.82174608e-01 -3.93171310e-01 -4.58816111e-01]
 [-3.86458188e-01  1.54151559e-01  4.07610983e-01  2.41833739e-02
   1.45221293e-01  8.46613884e-01 -3.45825031e-02 -6.34303764e-02
  -8.19413364e-02  1.62122701e-03  2.26446524e-01 -3.99511635e-01]
 [ 2.08452698e-02  1.52041689e-01  1.70251042e-01  2.30583519e-01
   3.03748012e-01  1.77776724e-01  1.78797856e-01  3.39759171e-01
   2.32737571e-01  1.59636423e-01 -1.23795263e-01 -1.42720386e-01]
 [ 2.46699154e-01 -2.61794627e-01  7.84899294e-02  1.81236982e-01
   1.30660281e-01  3.49684358e-01 -2.17068400e-02  2.65832245e-01
   2.22968340e-01 -2.87127465e-01  9.68497545e-02 -4.89672869e-01]
 [ 1.25753477e-01 -2.53627568e-01  4.69909489e-01  1.73268765e-01
   1.90044895e-01  4.03656401e-02  1.46883084e-02 -1.13831826e-01
  -5.10203093e-02 -5.39123416e-02  7.34127760e-02 -3.23585391e-01]
 [ 1.99083459e+00 -2.56993383e-01 -1.71394837e+00 -1.71742871e-01
   9.39781308e-01 -9.70441043e-01  2.41182268e-01 -5.59000731e-01
  -2.41530105e-01  4.65643913e-01  1.85138043e-02  1.11768462e-01]]
Peso 2:
[-0.48171863 -0.00743216  0.7673775   0.04378397 -0.19344875  0.84876484
 -0.06184546  0.14326078  0.1280927   0.01798764 -0.15381055 -0.14025852]
Camada: saida
Peso 1:
[[ 1.4439794  -1.5864187 ]
 [ 0.26738855  0.31727946]
 [-1.3838831   1.3784509 ]
 [-0.7226893  -0.39851117]
 [ 0.73680896 -0.51325905]
 [-1.1671801   1.2515775 ]
 [ 0.10584484 -0.04432233]
 [-0.6608692   0.02118124]
 [ 0.12989326  0.61574256]
 [ 0.4117116  -0.04528062]
 [ 0.43652537 -0.4829963 ]
 [ 0.06023315  0.25020877]]
Peso 2:
[-0.3762312  0.3762332]



pesos modelo: 
Test loss: 0.7277, Test accuracy: 0.8000
Camada: meio
Peso 1:
[[ 0.2713018  -0.36981112 -0.22040765 -0.42285976 -0.08046618  0.27694452
   0.0318625   0.10009915 -0.4246556  -0.04879889 -0.12467688  0.23995864]
 [-0.45415738 -0.21718203 -0.04815757 -0.36996603 -0.5331563  -0.36938974
   0.18092583 -0.15266183 -0.46055764 -0.44115508  0.30662745  0.388347  ]
 [ 0.21989575  0.2718421  -0.06723428  0.32468972  0.0640314   0.19240852
   0.2943018   0.2817312  -0.23472928  0.18849365  0.05483982 -0.06839598]
 [-0.18143813 -0.2935648  -0.41477385  0.16492786  0.17517966 -0.10633392
  -0.21429715 -0.10699245  0.02971241  0.43250605 -0.18559451  0.3828886 ]
 [ 0.31598666 -0.40429938 -0.41156358 -0.17731713  0.01771829 -0.04413517
   0.60496813  0.15301059 -0.3767072   0.28211907 -0.06969686  0.24643593]
 [ 0.07196843 -0.21031843  0.04601531  0.21501772 -0.07355411 -0.40078545
   0.01186961  0.17889419 -0.17126313  0.01719758  0.2388458   0.33523077]
 [-0.09867144  0.23475282  0.22898062  0.34189317 -0.07916167 -0.30284223
  -0.19222166  0.17424755  0.16480675 -0.21730487 -0.18551566  0.27333587]
 [ 0.13745186 -0.38652876  0.13202345  0.32582408 -0.31877682 -0.2758357
   0.11504522 -0.39124906 -0.27594906  0.11816873  0.00275775  0.29238594]
 [-0.05791736 -0.20104314 -0.40831062  0.7719443   0.3564054  -0.08040961
  -0.360997   -0.02590195  0.02633248 -0.01088397  0.6473868  -0.28561532]
 [ 0.19607073  0.15645169  0.09318242  0.06114787  0.36042148  0.28729653
   0.26823792  0.08283273  0.07845455  0.20795903  0.34762815  0.09119637]
 [ 0.41654795  0.01069223  0.01973549  0.3766243  -0.02906437  0.23268454
   0.29314077 -0.10930555  0.24637756 -0.06289724  0.02654999 -0.01949708]
 [ 0.31305444 -0.2735529  -0.20854375 -0.11761049  0.3375004  -0.3136274
   0.582918    0.01462184 -0.45158035  0.12320876 -0.12986523  0.4270359 ]
 [-0.36381236  0.41773394 -0.22267772  0.154177    0.2911599   0.14873172
   0.2907687   0.23775244  0.212596   -0.10273245  0.45287055 -0.25422934]
 [ 0.18086487 -0.17957152  0.34707633 -0.09553574  0.04191686 -0.31671813
   0.09783157 -0.10906321  0.23547375  0.24297853  0.2244801  -0.14754453]
 [-0.26212713  0.00220784 -0.16990992  0.93347806 -0.29174575 -0.42541918
  -0.88868815  0.01924151  0.17041479  0.19928671  0.01779055 -0.01056868]
 [ 0.31055436  0.2089701  -0.41451126  0.390428    0.43643674 -0.4114299
   0.3734766   0.27201474  0.02667114 -0.2255989   0.31267065  0.32345212]
 [-0.05578047  0.32048953 -0.38877964  0.18146367 -0.29562932  0.38990062
   0.19081803  0.2968547   0.12390032  0.17794889  0.25586763 -0.2166467 ]
 [ 0.30639535 -0.05647726  0.09508607  0.34977368 -0.34954837  0.21630764
   0.00684076  0.17578132 -0.45492154 -0.2137109   0.13809396  0.37953863]
 [-0.7377775   0.0998816  -0.31562865 -1.4360776  -0.18818681 -0.42893475
   1.7338566   0.30675724 -0.2645705  -0.34439108 -1.1705832   0.68715763]]
Peso 2:
[ 0.20228063  0.06782128 -0.09024351  1.0952232   0.20014013 -0.04416902
 -0.4825719  -0.06329882 -0.22184089  0.26512715  0.6427768  -0.25781795]
Camada: saida
Peso 1:
[[-0.29458028  0.64932406]
 [-0.34396222 -0.01715474]
 [ 0.01079797 -0.5234398 ]
 [-1.4018178   1.6291398 ]
 [-0.4749236   0.648547  ]
 [-0.42908823 -0.57688606]
 [ 1.6959265  -1.2117096 ]
 [ 0.22043642 -0.26318818]
 [ 0.40169322 -0.35845822]
 [-0.6216962   0.29243353]
 [-0.7865985   1.3062156 ]
 [ 0.03823486 -1.2327783 ]]
Peso 2:
[-0.37073094  0.37073228]



pesos modelo: 
Test loss: 0.1658, Test accuracy: 0.9355
Camada: meio
Peso 1:
[[ 0.00751224 -0.39042887  0.13786978 -0.02031714 -0.11326474  0.27653164
   0.00194624 -0.41522902  0.15627474  0.24591452  0.40090638 -0.2191133 ]
 [-0.30536032 -0.13554145  0.5227823   0.14028594  0.31539077  0.16670282
   0.4460038   0.48189434 -0.07561965  0.0982057   0.46326518 -0.31829953]
 [ 0.01582474  0.30845812 -0.07061492  0.21037047 -0.19253829 -0.27276486
  -0.17866425 -0.14984193 -0.15158582  0.18967545 -0.20802061  0.11632836]
 [-0.0489606   0.40639293  0.01671804  0.10384502  0.06782308  0.3299642
   0.26572156  0.27011395  0.43796554 -0.4166759   0.24418649  0.20697334]
 [ 0.25270483 -0.3310964   0.45176828 -0.19728996  0.388279    0.32037914
  -0.02021424 -0.07176115  0.530878   -0.0249304   0.05393495 -0.02391862]
 [-0.23953244  0.09062149  0.14876308 -0.01007451  0.23963806 -0.361605
   0.2977517   0.39989004 -0.1710779  -0.09681666 -0.40027487 -0.02761332]
 [ 0.02477418 -0.33875203  0.36328465 -0.17330258  0.39635387  0.11137132
   0.09365669  0.27428004 -0.09704336  0.23031916  0.05017198  0.2600407 ]
 [-0.18036892 -0.29460138  0.48820716  0.38049778  0.36574954 -0.28186074
   0.11821078  0.33136773  0.1771287   0.2451266   0.27835158  0.40239054]
 [ 0.40317842  0.24006979  0.05967989  0.37147155  0.5668338   0.18061621
  -0.26711518  0.47452918 -0.21910897  0.38770238  0.19052051  0.6196009 ]
 [ 0.15720977  0.43803492  0.14695145 -0.17758864 -0.2579182  -0.21898809
  -0.13179234  0.26257136 -0.10802087 -0.11646664  0.0160158   0.17513016]
 [ 0.05970971  0.33370605  0.26940474 -0.05784113  0.2437364   0.21771635
   0.3621074  -0.04192297 -0.2315902   0.19903672  0.40838978  0.4952747 ]
 [ 0.14094831 -0.25859758  0.12223458  0.05123977 -0.47255647 -0.1868835
   0.0355972  -0.30082178  0.18825832  0.24007982  0.21698996  0.2375759 ]
 [-0.36742714  0.13532352  0.10215379 -0.21196294  0.04311949 -0.03873925
  -0.09593996  0.2787968   0.04844477  0.13762203 -0.0931768   0.15177424]
 [-0.41999242  0.02123971  0.02999449  0.3578518  -0.15577435  0.08990449
   0.29530197  0.422138    0.13568631  0.35358036  0.17816807  0.15937057]
 [ 0.3334593  -0.368847   -0.21740031 -0.17585622  0.33895466 -0.00316563
  -0.33441326  0.50937414  0.18560942 -0.01958093  0.18771389  0.7227493 ]
 [ 0.4296841   0.34220433 -0.2563123   0.23122342  0.09295016  0.02970983
  -0.02127971 -0.13471866  0.08433498 -0.11088683  0.29194453 -0.06150218]
 [-0.19827604  0.20854278 -0.271908   -0.26967466 -0.10228062  0.05074669
  -0.12571293 -0.10073054  0.10707113  0.3123132  -0.07139145  0.07838277]
 [-0.43881834 -0.15368211  0.10820885  0.02284686  0.33318383 -0.2841079
   0.3755037   0.24834903  0.2712412  -0.18700467  0.41954714  0.35599118]
 [-0.38767946 -0.3633452   1.7927911  -0.20964038 -0.7145849  -0.12464523
   1.1199069  -1.1972071   0.8801906   0.4191555   0.33896393 -1.4157447 ]]
Peso 2:
[ 0.0096451   0.20572    -0.4098522   0.16155316  0.37861136  0.07351083
 -0.14395307  0.58000886 -0.04668591 -0.03316077 -0.0908978   0.8701062 ]
Camada: saida
Peso 1:
[[-0.14336963 -0.0023967 ]
 [-0.69476354  0.02443412]
 [ 1.2861924  -1.3057008 ]
 [-0.17757979  0.6351422 ]
 [-0.59427565  0.8598378 ]
 [ 0.2048093   0.5821429 ]
 [ 0.8172635  -0.65599567]
 [-0.89807236  1.1054621 ]
 [ 0.73444426 -0.41084623]
 [ 0.4071651   0.19433662]
 [ 0.24882941 -0.18443887]
 [-1.344141    1.4336475 ]]
Peso 2:
[-0.34608364  0.34608516]



pesos modelo: 
Test loss: 0.7533, Test accuracy: 0.7816
Camada: meio
Peso 1:
[[ 1.33403242e-01  3.06910872e-02 -9.24973190e-02  4.04438198e-01
  -3.91754568e-01  5.00230789e-02 -1.02973938e-01  1.06445074e-01
   2.85929382e-01  3.79052818e-01 -1.48587644e-01  3.65984976e-01]
 [-2.62481958e-01  2.64522880e-01  3.36501122e-01  8.59506503e-02
  -3.89954656e-01  1.29511030e-02  4.68249559e-01 -1.77782506e-01
   3.54832888e-01 -7.76693672e-02 -1.53108612e-01 -4.23336089e-01]
 [ 7.36175179e-02 -8.18345025e-02 -1.14149347e-01 -1.76436320e-01
   1.67851985e-01 -3.11746985e-01 -8.47550035e-02 -3.27296078e-01
  -3.22080463e-01  2.89899170e-01  1.51392728e-01  2.59620726e-01]
 [ 3.58283639e-01 -3.25983942e-01  4.50120345e-02  2.83521503e-01
  -2.72265881e-01 -9.03522503e-03 -9.12425220e-02  3.85714263e-01
   4.76847440e-02  2.21786067e-01 -1.75399184e-02  1.25958622e-01]
 [-3.13602239e-01 -3.16302240e-01  2.28120729e-01 -2.14703560e-01
   2.51864254e-01  3.29140835e-02  4.63882983e-01  5.88961244e-01
  -1.60992801e-01 -3.15396369e-01 -1.19244494e-01 -3.43526363e-01]
 [ 3.64125282e-01 -9.75780040e-02  3.27154249e-01 -9.21581388e-02
  -1.79700032e-01  8.46523866e-02  1.09541811e-01 -6.34093508e-02
  -4.19797957e-01 -2.11806402e-01  2.94354081e-01  8.06950331e-02]
 [-1.09049015e-01  2.26513237e-01  1.62308112e-01  2.61861235e-01
  -9.48078483e-02  9.04125273e-02  8.03385302e-02 -1.65710792e-01
   2.76335895e-01  9.36121270e-02  2.87115365e-01  1.24348551e-01]
 [-9.55974087e-02 -2.51707941e-01 -3.10406297e-01 -2.19496280e-01
   1.58895999e-01  3.36858749e-01  1.18040957e-01 -3.57190937e-01
   1.65372506e-01 -1.44376710e-01  4.56612468e-01  2.35150903e-01]
 [-2.10732147e-01 -1.49890527e-01  2.83441186e-01 -3.86307865e-01
   1.12586014e-01  3.66802923e-02 -6.87245369e-01 -3.66586894e-01
  -1.52574986e-01 -3.58598888e-01  9.59645033e-01 -1.32431253e-03]
 [ 2.43165165e-01  5.06145060e-01 -3.50472748e-01 -2.16546074e-01
  -1.68345883e-01 -1.82683587e-01  5.76770119e-02 -3.95464480e-01
  -3.82807374e-01 -1.07192487e-01  1.59474626e-01 -4.52172756e-01]
 [-1.13595650e-01 -2.03297526e-01 -2.16165110e-01  3.35624725e-01
  -1.29848033e-01 -3.56253028e-01  7.17487857e-02  2.97216475e-01
   7.19165877e-02  1.27914771e-01  3.75738680e-01 -2.57151425e-01]
 [-2.61151224e-01 -2.79963553e-01  2.81231642e-01 -3.89426649e-01
  -9.98643860e-02 -4.85719919e-01  2.90032208e-01 -1.05039276e-01
   2.92558014e-01 -3.54459435e-01 -1.95741385e-01 -2.17523947e-01]
 [-5.05485348e-02  2.67817736e-01  3.09123009e-01 -1.39177684e-02
  -4.37418610e-01  1.85083508e-01  1.74805462e-01  3.34060878e-01
  -3.12763751e-01 -1.83952838e-01  4.19821471e-01 -1.15671627e-01]
 [ 3.50260139e-01  2.32842669e-01  6.25411570e-02 -3.70972127e-01
  -4.44994062e-01  3.70689452e-01 -8.97584260e-02 -1.81646228e-01
  -1.29275456e-01 -1.18637949e-01 -1.18582591e-01 -3.15537006e-01]
 [ 3.07006240e-01 -3.33881140e-01 -7.44533837e-02 -1.34814337e-01
   1.14955954e-01  4.18763220e-01 -6.71912491e-01  3.67278188e-01
  -1.25196978e-01 -2.36459881e-01  5.63181579e-01  9.76119097e-03]
 [ 4.55388576e-01  3.86214525e-01 -1.82150215e-01  2.14908987e-01
  -1.08456761e-01  2.14398086e-01  1.42446831e-01 -3.16065103e-01
  -4.51957196e-01  2.57127970e-01  1.64528757e-01 -3.61231536e-01]
 [ 2.27990746e-01  1.94602728e-01 -8.14179033e-02 -2.07132071e-01
   1.27105787e-01  3.74078542e-01  2.74801012e-02 -7.20346943e-02
  -4.22398478e-01  3.89359407e-02  1.53597176e-01 -1.44755363e-01]
 [ 4.42203104e-01 -4.12438482e-01 -1.65048897e-01  1.34717584e-01
   2.24289075e-02  1.03121750e-01  2.52880275e-01 -2.54297465e-01
   2.29103521e-01 -6.41339794e-02  5.53479135e-01  1.75681934e-01]
 [-3.45915854e-01 -2.24559918e-01  2.57714927e-01  1.57942191e-01
  -2.49878496e-01 -1.40465423e-01  2.65348458e+00 -2.60829329e-01
  -1.96649373e-01 -1.88694611e-01 -9.77846444e-01 -4.17416275e-01]]
Peso 2:
[ 0.34064502  0.20227954 -0.04941677 -0.02689843 -0.24582274  0.19555762
 -0.65105575  0.18917064 -0.17739162 -0.03019734  1.1632892  -0.13288313]
Camada: saida
Peso 1:
[[-0.09532484  0.8394482 ]
 [-0.2933179   0.55254143]
 [ 0.37634385  0.18871541]
 [-0.5868657   0.04322562]
 [ 0.5050152  -0.1542572 ]
 [-0.57905453  0.07659776]
 [ 1.6477622  -2.3878653 ]
 [-0.305972    0.40649372]
 [ 0.45155373 -0.0771173 ]
 [ 0.2295659   0.15820543]
 [-1.2237785   1.4425683 ]
 [ 0.39738023 -0.57566434]]
Peso 2:
[-0.7349961  0.7350002]



pesos modelo: 
Test loss: 0.5736, Test accuracy: 0.8146
Camada: meio
Peso 1:
[[ 1.27025783e-01  2.12366343e-01 -3.57073575e-01 -1.63492858e-01
   2.22578168e-01 -4.12548125e-01  4.00954187e-01 -2.15211704e-01
  -1.68381333e-02  2.29567051e-01  1.00004494e-01  4.39377487e-01]
 [ 4.40517962e-01 -5.81952482e-02 -1.53109387e-01 -1.52760476e-01
   3.88923258e-01 -4.03108984e-01 -2.23585606e-01  1.87422305e-01
   2.63874531e-01 -1.03469551e-01 -2.81715930e-01  2.05559358e-01]
 [ 7.02472851e-02  2.81475961e-01  1.38294883e-03  2.61783272e-01
  -2.70694584e-01 -3.99390548e-01 -1.41721696e-01 -1.35370612e-01
  -4.02492285e-01  2.90349483e-01 -9.59927291e-02 -3.63344967e-01]
 [ 5.20013161e-02  2.58740216e-01 -6.04464822e-02 -3.12271267e-01
   4.22786891e-01 -5.40936738e-02  1.82752579e-01  3.62699516e-02
  -4.36194055e-02  9.13070887e-02  3.57938886e-01 -7.44623467e-02]
 [ 6.19475663e-01 -3.99917305e-01  4.31065410e-01 -3.89668137e-01
   1.65525004e-01 -2.36472636e-01  3.94738726e-02 -9.30424184e-02
  -6.00807108e-02 -1.45572364e-01  3.68605584e-01 -2.72912323e-01]
 [ 1.02832995e-01  2.53147244e-01 -3.61175299e-01  1.89280033e-01
   1.24908373e-01  2.97180712e-01 -1.44276902e-01  7.33721256e-02
   2.22011894e-01  2.24573404e-01  1.84769377e-01  1.30263343e-01]
 [-8.26638751e-03 -1.32778093e-01  3.87740701e-01 -9.78328809e-02
  -2.12347701e-01 -1.89011827e-01  2.81186968e-01 -1.71258688e-01
  -3.33620131e-01  2.38022983e-01 -1.45404771e-01 -3.38355631e-01]
 [ 1.01303317e-01  1.23080790e-01 -7.12817460e-02 -3.79197538e-01
  -2.60632455e-01  1.50854573e-01 -3.57963622e-01  1.51319742e-01
  -3.37948531e-01  4.38077211e-01 -2.90453106e-01 -2.04377666e-01]
 [-5.94600499e-01 -1.40952006e-01  3.31109434e-01 -3.65166873e-01
   2.31264979e-01  2.49752864e-01 -3.19489181e-01  2.84937292e-01
   4.32900906e-01  5.04432678e-01  3.23238134e-01  4.12817001e-01]
 [ 1.82038218e-01 -1.74450248e-01 -1.78932294e-01 -2.13449121e-01
   2.16449052e-01 -2.39010960e-01  2.28227332e-01 -3.56105566e-01
  -2.97900796e-01  3.78299892e-01  1.89027235e-01  3.19681108e-01]
 [ 1.91615880e-01  1.73892140e-01 -3.43495548e-01 -7.02122077e-02
   4.28261250e-01  3.10508877e-01 -2.75334448e-01  2.85331249e-01
   2.67452031e-01  3.70206952e-01  4.16992120e-02  1.40990868e-01]
 [ 5.30872703e-01 -2.54386008e-01  3.44120741e-01 -2.93666154e-01
  -2.39287838e-01 -1.32634237e-01  1.23923779e-01 -3.78194034e-01
  -2.96468765e-01  2.45941076e-02 -1.70971453e-01  3.96007299e-01]
 [ 3.97398472e-01  3.26670557e-01  2.52018362e-01 -3.50795180e-01
  -3.08689207e-01 -1.56973660e-01 -1.40010694e-03 -8.02601725e-02
  -2.82908589e-01  4.67098534e-01  2.87132949e-01  1.78494856e-01]
 [ 3.65187749e-02  4.44032013e-01 -9.51628983e-02 -3.22156847e-01
  -1.96084395e-01 -2.72044893e-02 -3.09102178e-01 -2.56603926e-01
   3.91862690e-01  2.60521084e-01 -1.45153433e-01 -1.58798233e-01]
 [-4.54482943e-01 -2.58009493e-01 -3.42023462e-01  3.24683338e-01
   4.33995694e-01  3.31174016e-01 -2.65602022e-01 -4.18521821e-01
  -3.11610967e-01  9.41387057e-01  1.26995593e-01  9.24988165e-02]
 [-6.60052989e-03  2.23401576e-01  3.50587159e-01 -2.69959092e-01
  -2.22546756e-02 -2.33920030e-02 -1.52841523e-01 -1.05960190e-01
  -2.83004403e-01 -2.36963388e-02  4.86375391e-01  1.86777949e-01]
 [-8.77498537e-02 -3.00254136e-01 -4.09036838e-02 -1.81773633e-01
  -3.29198301e-01 -9.76874456e-02 -4.32858229e-01 -2.69674480e-01
   1.84149429e-01 -2.44296864e-02  3.19320470e-01  4.89350222e-02]
 [-1.74684405e-01 -3.63937348e-01  4.15124655e-01  1.11414917e-01
   3.07174176e-01 -1.24213949e-01 -2.84886897e-01  3.79320651e-01
   3.16810250e-01 -7.64152408e-02 -9.09298379e-03  8.74360204e-02]
 [ 2.16614771e+00 -3.17513257e-01 -5.04572570e-01 -9.87383723e-03
  -3.19338024e-01 -3.59141588e-01  4.12202813e-02  1.50695086e-01
  -3.04369666e-02 -1.67561769e+00 -6.18057013e-01 -1.94179073e-01]]
Peso 2:
[-0.6156354   0.10674454  0.08355382 -0.00429464  0.0440143  -0.0874761
 -0.0572678   0.02720724  0.07870554  1.0927296   0.41944367 -0.0082959 ]
Camada: saida
Peso 1:
[[ 1.9196969  -1.686382  ]
 [ 0.19103609  0.6154536 ]
 [-0.02070969  0.55613345]
 [ 0.35192236  0.1802426 ]
 [ 0.30232972  0.7122328 ]
 [ 0.57016456  0.08043128]
 [ 0.5830309  -0.61289346]
 [-0.5149559   0.08326679]
 [-0.26892063  0.17691682]
 [-1.7143614   1.4905583 ]
 [-0.8687116   0.44880494]
 [-0.22717646 -0.02746342]]
Peso 2:
[-0.39850807  0.39850914]



pesos modelo: 
Test loss: 0.6248, Test accuracy: 0.8036
Camada: meio
Peso 1:
[[ 3.04957330e-01  3.06831419e-01 -1.83296353e-01  1.11518919e-01
   2.34063745e-01 -1.93388462e-01 -1.63344443e-01  2.98385084e-01
  -2.74509698e-01  3.58058512e-02  1.46516263e-01  7.17458129e-02]
 [ 4.63778049e-01 -4.38199937e-01  6.73260868e-01  3.50708924e-02
   3.62647474e-01  6.58480823e-01 -2.54339814e-01  4.80808347e-01
  -3.96714836e-01 -2.98362911e-01  2.26809923e-02 -3.65407139e-01]
 [ 2.31740430e-01 -5.58930375e-02  2.98491493e-02 -1.71317562e-01
  -1.32009033e-02  2.22459640e-02  2.20026210e-01  5.70154972e-02
  -3.12238932e-01 -7.66066909e-02  5.57826519e-01  2.66453087e-01]
 [ 2.00332597e-01 -4.14931387e-01 -2.61847317e-01 -3.77087384e-01
   3.99133325e-01 -2.81223655e-01 -4.24885005e-01 -1.77950189e-01
   4.62429494e-01 -1.91452265e-01 -1.79124489e-01  2.69962847e-01]
 [ 4.94972438e-01 -1.99848730e-02 -2.58086354e-01  2.57858187e-01
   2.75489599e-01  4.51541334e-01 -2.50952601e-01  1.95546374e-01
   7.98488557e-02  2.97700256e-01  2.08889842e-02  2.65316665e-01]
 [ 3.56710404e-01  2.64621675e-01  3.45293768e-02 -1.42933475e-02
   2.55264133e-01 -5.69616854e-02 -3.52287032e-02  3.14075798e-01
   3.26683432e-01  4.15524244e-01 -1.32403672e-01  3.25400010e-02]
 [ 1.57851592e-01 -1.32883802e-01  3.68925840e-01 -2.75279164e-01
   1.90549895e-01 -4.92738336e-02  2.13262826e-01 -8.53213519e-02
  -9.65165943e-02  3.61371487e-01  1.15112215e-01  1.07405283e-01]
 [-2.74056107e-01 -1.27106205e-01  3.55314136e-01 -3.53848368e-01
   1.14947818e-01  2.63134927e-01 -4.22122508e-01  3.99986058e-01
  -2.17208803e-01  1.13274053e-01  8.74281079e-02 -2.03116909e-02]
 [-4.16480780e-01  1.36584982e-01 -1.31490961e-01  6.08497821e-02
  -3.55962902e-01 -7.57270217e-01 -3.66568714e-01  1.07904501e-01
   5.66712499e-01  1.54745832e-01  2.48507977e-01 -4.27353740e-01]
 [-1.77247375e-01 -1.95234194e-01 -1.48832709e-01  2.94817328e-01
   2.18570651e-03  3.06472421e-01  1.59736183e-02 -7.45412335e-02
   3.96963120e-01  4.53861594e-01  4.26367134e-01 -3.23126972e-01]
 [ 9.66728702e-02 -4.18032557e-02  6.85636103e-02 -1.07241549e-01
   2.78016329e-01  1.76396072e-01  7.18093142e-02  4.56735283e-01
  -7.28666782e-02  8.91119316e-02  2.15821937e-01  1.95042923e-01]
 [-8.15786421e-02  8.32907781e-02 -1.02954879e-01 -9.16990712e-02
  -3.68099064e-01  3.06598544e-01  1.94751278e-01 -3.26481074e-01
   3.76460046e-01 -3.46112490e-01 -1.99910566e-01 -1.22908995e-01]
 [-1.50250748e-01 -2.19546124e-01  3.19526106e-01  2.71470129e-01
   2.62997877e-02  2.06912771e-01 -6.03833050e-02  5.42657152e-02
   1.85676068e-01  2.01996595e-01  1.09943733e-01  2.04089910e-01]
 [-2.79347301e-01  2.72194207e-01 -1.63806334e-01  4.16951984e-01
  -2.21996710e-01  2.45786309e-01 -1.11583963e-01  5.33808112e-01
   8.29512700e-02  3.56943905e-01  1.68831483e-01 -3.67832333e-01]
 [-2.77376741e-01  1.76933818e-02  2.51479119e-01  3.72501276e-02
   2.59579450e-01 -6.12542689e-01  3.41304839e-01 -1.58101488e-02
   4.71079946e-01 -3.37438852e-01  7.40408301e-01  4.57598358e-01]
 [ 1.01096548e-01 -3.82544935e-01 -1.97628051e-01 -7.34611303e-02
  -1.83446743e-02 -6.45409822e-02 -1.31454811e-01 -2.68465877e-01
   1.19415499e-01 -2.66863853e-01  4.44750488e-01 -2.64198959e-01]
 [ 3.96863550e-01 -4.03903604e-01 -1.23104222e-01 -3.62185806e-01
   2.20949188e-01 -9.80907232e-02 -2.10607290e-01  2.53649920e-01
   4.69527364e-01 -3.46204728e-01 -2.39531863e-02 -2.84430236e-01]
 [ 1.15116999e-01 -8.71044176e-04  9.04333517e-02  1.22315444e-01
   4.15580243e-01  2.70098656e-01 -2.59580940e-01 -1.83478773e-01
   4.37031627e-01 -4.19339657e-01  4.77289289e-01  3.83213520e-01]
 [ 1.00497699e+00 -7.08012655e-02 -6.68206751e-01  3.82399559e-01
  -5.14644980e-01  2.22234869e+00  1.61649987e-01 -8.49464297e-01
  -4.27857190e-01 -1.15072243e-01 -8.68681848e-01  3.66166472e-01]]
Peso 2:
[-0.22802012 -0.13730218  0.47913933 -0.00315538  0.0991844  -0.56073314
 -0.01864343  0.5041328   0.4153504   0.09687703  0.7779661  -0.00851981]
Camada: saida
Peso 1:
[[ 1.1530088  -0.47786924]
 [ 0.5421517  -0.39136255]
 [-0.8438669   0.6377956 ]
 [-0.2674242  -0.34917107]
 [-0.36340126  0.2455629 ]
 [ 1.7455623  -1.7781049 ]
 [-0.38788605 -0.58161336]
 [-0.55645996  0.8907904 ]
 [-0.8393128   0.4948032 ]
 [-0.5312592  -0.06336396]
 [-1.2617263   0.9469489 ]
 [-0.07578146 -0.06061265]]
Peso 2:
[-0.59241486  0.59241647]



pesos modelo: 
Test loss: 0.6360, Test accuracy: 0.8115
Camada: meio
Peso 1:
[[-2.86174119e-01  1.33565903e-01  3.11249077e-01 -4.15736258e-01
   1.61129594e-01  6.91989660e-02  5.11367917e-02 -3.08458865e-01
  -2.40941375e-01  3.02528560e-01 -4.11737323e-01  2.72283614e-01]
 [ 3.98192614e-01  3.66643965e-01 -1.51789993e-01  1.41279504e-01
   3.08959454e-01 -9.30402800e-02 -3.54001641e-01 -1.78377688e-01
  -2.06245944e-01 -5.56453019e-02 -1.83379173e-01 -1.01476118e-01]
 [ 1.26614422e-01 -1.25908151e-01 -2.79864490e-01 -3.19543660e-01
   1.92176461e-01  2.03276742e-02 -2.55194128e-01  1.58582143e-02
   1.56034380e-01  2.91043222e-01  3.18024784e-01  2.92572558e-01]
 [ 2.49718904e-01  9.46745370e-03  6.61659464e-02  1.38105288e-01
   1.07170552e-01 -2.70994097e-01  4.24320608e-01 -2.19781950e-01
  -5.57700768e-02 -3.95515829e-01  3.68237942e-01  3.21429148e-02]
 [ 4.10912067e-01 -4.44626659e-02  3.48234773e-01  1.64019972e-01
   6.75787330e-02 -3.62803675e-02  3.03445905e-01  4.11559612e-01
   3.37391078e-01 -3.71937305e-01 -2.70211011e-01  5.70330992e-02]
 [ 7.48876333e-02  1.99012220e-01 -2.81588882e-01 -2.54535645e-01
   3.44988018e-01 -4.11763906e-01  3.96870494e-01  3.12539786e-01
   4.72468734e-01  8.02773237e-02  4.65198994e-01 -1.47027060e-01]
 [-6.61560844e-05  3.51267397e-01 -2.89752632e-01 -7.54153877e-02
   1.48700193e-01 -3.66441309e-01  4.21408564e-01 -3.28295320e-01
   4.30027023e-02 -8.76164362e-02  1.43749043e-01 -2.39376932e-01]
 [ 2.08248524e-03 -7.48874396e-02  1.52899981e-01 -7.62548670e-02
   3.41906957e-02 -1.18577957e-01 -3.10359746e-01  1.55629575e-01
  -1.29820853e-01 -4.26550955e-01  2.85059452e-01 -9.73433480e-02]
 [-6.18000567e-01 -3.34555179e-01 -7.39953816e-02 -3.58421534e-01
  -1.40425220e-01 -1.94493800e-01 -2.36094221e-01 -1.78894266e-01
   4.20653254e-01 -4.00290996e-01  7.68649518e-01  3.52715522e-01]
 [-2.69531226e-03  1.33974239e-01 -2.55108863e-01  1.50912464e-01
  -2.23777398e-01  9.61789861e-02 -3.46234977e-01 -1.53241888e-01
   2.25719720e-01 -2.57957399e-01 -8.13276991e-02  1.52704582e-01]
 [ 2.91765034e-01  2.70995677e-01  3.64754856e-01  4.24054503e-01
   5.35042733e-02  2.51721293e-01  3.43534886e-03  3.74932498e-01
  -3.46071124e-01  5.32121770e-02  6.13559902e-01 -3.66434604e-01]
 [ 1.45733491e-01  1.18117191e-01  4.30309176e-01  1.36744276e-01
   4.20177937e-01 -3.84361476e-01  2.84640461e-01  4.92795795e-01
  -2.11955786e-01  8.58139619e-02  9.97694880e-02 -3.10804635e-01]
 [-2.73331493e-01  7.75529593e-02 -1.04293330e-02 -3.31672311e-01
  -2.84741577e-02  2.47859195e-01  1.42800240e-02  2.95745671e-01
   2.17719506e-02  1.01413079e-01  2.34477948e-02 -3.65653604e-01]
 [ 5.91028705e-02  2.86867023e-01  1.62296548e-01 -2.77824104e-01
   3.23962450e-01 -4.03224289e-01  2.23547444e-01  9.78288129e-02
  -1.00494035e-01  8.21500048e-02  5.42194068e-01  3.79695565e-01]
 [-5.07948399e-01  1.37900427e-01 -3.07011932e-01 -1.28866807e-01
  -6.43740833e-01 -6.97390288e-02  5.67472167e-03 -2.71920919e-01
   2.28445426e-01  6.40044138e-02  7.72135258e-01 -1.58830717e-01]
 [-2.20513612e-01  4.08424854e-01  4.06557798e-01 -2.73921460e-01
   1.80653170e-01 -6.25862181e-02  1.89111844e-01  2.60060459e-01
  -1.49987891e-01 -3.41445923e-01  4.07487303e-01  1.47484377e-01]
 [ 2.79168695e-01 -2.99255788e-01  3.82136732e-01  5.23997881e-02
  -8.93951580e-02 -3.25626373e-01 -3.82735133e-01 -2.50063896e-01
  -3.78130615e-01  1.41782954e-01  2.87333935e-01 -2.12987587e-01]
 [ 3.43294859e-01  9.42101255e-02 -1.77601159e-01 -1.83546379e-01
  -8.04841146e-02  1.96710929e-01 -1.02839313e-01  2.22232580e-01
   2.25796923e-01 -8.92600641e-02  3.02553594e-01 -2.05241248e-01]
 [ 1.13846743e+00  1.31026015e-01  7.46756077e-01 -4.05768603e-01
   1.97539520e+00  1.22807518e-01 -1.29158422e-01  6.99505866e-01
  -3.30827460e-02 -3.12182885e-02 -1.56341016e+00  3.67806286e-01]]
Peso 2:
[-4.0907410e-01 -8.4809408e-02 -5.2056786e-02  2.3214875e-02
 -3.7136903e-01 -6.6668279e-02 -1.7354066e-03 -2.0851223e-01
  1.4823438e-01 -1.3464498e-02  1.2372549e+00 -5.3452805e-04]
Camada: saida
Peso 1:
[[ 1.2024058  -0.8057085 ]
 [-0.31643224 -0.5477559 ]
 [ 0.43870467 -0.34748214]
 [-0.03154555  0.13492619]
 [ 1.6022859  -1.1280645 ]
 [ 0.5324555  -0.11367858]
 [ 0.11432593  0.27099147]
 [ 0.44967645 -0.4265115 ]
 [ 0.1459743   0.67849547]
 [-0.03837489 -0.09934758]
 [-1.7774997   1.58785   ]
 [-0.36907077 -0.21417616]]
Peso 2:
[-0.72890854  0.7289081 ]



pesos modelo: 
Test loss: 0.2333, Test accuracy: 0.9007
Camada: meio
Peso 1:
[[-1.79709196e-01 -8.45063627e-02 -1.50719762e-01  4.14807796e-01
  -3.04413259e-01  1.35922134e-01 -1.04113579e-01  1.64871454e-01
  -2.20206782e-01 -2.69669592e-02 -2.07954347e-02  2.91489601e-01]
 [ 2.14121610e-01  2.90556103e-01  1.19706497e-01  3.13846022e-01
  -2.13583559e-01  3.23777884e-01  1.93452388e-01  5.08040547e-01
  -4.42985864e-03  2.19493762e-01 -4.02715266e-01  2.56150275e-01]
 [ 3.43914121e-01  9.89502948e-03  6.11595884e-02  1.03994841e-02
   1.91759676e-01  3.94170880e-01  4.00285602e-01 -2.20072076e-01
  -5.44478297e-02 -6.86934665e-02  1.30799979e-01 -2.67450988e-01]
 [-3.50661606e-01 -2.90998280e-01  2.26044953e-01 -2.27320135e-01
   1.54613405e-01  1.00487508e-01  4.97374451e-03 -1.77227333e-01
   1.74618512e-01 -2.17176214e-01 -1.64055094e-01  2.07000628e-01]
 [ 9.31003946e-04 -1.45017520e-01  3.12830925e-01 -5.05005181e-01
  -1.31491244e-01  2.12561548e-01  2.90219933e-01  5.06139040e-01
   2.39902154e-01  3.60010922e-01  1.64971445e-02  2.03982726e-01]
 [ 1.37988463e-01  1.69521287e-01  2.80185759e-01  3.11371740e-02
   2.44468048e-01 -8.54744986e-02  2.01861560e-01  4.27141309e-01
   3.27850103e-01 -1.95532560e-01  3.23076665e-01  4.71502393e-01]
 [-3.04446191e-01  1.03555158e-01 -6.48211166e-02  2.05409870e-01
  -2.68423200e-01 -1.50171578e-01  4.27556008e-01  5.89812584e-02
  -9.47472900e-02  3.04545373e-01 -1.09221615e-01  4.64550517e-02]
 [ 6.92974478e-02  2.74828374e-01  2.38756299e-01  2.82226443e-01
   3.50160718e-01 -2.35721931e-01  3.24133366e-01  1.78926287e-03
  -4.83002402e-02  2.15903163e-01  1.57270089e-01  4.17017639e-01]
 [ 2.17411563e-01  1.23250201e-01 -2.68372357e-01  2.67679673e-02
  -3.85768712e-01 -3.38890493e-01  6.38317704e-01 -5.27969897e-01
  -2.84347862e-01 -2.93508530e-01 -8.24613050e-02  1.45081375e-02]
 [ 1.24209613e-01  2.63481736e-01 -6.79757670e-02  4.26063538e-01
  -2.67737746e-01  3.91852289e-01 -2.45606929e-01 -1.10182278e-01
  -7.73559362e-02  1.12824924e-02  4.44558054e-01  4.05823499e-01]
 [-3.63846421e-01 -9.39700082e-02 -1.39795020e-01 -1.32945627e-01
  -2.09727407e-01 -1.59867361e-01  2.78487682e-01  3.10018092e-01
  -1.24371136e-02  3.72549370e-02  4.43079889e-01 -1.56542465e-01]
 [ 2.16291487e-01  2.44670898e-01  3.12751681e-02  2.98400909e-01
  -7.92128593e-02 -2.59926796e-01 -2.27820594e-02  4.20288742e-01
   2.47418359e-01  4.45802182e-01 -1.34561092e-01 -1.88882425e-02]
 [-1.08626336e-01  3.21322918e-01  1.48456141e-01 -3.35689992e-01
  -2.80340046e-01  1.21658944e-01  2.41119653e-01 -1.21439971e-01
   1.89127937e-01 -2.02101290e-01 -2.34001935e-01  2.95270115e-01]
 [ 4.04164672e-01  1.41153768e-01  1.82707906e-01  3.44332606e-01
   3.08821172e-01 -5.44316694e-02 -5.93219139e-02 -2.36092761e-01
  -2.30707422e-01  8.40173662e-02  4.07264143e-01  4.33737904e-01]
 [-6.69773072e-02 -3.49447988e-02 -1.63229600e-01 -2.10960969e-01
  -2.79386938e-01 -6.03178889e-02  4.82580304e-01 -5.72496414e-01
  -3.87476087e-01 -6.65834785e-01  2.97672246e-02  1.63464323e-01]
 [-3.62846404e-01  9.61483493e-02  1.27462909e-01  4.82825667e-01
   2.73026079e-01  1.94590449e-01  2.15645641e-01 -4.16326672e-02
  -3.25530827e-01  1.21814489e-01  2.70192266e-01  9.40648615e-02]
 [ 2.32415214e-01 -4.42776158e-02  2.45863959e-01 -1.06405258e-01
  -1.97182268e-01 -7.10947514e-02  4.56231147e-01 -1.60463125e-01
  -8.48240405e-03  3.90047222e-01 -1.21747375e-01  4.78547364e-01]
 [ 3.98218811e-01 -3.05890977e-01 -1.53984902e-02 -2.06338599e-01
  -2.08962724e-01  1.53153427e-02  4.11133856e-01  3.38381410e-01
  -2.12600306e-01  3.24884653e-01  4.86701488e-01  3.37765664e-01]
 [ 5.55854082e-01  9.50300157e-01  1.52906668e+00 -4.70023304e-01
   2.94378638e-01  5.49226344e-01 -1.12413514e+00  1.15176976e+00
  -4.31907326e-01  1.26171196e+00 -4.49297994e-01 -1.09675837e+00]]
Peso 2:
[-0.06218895 -0.14629598 -0.34281734  0.22229931 -0.03741722 -0.0319507
  0.67365533 -0.24790473  0.17034388 -0.33684972  0.28138283  0.59307694]
Camada: saida
Peso 1:
[[ 0.7424218   0.32524335]
 [ 0.43804115 -0.6753333 ]
 [ 1.1748879  -1.2121159 ]
 [-0.84502774  0.09403498]
 [-0.10812021 -0.00645306]
 [ 0.7056211   0.14709805]
 [-0.5897197   1.7074236 ]
 [ 0.6975894  -1.1188747 ]
 [-0.23912771  0.65651137]
 [ 1.1292531  -0.90195465]
 [-0.09291513  0.8147048 ]
 [-0.813756    0.9600029 ]]
Peso 2:
[-0.63785636  0.63785744]



pesos modelo: 
Test loss: 0.3777, Test accuracy: 0.8772
Camada: meio
Peso 1:
[[-0.33426532 -0.20828842  0.4072373   0.20150381 -0.329853   -0.11517131
   0.39300585  0.17604077  0.13195115  0.06321931  0.17072493 -0.3988179 ]
 [-0.18776767  0.24699278  0.6446157  -0.33570036  0.3209193  -0.25137419
   0.25282726  0.12355389 -0.15887205 -0.2827318   0.22663558 -0.46585038]
 [ 0.34761453  0.2511599   0.22005562  0.01325874  0.31173173  0.28730193
   0.23272347  0.08856359 -0.03640547 -0.16914542  0.0792987   0.30679575]
 [ 0.02089724  0.26029927 -0.07696186  0.3196759  -0.08798869 -0.06558323
   0.08681881 -0.14380057  0.24287577  0.33735237  0.00479732 -0.24151374]
 [ 0.26227897 -0.06714845  0.45660815 -0.3439455  -0.39707482  0.261587
   0.294892   -0.09273341 -0.08487595  0.5426062   0.0898482   0.01206259]
 [ 0.00367257  0.21190785  0.19633983  0.32369232  0.42469323  0.06034832
  -0.27576566 -0.17277086 -0.31465623  0.23825085  0.32921925  0.21898454]
 [ 0.02227054  0.30528247  0.07774317 -0.37124673 -0.08703274  0.25959188
   0.17250201  0.37821227 -0.18576011  0.09454266  0.10755881  0.11536668]
 [-0.08395287  0.09309871 -0.19972718  0.22844897  0.47491625  0.11245253
   0.25025007  0.35852045  0.24382393  0.29550362 -0.07535765  0.14252226]
 [-0.01390392  0.5998306  -0.745025   -0.2771843  -0.3468663   0.04138593
  -0.24549253 -0.39159092 -0.22022744 -0.25687635 -0.32466272  0.4304392 ]
 [-0.17916365  0.2672534  -0.10703858 -0.24657425 -0.27588192 -0.17374498
   0.04229556  0.2509224   0.33408493  0.33378917 -0.10924879  0.25755012]
 [ 0.35690072  0.32219005  0.17697656 -0.16121839 -0.3120247   0.07290428
   0.18912719 -0.22026429 -0.16803132  0.37106904 -0.26753482 -0.09726457]
 [-0.45471933 -0.3351685   0.08212333  0.07621302 -0.42810777  0.15290888
   0.33116814 -0.0409184   0.01655692  0.08827501 -0.11755895  0.10200293]
 [ 0.21191019  0.32028878  0.18614902 -0.3256255   0.03138917 -0.03722448
   0.18148157  0.06742731  0.1194681  -0.04160668 -0.22399929 -0.13586417]
 [-0.14245625  0.20911904  0.00435581 -0.41081777  0.26800802 -0.27781826
  -0.22185367  0.06133454 -0.24487294  0.04762025  0.16424268 -0.29059705]
 [ 0.5943568   0.53769153 -0.44633502  0.02415723  0.09861606  0.37197787
  -0.22370407 -0.22899438  0.07736554 -0.49018872  0.16338168 -0.31280997]
 [ 0.21296215  0.2988779   0.2503792  -0.06580704 -0.1896194   0.17409647
  -0.24657516 -0.07366692 -0.14299837  0.22033878  0.14145525 -0.14156051]
 [ 0.03465439  0.41588792  0.18361306  0.04757121 -0.32851085  0.25720116
  -0.06731169  0.2738504  -0.40492633  0.06876814  0.37163544 -0.2740112 ]
 [-0.1313277   0.35907176  0.0379373   0.12407511  0.48429567  0.1980831
   0.30705982  0.01097512 -0.43465966  0.19922973  0.35099846  0.09042135]
 [-0.106893   -1.8936572   1.7871251  -0.01770323 -0.11309798 -0.702992
   0.7461811   0.7989705   0.2546105   0.19714032  0.6507088   0.09119675]]
Peso 2:
[ 1.6324730e-01  1.0228533e+00 -4.6308586e-01  5.6905078e-04
  1.7395474e-01  4.5657665e-01 -2.8700846e-01  1.5976131e-02
 -6.4671412e-03 -1.4915490e-01 -6.6119827e-02  9.9756494e-02]
Camada: saida
Peso 1:
[[-0.5113684   0.1582763 ]
 [-1.2978679   2.0208967 ]
 [ 1.5358864  -1.3453686 ]
 [ 0.07055735  0.11718387]
 [ 0.00206305  0.6202807 ]
 [-0.4929266   0.65716386]
 [ 0.12607351 -1.1703987 ]
 [ 0.72982305 -0.1001961 ]
 [-0.11927269 -0.24402966]
 [ 0.20653066 -0.32849225]
 [ 0.70078343 -0.04077781]
 [-0.34883708  0.51216036]]
Peso 2:
[-0.5913202  0.5913228]



pesos modelo: 
Test loss: 0.2805, Test accuracy: 0.8956
Camada: meio
Peso 1:
[[-3.85598242e-02 -2.43535936e-01 -2.05146760e-01 -3.81574154e-01
  -1.91506833e-01  4.38353300e-01  2.05584586e-01 -1.62113339e-01
  -1.13060296e-01  9.53736305e-02  8.25739503e-02  1.02347255e-01]
 [-2.22423702e-01  3.01771641e-01  1.07055746e-01  1.42355412e-01
   2.20849559e-01  6.67503774e-01  5.47435954e-02 -2.80694991e-01
  -2.53789246e-01  2.83047795e-01 -2.48456806e-01 -3.64318937e-01]
 [-2.18933269e-01  9.53843594e-02  2.35558435e-01  7.08663184e-03
  -1.47338852e-01  2.32912883e-01  4.14682835e-01 -2.70100564e-01
  -8.03445652e-02 -9.37499553e-02  2.33322233e-01  3.09513599e-01]
 [ 1.70372650e-02 -2.43899748e-01  1.62037075e-01 -1.85314611e-01
   2.59700149e-01 -6.52833730e-02  9.90666524e-02  1.84413612e-01
  -3.36829215e-01 -1.96995050e-01  1.46468744e-01 -2.07254291e-01]
 [ 2.98586816e-01  1.77506402e-01 -8.75971168e-02  4.47929651e-02
   1.09806761e-01  5.16515672e-01 -1.28895313e-01  4.14199531e-01
   3.57458591e-01 -1.68170780e-01  2.87086338e-01 -3.41334164e-01]
 [-6.62595704e-02 -8.94467384e-02  3.09742868e-01 -1.98685750e-01
   4.38301444e-01  1.90808065e-02  7.36567099e-03 -3.58119249e-01
  -3.44610542e-01 -1.87614843e-01  2.13314593e-01  3.43264550e-01]
 [ 1.85778826e-01 -1.63554385e-01  9.55105051e-02  2.27134094e-01
  -6.79427162e-02  8.81072483e-04  9.10357460e-02  3.51001382e-01
  -1.87932163e-01  1.83021039e-01  2.19730049e-01 -3.21889609e-01]
 [ 1.71570852e-01  2.92170048e-01  3.67877573e-01  2.18056291e-01
   3.57928842e-01  1.83798879e-01  3.48578662e-01 -2.88494766e-01
   1.45160824e-01 -3.84448111e-01 -2.27150142e-01  3.89821291e-01]
 [-1.31386042e-01  3.78571004e-01  7.07624853e-01 -3.12833905e-01
   5.04352488e-02 -5.80421269e-01  2.24999696e-01  1.73917130e-01
   1.78018212e-01 -2.91265976e-02  1.14188120e-01 -7.86926672e-02]
 [-2.96028763e-01 -1.94288820e-01  2.15030074e-01  1.98960751e-01
  -4.04435217e-01  1.75758287e-01 -1.03320085e-01 -4.35402572e-01
   3.10898311e-02  3.37830305e-01 -2.96004951e-01  3.45387220e-01]
 [-4.33786988e-01 -1.74257100e-01  1.94929913e-01  3.96624178e-01
   2.80141264e-01  2.29115989e-02  4.26731765e-01  2.41219968e-01
   2.91425854e-01 -4.20585498e-02  1.50758758e-01 -3.07228178e-01]
 [-2.93843716e-01  1.22131661e-01  1.13444561e-02 -3.51101071e-01
   3.78648549e-01  5.10663092e-01  2.00645067e-02 -3.00065149e-02
  -1.72915965e-01  3.73970792e-02  4.31519508e-01 -1.12836048e-01]
 [-1.56610787e-01  3.26924443e-01  4.03346390e-01 -3.47137898e-01
   2.98784226e-02  2.77440548e-01 -2.13790536e-01 -6.19554184e-02
  -1.57264632e-03 -3.07228893e-01 -1.07856795e-01 -4.41297442e-01]
 [-1.10784873e-01 -4.17528600e-01  3.62337410e-01 -2.03003496e-01
   3.60694826e-01  2.98064612e-02 -2.83522308e-01 -3.82566392e-01
  -3.80459845e-01  3.13655317e-01 -1.05243787e-01  2.34919742e-01]
 [-2.22744837e-01 -2.43553475e-01  4.44640756e-01  1.00350462e-01
  -5.45246899e-01 -5.81847012e-01  3.77630621e-01  2.32686967e-01
  -1.86513737e-01  1.77915648e-01 -2.41366446e-01  3.85638118e-01]
 [-2.31596813e-01 -2.18973964e-01  2.26571217e-01 -1.38944134e-01
   4.92574424e-02  4.05023172e-02 -1.88147068e-01  2.44573399e-01
  -2.07074761e-01  1.50112599e-01 -2.93179959e-01 -4.30826902e-01]
 [-6.35070726e-03  1.60473973e-01  1.01557903e-01  4.42344874e-01
  -9.26748812e-02 -1.43479377e-01 -3.35508049e-01 -2.55831599e-01
   4.48415905e-01  2.98069239e-01  6.85873069e-03 -1.73773035e-01]
 [ 2.51692757e-02 -2.98564374e-01  2.02990323e-01 -3.34542871e-01
   1.32114097e-01  1.24277100e-02  1.58508688e-01 -3.35334569e-01
  -7.20884129e-02  3.78863066e-01 -3.99828345e-01 -5.97500540e-02]
 [ 5.28396629e-02 -3.19119319e-02 -2.28865600e+00 -2.44823083e-01
   8.60597789e-01  1.59307504e+00 -1.59682810e-01  2.73630589e-01
   5.77776134e-01  1.30582839e-01 -1.73311278e-01  5.60410023e-02]]
Peso 2:
[ 0.00219809  0.00831359  1.1424135   0.08860537 -0.15752271 -0.5293138
  0.19085793  0.00691728  0.00910931 -0.02602119 -0.06477908 -0.00340758]
Camada: saida
Peso 1:
[[-0.08229819  0.02022408]
 [-0.1092845   0.01089055]
 [-1.7183784   2.072822  ]
 [-0.3035486   0.08525531]
 [ 1.0691127  -0.23536462]
 [ 1.3682657  -1.5276998 ]
 [-0.960141   -0.289735  ]
 [-0.6434278  -0.51365536]
 [ 0.24949653 -0.4297168 ]
 [-0.35694563 -0.45146927]
 [ 0.39076698  0.41323066]
 [ 0.18633197  0.27695283]]
Peso 2:
[-0.4116535  0.4116551]



pesos modelo: 
Test loss: 0.4896, Test accuracy: 0.8374
Camada: meio
Peso 1:
[[-4.34873044e-01 -4.37831074e-01 -2.98623443e-01 -1.49475247e-01
  -3.15750420e-01  3.82863998e-01 -4.33484614e-01  1.84001207e-01
   2.44049251e-01  9.64533687e-02  3.53822172e-01  3.16053152e-01]
 [-2.04217300e-01 -2.14816853e-01  6.22249842e-01  2.07459956e-01
  -1.33655682e-01  3.73869181e-01  1.42461374e-01  3.59209962e-02
  -3.29985350e-01  2.67565966e-01  1.06114380e-01  7.28506327e-01]
 [-5.66395894e-02 -2.05836892e-01 -1.57339387e-02  2.39993215e-01
  -2.79650718e-01 -2.85760492e-01 -5.17303944e-02  3.79806221e-01
  -3.59218538e-01  1.74869467e-02  5.10698378e-01  2.88925409e-01]
 [-3.99089903e-01 -2.23017141e-01  1.89171150e-01 -3.81859988e-01
  -3.28802884e-01 -3.63433450e-01 -2.99634695e-01 -1.46930829e-01
  -2.73369402e-01  1.04805350e-01  1.57743543e-01 -1.39477747e-02]
 [-3.25140983e-01  2.05972120e-01  4.08480912e-01 -3.72391582e-01
  -2.31972769e-01 -1.05417751e-01 -4.68996428e-02  4.44247961e-01
  -1.37192977e-03  1.58836380e-01 -2.23310307e-01  1.58177823e-01]
 [-3.62194002e-01 -3.16101819e-01 -2.04339191e-01 -2.19833732e-01
   1.77103862e-01  1.03914879e-01 -2.73493171e-01  4.48227748e-02
  -3.71068805e-01  6.21769018e-02  5.56947961e-02 -3.39790210e-02]
 [-1.65687010e-01  1.26185194e-01 -1.98750589e-02  4.11197573e-01
  -2.94378042e-01  3.72183651e-01 -2.15448305e-01 -8.80241469e-02
   3.64428088e-02 -6.85696080e-02  3.75543475e-01  1.96893319e-01]
 [ 3.17041464e-02 -1.46017447e-01 -9.63405669e-02 -3.08649659e-01
   2.97610134e-01 -3.83037925e-01 -8.09297189e-02 -3.63485843e-01
   1.23482101e-01  3.27560715e-02  3.52546901e-01  4.64616269e-01]
 [ 2.96746105e-01  1.68964952e-01 -8.53557587e-02 -3.42415690e-01
   3.54179353e-01  2.66817033e-01 -3.69624496e-01 -3.86329740e-01
   1.93370506e-01  7.44511485e-01  7.62367666e-01 -2.39247411e-01]
 [ 1.75744191e-01 -3.33820343e-01 -5.12940101e-02 -1.63248748e-01
  -2.12970022e-02 -4.31313366e-01  1.34313300e-01  3.55235606e-01
  -2.08490431e-01  4.14713383e-01 -6.25751028e-03  1.21793330e-01]
 [ 4.56821285e-02 -1.98245317e-01  1.54279113e-01 -4.16817814e-01
   1.92556977e-01 -4.27099556e-01 -2.62449771e-01 -7.42615685e-02
  -3.32916304e-02  1.21356294e-01  3.45959157e-01  2.15336815e-01]
 [-1.27273932e-01  2.67601669e-01  5.98162770e-01  4.25322771e-01
  -2.59967327e-01  3.62212807e-01 -3.38972121e-01  4.56423879e-01
  -2.31892262e-02  1.00351907e-01  2.00029224e-01  5.14988542e-01]
 [-4.29662555e-01 -2.58761406e-01  5.76987386e-01 -2.42370129e-01
  -2.78216422e-01  5.00286296e-02 -8.61457139e-02 -5.90307228e-02
   1.43975750e-01  1.49217606e-01  2.83354700e-01 -5.31191528e-02]
 [-2.38122225e-01  2.68432379e-01 -1.71239767e-02  9.68316719e-02
  -3.72386843e-01 -1.52721077e-01  2.81166613e-01  3.44845921e-01
  -2.57521003e-01  1.77491203e-01  4.34707850e-01  3.47661257e-01]
 [-1.29143730e-01  3.04769248e-01 -3.48637760e-01 -4.03289318e-01
  -1.10251559e-02  3.88802141e-01 -1.68993711e-01 -1.21971384e-01
  -3.46168935e-01  5.97655892e-01  3.06542128e-01 -4.72348243e-01]
 [ 3.46865475e-01 -2.02852622e-01 -2.02318504e-01 -4.15505379e-01
  -3.53428900e-01  1.14519529e-01  1.18897848e-01 -6.00197874e-02
   1.04558416e-01  2.95417249e-01 -2.55405158e-01 -5.71980923e-02]
 [ 1.15825780e-01 -3.86567682e-01 -2.40011841e-01 -1.03721030e-01
  -2.86075681e-01  1.65031508e-01  4.35209990e-01  2.15705946e-01
   2.66936868e-01 -6.47274256e-02  1.70955494e-01 -1.61872637e-02]
 [ 1.18599534e-01 -4.20673966e-01 -2.42010936e-01 -1.46696374e-01
   2.67207414e-01 -2.78207004e-01 -2.20499456e-01  2.53094763e-01
   2.77557343e-01  1.95195019e-01 -4.83819954e-02 -1.02199903e-02]
 [ 1.83332130e-01  2.74154484e-01  8.53614807e-01 -4.00450408e-01
   5.60544133e-02  1.16854003e-02  1.42004579e-01  5.75904727e-01
  -4.78657894e-02 -1.82462537e+00 -1.66619885e+00  1.31264305e+00]]
Peso 2:
[-0.1484537  -0.00231454 -0.05190976  0.03851784 -0.14073104 -0.00345449
 -0.00951387 -0.13768283 -0.03859155  0.8235731   0.86353993 -0.4133315 ]
Camada: saida
Peso 1:
[[ 0.533727   -0.30264154]
 [-0.27685523 -0.23018102]
 [ 0.98475975 -0.57097185]
 [-0.04028147  0.310161  ]
 [ 0.50217026 -0.47835138]
 [ 0.19649993  0.36919653]
 [ 0.16013333 -0.01911966]
 [ 0.65173936 -0.2972319 ]
 [ 0.3481383   0.20226888]
 [-1.340153    1.5052758 ]
 [-1.3220028   1.5625626 ]
 [ 1.1354116  -1.1767166 ]]
Peso 2:
[-0.32915583  0.32915738]



pesos modelo: 
Test loss: 0.6292, Test accuracy: 0.7954
Camada: meio
Peso 1:
[[ 5.30398190e-02 -1.76558822e-01 -3.07266682e-01  3.86376023e-01
  -4.10174251e-01 -5.19140363e-02 -3.88468176e-01  8.45532417e-02
   4.59910035e-02 -3.20629388e-01  6.40679598e-02 -4.02012736e-01]
 [-2.77731985e-01 -2.20352843e-01  2.66782790e-01 -1.93513870e-01
  -1.15607366e-01  3.58931661e-01  9.91370901e-03 -1.47206590e-01
  -8.64375196e-03  3.14187169e-01 -7.14012459e-02 -9.08929408e-02]
 [ 2.61753410e-01 -6.31980672e-02  5.86565472e-02  1.75045595e-01
   3.09059262e-01 -9.57712252e-03 -1.51810288e-01 -7.04738835e-04
  -3.21542442e-01 -5.85568659e-02  1.31946951e-01 -1.10453650e-01]
 [ 2.55023614e-02  4.16675895e-01 -5.74558303e-02 -3.76555175e-02
  -1.16888069e-01 -9.02632177e-02 -4.34975207e-01 -3.58001515e-03
   4.13009942e-01  1.97860539e-01  4.12622154e-01 -1.91249460e-01]
 [-2.77309418e-01  2.63226628e-02 -3.02816391e-01 -8.65350738e-02
  -6.51445985e-02 -2.23776419e-02 -4.01812822e-01  3.76161516e-01
   2.77997643e-01  5.62623322e-01 -2.59249955e-01  5.16834557e-01]
 [-3.63357663e-01  2.56290674e-01  9.51060653e-02  2.39089742e-01
   9.10100713e-02  5.12815379e-02  1.84107572e-01 -1.26985488e-02
   2.45373428e-01  2.67807096e-01  4.11341697e-01 -2.78428108e-01]
 [ 3.18740308e-02 -2.38054857e-01  1.47732109e-01  2.02713057e-01
  -3.11944574e-01  2.31596097e-01 -4.73059900e-03  2.54443496e-01
   3.81197602e-01 -9.53648761e-02 -1.39654800e-01 -1.95996851e-01]
 [-3.21727365e-01  8.47191289e-02 -7.70825073e-02  4.04898345e-01
  -2.65405416e-01 -1.14042498e-01 -1.66440472e-01 -3.52728635e-01
  -2.02169076e-01  1.35691673e-01  3.36053640e-01  2.84879535e-01]
 [-3.05638403e-01  1.75287098e-01 -4.07421380e-01  4.25304562e-01
   3.08491886e-02 -2.24941242e-02 -8.32402781e-02 -2.06139028e-01
  -2.53178269e-01 -7.05537558e-01  6.43514872e-01  2.23012939e-01]
 [-4.48243767e-01 -3.46938044e-01  4.11309481e-01 -1.24368968e-03
  -2.07996428e-01  4.03300107e-01  2.94840276e-01  1.62807718e-01
  -3.98048878e-01 -6.18317761e-02  2.22166255e-01 -1.12788379e-01]
 [ 8.45571235e-02  6.19789877e-04 -1.84651799e-02  1.44360155e-01
   2.90553793e-02  5.52719506e-03  2.56091207e-01  3.48686188e-01
  -4.47454602e-01  9.22629535e-02  1.81758195e-01 -3.45731705e-01]
 [-9.59193558e-02  5.04959702e-01 -4.26824689e-01  2.16189727e-01
  -1.32901967e-01  2.37419635e-01 -4.16356593e-01  4.21143830e-01
  -5.94571866e-02  6.15525186e-01 -1.36749104e-01 -1.57693699e-01]
 [-4.40229297e-01  1.95642039e-01 -3.81254017e-01  1.27336502e-01
  -1.83088496e-01  1.88423634e-01 -1.01372644e-01 -1.86695717e-02
  -1.63729843e-02  1.21407313e-02  2.03926563e-01 -1.14219055e-01]
 [ 1.06790148e-01  4.36512947e-01 -4.10937876e-01  4.43199486e-01
  -3.45758438e-01 -6.24214076e-02  5.65695241e-02 -4.21957791e-01
   9.06340480e-02 -8.77085850e-02  1.48095712e-01  3.43619287e-02]
 [-3.43995988e-02  1.96894228e-01 -1.54431283e-01  2.18159303e-01
  -2.59509593e-01 -7.29378387e-02  2.10933223e-01  5.72761416e-01
   2.71515638e-01 -4.01829600e-01  6.54247344e-01  2.69863725e-01]
 [-6.75592273e-02  4.31031510e-02 -1.95367068e-01  4.30048615e-01
   1.09663613e-01  8.11134949e-02 -3.65263760e-01 -1.56831786e-01
   2.06252500e-01  4.16493833e-01  4.67968762e-01  3.86688590e-01]
 [ 3.29982907e-01 -3.30281258e-01 -3.01128000e-01 -3.25458854e-01
  -3.27145278e-01  2.84107953e-01 -3.68536025e-01 -9.51800793e-02
   3.99995565e-01  1.43296286e-01  4.64056283e-01  3.33333611e-01]
 [-1.23037770e-01  4.18367572e-02 -3.95547569e-01 -2.34632716e-01
  -2.33781844e-01  3.73154700e-01  1.68224126e-01  3.46571058e-01
   1.41890153e-01  4.90926132e-02  2.62564749e-01 -5.41482344e-02]
 [ 1.01027198e-01  6.32437408e-01  1.92332655e-01 -9.01751757e-01
  -3.72698247e-01  4.87598091e-01 -1.57990143e-01 -6.47192776e-01
  -3.87793452e-01  2.00751162e+00 -1.64043283e+00 -2.88739800e-01]]
Peso 2:
[-0.03990887 -0.03793886  0.02154205  0.56303924  0.00280593 -0.15308036
 -0.13573898  0.3456558   0.15434836 -0.4623668   0.9999986   0.16540971]
Camada: saida
Peso 1:
[[ 0.44863114 -0.2843259 ]
 [ 0.13261525 -0.48151693]
 [-0.11186696  0.4762298 ]
 [-0.44182453  1.1824911 ]
 [-0.31601173 -0.22884037]
 [ 0.43938679 -0.29897115]
 [ 0.25086233 -0.46778932]
 [-0.74399644  0.7754284 ]
 [-0.5698877   0.25125602]
 [ 2.1019208  -1.1147696 ]
 [-1.1310872   1.819776  ]
 [-0.6044808  -0.04977109]]
Peso 2:
[-0.3372691   0.33727092]



pesos modelo: 
Test loss: 0.2271, Test accuracy: 0.9177
Camada: meio
Peso 1:
[[-2.35653117e-01 -3.39327633e-01 -3.56486499e-01  8.52807760e-02
  -2.21229881e-01 -7.63285160e-03  1.86537027e-01  3.54175270e-01
   2.65198052e-02 -4.30495352e-01 -2.87080675e-01 -3.72283399e-01]
 [ 4.12267983e-01  1.20805129e-01  2.87797898e-01  4.71427232e-01
   4.83813256e-01 -1.99162900e-01 -2.30391711e-01 -1.52435705e-01
  -1.88636959e-01 -3.28293383e-01  3.87562633e-01  4.00949746e-01]
 [-7.25820139e-02  5.05014777e-01 -5.71011826e-02  1.24010071e-01
   3.73627365e-01 -1.02779880e-01 -2.23692670e-01  2.60655105e-01
  -7.47297518e-03  4.16862756e-01 -1.30597010e-01  2.11362764e-01]
 [ 4.58803296e-01  1.53534502e-01  1.04668669e-01  5.15620232e-01
  -4.74061072e-02 -2.50398666e-01  3.63160640e-01  2.26173848e-01
   1.58829346e-01  1.00295402e-01 -1.82414487e-01  3.94104779e-01]
 [-1.07343599e-01 -3.22174579e-02  1.02469720e-01  4.67718065e-01
   3.53333861e-01 -2.08380118e-01  2.99798161e-01  3.81922871e-01
  -1.87474601e-02 -4.38091755e-02  1.20284207e-01 -2.55351871e-01]
 [-2.14360058e-01  1.28884360e-01  4.17161554e-01 -2.37400442e-01
   4.52732682e-01  1.26546249e-01  3.22531372e-01  2.65500426e-01
  -6.79495931e-02  1.43934816e-01 -3.41739029e-01  3.43213588e-01]
 [ 1.05034783e-01 -1.26238957e-01  1.53725758e-01 -5.26324920e-02
  -2.32042205e-02  3.93232942e-01  2.30584100e-01  2.09093288e-01
  -1.05505094e-01  1.67299196e-01  2.43211538e-01 -3.92224163e-01]
 [ 4.16229427e-01 -4.08274606e-02  3.45111936e-01  1.83837652e-01
   4.74434882e-01  4.53979559e-02 -1.12984166e-01  1.43663123e-01
   6.43540323e-02  2.89821386e-01 -4.79603186e-02  3.70921910e-01]
 [ 5.92465639e-01  2.01813355e-01  2.27732271e-01 -5.28364837e-01
  -1.33696347e-01  4.70163226e-01  1.11639304e-02 -2.00058192e-01
   2.69196838e-01  6.44493520e-01 -1.04926795e-01 -6.64545819e-02]
 [-3.10227245e-01 -2.55488873e-01  2.27926075e-01 -8.40253234e-02
  -2.02260260e-02 -3.18877071e-01 -1.44749284e-01  1.87552691e-01
  -2.14329168e-01  3.02602649e-01  3.57991159e-01 -1.62360325e-01]
 [-9.03599188e-02 -1.67298332e-01  2.25759000e-01 -1.16399027e-01
   7.61405658e-03  2.38168880e-01  1.48557201e-01 -6.33561090e-02
  -2.78297603e-01  2.29788925e-02  3.34129453e-01  3.35151225e-01]
 [-3.78449231e-01  3.83075207e-01 -2.31692225e-01  6.95123449e-02
   3.50244433e-01  4.35165942e-01  2.75318593e-01  6.51055574e-02
   1.62498862e-01  4.23029028e-02 -3.42951387e-01 -4.30913091e-01]
 [ 1.16834007e-01  3.24037701e-01 -8.83601606e-02 -3.87498699e-02
  -3.68476212e-02  4.06798385e-02  4.42835577e-02  1.77009240e-01
  -3.26162905e-01  4.67427410e-02 -1.97088107e-01 -1.62557870e-01]
 [ 2.48773351e-01  1.42075028e-02  3.24160188e-01  4.86319184e-01
   2.33896047e-01 -3.37414712e-01 -2.10724756e-01 -7.25713521e-02
  -7.09820539e-03  2.85508066e-01 -4.04740274e-01  8.34705010e-02]
 [ 3.81110519e-01  3.99706662e-01  4.66950625e-01 -1.11115068e-01
  -2.79722542e-01  2.83371478e-01 -3.38812947e-01 -4.10334259e-01
  -2.17628837e-01  5.97917676e-01 -2.83817276e-02  4.72341850e-02]
 [ 1.00815997e-01 -7.13936891e-03 -1.20770842e-01  2.79880643e-01
  -1.60492390e-01  2.55912066e-01 -2.03736335e-01  4.10188735e-01
  -3.14091176e-01  2.07271457e-01 -4.16438758e-01  2.24546388e-01]
 [-2.11956307e-01  5.41754365e-02  4.54566836e-01  7.86153749e-02
   3.16857547e-01 -2.91022916e-05 -2.21268967e-01  2.23786727e-01
  -4.23123837e-02  2.11404786e-01 -4.56066191e-01 -9.62335616e-02]
 [ 3.96856099e-01 -3.87022048e-02 -7.26724416e-02  2.20016360e-01
   3.80441658e-02  3.11105669e-01 -1.56853169e-01  1.78573698e-01
   3.33833516e-01  3.38286668e-01  7.55186751e-02 -2.42661893e-01]
 [-6.78249657e-01 -9.10290420e-01 -1.44471574e+00  4.77900982e-01
   1.71935642e+00 -4.69517201e-01  4.37279373e-01 -4.27537769e-01
   1.09015502e-01 -1.54390752e+00 -5.79927675e-02 -3.23992670e-01]]
Peso 2:
[ 0.41375574  0.4755009   0.64554536 -0.10327697 -0.22882473  0.17359333
  0.06681449 -0.0056245  -0.0087445   0.7755701  -0.05579963  0.10251582]
Camada: saida
Peso 1:
[[-0.96697843  0.24343169]
 [-0.91136533  0.5714753 ]
 [-1.275357    1.0892721 ]
 [ 0.34691137 -0.89050514]
 [ 1.3643706  -1.2990421 ]
 [-0.00154998  0.63863087]
 [ 0.06827752 -0.36560783]
 [ 0.37478834  0.503325  ]
 [-0.40290996 -0.25799227]
 [-1.4661639   1.2382398 ]
 [ 0.11456113 -0.21524559]
 [ 0.03532241  0.6910395 ]]
Peso 2:
[-0.02631169  0.02631387]



pesos modelo: 
Test loss: 0.7722, Test accuracy: 0.7896
Camada: meio
Peso 1:
[[ 1.73057318e-02  5.44360280e-03  3.25154126e-01 -3.56360376e-02
   3.19853425e-03 -9.07824636e-02 -1.81370348e-01  2.31326282e-01
   4.32566702e-01  1.89835191e-01  2.28368163e-01 -4.10691351e-01]
 [-1.44621342e-01 -1.87164858e-01  2.30086893e-01  8.23327079e-02
   9.39847231e-02 -1.06988847e-01 -2.59227484e-01 -2.21956000e-01
  -1.54011682e-01  2.50805587e-01  3.75806838e-01 -1.85552314e-01]
 [-8.44527632e-02  1.23982385e-01  1.12348780e-01 -8.35984051e-02
  -8.13068077e-02  3.41059744e-01  3.99723500e-01  1.96165442e-01
   2.57560406e-02 -7.70012885e-02 -1.78220093e-01  4.10743833e-01]
 [ 1.11099392e-01 -2.38013007e-02 -1.79215983e-01 -1.63645253e-01
  -9.48527977e-02 -1.06770791e-01 -2.19326004e-01 -1.92163512e-01
   3.74291569e-01 -5.65218404e-02  2.63661385e-01  2.23309368e-01]
 [-5.63128665e-02 -1.86268002e-01  4.22439933e-01  4.30673450e-01
   3.93843412e-01 -1.62526622e-01  4.75533038e-01 -3.96936506e-01
  -9.73600298e-02  4.09375727e-01  2.73151517e-01  1.80401653e-01]
 [ 1.31234661e-01 -1.53885826e-01 -6.46748170e-02 -2.61009187e-01
  -7.00688288e-02 -1.72553882e-01 -7.82692656e-02 -1.84028130e-02
  -8.41739327e-02  1.66928872e-01  6.40597418e-02  4.42361444e-01]
 [ 4.19564605e-01 -2.96679139e-01 -1.84170216e-01 -5.52387070e-03
   3.48484069e-01  3.21560502e-01 -1.08752660e-01  2.31090993e-01
   3.24610807e-02  2.55701214e-01  1.53319314e-01 -1.51637971e-01]
 [ 1.88667327e-01 -3.85733843e-01 -2.17550471e-01  5.99053353e-02
   1.87856466e-01  2.18026027e-01 -2.07474649e-01 -8.63021612e-02
   1.61167040e-01 -7.96894822e-03  1.75826717e-02  8.47588927e-02]
 [ 1.00477636e+00  3.17336321e-02 -4.68599647e-02 -4.82170284e-01
  -4.57508773e-01 -4.10005391e-01 -1.34707734e-01 -1.80999726e-01
  -1.49799749e-01 -7.27590220e-03 -5.61524093e-01 -2.27800012e-01]
 [ 3.96549195e-01  2.52119660e-01  2.82186717e-01 -2.06246674e-01
  -2.18783349e-01 -1.87630638e-01  2.35748559e-01 -1.66665182e-01
  -2.85815328e-01  2.49702215e-01  3.34744275e-01 -3.86142582e-01]
 [ 4.32847083e-01 -2.18743786e-01  6.60713315e-02 -1.11587152e-01
   1.48789018e-01  3.33458841e-01 -1.72440745e-02 -3.23016010e-02
  -1.55925795e-01  1.55329764e-01  2.29887798e-01 -2.92206824e-01]
 [-1.49013773e-01 -4.25621867e-01  3.02150398e-01  5.06099880e-01
   3.58325303e-01 -3.26015681e-01  2.05605790e-01 -2.91322052e-01
  -3.36146086e-01  2.08798483e-01  2.13365143e-04 -4.12431717e-01]
 [ 4.42439884e-01 -4.00716037e-01  2.84875184e-01  1.86976612e-01
   2.54793525e-01  3.39538977e-02 -1.58407703e-01  1.11795835e-01
   2.76650637e-02 -2.25587979e-01 -1.47183761e-01  9.92085263e-02]
 [ 1.86819702e-01 -4.13033336e-01  2.09167063e-01 -1.06761038e-01
  -2.36764476e-01 -7.78445378e-02  7.01503307e-02 -1.51830584e-01
  -1.36976585e-01 -1.57594401e-02  3.65530699e-02  5.85763194e-02]
 [ 8.38167071e-01  3.08819890e-01 -6.14344180e-01  2.58298367e-01
  -2.18934476e-01 -1.47339866e-01  5.34493327e-01 -6.13802224e-02
   1.37990220e-02 -5.09547412e-01 -2.35473484e-01  1.76226586e-01]
 [-9.45337117e-03 -3.60883057e-01  2.60357428e-02  3.15369636e-01
  -2.38810834e-02  1.35460615e-01  3.35139781e-01  3.05944949e-01
  -3.28088284e-01 -2.82229573e-01  3.68110985e-02 -8.51167589e-02]
 [ 3.91112596e-01  9.53155681e-02  8.95237774e-02  9.16735083e-02
   1.58959791e-01 -2.01643556e-01 -1.61140412e-02  3.14906061e-01
  -4.27831002e-02 -1.80797100e-01  2.78320998e-01 -2.98290491e-01]
 [ 3.41574073e-01  2.72001177e-01  2.07783461e-01 -2.77938038e-01
   2.76508480e-01 -2.82540232e-01  2.95392603e-01 -2.52083868e-01
  -1.03739589e-01  1.69180945e-01  6.63214698e-02  3.50148827e-01]
 [-1.35256195e+00 -4.08064723e-02  1.59914529e+00  7.26713598e-01
   1.03323030e+00 -3.56944740e-01 -6.65723264e-01 -1.41796008e-01
  -1.87159866e-01  1.26863825e+00  5.67493439e-01 -1.61913902e-01]]
Peso 2:
[ 1.2014322   0.00603149 -0.4417649  -0.02907822 -0.3559474  -0.13788988
  0.47238815 -0.16865888 -0.0094845  -0.20129786 -0.28167772  0.10734133]
Camada: saida
Peso 1:
[[-1.4976078   1.6532924 ]
 [ 0.12871525  0.25532737]
 [ 1.5261611  -0.77949834]
 [ 0.04179727 -0.91363645]
 [ 0.870174   -0.66019183]
 [ 0.31812978  0.23682761]
 [-1.0153124   0.26602268]
 [ 0.32802552 -0.0681636 ]
 [ 0.2240225   0.14882186]
 [ 0.43285075 -1.3384122 ]
 [ 0.93914855 -0.05260523]
 [-0.4671421  -0.04356071]]
Peso 2:
[-0.79189724  0.79189837]



pesos modelo: 
Test loss: 0.1844, Test accuracy: 0.9254
Camada: meio
Peso 1:
[[ 2.24130452e-02 -4.22354817e-01 -3.79931450e-01  3.17590833e-01
  -2.84445226e-01 -3.35930049e-01 -2.27844566e-01  4.28538442e-01
   2.96505272e-01 -3.76757592e-01 -8.84768367e-03  3.46973002e-01]
 [-2.88639396e-01 -4.11947966e-02 -4.40487951e-01 -2.32911557e-02
   3.26996267e-01 -2.25472286e-01  3.26626360e-01 -2.60851204e-01
   3.75282943e-01 -3.78545284e-01  3.48016262e-01  4.93185580e-01]
 [ 2.75210321e-01  2.26318642e-01 -1.33985970e-02  4.19357270e-01
   3.19026887e-01  4.27353740e-01  3.67751002e-01  1.98925346e-01
   1.76403597e-01 -5.56531549e-02  3.38192463e-01  2.53657579e-01]
 [ 3.96959215e-01  2.49828294e-01  3.06407865e-02 -4.00090128e-01
   2.42992476e-01 -1.44942999e-01  9.08584818e-02  9.17700008e-02
  -3.04371446e-01  3.49477381e-02  3.38226169e-01 -3.44307512e-01]
 [ 8.64152163e-02  9.74625126e-02  2.69425660e-01 -2.33400851e-01
  -2.42143109e-01  1.43770099e-01 -2.08002716e-01  8.08679964e-03
   8.96254107e-02 -1.51268229e-01  3.84733856e-01  3.21067840e-01]
 [ 9.97653455e-02  1.47911325e-01 -7.69961923e-02 -5.05193770e-02
   2.00979486e-01  3.50245506e-01 -3.11093628e-01  1.44130856e-01
   2.67251343e-01  2.57734835e-01 -1.14565995e-03  3.51419419e-01]
 [ 3.09891184e-03  9.85829979e-02 -1.93644494e-01  1.76048711e-01
   1.67273581e-01  2.74787769e-02  2.45817304e-01  3.46891224e-01
   1.16145693e-01  2.81978875e-01 -1.09051190e-01  4.29465137e-02]
 [-3.26399982e-01  7.45084062e-02  2.80064680e-02  2.01637909e-01
   2.63639331e-01 -1.29418790e-01 -1.80158094e-01 -3.30970138e-01
   2.29860067e-01  3.36946212e-02 -2.95377135e-01 -1.08668916e-01]
 [ 2.11361319e-01 -6.35888159e-01  1.33696973e-01  4.50087607e-01
   9.42003429e-01 -5.87620214e-02 -4.12001573e-02 -4.15307790e-01
  -4.53884035e-01 -1.54643223e-01 -1.28344402e-01  1.22999400e-02]
 [ 2.23448336e-01  2.63963956e-02  2.06646964e-01  3.16619247e-01
   3.18534188e-02  1.43442005e-01 -5.63011952e-02  2.02410340e-01
  -3.90247554e-01 -3.26632470e-01  1.51975947e-02 -5.29058054e-02]
 [-9.55318063e-02  5.48756961e-03 -2.44538620e-01  1.85978621e-01
   5.66155799e-02  5.36561430e-01  3.69734943e-01 -1.78736091e-01
  -2.16090202e-01 -3.22145551e-01 -8.84755254e-02  2.86391020e-01]
 [-1.45432651e-01  5.30062139e-01 -1.18192378e-02  3.17813575e-01
   3.12290549e-01 -6.03037588e-02  1.06745236e-01 -4.20546979e-01
   1.34532049e-01  3.16630006e-01  5.46565831e-01  3.79051775e-01]
 [-7.57531226e-02  2.05400079e-01 -4.65104021e-02  3.46254021e-01
  -3.97530608e-02  4.22381967e-01 -4.57031339e-01  2.37136826e-01
  -4.61178161e-02 -3.10995094e-02 -1.09055750e-01  3.95773724e-02]
 [ 4.84042078e-01  3.01660955e-01  3.36813688e-01 -3.12631309e-01
   7.80692250e-02 -3.26279514e-02 -2.59879231e-02  3.09697747e-01
  -2.48488933e-01  4.65656191e-01  1.39501356e-02 -8.02916288e-02]
 [ 1.88932031e-01 -4.51797396e-02 -4.15630609e-01 -4.05811332e-02
   4.24060911e-01  8.15855443e-01 -3.45938593e-01 -1.25745058e-01
  -1.93838798e-03 -3.14187378e-01 -3.85435551e-01 -5.02635688e-02]
 [-2.27940068e-01  2.84501612e-01  7.55478963e-02  1.29589573e-01
  -1.11428641e-01  3.77119213e-01  2.64878899e-01 -1.80437610e-01
   1.89024061e-01 -6.22886270e-02 -1.84429318e-01 -2.53125846e-01]
 [ 2.37275526e-01  8.35545510e-02 -2.58720934e-01  2.79068142e-01
   8.37881267e-02  1.90544799e-01 -4.06446427e-01  5.04206680e-02
   2.77851105e-01  5.12242556e-01 -2.22470686e-01  3.44879448e-01]
 [ 2.96647578e-01 -1.05536863e-01 -7.51845092e-02 -5.35489321e-02
   1.64291799e-01  8.44472945e-02  3.08366921e-02  1.71031862e-01
   2.07882896e-01  1.21619217e-01  1.08042799e-01  1.76893160e-01]
 [-2.68848270e-01  1.31907272e+00  4.68947664e-02  3.19342643e-01
  -1.55676067e+00 -1.19654620e+00 -2.28086576e-01 -2.06646293e-01
  -1.86230361e-01 -5.12662053e-01  8.91450703e-01  1.44929183e+00]]
Peso 2:
[ 0.23087725 -0.3887734   0.10729439  0.00662704  0.78858757  0.7830127
 -0.0791472   0.07107734 -0.05436356  0.33011147 -0.12310781 -0.3653194 ]
Camada: saida
Peso 1:
[[-0.5285978   0.23061098]
 [ 1.1576138  -0.8798286 ]
 [-0.05883265  0.50794625]
 [ 0.4246572   0.36079744]
 [-1.4873785   1.2934346 ]
 [-1.333557    1.004418  ]
 [-0.08469608 -0.25738418]
 [ 0.31002527  0.6641647 ]
 [-0.06891449 -0.34161136]
 [-0.68345743  0.5282044 ]
 [ 0.9752772  -0.44600874]
 [ 1.3143854  -0.84925884]]
Peso 2:
[-0.45468625  0.45468757]



pesos modelo: 
Test loss: 0.6661, Test accuracy: 0.8057
Camada: meio
Peso 1:
[[-2.53323555e-01 -3.93891096e-01  4.10990179e-01  1.16466820e-01
  -1.52088165e-01  6.29261136e-02  1.42833054e-01 -4.27202523e-01
  -3.30651939e-01 -2.53620088e-01 -3.15956742e-01 -2.43293941e-02]
 [-3.21242698e-02  4.05187309e-01 -2.61746705e-01  1.35905042e-01
  -3.30789983e-02 -3.39259058e-01  4.94280368e-01  2.09957734e-02
   2.62663245e-01 -2.02967703e-01 -3.49210739e-01 -2.09773570e-01]
 [ 3.87493014e-01 -4.71849814e-02 -1.68609828e-01 -1.48169892e-02
  -3.48902605e-02 -2.26192147e-01 -1.47834823e-01 -8.20709988e-02
   2.69966394e-01  9.29766223e-02 -1.71272710e-01 -4.27064776e-01]
 [ 1.58259362e-01 -2.69386232e-01  3.06371987e-01  3.61968726e-01
  -1.42489523e-01  2.54491776e-01  1.40863299e-01 -8.83339792e-02
   6.02404997e-02  1.27084821e-01  2.67096370e-01 -3.70917618e-01]
 [ 6.99554086e-02 -5.01049943e-02  2.69330710e-01  2.80498505e-01
   3.52767318e-01 -1.97788164e-01  5.52924871e-01  8.92142057e-02
  -3.11529338e-01  9.08546299e-02  9.39241722e-02  4.50352728e-01]
 [-2.44155794e-01 -1.80620342e-01  4.56834435e-01 -4.24085617e-01
   2.33734146e-01  3.29343170e-01  1.74707189e-01 -4.49159801e-01
  -9.96861160e-02  3.01955968e-01 -7.87911043e-02 -4.36675884e-02]
 [ 4.03343290e-01 -2.73446560e-01  3.93449157e-01 -3.80340636e-01
   4.01902914e-01 -6.32148758e-02  3.05105805e-01  2.60978341e-01
   2.93225199e-01  4.61714089e-01  4.18442488e-01  1.89822122e-01]
 [ 7.94901028e-02 -5.41867912e-02  1.03071243e-01 -1.53530210e-01
  -1.97987184e-01  3.20850581e-01  8.08798522e-03 -4.17870611e-01
   8.66524130e-02 -3.44688892e-01  1.66408047e-01  4.15456891e-01]
 [-3.33846658e-01 -1.81906760e-01  6.74044251e-01 -1.88928038e-01
  -4.07042474e-01  4.13877994e-01 -6.30665720e-01 -4.50945757e-02
   5.85983396e-01 -2.26588294e-01  1.95775330e-01  1.28440931e-01]
 [ 3.94438446e-01 -3.18722129e-01  1.52797341e-01 -1.34378031e-01
  -2.56065071e-01 -2.03598350e-01  8.25663283e-02  3.36190909e-02
   3.45161498e-01 -3.60557050e-01 -3.31379205e-01 -3.05494443e-02]
 [ 3.31379771e-01  1.89628750e-01  4.05796990e-02 -4.31444108e-01
  -3.86042655e-01  4.09895718e-01  2.52877533e-01 -5.34611829e-02
   4.07219529e-01  3.37111712e-01 -7.96004906e-02  4.23648685e-01]
 [ 2.70684898e-01  2.72578150e-01 -3.38570237e-01  3.48890275e-01
  -4.88120466e-02  5.40431678e-01  3.58683288e-01 -1.93659142e-01
  -1.87752724e-01  4.88683544e-02 -4.13821936e-01  3.12060326e-01]
 [ 1.74269691e-01  2.59134769e-01  6.06661558e-01  3.01908702e-01
   3.12104583e-01  8.44787732e-02  2.08763540e-01  1.65697202e-01
   4.24042642e-02 -4.01583195e-01  1.29211247e-01 -3.19279552e-01]
 [-4.05691594e-01 -3.82622600e-01  4.46895659e-01 -1.36758178e-01
  -3.62758636e-01 -3.83583046e-02 -8.11155071e-04 -1.18576080e-01
  -1.20742097e-01  1.48761988e-01 -3.15714955e-01  3.76838475e-01]
 [ 1.50060803e-01 -2.88941950e-01  1.33513689e-01  1.19464055e-01
   2.82457352e-01  1.42541513e-01 -7.49123514e-01  1.60615027e-01
   6.07085764e-01  3.40653360e-01  2.00161919e-01  2.80581206e-01]
 [ 3.65917310e-02 -2.14459926e-01  2.44783700e-01  2.02407628e-01
  -1.93181619e-01  4.46614698e-02  2.77560800e-01 -2.27373913e-01
   3.91576558e-01  3.05775464e-01  1.54873788e-01  2.45364100e-01]
 [ 1.69250235e-01 -1.45719290e-01 -1.42661750e-01 -2.50501782e-01
  -3.57906908e-01 -1.15988150e-01  8.77081603e-02  1.16681233e-01
   4.84371036e-01 -5.99143878e-02  2.86790699e-01 -4.10332590e-01]
 [-2.68589050e-01 -3.83009255e-01  4.94254738e-01 -3.33479851e-01
  -3.96759063e-01  2.94147968e-01  4.31746654e-02 -3.43282491e-01
  -2.35812634e-01 -3.02192867e-02 -2.59639800e-01  2.13315859e-01]
 [ 9.39138979e-02 -2.53311902e-01 -1.31654036e+00 -7.72661418e-02
  -2.17393842e-02 -6.88483357e-01  2.25969505e+00 -3.42245609e-01
  -9.39691961e-01 -3.66552204e-01  1.49875849e-01  1.05058715e-01]]
Peso 2:
[ 7.0140004e-04 -2.2822028e-02  7.3508722e-01 -1.7858740e-02
  2.2458911e-02  3.4845003e-01 -7.0753139e-01 -1.2512200e-01
  7.7563739e-01  1.3690756e-01  5.0241176e-02 -1.7821977e-02]
Camada: saida
Peso 1:
[[-0.39996174 -0.39524868]
 [-0.3437065  -0.44277865]
 [-1.1514693   1.06598   ]
 [-0.25518188 -0.37438512]
 [ 0.35733604  0.5914475 ]
 [-0.7431621   0.3717413 ]
 [ 1.6464094  -2.0037425 ]
 [ 0.22679526 -0.24821433]
 [-1.0934305   1.2764553 ]
 [-0.6935407  -0.1408816 ]
 [-0.6125363  -0.33946943]
 [-0.13590637 -0.20410472]]
Peso 2:
[-0.44838664  0.44838867]



pesos modelo: 
Test loss: 0.3891, Test accuracy: 0.8580
Camada: meio
Peso 1:
[[-0.30772     0.28490376 -0.08049965 -0.21578315 -0.12728709  0.21396762
  -0.06466353 -0.29481727  0.13303393 -0.2176741   0.22528201 -0.36166558]
 [ 0.01158493  0.16229136  0.64289916  0.29613844 -0.04395251  0.17951281
  -0.40023926  0.23282771 -0.36344135  0.34060457  0.14667572 -0.05734245]
 [ 0.36008042 -0.40833685  0.05819779  0.5166235   0.15118396 -0.20342375
   0.04765335 -0.16412777 -0.21360905  0.09228795 -0.27712798 -0.06370927]
 [ 0.01867233 -0.32930878 -0.00557318 -0.05423186 -0.3851213   0.2971834
  -0.33160654 -0.34487835 -0.413058   -0.29625204  0.13013622  0.26223776]
 [ 0.40726838 -0.19637941  0.52116066  0.2377238   0.2421632   0.07466281
  -0.24391152 -0.43781728  0.10082398 -0.28943792 -0.59532976 -0.27783608]
 [ 0.3623944   0.3751547   0.11985555  0.04401361 -0.28352487  0.07803772
   0.17564957  0.45480588 -0.15771994  0.38008088  0.3747596   0.22272916]
 [ 0.38645187  0.20880479  0.22390999 -0.09419635 -0.04391891  0.41290548
   0.10843809 -0.24449727  0.29773957 -0.04123438  0.5205053  -0.38406202]
 [ 0.33962774  0.21229093  0.04360841  0.05228532 -0.1809103  -0.26278272
  -0.43900853  0.07843677  0.1850742  -0.38065577  0.5113849   0.25040558]
 [ 0.51325035 -0.07705536 -0.8033933   0.26121497  0.01161299  0.2904775
  -0.33770114 -0.3389307   0.32600564  0.04814582 -0.1075335   0.37718165]
 [-0.2265903   0.14641947  0.12243785  0.18053477 -0.18949844  0.46730125
  -0.03746737  0.09062584 -0.02225738  0.38052177  0.52018994  0.08151529]
 [ 0.35330105  0.26383787  0.01640593 -0.23093049 -0.32592312  0.21065915
   0.14867346  0.16967133 -0.03165446 -0.15115315  0.0435407  -0.34537247]
 [-0.14004576  0.07379378  0.3839586  -0.18696906 -0.42369023  0.3590433
  -0.2366669  -0.33397815 -0.3560476   0.16737033 -0.1793105   0.20841865]
 [ 0.27881247 -0.27827284  0.12241988 -0.06472699  0.3367251   0.33898258
   0.16292426 -0.15036789  0.1677891  -0.34031472  0.36487934  0.09083073]
 [-0.17134236  0.3427356   0.01412382  0.32453382  0.36986777  0.42415178
  -0.2828122   0.34545586 -0.18961078 -0.4259     -0.06036526  0.07331005]
 [-0.02781985  0.22804838 -0.66961116  0.51361424 -0.01716452  0.32783967
  -0.35150033  0.06019615 -0.27879372 -0.28971532  0.04273909 -0.36167464]
 [ 0.2339576  -0.02960714  0.04190135  0.43000552 -0.32061327  0.02971355
  -0.12698007 -0.2533629  -0.23899108  0.14311656 -0.12584068  0.06790717]
 [ 0.06612304 -0.40352637 -0.02310832 -0.07495642 -0.15777083  0.17171635
  -0.21633567 -0.19380392 -0.12477405  0.05050137  0.17850222 -0.18239804]
 [ 0.1359831  -0.11205107  0.03056014  0.45512825 -0.3545636   0.12725455
   0.32074332 -0.349354   -0.18359058 -0.30309042 -0.2400633   0.10714768]
 [-0.6799317   0.45705423  2.7305589  -0.5871601  -0.35255244 -0.4972498
   0.07832556  0.23455323  0.45087564 -0.00378827 -0.29981178  0.37951946]]
Peso 2:
[ 0.46296754 -0.05729791 -0.7174591   0.47111493  0.02277347  0.42850822
 -0.00672533  0.03952333 -0.11438926  0.02718564  0.42095697 -0.00469569]
Camada: saida
Peso 1:
[[-0.15351863  1.2970341 ]
 [ 0.48642913  0.21803199]
 [ 2.1670313  -2.1084595 ]
 [-0.8043295   0.5440279 ]
 [-0.03906748  0.1205452 ]
 [-0.5548249   0.76586336]
 [ 0.24350609  0.12786242]
 [-0.68078285 -0.29978225]
 [ 0.38521886 -0.4975643 ]
 [-0.3868253  -0.15186183]
 [-0.73069024  0.5638499 ]
 [-0.20249334 -0.28417945]]
Peso 2:
[-0.87468165  0.874683  ]



pesos modelo: 
Test loss: 0.2956, Test accuracy: 0.8799
Camada: meio
Peso 1:
[[ 0.2312423   0.03496429  0.20926619 -0.16428813  0.16612583 -0.38039497
  -0.12521842  0.32029027  0.25256687  0.21815658  0.02211043  0.14565653]
 [-0.2805863   0.6541371  -0.2608037   0.1727085   0.39263126  0.0998018
   0.14892748 -0.2004981  -0.3869887  -0.23489013  0.09945508 -0.47376397]
 [-0.02154631 -0.11654855 -0.0711276   0.0033555  -0.29226494  0.13594367
   0.11151651  0.44424966 -0.31083193 -0.38554427  0.23051398 -0.22746919]
 [ 0.23734403  0.21991234 -0.34958577  0.18866368  0.35394433  0.40104884
  -0.1395563  -0.44448897 -0.18950926  0.40406707 -0.39695942  0.07766047]
 [ 0.41586974  0.4521742  -0.06408643 -0.05354241  0.05900299  0.420207
   0.48747763  0.11535554  0.1058271   0.16588816 -0.17334735 -0.25620738]
 [-0.35077658  0.04328439  0.13502692  0.48170114  0.01314714 -0.01379223
   0.21440595 -0.2568286   0.04015718  0.16760127 -0.23695947 -0.07383629]
 [-0.11487532 -0.04792809  0.00454188  0.36034924  0.2457337   0.24834603
   0.4300414  -0.01241072  0.04486234  0.44377434 -0.09117096  0.17658402]
 [-0.2411399  -0.08595062  0.3471214   0.11223533  0.43842295 -0.2057458
  -0.24506342 -0.45325753 -0.00775517 -0.07079478 -0.32555127  0.20590869]
 [-0.19691154 -0.5174104  -0.28446656  0.7245288  -0.04790324 -0.07803339
  -0.51859087  0.4968619  -0.29369447  0.1139461  -0.42444047  0.1055033 ]
 [-0.0334374  -0.22254576  0.12243304  0.17236547 -0.27685335 -0.17243038
   0.26962984  0.2593981   0.40563357 -0.35581324 -0.36659718  0.32661325]
 [-0.11321007 -0.05575484 -0.2495732  -0.05961987 -0.3530538   0.36535716
   0.02933969  0.09593396 -0.4222103   0.3708172   0.205043    0.11732404]
 [ 0.35052428  0.25451896  0.2175316   0.10708255 -0.4181593  -0.10958983
   0.59604794  0.22612324 -0.10732394  0.1779902   0.2137673   0.02772916]
 [-0.01218853  0.24134544  0.24799535  0.31976482 -0.17450006  0.40905198
   0.21027084  0.27924103 -0.3576926   0.34770527  0.25361514  0.37402934]
 [-0.21607037  0.12229704 -0.23693381  0.10126217 -0.31618392 -0.02227613
  -0.25341934  0.2935417  -0.4380765  -0.36798558 -0.32143384  0.18941838]
 [ 0.4326395  -0.41150403 -0.40943283  0.53892225 -0.23537394  0.07984971
  -0.2970607   0.12644137 -0.0908867  -0.42258513 -0.4387295  -0.38515493]
 [-0.28707707 -0.03530188  0.1332045  -0.07714833 -0.29423395  0.4482501
  -0.00426166  0.18409571 -0.14286174  0.1658834  -0.30998096 -0.24075751]
 [-0.37521744  0.24328487 -0.32463917  0.18504085 -0.2596463   0.19744745
  -0.26889995 -0.11524657 -0.3019146   0.03253843 -0.22916658 -0.0776013 ]
 [-0.36736378  0.20576878  0.35822016  0.32227737 -0.09723277  0.3697633
   0.2719394   0.25363404 -0.28070518  0.07624719 -0.10382105 -0.15538989]
 [ 0.15500572  1.7998662  -0.19325796 -1.6583455  -0.10157995 -1.1381826
   1.3321625  -0.10240859  0.32046512  0.13712542  0.12355541  0.00714755]]
Peso 2:
[ 0.05409343 -0.44322804  0.02729312  0.98268956  0.03748589  0.43436947
 -0.2734674   0.14670171  0.00367694 -0.02013236 -0.05314313  0.02657944]
Camada: saida
Peso 1:
[[-0.508419    0.20604096]
 [ 1.6804148  -1.1377419 ]
 [-0.37959993 -0.17903881]
 [-1.7172498   1.2816124 ]
 [-0.23959936  0.1729936 ]
 [-1.0981114   0.5453672 ]
 [ 0.7254844  -1.4203174 ]
 [-0.6637904   0.01984043]
 [-0.3496604   0.07035445]
 [ 0.2763909   0.02200148]
 [-0.48092613  0.46696556]
 [-0.38932794  0.09652137]]
Peso 2:
[-0.5045865  0.5045883]
