


pesos modelo: 
Test loss: 0.3221, Test accuracy: 0.8757
Camada: meio
Peso 1:
[[-0.4243346  -0.2174389 ]
 [ 0.0394608   0.5261038 ]
 [ 0.0077625  -0.14134021]
 [ 0.406905    0.28011003]
 [-0.05940994  0.37721485]
 [ 0.13947389  0.02253049]
 [ 0.1720899   0.02404178]
 [-0.10883569 -0.25277802]
 [ 0.9333674  -0.5980815 ]
 [ 0.11156534 -0.03073312]
 [ 0.3136194   0.16927402]
 [ 0.03289349  0.45137843]
 [ 0.23573473  0.1043818 ]
 [ 0.4916599   0.35116255]
 [ 0.50924915 -0.57260233]
 [ 0.21989815  0.08188063]
 [ 0.41901487  0.31245467]
 [ 0.17868681  0.01542828]
 [-1.9700402   2.229883  ]]
Peso 2:
[ 1.2261981 -0.4894589]
Camada: saida
Peso 1:
[[-1.8015693  1.8776386]
 [ 2.0403397 -1.4375777]]
Peso 2:
[-0.41774252  0.4177436 ]



pesos modelo: 
Test loss: 0.5302, Test accuracy: 0.8308
Camada: meio
Peso 1:
[[ 0.23714411 -0.00492847]
 [ 0.5853922   0.05744974]
 [-0.07896832  0.09290866]
 [-0.04662959  0.15553072]
 [ 0.70968777  0.35257915]
 [-0.01213308  0.1888065 ]
 [ 0.02776611  0.22210672]
 [ 0.14604564  0.4112747 ]
 [-0.65626454  0.83770096]
 [ 0.05070067  0.31624958]
 [ 0.0789069   0.29262707]
 [ 0.7098397   0.2809896 ]
 [ 0.14223503  0.46768025]
 [-0.15962201 -0.05303352]
 [-0.67152655  0.6009629 ]
 [-0.07340678  0.05895178]
 [ 0.19437782  0.5821223 ]
 [ 0.03299999  0.25520548]
 [ 2.6733136  -1.1072003 ]]
Peso 2:
[-0.7900782  1.05993  ]
Camada: saida
Peso 1:
[[ 2.3465574  -1.8569905 ]
 [-0.86799634  1.8557042 ]]
Peso 2:
[-0.8277582  0.8277588]



pesos modelo: 
Test loss: 0.8408, Test accuracy: 0.8020
Camada: meio
Peso 1:
[[-0.42345756  0.50852174]
 [-0.282996    0.27646002]
 [ 0.12288399 -0.13519773]
 [ 0.11665949 -0.15169114]
 [-0.08893224 -0.45484138]
 [ 0.0802708   0.18680726]
 [ 0.09897692 -0.00952769]
 [ 0.06187966  0.35190257]
 [ 1.1332016   0.47961625]
 [ 0.12375568 -0.1901961 ]
 [ 0.10207809 -0.03919394]
 [-0.29700255  0.2575811 ]
 [ 0.12246288 -0.07363538]
 [ 0.13003887 -0.18082927]
 [ 1.2242397   0.19740036]
 [ 0.10821491 -0.01906288]
 [ 0.10196814  0.09768836]
 [ 0.11595915 -0.11988413]
 [-2.5801275  -0.818347  ]]
Peso 2:
[2.2850938 0.4473942]
Camada: saida
Peso 1:
[[-2.0725095   3.0863595 ]
 [-1.3934273   0.24633081]]
Peso 2:
[ 3.269497  -3.2694993]



pesos modelo: 
Test loss: 1.3547, Test accuracy: 0.7080
Camada: meio
Peso 1:
[[ 4.0833473e-02  1.9279748e-01]
 [ 7.0324612e-01 -2.0203680e-01]
 [ 4.8285037e-01  4.1933650e-01]
 [-1.2180574e-01  6.0186464e-02]
 [ 3.7231621e-01 -3.8694984e-01]
 [ 4.3830687e-01  4.2221287e-01]
 [ 4.9612379e-01  4.2468929e-01]
 [-1.6966011e-01  3.7911981e-02]
 [-4.1380540e-01  9.5598280e-01]
 [ 1.4407095e-01  2.1152838e-01]
 [-1.4487922e-01  3.8851622e-02]
 [ 6.9793040e-01 -1.9997644e-01]
 [ 4.0101057e-01  3.5566479e-01]
 [ 1.5685003e-01  2.9093665e-01]
 [-4.7491294e-01  1.1873332e+00]
 [ 1.5888583e-03  1.4771891e-01]
 [ 4.2808613e-01  3.9250448e-01]
 [ 3.6027673e-01  3.4215376e-01]
 [ 1.5517431e+00 -2.1426425e+00]]
Peso 2:
[-0.3363093  1.7380642]
Camada: saida
Peso 1:
[[ 2.033339   -0.64970607]
 [-2.2043927   2.2095656 ]]
Peso 2:
[-0.05151419  0.05151695]



pesos modelo: 
Test loss: 0.8652, Test accuracy: 0.7971
Camada: meio
Peso 1:
[[-0.28272572 -0.10474122]
 [ 0.06799358 -0.34304297]
 [ 0.07810224  0.13032894]
 [ 0.07521541  0.12151993]
 [-0.34617007 -0.02804995]
 [ 0.04889547  0.09745486]
 [ 0.10633785  0.05722849]
 [ 0.14104992  0.09405142]
 [ 0.82006806  0.814489  ]
 [ 0.11110014  0.0630706 ]
 [ 0.1275854   0.08459124]
 [-0.3592151   0.02014189]
 [ 0.10219755  0.06809555]
 [ 0.05265405  0.14694972]
 [ 1.0698955   0.85074306]
 [ 0.16975167  0.09100767]
 [ 0.06653368  0.10329434]
 [ 0.05631503  0.1017675 ]
 [-1.6897389  -2.2180173 ]]
Peso 2:
[1.4615885 1.6945952]
Camada: saida
Peso 1:
[[-0.6742542  2.5874603]
 [-2.9392633  1.1317277]]
Peso 2:
[ 3.262888  -3.2628906]



pesos modelo: 
Test loss: 0.7176, Test accuracy: 0.8185
Camada: meio
Peso 1:
[[-0.26538965  0.48396248]
 [-0.20011419 -0.32087252]
 [ 0.0912301   0.20768811]
 [ 0.10458094 -0.3674417 ]
 [-0.17769279 -0.3888035 ]
 [ 0.10470264 -0.3420465 ]
 [ 0.09003463 -0.55134976]
 [ 0.08375727 -0.03272326]
 [ 1.1442752   0.36038944]
 [ 0.09996186  0.30891186]
 [ 0.08586386  0.02086303]
 [-0.15769309 -0.35729954]
 [ 0.10065471 -0.00843523]
 [ 0.09870586  0.10155684]
 [ 1.0688145  -0.47656304]
 [ 0.09677009 -0.43535814]
 [ 0.10162663  0.03776383]
 [ 0.09114093 -0.4958628 ]
 [-2.5780268  -0.47810793]]
Peso 2:
[ 2.2570407  -0.20184664]
Camada: saida
Peso 1:
[[-2.62055    2.7870944]
 [ 1.037989  -1.1100224]]
Peso 2:
[ 3.2609737 -3.260971 ]



pesos modelo: 
Test loss: 0.8607, Test accuracy: 0.7602
Camada: meio
Peso 1:
[[ 0.47833616 -0.45620823]
 [-0.20583363  0.38370687]
 [ 0.35013348  0.52292305]
 [ 0.17830564  0.08697498]
 [ 0.01921321  0.88610935]
 [ 0.08450062 -0.17053832]
 [ 0.3348686   0.53421324]
 [ 0.41136643  0.62946486]
 [ 0.9954545  -0.11769629]
 [ 0.30646765  0.46964037]
 [ 0.34623152  0.5212781 ]
 [-0.37863243  0.05674132]
 [ 0.13937184  0.01262828]
 [ 0.25889146  0.36500058]
 [ 0.8378819  -0.15140425]
 [ 0.18723142  0.19330333]
 [ 0.12966424  0.04020904]
 [ 0.23034708  0.22695786]
 [-2.5361629   1.1347275 ]]
Peso 2:
[1.8064384  0.11690037]
Camada: saida
Peso 1:
[[-2.6488976  2.2633111]
 [ 1.5842748 -0.5456636]]
Peso 2:
[ 0.72885936 -0.7288593 ]



pesos modelo: 
Test loss: 0.5960, Test accuracy: 0.8084
Camada: meio
Peso 1:
[[-0.5164882   0.24585193]
 [ 0.20037119 -0.18069704]
 [-0.18718259  0.03052662]
 [-0.16335532  0.00537754]
 [ 0.74038386  0.19855481]
 [ 0.03233026  0.1904504 ]
 [ 0.19011284  0.35875386]
 [ 0.3619696   0.48885065]
 [-0.29540348  0.9420736 ]
 [ 0.38520828  0.47432357]
 [ 0.00448534  0.18044852]
 [ 0.35763767 -0.20047395]
 [ 0.07291298  0.20506401]
 [ 0.3168596   0.4348878 ]
 [-0.728041    0.6565408 ]
 [ 0.05168249  0.2618776 ]
 [ 0.03658734  0.19930203]
 [-0.02771538  0.09837749]
 [ 2.2672706  -2.0549865 ]]
Peso 2:
[-0.40623155  1.2632606 ]
Camada: saida
Peso 1:
[[ 1.2385646 -2.0218692]
 [-1.2882855  2.367302 ]]
Peso 2:
[-0.31653348  0.31653443]



pesos modelo: 
Test loss: 1.1426, Test accuracy: 0.7199
Camada: meio
Peso 1:
[[-2.76482046e-01  1.68060720e-01]
 [ 6.72025681e-01  2.30153784e-01]
 [-9.79619697e-02 -3.21859196e-02]
 [ 7.57763907e-02  3.79451811e-01]
 [ 7.80991733e-01  5.54875314e-01]
 [ 1.03860013e-01  4.38216388e-01]
 [ 4.77724895e-02  3.38913828e-01]
 [-3.42385471e-02  1.49285719e-01]
 [-9.46304083e-01  4.50142145e-01]
 [-5.88321947e-02  1.18558355e-01]
 [ 1.37738526e-01  5.55043817e-01]
 [ 4.05015111e-01 -3.27608407e-01]
 [-8.58438835e-02  3.66599821e-02]
 [ 2.49760877e-02  3.42048883e-01]
 [-9.58305597e-01  5.52711129e-01]
 [ 1.51690736e-01  6.14367843e-01]
 [ 3.14471573e-02  2.78274804e-01]
 [-1.07662670e-01 -1.82985037e-03]
 [ 2.82434154e+00 -5.11937797e-01]]
Peso 2:
[-0.7181119   0.92839336]
Camada: saida
Peso 1:
[[ 1.8278553  -2.5955846 ]
 [-0.64923763  1.441936  ]]
Peso 2:
[-1.7104093  1.7104098]



pesos modelo: 
Test loss: 0.5133, Test accuracy: 0.8348
Camada: meio
Peso 1:
[[ 0.02756554 -0.18548152]
 [ 0.3381581  -0.13552883]
 [ 0.01180321  0.17893776]
 [-0.07258359  0.09668912]
 [ 0.63334185  0.08684555]
 [ 0.3521806   0.49271128]
 [-0.20585819 -0.0373505 ]
 [-0.12172347  0.02229606]
 [-0.31303728  0.89554644]
 [ 0.37494957  0.5336389 ]
 [ 0.2540952   0.43791053]
 [ 0.7387117   0.18269305]
 [ 0.27472994  0.4567164 ]
 [-0.04706482  0.05920489]
 [-0.72469336  0.9612256 ]
 [-0.21749084 -0.04920819]
 [ 0.03783811  0.20050906]
 [ 0.03803758  0.21381043]
 [ 2.381028   -1.7650176 ]]
Peso 2:
[-0.58026665  1.1541357 ]
Camada: saida
Peso 1:
[[ 2.3634245 -1.1606696]
 [-2.252445   1.2492455]]
Peso 2:
[-0.5782059   0.57820874]



pesos modelo: 
Test loss: 0.9181, Test accuracy: 0.7613
Camada: meio
Peso 1:
[[-0.0813719  -0.21906582]
 [ 0.80285764  0.32270184]
 [ 0.16398622  0.39671   ]
 [-0.20513517 -0.09921828]
 [ 0.5460954  -0.0276639 ]
 [ 0.24178308  0.5607875 ]
 [ 0.31699395  0.6814314 ]
 [-0.04445447  0.09239102]
 [-0.80960435  0.9540499 ]
 [-0.10694143  0.03268368]
 [-0.1905618  -0.0857031 ]
 [ 0.6354527   0.07656435]
 [-0.25813246 -0.17531252]
 [ 0.0440785   0.22577369]
 [-0.96615684  0.40734896]
 [ 0.13461162  0.37908337]
 [ 0.14689425  0.42508382]
 [ 0.27448633  0.5596282 ]
 [ 2.425143   -1.383573  ]]
Peso 2:
[-0.72234845  1.1350996 ]
Camada: saida
Peso 1:
[[ 2.4118726 -1.6857306]
 [-0.7101058  2.1459394]]
Peso 2:
[-1.038936   1.0389378]



pesos modelo: 
Test loss: 0.5984, Test accuracy: 0.8375
Camada: meio
Peso 1:
[[ 0.24952805 -0.27781138]
 [-0.09388813  0.02388484]
 [ 0.11404289  0.20271215]
 [ 0.13542919  0.16663176]
 [-0.12019654 -0.2828142 ]
 [ 0.13128091 -0.4061549 ]
 [ 0.12945198 -0.37049434]
 [ 0.12269973  0.11765762]
 [ 1.0910301   0.18012065]
 [ 0.13298272 -0.3253308 ]
 [ 0.10904077  0.42153826]
 [-0.06652234 -0.38403338]
 [ 0.11004007  0.1587572 ]
 [ 0.12652712  0.3657896 ]
 [ 1.0292714   0.21359235]
 [ 0.12705812 -0.10381809]
 [ 0.13630359 -0.4773988 ]
 [ 0.10917684  0.01140815]
 [-2.9365335  -0.25843692]]
Peso 2:
[2.1043565  0.04632919]
Camada: saida
Peso 1:
[[-2.9152136   2.261255  ]
 [-0.3803726   0.19773723]]
Peso 2:
[ 3.2644541 -3.2644587]



pesos modelo: 
Test loss: 0.1872, Test accuracy: 0.9257
Camada: meio
Peso 1:
[[ 0.3887385   0.29676402]
 [-0.1688002   0.46921277]
 [-0.40601152 -0.05420589]
 [ 0.33013776 -0.05517849]
 [-0.22738652  0.51205033]
 [-0.0414862  -0.08028583]
 [-0.32022008 -0.05331417]
 [-0.23554125 -0.08364773]
 [-0.5282873  -0.759069  ]
 [-0.36564    -0.06599584]
 [-0.06094532 -0.07037436]
 [-0.16399132  0.48932087]
 [ 0.29297575 -0.06799775]
 [ 0.16429928 -0.03456381]
 [-0.5234959  -0.7209294 ]
 [-0.37724224 -0.04311271]
 [-0.47549224 -0.05114961]
 [-0.07047462 -0.06774773]
 [ 0.07574882  3.025555  ]]
Peso 2:
[-0.03168874 -0.5378781 ]
Camada: saida
Peso 1:
[[-0.70005053  0.88255316]
 [ 3.187757   -1.1881657 ]]
Peso 2:
[-3.3194296  3.3194306]



pesos modelo: 
Test loss: 0.7529, Test accuracy: 0.7929
Camada: meio
Peso 1:
[[ 0.12335294  0.21160585]
 [ 0.6355315   0.1438669 ]
 [ 0.18979613  0.48731568]
 [-0.26743442 -0.10793658]
 [ 0.555772    0.10012504]
 [-0.15889494 -0.01303321]
 [-0.16291338 -0.02522182]
 [ 0.2363273   0.51857775]
 [-0.8174938   0.7348708 ]
 [ 0.05446604  0.27306733]
 [ 0.09698917  0.36286923]
 [ 0.657052    0.2308364 ]
 [ 0.02554415  0.2159789 ]
 [-0.01648342  0.23284794]
 [-0.73665947  0.91247267]
 [ 0.05540966  0.3045329 ]
 [ 0.01808285  0.21888727]
 [ 0.08016449  0.292745  ]
 [ 2.5121489  -1.5794055 ]]
Peso 2:
[-0.60584265  1.0498022 ]
Camada: saida
Peso 1:
[[ 2.001533   -1.9470421 ]
 [-2.548724    0.41498128]]
Peso 2:
[-0.79166806  0.79167277]



pesos modelo: 
Test loss: 0.3803, Test accuracy: 0.8655
Camada: meio
Peso 1:
[[-0.02888304 -0.05380878]
 [-0.17943557  0.05409294]
 [ 0.11151398  0.13728762]
 [ 0.13548563 -0.34143946]
 [-0.07442694 -0.884323  ]
 [ 0.13307445  0.05214496]
 [ 0.1281313  -0.11964732]
 [ 0.11591706  0.4083777 ]
 [ 0.95110625 -0.24271972]
 [ 0.16443071 -0.40691778]
 [ 0.15527755 -0.3780378 ]
 [-0.2235924   0.19876881]
 [ 0.10356447  0.3472655 ]
 [ 0.1216975   0.35916752]
 [ 0.9566511   0.23564865]
 [ 0.12702999  0.3805229 ]
 [ 0.15083015 -0.41656375]
 [ 0.11143691  0.0197937 ]
 [-2.849402   -0.5572409 ]]
Peso 2:
[2.1645396  0.18253224]
Camada: saida
Peso 1:
[[-1.8172011   3.267434  ]
 [-0.14762716  0.88179976]]
Peso 2:
[ 3.2515774 -3.2515807]



pesos modelo: 
Test loss: 0.3447, Test accuracy: 0.8630
Camada: meio
Peso 1:
[[ 1.61052287e-01  4.87269700e-01]
 [ 5.15631497e-01 -6.49970919e-02]
 [-6.23196587e-02  7.91541189e-02]
 [-1.06457345e-01 -1.88926309e-01]
 [ 4.29245204e-01 -3.49825650e-01]
 [-1.33396461e-04  3.68099004e-01]
 [ 4.91730869e-03  5.37242711e-01]
 [ 1.80884264e-02  7.26155758e-01]
 [-6.70540512e-01  6.48503065e-01]
 [ 1.04273222e-02  4.81389046e-01]
 [-7.96169564e-02 -8.26121643e-02]
 [ 5.32353461e-01  5.76175213e-01]
 [-1.04704984e-01 -2.83459663e-01]
 [-5.97090125e-02 -1.47076296e-02]
 [-6.66504145e-01  4.48207170e-01]
 [-5.53148203e-02  2.46509276e-02]
 [-8.20735395e-02 -1.97231948e-01]
 [-4.99877110e-02  5.78779951e-02]
 [ 3.03174233e+00  3.21982473e-01]]
Peso 2:
[-0.49329984  0.52049696]
Camada: saida
Peso 1:
[[ 2.176331   -2.3784864 ]
 [-1.3306509  -0.14757201]]
Peso 2:
[-2.9203422  2.9203413]



pesos modelo: 
Test loss: 0.2284, Test accuracy: 0.9134
Camada: meio
Peso 1:
[[ 3.7259990e-01  2.9425901e-01]
 [ 3.9439401e-01  5.1044637e-01]
 [-3.3958457e-02 -1.1382947e-01]
 [-7.8950405e-02  6.1200567e-02]
 [ 4.6969640e-01  1.9692612e-01]
 [ 2.4922000e-02 -3.7647375e-01]
 [-8.0933310e-02  1.2501411e-01]
 [-2.7557354e-02 -1.1741506e-01]
 [-6.5241832e-01 -4.5900527e-01]
 [ 2.1802017e-03 -2.1668042e-01]
 [-6.2716700e-02  5.0850864e-02]
 [ 3.7991908e-01  5.7867795e-01]
 [-5.1005088e-02 -4.1014366e-02]
 [-4.8516221e-02  2.1720747e-04]
 [-6.2866873e-01 -4.0130746e-01]
 [-5.0507399e-05 -2.2976577e-01]
 [-7.3853448e-02  3.9396133e-02]
 [-2.1279622e-02 -1.7765811e-01]
 [ 2.7513034e+00  1.3531876e+00]]
Peso 2:
[-0.5371346 -0.4568058]
Camada: saida
Peso 1:
[[ 1.1435035  -2.8791153 ]
 [-0.12557688 -1.7692362 ]]
Peso 2:
[-3.3399882  3.3399901]



pesos modelo: 
Test loss: 0.2691, Test accuracy: 0.8823
Camada: meio
Peso 1:
[[ 0.49057716 -0.06016192]
 [-0.51596904 -0.11743613]
 [-0.26918563  0.11643565]
 [-0.03977588  0.11618783]
 [-0.48636135 -0.12475099]
 [ 0.13903156  0.11601663]
 [-0.17110835  0.10683861]
 [-0.07758703  0.12068506]
 [ 0.28334904  0.87261796]
 [ 0.46191388  0.10645538]
 [-0.3507987   0.12190191]
 [-0.49287966 -0.11569443]
 [-0.5363069   0.09978709]
 [-0.39938173  0.12096343]
 [ 0.31499675  0.8929455 ]
 [-0.44144526  0.11758745]
 [-0.502113    0.11177438]
 [ 0.11792135  0.11497027]
 [-0.01283705 -2.8587315 ]]
Peso 2:
[-0.07152434  2.1973794 ]
Camada: saida
Peso 1:
[[ 0.31023264 -0.10245413]
 [-2.5881064   2.590807  ]]
Peso 2:
[ 3.2580106 -3.2580101]



pesos modelo: 
Test loss: 0.4879, Test accuracy: 0.8596
Camada: meio
Peso 1:
[[-0.08720165 -0.00593883]
 [-0.09786621 -0.33730358]
 [ 0.11005455 -0.51957405]
 [ 0.09737691 -0.04048762]
 [-0.12516755 -0.6295648 ]
 [ 0.10114676  0.28197578]
 [ 0.11054004  0.08934185]
 [ 0.12020121 -0.21693224]
 [ 1.0200794   0.22244352]
 [ 0.11337397 -0.3920829 ]
 [ 0.12243707  0.26554465]
 [-0.14962168 -0.03181468]
 [ 0.11947194  0.01047906]
 [ 0.10834306  0.25222033]
 [ 1.0433196  -0.39686483]
 [ 0.11754555  0.0633176 ]
 [ 0.10527622  0.27142096]
 [ 0.11618964 -0.2049091 ]
 [-2.8225746   0.15756808]]
Peso 2:
[ 2.1887462  -0.11501377]
Camada: saida
Peso 1:
[[-2.2057092   3.0431309 ]
 [-0.95840615  0.318872  ]]
Peso 2:
[ 3.2649748 -3.264973 ]



pesos modelo: 
Test loss: 0.9321, Test accuracy: 0.7609
Camada: meio
Peso 1:
[[ 0.27183878 -0.1439836 ]
 [-0.14916526 -0.39481318]
 [ 0.10728371  0.10860445]
 [ 0.1104071  -0.22693574]
 [-0.1512611   0.15063162]
 [ 0.09714114  0.03809449]
 [ 0.10054191 -0.44360974]
 [ 0.1006898   0.30317494]
 [ 1.1534045   0.21589088]
 [ 0.11513761  0.21799415]
 [ 0.10275456 -0.08367909]
 [-0.13822818 -0.22005908]
 [ 0.08657829  0.15771121]
 [ 0.10675659 -0.38961872]
 [ 1.1277872   0.0937973 ]
 [ 0.10743139 -0.24279709]
 [ 0.1058268   0.13872053]
 [ 0.11757158 -0.5744652 ]
 [-2.7501338   0.12066889]]
Peso 2:
[ 2.2485507  -0.20865911]
Camada: saida
Peso 1:
[[-3.0670314   2.1856043 ]
 [ 0.97320855  0.44408157]]
Peso 2:
[ 3.2599766 -3.2599819]
