


pesos modelo: 
Test loss: 0.2446, Test accuracy: 0.8984
Camada: meio
Peso 1:
[[ 0.4586926   0.5070551  -0.47790766 -0.0816817  -0.27185398 -0.13835874]
 [ 0.09984416 -0.16181311 -0.18639317 -0.42497018  0.43540603  0.36585343]
 [ 0.30287653 -0.40873232  0.34031194 -0.01343501 -0.1247429  -0.2490069 ]
 [-0.01409413  0.28228423  0.26966473  0.13671716  0.03338625  0.1558023 ]
 [ 0.20828427 -0.19695099  0.23042303 -0.31470805  0.04265109 -0.06368703]
 [-0.1471675   0.40087155  0.28956112  0.09858462 -0.2931353   0.38158447]
 [-0.4421727   0.3965026   0.30189693  0.05571785  0.41006675 -0.03069323]
 [-0.2151203   0.29597276 -0.14243178 -0.05585518  0.1482777  -0.09190719]
 [ 0.07407571  0.18165122 -0.2539587   0.3421584  -0.21448527 -0.0811839 ]
 [ 0.07496499  0.1082253   0.07258386 -0.04103455 -0.09709637  0.05533886]
 [ 0.34072804 -0.13262735  0.51686555 -0.18377537  0.34995723 -0.01314381]
 [-0.263824    0.32450143  0.30140445  0.32863966  0.03552091  0.17049034]
 [-0.03181502  0.17526817  0.21875452 -0.14798456 -0.1551076   0.19174974]
 [ 0.03125756  0.55240154  0.6113137  -0.14512512  0.02044613 -0.577049  ]
 [ 0.66568977 -0.21848048  0.483763   -0.13445085  0.55942327  0.55760485]
 [-0.17441425  0.79151416  0.4352941   0.1470327   0.00764553 -0.3372087 ]
 [-0.51308745 -0.6783371  -0.88949704  0.4998571   1.2970966   2.295537  ]]
Peso 2:
[ 0.25848943  0.68486845  0.5371464   0.01140181 -0.22237076 -0.33107996]
Camada: saida
Peso 1:
[[-0.283139    0.5712145 ]
 [-1.0666461   0.8264746 ]
 [-1.0945265   0.8393922 ]
 [ 0.3163166  -0.06638254]
 [ 0.7988553  -0.8329869 ]
 [ 1.4081898  -1.8717067 ]]
Peso 2:
[-0.6637521  0.6637518]



pesos modelo: 
Test loss: 0.2247, Test accuracy: 0.8915
Camada: meio
Peso 1:
[[-0.21493387 -0.47456598  0.09615093 -0.32993662  0.36747968  0.3855545 ]
 [-0.46405134  0.06579417  0.17847657  0.08337241 -0.3085428   0.26454598]
 [-0.3370158  -0.26059872  0.24840629  0.23831022  0.1046285  -0.12086967]
 [-0.095264   -0.4779956   0.07719912  0.08131627  0.22857182  0.20525321]
 [ 0.45156106 -0.46812832  0.25262856  0.11482662  0.11363282  0.30920848]
 [ 0.41975203 -0.12725705  0.15857877  0.45006958  0.01706643  0.28570414]
 [ 0.2684452  -0.35645604  0.2807105  -0.254446    0.02570908 -0.1358418 ]
 [ 0.4645348   0.3930135   0.07910442  0.54900545  0.19389476  0.5617189 ]
 [ 0.07617706 -0.307002    0.27683794  0.23544288 -0.05738274  0.1434591 ]
 [ 0.06129467 -0.4017484   0.275694    0.25445005 -0.00525717  0.24724743]
 [-0.51854604 -0.34028637  0.39455107  0.17719683  0.16569036  0.5801457 ]
 [-0.37676767  0.12033274  0.38896525  0.12586336  0.20192282  0.61029124]
 [-0.33234712 -0.22503166  0.23619474 -0.20482475  0.383075    0.4821667 ]
 [ 0.00819071 -0.45292443  0.3256039   0.409823    0.57038236 -0.3920209 ]
 [-0.19968544 -0.28764167 -0.22321291  0.10730418  0.42243642  0.8607413 ]
 [ 0.2434626  -0.49098185  0.26796624  0.54694486  0.5105035  -0.44480652]
 [-0.19847533 -0.18779524 -1.6360736  -1.1841925  -1.8114878   1.0026478 ]]
Peso 2:
[-0.02974589 -0.0015302   0.7419645   0.44709474  0.8864673   0.18386763]
Camada: saida
Peso 1:
[[ 0.35214728  0.40482566]
 [ 0.54582447  0.4222196 ]
 [-1.4019171   1.0592417 ]
 [-0.9152127   0.7698676 ]
 [-1.7059987   1.4099417 ]
 [ 1.7879385  -0.32199895]]
Peso 2:
[ 0.5286961  -0.52869594]



pesos modelo: 
Test loss: 0.0709, Test accuracy: 0.9715
Camada: meio
Peso 1:
[[ 3.6935097e-01  4.1011870e-01 -5.0979376e-02  3.3211368e-01
   3.3859158e-01 -3.7309137e-01]
 [ 1.4847738e-01  9.9466562e-02  4.6343982e-02 -5.6335568e-02
  -3.1496781e-01 -2.4087572e-01]
 [ 1.5733296e-01 -3.8759676e-01  4.3381405e-01  6.0122132e-02
   4.1413295e-01  3.6307627e-01]
 [-9.5736030e-03 -4.0974441e-01 -4.2065758e-01  2.2673056e-01
   4.4301254e-01  4.5740804e-01]
 [ 4.9776260e-02 -9.5497005e-02  2.1635740e-01  4.5840491e-02
   1.0066399e-01  1.9783185e-01]
 [ 1.8399566e-01 -2.1677041e-01 -2.4909407e-01 -7.9163939e-02
  -1.6886073e-01 -7.1847081e-02]
 [ 1.8822059e-01  3.3511065e-02  4.3209147e-01  1.1091019e-01
   8.3550289e-02  2.4018088e-01]
 [ 4.0179583e-01 -2.7222064e-01 -8.9405678e-02  3.5818955e-01
   2.6509354e-01  4.5075288e-01]
 [ 1.9610924e-01  2.4501638e-01 -3.8998938e-01  2.1859901e-03
  -1.7603484e-01  7.4228957e-02]
 [-3.7308034e-02 -4.4835657e-01 -2.3126078e-01  7.4383371e-02
  -3.2555380e-01  3.4919187e-01]
 [-1.6860461e-01  3.2770479e-01 -4.4536063e-01 -1.5331957e-01
  -3.8069889e-01  4.0045384e-02]
 [ 6.2225103e-01 -1.9408073e-01 -3.9729983e-01  5.0828796e-02
  -4.5311502e-01 -7.4773103e-02]
 [-7.4111722e-02  1.3530551e-01  1.9405341e-01 -5.0606512e-02
   2.4067481e-01  1.2326214e-01]
 [ 6.0068822e-01 -5.9987791e-02  8.8512167e-02 -2.2643366e-01
   3.7694260e-01  6.0328597e-01]
 [-3.0001634e-01  3.3141375e-01 -1.6032478e-01  5.9244627e-01
  -3.4223282e-01  5.1076388e-01]
 [ 6.7303187e-01  3.5235244e-01  5.7367023e-02 -1.6321342e-01
   1.9934697e-01  7.0923603e-01]
 [-4.3963432e-01 -5.5522583e-02  4.7180060e-01  2.4544213e+00
  -1.5679245e-01 -1.6893908e+00]]
Peso 2:
[ 0.45895135 -0.0079688  -0.02620258 -0.1843305   0.02512867  0.8565918 ]
Camada: saida
Peso 1:
[[-1.1101294   0.19285335]
 [-0.7302845  -0.55631864]
 [ 0.6869272  -0.25110286]
 [ 2.2113717  -1.1509795 ]
 [-0.65337265 -0.40865365]
 [-0.78751314  1.9331143 ]]
Peso 2:
[-0.42416385  0.42416397]



pesos modelo: 
Test loss: 0.2055, Test accuracy: 0.8978
Camada: meio
Peso 1:
[[ 0.19528759 -0.34475094 -0.5014066   0.3574226  -0.04608217  0.17939705]
 [ 0.04025263  0.5024722   0.0540778   0.47345287 -0.17248178 -0.3213739 ]
 [-0.43182844  0.06645602 -0.22498345  0.2431317  -0.11488938 -0.05004501]
 [ 0.21085736  0.3266426   0.5344762  -0.00355559  0.2731036  -0.26954457]
 [ 0.32987848  0.49130148  0.26130834 -0.17718393  0.19365498 -0.3775877 ]
 [ 0.20250243  0.3923819   0.444153    0.23079404  0.41708118 -0.47701856]
 [ 0.29092285 -0.1608459   0.29877818  0.5096462   0.5439523   0.35553443]
 [-0.11997485  0.4845976   0.21292342  0.37751624  0.15216674 -0.42444047]
 [ 0.28259698 -0.43719345 -0.17491534 -0.03542889 -0.07429007 -0.33497402]
 [ 0.5257544  -0.16934451  0.28218043  0.06039425  0.3659436  -0.15737785]
 [-0.01399028 -0.45527408 -0.24138096 -0.02614199 -0.33651152  0.30955476]
 [ 0.00284346  0.13676217  0.29998863  0.49145505  0.31960443 -0.09332202]
 [ 0.11780923 -0.38358244 -0.2864794   0.45582587  0.05304048  0.35981044]
 [ 0.30319965  0.07357663  0.5912893   0.49789393 -0.0029715  -0.47041017]
 [ 0.2880306  -0.2673283   0.01931148 -0.16140096  0.4368633   0.05404103]
 [ 0.6436809  -0.13531779  0.14770044  0.32541424 -0.6254061  -0.45174837]
 [-1.4560004  -0.07963098 -0.839903   -1.1167405   2.1674402  -0.29374912]]
Peso 2:
[ 0.58367366  0.0730399   0.46277788  0.72857815 -0.13655244 -0.02536732]
Camada: saida
Peso 1:
[[-1.6433425   0.6524556 ]
 [-0.7091043  -0.22468854]
 [-1.2335919   0.36918318]
 [-1.4831926   0.576616  ]
 [ 0.934285   -2.1051888 ]
 [ 0.21623118 -0.02485732]]
Peso 2:
[-0.08336507  0.08336475]



pesos modelo: 
Test loss: 0.1296, Test accuracy: 0.9372
Camada: meio
Peso 1:
[[ 0.36196834  0.13367122 -0.18023193 -0.44626418  0.3273111  -0.33496577]
 [ 0.40194392  0.33888918  0.01045823 -0.10503781  0.3289621   0.47818834]
 [ 0.30275917  0.07321626 -0.3546655   0.04227978  0.22525036 -0.04367542]
 [ 0.34144434  0.33320835  0.25729603  0.35777575  0.3439759  -0.26058134]
 [-0.33289036  0.14088582  0.10471007 -0.2945938   0.24645728 -0.2798483 ]
 [ 0.4419182   0.17017527  0.03239758 -0.3128041   0.14577971 -0.3217131 ]
 [-0.32349303 -0.21725702  0.4102885   0.48328415  0.04007756 -0.14124073]
 [ 0.41275242  0.01838731  0.40344033  0.3072548   0.19415295 -0.02278283]
 [ 0.41590765  0.22896524  0.03374552  0.32545653  0.32047865  0.35024768]
 [ 0.3388151   0.12630378  0.1859405  -0.00751554  0.33295938  0.3169509 ]
 [-0.29675272  0.08745298  0.07328522 -0.27709907  0.26377788  0.04039972]
 [-0.442106   -0.06840622 -0.30692416 -0.2289515   0.22152375  0.45922726]
 [ 0.19994593  0.10570866 -0.07357424 -0.34320945  0.17489962  0.02793968]
 [ 0.49956158  0.01738804 -0.34271502 -0.4083419   0.62424284  0.35090393]
 [-0.24635372  0.33249286 -0.15387818 -0.1104136   0.18005794  0.20861778]
 [ 0.45267102 -0.4663838   0.01545718 -0.5138161   0.6656432   0.09109894]
 [-0.11106743  2.0018554   0.6826976  -0.4393815  -1.9742776   0.97144824]]
Peso 2:
[ 0.12411471 -0.14301823  0.03392543 -0.04552285  1.0133077   0.05955846]
Camada: saida
Peso 1:
[[ 0.03601563  0.69812757]
 [ 1.4321955  -1.3304625 ]
 [ 0.90419906  0.04460117]
 [-0.35773537 -0.50483125]
 [-1.8490741   1.562045  ]
 [ 0.37012193 -0.58811474]]
Peso 2:
[-0.20588091  0.20588091]



pesos modelo: 
Test loss: 0.5245, Test accuracy: 0.8084
Camada: meio
Peso 1:
[[-0.47800082 -0.33285555 -0.3986988  -0.13095346 -0.25246304  0.404469  ]
 [-0.14646408 -0.02651089  0.47543252 -0.32517493  0.23838049 -0.14210862]
 [-0.09884709 -0.36749065  0.4012441  -0.42625463  0.02134407  0.28293532]
 [-0.15604572 -0.3738266  -0.32561925  0.3000032   0.14510798  0.49359995]
 [ 0.06517798 -0.08772692 -0.5066751   0.06757392  0.04238544  0.18616214]
 [ 0.34952298  0.40763825 -0.40661907  0.22826637  0.32593405  0.1755234 ]
 [-0.31184185  0.38873088 -0.49623767  0.00923334  0.30896285  0.03689761]
 [-0.16189119 -0.35990924 -0.34429288  0.16546452  0.15152407  0.29889506]
 [-0.09020305  0.19752799 -0.4242598  -0.11407403 -0.279415    0.09462209]
 [ 0.2776233   0.08535359 -0.40988204  0.20720041 -0.13363591  0.39184287]
 [ 0.37131786  0.07001664 -0.02954905  0.00661771  0.3187227  -0.02040084]
 [ 0.2133252   0.38079467  0.44596866  0.28646287  0.27378178  0.26495877]
 [ 0.47493586  0.36102784 -0.43578777  0.16624272 -0.04668254  0.33110234]
 [-0.17691392  0.08269677 -0.32404208 -0.53315246  0.536145    0.34111112]
 [-0.05388286  0.25576374  0.10508963  0.44246423 -0.11771662  0.07878453]
 [-0.0638445  -0.494648   -0.35203314 -0.69401145  0.091842    0.55773884]
 [-0.30750892 -0.4013773   0.11247867  2.230289   -0.58627343 -1.5931717 ]]
Peso 2:
[ 0.06139636  0.02335755 -0.0121648  -0.24402     0.46598613  0.8345595 ]
Camada: saida
Peso 1:
[[-0.20849366  0.1603314 ]
 [ 0.4940148   0.8761252 ]
 [ 0.78235275 -0.40133965]
 [ 2.1613312  -1.2018087 ]
 [-0.0196278   1.2304646 ]
 [-1.5824205   1.373907  ]]
Peso 2:
[-0.36237043  0.36237055]



pesos modelo: 
Test loss: 0.4614, Test accuracy: 0.8249
Camada: meio
Peso 1:
[[ 3.55929852e-01 -4.06027853e-01  1.09605432e-01 -2.98086345e-01
  -1.81877434e-01  4.81692553e-02]
 [ 7.02531934e-02  3.52192044e-01  2.32432067e-01 -4.04747427e-02
   1.97495222e-01 -1.70057774e-01]
 [ 5.32861352e-02  2.63710380e-01 -1.20703191e-01 -3.85812879e-01
  -4.96747583e-01  5.05983829e-04]
 [-4.96990085e-02  5.36717117e-01  1.62199125e-01  9.88957509e-02
   4.17977691e-01  2.79525697e-01]
 [-4.65800799e-02  2.04878420e-01  2.87402183e-01  2.43097395e-02
  -2.08239436e-01  4.88253497e-02]
 [ 3.84279758e-01 -1.42060131e-01  1.36977762e-01  6.38705567e-02
  -3.92743081e-01  4.02857542e-01]
 [ 1.52906880e-01  2.73254663e-02 -1.86682388e-01  3.15231867e-02
   2.03033999e-01  1.56509042e-01]
 [ 3.17359686e-01 -3.88409719e-02 -1.81221552e-02  4.39610928e-02
  -1.06865525e-01 -2.94393688e-01]
 [ 1.63761735e-01 -3.98145930e-04  1.56139910e-01 -5.91933243e-02
   2.87666112e-01 -1.70686632e-01]
 [-2.84770191e-01  5.76376259e-01 -4.41924721e-01  8.28372836e-02
  -8.15056786e-02  3.26957822e-01]
 [ 4.93545532e-01  4.01606172e-01 -3.43931705e-01  2.76754290e-01
   3.45140576e-01  4.26946521e-01]
 [ 3.25148553e-01  2.40182504e-01  1.06511146e-01  1.29771307e-01
   1.67471707e-01 -4.25732851e-01]
 [-2.39538148e-01  4.52198297e-01 -4.82071668e-01  1.10068740e-02
   8.43905434e-02 -4.11024123e-01]
 [ 4.33536828e-01  7.49023616e-01  8.90068859e-02 -3.32547933e-01
  -4.15175498e-01 -2.64131933e-01]
 [ 1.35721251e-01  3.10977772e-02 -5.22955060e-01  3.54254335e-01
  -7.08863884e-02 -3.28744918e-01]
 [ 7.04547346e-01  4.74348105e-02 -1.52526293e-02 -5.37796974e-01
  -3.92346531e-01 -4.27734673e-01]
 [-5.81030905e-01 -8.56938422e-01  3.30159277e-01  2.60522056e+00
   6.60441518e-01 -8.57391804e-02]]
Peso 2:
[ 0.6270819   0.6758798   0.00483424 -0.25684455  0.00711577  0.01014451]
Camada: saida
Peso 1:
[[-1.2177339   0.532847  ]
 [-1.2529567   0.7909896 ]
 [-0.73645777 -0.13747936]
 [ 1.9755967  -1.8925233 ]
 [ 0.9889363   0.38639486]
 [-0.79291165 -0.6456549 ]]
Peso 2:
[-0.671581    0.67158014]



pesos modelo: 
Test loss: 0.1209, Test accuracy: 0.9454
Camada: meio
Peso 1:
[[ 0.503902    0.2949903  -0.12664452  0.4809804  -0.21035984  0.04759103]
 [ 0.08495194  0.2228356  -0.22751781 -0.27600315  0.23620766  0.44963604]
 [-0.13263553  0.03286916 -0.05787614 -0.08545753  0.22499853  0.17357266]
 [ 0.42258254  0.23027939  0.37088278  0.28792372  0.03901693  0.14147249]
 [ 0.43809372  0.02364363  0.21476431 -0.00786649 -0.1079296  -0.01108131]
 [-0.29334608 -0.02048719  0.00852938  0.54958326  0.09760303 -0.3499162 ]
 [ 0.38209164 -0.13205893  0.52613086  0.4057497   0.39330837  0.21596812]
 [ 0.42196348 -0.15118653  0.07662778  0.24119435  0.20329684  0.23702416]
 [ 0.45724508  0.27414873 -0.4022932   0.5014627   0.12284001  0.38785556]
 [ 0.31387928 -0.27748325  0.3790233  -0.12897152 -0.00300091  0.03985778]
 [-0.04303114  0.3390831   0.1324779   0.4876787   0.21662731  0.3122819 ]
 [ 0.4817725   0.16571337  0.15580611  0.5421349   0.04579186 -0.24879974]
 [-0.3045179   0.13718504 -0.30385527  0.68251747  0.13563322 -0.27298304]
 [ 0.01699342 -0.42393583  0.00404367  0.35439563 -0.5632231   0.07253003]
 [ 0.3756068   0.34882662 -0.41022316 -0.10325589  0.26749521  0.49262935]
 [-0.3184182  -0.24806763  0.51548076  0.39587772 -0.65995795 -0.37303463]
 [ 0.48642394  0.93897146 -0.32363576 -1.2665644   2.264016   -0.6853131 ]]
Peso 2:
[-0.06204712 -0.10719018  0.30960977  0.6974941  -0.23393308  0.36190945]
Camada: saida
Peso 1:
[[ 0.638318    0.28977048]
 [ 0.651723   -1.0761417 ]
 [-0.5546786   0.3733042 ]
 [-1.1454382   1.19514   ]
 [ 1.9110484  -1.355806  ]
 [-0.83353335  0.8205612 ]]
Peso 2:
[-0.6794068   0.67940664]



pesos modelo: 
Test loss: 0.0944, Test accuracy: 0.9592
Camada: meio
Peso 1:
[[-0.40981683  0.14085543  0.3017376   0.1827783  -0.04196596 -0.4536324 ]
 [ 0.39383167 -0.2753104   0.270415    0.12009007 -0.32249582  0.26651543]
 [ 0.26819688  0.50887865  0.11439437 -0.5083142  -0.4072423  -0.31685323]
 [ 0.26770812  0.3664319   0.12079205 -0.14127338  0.18380561 -0.3289772 ]
 [ 0.22856659  0.00570452 -0.02203612 -0.39961156  0.31309995  0.16447572]
 [ 0.31829792  0.33623144  0.20145418 -0.4693391   0.184342    0.32515997]
 [-0.1691455   0.17290927 -0.00498923  0.16982825 -0.31683165  0.37869352]
 [ 0.3780336   0.37047252  0.19727892  0.09574449 -0.27393216  0.30989334]
 [-0.16020752  0.4852483   0.18273665 -0.28814587 -0.29974052  0.47400758]
 [-0.0536006   0.34469947  0.060307   -0.05437795 -0.15941255  0.44061288]
 [-0.3098586   0.196544   -0.04674932  0.36388427  0.47493166 -0.45134574]
 [ 0.41397536 -0.07943822 -0.04725337 -0.4701227   0.25481066 -0.3909663 ]
 [ 0.31064427  0.2098025   0.12485188 -0.48242095  0.34635013  0.01531261]
 [ 0.5279633   0.319456   -0.40521228 -0.41713062  0.23143734 -0.23304513]
 [ 0.3152692  -0.01290216  0.3253278  -0.2784806   0.43838966 -0.4042329 ]
 [-0.09040768  0.8789361  -0.6760846  -0.12298477 -0.4590407  -0.5062261 ]
 [-0.70869887 -1.1152256   2.615293   -0.13498631 -0.46381858 -0.23750688]]
Peso 2:
[ 0.2657737   0.71253645 -0.21570429  0.04851855 -0.00820445  0.00984584]
Camada: saida
Peso 1:
[[ 0.00569511  1.1560638 ]
 [-1.6336097   0.70915437]
 [ 1.7727637  -1.9691713 ]
 [-0.7182282   0.86988837]
 [-0.6820601  -0.27030116]
 [ 0.5444193   0.7969659 ]]
Peso 2:
[-0.6365165   0.63651633]



pesos modelo: 
Test loss: 0.0776, Test accuracy: 0.9826
Camada: meio
Peso 1:
[[ 2.9424626e-01 -3.8771510e-02 -9.5138013e-02  9.5506966e-02
  -1.9591802e-01  1.6629022e-01]
 [-2.3777932e-02 -2.2400513e-01 -2.9263371e-01  2.7132863e-01
   8.5437536e-02  4.7509664e-01]
 [-4.9794072e-01  2.4602002e-01 -1.5616843e-01 -2.8253567e-01
  -6.4917803e-02  3.6592150e-01]
 [-4.8026377e-01  4.1448385e-01 -1.0445393e-01  2.3670471e-01
   2.3319334e-01  3.6268204e-02]
 [-3.0992042e-02  2.9883066e-01  1.3568535e-01  4.4364700e-01
   2.2470912e-02  2.2189887e-01]
 [-1.8732212e-01 -3.0539203e-01  1.9119406e-01 -2.5884550e-02
  -3.6021784e-01 -4.5638271e-02]
 [ 4.9346969e-01  3.9846337e-01  1.7793094e-01 -9.5052414e-02
   1.6551861e-01  8.1702799e-02]
 [ 1.1383201e-01  2.2839865e-02  2.8895587e-01  3.9631262e-01
   7.6864846e-02  1.6253658e-01]
 [-3.5435879e-01 -3.3796191e-02  5.2848625e-01 -2.1851355e-01
  -8.4744307e-04  9.7820446e-02]
 [-6.8298215e-03 -2.3608378e-01  4.9999589e-01  3.1583351e-01
   1.6709681e-01  1.6919276e-01]
 [-4.5561489e-01  9.6183740e-02  2.8778610e-01  5.3847201e-02
   3.7390813e-01  1.5328444e-02]
 [-1.8103819e-01  5.9374201e-01 -3.6436532e-02  1.2046115e-01
  -3.7423146e-01  1.9468988e-01]
 [ 3.3195645e-01  4.0352216e-01  3.0437475e-01  1.7131449e-01
   5.1210892e-01  1.1803275e-01]
 [ 4.8947641e-01 -1.6261522e-01  3.3137715e-01  1.7635994e-01
   1.2110876e-01 -5.4253447e-01]
 [ 4.1091766e-02 -2.0899683e-01  1.5290669e-01  4.4186336e-01
   1.2462093e-01  4.4714966e-01]
 [-2.3978694e-01  1.5378776e-02  7.7267110e-01  4.4681087e-01
   6.3971914e-02 -6.1240476e-01]
 [ 3.6980313e-01 -7.0415896e-01 -1.1062201e+00 -8.4756052e-01
   7.1555346e-01  2.3749409e+00]]
Peso 2:
[-0.00668381  0.41121128  0.5288083   0.27487218 -0.11801519 -0.3318129 ]
Camada: saida
Peso 1:
[[-0.246223   -0.20794488]
 [-0.689428    0.86692137]
 [-1.6460416   0.44256246]
 [-0.8542675   0.48835042]
 [ 0.64665604 -0.16146319]
 [ 1.8123662  -1.7418278 ]]
Peso 2:
[-0.53317606  0.5331757 ]



pesos modelo: 
Test loss: 0.2369, Test accuracy: 0.9026
Camada: meio
Peso 1:
[[-0.04828539 -0.08481833  0.41058403 -0.45816654  0.26078993 -0.31052905]
 [-0.24695781  0.19763476  0.4285391   0.49402922 -0.11050117  0.05108631]
 [ 0.13548988  0.23937827 -0.38324934  0.08122289 -0.3933973   0.4710484 ]
 [-0.2096094   0.10897879  0.17455152 -0.34008902 -0.3262038  -0.02297197]
 [-0.40908927 -0.07030564  0.25314188 -0.36957556  0.16196759  0.21391508]
 [ 0.11588315 -0.09748308  0.0332645  -0.08947939  0.3653706  -0.02391758]
 [ 0.03284365  0.33676323  0.40890166 -0.41439041  0.11471216  0.05033505]
 [-0.13811262  0.4301464   0.38516897  0.26463598 -0.48857206 -0.05674368]
 [ 0.08917938 -0.1874672   0.06345492 -0.02983868 -0.43977323  0.02785958]
 [ 0.49904707  0.186308    0.4944785   0.10379661 -0.31773603  0.18230364]
 [-0.07210296  0.20207506  0.34330988 -0.31179646  0.4116823   0.095479  ]
 [-0.3507189   0.41643214  0.43089446  0.28637704 -0.24216574  0.01257472]
 [ 0.12640053  0.23979409  0.27330112 -0.4261144  -0.18230672 -0.0712802 ]
 [-0.19702451 -0.59749335  0.60404384  0.28303233 -0.37238103 -0.065816  ]
 [ 0.06122856  0.10074552  0.01194336 -0.04645145 -0.02390955  0.32135957]
 [-0.25585327 -0.03667403  0.8701583   0.17174822  0.10762095 -0.5704701 ]
 [-0.00480049  1.5590876  -1.3387662  -0.16763234 -0.02412138  2.0826685 ]]
Peso 2:
[-0.01406434 -0.25745815  0.8720759  -0.09077885  0.10569747 -0.20754679]
Camada: saida
Peso 1:
[[ 0.552958    0.41640863]
 [ 1.4964381  -0.6334293 ]
 [-1.7511959   1.199354  ]
 [-0.338799   -0.6695291 ]
 [-0.11545613  0.57724464]
 [ 1.6903483  -1.1713152 ]]
Peso 2:
[-0.501625    0.50162524]



pesos modelo: 
Test loss: 0.2090, Test accuracy: 0.9092
Camada: meio
Peso 1:
[[ 0.2913791   0.19474816  0.24467003  0.03011596 -0.3155858  -0.05783486]
 [ 0.08664382  0.13566864  0.26896113  0.47959775 -0.06282681  0.5084675 ]
 [ 0.18219769 -0.33877164  0.04889208  0.24293041  0.38690984  0.01016808]
 [ 0.32255343  0.23413712 -0.10987153 -0.3909624   0.16718784  0.3974528 ]
 [ 0.1547933   0.31297722  0.3140601  -0.5063996   0.24327528  0.38181853]
 [ 0.28026977  0.2008465  -0.01967126 -0.05174069  0.06418646  0.5352586 ]
 [-0.2708861   0.03468103  0.5573291  -0.27976015  0.3576133  -0.26816037]
 [-0.26488957  0.2795625   0.08196928 -0.2682837   0.0738451   0.09505641]
 [ 0.38947767  0.09149656  0.19227637  0.33911943  0.57912207 -0.12348045]
 [ 0.15342444  0.11823749 -0.17379072 -0.4115844   0.02193949  0.37458473]
 [-0.14305401  0.38320827 -0.2609325   0.23979819  0.01544652  0.21468583]
 [-0.0790085   0.34397256  0.15973216  0.00470355  0.08133166  0.33910635]
 [ 0.2769418   0.4192324   0.21137843 -0.36758867  0.5433692  -0.00920071]
 [-0.527266   -0.6348124  -0.30976838 -0.43526685  0.08215468  0.51625896]
 [ 0.63007563  0.39601228  0.3459311  -0.16788407  0.31535083  0.04023677]
 [-0.5550825  -0.11039227  0.06615341  0.32010648  0.7082674   0.41873828]
 [ 1.4467031   1.0789356   0.72790325 -0.29184374 -1.7609167  -1.1251339 ]]
Peso 2:
[ 0.00085125 -0.18360892 -0.14577183 -0.02343194  0.82467973  0.54548407]
Camada: saida
Peso 1:
[[ 1.591049   -0.4478625 ]
 [ 1.1638583  -0.36811566]
 [ 0.6742803  -0.50358015]
 [-0.45584863 -0.7101852 ]
 [-1.5832868   1.6253657 ]
 [-1.348283    0.69129825]]
Peso 2:
[-0.258134    0.25813362]



pesos modelo: 
Test loss: 0.1440, Test accuracy: 0.9380
Camada: meio
Peso 1:
[[-0.0240719   0.39876908  0.16518319 -0.41966683 -0.16177586 -0.19245589]
 [-0.4436934   0.13911664  0.06729674  0.25589514 -0.13026702 -0.37124932]
 [ 0.07173514 -0.16779268  0.20052177 -0.4740342   0.4325034  -0.36617756]
 [ 0.35396028  0.20661762  0.05300471 -0.06798764  0.08977195  0.17762847]
 [-0.29820612  0.3422639  -0.13584864 -0.32097837  0.33764234  0.03783822]
 [ 0.07736355  0.30756992 -0.10017963 -0.2672592  -0.1840202   0.21149947]
 [ 0.20160021 -0.15101698 -0.42521486  0.44788918  0.0356608   0.29411155]
 [-0.13942358  0.24542707  0.07849028  0.34518462  0.41423434  0.30560082]
 [-0.29053697  0.0449357  -0.19516     0.21086821 -0.32437795  0.36670032]
 [-0.34986764  0.4749635  -0.4446558   0.11501104  0.05906323  0.4187604 ]
 [-0.30922803  0.09519187  0.4880283   0.26099157  0.39341813  0.2340819 ]
 [ 0.28563523  0.10370482 -0.06497464  0.56747985  0.3745006   0.40197578]
 [ 0.4548393  -0.17812648 -0.43812254 -0.06482016  0.17834236 -0.03698495]
 [ 0.02091352 -0.6173307  -0.0427285   0.15857808 -0.14346968  0.8224294 ]
 [-0.06598594  0.6712473   0.44363925  0.3784358   0.04608973  0.20037971]
 [-0.45292377 -0.53209484 -0.14052111 -0.22138263 -0.13865155  0.74712694]
 [ 0.38425356  1.2657791   0.11376662  1.2506189  -0.8589705  -2.0390382 ]]
Peso 2:
[ 0.0370193  -0.15954947  0.0181818  -0.02650881  0.34345126  0.99254966]
Camada: saida
Peso 1:
[[ 0.6080411   0.2590024 ]
 [ 1.200388   -0.9354583 ]
 [ 0.7092126   0.56788486]
 [ 1.3163387  -0.5644241 ]
 [-0.5149898   0.5887006 ]
 [-1.9086369   1.6740277 ]]
Peso 2:
[-0.22719824  0.22719806]



pesos modelo: 
Test loss: 0.0519, Test accuracy: 0.9857
Camada: meio
Peso 1:
[[-0.1662705   0.50694996  0.38938123  0.11317724  0.197599    0.20896506]
 [ 0.03137594 -0.4260335   0.22663873 -0.14750075  0.4307598   0.3919506 ]
 [ 0.21391827 -0.01178303 -0.464498    0.13297504  0.28342074 -0.10988536]
 [ 0.24820054  0.29363918  0.16010858 -0.37667763  0.4242625   0.535192  ]
 [ 0.00651338  0.24379347 -0.26043725  0.03449826 -0.03279799 -0.35569373]
 [ 0.23495083  0.27508533 -0.28587952  0.17401512 -0.01385045 -0.29892105]
 [-0.32238558 -0.01492133  0.52226603 -0.36116773 -0.0270691   0.21870047]
 [ 0.13216552  0.34371555 -0.39369383 -0.48927903  0.17731923 -0.16387555]
 [-0.14213318  0.20112868 -0.21579534 -0.09215514  0.20157821  0.35404292]
 [-0.4376741   0.14557092 -0.39512455  0.26306584  0.02384762  0.10290688]
 [-0.3943175   0.20024619 -0.17365062  0.36971346  0.03948537 -0.00793102]
 [ 0.30547526  0.2857477  -0.17533417 -0.43572575  0.42331836  0.4357883 ]
 [-0.44864655  0.17763017  0.32646218 -0.45722985  0.09743806  0.05206402]
 [-0.0793161   0.38940555  0.4597854  -0.02567813 -0.21665551 -0.41918617]
 [-0.27761     0.35508853  0.5970747  -0.594394    0.8331281  -0.17056142]
 [-0.53932315  0.8337936  -0.4369447  -0.3783222  -0.5041782  -0.154174  ]
 [ 0.09100657 -2.1921604  -0.5532439   0.32415235  1.8620113  -0.70641136]]
Peso 2:
[-0.20211111  0.92894423  0.20362459 -0.0462105  -0.00488947  0.48526517]
Camada: saida
Peso 1:
[[ 0.6380983  -0.78387576]
 [-2.2251694   1.2970531 ]
 [ 0.17477824  0.9092507 ]
 [-0.01532689  0.8118085 ]
 [ 1.4814745  -1.1913463 ]
 [-0.7877559   0.9027507 ]]
Peso 2:
[-0.05365346  0.05365344]



pesos modelo: 
Test loss: 0.3089, Test accuracy: 0.8770
Camada: meio
Peso 1:
[[ 0.48898125 -0.10743722 -0.24474761 -0.17254621 -0.44980997  0.24249703]
 [-0.31298873  0.2553978  -0.08108357  0.39401054  0.37429523 -0.25169015]
 [ 0.22734755  0.45184636  0.23184943 -0.4864285  -0.4732596  -0.31745803]
 [-0.09160154 -0.4826959   0.03228319 -0.48603776 -0.1673728   0.22111276]
 [ 0.2721407  -0.39492482 -0.10912798 -0.4717581  -0.11666082 -0.16605444]
 [ 0.2365292  -0.11622245  0.05492491  0.38668245 -0.02654894  0.0469588 ]
 [ 0.61360306  0.41672423  0.13239704 -0.20005788  0.02805666 -0.06954344]
 [ 0.15064579 -0.35524377  0.06434374 -0.11508637 -0.20400977  0.2202928 ]
 [ 0.4943689  -0.37270388  0.14874741  0.27214065  0.02076858  0.03569464]
 [ 0.12859112 -0.03196635  0.16259296 -0.08525029 -0.3817985   0.32983062]
 [ 0.2509049  -0.36143133  0.17568347  0.02775912 -0.08909592  0.2224964 ]
 [ 0.22072078 -0.06803469  0.09244382  0.17729537 -0.4687905   0.23251522]
 [ 0.01705027 -0.48204857 -0.02062467 -0.27547655  0.28245437  0.18488295]
 [ 0.61811084 -0.33580673 -0.44965297 -0.12681293 -0.0828248   0.5187747 ]
 [-0.12507014 -0.26250517  0.4541382  -0.17534764 -0.4713217   0.1055292 ]
 [ 0.4338807  -0.2940778  -0.30813366 -0.27404836 -0.3968319   1.0124891 ]
 [-0.94906425  0.10204512  2.559083   -0.11545376 -0.1878072  -1.0835397 ]]
Peso 2:
[ 4.8866394e-01  4.8137832e-04 -3.4791866e-01 -9.9653989e-02
  9.8025538e-03  7.5706685e-01]
Camada: saida
Peso 1:
[[-1.0332841   0.849831  ]
 [-0.41767815 -0.524202  ]
 [ 1.1487817  -2.2939036 ]
 [ 0.01615176 -0.7597593 ]
 [-0.31542587 -0.04782002]
 [-1.2537266   1.1471514 ]]
Peso 2:
[-0.33972308  0.3397231 ]



pesos modelo: 
Test loss: 0.1425, Test accuracy: 0.9482
Camada: meio
Peso 1:
[[ 0.4487443  -0.2444326  -0.47297707  0.3470145  -0.17180535  0.08243269]
 [ 0.02084541 -0.42273903 -0.13454092  0.20642984 -0.4334485  -0.00299722]
 [-0.1759679   0.46756768 -0.0627602   0.31747317  0.4737047  -0.50620776]
 [ 0.21782072  0.09734871  0.21743281 -0.07344447 -0.09603932  0.14861152]
 [ 0.07336451  0.12951554  0.13997547  0.07650057  0.44765827  0.28328565]
 [ 0.12369533  0.01102028  0.18868282 -0.08941817  0.32050294 -0.09080027]
 [ 0.33367905  0.03392099  0.10182071  0.0749546   0.42301133 -0.28755093]
 [-0.50827     0.37847665 -0.10536887  0.3496389   0.00366755 -0.1407807 ]
 [-0.36057955  0.19400541  0.07319862  0.2511781   0.2451199  -0.3250188 ]
 [ 0.0267926   0.16887213 -0.08735865  0.03169129  0.27545366  0.36121744]
 [-0.08224062  0.5701006  -0.48155475  0.42533222 -0.07071378  0.33844   ]
 [-0.28231066  0.13368632  0.04581107 -0.03160124 -0.1906254  -0.11621924]
 [-0.49054983  0.17133552 -0.10298364  0.1283095   0.06172289 -0.18916716]
 [-0.25261915  0.6806375  -0.16029131 -0.21561798  0.3485972  -0.19726036]
 [-0.31933984  0.22432041 -0.14804594  0.41046762 -0.4807148   0.16471003]
 [ 0.25523818  0.7828281   0.2793794  -0.615288    0.26124316  0.26327768]
 [ 0.05498371 -1.7941151   0.41908607  2.066909   -0.38808998  0.8821844 ]]
Peso 2:
[-0.00355006  1.032381   -0.02337278 -0.13100775  0.22687562  0.1630868 ]
Camada: saida
Peso 1:
[[-0.26521367 -0.34641674]
 [-1.7698497   1.6548718 ]
 [-0.05854772 -0.22551109]
 [ 1.4316037  -1.4223548 ]
 [-1.0455936  -0.12014165]
 [-0.04436161 -1.014641  ]]
Peso 2:
[-0.16686758  0.16686761]



pesos modelo: 
Test loss: 0.2683, Test accuracy: 0.8876
Camada: meio
Peso 1:
[[-2.8266245e-01 -4.7493640e-01 -3.8104352e-01  2.9264760e-01
   2.9640782e-01 -1.2021965e-01]
 [-5.0826049e-01  1.0331470e-01 -2.9530638e-01 -3.3531976e-01
  -4.1592437e-01  1.7197609e-01]
 [ 2.8027457e-01 -3.6752865e-01  2.2965419e-01 -3.9628369e-01
  -2.3145401e-01 -9.6391171e-02]
 [ 5.2065456e-01 -1.3802715e-01 -3.5684842e-01  1.6606750e-01
  -4.6783481e-02  6.1025757e-02]
 [ 2.0543876e-01  1.9770614e-03  5.1662445e-01  1.4768349e-01
  -3.3336067e-01  1.7932688e-01]
 [-3.2638948e-02 -4.6526319e-01  5.3129047e-01  1.6283506e-01
  -1.4861560e-01 -1.3440534e-02]
 [ 4.4295117e-01 -4.3551868e-01  1.1943191e-01 -2.9366052e-01
   2.2255945e-01  4.1457173e-01]
 [ 3.4624457e-01 -2.8898835e-01 -5.9460737e-02  2.2080672e-01
  -3.5441551e-01  4.7617787e-03]
 [ 2.1784016e-01  4.1554359e-01  5.4113209e-01 -3.7992874e-04
   4.8394951e-01  2.4709944e-01]
 [ 3.8717055e-01  4.8821664e-01 -4.7192624e-01 -8.7647969e-03
  -4.9072307e-01 -1.9818235e-02]
 [-8.5830726e-02  1.1652727e-01  2.6721931e-01 -2.7238363e-01
  -3.3486831e-01  2.9862829e-02]
 [ 2.5343934e-01 -3.7632906e-01  5.1060456e-01  4.2569742e-01
   4.1577834e-01  9.2188396e-02]
 [ 3.7734765e-01 -2.5717294e-01  1.7104527e-01 -1.1514153e-01
  -2.6731557e-01  3.5265461e-01]
 [ 6.7787814e-01  2.8419176e-01 -1.3963795e-01 -3.7343943e-01
  -4.5124248e-01 -6.1594689e-01]
 [ 1.8253802e-01 -4.1011202e-01  3.6369163e-01  6.3491005e-01
  -3.0085143e-01  3.1567028e-01]
 [ 7.9383034e-01  4.6149097e-02  2.6674485e-02 -3.3750266e-01
  -4.3308350e-01 -5.7024240e-01]
 [-1.5237650e+00 -1.0677723e-01 -8.9323890e-01  9.3893850e-01
  -2.9636216e-01  2.0539849e+00]]
Peso 2:
[ 0.6932422   0.0433509   0.34661224 -0.05013653  0.00442513 -0.31315014]
Camada: saida
Peso 1:
[[-0.7862075   1.898508  ]
 [-0.6641993  -0.410874  ]
 [-0.832716    0.6070096 ]
 [ 0.5580652  -1.0480598 ]
 [ 0.19959514  0.26313394]
 [ 1.299847   -1.8301408 ]]
Peso 2:
[-0.40316963  0.40317005]



pesos modelo: 
Test loss: 0.4506, Test accuracy: 0.8277
Camada: meio
Peso 1:
[[ 0.4659506   0.09036112 -0.31774604  0.34330672  0.07285875 -0.3845008 ]
 [-0.02526686  0.1401118   0.22496945  0.10295975 -0.42319715  0.1170454 ]
 [-0.07282856 -0.10184187 -0.19981343  0.18917567 -0.30921876 -0.4378316 ]
 [ 0.30774212 -0.37306872  0.09206019 -0.4093469   0.29104176 -0.22492918]
 [ 0.07696471 -0.03089325  0.12827182  0.13105011 -0.0567839   0.25763765]
 [ 0.3860164   0.15128344 -0.18916829 -0.38693783  0.42554843 -0.2473042 ]
 [ 0.30993623 -0.46409127  0.19464576 -0.26360112  0.30600914 -0.27948722]
 [ 0.06385283 -0.39256167  0.2040262  -0.4840711  -0.07575312 -0.49356306]
 [ 0.24180669 -0.48211348  0.06479711 -0.4487333   0.27719656  0.09564643]
 [ 0.17130516  0.14796324  0.17114568  0.31342402  0.04959079 -0.06431854]
 [ 0.4780473  -0.15352961 -0.40281564  0.05466801  0.5018512  -0.15178971]
 [ 0.299122   -0.2592493  -0.28006873 -0.2451317   0.25488573  0.38887936]
 [ 0.34451985 -0.00578425  0.28032616 -0.0270988   0.43839598 -0.36767495]
 [ 0.6035332   0.11915123  0.60871255  0.22999763 -0.26700738 -0.3119477 ]
 [ 0.06610963 -0.5052324   0.12730707 -0.42600334  0.41398817 -0.1851013 ]
 [ 0.96417725 -0.28608528  0.21578056 -0.35249364 -0.42527583  0.2904797 ]
 [-2.3266551  -0.2990021  -0.346388   -0.24709955  1.6229876   0.11108136]]
Peso 2:
[ 1.1677014  -0.02113645  0.00142246 -0.09588775  0.09789351 -0.1525439 ]
Camada: saida
Peso 1:
[[-2.0323744   1.990239  ]
 [ 0.6033299  -0.3797286 ]
 [-0.18747383  0.45376405]
 [ 0.83492863 -0.7487424 ]
 [ 1.1144344  -1.3574504 ]
 [-0.38135505  0.38685274]]
Peso 2:
[ 0.28392196 -0.28392178]



pesos modelo: 
Test loss: 0.2203, Test accuracy: 0.8894
Camada: meio
Peso 1:
[[-0.21595338 -0.16016954  0.20461082  0.16752195  0.0316937   0.08682543]
 [-0.16434294 -0.24139631 -0.04216996  0.20501608  0.09756947 -0.02441895]
 [-0.10505486  0.25905317 -0.34868753 -0.13002715  0.0507887  -0.25920746]
 [ 0.13545568 -0.05681282  0.05481722  0.22770041  0.16801049 -0.03813826]
 [-0.1020294  -0.14782308  0.3847961  -0.04576765 -0.05350734  0.01817497]
 [ 0.4055004  -0.07390583  0.39293984  0.29639533  0.27504566  0.16180018]
 [-0.13266689  0.00331709  0.3657055  -0.07968219  0.00978695 -0.16728078]
 [ 0.14634416  0.09573649 -0.08392426  0.21475099  0.23968288 -0.19819663]
 [-0.08249896  0.12303806 -0.29497728  0.17668237 -0.05940938 -0.20565934]
 [ 0.42222247  0.40826884  0.07076647  0.39614248  0.23087326 -0.02982348]
 [ 0.11878566 -0.06008017  0.06555893  0.14505023  0.21637195 -0.4546011 ]
 [ 0.27096704 -0.02234658 -0.14027129  0.18454656  0.5171179   0.14219235]
 [ 0.3115315   0.31108972  0.05572156  0.39985478 -0.0314956  -0.24036281]
 [-0.49133608  0.05906331  0.37400928  0.30202276 -0.10854784  0.0292104 ]
 [ 0.49553302 -0.10243689  0.29460853  0.20423429 -0.2873523  -0.07699048]
 [-0.08973038  0.58740646  0.2681418   0.750941    0.63520783  0.33822343]
 [ 2.1425693  -0.31522432 -0.67713434 -1.7027346  -0.7336537  -0.1020873 ]]
Peso 2:
[-0.12543413  0.2501156   0.2384218   0.8692009   0.50833046  0.0221207 ]
Camada: saida
Peso 1:
[[ 1.4467006  -1.5564667 ]
 [ 0.2380032   0.9926463 ]
 [-0.66150373  0.5247918 ]
 [-1.0485249   1.8287786 ]
 [-1.0613009   0.60990816]
 [ 0.16601871  0.30151293]]
Peso 2:
[-0.06723639  0.06723633]



pesos modelo: 
Test loss: 0.4514, Test accuracy: 0.8225
Camada: meio
Peso 1:
[[ 4.21271086e-01 -4.26956296e-01  2.42469490e-01  1.40637100e-01
  -2.94401526e-01 -9.88365114e-02]
 [-3.94328862e-01  3.78314197e-01 -2.47252733e-01 -6.59425259e-02
  -3.45603257e-01  3.12867105e-01]
 [ 3.85604918e-01 -3.92039895e-01  2.15699852e-01 -4.56499219e-01
  -4.19065505e-01  4.22487438e-01]
 [-3.02426338e-01 -2.56762236e-01 -6.11237660e-02  2.16060206e-01
  -7.59164104e-03 -3.53472888e-01]
 [ 2.27838740e-01  1.66079983e-01 -4.37218510e-02 -8.57842863e-02
  -1.48746476e-01 -4.83007282e-01]
 [ 2.18025759e-01 -2.24520196e-03  3.28411877e-01  9.79302172e-03
   6.04763180e-02  3.26492041e-01]
 [-8.51399302e-02 -1.87115282e-01 -5.91373406e-02  1.55048460e-01
  -7.15721324e-02 -2.46740699e-01]
 [ 1.79158807e-01  1.53544813e-01  1.41583711e-01 -2.23849475e-01
   8.12391192e-03 -6.81286724e-03]
 [ 5.95323704e-02 -1.07404999e-01  2.28304565e-01  2.46729162e-02
   5.01424409e-02 -4.15482342e-01]
 [-4.60382581e-01  2.88336486e-01  3.51439655e-01  2.41871804e-01
  -1.41945049e-01 -4.42776114e-01]
 [-1.85453072e-01 -1.10944761e-02  6.01940095e-01 -1.06363585e-02
   1.33153439e-01  4.49778825e-01]
 [ 1.85335688e-02 -1.03076100e-01  9.19584557e-02 -1.54206768e-01
   9.68676209e-02 -4.39588517e-01]
 [ 1.32836089e-01 -1.18409611e-01  2.96479613e-01 -3.15903537e-02
   1.39318466e-01 -2.73981810e-01]
 [-1.10906677e-03 -4.27827328e-01  4.55270521e-03 -4.63379651e-01
  -5.71746349e-01 -1.63934499e-01]
 [ 4.33091037e-02  4.09782678e-01  6.89135194e-01  1.65997908e-01
   4.13005859e-01  4.70911950e-01]
 [-2.99013466e-01 -3.71552855e-01  6.27974927e-01 -1.95334211e-01
  -3.61838818e-01 -4.65661585e-02]
 [ 3.01046044e-01  1.56240666e+00 -7.89682269e-01  1.34806883e+00
   2.18165660e+00  1.50539801e-01]]
Peso 2:
[-0.11948151 -0.05218742  0.7009506  -0.07010642 -0.12235646 -0.00408468]
Camada: saida
Peso 1:
[[-0.02805336 -0.35013756]
 [ 1.3051925  -0.66078335]
 [-0.8619391   0.88351846]
 [ 0.49446762 -1.1380376 ]
 [ 1.3654784  -1.6546562 ]
 [ 0.2451232   0.20817113]]
Peso 2:
[-1.7790498  1.7790489]
