


pesos modelo: 
Test loss: 0.1242, Test accuracy: 0.9475
Camada: meio
Peso 1:
[[ 0.25316927  0.43597957 -0.38879436  0.00336736  0.34195575 -0.15666124
  -0.33528736  0.26446894]
 [ 0.19864097 -0.06000978 -0.12981716 -0.16276422 -0.2377114  -0.44528028
   0.16797295 -0.47333664]
 [ 0.4013041  -0.37400693 -0.1521802   0.38778755  0.40692416 -0.11929691
   0.40192965 -0.07057288]
 [-0.03770115  0.19079506  0.3615066   0.02476955  0.39426172  0.06282581
  -0.02368701  0.2855971 ]
 [-0.24468839  0.23633204  0.3689393  -0.2595347   0.23330243 -0.21000299
   0.2521596   0.5014296 ]
 [-0.30975935 -0.3954323  -0.01403282 -0.24099469  0.29766604  0.32919413
  -0.21411812  0.0622508 ]
 [ 0.45682457  0.20313084  0.2785986   0.29433677 -0.11626498 -0.1134039
   0.1910993   0.41481948]
 [ 0.01368381  0.10976994  0.1124263   0.13507928 -0.21246548  0.34752136
  -0.00650052  0.20111565]
 [-0.26858637  0.07589866  0.28225034  0.47879246 -0.22208408  0.01009946
   0.24577141  0.427105  ]
 [-0.22995909 -0.5593479  -0.44776884  0.00283665 -0.17087127  0.32823208
   0.23958181  0.2135366 ]
 [ 0.25929955 -0.2996409   0.24135478  0.3026979   0.19405364 -0.28538045
   0.01338495  0.22018367]
 [-0.4925626   0.01541963  0.19361027  0.26924017  0.26814768 -0.09677722
   0.25341204  0.45959124]
 [ 0.41979343 -0.05970727 -0.01365991 -0.10300781 -0.17881605  0.07888942
   0.08095004  0.20154384]
 [-0.0412393  -0.02097395 -0.41568127 -0.13563597  0.15209265  0.09404363
  -0.4684822   0.38661012]
 [-0.02602424 -0.08605389  0.26083946 -0.21667886  0.30908334  0.3199471
   0.06103894 -0.12159675]
 [ 0.48570788 -0.02150837 -0.13300659 -0.2815743  -0.28024635 -0.4611136
  -0.4924927   0.7175794 ]
 [ 0.10139451  0.02208591  0.69937813 -0.325836    0.51937705  0.33482403
   2.2259657  -1.7809463 ]]
Peso 2:
[-0.00966423 -0.27542546 -0.13465731  0.02509142 -0.05590133 -0.04697391
 -0.04028282  1.034501  ]
Camada: saida
Peso 1:
[[-0.3504937  -0.3863224 ]
 [ 0.3362636  -0.54624593]
 [ 0.17833771 -0.8576163 ]
 [-0.63973236 -0.33219266]
 [-0.27600092 -0.88731056]
 [ 0.75725293  0.39297947]
 [ 1.3366259  -1.5841001 ]
 [-1.1511505   1.991659  ]]
Peso 2:
[-0.44811177  0.44811204]



pesos modelo: 
Test loss: 0.3319, Test accuracy: 0.8686
Camada: meio
Peso 1:
[[-3.2103240e-01  4.8452660e-01 -1.9546059e-01  3.8076571e-01
  -4.5593777e-01  1.7148456e-01  3.8986394e-01 -6.8834901e-02]
 [-1.8357962e-01  2.8832212e-01  4.1432709e-02 -8.9168757e-02
   4.2514160e-01  3.3828887e-01  4.1510060e-01 -4.2832571e-01]
 [ 2.9649702e-01 -2.6042822e-01  1.0443309e-01  1.9559774e-01
  -2.6857144e-01  3.6846158e-01  4.8810810e-02 -1.0355800e-02]
 [-6.3946456e-02 -2.7637190e-01  3.2940415e-01  4.2324501e-01
  -9.8084293e-02 -2.5315812e-01  5.7615455e-02  1.5502784e-01]
 [ 1.5956084e-01  1.3080402e-01 -9.1010453e-03 -3.1360891e-01
   3.7542379e-01 -3.3521718e-01 -8.0660827e-02  3.8548490e-01]
 [ 2.8149001e-02 -3.7638554e-01  5.0562316e-01  2.6660022e-01
   1.5466708e-02 -2.1547937e-01 -1.9299518e-02 -2.3883995e-02]
 [ 2.1253917e-01 -3.3532879e-01  2.6926354e-01  1.9751705e-01
   3.0972594e-01  2.9933256e-01 -6.6077061e-02 -3.5144421e-01]
 [ 1.5391254e-01  3.8447246e-01  3.6792380e-01 -8.1674576e-02
   2.4633026e-01 -2.9374686e-01 -4.1219476e-01  3.4337810e-01]
 [-7.3462747e-02 -3.1312215e-01 -2.4569012e-01  3.3048341e-01
   1.6272090e-01  3.5905796e-01 -4.3038106e-01  9.5461570e-02]
 [ 5.2957319e-02  1.6869318e-01 -2.3227896e-01  2.9692301e-01
   1.4147155e-01  1.9419535e-01 -2.7130700e-03 -4.1903543e-01]
 [ 9.1854200e-02  1.6705580e-01  2.0584764e-01  1.2976371e-01
   1.5944140e-01 -1.1123219e-02 -2.1806589e-01 -3.7110817e-01]
 [ 1.8575230e-01  3.7923354e-01  1.3211145e-01  5.3347945e-01
   3.4128074e-02 -9.4885349e-02  4.3567082e-01 -9.1444694e-02]
 [-6.0141873e-02 -1.9811994e-01 -8.3859824e-03  3.6414836e-02
   1.2943047e-01 -9.4385892e-02 -5.7737500e-04  3.6783797e-01]
 [-5.9956062e-01  2.6928023e-01 -6.9069766e-02 -4.6952028e-02
   7.8740960e-01 -3.3621287e-01  2.7996278e-01 -1.7008288e-01]
 [ 6.2381154e-01  4.8825014e-01  1.7887212e-01 -2.2740082e-01
   1.5634051e-01 -5.4234207e-01  3.0803773e-01  4.8518437e-01]
 [-5.3368527e-01 -1.8104303e-01  1.1441324e-01 -3.6247659e-01
   7.9069662e-01 -2.2436894e-01 -2.9192412e-01  9.2711948e-02]
 [ 2.2259996e+00 -4.0588403e-01 -6.2061423e-01 -6.9540393e-01
  -1.5785573e+00  2.4831732e-01 -3.7173480e-01  4.6864751e-01]]
Peso 2:
[-0.1667293   0.09047947  0.18737243  0.17316742  0.96882546 -0.10342032
  0.10708467 -0.02950445]
Camada: saida
Peso 1:
[[ 1.5985421  -1.5355437 ]
 [ 0.18828581  0.77139693]
 [-0.9793803  -0.080847  ]
 [-0.5521054   0.31420025]
 [-1.566842    1.477443  ]
 [-0.21614356  0.5550672 ]
 [-0.2754168   0.13151655]
 [ 0.79731524  0.42443022]]
Peso 2:
[-0.26895913  0.2689597 ]



pesos modelo: 
Test loss: 0.1000, Test accuracy: 0.9568
Camada: meio
Peso 1:
[[-4.66127574e-01 -4.09670889e-01  3.77146751e-01  2.99449593e-01
  -3.43625665e-01  1.00281626e-01  1.47575527e-01  2.95404345e-01]
 [-2.19658107e-01  2.29165584e-01 -2.86385447e-01  4.78583068e-01
  -1.21818990e-01  1.88899338e-02 -2.35013664e-01  1.66959554e-01]
 [-1.80917382e-02  1.07273191e-01 -4.04204369e-01  9.48702395e-02
  -4.61682856e-01 -4.32656437e-01 -3.15034389e-03 -7.73252547e-02]
 [ 4.41945255e-01 -1.49687883e-02 -1.57669246e-01  4.43663090e-01
  -1.95582926e-01 -3.88783365e-01 -1.76698625e-01  1.41924649e-01]
 [ 1.21888094e-01  1.26132846e-01  1.62145086e-02 -3.17142725e-01
   9.14443880e-02  1.96602017e-01 -1.24542313e-02  3.72186393e-01]
 [ 7.12785646e-02  1.49424002e-01  9.10392702e-02 -3.24817240e-01
   3.86819422e-01  4.32425469e-01 -1.72113806e-01 -8.49476084e-02]
 [-7.92294145e-02 -2.29989335e-01  4.64389116e-01  7.41722807e-02
  -7.84454048e-02  7.39957616e-02 -1.98537007e-01 -2.06383586e-01]
 [ 8.34682137e-02  3.41119878e-02 -3.18192840e-01 -4.23570305e-01
   2.49772891e-01  9.45467725e-02 -1.61992103e-01  3.12146191e-02]
 [-1.06834725e-01 -5.26532996e-03  3.24799389e-01 -2.86964744e-01
   2.79188864e-02  4.91162002e-01 -1.12936750e-01  1.51133463e-01]
 [ 4.49518740e-01  1.88661098e-01  4.43474442e-01 -5.37782200e-02
  -4.82631288e-02  3.00534725e-01 -4.34087902e-01 -3.43430713e-02]
 [-1.38169035e-01  5.04012443e-02 -2.53217727e-01  9.80845317e-02
   3.01971436e-01 -3.79942894e-01  4.81439412e-01  4.64355469e-01]
 [ 4.94692355e-01  3.62385571e-01 -3.33730876e-01  2.46052295e-01
   5.82556367e-01  2.22510561e-01 -2.31899112e-01 -2.94020236e-01]
 [ 1.37364089e-01  3.10492039e-01 -4.38399822e-01 -2.46093124e-02
   4.25830275e-01  2.12226078e-01  4.10252273e-01  4.39241260e-01]
 [ 2.52742231e-01 -3.56997728e-01  5.76893449e-01  2.22872347e-01
   3.63912106e-01  3.48536074e-01 -4.10654902e-01  3.21935080e-02]
 [ 8.13320838e-03  3.54682505e-01 -1.06082577e-03 -1.94353893e-01
  -1.85802411e-02  1.62731498e-01  3.31959456e-01  2.64035106e-01]
 [ 6.87536001e-01 -3.18807214e-01 -3.82265180e-01  2.19423860e-01
   6.33889258e-01  2.21533477e-01 -1.85792327e-01  5.61427534e-01]
 [-8.13224316e-01  2.40038347e+00 -1.77945588e-02  6.42951801e-02
  -1.04577160e+00 -4.39230770e-01 -2.68402576e-01 -6.54770195e-01]]
Peso 2:
[ 0.52861345 -0.1526619   0.0155615   0.03158806  0.742488    0.10517583
  0.02490038  0.3250551 ]
Camada: saida
Peso 1:
[[-0.9559888   0.83856976]
 [ 1.7663289  -1.8667245 ]
 [-0.0418826   0.39244804]
 [-0.23592058  0.70690024]
 [-1.219531    0.85810304]
 [-0.89556515 -0.2576225 ]
 [ 0.43216467  0.637824  ]
 [-0.6801272   0.60970867]]
Peso 2:
[-0.22031383  0.22031373]



pesos modelo: 
Test loss: 0.2621, Test accuracy: 0.8729
Camada: meio
Peso 1:
[[ 0.34835246  0.06014249 -0.4351025  -0.30069634 -0.28190148  0.2604045
  -0.24473359 -0.3477847 ]
 [ 0.20114145  0.40994617  0.22274455  0.22327718  0.2037045  -0.10586506
   0.33534798  0.32565144]
 [-0.06058294  0.350804   -0.26190072  0.14392927 -0.0312748   0.36536077
   0.1613861  -0.28616527]
 [ 0.4638703   0.5196292   0.35103002  0.24318238  0.33843964  0.07341954
   0.02694527  0.13784647]
 [-0.23305036  0.08390457  0.12908076 -0.17825073  0.3139602  -0.01859462
  -0.19558617  0.3178677 ]
 [-0.27027604 -0.09632095  0.19586273 -0.27756348  0.05587844 -0.24473652
  -0.04699483 -0.18841098]
 [-0.1802511   0.5337605   0.02893612  0.1406592  -0.22933842  0.22231117
  -0.10103219  0.03224161]
 [ 0.17278597  0.22877048 -0.0524885   0.3322322   0.18042368  0.12862541
  -0.39876992 -0.3469394 ]
 [-0.12021033  0.3423574   0.3030709  -0.26265827 -0.07389783 -0.09820314
  -0.04607112  0.06050206]
 [ 0.19506624  0.28123072  0.31046015 -0.34887186  0.1923731  -0.1800961
   0.28140494 -0.29249373]
 [ 0.37823156  0.34228277 -0.166615    0.24774022  0.24758525  0.2476578
   0.00328431  0.12599187]
 [-0.3993324   0.09392108 -0.21112391  0.43166533  0.43015537  0.30619875
   0.16006376  0.0942041 ]
 [ 0.23031494  0.179675   -0.12265139 -0.3546666   0.37763587  0.08421598
  -0.03926799  0.1313381 ]
 [ 0.13685416  0.03475494 -0.5568556   0.62346447 -0.13614742 -0.58649135
  -0.2415917   0.15901439]
 [ 0.4321341   0.4978943   0.22879988  0.58443433 -0.3232268   0.5048516
   0.3819006   0.42985374]
 [-0.47206408  0.41533703 -0.45838612  0.00370653  0.5701115  -0.6317936
  -0.17017171 -0.17404994]
 [ 0.7449344  -1.2633172   1.191847   -0.49905863 -0.3457666   2.1530125
   0.37389177  0.17687637]]
Peso 2:
[-0.07208516  0.73801106 -0.15274528  0.27917463  0.37584114 -0.10924139
 -0.00207809 -0.08006524]
Camada: saida
Peso 1:
[[ 0.34487355 -0.3927644 ]
 [-1.0400441   1.1884427 ]
 [ 0.76684254 -0.9954909 ]
 [ 0.27750018  1.2031332 ]
 [-0.53891623  0.54919183]
 [ 1.2851926  -1.9514036 ]
 [ 0.33417755  0.01768436]
 [-0.40091044 -0.48404852]]
Peso 2:
[-0.85002893  0.8500299 ]



pesos modelo: 
Test loss: 0.1251, Test accuracy: 0.9537
Camada: meio
Peso 1:
[[-0.09701145  0.17824098 -0.12741446  0.19903561 -0.47090346  0.30141374
  -0.24557725  0.08967826]
 [-0.4712202   0.15859476 -0.314902    0.09831515  0.41242692 -0.33839542
   0.1710088   0.4206554 ]
 [-0.4491013  -0.00233343  0.14123854  0.40285727 -0.15479419 -0.09244242
   0.07932767  0.47796217]
 [ 0.00335634  0.25809795  0.23451507  0.04969192  0.07457235  0.1543031
   0.42995697 -0.18960635]
 [ 0.46901667 -0.17284599  0.26313734 -0.07375345 -0.10067624 -0.23840064
  -0.01986223  0.4732174 ]
 [ 0.39262128 -0.01618788  0.31349754  0.24556759 -0.08021539 -0.3356077
   0.0151597   0.00629623]
 [ 0.22812723  0.16631675 -0.1728684   0.2985524   0.4394965  -0.18004003
   0.01133209 -0.25067824]
 [-0.2512459   0.07036132 -0.05799283 -0.11385365  0.17209753 -0.08182945
  -0.1372736  -0.12516533]
 [ 0.2820862   0.11760444  0.50092185  0.33838794  0.32669652  0.39734748
   0.24176407  0.26928276]
 [-0.01961875 -0.21958542  0.35346708 -0.22816674 -0.27863443  0.01446262
  -0.01682886  0.27446553]
 [ 0.05394204  0.08106697  0.18520887  0.3458729   0.5957955   0.17944139
   0.20539089  0.23849846]
 [-0.39416397  0.4366209   0.25741234  0.22952822  0.39749464  0.00971138
   0.31558684 -0.20870782]
 [ 0.19031917  0.05197952  0.19565007  0.3645506   0.5867023   0.16153532
   0.33720592  0.34422165]
 [ 0.39781648 -0.3870687  -0.12518452 -0.6045519   0.6576007  -0.17952889
   0.325889    0.04331428]
 [ 0.30645907  0.31353486  0.27563828  0.26289573  0.12869623 -0.07086319
  -0.09532762  0.64508414]
 [ 0.01095635  0.13123217  0.21954    -0.5850699   0.6337504  -0.39211148
  -0.28274897 -0.45907965]
 [-0.32079232  0.81547797 -1.467021    1.4623195  -1.1006899   0.7476171
   0.16592476  1.2160249 ]]
Peso 2:
[ 0.12078355 -0.1487481   0.65350765 -0.08712399  0.6133639   0.15535614
 -0.064624   -0.15703037]
Camada: saida
Peso 1:
[[-0.42936894  0.2539647 ]
 [ 0.737022   -0.6905633 ]
 [-1.0101305   1.4266815 ]
 [ 1.3554248  -0.81086963]
 [-1.1705868   1.2541144 ]
 [-0.00690256 -0.8284154 ]
 [ 0.4227805   0.24210969]
 [ 0.75503874 -1.0849855 ]]
Peso 2:
[-0.3262767   0.32627693]



pesos modelo: 
Test loss: 0.0471, Test accuracy: 0.9884
Camada: meio
Peso 1:
[[ 3.31559092e-01 -4.79567379e-01 -1.88162893e-01  4.15148467e-01
   4.21756506e-03  2.84050494e-01  2.93156475e-01  2.32144892e-02]
 [ 4.09189790e-01  3.51086885e-01 -1.40378654e-01 -3.74816060e-02
  -1.26764238e-01 -3.68637949e-01 -6.45782053e-02 -3.75814080e-01]
 [ 2.69508809e-01 -4.53584462e-01  3.26473922e-01  3.98266107e-01
   4.81857270e-01 -1.45339966e-02  1.60780102e-01 -2.54885197e-01]
 [ 2.06124023e-01 -2.19055787e-01 -1.65381551e-01  1.85700521e-01
  -6.21764474e-02  1.01509891e-01 -2.55467832e-01  1.68600515e-01]
 [-9.62676108e-02  4.07908112e-01 -4.05175537e-02  1.79709539e-01
   1.97572887e-01  3.90329033e-01  3.19958150e-01 -1.47131048e-02]
 [-2.07154855e-01 -2.35112280e-01 -1.02059223e-01  2.99873263e-01
  -1.06236242e-01  1.22177556e-01  2.97105755e-03  3.70506674e-01]
 [-1.77766476e-02 -3.98664296e-01 -6.84455708e-02  2.60960888e-02
   7.81340003e-02  3.98843080e-01 -3.37935090e-01  3.80408674e-01]
 [-2.07860306e-01  3.55792850e-01  3.10884535e-01 -6.71715522e-03
   1.64189249e-01  3.90073925e-01  2.84215212e-01 -3.89103085e-01]
 [ 3.46319854e-01 -4.77007389e-01  2.70597249e-01  2.12656543e-01
   1.91818559e-04  4.46397215e-01 -7.14686885e-02  3.10391504e-02]
 [-5.41800298e-02 -1.34185866e-01  1.75904289e-01 -4.04180229e-01
   2.52130687e-01  5.66668808e-01 -4.06649441e-01  2.24304348e-01]
 [ 2.03314543e-01  2.53806442e-01  4.07838076e-02  3.42677563e-01
  -1.70158148e-02  3.60147238e-01 -4.27922368e-01  2.62192607e-01]
 [-8.60753804e-02 -3.73194098e-01  2.93543875e-01 -6.53140694e-02
   1.95406541e-01  5.27168453e-01 -3.11979473e-01 -4.74039651e-02]
 [ 3.50503564e-01 -3.05672437e-01 -7.69398287e-02  2.50084281e-01
   7.64938742e-02  3.20421189e-01  1.15822442e-01 -5.38932122e-02]
 [-1.33882701e-01  2.02435389e-01 -2.03489184e-01 -5.04515730e-02
  -2.36256421e-01  7.87738740e-01 -4.23043936e-01 -4.92649972e-02]
 [-5.76038174e-02  1.24735877e-01 -6.22745138e-03  1.36826947e-01
   2.63691843e-01 -1.40684307e-01 -8.44813138e-02  2.33129202e-03]
 [-7.19517469e-02 -4.35198992e-01 -3.03974211e-01 -1.39303535e-01
  -3.57903600e-01  2.72229135e-01  3.71702254e-01 -3.25960934e-01]
 [ 7.03788936e-01 -4.07164693e-01  1.33140683e+00  5.59308171e-01
   2.19609642e+00 -1.07254922e+00 -2.48121724e-01  9.48725700e-01]]
Peso 2:
[-0.04825904 -0.11007106  0.00579709 -0.10476492 -0.27509728  0.8938437
  0.01360021 -0.13980733]
Camada: saida
Peso 1:
[[ 0.7580522  -0.14039417]
 [-0.11531578 -0.35518643]
 [ 1.233186   -0.46232474]
 [-0.54317236 -0.9014331 ]
 [ 1.299304   -1.7625039 ]
 [-1.1525319   1.3697608 ]
 [-0.30563295 -0.1633573 ]
 [ 0.69049793 -0.37401146]]
Peso 2:
[-0.87296385  0.8729648 ]



pesos modelo: 
Test loss: 0.0886, Test accuracy: 0.9571
Camada: meio
Peso 1:
[[ 0.3867269   0.23708013 -0.22116634  0.13662711  0.48611638 -0.3542704
   0.12222883  0.21495   ]
 [ 0.26500085  0.1760998  -0.42539495 -0.10059759 -0.05825543  0.28717783
  -0.3441093   0.22026208]
 [ 0.30976978 -0.13101214 -0.0825201  -0.29279453  0.32800964  0.24118999
   0.01349577 -0.29179928]
 [ 0.49243125  0.5220681   0.18054008  0.04340848  0.28035292  0.2425897
  -0.12496658  0.3299108 ]
 [-0.07805835  0.35157615 -0.35274056  0.09283359 -0.00888697 -0.33839664
  -0.22782521  0.11380589]
 [-0.08291896  0.31270725 -0.15906073 -0.01520051  0.06874485  0.04686657
   0.12307004  0.2593697 ]
 [-0.16193426  0.11250699  0.379326   -0.05041366  0.4106369  -0.1471037
   0.02866846 -0.1886256 ]
 [ 0.16190153  0.37184593 -0.27004674  0.43857974 -0.3037504   0.01823085
  -0.1968049   0.42717633]
 [ 0.01275104 -0.10603993  0.25143117  0.2191243  -0.05085178  0.26927337
  -0.5171218  -0.11534667]
 [ 0.19194975  0.28505462 -0.47576046 -0.31060234  0.45237857 -0.01086927
  -0.50290334 -0.10600477]
 [-0.11059148  0.27681223 -0.18771756  0.20681733  0.13781945 -0.19535401
   0.22604819  0.06990762]
 [ 0.2960736   0.35077053 -0.02598647 -0.17048615 -0.231723   -0.1683288
   0.10672657  0.1682404 ]
 [-0.18076785  0.10584336  0.11056299 -0.0193001   0.22061373  0.2331868
   0.3018792   0.01943927]
 [-0.16474329  0.34185487 -0.12169428  0.11134978 -0.28731397  0.3227109
  -0.3320635  -0.44161543]
 [-0.04734905  0.04754591 -0.41656253 -0.09294748  0.36868003  0.6521427
  -0.227811    0.66812164]
 [-0.16198052  0.41860953 -0.41896424  0.06362534 -0.45030448 -0.19023837
  -0.11552308 -0.54382676]
 [ 0.30980107 -1.8710808   0.3031016  -0.34875807  0.70706016 -0.73244363
  -0.30448914  1.7807522 ]]
Peso 2:
[ 0.01175496  0.9862285  -0.05793249  0.18238614 -0.06308674  0.38479522
 -0.1780086  -0.0617519 ]
Camada: saida
Peso 1:
[[ 0.79487187  0.02735054]
 [-1.7185489   1.5675181 ]
 [ 0.35840222  0.54480755]
 [-0.5808976  -0.05360204]
 [ 0.7442592  -0.3554901 ]
 [-0.60734725  0.8904207 ]
 [ 0.538654   -0.15948832]
 [ 1.5577153  -1.3286501 ]]
Peso 2:
[-0.3246481   0.32464832]



pesos modelo: 
Test loss: 0.2262, Test accuracy: 0.9070
Camada: meio
Peso 1:
[[-0.4570017  -0.09297469 -0.45065194 -0.42975616  0.0991796   0.25367197
   0.27448156 -0.2633507 ]
 [-0.43338656  0.45690897 -0.11681223 -0.46306038 -0.19501337  0.4061568
   0.02614209  0.1290513 ]
 [ 0.07719645 -0.47471103 -0.29160082  0.02454999  0.2520667  -0.11575305
   0.24857584  0.31843874]
 [ 0.1330853   0.24560508 -0.24546668 -0.23763663 -0.3032785  -0.45621973
   0.3739313  -0.434449  ]
 [ 0.3206411   0.48126426  0.08762103 -0.27001417  0.3738774   0.30209544
   0.15660633  0.40304524]
 [ 0.15632603  0.33211693 -0.4067556   0.50217557  0.339867   -0.05856621
  -0.1471033  -0.01009085]
 [-0.17474176  0.04261096 -0.08451125 -0.18163967  0.3409911   0.20352057
  -0.18783078  0.27743226]
 [ 0.12483881  0.20299174 -0.21732968  0.33030224 -0.27104026 -0.43796346
  -0.19064537  0.21197227]
 [-0.02245443  0.22291459  0.28333554 -0.15305337  0.38370422  0.01796033
  -0.23304118  0.3985415 ]
 [ 0.05610831  0.19300328 -0.16878419 -0.01422127  0.3907527   0.04890728
   0.4966278  -0.03427757]
 [ 0.10051417  0.14873743 -0.08771433 -0.06787662 -0.32768866 -0.17597052
   0.4389736  -0.18481481]
 [ 0.12859277  0.11454109  0.32309914 -0.16176634 -0.33755007  0.35296962
   0.20291963  0.5129925 ]
 [ 0.1022097   0.2296436   0.28874403 -0.13538192  0.2718724   0.49642357
   0.07205818  0.30289918]
 [-0.24641356  0.6543748  -0.33797532  0.16621156  0.24080686  0.24825369
   0.32920697  0.26124537]
 [ 0.3217812   0.13758865  0.21771364  0.2194545   0.13250014 -0.29249537
  -0.47964317  0.20655854]
 [-0.12565984  0.8908635   0.18326429  0.03184524 -0.26991805 -0.06940332
  -0.18094641 -0.3214363 ]
 [ 2.23595    -1.6300145  -0.11586055 -0.33207795  0.6653225  -0.16486698
  -0.29208526 -0.24958634]]
Peso 2:
[-0.23257595  0.7797787   0.01136311  0.2695736   0.02117892  0.07891242
  0.19800532  0.05292519]
Camada: saida
Peso 1:
[[ 1.5174831  -1.7575288 ]
 [-1.6820861   1.4850395 ]
 [ 0.6521397   0.7814392 ]
 [-0.3628051   0.823364  ]
 [ 0.13704148 -0.6406561 ]
 [ 0.26368877  0.6206099 ]
 [-0.5880843   0.39584836]
 [-0.52854383 -0.04999236]]
Peso 2:
[-0.20126384  0.20126405]



pesos modelo: 
Test loss: 0.1651, Test accuracy: 0.9125
Camada: meio
Peso 1:
[[-0.29931974  0.06387517  0.39311096  0.35364702  0.14736101  0.16630587
   0.28707257 -0.24468255]
 [-0.16213828 -0.47276443 -0.4077522   0.02467743  0.33788255  0.02046791
   0.35796502  0.01610544]
 [ 0.01475158 -0.14780495 -0.20598108 -0.16485575 -0.3797861   0.14060357
  -0.23391119  0.35625693]
 [ 0.1693924   0.30975017 -0.10059091  0.19468248  0.14417024 -0.03840583
  -0.09518938 -0.03665224]
 [ 0.3517644   0.20328003  0.36301675  0.19886324 -0.24862422  0.22363831
  -0.09655013  0.47728786]
 [ 0.03702898  0.1893584  -0.43698817  0.13389744 -0.12227061 -0.18632363
   0.14505292  0.07142872]
 [ 0.31180483  0.3952507   0.09245244  0.20513517  0.4437508   0.43185133
   0.00336497  0.08756698]
 [ 0.09505723  0.12487533  0.32449564  0.11940352 -0.22856437 -0.27039218
   0.43288562  0.18633227]
 [ 0.32968363  0.2626918  -0.08973619 -0.05057755 -0.03369541  0.54021424
  -0.12034354 -0.34958434]
 [ 0.03772922  0.16426274 -0.32596898 -0.11226827  0.12711121  0.25515068
  -0.41655356  0.15700227]
 [-0.04522671 -0.01024363  0.09937619 -0.40914634 -0.17210798  0.05050656
  -0.2929367   0.32204178]
 [ 0.13576365  0.22279727 -0.01589905 -0.32157966  0.17249146 -0.13506462
  -0.36714718  0.45457646]
 [ 0.26221582  0.22467731 -0.38612112 -0.45024496  0.1578427   0.4835857
   0.07699112  0.311497  ]
 [-0.2790071   0.5789401  -0.03044504 -0.318038   -0.2938364  -0.14711566
  -0.10710198 -0.36913747]
 [ 0.39005712  0.22897962 -0.14021657 -0.39950126  0.41933995  0.03953712
   0.23165086 -0.1451573 ]
 [-0.7323481   0.8151568  -0.44767264 -0.06660012  0.02927998  0.16206233
   0.20087357  0.01368979]
 [ 1.7889196  -1.8755537   0.14887056 -0.25574592  0.94856226 -0.7513887
   0.00885034 -0.6866658 ]]
Peso 2:
[-0.19429857  0.9135124  -0.01333658 -0.3007978   0.07724435  0.28413573
  0.0026152   0.15893266]
Camada: saida
Peso 1:
[[ 1.3504444  -1.40453   ]
 [-1.6925468   1.6534752 ]
 [-0.20176001 -0.01787808]
 [ 0.6094652  -0.4802439 ]
 [ 0.18186995 -0.974089  ]
 [-0.34478295  0.6784279 ]
 [-0.13203326  0.12239695]
 [-0.8131636  -0.03870877]]
Peso 2:
[-0.17348994  0.17349017]



pesos modelo: 
Test loss: 0.0796, Test accuracy: 0.9700
Camada: meio
Peso 1:
[[-0.4561959   0.48153386 -0.386285    0.2864422  -0.354438    0.34163186
  -0.05858585  0.42121443]
 [ 0.3041987   0.2523485   0.06029609 -0.06751949  0.01522496  0.3003653
   0.03317258 -0.452348  ]
 [ 0.18800172 -0.02934352 -0.2704634  -0.3061756  -0.14987946  0.2988858
  -0.27493232 -0.17630947]
 [ 0.0336001  -0.1746145   0.19718456  0.35959646 -0.23259702 -0.28798026
   0.48068723  0.28216657]
 [ 0.2440248   0.13153902  0.17167227  0.1771775   0.15833096 -0.05284024
  -0.1457127  -0.42952925]
 [ 0.03159811  0.24857636  0.07143286  0.17915832 -0.27261358  0.25588024
  -0.08344512 -0.36979958]
 [ 0.09246331 -0.10995958 -0.4353634   0.1535332   0.4315784  -0.2268161
   0.27877226  0.25712383]
 [-0.39158615  0.34794852  0.4641332   0.15279225  0.19097537  0.395171
  -0.26511267 -0.09791958]
 [ 0.05481104  0.21897823  0.4410021   0.27044654  0.37501973  0.16695984
   0.2015682   0.06638558]
 [-0.10459766  0.21181293  0.3533314   0.20898794 -0.15367155  0.33323565
   0.10022971  0.4047712 ]
 [ 0.41605696  0.29976085  0.35296708  0.38572875  0.00432247  0.07100743
   0.23604481 -0.1960946 ]
 [-0.3774681   0.2808027  -0.07814281  0.28495473 -0.19425906  0.3959516
   0.31831172  0.36733508]
 [ 0.1970275   0.39525017 -0.06105144  0.22326626  0.43414608 -0.12331177
  -0.17846572  0.3022687 ]
 [ 0.2881364  -0.3028425   0.292403    0.53405243 -0.430889    0.24653263
  -0.1613819  -0.00693544]
 [ 0.19126101  0.66768205  0.33208725  0.31793496 -0.2752638   0.33226934
   0.19908059 -0.41383624]
 [ 0.32497424 -0.30165622 -0.1544698   0.6415789  -0.0768647   0.14790733
  -0.10201693 -0.04589455]
 [-0.08870504  1.3299419   0.10580851 -2.0969806  -0.2717417  -0.84305084
   0.9761933  -0.24104442]]
Peso 2:
[ 0.02570872 -0.12827617 -0.01525864  0.83262473  0.09792678  0.32351115
  0.06170515  0.09565291]
Camada: saida
Peso 1:
[[-0.3406755   0.10712888]
 [ 1.0625857  -1.2154495 ]
 [-0.36750093 -0.6959318 ]
 [-1.8321905   1.7880383 ]
 [ 0.10502706  0.6609103 ]
 [-0.9734687   0.631261  ]
 [ 0.9947149  -0.62828624]
 [-0.580129    0.07641528]]
Peso 2:
[-0.06928956  0.06928944]



pesos modelo: 
Test loss: 0.0485, Test accuracy: 0.9921
Camada: meio
Peso 1:
[[-0.04887667  0.39488563 -0.07804137 -0.44768825 -0.24416699 -0.21259013
  -0.31746018  0.24393913]
 [-0.35159823 -0.04906169  0.42937425  0.2560002  -0.07544371 -0.31173122
   0.12681374 -0.4311676 ]
 [-0.46781862 -0.2457035  -0.21061572 -0.09236407 -0.433551    0.47966722
   0.18493441  0.0920485 ]
 [ 0.23215103  0.11804957  0.09043778  0.07825356  0.441208   -0.35575747
  -0.2813018  -0.03631736]
 [ 0.02625884  0.12422182  0.20736422  0.5368114   0.05235291  0.35194758
   0.3019199   0.07974851]
 [ 0.38704997  0.15049191 -0.20499927  0.16831616 -0.40418252 -0.46815926
  -0.00838382  0.14660479]
 [ 0.21650138  0.0334045  -0.30904573 -0.06529178 -0.04512988 -0.15310739
  -0.24299242 -0.49943313]
 [ 0.14664404  0.07432292 -0.1261855   0.14450248 -0.39958653 -0.12203148
  -0.21863526 -0.4218457 ]
 [ 0.37699774  0.32953566 -0.01614082  0.47964206  0.25857285 -0.44194344
   0.26303342  0.44815117]
 [ 0.11585532  0.25390705  0.239505    0.52956355  0.44931006 -0.35623625
   0.04404551 -0.19277413]
 [ 0.4419699   0.35771242 -0.08972312  0.41921124  0.40043032  0.3344724
   0.3994643  -0.26921105]
 [-0.10313185  0.12918848 -0.14204735  0.44955713  0.3364302  -0.3398431
  -0.17616668 -0.41080886]
 [ 0.48506007  0.07207547 -0.08373828 -0.04155622  0.07679273  0.24230693
   0.37917015  0.28236437]
 [ 0.2554356  -0.638026    0.13492075 -0.01146001  0.09061838 -0.2810428
  -0.16384749 -0.4925668 ]
 [ 0.01446361  0.18506728 -0.3891156  -0.094416   -0.22052145  0.41040328
   0.2901627  -0.10678973]
 [ 0.53450245 -0.5208674  -0.20165241  0.15518099  0.1408831   0.45945278
  -0.29898894  0.08865126]
 [-1.201414    2.2227778  -0.33535254 -1.268528   -0.04015905  0.1632505
   0.7965804  -0.18768695]]
Peso 2:
[ 0.62859637 -0.28450474 -0.15139638  0.6115349   0.0463093   0.01936345
  0.01830053 -0.05343317]
Camada: saida
Peso 1:
[[-1.0792279   1.2273873 ]
 [ 1.7152579  -1.6934059 ]
 [ 0.6424772  -0.43001738]
 [-0.6916693   1.247351  ]
 [-0.21758768  0.05916213]
 [ 0.32317048  0.6683257 ]
 [ 0.4094663  -0.5191297 ]
 [ 0.6620223   0.31686056]]
Peso 2:
[-0.39187047  0.39187074]



pesos modelo: 
Test loss: 0.3064, Test accuracy: 0.8677
Camada: meio
Peso 1:
[[-5.57287931e-02  7.62581825e-03 -3.77500892e-01 -4.83260602e-01
  -2.96418279e-01 -2.10761130e-02 -4.97575998e-02 -2.73192465e-01]
 [-4.12277758e-01  6.01991117e-02 -2.51104355e-01 -4.44567204e-02
  -7.64710903e-02  2.00845450e-01 -8.01492631e-02 -3.58831346e-01]
 [-8.34355652e-02 -2.17534304e-01  3.24698180e-01 -1.18164539e-01
  -2.31285483e-01  2.70954669e-02 -2.52288580e-02  4.18629140e-01]
 [ 6.71282262e-02  1.14390375e-02  7.04104006e-02  1.09729938e-01
   1.25607848e-01 -3.10435802e-01  3.29247087e-01  2.74488866e-01]
 [ 2.92404026e-01  2.28017971e-01  2.49956042e-01 -1.45681864e-02
   8.77689794e-02 -1.72634289e-01  3.03231359e-01  1.55749127e-01]
 [-8.90116543e-02 -2.88898766e-01 -2.25447565e-01  4.27995116e-01
  -4.64698076e-02 -1.22618742e-01 -1.94157198e-01  2.57456809e-01]
 [ 4.80325729e-01 -3.31041217e-01  3.49144131e-01  3.66335303e-01
   1.31395638e-01 -1.56759396e-01 -2.22738050e-02  2.00466841e-01]
 [ 4.30758446e-01  3.42949778e-01  5.10144830e-01 -2.51793861e-01
  -1.13057002e-01 -3.76290292e-01  3.95249426e-01  3.12696815e-01]
 [ 1.83235239e-02 -4.05909866e-02  1.64687946e-01  3.75602365e-01
   1.35166764e-01 -4.31139559e-01  1.04418233e-01  4.00037020e-01]
 [ 1.53027534e-01  1.64926857e-01  2.39666447e-01  2.95096785e-01
   1.64229482e-01  1.35720298e-01 -2.56366432e-01  2.29951650e-01]
 [ 1.81904778e-01  3.76678199e-01  1.85941637e-01 -3.43856573e-01
  -1.83480665e-01  4.83248681e-01 -1.13649949e-01  3.11390311e-02]
 [-7.97526762e-02  1.36824623e-01  1.25493750e-01 -6.11583367e-02
   1.83140531e-01  1.89936101e-01  1.33329123e-01  1.70764223e-01]
 [ 3.08871329e-01  2.55088240e-01  3.39403272e-01  1.56898558e-01
  -1.11978382e-01  1.18063092e-01 -6.27733208e-03  2.69265652e-01]
 [ 5.86535752e-01 -3.09035540e-01 -6.67315871e-02 -5.30768633e-01
  -1.36084692e-03  3.33275348e-01 -1.06359518e-03  7.19464540e-01]
 [-1.03719696e-01  1.33453915e-02  4.39532876e-01  4.48459238e-01
   5.10949194e-01 -3.74775589e-01  2.50889093e-01 -1.96934529e-02]
 [ 4.53896523e-01 -2.80048579e-01 -5.83845913e-01  1.47379160e-01
   5.50888479e-01 -2.38771513e-01 -1.94723189e-01  6.73054039e-01]
 [-1.02428055e+00 -3.63436848e-01  1.52755332e+00  9.00706053e-01
  -7.19741225e-01  3.95782322e-01  7.16155887e-01 -1.63213444e+00]]
Peso 2:
[ 0.60340005  0.04913003 -0.21239552 -0.06793565  0.24436182  0.0043739
 -0.01290253  0.80247325]
Camada: saida
Peso 1:
[[-0.8509038   1.0220392 ]
 [-0.09065204  0.27472886]
 [ 1.0634059  -1.1961864 ]
 [ 0.29574877 -1.137821  ]
 [-1.0227288   0.251236  ]
 [-0.3482971  -0.43118387]
 [ 1.043759    0.15038303]
 [-1.659051    1.3042964 ]]
Peso 2:
[-0.19974914  0.19974853]



pesos modelo: 
Test loss: 0.1443, Test accuracy: 0.9306
Camada: meio
Peso 1:
[[-1.16966277e-01 -5.99463582e-02 -1.66396588e-01 -2.71144092e-01
  -2.06890613e-01  1.95270091e-01 -4.43294197e-01  9.32666957e-02]
 [-4.17736441e-01  1.90284103e-01 -3.27661902e-01  4.84001845e-01
  -1.41703516e-01 -1.00075722e-01  1.30122006e-02  1.33642882e-01]
 [ 3.48996609e-01  4.11109537e-01  3.56438011e-01 -4.06192064e-01
  -1.26166672e-01 -2.51708686e-01  3.43343824e-01  3.34732234e-02]
 [-8.77356455e-02  1.31961450e-01  1.87332928e-01  4.76861419e-03
   2.75899261e-01 -2.22766787e-01  1.04587255e-02  3.05342942e-01]
 [-3.47086817e-01  3.50220054e-01  4.07160103e-01 -3.71845722e-01
   1.69525424e-03 -3.91232550e-01 -2.71749526e-01 -9.29622278e-02]
 [-1.41781941e-01  9.33814794e-02  8.76689330e-02  4.54785675e-01
   1.12400152e-01 -3.23398203e-01 -2.10067723e-02  1.99598536e-01]
 [ 4.18712527e-01 -3.62354964e-01  3.04669261e-01  1.87593382e-02
   1.22114241e-01  4.30404663e-01  3.40274155e-01  8.63248333e-02]
 [ 7.15999007e-02 -1.07582353e-01  1.38688907e-01 -2.27633640e-01
   2.53882080e-01  4.98219848e-01  4.45806205e-01  5.00439778e-02]
 [-4.48253512e-01  4.99205083e-01  1.06449954e-01 -2.19680667e-01
   3.05473119e-01 -4.41224247e-01 -5.61997965e-02  2.68663615e-01]
 [ 5.57813570e-02 -2.47233316e-01  3.75771016e-01 -3.28954190e-01
   1.50665566e-01 -5.34043685e-02  3.32862705e-01 -9.84770283e-02]
 [-9.19419974e-02 -1.08902469e-01 -1.53991908e-01  8.97842199e-02
   3.82972360e-01  1.63676813e-01  3.27091366e-01  5.58817029e-01]
 [ 4.25443659e-03 -2.52932191e-01 -5.27382381e-02  2.40688816e-01
   1.51820660e-01 -1.63921088e-01  1.06352165e-01  4.64562953e-01]
 [-3.54671121e-01  4.96394962e-01  2.13044927e-01 -4.21237230e-01
   3.53486806e-01  1.40623882e-01  1.01673611e-01  1.22010700e-01]
 [ 2.54186273e-01 -2.22868770e-01  1.24027871e-01  4.86886203e-01
  -2.41569832e-01  1.57973632e-01  6.46977901e-01  3.01234931e-01]
 [-8.19775313e-02  2.46994883e-01  2.38757744e-01  4.15116578e-01
   6.10776842e-01 -2.87003130e-01 -6.62531108e-02  1.29407451e-01]
 [-2.00882524e-01 -1.40861943e-01  5.77494383e-01  4.12007183e-01
  -8.93049985e-02 -2.88470745e-01  3.30268681e-01  7.39345193e-01]
 [-2.33819142e-01 -6.90911472e-01 -1.23565447e+00  3.00690860e-01
   2.01217508e+00 -4.42823380e-01 -7.41644442e-01 -1.38348961e+00]]
Peso 2:
[-0.07005941  0.3650854   0.40472165 -0.00086946 -0.1902004   0.07546561
  0.43662682  0.6491064 ]
Camada: saida
Peso 1:
[[ 0.56605756 -0.07426944]
 [-0.71761006  0.79584366]
 [-0.51843905  1.3123835 ]
 [-0.22996397 -0.23701668]
 [ 1.1563257  -1.780994  ]
 [ 0.14932942  0.6749065 ]
 [-0.89804655  0.9781354 ]
 [-1.3518841   1.0448393 ]]
Peso 2:
[-0.09811293  0.09811343]



pesos modelo: 
Test loss: 0.1310, Test accuracy: 0.9423
Camada: meio
Peso 1:
[[ 4.60526139e-01 -1.27295077e-01  4.38602418e-01  2.88679987e-01
  -3.87283802e-01 -4.10811543e-01  4.20266360e-01 -1.94963038e-01]
 [ 4.10975426e-01 -1.06698543e-01  4.56092387e-01 -8.65777433e-02
   2.34956056e-01  1.59575194e-01  3.18425596e-02 -3.78412426e-01]
 [ 3.52219254e-01  1.85373455e-01 -4.84975010e-01 -3.33919287e-01
   2.60196239e-01  4.06213671e-01  1.75333112e-01 -2.22078323e-01]
 [ 4.93513852e-01  8.32444280e-02  4.92517501e-02 -1.57636315e-01
  -4.16496515e-01 -4.15282398e-01 -1.88007087e-01 -7.95979351e-02]
 [ 2.11790681e-01 -2.74080157e-01  2.02503189e-01  1.08551972e-01
  -1.39307901e-01  4.72837031e-01 -2.63188154e-01  2.03360811e-01]
 [-1.67490155e-01 -4.76396590e-01 -8.83680880e-02 -1.71548054e-01
  -2.62017429e-01  4.34892356e-01 -4.38959748e-01  1.36012053e-02]
 [ 3.98385525e-01 -4.33617979e-01  1.45562708e-01  4.38327491e-01
   1.63165346e-01 -2.18671948e-01  1.06294252e-01  1.21587031e-01]
 [-1.68439988e-02 -2.17745557e-01  6.74177781e-02  2.25073695e-01
  -4.08345349e-02  1.49903044e-01  7.73068964e-02  4.25818712e-01]
 [ 4.28445488e-01 -4.30194974e-01 -2.11161515e-03 -7.85439983e-02
   7.59626226e-03 -2.75281906e-01  3.19175720e-01 -2.14521870e-01]
 [ 4.40834492e-01  2.04684690e-01  2.53423959e-01 -4.25775319e-01
  -3.28019969e-02  4.70672667e-01 -2.53958851e-01  4.75029312e-02]
 [ 3.67681891e-01 -3.95358682e-01  2.02120066e-01  2.37395927e-01
  -3.73430401e-01 -2.16309831e-01 -2.80697774e-02  4.17024732e-01]
 [ 1.70429528e-01 -4.17968750e-01  2.50865594e-02 -4.98050332e-01
   8.78458098e-02  6.35482091e-03 -1.08599268e-01  5.00833653e-02]
 [ 3.66954863e-01 -3.38042766e-01  2.41471976e-01  1.59579113e-01
  -4.26640272e-01  2.73026854e-01 -2.57786751e-01  2.25434646e-01]
 [ 6.95001423e-01  3.43860745e-01 -2.65129536e-01 -2.37098187e-01
  -9.92104858e-02 -1.74229771e-01 -4.82003361e-01  5.98365724e-01]
 [-6.23048842e-02 -1.64967924e-01  3.19096982e-01 -1.16558254e-01
   4.99402583e-02  2.79112220e-01  1.02954440e-01  8.30364823e-02]
 [ 5.67696154e-01 -3.19126338e-01 -3.10518950e-01  3.35573167e-01
   1.94663376e-01  5.20839453e-01  1.92931563e-01  3.78561169e-01]
 [-1.20956290e+00 -2.78918624e-01  2.47722864e+00 -1.97402447e-01
  -2.03749105e-01 -1.97538465e-01  2.10770458e-01 -7.48924434e-01]]
Peso 2:
[ 0.6308221   0.00204546 -0.36637282 -0.01265148 -0.05447432  0.11869188
 -0.03821108  0.5562207 ]
Camada: saida
Peso 1:
[[-1.6509185   0.57650363]
 [-0.57045496 -0.4166108 ]
 [ 1.8879884  -1.8917813 ]
 [-0.54840034 -0.43217605]
 [-0.0665291  -0.5408752 ]
 [-0.7134654   0.00383209]
 [ 0.0773688   0.18840197]
 [-1.1726882   0.4136381 ]]
Peso 2:
[-0.36822012  0.3682198 ]



pesos modelo: 
Test loss: 0.2581, Test accuracy: 0.8694
Camada: meio
Peso 1:
[[-0.22054392  0.0197899  -0.15895745  0.07991919 -0.08752629 -0.27562052
  -0.26388437 -0.1720488 ]
 [-0.03807262  0.35858324  0.42767724  0.26184246 -0.3847108   0.25344285
   0.04158095 -0.37652385]
 [-0.3693398   0.06401744 -0.43464032  0.07609001  0.41716376 -0.04367378
   0.09161338  0.21114728]
 [ 0.2902188  -0.201123    0.47430035 -0.07550589 -0.16363347  0.34867984
  -0.24264039  0.05278501]
 [ 0.36978295 -0.3443839   0.16080496  0.53034174  0.15653302  0.1713047
   0.14167652  0.20956609]
 [ 0.283183   -0.17437688  0.411633   -0.07229409 -0.20888722  0.4555872
  -0.23446424 -0.37057635]
 [-0.07484134 -0.37657034  0.08122835 -0.2788615   0.28659877 -0.3468798
  -0.18599296 -0.29085225]
 [ 0.13388576 -0.02285815  0.13143857  0.09955959  0.10623     0.48285678
  -0.49249658 -0.2709119 ]
 [ 0.18142897 -0.20673767  0.03149311  0.16941819  0.41214818  0.09682779
   0.16783638  0.08100128]
 [ 0.33977646 -0.06819566  0.4385915   0.41220954 -0.37968823  0.07909587
  -0.07388249 -0.14951964]
 [ 0.3613983  -0.2352353   0.20165116  0.5500093   0.3359329  -0.14142886
   0.11464433 -0.15368253]
 [ 0.23251343 -0.1440044   0.3402733  -0.21210817  0.49917263 -0.13099
  -0.29416752 -0.40192527]
 [-0.03260636  0.24224292  0.26268786 -0.01279839  0.07052633 -0.53637075
  -0.13810065  0.16438542]
 [-0.10036503  0.37529406  0.65041006 -0.00524382  0.45455316  0.07432652
  -0.43276173 -0.35978752]
 [ 0.43203813  0.25590107 -0.06275803  0.03847898  0.33383262 -0.20775199
   0.14818871 -0.13177836]
 [-0.6282385  -0.44708958  0.8519758  -0.40434146  0.36310196  0.03132251
   0.20903173  0.20109306]
 [ 2.0817804  -0.04591955 -1.6708456  -0.7928094  -0.94990814 -0.20051663
   0.09104571 -0.2575597 ]]
Peso 2:
[-0.2006717   0.02297559  0.7951554   0.39571258  0.30887204  0.04751996
 -0.11576799 -0.02198626]
Camada: saida
Peso 1:
[[ 1.0411655  -1.9126139 ]
 [ 0.12139332  0.619352  ]
 [-1.0776608   1.9189124 ]
 [-0.80076283  0.7316607 ]
 [-1.3364844  -0.00225763]
 [-0.29386738  0.6903642 ]
 [ 0.03848968  0.4945708 ]
 [ 0.13884276 -0.13523789]]
Peso 2:
[-0.0732782   0.07327824]



pesos modelo: 
Test loss: 0.1023, Test accuracy: 0.9518
Camada: meio
Peso 1:
[[ 3.53376538e-01 -3.72324526e-01 -1.32106096e-01 -4.70129877e-01
   1.33058518e-01  2.47579783e-01 -3.09302449e-01 -2.41301745e-01]
 [ 1.18687779e-01  1.77705020e-01  2.02891439e-01 -3.74835730e-02
  -2.75578678e-01  2.33018130e-01  2.44785815e-01  4.04636294e-01]
 [ 3.82700294e-01  1.88572258e-01  9.84850228e-02  1.71585351e-01
  -3.62832010e-01 -6.36664629e-02  9.49843824e-02 -2.74188638e-01]
 [ 3.85434359e-01  6.07404821e-02 -4.13317531e-01  6.00150645e-01
   5.83955944e-01 -1.58338755e-01  3.86959851e-01 -2.79948503e-01]
 [ 2.83540368e-01 -1.43692316e-02  1.62170976e-01  4.43701565e-01
  -3.55597943e-01  1.76717371e-01  2.59064853e-01  5.03137670e-02]
 [ 3.44960928e-01  1.87699765e-01  3.38358432e-02  5.12624204e-01
  -7.09586218e-02  3.22775841e-01  2.05979154e-01 -5.61280176e-02]
 [-9.47531238e-02  5.98452762e-02  3.87556165e-01  3.62571366e-02
  -2.55729377e-01  4.10462230e-01 -3.22338551e-01  1.11400165e-01]
 [-2.41111666e-01  1.32903159e-01  8.54477584e-02  4.09472615e-01
  -2.75412589e-01  2.32166667e-02  3.24702375e-02 -4.61715341e-01]
 [-3.18178147e-01 -4.60104458e-02 -2.16922581e-01  2.01393232e-01
  -3.26452494e-01 -2.74632007e-01 -2.13019224e-03  3.11463177e-01]
 [ 2.07465768e-01  5.47449365e-02 -3.01166445e-01  1.39242589e-01
   2.68262148e-01  7.34069049e-02  3.05144250e-01  1.29432023e-01]
 [ 2.86111832e-01 -5.73877878e-02  1.91138759e-02 -7.34017864e-02
  -2.11326424e-02  4.91061538e-01  1.94395542e-01 -3.75267357e-01]
 [ 1.58366144e-01 -6.82705874e-03  7.75415301e-02 -6.88706934e-02
   3.87140840e-01  2.72804946e-01 -2.35885128e-01 -1.55157402e-01]
 [ 1.68638825e-01  6.63063535e-03  2.28500560e-01 -6.89038634e-02
   4.62758929e-01  2.07453921e-01 -1.42924786e-01  3.97521883e-01]
 [-2.75317967e-01 -4.32480127e-01 -1.67111516e-01 -3.01060826e-01
   4.23049331e-01  8.08934987e-01  1.10573575e-01 -4.11970049e-01]
 [ 1.30673900e-01  3.19153160e-01  9.26222280e-02 -1.23233572e-01
  -3.00957590e-01  4.41209346e-01 -3.72336924e-01 -3.01157415e-01]
 [-4.71329421e-01 -3.46627563e-01 -2.63581753e-01  5.26809692e-01
   2.21445933e-01  4.26928014e-01  2.22365528e-01 -4.58470255e-01]
 [ 1.12262654e+00  2.21118879e+00  1.79326132e-01 -1.05435288e+00
  -1.71950400e-01 -8.61818314e-01 -3.07342589e-01 -1.36944070e-01]]
Peso 2:
[-0.09926043 -0.1198987  -0.18267746  0.7087808   0.3428485   0.5097036
 -0.10583658  0.0757763 ]
Camada: saida
Peso 1:
[[ 1.105757   -0.66746664]
 [ 1.8877372  -1.3981673 ]
 [ 0.58073103 -0.3078018 ]
 [-0.96034455  1.0401087 ]
 [-0.48174137  0.6471474 ]
 [-0.7660238   1.2658321 ]
 [ 0.04684754  0.13676293]
 [-0.66826826  0.37637007]]
Peso 2:
[-0.427776    0.42777643]



pesos modelo: 
Test loss: 0.1876, Test accuracy: 0.8946
Camada: meio
Peso 1:
[[-1.27421588e-01 -3.54491979e-01 -1.25254691e-02  1.04037017e-01
  -1.26719475e-02 -1.77164674e-02  4.79389459e-01  3.94256204e-01]
 [-2.84096718e-01  4.87734228e-01  3.94998938e-01  1.51108056e-01
  -4.84244227e-02 -1.98449999e-01  1.72882885e-01  4.78625387e-01]
 [ 4.18806940e-01  2.79306620e-01  1.94972128e-01  3.23454529e-01
  -4.11413312e-01  6.60189688e-02  1.78960949e-01 -3.12728107e-01]
 [-2.38457516e-01  2.62021303e-01  2.15335920e-01 -1.72411978e-01
  -1.55715585e-01  3.10589194e-01  4.65623081e-01 -1.14749223e-01]
 [ 4.47888196e-01  2.60141641e-01 -1.17750214e-02  5.18177688e-01
  -1.05534710e-01  1.85604081e-01 -2.68420488e-01 -2.51656353e-01]
 [ 1.32314071e-01  4.83315259e-01  2.36082319e-02 -2.92591602e-02
   3.03437769e-01  3.30211759e-01 -5.16793653e-02 -4.47328389e-01]
 [-2.76538759e-01  2.16380715e-01 -5.39099053e-02 -2.95185983e-01
   2.60973781e-01  2.54540563e-01  2.97719210e-01  3.19427580e-01]
 [-1.30631208e-01  3.42345059e-01  1.79431796e-01 -1.44902781e-01
   8.57768729e-02 -5.59542365e-02  4.06234562e-01  2.19900921e-01]
 [ 3.68178070e-01 -1.54313548e-02 -1.70296639e-01 -1.31611988e-01
   1.61781937e-01  2.66127706e-01  4.29797471e-01 -1.48720160e-01]
 [ 2.20118791e-01  1.44732967e-01 -1.75951794e-03 -4.83011501e-03
   6.24870136e-02 -1.40823498e-01  7.70476013e-02 -1.51560828e-01]
 [ 5.36803044e-02  4.16462868e-01  2.57536501e-01 -8.92548040e-02
   9.57339108e-02 -6.57189414e-02 -1.47821724e-01  2.04833463e-01]
 [-1.85256451e-01  4.43587363e-01  3.53276730e-02  1.27656147e-01
   1.55492678e-01  1.86499476e-01 -3.46045673e-01 -3.30018550e-01]
 [ 3.10081184e-01  1.96785271e-01  9.03158858e-02  2.68510669e-01
   1.42621947e-02 -2.19263807e-01  3.83555889e-01  1.50627093e-02]
 [-1.34503469e-01  3.10923487e-01 -4.28715438e-01 -4.26551968e-01
  -4.78187770e-01 -1.43873110e-01 -2.51381367e-01 -1.73980236e-01]
 [-2.24881157e-01  3.27855885e-01  3.73740941e-01  1.16341986e-01
   1.22894347e-01 -1.37167156e-01 -6.00897491e-01  4.74596471e-01]
 [ 1.51386544e-01  6.88564658e-01 -6.02387011e-01  2.06320450e-01
  -2.69580424e-01 -4.64232683e-01  4.61673588e-01 -1.33480996e-01]
 [-3.49303961e-01 -1.53175890e+00  1.87352550e+00  7.95833826e-01
   1.40469348e+00  3.85722309e-01  1.02306873e-01 -2.78249025e-01]]
Peso 2:
[ 0.21582994  0.7852465  -0.17690541  0.06371446 -0.17197114 -0.2180705
  0.09418581  0.02774804]
Camada: saida
Peso 1:
[[-0.45502225  0.15109317]
 [-1.5357457   1.1681129 ]
 [ 1.4019032  -1.5003982 ]
 [ 0.2536879  -0.82696134]
 [ 0.99989444 -0.9247611 ]
 [ 0.16828042 -0.59897256]
 [-0.13761112  0.38706735]
 [-0.00379224  0.21458064]]
Peso 2:
[-0.6214447  0.6214458]



pesos modelo: 
Test loss: 0.2077, Test accuracy: 0.9104
Camada: meio
Peso 1:
[[-0.29499623  0.4573075  -0.0075236   0.4506072  -0.44233024  0.05985418
   0.11998954  0.37749645]
 [-0.47514996 -0.1594424   0.07140735 -0.16211724 -0.27900374  0.41245666
  -0.21291086  0.01349542]
 [-0.4890294   0.08168313 -0.2536797   0.09355101 -0.08973172  0.42291746
   0.47337773  0.45357767]
 [ 0.4007048   0.27209255  0.20109211 -0.02654754 -0.361052   -0.43388423
   0.12405986  0.07216047]
 [ 0.4815659   0.2723196   0.18363376 -0.36765742  0.46114022 -0.2120111
   0.18229848 -0.35878822]
 [ 0.14674154 -0.2359778  -0.02607017  0.04034485  0.30403817 -0.47983646
  -0.087399   -0.38451007]
 [ 0.41998875 -0.17822687 -0.04437674  0.05820271 -0.3284159  -0.11399597
   0.19237071 -0.46897125]
 [ 0.2047804   0.5673517   0.09369276 -0.25566074 -0.19853637  0.03697638
   0.15887564 -0.13151464]
 [ 0.08342133  0.21191505 -0.055556    0.1998091  -0.25783792  0.11851779
  -0.00348303 -0.14822426]
 [ 0.6198617   0.41911933  0.37903515  0.1880839  -0.10382608 -0.00554665
   0.17597993 -0.45986152]
 [ 0.37402594  0.08083494  0.26004478 -0.14972189 -0.20032068 -0.1266743
   0.03591117 -0.33119678]
 [-0.1011591  -0.03551342 -0.2954945   0.117887   -0.11460816 -0.46192625
   0.01402637  0.2416444 ]
 [ 0.15251893  0.497823   -0.15737931 -0.22778156  0.16079584  0.37031758
   0.20549035 -0.22626354]
 [ 0.78475434 -0.27131075 -0.4773624  -0.47619942 -0.25066876 -0.13391493
  -0.60681915 -0.08532768]
 [ 0.13345455 -0.35025537  0.07138368 -0.41170487  0.17387348 -0.40527323
   0.2954515   0.06360872]
 [ 0.5543841   0.46869156 -0.34741825 -0.44962654 -0.1195464   0.1932665
  -0.72385454  0.3620718 ]
 [-1.107627   -0.29296905  1.5737531   0.04851883  0.20070197 -0.4513247
   2.2230906  -0.3042933 ]]
Peso 2:
[ 8.0272579e-01  2.6864794e-01  5.7147339e-02  3.0046439e-02
  1.5789637e-05 -3.8501889e-02 -3.5166082e-01 -1.5430095e-02]
Camada: saida
Peso 1:
[[-0.8355393   1.6243556 ]
 [-0.33517823  0.576581  ]
 [ 1.316054   -0.7578458 ]
 [ 0.09892753  0.6822592 ]
 [ 0.78203136  0.6087147 ]
 [-0.38587064 -0.74250346]
 [ 1.6377108  -1.4778193 ]
 [ 0.62085265  0.5193375 ]]
Peso 2:
[-0.6462937   0.64629334]



pesos modelo: 
Test loss: 0.0356, Test accuracy: 0.9962
Camada: meio
Peso 1:
[[-3.46151829e-01 -4.78994220e-01  8.99082124e-02 -1.81768149e-01
  -1.61173940e-03 -3.75545889e-01  5.23444116e-02 -1.34206772e-01]
 [ 2.08598107e-01 -2.40766093e-01  3.90951902e-01 -1.48042649e-01
  -1.27016395e-01 -3.31258774e-02 -2.68646210e-01  2.78830439e-01]
 [-1.15661502e-01  2.13091075e-02 -2.67821372e-01  1.08535856e-01
   4.35683817e-01 -1.85287356e-01  3.13272387e-01  4.02503908e-02]
 [-1.32287875e-01 -1.26727447e-01 -1.03405491e-01 -4.19421852e-01
   2.86611497e-01  4.22251187e-02  6.04905009e-01 -7.75043666e-02]
 [ 2.75328398e-01  3.44177574e-01  2.21466243e-01 -2.76889592e-01
  -4.89154607e-01 -3.77788424e-01  5.07025123e-01  1.91305727e-01]
 [ 4.41387802e-01  4.03849453e-01 -1.59248020e-02 -4.50495511e-01
   6.45131022e-02  2.60595500e-01  4.26261961e-01  1.48843095e-01]
 [ 3.30817133e-01 -3.91705811e-01 -1.56985387e-01 -3.34473491e-01
  -3.98400664e-01 -3.82845461e-01 -2.47852549e-01 -2.16345675e-02]
 [-6.60908595e-02  4.02031064e-01  5.17937601e-01 -4.12444681e-01
   1.17123872e-01  1.46846935e-01  2.73058176e-01  5.29313125e-02]
 [ 3.38301390e-01  3.35443243e-02 -9.62539837e-02 -3.97323593e-02
  -2.21769124e-01 -3.58244270e-01 -2.45568812e-01 -7.25615472e-02]
 [ 5.33169210e-01 -3.57313275e-01  3.92271727e-01 -2.28950456e-01
  -4.04242933e-01 -1.91951171e-01  1.01773120e-01  4.01386321e-01]
 [ 2.27814183e-01  3.68665338e-01  4.14075702e-01  3.66186619e-01
   3.27843636e-01 -1.08181424e-01 -4.00028005e-02  4.85377982e-02]
 [ 3.71523499e-01  1.42935202e-01  1.95610628e-01 -3.22351694e-01
  -4.56206679e-01 -1.37017146e-01 -8.22630301e-02  1.61426917e-01]
 [ 1.65847927e-01  4.79073793e-01  5.67929685e-01  3.17528099e-01
   5.65302745e-02 -3.81490022e-01  2.03942526e-02  1.30728304e-01]
 [ 6.25071585e-01  2.26561606e-01  6.79765463e-01 -3.69698256e-01
  -3.29347461e-01  2.69917309e-01  5.43950975e-01 -7.92024136e-02]
 [-2.03637660e-01 -1.03114672e-01  1.29932776e-01 -1.97085679e-01
  -3.34990859e-01  3.06729466e-01  6.26498461e-02  2.03730255e-01]
 [ 2.20514551e-01 -5.48576772e-01 -6.22027665e-02 -4.47797477e-01
   1.51296273e-01 -4.48588341e-01  1.22981973e-01 -5.59905529e-01]
 [-9.74299192e-01  5.18164575e-01 -9.45698857e-01  3.13636094e-01
   1.95104912e-01 -4.60679799e-01 -6.20361745e-01  2.55395198e+00]]
Peso 2:
[ 0.67361385 -0.01390602  0.5011651   0.00171066 -0.17536405 -0.02915164
  0.35331115 -0.11872511]
Camada: saida
Peso 1:
[[-0.93411815  1.036257  ]
 [ 0.8408552   0.16558418]
 [-1.4345248   0.11843712]
 [ 0.64999884  0.60951775]
 [ 0.5648024  -0.51566786]
 [-0.13524903 -0.20554446]
 [-0.64780605  0.4727398 ]
 [ 1.881299   -1.7309794 ]]
Peso 2:
[-0.56170446  0.5617044 ]



pesos modelo: 
Test loss: 0.3616, Test accuracy: 0.8605
Camada: meio
Peso 1:
[[ 0.20939693  0.35614493 -0.25047445  0.03799024 -0.1696057   0.20847163
   0.3861299   0.0290468 ]
 [ 0.14553598  0.01557735 -0.28618538  0.08894518 -0.32766798  0.37991038
   0.09592673 -0.4082889 ]
 [ 0.37091997 -0.27835423  0.12879023  0.01220301 -0.25170135  0.32645383
  -0.14970437 -0.25214273]
 [-0.16363028  0.33295676 -0.18035239 -0.03062101 -0.15802845  0.46859044
   0.14584845 -0.4467457 ]
 [ 0.12557198  0.1454995  -0.5028257   0.1819368  -0.15281428 -0.05200314
   0.42319623  0.20759335]
 [-0.1790265  -0.3699675   0.30633858  0.0219259   0.03605141  0.1917052
   0.33875543 -0.20843257]
 [-0.21399191 -0.35130632  0.34326008  0.18113035 -0.32748     0.48654777
   0.545124   -0.15174383]
 [ 0.4948135  -0.40855664  0.01972775  0.10344531 -0.4641704   0.32199043
   0.04232633  0.19074015]
 [ 0.16106498 -0.01537918  0.42419517  0.11062626 -0.22940335 -0.32080618
   0.2801196  -0.38689968]
 [-0.10343234  0.29759532  0.39126375  0.07129881  0.3852915   0.4641252
   0.20572424 -0.33423847]
 [-0.19910449 -0.2234894  -0.20220621 -0.15523987 -0.42364213 -0.42566732
   0.14150272 -0.3151319 ]
 [ 0.11646733  0.26397917  0.02004768  0.04834336 -0.44021952  0.08275949
   0.14780244 -0.1627668 ]
 [ 0.31937143  0.07278509 -0.01239776  0.03750954 -0.3618352   0.14970197
   0.05712972  0.25402388]
 [ 0.47280762 -0.24160112  0.34340736 -0.6892938   0.15305361 -0.44413933
   0.55028087 -0.13493732]
 [ 0.30588168  0.31608328 -0.31812498  0.5789591  -0.36861393 -0.01789496
   0.12158058 -0.12224586]
 [ 0.78246933  0.1827148   0.15735173 -0.66621     0.38043228 -0.41602662
   0.21394755 -0.13512838]
 [-0.6200171  -0.51412064  0.24861899  2.4257143   0.09435049  0.10123122
  -1.4471312  -0.46685058]]
Peso 2:
[ 0.55926186  0.27393156  0.02077668 -0.17027196 -0.05629329 -0.00816129
  0.7084517  -0.01109723]
Camada: saida
Peso 1:
[[-0.52461183  0.8850639 ]
 [-0.5015361   0.25086895]
 [ 0.46527225  0.671737  ]
 [ 1.7674674  -1.7477012 ]
 [ 0.4419989  -0.35175037]
 [-0.6172128  -0.4197837 ]
 [-1.0420737   1.5366364 ]
 [-0.49829954 -0.6242753 ]]
Peso 2:
[-0.454255    0.45425484]
