


pesos modelo: 
Test loss: 0.0904, Test accuracy: 0.9710
Camada: meio
Peso 1:
[[ 0.4298994   0.1449461  -0.4712863   0.03969306 -0.03093302]
 [ 0.42861706  0.21361887  0.2731585   0.37376583 -0.00416911]
 [-0.05270311 -0.02060866 -0.4584055   0.06393003 -0.3283707 ]
 [-0.15496692 -0.30397364  0.02664952 -0.06416053  0.10742604]
 [ 0.661673    0.01531328  0.0772308   0.08514167  0.27865633]
 [ 0.39755356 -0.07668435  0.06611679  0.05841998  0.18166873]
 [ 0.68535185 -0.08491869  0.05650188 -0.06033135  0.3508976 ]
 [ 0.45766434 -0.513131    0.08544928  0.03795436  0.21112166]
 [-0.17712547  0.24633029  0.03164968  0.21127088  0.08146481]
 [ 0.37769547  0.35643625  0.05064455 -0.07934378  0.23449495]
 [ 0.0422571  -0.49205148  0.04667786 -0.41280866  0.15500978]
 [ 0.6346295   0.15930061  0.06306744 -0.29883206  0.31893578]
 [ 0.5270757  -0.39925897  0.06201634 -0.42517477  0.30889842]
 [-0.3661663  -0.51831514  0.41497493 -0.39313036  0.43054345]
 [ 0.11026368 -0.29520455  0.32696885 -0.17671381 -0.30648413]
 [ 0.23116249 -0.12665972  0.70536685 -0.15650171  0.6313205 ]
 [ 0.3893665  -0.27969554 -1.6945058   0.05838665 -2.1524756 ]]
Peso 2:
[ 0.33121753 -0.04685815  1.0709237  -0.21762854  1.2490427 ]
Camada: saida
Peso 1:
[[ 0.33426365 -1.0261656 ]
 [ 0.21575692 -0.36738285]
 [-1.6763514   1.5177476 ]
 [-0.74869937  0.6069605 ]
 [-1.8998357   1.6234317 ]]
Peso 2:
[ 1.84334   -1.8433403]



pesos modelo: 
Test loss: 0.2604, Test accuracy: 0.8764
Camada: meio
Peso 1:
[[-9.4633490e-02  1.3170111e-01  4.4941735e-01 -3.2396138e-02
  -5.8254153e-02]
 [ 3.9662176e-01 -1.6588098e-01 -8.0697954e-02  1.7967194e-01
   4.2301655e-02]
 [-5.0188118e-01  1.6307688e-01 -2.8958669e-01  9.2950463e-03
   4.4064379e-01]
 [ 2.8524327e-01  3.5041988e-01  5.1618659e-01 -1.5850157e-01
   4.6220765e-01]
 [ 2.3175077e-01  2.4714898e-01  1.9729449e-01 -6.8418182e-02
  -7.7116927e-03]
 [-1.8665445e-01  2.5420392e-01  2.6999292e-01  1.5677163e-02
   1.9580746e-01]
 [-2.5047243e-01  2.7618441e-01  3.0418721e-01 -3.2998070e-01
   3.7109077e-01]
 [-1.9034199e-02  3.6139107e-01  3.4276879e-01  4.3189064e-01
   1.3805303e-01]
 [-1.6195057e-01  1.3048507e-01 -1.6606429e-03 -2.7155001e-02
  -7.5929247e-02]
 [-5.1254940e-01  5.7786629e-02 -1.8247458e-01  3.6378503e-01
   4.2814422e-02]
 [ 2.7181368e-02  2.5227696e-01  1.5879183e-01  3.5076025e-01
  -1.9788831e-01]
 [-1.4825691e-01  3.2198298e-01  3.2502645e-01  1.1253914e-01
  -2.5882500e-01]
 [-3.4158534e-01  4.0730536e-01  4.4615188e-01  1.3828082e-01
  -5.8527526e-02]
 [-2.5795051e-01  9.4758099e-01 -5.2969158e-01 -1.2506744e-01
   1.4868000e-01]
 [ 4.4725865e-01  2.4215086e-01  6.3869786e-01  5.0628257e-01
  -1.4257582e-01]
 [-4.1569653e-01  5.5654824e-01 -3.7200767e-01 -3.0640227e-01
   1.3007770e-01]
 [-3.9155465e-01 -2.3647120e+00  1.5984859e+00  2.5289369e-01
  -4.2026386e-01]]
Peso 2:
[-0.00677132  1.092993   -0.05498002 -0.03293604  0.15642142]
Camada: saida
Peso 1:
[[-0.46101812 -0.2511621 ]
 [-1.5654054   2.2720566 ]
 [ 0.9970275  -1.4745933 ]
 [ 0.79368705  0.22502239]
 [ 0.06148326  0.58148634]]
Peso 2:
[-0.05048495  0.05048545]



pesos modelo: 
Test loss: 0.2207, Test accuracy: 0.9059
Camada: meio
Peso 1:
[[ 0.3928572  -0.3259974   0.5022815   0.21744895  0.38807064]
 [-0.48673564 -0.042817    0.42968386 -0.2558167  -0.28284833]
 [-0.0213663   0.21749449  0.40784955  0.2424702   0.01402271]
 [-0.01740332 -0.19836208  0.09934243  0.44779164  0.05349953]
 [ 0.04907329 -0.10541543 -0.33603108  0.01434329 -0.30514315]
 [ 0.47349566  0.49803075  0.04019879  0.5507016   0.25788417]
 [ 0.0925286  -0.09998429 -0.16314481 -0.40375307 -0.17705646]
 [ 0.11049879  0.01454475  0.2559259  -0.19028004 -0.00881875]
 [ 0.02057473 -0.12902367  0.27267966 -0.25999686 -0.3161348 ]
 [ 0.30838227  0.24936011 -0.4690444  -0.13651165 -0.1822989 ]
 [ 0.09702603 -0.02614004 -0.16444728 -0.32429197 -0.07276938]
 [ 0.35321945  0.30713654  0.10704371  0.02460501  0.10507955]
 [ 0.3020021   0.27952725 -0.5479942  -0.27497932  0.40369752]
 [ 0.8883887  -0.31883264 -0.064511   -0.49981442  0.17511028]
 [ 0.34621897  0.828522   -0.12053289 -0.40513104 -0.03644905]
 [ 1.0731028   0.10697654  0.17592123 -0.02470437  0.2212038 ]
 [-1.988939    2.1303873  -0.5115069  -0.06264573 -0.13794371]]
Peso 2:
[ 1.0906357  -0.05834169 -0.27280933  0.05584683  0.03397293]
Camada: saida
Peso 1:
[[-1.2902541   2.353997  ]
 [ 1.0410663  -1.7561185 ]
 [ 0.32581288 -0.17565371]
 [-0.78033894  0.45729104]
 [-0.16075207  0.05966444]]
Peso 2:
[-0.14969638  0.14969644]



pesos modelo: 
Test loss: 0.0793, Test accuracy: 0.9835
Camada: meio
Peso 1:
[[-0.26897904 -0.01965678 -0.25607768  0.1985578   0.20113528]
 [-0.3237394   0.29469806  0.01358539  0.30507362  0.5163565 ]
 [ 0.03235316 -0.2520585  -0.07217574  0.5072662  -0.05923006]
 [ 0.43445933 -0.27056637 -0.22532034 -0.15165237  0.48224485]
 [ 0.39588583 -0.32204157  0.42094457  0.30488843  0.19365443]
 [ 0.45148543 -0.4683447  -0.28386635 -0.11298193  0.46126443]
 [ 0.4219399  -0.30800968 -0.20672601  0.39386296  0.16190544]
 [ 0.16022784  0.35812572 -0.38268065 -0.08400547  0.08199294]
 [ 0.30071017 -0.3815394  -0.00741307  0.18776186  0.07823611]
 [ 0.12947133  0.30339408 -0.2266624   0.14686994 -0.04901731]
 [ 0.28347796  0.11689473 -0.12223367 -0.20214163  0.2534469 ]
 [ 0.06400751  0.03612712 -0.11878179  0.18741824 -0.16107112]
 [ 0.1691762  -0.47212672 -0.51983     0.15863305  0.00765268]
 [ 0.43072608  0.08413115  0.18444495 -0.41726345 -0.20177329]
 [-0.00974218 -0.27612224 -0.44861296  0.6285149   0.02660033]
 [ 0.8949811   0.15235361  0.39118806 -0.22899322 -0.1908717 ]
 [-2.0299418  -0.29627365 -0.48761606  0.76562625  2.0154703 ]]
Peso 2:
[ 1.0516778   0.06506017 -0.01840741 -0.06736223 -0.06896193]
Camada: saida
Peso 1:
[[-1.8327425   1.6572572 ]
 [-0.5583837   0.01951177]
 [ 0.4393124   0.29348072]
 [ 1.4129176   0.23697548]
 [ 1.6193398  -1.1339551 ]]
Peso 2:
[-0.18206291  0.18206327]



pesos modelo: 
Test loss: 0.4085, Test accuracy: 0.8351
Camada: meio
Peso 1:
[[ 0.4996304   0.28390652 -0.4132355  -0.14172605  0.16988945]
 [-0.08045778  0.49756235 -0.11713868 -0.47156996 -0.512592  ]
 [-0.2912287  -0.14504212  0.20055169 -0.4313268   0.07370621]
 [-0.45724967  0.39694148 -0.06734189  0.43611145 -0.10123296]
 [-0.4216911  -0.04931834  0.37012103 -0.14398636  0.11522215]
 [-0.1650784   0.18592633 -0.01881992  0.40375105  0.24945796]
 [-0.42523018  0.29119062 -0.44973034  0.5594923   0.255398  ]
 [-0.49298045  0.03461027  0.19921558  0.30387047  0.43260372]
 [ 0.16213587  0.18250206 -0.01571013  0.37037775  0.3517934 ]
 [-0.3233359   0.18532304  0.302483    0.00493338 -0.15798628]
 [-0.4540479   0.01601801  0.3471173  -0.1077935   0.12607715]
 [ 0.14519021  0.34680498  0.34120452  0.5535737   0.10020278]
 [-0.18964311  0.09579238  0.39803383  0.33262482  0.33193773]
 [ 0.11641276  0.7407101  -0.00670215  0.12523104  0.3384212 ]
 [-0.4330296   0.10325127 -0.64991844  0.6839837  -0.10877699]
 [-0.37939528  1.0818644  -0.3675485   0.3720479   0.21256219]
 [ 0.09964973 -2.0608904  -0.5212645   1.1686459  -1.3484799 ]]
Peso 2:
[-0.00583998  1.2470086   0.00723012  0.24981092  0.68511665]
Camada: saida
Peso 1:
[[ 0.83774585 -0.32468715]
 [-1.8234345   1.9859838 ]
 [-0.49563044  0.10101031]
 [ 1.844743   -0.21408172]
 [-1.1417115   1.1724644 ]]
Peso 2:
[ 0.7395459 -0.739545 ]



pesos modelo: 
Test loss: 0.0845, Test accuracy: 0.9763
Camada: meio
Peso 1:
[[ 0.03366166 -0.19095269  0.37095463 -0.49369338 -0.4545626 ]
 [-0.49182063  0.41337866  0.10840452 -0.13237545 -0.42195392]
 [-0.00367016 -0.01043582 -0.3694381  -0.39854306  0.14240998]
 [ 0.04161701  0.34937635 -0.27674043  0.44891733 -0.15775298]
 [ 0.19150753 -0.16166292 -0.46418992 -0.009547    0.0096793 ]
 [-0.24384233  0.01854435 -0.41020587  0.28847203 -0.36426723]
 [-0.27414513  0.13071194 -0.315441    0.40739104 -0.07587034]
 [ 0.29090855  0.24969819 -0.44302818  0.3611131  -0.24279429]
 [-0.16624981  0.16101675 -0.15560429  0.35081124  0.00429039]
 [ 0.15565652  0.2975075   0.08715638  0.3346662   0.3040836 ]
 [-0.14791903 -0.16239649  0.21082108  0.00751311  0.04446869]
 [ 0.34285894  0.2462711  -0.3268834   0.28352958 -0.26710486]
 [ 0.43818572  0.25351018  0.28175956  0.22081807 -0.5156811 ]
 [ 0.46504548 -0.52685314  0.26441124  0.5472907   0.09402313]
 [ 0.20780057  0.44353518  0.43951732  0.01724641 -0.1543647 ]
 [ 0.493989   -0.17769508  0.6671629   0.6352979  -0.20523292]
 [-0.71924067  2.058091   -0.28624287 -1.9508486   0.17611152]]
Peso 2:
[ 0.3499399  -0.119238    0.22235455  0.9256472  -0.00632881]
Camada: saida
Peso 1:
[[-0.3998263   0.98407286]
 [ 1.0618902  -1.9770689 ]
 [-0.9288976   0.46441066]
 [-1.3118687   1.9245151 ]
 [-0.78398657 -0.65260327]]
Peso 2:
[-0.02302739  0.02302756]



pesos modelo: 
Test loss: 0.0984, Test accuracy: 0.9615
Camada: meio
Peso 1:
[[ 3.91133845e-01  5.04165888e-02  4.95536029e-01  4.72408772e-01
  -8.77693594e-02]
 [ 9.29295421e-02  5.17265379e-01  2.07183361e-01  3.66424322e-01
   4.90910828e-01]
 [-2.27711558e-01 -2.42415309e-01  9.54385400e-02  5.06385863e-01
  -1.02102846e-01]
 [ 1.21565029e-01  2.16512054e-01  1.54406235e-01 -1.10219168e-02
  -4.09886748e-01]
 [ 4.48230915e-02  3.70578527e-01  2.78484881e-01  3.56622130e-01
   6.07656948e-02]
 [-4.87251282e-02  6.63928688e-02 -2.16588944e-01 -2.44748041e-01
  -2.18257606e-01]
 [ 2.83972681e-01  2.31791094e-01  4.27976668e-01 -1.55540809e-01
  -2.96544939e-01]
 [-1.82096584e-04  1.40577510e-01  1.92258045e-01 -7.88678899e-02
   2.80102640e-01]
 [ 3.43391865e-01  2.41660863e-01  3.97778898e-01 -2.13951647e-01
   3.96227479e-01]
 [-1.24444969e-01  1.70001686e-01  3.04082334e-01  2.15127245e-01
   3.22562695e-01]
 [ 1.84721332e-02  4.53422487e-01 -4.57725376e-01  5.07379889e-01
  -1.46286726e-01]
 [ 9.57318321e-02  2.14117780e-01  3.24019134e-01 -3.62933353e-02
  -6.12171814e-02]
 [ 8.54368210e-02  3.82021308e-01  4.19352233e-01  4.43224639e-01
   1.10197686e-01]
 [-1.03524387e-01  4.90205854e-01  5.84443152e-01 -6.54999018e-01
  -3.68119866e-01]
 [ 5.00972450e-01  8.23255777e-02 -1.01285093e-01  5.37091911e-01
  -2.05248356e-01]
 [-4.67681050e-01  8.13805401e-01  1.98472157e-01  1.61705405e-01
  -4.64576423e-01]
 [ 1.74314439e+00 -1.93310618e+00  2.24935636e-01  1.40884852e+00
  -1.50825962e-01]]
Peso 2:
[-0.2538616   1.0031704   0.03344284 -0.0986911  -0.0058093 ]
Camada: saida
Peso 1:
[[ 0.7063547  -1.7177016 ]
 [-2.149552    1.1907578 ]
 [ 0.39549547  0.51806134]
 [ 1.2777747  -0.53810316]
 [ 0.12075129  0.41500264]]
Peso 2:
[-0.31041533  0.31041548]



pesos modelo: 
Test loss: 0.1504, Test accuracy: 0.9194
Camada: meio
Peso 1:
[[-0.3909452  -0.2978356  -0.32712808  0.3203892   0.45498496]
 [ 0.37489736  0.18495828 -0.16152364 -0.24911857  0.03494489]
 [-0.02520046 -0.39838332  0.02931178 -0.39943045  0.1225636 ]
 [ 0.01868255  0.29913443  0.2841388   0.31266752 -0.5059139 ]
 [ 0.38888732  0.30106843  0.24139442  0.07039258 -0.22513771]
 [ 0.21418802  0.37338984  0.01331721  0.30166742 -0.250068  ]
 [ 0.29964823  0.1101958   0.4618484  -0.16009188  0.11939713]
 [-0.22583911  0.04828089  0.2543172   0.062528   -0.42510903]
 [ 0.10053694  0.11150809 -0.16240656 -0.03927556  0.0224239 ]
 [ 0.25622278  0.1743127  -0.43342596 -0.07067771 -0.05660615]
 [ 0.09203956  0.21900615  0.21914284  0.11421292 -0.5062997 ]
 [ 0.22729857  0.24573672 -0.50671357  0.09966131  0.1604547 ]
 [ 0.4384239   0.2847755  -0.29683918 -0.00902347  0.24378109]
 [-0.6322794   0.7464068  -0.34261522 -0.38654873  0.11212915]
 [ 0.8055385   0.29867718  0.23325898  0.46329325  0.24444367]
 [-0.2841847   0.61759806  0.12405564 -0.11088551  0.45020777]
 [ 0.7262029  -2.3823962  -0.20897488  1.2093469   0.285821  ]]
Peso 2:
[-0.01741561  1.2074357   0.00322876 -0.00200881 -0.01058043]
Camada: saida
Peso 1:
[[ 0.12942027 -1.3428707 ]
 [-1.6123959   2.3458867 ]
 [-0.92295915 -0.79088444]
 [ 1.2076639  -1.2059629 ]
 [ 0.13799934  0.03031194]]
Peso 2:
[ 0.05744164 -0.05744132]



pesos modelo: 
Test loss: 0.1891, Test accuracy: 0.9230
Camada: meio
Peso 1:
[[-0.51127297 -0.36712494  0.01968282 -0.294111    0.23953164]
 [-0.11838552 -0.19231284 -0.3476929   0.4229465   0.1253931 ]
 [-0.41878092  0.31969285 -0.30696505 -0.12896413 -0.10780391]
 [ 0.1411424   0.23085241 -0.4225556  -0.12287375 -0.40993246]
 [ 0.13574916 -0.47937095  0.07467218  0.33267373 -0.13297679]
 [ 0.13146178 -0.39950177  0.06109731  0.08125867 -0.346362  ]
 [ 0.11649465 -0.32685786  0.39586392 -0.22988005  0.5183086 ]
 [ 0.12225974 -0.19341326  0.02152972  0.10621861  0.16529831]
 [ 0.10990158  0.06803718 -0.5290783   0.3513873   0.49705812]
 [ 0.1145419  -0.42145956 -0.18436287 -0.53940165 -0.34486127]
 [ 0.13843563  0.3242352  -0.51187104  0.22811656 -0.30287263]
 [ 0.14768136 -0.5181194   0.1401204  -0.16278772 -0.25144684]
 [ 0.1315476  -0.23675124 -0.4546521  -0.5592768  -0.48959568]
 [ 0.8664812  -0.16180654  0.20075153  0.2548344  -0.46335477]
 [-0.05374448  0.08250915 -0.13384323 -0.16093111 -0.11944079]
 [ 0.9623875   0.28646737 -0.07857549  0.38595644 -0.5153784 ]
 [-2.6695294  -0.0831148  -0.13064562 -0.46984354 -0.03251228]]
Peso 2:
[ 1.7770758  -0.09392471 -0.14138849 -0.15571205  0.02675035]
Camada: saida
Peso 1:
[[-2.3406677   2.262045  ]
 [-0.63710076 -0.02409782]
 [ 0.60472137 -0.32803485]
 [ 0.54744345  0.6325884 ]
 [ 0.7305558   0.5659785 ]]
Peso 2:
[ 2.5203207 -2.5203214]



pesos modelo: 
Test loss: 0.2001, Test accuracy: 0.8991
Camada: meio
Peso 1:
[[-4.3913445e-01  3.0854893e-01 -2.7168214e-01 -9.1943949e-02
  -2.4853945e-02]
 [ 4.3641949e-01  8.1914186e-02 -2.5418589e-01  2.7062118e-02
   1.9813538e-02]
 [-4.6114734e-01  1.5296656e-01  4.4147438e-01 -5.8378279e-02
   6.3817620e-02]
 [-2.6194268e-01  3.6039181e-02  4.6741769e-01  1.2808183e-01
  -5.2048433e-01]
 [ 1.9474034e-01 -2.7626812e-01  6.6229087e-01  2.1608587e-01
   3.6525652e-01]
 [-4.4446272e-01 -1.6294640e-01  6.9783378e-01  2.7370465e-01
  -4.2079937e-01]
 [-3.9737079e-01 -1.5604489e-01  3.3713537e-01  3.3894628e-02
   1.2606415e-02]
 [ 2.4884507e-01  2.8979644e-01  8.2428873e-02 -1.9035311e-02
  -1.0852139e-01]
 [-2.1489032e-01 -5.2757287e-01 -5.5641983e-02 -1.3177191e-01
  -3.1863296e-01]
 [ 6.8034753e-02 -2.1043161e-01  4.3582246e-01  1.5197526e-01
  -3.4503824e-01]
 [-3.7344608e-01  2.7605590e-01  3.0500308e-01  4.8439581e-02
   4.0391508e-01]
 [ 2.1039985e-01 -1.2333539e-01  2.7360559e-01  4.8537180e-02
  -2.9187480e-01]
 [ 8.2265384e-02 -4.2206559e-01  2.0706779e-01  2.1360999e-03
   3.3808076e-01]
 [ 1.5817106e-01  2.8697574e-01  5.3206956e-01 -5.8610260e-01
   3.7186807e-01]
 [-4.4340760e-01 -2.9730120e-01 -1.7900458e-01  2.5556281e-01
  -3.8283744e-01]
 [ 2.8524444e-02 -5.0749409e-01  3.4920043e-01 -7.8268790e-01
  -5.4512125e-01]
 [-3.3000675e-01 -3.5972172e-01 -7.0517534e-01  2.8541968e+00
  -3.1388542e-01]]
Peso 2:
[-0.3241935  -0.21710496  0.88403213 -0.12779842 -0.14183417]
Camada: saida
Peso 1:
[[ 0.6813541  -0.05180869]
 [ 0.8613024  -0.8820713 ]
 [-1.2843176   0.91571605]
 [ 2.0094154  -2.0074832 ]
 [ 0.47000262  0.04420449]]
Peso 2:
[-1.0491912  1.0491918]



pesos modelo: 
Test loss: 0.1001, Test accuracy: 0.9550
Camada: meio
Peso 1:
[[-1.09903514e-01 -1.05313689e-01  1.12099349e-01  2.94019997e-01
  -4.24419999e-01]
 [ 2.89114654e-01 -2.49764889e-01 -3.64112675e-01  5.35067916e-02
  -3.79906654e-01]
 [-4.46508169e-01 -6.73497319e-02  2.79754877e-01 -3.68331671e-02
  -3.05960238e-01]
 [ 5.31481989e-02 -3.15485418e-01 -2.06692606e-01  1.66606298e-03
  -2.56412596e-01]
 [-1.11592881e-01 -2.48717412e-01  2.50418961e-01  1.18741784e-02
  -3.74861504e-03]
 [-3.43892686e-02  2.76064545e-01 -1.28680319e-01 -6.55219927e-02
   3.23666364e-01]
 [-2.03065164e-02 -5.18138409e-01 -7.68992454e-02 -2.60130465e-01
  -2.05533534e-01]
 [ 6.45779371e-02 -1.75513402e-01 -2.03997493e-01 -8.27300400e-02
  -2.08329689e-02]
 [ 7.88107142e-03  2.60974020e-01 -6.89719543e-02  2.19238386e-01
  -2.72907048e-01]
 [-5.15822172e-02 -5.16664088e-01 -8.80099908e-02 -5.29725909e-01
   3.31715614e-01]
 [ 4.52937447e-02 -3.02633375e-01 -1.74761876e-01  4.15569022e-02
  -2.45308414e-01]
 [-1.40634887e-02 -4.57910925e-01 -7.25404769e-02 -1.12166062e-01
  -3.94370615e-01]
 [-2.16536559e-02 -9.23160915e-05 -8.26002285e-02 -2.91188538e-01
   1.95034710e-03]
 [-5.32302797e-01 -4.89339530e-01 -4.56837714e-01  2.40732990e-02
  -4.97289509e-01]
 [ 2.64215738e-01 -4.71977681e-01  5.06357014e-01 -5.30578613e-01
   2.20475242e-01]
 [-5.16647875e-01 -3.75626504e-01 -2.99014062e-01  2.03934729e-01
   2.60850526e-02]
 [ 2.68166089e+00  5.22863448e-01  1.32049477e+00 -1.84211224e-01
   6.56478167e-01]]
Peso 2:
[-0.18112497 -0.00110098 -0.06230212 -0.2330346  -0.14584844]
Camada: saida
Peso 1:
[[ 2.049749   -1.6331078 ]
 [-0.05338285 -0.884273  ]
 [ 0.53226    -1.1665242 ]
 [ 0.7211072   0.10868558]
 [ 0.61939484  0.02074577]]
Peso 2:
[-2.624676   2.6246762]



pesos modelo: 
Test loss: 0.0450, Test accuracy: 0.9955
Camada: meio
Peso 1:
[[ 1.36294901e-01  3.65498364e-01 -5.11940837e-01  1.95741475e-01
   5.02301633e-01]
 [ 8.88352990e-02  7.02493191e-02  2.55489588e-01  4.80815470e-01
   4.36673641e-01]
 [ 1.55673802e-01  7.91404247e-02  4.63819325e-01  4.06747520e-01
   2.13218093e-01]
 [ 1.30569130e-01 -4.15062428e-01 -2.95599759e-01  4.07063812e-02
   4.74362195e-01]
 [-2.79145539e-02 -4.21965331e-01 -2.05583930e-01  1.16629014e-03
  -1.76032353e-02]
 [-2.73014046e-02 -4.78332490e-01  1.83451790e-02 -3.12132210e-01
   8.00481066e-02]
 [ 2.26265751e-02  1.92759722e-01 -3.88027549e-01 -2.04763487e-01
   1.78002596e-01]
 [ 1.89592794e-01 -3.67024213e-01  2.64641047e-01  3.18932861e-01
   6.19673133e-01]
 [ 6.72821403e-02 -3.28911215e-01  3.70225668e-01 -1.16812184e-01
   3.25672716e-01]
 [-3.21971066e-02  1.29727259e-01 -2.28254050e-01  6.68804348e-02
   4.74347100e-02]
 [-7.99653679e-02  3.90433986e-03  4.44348991e-01  1.28231674e-01
  -6.32392019e-02]
 [-5.03693288e-03 -1.38687775e-01  2.46985734e-01 -5.88021934e-01
   2.25974731e-02]
 [ 9.33857188e-02  2.40729600e-01 -6.42990544e-02 -5.32377601e-01
   2.78041810e-01]
 [-5.19576490e-01 -5.05360305e-01  1.40914887e-01  1.95679497e-02
   3.03980410e-01]
 [ 6.03970349e-01 -3.70844781e-01 -5.17581813e-02  2.08845749e-01
   8.06502581e-01]
 [-5.41041434e-01  1.20538399e-01 -3.95469755e-01 -2.29062438e-01
   2.32317060e-01]
 [ 2.74664569e+00 -1.58933401e-01 -4.22315598e-01 -2.84895480e-01
  -1.09406090e+00]]
Peso 2:
[-0.11222899 -0.13917625 -0.05461924 -0.358289    0.8432889 ]
Camada: saida
Peso 1:
[[ 1.68208    -2.3216977 ]
 [ 0.66846454 -0.31150135]
 [ 0.25639915  0.41699165]
 [ 0.31034616 -0.7292939 ]
 [-1.3529463   0.7741454 ]]
Peso 2:
[-1.422906   1.4229083]



pesos modelo: 
Test loss: 0.1455, Test accuracy: 0.9275
Camada: meio
Peso 1:
[[ 2.60449469e-01 -2.29535133e-01  2.46215880e-01  5.18985689e-01
  -7.79983103e-02]
 [-2.76706129e-01  6.31313324e-02  3.31908464e-03  3.54425311e-02
   3.49567771e-01]
 [-4.99311894e-01 -4.10249740e-01 -2.79145658e-01  1.93597794e-01
   2.57381201e-02]
 [-2.54958063e-01 -2.00835586e-01  3.33343679e-03 -4.83160578e-02
  -4.17916030e-01]
 [-4.58060980e-01 -7.69940689e-02  1.28545865e-01 -7.19926599e-03
  -4.34998631e-01]
 [ 2.82124907e-01  7.50814527e-02  2.33923361e-01  2.56035049e-02
   2.84467414e-02]
 [-2.50554383e-01  9.84930769e-02  3.57156098e-01  3.64451334e-02
   3.01451981e-01]
 [-1.56538293e-01 -3.04219197e-03  4.50020641e-01  1.72571778e-01
   9.05750692e-02]
 [-3.23495030e-01  1.71536714e-01  3.76501858e-01  2.31016558e-02
  -3.88050169e-01]
 [ 1.42992695e-03  1.85805380e-01  1.54854834e-01 -1.89793408e-01
   2.00710908e-01]
 [-1.68667674e-01  9.66903120e-02  5.46609342e-01  2.46630013e-01
  -1.24549707e-02]
 [-7.30597377e-02  2.23604273e-02  3.01645696e-01  1.62588596e-01
  -2.11015001e-01]
 [-3.05595309e-01  1.90672893e-02  3.08947057e-01  1.18850671e-01
   3.14907491e-01]
 [-3.05650905e-02 -5.16831279e-01  3.68407130e-01 -5.87017596e-01
  -3.83098990e-01]
 [ 1.70668617e-01  2.52771288e-01 -1.19895637e-01  2.95289665e-01
  -1.03491396e-01]
 [-9.82679240e-03 -1.76889300e-02  7.68737733e-01 -5.06253481e-01
   2.03141227e-01]
 [-3.80770564e-02  1.38092148e+00 -9.52770412e-01  2.37996888e+00
  -4.15844768e-01]]
Peso 2:
[-0.05941372 -0.1668565   0.96923035 -0.17622697 -0.12349807]
Camada: saida
Peso 1:
[[ 0.02754131 -0.6096968 ]
 [ 1.3027526  -0.60926974]
 [-0.9140835   1.6000291 ]
 [ 1.7612199  -1.6524292 ]
 [-0.5878315  -0.73832303]]
Peso 2:
[-0.7972636  0.7972649]



pesos modelo: 
Test loss: 0.1333, Test accuracy: 0.9392
Camada: meio
Peso 1:
[[ 0.0435077   0.3988192   0.20909554 -0.16172585 -0.19461516]
 [ 0.49781412 -0.5221575  -0.08702877 -0.44281197 -0.00914377]
 [ 0.0984838  -0.29115438  0.12713957  0.35853451 -0.01421952]
 [-0.3887325   0.2887046   0.26596698 -0.13490684  0.08333837]
 [ 0.30913618  0.30393168  0.42936635 -0.33602184 -0.3142709 ]
 [ 0.077005    0.30018654 -0.06763359  0.49512604 -0.34909117]
 [-0.18058304  0.42042074  0.47360066 -0.23738118  0.36856598]
 [ 0.36294     0.03866402 -0.10987435  0.08324847  0.22288126]
 [ 0.5134312  -0.01706942 -0.01904473 -0.251723   -0.28414568]
 [-0.06794409  0.29951957 -0.0108127   0.4617528  -0.41105568]
 [ 0.49709412  0.26398915  0.037766    0.33047187  0.19935232]
 [-0.26399422  0.27951378  0.04059857  0.19808842  0.25767735]
 [-0.44091177  0.26163146 -0.02938128  0.31540966 -0.47640848]
 [ 0.01770068  0.75655013 -0.33263806 -0.35924023  0.01877647]
 [-0.5042389  -0.06008954  0.26180005  0.37457684 -0.470728  ]
 [-0.04130838  0.7777707  -0.30519783  0.03845593  0.18038873]
 [-0.22868793 -1.956144    1.8879232   0.9052172   0.51499677]]
Peso 2:
[ 0.1133277   1.1596546  -0.07925592  0.01102264  0.00701534]
Camada: saida
Peso 1:
[[-0.7905383  -0.21279947]
 [-2.0601304   1.4345286 ]
 [ 1.343807   -1.3433708 ]
 [ 0.26873857 -1.0872357 ]
 [ 0.5177713   0.35334364]]
Peso 2:
[-0.14860354  0.1486034 ]



pesos modelo: 
Test loss: 0.1233, Test accuracy: 0.9429
Camada: meio
Peso 1:
[[ 0.03947741  0.21726418 -0.40129435 -0.22430259  0.07838953]
 [-0.37649283 -0.32294753 -0.31103218 -0.02297446  0.03009421]
 [-0.32273474  0.1530897   0.07032424 -0.18615532 -0.22266841]
 [ 0.5073263   0.316393    0.29687798  0.24023367  0.20796445]
 [ 0.49913764  0.05419225  0.06718532  0.12285626 -0.35641962]
 [ 0.27837896  0.23437212 -0.25188863 -0.5535521   0.2886199 ]
 [-0.1780177  -0.0576237  -0.5108233   0.08990768  0.48541024]
 [ 0.5149021   0.15791717  0.00436857  0.22563438 -0.28066364]
 [ 0.43547386  0.27798778 -0.44236946 -0.32352656  0.20577706]
 [ 0.19023494  0.13062488  0.35101464  0.21906014  0.3251982 ]
 [ 0.06122789  0.09676156 -0.47570735  0.34875274  0.35839477]
 [ 0.17947179  0.0578488  -0.41103262 -0.58171505  0.01958068]
 [ 0.11625241 -0.07316399  0.47929662  0.1856149  -0.02253703]
 [ 0.8877264  -0.16541754  0.2377168  -0.20423837  0.62813103]
 [-0.21255471  0.2906388   0.10432038 -0.38101137  0.11709806]
 [ 0.41057247 -0.6658454   0.37441087 -0.22391263  0.30483377]
 [-1.4390138   2.3553753   0.4735389  -0.08179172 -0.7649538 ]]
Peso 2:
[ 0.90574145 -0.17515832 -0.01979638 -0.27019924  0.46797204]
Camada: saida
Peso 1:
[[-1.023841    1.7395402 ]
 [ 1.3994517  -2.034069  ]
 [ 0.19799958 -0.06902906]
 [ 0.64107347 -0.04627516]
 [-0.57988346  0.91516966]]
Peso 2:
[-0.32762763  0.3276277 ]



pesos modelo: 
Test loss: 0.1508, Test accuracy: 0.9421
Camada: meio
Peso 1:
[[ 0.2947749   0.12461638 -0.09237164 -0.02041507 -0.08175093]
 [ 0.40453023  0.06068033  0.38117492 -0.04886308  0.04560143]
 [-0.02134115 -0.18759453  0.2941684  -0.34455985 -0.42653254]
 [ 0.02770335 -0.18639836 -0.56450254  0.18945841  0.06168698]
 [ 0.27832773  0.23667486 -0.12122666  0.48580274  0.24088946]
 [ 0.14072806  0.00577154 -0.26162666  0.20432924  0.44905412]
 [ 0.16275065  0.20299172  0.34190902  0.3508285   0.19115964]
 [-0.09814583 -0.3933288   0.23699503  0.1560727  -0.39942393]
 [ 0.08181151  0.11644921  0.2484113   0.03848112  0.33900473]
 [-0.14045303 -0.24482997 -0.5640908   0.11091299 -0.1641233 ]
 [ 0.16204685 -0.40946862 -0.4687228   0.40928838  0.02164443]
 [ 0.05539148 -0.12933326  0.19551651  0.23952995  0.01424247]
 [ 0.3358229  -0.05310548 -0.09481629  0.6977493  -0.11577826]
 [-0.7346125   0.1502551   0.1622458   0.6975884  -0.40406808]
 [ 0.48932964 -0.5094548  -0.34867865 -0.13004918  0.35035145]
 [-0.6056324  -0.01177701  0.190431    0.6063277   0.04418828]
 [ 2.3749683  -0.17421806 -0.23445258 -1.4680347  -0.54300857]]
Peso 2:
[-0.28490934 -0.20592482 -0.25189728  0.90861195  0.15899514]
Camada: saida
Peso 1:
[[ 1.8790988  -1.7698884 ]
 [ 0.79262346 -0.38720757]
 [ 0.6136907   0.23897707]
 [-0.44066438  2.1555657 ]
 [-0.90442395  0.2101612 ]]
Peso 2:
[-0.6209102   0.62091035]



pesos modelo: 
Test loss: 0.1506, Test accuracy: 0.9331
Camada: meio
Peso 1:
[[-0.40626493  0.14055687 -0.16256666 -0.36940297 -0.07486165]
 [-0.5050463  -0.02423066 -0.29515043  0.46207714 -0.10555041]
 [ 0.29903674 -0.17023611 -0.1745987  -0.18742758  0.27967978]
 [ 0.04912343 -0.1815128   0.6019447   0.15738809  0.23898928]
 [-0.3861769  -0.06013582  0.40166667  0.10768829  0.02440727]
 [-0.5073151   0.33984908  0.03067014  0.01965489  0.331512  ]
 [-0.18738982 -0.13338766  0.2840423  -0.0282251   0.36522496]
 [ 0.21085152  0.22500624  0.3920474   0.24985576 -0.11305074]
 [ 0.19073717  0.62221783  0.28118232  0.37042326  0.08186956]
 [-0.18298265  0.32254767  0.16990247  0.17790695 -0.3054333 ]
 [-0.23618202  0.1819411   0.26979524  0.06204896  0.15141442]
 [-0.4258925   0.6471758   0.11073545  0.2922029   0.39264405]
 [ 0.1839069   0.1467717   0.08824696  0.027831    0.0177435 ]
 [-0.24540684  0.44572258  0.5783149  -0.62122023 -0.29387137]
 [-0.45683703 -0.13847204 -0.01136514  0.33476242 -0.18283659]
 [ 0.11588961  0.36155736  0.6442531  -0.36673254  0.38618988]
 [ 0.41240513 -0.9607421  -1.2708094   2.4212523   0.5528438 ]]
Peso 2:
[-0.05846364  0.6402921   0.5486865  -0.39744297 -0.00550727]
Camada: saida
Peso 1:
[[ 0.57680964 -0.6621317 ]
 [-0.23499689  1.509192  ]
 [-1.8777385   0.5130608 ]
 [ 1.3918562  -2.0280802 ]
 [-0.16169386 -0.58483857]]
Peso 2:
[-0.40028036  0.40027955]



pesos modelo: 
Test loss: 0.3466, Test accuracy: 0.8680
Camada: meio
Peso 1:
[[-4.99522328e-01 -2.16919184e-02  3.03977311e-01 -4.57664162e-01
  -5.14213383e-01]
 [ 3.98546398e-01 -1.85287237e-01  1.97992146e-01 -4.38133895e-01
  -2.96944261e-01]
 [ 5.16100585e-01  2.03401983e-01 -4.34252679e-01  4.28999603e-01
   1.59112394e-01]
 [ 1.49881199e-01  2.93526828e-01  1.98522165e-01  1.65051043e-01
   3.02785099e-01]
 [ 2.56282121e-01  5.39336801e-01  3.94705892e-01 -2.36369953e-01
   4.59017217e-01]
 [ 3.60419363e-01  1.76266834e-01  2.79779553e-01 -1.16997749e-01
  -8.23024362e-02]
 [ 2.85470858e-02 -3.47405732e-01  1.21545896e-01 -3.47917765e-01
   3.76398772e-01]
 [ 1.01866625e-01 -1.06590956e-01 -1.00844920e-01 -2.31186867e-01
  -1.56479869e-02]
 [ 1.01571411e-01  3.16528201e-01  1.12888232e-01 -6.45246953e-02
   3.63533914e-01]
 [ 2.40142822e-01  2.92419344e-01  2.80086957e-02 -3.92967790e-01
  -2.13384807e-01]
 [ 1.96845949e-01  3.44810128e-01  3.15036118e-01  3.20347309e-01
   5.36533892e-01]
 [ 9.05167460e-02 -4.74881947e-01  6.10369928e-02 -2.14465618e-01
   1.45062163e-01]
 [ 3.19051556e-02  8.18255991e-02 -1.52422786e-01 -5.17606914e-01
   7.08616455e-04]
 [ 6.41673803e-01  1.00888804e-01 -5.69529116e-01 -2.41811931e-01
   5.26467800e-01]
 [ 1.28287673e-01  3.11728358e-01  4.49306965e-01  6.27508461e-02
  -1.34302855e-01]
 [ 9.67155814e-01  2.62074322e-01 -6.83191866e-02 -4.51830477e-02
   1.30856618e-01]
 [-1.86581051e+00 -3.16252783e-02  1.99820578e+00  9.88479480e-02
  -9.84949291e-01]]
Peso 2:
[ 1.1150725  -0.04882449  0.04184723 -0.08684223  0.4149031 ]
Camada: saida
Peso 1:
[[-1.7716933   1.7734963 ]
 [ 0.44027075  0.36012763]
 [ 1.5961297  -1.1251733 ]
 [ 0.7201622  -0.43680447]
 [-0.35494265  1.2043502 ]]
Peso 2:
[ 0.09540268 -0.09540288]



pesos modelo: 
Test loss: 0.1432, Test accuracy: 0.9275
Camada: meio
Peso 1:
[[ 0.18075806  0.2421099   0.25285673  0.13862973 -0.3070826 ]
 [-0.02145559 -0.21067473 -0.10603112 -0.35609522  0.43445337]
 [ 0.41823816 -0.23869696 -0.5167743  -0.3274238  -0.3556263 ]
 [-0.46286258 -0.09063761 -0.26130784  0.32221302  0.26872447]
 [ 0.3841415   0.53258216  0.4479372   0.20758437 -0.19549666]
 [ 0.5276145   0.29186362 -0.08473629  0.30008084  0.07937795]
 [ 0.09297008  0.42791373 -0.1434664   0.5188829   0.5317681 ]
 [ 0.02706012  0.4352121   0.501311    0.10913654 -0.4305155 ]
 [ 0.16612928  0.5781233   0.37040675  0.27718204  0.29020235]
 [ 0.18232925  0.20464419  0.14790109  0.18734436  0.20887621]
 [-0.47765514  0.09951761  0.14592925  0.2120626  -0.35194945]
 [ 0.4308442   0.62578285  0.37276158  0.35031626 -0.07221109]
 [-0.00874107  0.17130733 -0.09542032  0.34282053 -0.28345445]
 [ 0.4334783  -0.54363024  0.05204109  0.49643654  0.27935982]
 [ 0.22696501  0.78060585  0.54721284 -0.21039227 -0.21155073]
 [-0.31021175 -0.7032495   0.54566056  0.49631202  0.3105625 ]
 [-0.5014073   1.3848208  -1.5171102  -1.9249494  -0.21782249]]
Peso 2:
[ 0.08967241 -0.03177832  0.6001957   0.9609889   0.02601535]
Camada: saida
Peso 1:
[[-0.18430549  0.45515603]
 [ 0.60635984 -1.8851326 ]
 [-1.580748    0.6615567 ]
 [-1.4300932   1.8653988 ]
 [ 0.13785963  0.41997173]]
Peso 2:
[ 0.11187051 -0.11187038]



pesos modelo: 
Test loss: 0.2098, Test accuracy: 0.9017
Camada: meio
Peso 1:
[[-4.59097266e-01  1.51742518e-01 -2.03591347e-01  3.98585618e-01
   2.21991539e-02]
 [ 3.39766741e-01  1.76654577e-01  4.28180337e-01  1.25372887e-01
   1.34439707e-01]
 [ 5.60423136e-02 -3.26899588e-01 -4.95987117e-01  2.87663996e-01
   5.67274094e-02]
 [ 1.80322379e-01 -1.15043774e-01 -2.49931682e-03  2.46195376e-01
  -6.50582165e-02]
 [ 2.75008112e-01 -2.79530048e-01 -1.14844933e-01  4.88508157e-02
   1.67547345e-01]
 [ 5.45980752e-01 -3.76924008e-01  3.47226501e-01 -2.17564136e-01
   4.59396601e-01]
 [ 5.10878146e-01  3.66444618e-01  3.14553052e-01  4.18731034e-01
   1.20487099e-03]
 [-5.20198755e-02  1.82870224e-01 -1.54961646e-01 -2.03519136e-01
  -2.82120053e-02]
 [ 2.35235244e-01 -3.77456933e-01  6.23120070e-02  2.32930586e-01
  -6.44893125e-02]
 [ 5.49313843e-01 -3.42016190e-01  3.83584440e-01 -2.60486198e-03
   3.16170901e-01]
 [ 1.51676357e-01 -1.61175281e-01  2.60684907e-01  1.67798817e-01
  -2.05899164e-01]
 [ 3.03393126e-01 -2.39454627e-01  3.24287117e-01 -3.51599865e-02
   1.73068941e-02]
 [ 2.32627541e-01 -3.52845639e-01  1.05328307e-01 -1.81660458e-01
   1.61882117e-01]
 [ 9.48313892e-01  2.42858097e-01 -1.82245493e-01  2.03795940e-01
  -4.82143819e-01]
 [-8.55537057e-02 -7.92072862e-02 -3.16917449e-01  2.50794351e-01
   2.29023799e-01]
 [ 6.56558037e-01 -3.80125791e-01 -3.10551465e-01 -4.87134337e-01
  -5.48376501e-01]
 [-1.40414429e+00 -1.84827000e-01  9.11551654e-01  1.46142280e+00
   1.92267096e+00]]
Peso 2:
[ 1.0015185  -0.15257375 -0.05646162 -0.05793442 -0.08664709]
Camada: saida
Peso 1:
[[-1.7521408   1.3188626 ]
 [ 0.84437096 -0.7827241 ]
 [ 0.2582657  -0.7853051 ]
 [ 1.2153125  -0.6074368 ]
 [ 1.6445758  -1.1720766 ]]
Peso 2:
[-0.50977355  0.509774  ]
