


pesos modelo: 
Test loss: 0.0632, Test accuracy: 0.9822
Camada: meio
Peso 1:
[[-0.36307967  0.04966891  0.4545821   0.49163198  0.34942138 -0.1272217
  -0.26809657]
 [ 0.0476855   0.15354764 -0.21372926 -0.0644865   0.2126348  -0.40714788
   0.47520077]
 [-0.42456353  0.42240524  0.41106284  0.15301502 -0.11829233 -0.44063795
   0.42066813]
 [-0.0700952  -0.24765971 -0.16659974 -0.5194172   0.03366435 -0.13553393
   0.42160067]
 [-0.43177593 -0.27639353 -0.07056285  0.33990642 -0.08482184  0.19615264
   0.04926323]
 [-0.15514652 -0.06178695  0.25794765  0.14833556  0.0471651   0.25179783
   0.07888739]
 [ 0.35491604 -0.39807186 -0.29128256  0.2718149   0.17156443  0.33276
  -0.07026644]
 [ 0.27634367 -0.00945049 -0.2060639  -0.12272111  0.5355341   0.4461038
   0.30529696]
 [ 0.02379    -0.50213414  0.17954218  0.12918033  0.08373399  0.4310786
  -0.25466812]
 [ 0.3456653   0.2884405   0.19456457 -0.323069    0.02112293  0.05602584
   0.03742144]
 [-0.16812293  0.09850262 -0.57795     0.4046571   0.27460107  0.04455896
   0.55412066]
 [ 0.23677827  0.1085982  -0.42212704 -0.4831153   0.12044913  0.19803496
   0.1080117 ]
 [ 0.17054234  0.0205213   0.33122855 -0.4478241   0.19856247  0.47429013
  -0.11690219]
 [ 0.36058867  0.25496855  0.15961666 -0.23748653  0.04445272  0.80503666
   0.6181871 ]
 [ 0.12138402  0.13295366 -0.38072824 -0.16515593  0.82476276  0.04722691
   0.48208636]
 [-0.27601883  0.22583155 -0.01653294  0.27702704 -0.16736872  0.6097473
   0.6020698 ]
 [-0.57783026  0.11649699  0.11566516  0.15580252  1.9331902  -1.7124673
  -1.3599553 ]]
Peso 2:
[ 0.24949922 -0.16596083 -0.2401416  -0.10728925 -0.10484685  0.7828313
  0.64418346]
Camada: saida
Peso 1:
[[ 0.08728728  0.93681806]
 [-0.22064178 -0.54470116]
 [ 0.2394974  -0.5324987 ]
 [-0.64832985 -0.26755545]
 [ 0.9991069  -1.8035544 ]
 [-1.1460655   1.6021283 ]
 [-1.286474    0.9548201 ]]
Peso 2:
[ 0.04599352 -0.04599344]



pesos modelo: 
Test loss: 0.9419, Test accuracy: 0.7288
Camada: meio
Peso 1:
[[-0.37794542  0.44662762  0.36992013  0.4852903   0.37015438  0.04499853
   0.06231248]
 [-0.30233753  0.12666512  0.44695556  0.18927932 -0.29020858  0.26950657
   0.31318736]
 [-0.40209222  0.02711022 -0.299204    0.4427216  -0.2814368  -0.16051877
   0.38020098]
 [ 0.3599676  -0.16748373  0.1271986   0.31645328  0.12899505  0.08127831
   0.1427548 ]
 [-0.1316153  -0.379856    0.21003671  0.19202927  0.20136577  0.39447054
   0.02833378]
 [ 0.12228445  0.50594306 -0.06483889  0.07071449 -0.16907798 -0.11354845
   0.1480042 ]
 [-0.05948358 -0.46417946  0.11215307  0.13401733 -0.28769338  0.38490826
  -0.17935081]
 [-0.10265801 -0.08546162  0.3700977   0.13231134  0.38415116  0.47540674
   0.20258893]
 [ 0.3168852  -0.2785623   0.31406745  0.03484165  0.11321295 -0.09395442
   0.23346804]
 [ 0.24294753 -0.25266182 -0.17250295  0.21795622 -0.2023715  -0.04705414
   0.12833421]
 [ 0.21223113  0.21081682  0.4999385   0.27080688  0.44547105  0.26662374
   0.05377357]
 [ 0.29606098 -0.17700003 -0.12112537  0.4158799   0.51714283  0.06361604
   0.21863252]
 [ 0.10941493 -0.26597688 -0.17768675  0.44552454  0.38341132  0.1561518
  -0.05256552]
 [-0.02960641  0.03473628  0.03162257  0.7710757   0.11012244  0.14346422
   0.29827374]
 [ 0.04988855  0.21960138 -0.19383095 -0.1210871   0.27078703  0.15406235
   0.19277103]
 [-0.31391665 -0.10893184 -0.23651373  1.0761049   0.39019307 -0.19835894
   0.28484222]
 [ 1.2901577   0.3639372  -0.6487874  -1.7750403   0.9999539   0.8359436
  -0.9262798 ]]
Peso 2:
[0.0786813  0.03581701 0.42526752 1.0260108  0.0072348  0.01375432
 0.42067426]
Camada: saida
Peso 1:
[[ 0.7854571  -1.0301284 ]
 [ 0.861456    0.6171396 ]
 [-0.7217611   0.9154265 ]
 [-1.8782802   1.6907728 ]
 [ 1.0156069  -0.30921176]
 [ 0.7853611  -0.51764816]
 [-0.389272    1.1714232 ]]
Peso 2:
[ 0.17727907 -0.17727904]



pesos modelo: 
Test loss: 0.0758, Test accuracy: 0.9691
Camada: meio
Peso 1:
[[ 0.45200348 -0.45129645  0.3162173  -0.23980188  0.10358477  0.18915522
   0.47068095]
 [-0.09062719  0.15103388  0.07001567  0.393654   -0.31405878  0.06313813
  -0.33024228]
 [-0.28815472 -0.3134899   0.23495221  0.31314266  0.11343729 -0.3313234
  -0.21649384]
 [ 0.25717536 -0.18345541 -0.3618888   0.06585395  0.2195816   0.18863577
   0.36798343]
 [ 0.5413713  -0.39900726  0.42218077 -0.34987077  0.1477263   0.40125963
   0.16408677]
 [ 0.23214422  0.44394565 -0.47824183  0.02026744  0.09347966  0.08801929
  -0.3327951 ]
 [ 0.13593346  0.38217708  0.2392612  -0.02163118  0.32119405  0.28692162
   0.26389682]
 [ 0.25964355 -0.01158016  0.33809522 -0.46232572 -0.03459946  0.03113764
   0.15436691]
 [ 0.33014673  0.38381514 -0.15689257 -0.04055858 -0.2705335  -0.06767146
  -0.08860237]
 [ 0.01623976 -0.507755   -0.49907133  0.2726353   0.4421236   0.14389592
   0.42799416]
 [-0.10600591  0.00842108 -0.2923052   0.37110606  0.35233152  0.03809256
  -0.15762752]
 [ 0.1652952   0.4797353  -0.44633183  0.23600252  0.2596126   0.19200519
   0.05356291]
 [ 0.2565071  -0.29462045  0.4389572  -0.19824275  0.42078653  0.39755848
   0.01022091]
 [ 0.41323593  0.526926   -0.2102329  -0.32353318  0.49995932 -0.20320246
  -0.24988209]
 [ 0.04346424  0.11335448  0.11812381 -0.09457055  0.03184917  0.44534838
  -0.41414383]
 [ 0.09963647  0.13651383  0.32631323 -0.04221418  0.8608688  -0.27466637
  -0.23506658]
 [-1.4558331   0.10223619 -0.20986363 -0.01903842 -1.3873748   2.119738
  -0.33764187]]
Peso 2:
[ 0.6558246   0.01613388 -0.02844977 -0.12309171  0.73514473 -0.23611583
  0.04853885]
Camada: saida
Peso 1:
[[-1.3539361   1.0248741 ]
 [ 0.1387384   0.39716837]
 [-0.06686839 -0.06239571]
 [ 0.7319569   0.03167138]
 [-1.6626474   0.8228642 ]
 [ 1.6578605  -1.4291095 ]
 [ 0.10051268  0.44682848]]
Peso 2:
[-0.14652647  0.14652638]



pesos modelo: 
Test loss: 0.6813, Test accuracy: 0.7895
Camada: meio
Peso 1:
[[-0.00505888  0.40942585 -0.13621306  0.28815925 -0.3820219  -0.31547225
  -0.37576914]
 [-0.42245066 -0.11742699  0.47830653 -0.47235167 -0.18566024 -0.26418126
   0.44902825]
 [ 0.45471418  0.46369946  0.3674749   0.17091739  0.23697162 -0.49478137
   0.2760811 ]
 [ 0.32863516  0.3280947   0.38812426  0.17485265 -0.18907283 -0.10249771
  -0.10046508]
 [-0.16195819  0.27787998  0.6138018   0.09171164 -0.48612392  0.43420988
   0.17071748]
 [-0.46309862  0.3263657   0.29132348 -0.38238534  0.03592214 -0.20422922
  -0.36181957]
 [-0.30804828  0.34970334  0.5092484  -0.49816403  0.18600291  0.05526366
   0.2623413 ]
 [-0.08165768  0.17991167  0.08312101 -0.04348909  0.42952085 -0.181456
   0.10951978]
 [ 0.07261702  0.24305718  0.2159319  -0.23812011 -0.5075174   0.01999797
  -0.23009501]
 [ 0.27900892  0.3379362   0.28946885  0.19876438  0.3084886  -0.23171483
  -0.23177843]
 [-0.20303144  0.09795897  0.14752404 -0.4503064  -0.23043606  0.4053651
  -0.14803314]
 [-0.13945663  0.2903767   0.46449754  0.4112763   0.4704337   0.29239795
  -0.28474468]
 [ 0.3251707   0.11366762 -0.12277359  0.41994622  0.35980585 -0.30577382
   0.5652091 ]
 [ 0.43306303  0.8972517   0.28204378 -0.3326157  -0.31853533  0.42891535
   0.36229545]
 [-0.5398875  -0.15568882  0.35026485 -0.18677188 -0.55536413  0.5285466
  -0.37111673]
 [ 0.37274054  1.0074052  -0.5522207  -0.39807814 -0.44040895  0.7001381
   0.43106773]
 [ 0.26038423 -2.3525624   1.1642     -0.40764272 -0.14763245 -0.8725327
  -0.24392146]]
Peso 2:
[-0.03143234  1.3522995   0.25285545 -0.10180425 -0.0123219   0.36400664
  0.2632258 ]
Camada: saida
Peso 1:
[[-0.32417002 -0.06530006]
 [-2.015799    2.1225212 ]
 [ 1.3322128  -0.7243363 ]
 [-0.23405662 -0.34596366]
 [ 0.29118422  0.5451432 ]
 [-0.3338448   1.0251175 ]
 [-0.4955728   0.7377068 ]]
Peso 2:
[ 0.94399303 -0.943991  ]



pesos modelo: 
Test loss: 0.1387, Test accuracy: 0.9366
Camada: meio
Peso 1:
[[-3.71885538e-01  3.10578108e-01  4.31080103e-01  3.98647785e-01
   4.03095484e-01 -3.35341573e-01  1.66495919e-01]
 [-1.69408321e-03  4.62556839e-01 -1.34978771e-01  2.18710303e-01
  -2.13791966e-01 -1.92596197e-01  2.43601799e-01]
 [ 3.20513368e-01  1.91600442e-01 -1.15353227e-01  4.34123158e-01
  -3.82602096e-01 -2.19403386e-01  1.10220909e-02]
 [ 2.44300336e-01  4.01872277e-01 -4.62991595e-01  2.44830549e-02
   2.57445514e-01  2.82258570e-01  2.90485173e-01]
 [-3.37986678e-01  8.08598753e-03 -1.48230091e-01  6.40052140e-01
   1.69024453e-01 -2.67649367e-02  1.31882772e-01]
 [-2.73763508e-01  1.85216367e-01  2.16472030e-01 -4.55499649e-01
   3.19798499e-01  1.87600270e-01  2.30603233e-01]
 [ 3.15303534e-01 -3.32379565e-02  9.39518586e-02  3.97113293e-01
   2.94806570e-01  2.33449563e-01  2.62570530e-01]
 [ 2.48285368e-01 -1.24506325e-01  1.11876994e-01 -3.28357786e-01
  -9.67922732e-02  2.56053448e-01 -1.15267731e-01]
 [ 2.28915200e-01  1.07627735e-01 -3.44095565e-02 -3.07328343e-01
   3.13514918e-01  4.07178432e-01  2.81682223e-01]
 [-3.26005608e-01 -2.49743402e-01  4.24798518e-01  5.17426312e-01
   2.68729329e-01  2.93646097e-01  4.35952574e-01]
 [ 2.45439142e-01  3.10203731e-01 -4.69603986e-01  2.37811267e-01
  -1.60759151e-01  2.62856394e-01 -1.52856082e-01]
 [ 4.42345500e-01 -3.76538604e-01 -2.49015242e-01 -4.06309813e-01
   4.24304217e-01  1.14137828e-01  6.55493438e-02]
 [ 8.87598395e-02  9.36403349e-02 -4.58014570e-02 -2.03939408e-01
   7.59738917e-03  2.92291909e-01  4.39815708e-02]
 [-4.41227078e-01  2.68449455e-01 -2.06828982e-01  1.24902546e-01
   6.20552540e-01  7.76614919e-02 -6.35764778e-01]
 [ 3.02497923e-01 -5.42508543e-01 -1.98060662e-01 -2.35390328e-02
   2.50450790e-01 -2.69982606e-01  3.73066783e-01]
 [ 1.61366001e-01  6.30380690e-01  1.38788238e-01 -1.23582542e-01
   6.79711342e-01  5.50229669e-01 -2.54932582e-01]
 [ 5.46373069e-01  1.14509299e-01  1.47418007e-01 -4.62851197e-01
  -1.61418974e+00 -1.30226529e+00  2.02074623e+00]]
Peso 2:
[-0.12547706  0.07534737 -0.05116592  0.26194498  0.79104644  0.6726108
 -0.16503547]
Camada: saida
Peso 1:
[[ 0.24504852 -0.41928786]
 [-0.76650476 -0.19513516]
 [ 0.18188362  0.3752703 ]
 [-0.18400475  0.66989523]
 [-1.1375434   1.5031952 ]
 [-1.2659549   0.9023229 ]
 [ 0.7356747  -2.1736643 ]]
Peso 2:
[ 0.00155055 -0.00155028]



pesos modelo: 
Test loss: 0.1759, Test accuracy: 0.9010
Camada: meio
Peso 1:
[[-0.16478086  0.41877162 -0.07941782 -0.42913032 -0.39200997 -0.27944493
   0.12321627]
 [ 0.36894846 -0.4063866  -0.32764137 -0.09358823  0.41425192  0.30049133
   0.307881  ]
 [-0.26628494  0.38672292 -0.4112891   0.34791183 -0.28253293  0.46516442
  -0.0508064 ]
 [ 0.06768571  0.30715144  0.09258982  0.28894085 -0.06701187  0.46171108
   0.41744146]
 [-0.15404789  0.27049264  0.07768977 -0.08808443  0.15629287  0.34223986
   0.2635821 ]
 [ 0.14740555 -0.232649   -0.3266797   0.3742936  -0.25700808 -0.21681997
  -0.13017318]
 [-0.09676232 -0.05160929 -0.35734358  0.14710395  0.36449155 -0.27838042
  -0.17052932]
 [ 0.10902642  0.2167344   0.25076908  0.67841935  0.21926728  0.0785953
   0.14088225]
 [ 0.09713365  0.23343806  0.50053734  0.21671858  0.04823224  0.24165104
   0.45853937]
 [ 0.14365087 -0.10976015  0.21296889  0.22768977  0.24603435 -0.4952385
   0.25169295]
 [ 0.0776413   0.14665319 -0.11688329  0.36884645 -0.03753477 -0.4650624
   0.2380837 ]
 [ 0.03027906 -0.0756168  -0.16137265  0.09872662  0.27812433 -0.33922955
   0.08600043]
 [-0.01820157  0.21447779  0.07226378  0.6127934   0.17446338 -0.21114711
  -0.07684168]
 [-0.29195878 -0.61479414 -0.16066407 -0.15139298  0.12163372 -0.20993012
   0.7401187 ]
 [ 0.44899604  0.3498928  -0.05519446 -0.34175202 -0.4130788  -0.29922497
   0.6845692 ]
 [-0.41221336 -0.68071944 -0.14636919  0.40017664 -0.26236606  0.24625555
   0.20357448]
 [ 2.2793176   1.1195072   0.57919437 -0.5071496   0.19507346  0.07932025
  -1.1271514 ]]
Peso 2:
[-0.19060135 -0.19815268  0.02811858  0.5323544  -0.01466436 -0.04446395
  0.71894926]
Camada: saida
Peso 1:
[[ 1.6256124  -1.6784873 ]
 [ 1.01695    -1.1120058 ]
 [-0.24280672 -0.7071698 ]
 [-0.34744027  1.1682487 ]
 [-0.03423171 -0.05347205]
 [-0.11177307 -0.3557896 ]
 [-1.3190463   0.83764   ]]
Peso 2:
[-0.73307157  0.7330701 ]



pesos modelo: 
Test loss: 0.1292, Test accuracy: 0.9383
Camada: meio
Peso 1:
[[-0.29282916  0.42286372  0.4989606   0.24152505  0.2473706   0.03045714
   0.44598353]
 [-0.15236413 -0.27227628  0.23985684 -0.30598783 -0.03478253  0.448892
   0.16675591]
 [ 0.43544555 -0.17856061  0.44358706 -0.05154514  0.44132197 -0.302032
  -0.27168846]
 [ 0.32741404  0.47571945  0.09668177 -0.04839771  0.43500212  0.03243136
   0.28547943]
 [ 0.19325562  0.09523868 -0.02237509 -0.17127326  0.3244555  -0.05920802
   0.42780343]
 [ 0.5965665  -0.0971368  -0.05834732  0.3085787   0.36772633 -0.2784089
  -0.01823749]
 [ 0.33239457  0.1318667  -0.44986787  0.12821789  0.15599398 -0.07460167
   0.16809274]
 [ 0.38718462 -0.00725326 -0.11953356  0.14923853  0.12592715 -0.1290304
   0.47487405]
 [ 0.02385445 -0.07773957 -0.28418612 -0.02560654 -0.19346215 -0.21109603
   0.03549641]
 [ 0.5297078  -0.4230902   0.1632609   0.19704679  0.33851853 -0.44697472
   0.49479198]
 [ 0.41727474 -0.08681452 -0.2810095   0.14397296  0.39173168  0.4704854
   0.39527988]
 [ 0.35380408  0.2538775  -0.49840948  0.1387334   0.24693634 -0.24210872
  -0.14460734]
 [ 0.100888    0.33077186  0.28799993  0.18232861 -0.24337442  0.51807344
  -0.46569625]
 [ 0.6844013  -0.1373406  -0.12362599 -0.278462   -0.47778794  0.27142152
   0.14097427]
 [ 0.21920717  0.30535495 -0.16113521  0.38021946  0.5254917   0.34530857
   0.36858186]
 [ 0.46216568  0.06595243  0.1256628  -0.48188278 -0.40341946 -0.25753576
   0.2932321 ]
 [-1.8623841   0.337316   -0.00594576  1.9665891   0.8913363  -0.41801327
   0.40930176]]
Peso 2:
[ 0.80429786 -0.02660416 -0.14919095 -0.23284467 -0.2927445   0.16012897
 -0.05647097]
Camada: saida
Peso 1:
[[-1.7373866   1.5379293 ]
 [ 0.06949405 -0.17797703]
 [ 0.4509964  -0.69735974]
 [ 1.2039282  -1.6402029 ]
 [ 1.1754079  -0.261163  ]
 [-0.37280545  0.39599237]
 [ 0.5076417   0.18491231]]
Peso 2:
[-0.41625273  0.41625276]



pesos modelo: 
Test loss: 0.1165, Test accuracy: 0.9579
Camada: meio
Peso 1:
[[ 0.13454723 -0.17148888  0.33133006 -0.20192003 -0.03320587 -0.14257836
   0.37191343]
 [-0.32717168  0.31561565 -0.09358382  0.44992983 -0.37470984  0.12238455
  -0.4470929 ]
 [-0.2037512  -0.20491755  0.25408804 -0.40079033 -0.25251722  0.02798355
  -0.15329158]
 [ 0.62541074  0.28602546  0.15454075  0.09780647  0.31961134 -0.0674702
  -0.29484773]
 [-0.30460155  0.41745254  0.49477744  0.49063483 -0.11165132 -0.24073717
   0.19083026]
 [-0.28240713 -0.46434164  0.11846259  0.14179276  0.09993663 -0.38748986
  -0.15618221]
 [ 0.609325    0.3812029  -0.11087721  0.14896218 -0.24011892  0.34502548
   0.37046605]
 [ 0.04258944 -0.12562664  0.509529    0.34218332  0.379087   -0.4217122
  -0.2641337 ]
 [-0.24119994 -0.3397023  -0.12579606  0.16651656  0.37812686 -0.24952342
   0.3209006 ]
 [-0.22702087  0.16733426  0.17354666  0.27949786 -0.01559976 -0.2060162
   0.1935942 ]
 [-0.32043874  0.30210468 -0.1356206   0.24583746 -0.13970308 -0.15780109
   0.4931547 ]
 [-0.43879563 -0.4069755  -0.00962983  0.2238929  -0.00857886 -0.35962713
   0.07790377]
 [-0.27718496  0.08564037  0.27506948  0.32049534  0.05192862 -0.33540154
   0.02468055]
 [-0.22318551  0.22500254 -0.40995067  0.4059104   0.20145445  0.10476961
  -0.307011  ]
 [-0.22552124 -0.2624269   0.46613282  0.18545923 -0.19125889 -0.06042944
   0.5520224 ]
 [ 0.27590516 -0.37203065  0.23979689  1.0351242   0.21636768 -0.3177119
  -0.44599062]
 [-0.41589913  0.12123074  1.6174021  -2.295982   -0.14394839  0.14069766
   0.7327448 ]]
Peso 2:
[ 0.23780441 -0.00150291  0.00396608  1.110036    0.02336992 -0.02791416
  0.05242408]
Camada: saida
Peso 1:
[[-0.5012959   0.5887679 ]
 [-0.37858322 -0.42567366]
 [ 1.1250782  -1.1645043 ]
 [-1.4944668   2.285889  ]
 [ 0.10238761  0.41961628]
 [-0.16306518  0.65368   ]
 [ 0.28981507 -0.9289856 ]]
Peso 2:
[ 0.08788029 -0.08788023]



pesos modelo: 
Test loss: 0.1142, Test accuracy: 0.9618
Camada: meio
Peso 1:
[[-1.62445068e-01  6.78244829e-02 -1.42883778e-01  3.03799272e-01
  -1.47564173e-01 -2.48157978e-02 -4.71173525e-01]
 [ 3.51224422e-01 -6.66073561e-02  4.72654104e-02 -4.64380026e-01
  -1.86717153e-01  4.65771675e-01  3.39404464e-01]
 [ 4.42489743e-01 -4.88587379e-01 -1.40480638e-01 -1.98347569e-01
   2.40111351e-03  3.20967197e-01 -3.95181417e-01]
 [-3.44257280e-02  3.61642361e-01  3.35713811e-02  3.07274908e-01
  -2.14410007e-01  1.43053904e-01 -3.75051647e-01]
 [ 2.79398769e-01  3.86919647e-01 -2.09476814e-01  2.38989308e-01
   5.21499850e-02 -5.40932566e-02  4.94671017e-01]
 [ 2.00076282e-01  9.88964662e-02  1.90747112e-01  9.13626328e-02
  -2.70266533e-01 -3.58649641e-01  4.39310223e-01]
 [-9.85932499e-02  2.40623966e-01 -1.77330807e-01 -2.51653433e-01
   3.46104026e-01  5.28526604e-01  4.41144407e-02]
 [ 5.02439141e-01  5.37382603e-01  2.83485800e-01  2.05200374e-01
   1.66752208e-02  1.45609781e-01 -2.70480681e-02]
 [ 3.63782108e-01  5.63861609e-01  1.98102981e-01  4.56138253e-01
   6.17897063e-02  5.02193272e-01  4.70870793e-01]
 [ 1.72515154e-01  2.47388124e-01  4.89106506e-01  6.86887652e-02
  -1.15293249e-01  1.97070643e-01 -3.16697389e-01]
 [ 4.58921976e-02  3.59197780e-02  5.76027334e-01 -3.43429953e-01
  -2.91694305e-04  4.06873077e-01  7.72261526e-03]
 [ 6.87281564e-02  3.04423571e-01  1.01425186e-01  3.72001290e-01
   3.22244495e-01 -1.39834732e-02 -2.77854413e-01]
 [ 1.72558397e-01  2.63826430e-01  1.89937260e-02  1.83342859e-01
   2.62228131e-01 -2.43275777e-01 -3.39856148e-02]
 [-5.47990322e-01  4.66190398e-01  4.90451530e-02  2.27220044e-01
  -6.02125674e-02 -4.32842791e-01 -3.88650835e-01]
 [ 1.81852847e-01 -1.42215669e-01 -2.08698332e-01  2.61208475e-01
   1.86890047e-02 -7.75604770e-02  3.21687728e-01]
 [-3.82908255e-01  7.22236574e-01  2.97297895e-01 -3.76442522e-01
  -1.53318301e-01 -1.11854888e-01 -3.20820928e-01]
 [ 1.57745290e+00 -1.86206686e+00 -8.17840636e-01  8.59868109e-01
  -3.51800144e-01  9.22985435e-01 -6.20030165e-01]]
Peso 2:
[-0.04997803  0.9277808   0.5118347  -0.05474639 -0.05303963  0.12444156
  0.16306   ]
Camada: saida
Peso 1:
[[ 1.2645149  -1.2229307 ]
 [-1.9636924   1.3404878 ]
 [-0.33688283  1.0764203 ]
 [-0.21458216 -1.2838438 ]
 [ 0.21029873  0.24477942]
 [ 0.9223116  -0.2810195 ]
 [-0.15050092  0.72063726]]
Peso 2:
[-0.09813553  0.09813571]



pesos modelo: 
Test loss: 0.2678, Test accuracy: 0.8684
Camada: meio
Peso 1:
[[-0.20034373 -0.39539528  0.49075568 -0.14198804  0.48774648  0.32893085
  -0.45959616]
 [ 0.3062935  -0.10706365  0.2543019  -0.14966142  0.3726046  -0.06863391
   0.07633471]
 [ 0.21012235  0.25322068 -0.05580008 -0.47212446 -0.41939485  0.47335756
  -0.08601069]
 [-0.48869228 -0.2976905   0.44656613  0.34212732  0.29295582 -0.5243372
   0.2869458 ]
 [-0.033521   -0.3608276   0.35915178  0.24944821  0.19764766  0.26804173
   0.19430645]
 [-0.01481042 -0.27551195 -0.06095049  0.28485176  0.04794913  0.13072218
  -0.16351719]
 [ 0.34329915  0.2933183   0.09947177 -0.34938496 -0.2136929  -0.25307542
  -0.05625703]
 [-0.475226    0.01734748  0.526992   -0.03120064  0.16405956  0.27397785
   0.26975662]
 [-0.48323655 -0.24473348  0.31388044  0.15014514  0.34253812 -0.51001465
  -0.00469611]
 [ 0.22871892  0.44858757  0.31039268  0.4510072   0.24216805  0.22543289
   0.17209584]
 [-0.10074063  0.30813724  0.49563533  0.09865461  0.2156287  -0.41083708
   0.33259085]
 [-0.07242416 -0.29042765  0.10743699 -0.13833693  0.0628605  -0.5241042
  -0.12249571]
 [-0.33687612 -0.34602213 -0.20927545  0.24760859 -0.1824291   0.2125045
  -0.07985725]
 [ 0.26407647 -0.03517698  0.6142857  -0.0540939  -0.25737795 -0.4425699
  -0.22778276]
 [ 0.02388599  0.0349431   0.00545004  0.18295182  0.46718314 -0.33188096
   0.11224293]
 [ 0.01305518  0.11866452  0.8227789   0.39224154 -0.580392   -0.14711528
  -0.269302  ]
 [-0.13096859  0.5827369  -1.328351   -0.7678863   1.8064059   0.07863189
   1.5786502 ]]
Peso 2:
[-0.18876286  0.04791369  0.8999815   0.42413145 -0.27870724 -0.16050407
 -0.0263775 ]
Camada: saida
Peso 1:
[[ 0.49595955 -0.22030108]
 [-0.38690013 -0.88640356]
 [-1.3763988   1.5126872 ]
 [-1.023513    0.42332968]
 [ 1.4188926  -1.2353652 ]
 [ 0.5713318  -0.67576903]
 [ 0.63628703 -1.492872  ]]
Peso 2:
[-0.4148983  0.414898 ]



pesos modelo: 
Test loss: 0.0450, Test accuracy: 0.9919
Camada: meio
Peso 1:
[[ 9.12539959e-02 -4.00228381e-01  3.49938154e-01 -1.72588587e-01
   1.63158894e-01  2.40613341e-01  9.86603498e-02]
 [ 3.59379053e-02  4.68016624e-01  2.92582273e-01 -3.64036441e-01
   2.01514363e-01  1.18435144e-01 -3.56413126e-02]
 [-6.09159470e-05 -4.52025652e-01 -1.97428703e-01 -2.77229071e-01
   2.33316422e-02 -2.28933096e-02 -1.45974874e-01]
 [-1.31775662e-01 -4.94175367e-02 -1.34405553e-01  3.42934340e-01
   3.76876920e-01  4.76178154e-02  2.33892873e-01]
 [ 1.60828382e-01 -1.95703775e-01 -1.42200902e-01 -1.67686164e-01
   1.74212217e-01  1.61354616e-02 -2.52776921e-01]
 [ 4.22145098e-01 -2.25069374e-01  3.81964833e-01 -2.13257983e-01
   1.49412185e-01  2.33548880e-01  5.33844754e-02]
 [ 3.09280485e-01  9.87822842e-03 -3.81800503e-01  2.25662500e-01
  -5.73108010e-02 -1.33105233e-01 -1.39783204e-01]
 [ 3.15105431e-02  4.93364811e-01  4.60768849e-01 -4.03710514e-01
   5.33917546e-01  3.98939788e-01  4.35419500e-01]
 [ 5.00784852e-02 -4.08176005e-01  3.34729552e-01  1.73172161e-01
   2.92173922e-01  1.35912687e-01 -2.20147938e-01]
 [ 3.57799888e-01 -2.47218490e-01  1.13507122e-01 -2.87244499e-01
  -7.64578115e-03  8.30529481e-02  5.86060993e-02]
 [ 5.64381003e-01  2.60225922e-01  8.39137733e-02 -5.10373302e-02
  -3.96961309e-02  2.05356762e-01 -2.30994239e-01]
 [-1.88788339e-01  3.76798928e-01  6.46550134e-02  8.58583227e-02
   3.80443215e-01  4.12298068e-02  1.81118593e-01]
 [ 2.05447385e-03 -2.55794019e-01  3.48387003e-01 -3.17052267e-02
   3.38656306e-01  1.41499594e-01  4.17063087e-01]
 [ 6.90772057e-01  9.26099941e-02 -2.35450059e-01 -4.15032595e-01
  -2.08167229e-02 -4.50479686e-01 -1.86254624e-02]
 [-1.20836198e-01  2.71889508e-01 -4.05489743e-01 -1.48493901e-01
   3.08471501e-01  2.37052783e-01 -4.20622140e-01]
 [ 7.72353768e-01  4.55230862e-01  5.52640378e-01 -2.70165563e-01
   3.90976936e-01 -1.03328116e-01 -4.67132270e-01]
 [-9.80880439e-01  6.56704903e-02 -5.24712741e-01 -2.34575167e-01
  -1.55064583e+00  2.36804938e+00 -3.19715440e-01]]
Peso 2:
[ 0.6840254   0.00520129  0.3354434  -0.20161448  0.5653451  -0.11216932
  0.09900567]
Camada: saida
Peso 1:
[[-1.2206349   0.81403947]
 [-0.38675943 -0.16594522]
 [-0.11720034  0.8304777 ]
 [ 0.38414097 -0.62661725]
 [-1.2560421   1.0515038 ]
 [ 1.5937661  -1.6707331 ]
 [-0.19095623  0.56696683]]
Peso 2:
[-0.13757323  0.13757364]



pesos modelo: 
Test loss: 0.2871, Test accuracy: 0.8694
Camada: meio
Peso 1:
[[-3.0886209e-01  1.3418889e-01 -1.9043016e-01  3.1726670e-01
   2.1757877e-01 -1.2560570e-01  4.8947752e-01]
 [ 4.8050737e-01 -1.9817901e-01 -3.6648512e-03 -1.2536597e-01
  -4.6645808e-01  2.9835796e-01  8.4512353e-02]
 [-9.3090534e-03 -8.6094141e-02 -1.0766745e-02  5.6428313e-02
   4.7539604e-01  9.9823475e-02  9.5239997e-02]
 [ 1.4817473e-01  3.8839328e-01 -4.2285728e-01 -4.3498850e-04
   1.1401485e-01 -1.7762370e-01  1.5174735e-01]
 [-2.3934305e-02 -5.6713853e-02 -1.0197580e-01  4.2917472e-01
  -4.5005101e-01  2.2015932e-01  5.1661360e-01]
 [ 2.9954594e-02  3.4251356e-01 -4.4447172e-01 -1.8083553e-01
   3.7441084e-01  2.3783064e-01  1.3946907e-01]
 [-6.6795950e-03  5.2804816e-01 -4.4598699e-01  2.3967239e-01
   3.3098882e-01  5.6665983e-02 -3.5435975e-02]
 [-1.1916692e-01 -2.4106404e-01 -3.8926423e-01 -1.3016883e-01
   4.7250193e-01  2.6860657e-01  2.2403312e-01]
 [ 2.4864415e-02 -1.2465440e-01 -2.6992285e-01 -4.3075678e-01
   9.7167425e-02  2.5884274e-01  2.6457357e-01]
 [ 2.4682443e-01 -2.9980410e-02 -4.4150460e-01 -2.8477859e-01
  -1.1219470e-01 -2.4890266e-01  4.1111186e-01]
 [-3.0300373e-02 -1.9004215e-01 -2.6815677e-01 -1.9237112e-01
  -2.8402701e-02  2.7018875e-01  2.9002351e-01]
 [-1.0651494e-03 -2.0089296e-01 -2.1042144e-01  3.9563605e-01
   3.5522771e-01  3.5966524e-01  6.2724364e-01]
 [ 8.0168717e-02  8.0258094e-02  1.5822768e-02 -9.8390365e-03
  -4.6065506e-01 -3.6757022e-01  1.0563765e-01]
 [-5.5613625e-01 -3.2014560e-02  3.2378101e-01  5.2785072e-02
   9.8097891e-02 -1.5367264e-01  4.3288788e-01]
 [ 3.3620319e-01  4.7807235e-01 -3.8800979e-01  2.7396631e-01
  -4.0075132e-01  9.3184032e-02  1.9247198e-01]
 [-5.9992266e-01  5.3805614e-01 -1.2378240e-01 -3.0921888e-01
  -4.7455308e-01 -7.0925319e-01  7.0878750e-01]
 [ 2.5913737e+00 -5.5610061e-01 -2.9839170e-01  5.1760274e-01
  -3.0017182e-01  1.1738448e+00 -7.6898992e-01]]
Peso 2:
[-0.13263321  0.45615387  0.          0.05124373  0.02451672 -0.1547478
  0.62836874]
Camada: saida
Peso 1:
[[ 1.9287593  -1.5994987 ]
 [-0.07988834  1.1214747 ]
 [ 0.6055324  -0.3703591 ]
 [ 0.38125414 -0.27503225]
 [-0.38845322 -0.01399663]
 [ 1.1854074  -0.23036043]
 [-1.6605793   0.37970707]]
Peso 2:
[-0.96297944  0.9629806 ]



pesos modelo: 
Test loss: 0.1993, Test accuracy: 0.9110
Camada: meio
Peso 1:
[[ 0.46408045 -0.24994183  0.33870852  0.12544525 -0.06417418 -0.01972723
  -0.2806034 ]
 [-0.3547548  -0.1171385   0.48853707 -0.21920085  0.4840467  -0.38136446
  -0.3264482 ]
 [ 0.41331565  0.40182948  0.15781212 -0.03767812 -0.02594173  0.4976076
   0.30290616]
 [-0.47702703 -0.05126946  0.51572245  0.3019962  -0.36904138  0.06458982
  -0.22177741]
 [ 0.24621052  0.25422263 -0.08021145  0.38109863 -0.21039928  0.08097929
  -0.02640964]
 [ 0.20224388 -0.22406884 -0.26936394  0.21474412  0.07050137  0.0258355
   0.14182243]
 [ 0.06586427 -0.04383238 -0.24583057  0.04032585 -0.26285607 -0.08207086
  -0.04692845]
 [ 0.08395577  0.07430466 -0.2883154   0.34936872  0.02509167  0.03822768
  -0.47013247]
 [-0.26446155 -0.47266158 -0.1615086   0.47134927 -0.3803474   0.14556968
  -0.2969052 ]
 [-0.25105494 -0.47554272  0.4703859   0.5618773   0.0444247   0.23556776
   0.34482703]
 [ 0.29734108 -0.1287897   0.11158653  0.23931128 -0.20338303  0.05603988
   0.26939332]
 [-0.4322966  -0.07552139 -0.133045    0.12357996  0.16192275 -0.02608717
   0.01216988]
 [-0.07284766  0.10706412 -0.3870986   0.28970495  0.18657318  0.09088744
   0.3215956 ]
 [-0.37855482  0.18732627  0.43996578  0.5315613  -0.2841163  -0.6243609
  -0.14405575]
 [-0.27674183  0.01303283  0.09654514  0.06141613 -0.48577005  0.43742025
  -0.3221982 ]
 [ 0.18438764 -0.48908183 -0.26255575  0.9225426   0.03754805 -0.41549784
  -0.11573894]
 [-0.45517993 -0.479079   -0.04123353 -0.8272461  -0.35206676  2.740417
  -0.04536149]]
Peso 2:
[-0.11789685 -0.00915666  0.04677265  0.7769311  -0.00836649 -0.30782664
  0.01766418]
Camada: saida
Peso 1:
[[ 0.40830103  0.26458085]
 [ 0.53854597  0.53952914]
 [ 0.6297685   0.92599803]
 [-1.7113202   0.6358371 ]
 [ 0.6959702   0.5524262 ]
 [ 1.5615944  -2.4070835 ]
 [-0.6700385  -0.2560527 ]]
Peso 2:
[-0.72470194  0.7247012 ]



pesos modelo: 
Test loss: 0.5470, Test accuracy: 0.8193
Camada: meio
Peso 1:
[[ 0.14008164  0.3356936  -0.03271163 -0.0403353   0.39533448 -0.04845893
  -0.33489025]
 [ 0.356781    0.2844528  -0.338094    0.35131228 -0.42781353 -0.3517382
  -0.18164611]
 [ 0.1458087  -0.14074516  0.27453887  0.13547242  0.43570125 -0.3884257
   0.09813213]
 [ 0.31703243 -0.41652098  0.07650516 -0.46257213  0.20736888  0.3100383
   0.21805176]
 [ 0.17905879  0.01614096  0.32461166 -0.26452857 -0.3804658   0.43301252
   0.13258173]
 [ 0.35164988 -0.37967986  0.07647732 -0.179758   -0.52234346  0.0183905
   0.27999434]
 [ 0.03178389  0.48279595  0.11535877  0.17132103 -0.37537813 -0.1817318
  -0.20535846]
 [ 0.3689876   0.5440068  -0.3688877   0.11248695  0.05840433 -0.46791208
   0.2940246 ]
 [ 0.10694075 -0.12459668 -0.30768117 -0.4903825   0.18756783 -0.47654632
  -0.13209273]
 [ 0.34199435 -0.1853256  -0.14175537  0.42454892 -0.47177973  0.22871214
   0.2983543 ]
 [ 0.3253711  -0.03822785  0.06614867  0.46385503 -0.34422642  0.4910991
   0.2753432 ]
 [ 0.17189845 -0.38373163 -0.43225464  0.35007685  0.03163132  0.2752817
   0.02200282]
 [ 0.36475936 -0.3766668   0.02170616 -0.1253098   0.06930991 -0.01267924
   0.31359735]
 [ 0.86530095 -0.4608513   0.02925604  0.12282893  0.47730199  0.1797891
  -0.5141818 ]
 [-0.05791156 -0.25889573 -0.00843076 -0.25738037  0.2119517  -0.30093503
   0.31602165]
 [ 1.0948882   0.26827812 -0.44141868 -0.2748885  -0.2860897  -0.05076312
   0.05180083]
 [-1.9774492  -0.0411103  -0.06119771 -0.47491303  0.34399703 -0.19309853
   2.1085021 ]]
Peso 2:
[ 1.0470546   0.05418427 -0.15832634  0.03761699 -0.06742007  0.02561514
 -0.03539607]
Camada: saida
Peso 1:
[[-1.2992682   2.3922205 ]
 [-0.4196615   0.03653741]
 [-0.64407164  0.05494645]
 [ 0.4502176   0.7158191 ]
 [-0.17407537 -0.21728143]
 [ 0.4511948   0.7653374 ]
 [ 1.8834924  -0.9250775 ]]
Peso 2:
[ 0.04191824 -0.04191794]



pesos modelo: 
Test loss: 0.1674, Test accuracy: 0.9129
Camada: meio
Peso 1:
[[ 0.32540286 -0.48505783  0.31507897 -0.18843567 -0.0932591  -0.2075342
   0.21960676]
 [-0.35639048  0.213287    0.15661275 -0.13631153 -0.28495073  0.04354703
  -0.24675655]
 [-0.31700397 -0.29300702  0.39887917 -0.4650346   0.2989384   0.10321319
   0.13121629]
 [-0.38126934  0.03311088  0.18706438  0.07518097  0.19040732 -0.18543741
  -0.0459594 ]
 [-0.18834996  0.23482828  0.45655516  0.23162091 -0.1999371   0.62708414
   0.22779138]
 [-0.10631268  0.37322643  0.43174314  0.07829829 -0.10986036  0.3089581
   0.12866853]
 [ 0.22241229  0.06757124  0.00815803  0.41380632  0.32118678  0.26488912
   0.17471947]
 [-0.40300313 -0.3107292   0.5280827   0.15878195  0.42958462  0.4091411
   0.41149408]
 [ 0.47248438 -0.06330403 -0.13316557  0.4791134   0.08789379  0.3944547
   0.06906964]
 [ 0.25927708 -0.32365838  0.01558577  0.06998826  0.3704376  -0.23807746
   0.23542798]
 [ 0.30594832  0.01666002  0.03224964  0.14358005 -0.07375477 -0.18282676
  -0.25196412]
 [ 0.42809793 -0.178269    0.24707504  0.24827592 -0.00845924  0.01323178
  -0.22147183]
 [-0.3053323   0.4087624   0.3755179   0.16878706  0.55581725  0.02110091
   0.36870462]
 [-0.05967135  0.03037766 -0.29522738  0.23994355 -0.41204485 -0.53681886
   0.34655166]
 [-0.06743682  0.44786018 -0.43053773  0.0825834   0.07506281  0.417099
   0.27603847]
 [-0.49435556 -0.02514168 -0.14457296  0.7636898  -0.5007044  -0.54433376
   0.49827442]
 [ 0.35648406  0.294447   -0.7628958  -1.7087711   1.3958181   1.4383019
  -1.0893683 ]]
Peso 2:
[ 0.03977704 -0.02540953  0.22671454  0.88577235  0.04883249  0.0154197
  0.6102717 ]
Camada: saida
Peso 1:
[[-0.31048706 -0.82395065]
 [ 0.54795384  0.1513164 ]
 [-0.484085    0.5386481 ]
 [-1.4272412   1.7083439 ]
 [ 0.8796164  -0.8955442 ]
 [ 1.3263996  -0.61959517]
 [-1.2393465   0.6705928 ]]
Peso 2:
[-0.07929455  0.07929459]



pesos modelo: 
Test loss: 0.0307, Test accuracy: 0.9967
Camada: meio
Peso 1:
[[-1.85898423e-01  8.18650723e-02 -1.91054106e-01 -2.08329916e-01
   4.54000711e-01  1.08413219e-01  3.87953281e-01]
 [ 2.23543048e-01  4.68502045e-01  4.55841780e-01 -1.87569141e-01
   1.10939264e-01  2.39955783e-01  1.33257866e-01]
 [-4.72215533e-01 -8.30897093e-02 -1.63234472e-01  2.46834278e-01
   4.60492611e-01 -5.69965839e-02 -3.93402815e-01]
 [-7.59832785e-02  4.31438774e-01  6.18689656e-02  4.76810485e-02
  -4.53792959e-01 -1.69423819e-01  4.09170985e-01]
 [-6.49755495e-03  2.90464386e-02  3.28955539e-02  4.40573663e-01
   2.65786141e-01  7.72310644e-02  3.33585382e-01]
 [ 2.50357807e-01 -1.63631245e-01 -1.34963185e-01 -3.38932961e-01
  -2.91084558e-01 -1.31936803e-01 -1.08167946e-01]
 [ 3.14474195e-01  3.71446788e-01  5.66632867e-01  4.49788123e-01
  -4.95150626e-01  2.12593321e-02  1.95767462e-01]
 [ 2.27444246e-01  8.20267349e-02  1.67120144e-01  2.73173779e-01
   2.89227635e-01 -5.94605543e-02  1.11618549e-01]
 [ 2.82357424e-01  4.11856711e-01  4.58469689e-01  2.47242346e-01
   8.62198994e-02  2.09592059e-01 -4.30232882e-01]
 [ 3.13808843e-02  8.87949243e-02 -8.24909359e-02  1.76314693e-02
   2.77499348e-01 -8.85776058e-02  2.92875886e-01]
 [ 1.32582173e-01  4.53824788e-01  3.81896853e-01 -1.61244258e-01
  -2.07355008e-01  3.46941322e-01  1.42801777e-01]
 [ 9.12851617e-02  5.65070450e-01  3.83997172e-01  2.66199082e-01
  -2.76342034e-01 -4.78635132e-02  2.91388668e-02]
 [ 2.30997190e-01  1.49295973e-02  9.84526500e-02 -1.63374498e-01
  -1.26783311e-01  5.10687716e-02  4.58462238e-01]
 [ 5.42186141e-01  5.42020440e-01  1.99012384e-01 -1.75014716e-02
   1.35323897e-01  9.68219265e-02  1.91891059e-01]
 [ 2.83298880e-01  1.10825077e-02  5.17962277e-01 -5.35206273e-02
  -3.60150516e-01  2.73204356e-01 -1.76045590e-03]
 [ 7.94472814e-01  7.31697381e-01 -5.95132858e-02 -3.88126343e-01
   2.39088759e-01 -3.90982538e-01 -3.60440522e-01]
 [-1.62968719e+00 -1.22406268e+00  2.00607967e+00 -6.83815897e-01
  -5.90499714e-02 -4.27993149e-01 -3.54067773e-01]]
Peso 2:
[ 0.7970838   0.41070223 -0.08675075  0.2537371  -0.08040131  0.13887413
 -0.05492267]
Camada: saida
Peso 1:
[[-1.5936722   1.375593  ]
 [-0.6416053   1.4161904 ]
 [ 1.0252719  -1.7736197 ]
 [-0.08940887  0.9385404 ]
 [ 0.5372248  -0.00771611]
 [-0.6725534   0.15336215]
 [-0.16682088  0.22212815]]
Peso 2:
[ 0.0480485 -0.0480485]



pesos modelo: 
Test loss: 0.1063, Test accuracy: 0.9480
Camada: meio
Peso 1:
[[-0.3455435   0.11481559  0.23419106  0.42994642  0.49191773  0.26840174
   0.34209967]
 [ 0.16515386 -0.12461197  0.08901286 -0.08850896  0.14635885  0.07744706
   0.14509308]
 [ 0.4277513   0.49940836 -0.45957613 -0.02975023  0.00985265  0.18935752
  -0.14605439]
 [-0.04497584 -0.07382818  0.05223438  0.07506978 -0.02663812  0.39856967
   0.05986255]
 [ 0.36962408  0.53934175 -0.39234138  0.32649806  0.057504    0.26856473
   0.36627737]
 [-0.06184074 -0.23060203 -0.08818193 -0.08312461 -0.23986515  0.45345324
   0.37018827]
 [-0.04397545  0.19836175  0.27180567  0.08212282  0.08428954  0.01793878
  -0.40824217]
 [-0.16662887  0.15944846 -0.00887821 -0.02756458  0.470924   -0.03292768
  -0.20620441]
 [-0.19566259  0.29751667 -0.39118057  0.147475    0.00441379  0.0937876
   0.02021154]
 [-0.2951615  -0.10946994 -0.19199313 -0.17481065 -0.0577775   0.17450067
   0.22508605]
 [-0.18914494  0.50765264  0.04482294  0.30977342  0.28911066  0.27048823
   0.26428348]
 [-0.38518885  0.1118476   0.04030871  0.19608817 -0.46965     0.3689005
   0.13483532]
 [-0.24257918  0.05972322 -0.10795184 -0.17292693 -0.09571385  0.04259672
   0.2281977 ]
 [-0.05018995  0.76248676 -0.3431288  -0.13138185  0.15055406  0.53604114
   0.22579102]
 [-0.35703662  0.53890014  0.04597788  0.5650357   0.17140606 -0.05707857
   0.28039774]
 [ 0.22909695 -0.04298421 -0.26036888 -0.7192186  -0.15330248  0.49932244
   0.0143845 ]
 [ 0.281876   -1.1712756  -0.09571755  2.3227947   0.109111   -1.233664
   0.97799116]]
Peso 2:
[-0.04750886  0.5686594  -0.147982   -0.05990031 -0.05238254  0.78804445
 -0.18630031]
Camada: saida
Peso 1:
[[ 0.37487593 -0.12594306]
 [-1.3398405   0.7781493 ]
 [-0.32965326  0.46726188]
 [ 1.8516188  -1.2328814 ]
 [ 0.0317798  -0.08095062]
 [-1.4914533   0.8199158 ]
 [ 0.85806227 -0.17648575]]
Peso 2:
[-0.5636357  0.5636368]



pesos modelo: 
Test loss: 0.0507, Test accuracy: 0.9862
Camada: meio
Peso 1:
[[-0.40581775  0.05591369  0.1441468  -0.03417385 -0.02855742 -0.03483355
   0.26523757]
 [-0.18274939  0.05093539  0.00487614  0.09980989  0.15941334 -0.25351763
   0.4769956 ]
 [ 0.4722842  -0.23517215 -0.02260888  0.10105097 -0.2172097  -0.11369431
   0.37907112]
 [ 0.11911419  0.00589925  0.12010363  0.18128161 -0.06990109 -0.18326232
  -0.11552435]
 [-0.11816747  0.2029363  -0.2675654   0.05754815 -0.15255277 -0.21187177
   0.221667  ]
 [ 0.33462635  0.5142148  -0.4007884   0.10245425  0.19618475 -0.13909386
   0.4784537 ]
 [ 0.25106367  0.2840044  -0.49993727  0.34590697  0.28770283  0.21114275
   0.51492023]
 [ 0.27809742 -0.02186401  0.3930044   0.5313149  -0.09645354  0.2267147
   0.47096327]
 [-0.23748557  0.3250964  -0.03706729  0.0811881   0.05911502  0.15471414
   0.52899295]
 [ 0.33253443  0.33971795 -0.48274958  0.21501084 -0.32492658 -0.26983467
   0.4935304 ]
 [-0.28384814  0.14853103 -0.03113282  0.35478806  0.4615915  -0.09399395
   0.49659628]
 [ 0.36246714 -0.09729835  0.19271472  0.23404524  0.32925868  0.0309759
  -0.2735858 ]
 [ 0.2599847   0.44548213 -0.41776386  0.09651143  0.22085573 -0.20466624
   0.33891305]
 [-0.43213814  0.5180402  -0.23063894  0.54682624 -0.34161162  0.05154171
   0.31371072]
 [ 0.7081196  -0.24859387 -0.12264011  0.27411294  0.15393119 -0.26352808
   0.1291578 ]
 [-0.1337864   0.7497852  -0.36941063  0.41135612 -0.14378908 -0.2901905
  -0.0044095 ]
 [ 0.6260139  -1.3915732  -0.45607367 -1.991498    0.2871102  -0.34943548
   1.3918939 ]]
Peso 2:
[ 0.05501831  0.86854583 -0.08172731  0.84286165  0.06715921 -0.19472215
  0.00196583]
Camada: saida
Peso 1:
[[ 0.1539388  -0.9972974 ]
 [-1.0291185   1.7156447 ]
 [ 0.49330366 -0.336483  ]
 [-1.6606828   1.4016237 ]
 [ 0.30195102 -0.28787506]
 [ 0.49975634 -0.46550795]
 [ 1.0048177  -0.94406325]]
Peso 2:
[ 0.20788203 -0.20788166]



pesos modelo: 
Test loss: 0.1007, Test accuracy: 0.9492
Camada: meio
Peso 1:
[[-0.23237574 -0.4633745   0.4336623  -0.03828812  0.03119326 -0.20125163
  -0.0696187 ]
 [ 0.418391    0.15290964 -0.28350198  0.15154898  0.04129386  0.13806355
   0.33039927]
 [-0.08069372  0.33239484 -0.43825305 -0.23086703 -0.4581473  -0.47633648
   0.3133626 ]
 [ 0.2856062   0.09993639  0.00297554 -0.11265202 -0.00957284 -0.02521277
  -0.12438452]
 [-0.18446013 -0.22175728 -0.18687898 -0.16877371  0.30449027  0.16982688
  -0.36993074]
 [ 0.5481636  -0.45039272  0.39783353  0.15294926  0.30175927  0.37591252
  -0.16969821]
 [ 0.09642633  0.32938504  0.11676984  0.42468902 -0.03781898 -0.2675906
   0.09945537]
 [ 0.48119947 -0.51149744  0.12327507  0.1782432   0.05687201  0.0834977
   0.18425326]
 [-0.1841621  -0.2574925   0.33816972 -0.13556035  0.5921748   0.41581264
   0.21301313]
 [-0.14933717  0.35376188  0.41621622  0.3721124   0.2235578  -0.04151845
  -0.31239244]
 [-0.19296853 -0.25699756 -0.14618173 -0.29241472  0.12212095 -0.07780315
  -0.04130168]
 [ 0.4072412  -0.42646185  0.24350573  0.10340743  0.15006231  0.14919402
  -0.0562733 ]
 [-0.10456569 -0.31435978 -0.15525256  0.54757684  0.315106   -0.05232047
  -0.03491145]
 [ 0.5516501   0.42613587 -0.28062573  0.08640707  0.66286457 -0.1189842
  -0.29973295]
 [ 0.2820627   0.01990426 -0.38914865  0.22026476  0.07230256  0.56661826
   0.46937987]
 [ 0.50414765 -0.45071855 -0.4387993  -0.25472492  0.69849664 -0.0925274
  -0.2816068 ]
 [-0.5920668   0.28638867 -0.20165743  0.615266   -1.7153769   2.3238885
   0.3636787 ]]
Peso 2:
[ 0.299789   -0.0361609  -0.06051552 -0.08648281  1.074606   -0.17519212
 -0.01852143]
Camada: saida
Peso 1:
[[ 0.06584982  1.3673061 ]
 [ 0.15349908  0.48300314]
 [-0.3009476   0.07434201]
 [ 0.71262133 -0.12368717]
 [-2.0243878   1.0331556 ]
 [ 0.9722482  -1.9896462 ]
 [ 0.7684019   0.5276017 ]]
Peso 2:
[-0.26319364  0.26319376]



pesos modelo: 
Test loss: 0.2757, Test accuracy: 0.8797
Camada: meio
Peso 1:
[[-2.49991536e-01 -3.61138940e-01  4.43471670e-02  4.71403003e-01
  -2.67318368e-01  3.34756732e-01  1.53869748e-01]
 [ 1.12320900e-01 -1.40258312e-01  8.52762461e-02 -1.85542941e-01
  -1.40998721e-01  1.49337411e-01 -8.14845562e-02]
 [-3.84349823e-01 -3.15190434e-01 -2.80762076e-01 -1.75024390e-01
  -2.05170989e-01  3.63379478e-01  7.26065636e-02]
 [ 1.00464992e-01  3.68495695e-02  1.24555409e-01  1.29820496e-01
   1.35578796e-01 -1.41641691e-01  2.00890616e-01]
 [ 4.97855604e-01  3.20967883e-02 -2.94708014e-01  3.47992957e-01
  -3.14795114e-02 -1.99069604e-01  1.43929973e-01]
 [ 8.55950937e-02  1.43528223e-01  4.11885291e-01 -1.42155960e-01
   9.23026279e-02  3.48384827e-01  5.44592850e-02]
 [ 3.04881781e-01  2.12968159e-02  5.10262191e-01  2.00130552e-01
  -1.25492781e-01 -2.70892233e-01  2.25058328e-02]
 [-2.03218877e-01  2.29770809e-01 -1.75304532e-01 -2.94965841e-02
  -1.84703350e-01  3.47243935e-01  4.31588471e-01]
 [ 3.14896666e-02 -3.89449000e-01 -3.75653148e-01 -1.25037401e-03
   1.54631674e-01  1.39608055e-01  1.86450824e-01]
 [ 4.24012393e-01 -3.88007835e-02  5.27768373e-01  3.88670981e-01
   4.67554688e-01  3.13532084e-01  4.72313792e-01]
 [ 1.92261338e-01  1.22001976e-01 -3.73566002e-01  1.50030971e-01
  -1.90931499e-01  2.42299885e-01  3.36660773e-01]
 [ 2.47316599e-01 -1.51477888e-01 -7.02541918e-02 -2.07790107e-01
   3.70643847e-02  2.58451998e-01 -1.30963564e-01]
 [ 2.17071891e-01 -2.78194487e-01 -4.42266405e-01 -1.99339520e-02
   2.86810249e-02 -2.03921542e-01 -9.23551247e-02]
 [ 4.28064466e-01 -3.76808047e-01  1.88631758e-01 -8.15967679e-01
   2.60062009e-01  1.82596877e-01  9.89634618e-02]
 [ 4.01276559e-01 -4.81925428e-01 -3.89565766e-01  6.10527635e-01
  -5.65781057e-01  2.54038811e-01  2.70715833e-01]
 [ 8.08009744e-01 -3.49534422e-01 -1.65356532e-01 -4.66766417e-01
   2.53159683e-02 -4.95113820e-01  8.64606202e-01]
 [-7.15803325e-01 -2.90547132e-01 -1.08843692e-01  2.34540153e+00
   2.97601551e-01  9.41692591e-01 -1.15575993e+00]]
Peso 2:
[ 0.45372885 -0.17382492  0.10435025 -0.27968588  0.00300028 -0.11000718
  0.7925762 ]
Camada: saida
Peso 1:
[[-0.4159959   1.3088927 ]
 [ 0.74634284 -0.43102524]
 [ 0.06605994  0.60319835]
 [ 2.3432207  -0.99888915]
 [-0.61296016 -0.43048078]
 [ 1.2137736  -0.05144354]
 [-1.3056505   1.1877148 ]]
Peso 2:
[-0.48484185  0.48484245]
