


pesos modelo: 
Test loss: 0.1236, Test accuracy: 0.9377
Camada: meio
Peso 1:
[[-0.2828048  -0.13837293 -0.0210368   0.07540101  0.44575542  0.3462708
  -0.00529656  0.13789654 -0.25093335  0.15801561  0.40121865  0.2890004
  -0.14360541]
 [-0.25256172 -0.074714    0.08219159 -0.15087119  0.41293418 -0.33720618
  -0.16717455 -0.29416418  0.011554    0.39911282 -0.12224263 -0.44350916
  -0.02762821]
 [-0.36357227 -0.3514668   0.03745958 -0.10987702 -0.30307752  0.03981012
   0.04997426  0.30592608 -0.38502482 -0.09223735 -0.2598775  -0.1121223
  -0.1861307 ]
 [ 0.25887778 -0.2620718   0.37249592  0.10493573 -0.0288603   0.070397
  -0.45166484  0.3148521  -0.15841423 -0.31310293  0.25550392 -0.17402214
   0.03921021]
 [-0.21234821 -0.32062125  0.31894907  0.24224982 -0.1985397   0.20558582
   0.05374054  0.2383996  -0.06657842  0.440345   -0.30078915 -0.23397683
   0.06706687]
 [ 0.19358598 -0.15604518  0.2155889   0.25936234  0.27822348  0.15885863
   0.12167225  0.07980764 -0.11233191 -0.00428138 -0.15432088  0.2529158
   0.23086242]
 [ 0.18641758 -0.36591613  0.1581887   0.12779444  0.06466553 -0.25695384
   0.31786296  0.4032594   0.2130701  -0.1788622   0.25827906 -0.20303476
   0.4013567 ]
 [-0.12581016  0.09550892 -0.24758323  0.0325944   0.17242704  0.12125307
  -0.2439519   0.15014437 -0.25327715  0.31212446  0.2561149   0.4697396
  -0.2120367 ]
 [-0.16541067 -0.22722551  0.1996625   0.09625184  0.41284573 -0.26362336
  -0.2339295   0.16475475 -0.08572223 -0.16405359  0.17411762 -0.1263807
  -0.20967175]
 [-0.13358393 -0.05539446  0.27670968  0.31025174 -0.18833716  0.06256679
   0.28635135 -0.10849467 -0.05122723  0.2806821   0.13562585  0.48611853
   0.20282473]
 [-0.23007542 -0.1364152  -0.02690953  0.17424044 -0.2934187  -0.0414389
  -0.13485308  0.1835667   0.17459863  0.30024388  0.18228589 -0.05798699
   0.44795156]
 [ 0.4437309  -0.17022473 -0.15293156  0.5114534   0.40685216  0.4207583
  -0.31303018 -0.11146878  0.3588293   0.19001251  0.09356136 -0.1655513
   0.3249061 ]
 [ 0.26062295  0.2597107  -0.03706688  0.1437273  -0.09432999 -0.35324544
  -0.41200125  0.14596704 -0.30567357  0.0190431  -0.18866988 -0.14832787
  -0.05859677]
 [-0.23353536  0.2574578   0.2770483   0.45653892 -0.44863477  0.11073329
  -0.41722634  0.4794264  -0.36174926 -0.32826674 -0.39972192  0.4564977
  -0.16073462]
 [ 0.6362287   0.2302832  -0.04197902  0.353927    0.4571973  -0.10391162
  -0.22328983  0.11586305 -0.1965087   0.6096404   0.1950875  -0.20500694
   0.06927367]
 [-0.43218875  0.05666371 -0.08608354  0.80353373 -0.33301044  0.01576214
  -0.27287418  0.05794102 -0.34779868 -0.05696423  0.01394888 -0.3073393
   0.02793079]
 [ 0.9626955   0.06674865  1.1102633  -1.8739498   0.21927942  0.21375726
  -0.2747065  -0.9827398   0.07257313  1.1578921   0.6453534  -0.22168699
   0.3926407 ]]
Peso 2:
[-0.01149213 -0.04039837 -0.04639607  0.876748   -0.00889617 -0.04271191
 -0.07663006  0.430665   -0.0357581  -0.12773633 -0.01790402  0.2142522
 -0.03107438]
Camada: saida
Peso 1:
[[ 0.46977946 -0.9701622 ]
 [-0.26113263 -0.5637312 ]
 [ 0.7066695  -0.6370919 ]
 [-1.4885961   1.7878468 ]
 [ 0.3408516  -0.1006984 ]
 [ 0.02000775  0.10755797]
 [ 0.15489861 -0.3918656 ]
 [-0.621524    1.0053785 ]
 [-0.18912207  0.23017554]
 [ 0.81161386 -0.918488  ]
 [ 0.19871588 -0.5992884 ]
 [-0.7121785   0.2462359 ]
 [ 0.55805755  0.2320858 ]]
Peso 2:
[-0.28402373  0.2840236 ]



pesos modelo: 
Test loss: 0.2954, Test accuracy: 0.8743
Camada: meio
Peso 1:
[[-1.90039724e-01  2.80761421e-02  4.03448045e-01  1.67374372e-01
   4.19756413e-01  3.17394018e-01  4.27462220e-01 -2.20386684e-02
  -3.55138510e-01  2.44561493e-01  3.14380944e-01 -1.64238870e-01
   1.66259885e-01]
 [-1.26481146e-01  2.75570333e-01  7.39546418e-02  3.41033518e-01
  -2.34359831e-01 -2.91116774e-01  2.59693146e-01  3.38600039e-01
  -1.54291898e-01 -3.52445304e-01 -4.12702262e-01 -1.87896371e-01
  -1.30622447e-01]
 [-1.32665992e-01 -3.88370454e-01  3.50344479e-01  4.45997536e-01
   1.37077689e-01  1.13986969e-01 -6.34527206e-02  2.21858799e-01
   1.21325791e-01  3.49522233e-02 -6.81662261e-02 -1.82501316e-01
  -2.16170520e-01]
 [ 2.55520582e-01  2.99424559e-01  9.95372832e-02 -6.65787533e-02
  -1.12126306e-01  5.02782054e-02  3.76775354e-01 -1.95841298e-01
  -8.13812837e-02  2.43560836e-01 -1.18287116e-01  3.49083424e-01
   1.38341159e-01]
 [ 2.25050449e-02  4.07210290e-01  1.53979972e-01 -2.48291969e-01
  -2.54967719e-01 -2.77635068e-01  1.68017372e-01 -4.27691340e-01
   3.15837532e-01 -2.50847012e-01  3.77516389e-01  3.50040108e-01
   2.14210320e-02]
 [-1.24417439e-01  3.56919199e-01  1.68223023e-01 -1.78843349e-01
   2.05246940e-01 -8.65178704e-02  1.48071170e-01 -4.17365372e-01
   2.24635229e-01 -5.97621640e-03  2.05385923e-01  1.97448492e-01
  -9.69471633e-02]
 [ 6.82305768e-02  3.04958165e-01 -7.65823275e-02  1.13185786e-01
   3.98246676e-01  2.80376703e-01 -3.48649442e-01 -1.65555522e-01
  -3.26611370e-01  2.33579502e-01  6.47098050e-02 -3.65043342e-01
   1.15328349e-01]
 [ 9.90834907e-02  2.43139848e-01  1.34246305e-01 -2.82172710e-01
   1.74799562e-01  3.10107708e-01 -1.02866828e-01 -2.23303944e-01
  -2.01781634e-02  2.72417367e-01 -1.63206160e-01  1.58900693e-01
   1.25938639e-01]
 [ 2.11778060e-01  2.42098913e-01 -2.58774698e-01 -3.16178858e-01
   2.52136230e-01 -4.23965216e-01  1.28698915e-01  3.79121363e-01
  -2.29395777e-01  1.12373279e-02 -6.04873337e-02  3.55374664e-01
   1.09207265e-01]
 [-1.02355331e-01  4.04265746e-02  2.93314397e-01 -7.58136287e-02
  -2.72937626e-01  1.91250339e-01  2.25265786e-01  3.63878578e-01
  -4.49487805e-01 -2.76274055e-01 -1.66998416e-01  8.60003829e-02
   2.63490230e-01]
 [ 9.65772420e-02  3.23170036e-01  1.67221770e-01 -5.72391264e-02
  -2.38140330e-01  1.71095625e-01 -2.32724488e-01 -2.57091105e-01
  -3.39685351e-01  3.07264656e-01  2.13178709e-01  1.30124852e-01
  -3.60702813e-01]
 [-1.63787916e-01  1.01346582e-01 -4.55090590e-02 -7.51793459e-02
   1.33901134e-01  1.12542570e-01  4.49361175e-01  3.33164692e-01
  -1.51342928e-01 -3.33190829e-01  2.50932008e-01 -2.25076899e-01
  -4.05056417e-01]
 [-2.22906291e-01  9.52324793e-02  2.93409556e-01 -7.00079352e-02
   3.22663069e-01  1.42066672e-01 -3.13686222e-01 -2.91058362e-01
  -2.68967003e-01 -4.00039703e-01 -2.42610604e-01 -3.89999211e-01
   1.87763318e-01]
 [-1.91354200e-01  4.36711818e-01 -5.12565255e-01 -4.30942237e-01
  -2.37921961e-02 -3.14095467e-01  3.62006485e-01 -1.52319029e-01
   3.38833302e-01 -2.15796247e-01 -3.08755934e-01 -1.75073430e-01
  -4.17797536e-01]
 [ 4.16021436e-01 -3.44502665e-02  6.56610131e-02 -6.43435924e-04
  -1.72945291e-01  4.00608659e-01 -5.44584244e-02 -2.18133375e-01
   1.13315001e-01 -4.66483593e-01  3.86094719e-01  3.39104563e-01
   1.55309364e-01]
 [-3.84814441e-01  8.74309897e-01 -7.60121271e-02  1.16177678e-01
  -1.96930394e-01  3.14265668e-01  4.47852135e-01 -2.68843919e-01
  -3.49047929e-01 -2.65856385e-01 -4.87475425e-01 -3.11493397e-01
  -1.33305090e-03]
 [ 1.74189854e+00 -1.31088078e+00  1.22018993e+00 -3.79087120e-01
   1.02522802e+00  7.35119060e-02 -3.12614664e-02 -2.90218055e-01
   2.44563073e-02 -3.03996682e-01  1.27293301e+00  1.83297291e-01
  -1.44374162e-01]]
Peso 2:
[-1.2808542e-01  1.0655828e+00 -1.8030865e-01 -8.2146854e-04
  8.7270610e-02  2.3188697e-02  5.5803083e-02 -4.4480944e-04
 -2.1724652e-02 -1.2043096e-01 -8.4300511e-02 -1.3405448e-01
 -2.3399767e-01]
Camada: saida
Peso 1:
[[ 0.78424907 -1.5179754 ]
 [-1.496982    1.445423  ]
 [ 0.79736584 -0.89126056]
 [ 0.6128965   0.552777  ]
 [ 0.46280894 -0.6007785 ]
 [ 0.0582385   0.22793205]
 [-0.56364316 -0.2400301 ]
 [-0.09507313 -0.05928459]
 [ 0.32682443  0.13727465]
 [-0.2570783  -0.5163287 ]
 [ 1.0589736  -0.6766118 ]
 [-0.14852026 -0.44847625]
 [ 0.2029099   0.0310561 ]]
Peso 2:
[-0.78003824  0.7800377 ]



pesos modelo: 
Test loss: 0.1859, Test accuracy: 0.9046
Camada: meio
Peso 1:
[[ 2.93300509e-01 -3.25959682e-01 -4.36711878e-01  2.90498257e-01
   3.36956799e-01  1.92325532e-01 -1.68414026e-01 -1.13684773e-01
   3.86354923e-01 -1.23723954e-01 -3.17850918e-01 -4.35118377e-01
  -3.07140768e-01]
 [ 3.57644916e-01  3.69787693e-01  6.25928640e-02  9.20669436e-02
  -1.42135382e-01  3.04315984e-01  1.78080440e-01 -8.44088197e-02
   7.86094069e-02 -1.20389462e-03  3.88803542e-01 -1.51753604e-01
  -1.61588728e-01]
 [ 8.76770616e-02 -6.48701191e-03 -4.31283534e-01 -3.57697397e-01
   4.11283195e-01 -2.47742102e-01 -4.10764068e-01  4.00500000e-01
  -3.67430985e-01  2.62191594e-01 -2.03863084e-02  3.25679898e-01
  -1.26827776e-01]
 [ 1.87818110e-01 -9.92371738e-02  3.82167071e-01 -2.44994462e-01
  -4.49733645e-01 -6.20760471e-02  3.82407278e-01  1.07100859e-01
   8.28453377e-02 -1.27273217e-01  8.37384984e-02  1.96018085e-01
   1.54100537e-01]
 [ 3.29951912e-01  1.59607917e-01 -3.02086733e-02  2.76531339e-01
  -3.82591449e-02 -5.11848107e-02 -1.61146987e-02 -2.07005560e-01
   4.51501191e-01  8.31840709e-02  1.08755961e-01 -3.70916605e-01
   4.11902480e-02]
 [-1.27006844e-01  3.19752604e-01 -4.38927785e-02 -3.64165485e-01
  -9.14306119e-02 -2.50754476e-01  7.59879351e-02 -2.43216753e-01
   2.76970476e-01  3.38945061e-01  2.62441993e-01  9.98807177e-02
  -8.87176171e-02]
 [ 6.44293949e-02  5.50061688e-02  8.49739313e-02  8.84142965e-02
   7.18910769e-02 -3.57318461e-01 -1.97186917e-02 -2.40571360e-04
  -6.81677014e-02 -3.29419404e-01  1.12726159e-01 -1.51554361e-01
   2.63006419e-01]
 [ 3.32741588e-01  2.36895978e-01  4.49123651e-01  3.09246778e-01
   1.78657591e-01  5.17528951e-02  3.20183039e-01 -1.20924190e-01
   2.59295642e-01  2.63791919e-01  2.94742525e-01  3.92419964e-01
   2.77635843e-01]
 [ 4.13378954e-01 -2.62598097e-01  1.65214807e-01 -3.24823409e-01
  -2.72928476e-01 -3.90236616e-01  8.54685754e-02 -2.91995257e-01
  -2.66705841e-01 -1.30387977e-01 -7.11239800e-02  1.10299453e-01
  -2.67354399e-02]
 [ 3.50526065e-01 -5.68836629e-02  5.16140521e-01  2.26314127e-01
  -2.94839591e-01 -4.51378673e-01  3.55959564e-01  3.69285941e-02
  -1.21949520e-02  1.81360453e-01 -4.82567251e-02 -4.01361197e-01
   1.95382893e-01]
 [ 3.98891777e-01 -1.54155731e-01 -2.55100802e-02 -3.05240512e-01
   4.48598638e-02  1.61266908e-01 -1.59274533e-01  2.08614469e-01
  -3.22330371e-02  3.00583214e-01  1.16431721e-01  3.36737670e-02
  -4.05325480e-02]
 [ 3.35480809e-01 -4.25793439e-01  3.66761774e-01  1.17769644e-01
  -3.80922049e-01 -4.03644800e-01  3.00406963e-01  8.05013031e-02
   2.61245131e-01  1.22976348e-01  2.96871722e-01 -1.74309254e-01
  -2.17070114e-02]
 [-3.10827136e-01  3.70775342e-01 -1.39282212e-01 -3.59315336e-01
   2.11255178e-01  2.28982925e-01 -1.14824302e-01  1.30743654e-02
  -2.22281963e-01  8.90719891e-02  1.90950349e-01  1.87818095e-01
   3.71391147e-01]
 [ 4.11579192e-01 -1.30603090e-01 -4.99433540e-02 -4.67525236e-02
  -7.71586969e-02  3.53967220e-01  4.61698145e-01  3.34793895e-01
  -1.45348206e-01  2.03538891e-02  1.80636436e-01 -2.18910441e-01
   4.78774935e-01]
 [-3.60045642e-01 -1.64959893e-01  6.97014332e-01  1.00089917e-02
   5.70404567e-02 -2.19180614e-01  6.14982426e-01 -6.68690875e-02
   3.64505261e-01 -5.08508801e-01  1.56219423e-01  2.19354883e-01
  -4.46163956e-03]
 [ 2.94994742e-01  3.40037078e-01 -3.75971317e-01 -5.37008196e-02
  -1.26409873e-01  1.01932026e-01  5.45847595e-01 -2.20022410e-01
  -1.37695879e-01 -1.69607654e-01  4.04457480e-01  2.49450281e-01
   1.45709857e-01]
 [-8.16821396e-01 -1.42355293e-01  1.79798341e+00 -5.46596982e-02
   1.69981077e-01 -2.19996393e-01 -1.58860087e+00  5.39668500e-02
   4.66300100e-01 -2.30468333e-01 -1.03984785e+00  1.84631497e-01
  -8.48918617e-01]]
Peso 2:
[ 0.4320254   0.02513666 -0.13464774 -0.15460287 -0.11276001 -0.11144877
  0.70666265 -0.14234883 -0.00191681 -0.04446342  0.35967916 -0.02564091
  0.45395833]
Camada: saida
Peso 1:
[[-1.0084839   0.55958843]
 [ 0.08531433  0.4413915 ]
 [ 1.3967862  -1.3059791 ]
 [ 0.5034984  -0.42536664]
 [-0.1413762   0.13276644]
 [ 0.593358   -0.4850802 ]
 [-1.51653     1.1438012 ]
 [-0.42564905  0.36644262]
 [ 0.01902304 -0.768561  ]
 [-0.40408894  0.50314933]
 [-1.0966761   0.44577456]
 [ 0.33224192 -0.05846831]
 [-0.60181105  0.9391946 ]]
Peso 2:
[-0.04454836  0.04454842]



pesos modelo: 
Test loss: 0.3661, Test accuracy: 0.8409
Camada: meio
Peso 1:
[[-7.43164122e-02  1.03340328e-01  2.83309340e-01 -1.50888681e-01
  -1.41622633e-01  1.01278245e-01  3.60195160e-01 -1.15901589e-01
  -3.04576874e-01  2.76252508e-01  2.36608446e-01 -1.32897258e-01
  -5.58987260e-02]
 [ 1.98253512e-01  4.28535640e-01  2.30622590e-02 -3.89739603e-01
  -3.57828319e-01 -2.77451277e-01 -4.16614532e-01 -2.42473602e-01
   7.24987984e-02 -2.78351426e-01  4.27234471e-01 -2.70991564e-01
   8.08383822e-02]
 [-7.80913234e-03  2.98113108e-01 -4.28091854e-01 -2.81945586e-01
  -2.67325103e-01 -1.41444892e-01  3.35578859e-01 -2.07924858e-01
  -4.40377831e-01  1.77057385e-01  3.99703324e-01  2.18862891e-01
  -3.75757575e-01]
 [-4.55000877e-01  3.60184073e-01  3.03487806e-03 -2.94244945e-01
  -1.99861944e-01 -1.47673294e-01 -2.54077017e-01 -3.52854431e-01
  -2.13278189e-01  2.12421089e-01  3.47518235e-01  2.62064964e-01
   3.75454836e-02]
 [-4.46229577e-01  2.20149606e-01 -2.46495485e-01 -3.37020546e-01
   1.82739049e-01  5.42157255e-02  2.20403597e-01 -3.94542962e-01
  -6.66014403e-02 -1.80635646e-01 -1.11820526e-01  1.59119532e-01
   2.82408774e-01]
 [ 1.79843411e-01 -2.59012043e-01  3.93143237e-01 -2.48423070e-01
  -3.37097466e-01 -3.73746827e-02  2.55505741e-01  4.05260444e-01
   2.91645497e-01  1.51443779e-01  3.28998834e-01 -9.59277377e-02
   4.05401975e-01]
 [-1.27567634e-01  1.72762111e-01  4.65299457e-01 -2.60726035e-01
   1.54861018e-01  8.88900608e-02 -1.31175458e-01 -3.53261121e-02
   2.40593273e-02 -7.29744881e-02 -3.41615736e-01  9.99265760e-02
   2.56364584e-01]
 [ 3.64886492e-01  7.62204975e-02  2.95890599e-01  9.38573927e-02
   3.36451828e-01 -1.20857872e-01 -2.98714370e-01 -1.01832151e-01
   2.70211548e-01  3.20805877e-01  2.67726094e-01  2.52650648e-01
  -2.24933296e-01]
 [-9.09155905e-02  2.78020680e-01 -1.26248688e-01  3.36433947e-03
   3.78702953e-02 -1.97830498e-02 -4.06177729e-01  1.33924931e-01
   4.56747890e-01  2.50821561e-01 -3.50238919e-01  5.37530705e-02
  -4.52298224e-02]
 [-4.19292301e-02  3.32034469e-01  4.36744481e-01  6.44305944e-02
  -1.08256660e-01 -4.59872633e-02 -4.02986020e-01  9.70852003e-02
  -1.31026879e-01  1.43802449e-01 -6.93885162e-02  5.64375557e-02
  -4.27004158e-01]
 [ 1.93324074e-01  2.53986716e-01 -1.27480343e-01 -4.13845628e-01
  -3.10286190e-02  2.12713256e-01  2.58706838e-01 -1.74488664e-01
  -3.87961860e-04 -6.82035089e-02 -2.56478757e-01  4.58129868e-02
  -2.43693329e-02]
 [-2.31964782e-01  2.61358917e-01  2.02055886e-01  1.98653229e-02
   3.20203602e-01  2.10726652e-02 -1.33988321e-01 -9.07906294e-02
  -7.31799155e-02 -7.78714120e-02  2.61184573e-01 -1.48362845e-01
  -8.29211101e-02]
 [ 3.24875683e-01  1.11187147e-02 -1.71000939e-02  1.99050933e-01
   3.51514131e-01  2.29804426e-01  3.20995718e-01 -3.70616794e-01
   5.61585844e-01  1.07982501e-01 -3.81237954e-01  1.80029795e-01
   2.06393659e-01]
 [ 4.38692495e-02  3.87696832e-01  4.57899511e-01  6.87632039e-02
  -2.34261945e-01 -4.45381068e-02  1.32164419e-01  2.41957814e-01
   2.81899333e-01 -3.71057987e-01 -3.27212840e-01  3.86734605e-02
  -1.40622765e-01]
 [ 3.52216847e-02  2.70183124e-02 -1.30269751e-01 -1.31413236e-01
   2.10091591e-01  4.68888253e-01 -8.20275694e-02 -3.13185692e-01
   2.15757295e-01  5.90387046e-01  2.37739488e-01  4.06147838e-01
  -1.00777484e-01]
 [-7.89746717e-02  5.66191554e-01  2.16383979e-01  2.05249012e-01
  -1.94938257e-01 -3.29070657e-01  8.03938694e-03  1.18735489e-02
   7.62767255e-01 -3.67465317e-01  1.92181379e-01  5.92844307e-01
   2.67580897e-01]
 [ 3.12438935e-01 -9.27521944e-01 -5.66455305e-01 -3.55126262e-01
   6.43591344e-01  6.90533519e-01  1.10143661e-01  2.79751211e-01
  -8.42783153e-01  2.00933480e+00 -4.36538458e-01 -9.76143062e-01
   2.92870283e-01]]
Peso 2:
[-0.04974947  0.42294735  0.31542933 -0.09411235 -0.0439779  -0.05694167
 -0.00249692 -0.00365752  0.6112469  -0.20004083  0.22307833  0.410871
 -0.01156644]
Camada: saida
Peso 1:
[[-0.17653504 -0.1659876 ]
 [-0.63287485  1.0256946 ]
 [-1.0076066   0.02362378]
 [ 0.40390432 -0.40426213]
 [ 0.16885932 -0.7929899 ]
 [ 0.81201905 -0.33905485]
 [ 0.06364031  0.34673986]
 [-0.08170841  0.2268792 ]
 [-1.0645183   1.0011672 ]
 [ 1.4574348  -1.5299953 ]
 [-0.41373977  0.5361292 ]
 [-0.62011945  1.0167152 ]
 [ 0.01380018 -0.33847672]]
Peso 2:
[-0.32480955  0.32481003]



pesos modelo: 
Test loss: 0.1684, Test accuracy: 0.9308
Camada: meio
Peso 1:
[[ 3.57278228e-01  3.40713561e-01 -3.39260936e-01 -5.49940169e-02
   2.66163349e-01  3.02829325e-01 -7.83423185e-02 -3.44586372e-01
  -1.51866674e-02 -1.45250291e-01  3.18184555e-01 -4.08923417e-01
  -4.02738690e-01]
 [-8.30191672e-02  2.07891285e-01 -3.58208865e-01  1.13010406e-03
  -1.95825487e-01  1.14949882e-01 -3.59293967e-01  1.65180326e-01
   2.50476718e-01  3.90780151e-01  1.91712081e-02 -1.05032980e-01
  -4.39410836e-01]
 [-6.03046417e-02 -1.52604580e-01 -1.43408686e-01 -3.66558582e-01
  -3.95865798e-01 -9.90670621e-02 -5.66048920e-02  7.05758333e-02
  -1.23788059e-01 -1.69227809e-01 -3.33567202e-01  2.05605865e-01
   3.78831029e-01]
 [ 1.02999762e-01 -5.16953059e-02 -3.37651581e-01 -9.25054029e-02
   1.45873234e-01 -3.37183118e-01  1.53321490e-01 -9.33812931e-02
  -1.07384443e-01  3.91190350e-02 -5.76444119e-02 -4.29078758e-01
   2.89552689e-01]
 [-2.43152216e-01  2.82428443e-01  1.76373664e-02  2.26356238e-01
   3.28886658e-01 -3.40489268e-01 -5.29547632e-02 -1.49104819e-01
  -3.21866870e-01 -5.72850555e-02  1.27982378e-01  3.30030010e-03
  -7.43015530e-03]
 [-2.82054961e-01 -1.22177951e-01  1.50441930e-01 -2.14085132e-01
  -3.52193475e-01 -2.30408728e-01  3.74392867e-01  1.05676927e-01
   1.05347307e-02  2.39218369e-01  3.75147998e-01 -3.45884740e-01
   1.64691642e-01]
 [ 1.97346002e-01 -1.46172643e-01 -2.68557537e-02 -1.82356387e-01
  -2.39453405e-01  1.24531120e-01  1.49346307e-01  4.55425270e-02
   2.28492826e-01 -3.38461762e-03  1.41171524e-02 -1.64001584e-01
   2.00730130e-01]
 [ 3.12267661e-01  2.87713259e-01 -3.09863210e-01  2.36444205e-01
  -3.20450872e-01 -1.17517188e-01  4.35425937e-01 -2.62939543e-01
  -7.00141937e-02  1.34775147e-01 -3.94275099e-01 -2.07972541e-01
   3.97556454e-01]
 [-1.63899269e-02 -3.45309496e-01  1.27325431e-01 -2.20239118e-01
   1.13615252e-01 -2.22756535e-01 -1.21516876e-01  6.10223636e-02
  -3.77919823e-01  1.58201884e-02 -2.84951925e-01 -2.08156794e-01
   4.13716048e-01]
 [-6.41768202e-02 -3.07988077e-01 -1.86440319e-01  1.02294371e-01
   3.14788282e-01 -5.65895177e-02  2.26504337e-02  3.33268911e-01
   2.27903575e-01 -3.21653336e-02 -3.48993428e-02 -2.14683354e-01
   7.74629116e-02]
 [-6.01482205e-02 -2.44721666e-01 -2.37083122e-01  4.57330309e-02
  -4.18805808e-01 -3.73303473e-01  4.76057947e-01 -8.67263973e-02
  -3.55838090e-01  8.26489776e-02 -3.91954154e-01  1.51081458e-01
  -1.06040835e-01]
 [ 1.32557020e-01 -3.28173786e-02 -2.06580997e-01 -4.44988400e-01
  -1.92620307e-02  1.40612070e-02  4.38858718e-01  4.07569230e-01
   2.15302736e-01  3.37229311e-01 -1.12002574e-01 -9.73124206e-02
   5.07965863e-01]
 [ 2.43560627e-01 -1.64703012e-01  9.52493474e-02  3.56198400e-01
  -4.25570756e-01  3.06430191e-01  2.57815689e-01 -2.13981733e-01
  -3.71387079e-02  7.12445658e-03  2.20616162e-01  1.67293608e-01
   1.68963060e-01]
 [-4.30042595e-01 -2.44489640e-01 -4.40625727e-01 -4.23111707e-01
  -1.82144672e-01  9.07602385e-02  5.22275388e-01  3.10496567e-03
   9.16216075e-02 -4.56316650e-01 -1.18773922e-01 -3.87743153e-02
   1.87859699e-01]
 [ 2.99227536e-01 -3.59558053e-02 -2.00667828e-01 -1.33131802e-01
  -4.21046168e-01 -2.67415673e-01  8.95802975e-02  5.29421903e-02
  -5.68738207e-02  3.07624012e-01  3.20640147e-01 -1.87037662e-01
   7.25350752e-02]
 [-4.32089031e-01 -7.58933797e-02 -1.77630261e-01  4.55766134e-02
   2.01823220e-01 -2.48510286e-01  4.50854838e-01 -3.47454637e-01
  -8.05512816e-02 -6.07605636e-01  1.09075397e-01 -4.36503857e-01
   5.50441742e-01]
 [ 1.01168525e+00  1.37331590e-01 -3.64267141e-01  2.83152964e-02
  -4.30565715e-01  4.08068389e-01 -7.91225195e-01 -5.19131720e-02
   1.51899964e-01  2.50456715e+00 -4.06878352e-01  1.33775413e-01
  -6.69549108e-01]]
Peso 2:
[-0.03418241 -0.00491317 -0.03201828 -0.01149117 -0.06484137  0.00974937
  0.67256486 -0.02754132  0.00147979 -0.2635317   0.0415126  -0.00336895
  0.57172346]
Camada: saida
Peso 1:
[[ 0.14696547 -1.2034502 ]
 [ 0.06371614  0.24854082]
 [ 0.51750296 -0.47947815]
 [ 0.31565097  0.30700365]
 [ 0.3815328   0.18077682]
 [ 0.46312478  0.2694018 ]
 [-0.83451     1.0553757 ]
 [-0.53764147 -0.16306388]
 [ 0.01944343  0.24022941]
 [ 1.7464145  -1.9536577 ]
 [-0.33974218 -0.07087057]
 [-0.5082665   0.5534336 ]
 [-0.84841394  0.8382495 ]]
Peso 2:
[-0.6840564  0.6840564]



pesos modelo: 
Test loss: 0.0849, Test accuracy: 0.9644
Camada: meio
Peso 1:
[[-1.69912755e-01 -2.89458096e-01  2.47606158e-01 -3.72189939e-01
  -1.38474643e-01 -4.22642618e-01  1.62058711e-01 -4.26797211e-01
  -3.42989564e-01  1.01192713e-01 -3.92822027e-02 -1.79446757e-01
  -8.04370642e-02]
 [ 6.38659596e-02 -3.80430222e-02  1.68520212e-02 -1.98488206e-01
  -1.65230125e-01 -1.43357813e-01 -4.02775139e-01  8.67513418e-02
  -4.19034034e-01  1.83543563e-03  2.55345881e-01 -1.83844894e-01
   2.86151171e-02]
 [ 4.30068076e-02  3.26281250e-01 -3.34878981e-01 -3.18162680e-01
  -3.49041551e-01  1.86429858e-01  2.51605511e-01 -4.35365111e-01
   3.13660204e-02 -3.04363847e-01 -9.61911976e-02  6.36239648e-02
   2.98674166e-01]
 [ 3.24378103e-01  5.65774785e-03 -1.18620329e-01 -2.53222495e-01
   2.26800099e-01 -4.26028967e-01  5.06342053e-02 -1.00560732e-01
   9.63079333e-02  4.03302193e-01 -1.66206747e-01 -2.09885240e-02
  -2.29461506e-01]
 [-1.22012369e-01  3.52421343e-01  2.42804870e-01 -3.50059807e-01
   2.51828909e-01 -1.26816735e-01  2.74163634e-01  3.26465100e-01
   3.82089913e-01  3.18752706e-01 -2.56308287e-01 -7.45014697e-02
   1.30841434e-01]
 [ 1.81579396e-01  1.12392262e-01 -2.23222398e-03 -3.69395018e-01
  -1.99176058e-01 -1.46587327e-01  3.14612418e-01  3.83536238e-03
   4.63794291e-01  1.68627307e-01 -3.47613037e-01  3.15249026e-01
  -3.40858668e-01]
 [-5.13057671e-02 -1.53028651e-03  1.45042464e-01 -3.29502404e-01
  -9.38600488e-03 -2.51583308e-01 -1.72924593e-01  3.55646968e-01
   2.33424157e-01 -2.86320895e-01  2.15762407e-01 -1.75675228e-01
   1.03646152e-01]
 [-4.23861086e-01  2.36915365e-01  1.72879267e-02  3.82352382e-01
   4.23231512e-01  1.92011327e-01 -3.51438314e-01 -1.48859635e-01
   1.36986896e-01 -1.22027369e-02 -3.02600384e-01  2.42717683e-01
   4.55983281e-01]
 [ 3.22991282e-01  3.59322011e-01  2.60480791e-01 -3.35560203e-01
   4.32750702e-01  4.40581381e-01  1.43446550e-01  3.78086865e-01
   3.81281018e-01 -3.73781741e-01  3.99853945e-01  5.23610003e-02
   3.04561317e-01]
 [-4.16235805e-01  7.18033463e-02  5.10936640e-02 -2.43575126e-01
  -2.44288757e-01  3.30232203e-01  2.27209911e-01 -2.33026281e-01
   1.32283613e-01 -2.16009468e-01  2.81460524e-01 -3.75702143e-01
  -1.35913000e-01]
 [-3.17510128e-01 -3.69965196e-01  1.68660924e-01 -1.81727096e-01
  -2.70866811e-01 -3.14085871e-01  2.51012713e-01  2.49928921e-01
   2.18363121e-01 -2.19088987e-01 -1.08119145e-01  3.93654495e-01
   1.14257082e-01]
 [-3.09847333e-02 -1.23229511e-01  2.20060244e-01 -2.82822475e-02
  -3.48508775e-01  1.58721164e-01  2.53722370e-01 -3.96341532e-01
   4.26477522e-01  2.30782896e-01  3.31540853e-01 -2.31127694e-01
  -1.37029961e-01]
 [-3.30371231e-01  6.48987740e-02  3.66607681e-02  8.60030875e-02
   3.00401717e-01 -3.53538722e-01  1.77662313e-01  3.43225062e-01
   2.23834530e-01 -4.27863568e-01 -7.99121931e-02  5.38643658e-01
   4.09841061e-01]
 [ 9.56708789e-02 -4.94518101e-01 -5.37751257e-01 -3.81142199e-01
   2.28409097e-01 -4.38502818e-01 -7.67192096e-02  2.81670362e-01
   3.02671731e-01 -1.99590862e-01 -5.53282499e-02 -9.95288789e-02
   7.72317871e-02]
 [ 2.70856231e-01  4.66445297e-01  3.39867860e-01 -3.81461859e-01
   4.72362936e-01 -3.02004635e-01 -1.11121312e-01 -3.41075629e-01
   3.88379171e-02  2.48603895e-01  1.77240655e-01  6.24990053e-02
   1.91784352e-01]
 [-3.01465303e-01 -4.71300542e-01 -1.29226491e-01 -4.44324940e-01
  -3.14935565e-01 -2.41360009e-01  3.77739251e-01  5.23931444e-01
   8.33857238e-01  1.45181879e-01 -3.48779649e-01  7.54549121e-03
   2.63944805e-01]
 [ 3.03518146e-01  8.48649800e-01  2.06711960e+00 -2.62580097e-01
  -7.36320913e-01 -9.98681597e-03 -2.37088408e-02  2.61048153e-02
  -1.56442857e+00 -1.17768506e-02 -2.62629598e-01  7.47693300e-01
  -4.80648190e-01]]
Peso 2:
[-0.07078391 -0.10193168 -0.31046328 -0.01494732  0.28933334  0.05024324
  0.04514342  0.06805756  0.7757749   0.0156232   0.07815994  0.03191297
  0.21718034]
Camada: saida
Peso 1:
[[ 0.40730926 -0.52765524]
 [ 1.0106213  -0.3796384 ]
 [ 1.3583779  -1.6008064 ]
 [ 0.16825143 -0.6104885 ]
 [-0.9365872   0.1034138 ]
 [-0.62357    -0.26897794]
 [-0.20397562  0.04992153]
 [-0.5915988  -0.16696982]
 [-1.7209278   1.0691246 ]
 [ 0.4700326   0.63290405]
 [-0.51619226 -0.04756754]
 [ 0.40549996 -0.54835373]
 [-0.6299621   0.1307911 ]]
Peso 2:
[-0.40481398  0.4048145 ]



pesos modelo: 
Test loss: 0.2413, Test accuracy: 0.8885
Camada: meio
Peso 1:
[[-4.40278023e-01  4.03046727e-01  3.03605497e-02 -2.22782061e-01
   9.76139903e-02 -1.00937545e-01 -2.24967003e-02 -3.70737076e-01
  -7.88378119e-02  3.41990292e-02  3.24240386e-01 -3.10278177e-01
  -4.10923660e-02]
 [-4.04665768e-02  2.62415290e-01  2.92261660e-01  7.94824362e-02
   3.89099240e-01 -2.80295908e-01 -4.18799043e-01 -2.11515412e-01
   2.67541349e-01 -3.20145905e-01 -1.28915906e-02 -7.01057315e-02
  -2.95817703e-01]
 [-9.81762111e-02  9.09160972e-02 -1.35623217e-01 -2.38058612e-01
  -3.73896897e-01  6.90734982e-02 -3.90480757e-01  3.54608834e-01
  -2.96449780e-01  2.96686351e-01 -1.95023239e-01  1.09179914e-02
  -2.93816328e-02]
 [ 3.95304024e-01 -1.31373242e-01  2.12295756e-01  3.46437305e-01
  -3.29913706e-01  4.13192093e-01  2.83371452e-02 -7.20436722e-02
   3.45829338e-01  1.86312631e-01 -7.25546926e-02 -8.83016735e-02
   2.21625134e-01]
 [ 9.24713095e-04  9.81653482e-02  1.45357162e-01  2.22622156e-01
  -4.12495494e-01 -2.56002098e-01 -1.53255761e-01  1.84714161e-02
   1.96867883e-01  3.81297380e-01  5.30762970e-01  8.40774328e-02
  -1.93807989e-01]
 [ 8.34142491e-02 -2.21144244e-01  2.25036100e-01 -3.95191044e-01
  -3.84129822e-01 -1.37637228e-01 -2.06749991e-01 -1.62731912e-02
   5.98244667e-01  2.20759138e-01  3.36177722e-02  2.05446668e-02
   3.69225830e-01]
 [-1.63125202e-01 -4.17332202e-02 -2.90588260e-01  4.01380420e-01
  -4.80331033e-02  2.12852716e-01  2.05244180e-02  2.21213058e-01
  -1.32183939e-01  1.51025295e-01  4.24187154e-01  1.38916656e-01
  -1.12241529e-01]
 [-3.47714126e-01 -2.67247021e-01 -2.35440075e-01 -1.06452435e-01
   2.80353010e-01 -5.99577418e-03 -2.32455254e-01 -2.94993609e-01
   1.02559499e-01  3.82875592e-01  4.12469298e-01  4.26610522e-02
   1.51106372e-01]
 [-3.82193774e-01 -3.37829173e-01 -2.43769944e-01  4.08812165e-01
   2.06188291e-01 -1.97367862e-01  2.05264091e-01 -4.38526601e-01
  -2.25410953e-01 -2.51895785e-01  2.35362910e-02 -1.30583972e-01
  -3.10805351e-01]
 [-4.07535732e-02 -1.35391578e-01 -3.76499370e-02  1.16688617e-01
   5.98521642e-02  1.44956708e-01  2.71537513e-01 -3.51778030e-01
   6.60459772e-02 -2.74557948e-01  4.55141179e-02  1.44316405e-01
   1.45727426e-01]
 [-1.67528149e-02 -4.05687630e-01 -1.25864461e-01  3.19198310e-01
  -1.31004423e-01 -1.39154106e-01 -2.63797879e-01  1.30357355e-01
   2.69994698e-02  3.15558851e-01  4.85572040e-01  1.16216615e-01
  -7.56730605e-03]
 [ 2.66448073e-02  7.53530413e-02  3.87458175e-01  1.52730405e-01
   3.21241468e-01  3.74137431e-01  9.65395570e-03 -3.12880456e-01
   1.85045898e-01 -4.08874266e-03  3.12304705e-01  1.70411184e-01
  -3.61079544e-01]
 [-3.31320941e-01 -8.96221101e-02  3.36178243e-01  2.35415727e-01
  -1.70153946e-01  2.98975129e-02  3.67453516e-01 -2.10286185e-01
   1.52233243e-01 -2.49665767e-01  3.18848491e-01  3.11199456e-01
  -1.78329125e-01]
 [-2.54949898e-01  2.28701189e-01  4.10653464e-02 -2.10603878e-01
   2.66617358e-01  4.49184686e-01  7.17818588e-02  1.48120774e-02
   3.30282450e-01 -1.39699817e-01  4.23439384e-01 -5.23065150e-01
   4.99069035e-01]
 [-2.65174121e-01  1.29793316e-01 -3.91683131e-01  2.70069599e-01
   1.61868855e-01  1.97566122e-01  2.39348821e-02 -2.53063679e-01
  -2.60546982e-01  3.65693420e-01  2.97089458e-01  5.26518762e-01
   2.85007417e-01]
 [-1.90998405e-01  7.91206136e-02 -4.14558917e-01 -2.46312514e-01
   3.42093140e-01  5.08640818e-02  1.80163488e-01 -2.31592357e-02
   2.36940354e-01 -6.55486807e-02  8.81119013e-01 -3.55430007e-01
   8.74757767e-03]
 [-7.51882121e-02 -1.71513289e-01  2.48247743e-01 -1.16469609e-02
  -2.10311547e-01 -4.77863222e-01 -1.34173781e-01 -3.43160808e-01
  -3.00706148e-01  1.45122862e+00 -1.56424975e+00  1.87689042e+00
  -2.40375355e-01]]
Peso 2:
[-0.0462677  -0.11950043  0.01358876  0.03944437 -0.05128254  0.2428064
  0.00882837 -0.020824    0.30200025 -0.12383841  0.74234897 -0.24050899
  0.25057897]
Camada: saida
Peso 1:
[[ 0.19300416 -0.25864854]
 [ 0.577873   -0.23856105]
 [ 0.08339934 -0.09860083]
 [ 0.1588931   0.29208398]
 [-0.22692193 -0.1480392 ]
 [-0.44316745  0.30108997]
 [-0.08794582  0.14673986]
 [ 0.02867268 -0.5513495 ]
 [-0.37097615  0.6111924 ]
 [ 0.7346168  -1.1515362 ]
 [-1.5934416   1.0782844 ]
 [ 1.5560338  -1.3430248 ]
 [-0.68450314  0.29151428]]
Peso 2:
[-0.42166382  0.42166352]



pesos modelo: 
Test loss: 0.5018, Test accuracy: 0.7981
Camada: meio
Peso 1:
[[ 3.01246047e-02 -9.40327048e-02 -2.06150115e-02 -2.55434692e-01
  -3.24888438e-01 -3.57422501e-01 -2.81884193e-01  3.36489379e-02
  -2.49408737e-01  2.48545408e-01 -3.28765512e-02  1.25744283e-01
   2.74228454e-01]
 [ 1.58050597e-01  5.50495386e-02  3.22345018e-01 -3.11772496e-01
   6.75677657e-02  3.11576724e-01 -3.99840742e-01  3.14857125e-01
  -2.22537220e-02  3.28467488e-01 -1.95875764e-02  2.89919555e-01
   2.86167502e-01]
 [-5.15181720e-02 -5.90650141e-02  4.80821133e-02  2.87995994e-01
  -5.33802509e-02  9.45554972e-02  3.12657058e-01 -2.00524926e-01
   4.43208814e-01  1.81981623e-02 -3.89767230e-01  4.21339571e-01
   3.33412468e-01]
 [-4.09488320e-01 -2.55069375e-01  4.35208470e-01  8.69610682e-02
  -4.21889089e-02  2.45652065e-01  3.56491983e-01  1.20316029e-01
  -1.74108118e-01 -3.19469154e-01 -1.76955257e-02  2.03387693e-01
   2.58443922e-01]
 [-2.78093338e-01 -3.92591208e-01  1.82146117e-01 -6.07557781e-02
  -4.57382500e-02  3.59244853e-01 -2.28588268e-01  2.46883780e-01
   4.97077376e-01  3.38856816e-01 -2.75998592e-01 -2.85110176e-01
  -8.83026868e-02]
 [-2.62088180e-01 -1.22844145e-01  2.38950867e-02  2.73358822e-01
   2.95410097e-01 -1.69520512e-01  2.99070150e-01 -3.09228003e-01
   4.11969870e-02  3.08519274e-01 -2.86534876e-01  4.68964010e-01
   1.23869665e-01]
 [-3.00695337e-02 -1.84205264e-01  3.63899499e-01  2.48734176e-01
  -1.48424193e-01  4.69155833e-02  1.73905894e-01 -3.64349335e-01
   3.36854368e-01  4.65580434e-01  2.96039581e-01 -6.19592443e-02
   2.69992724e-02]
 [-6.07232898e-02  7.53580481e-02 -3.09879363e-01 -3.94058079e-02
   1.10245779e-01 -3.18150342e-01 -1.76372379e-01 -2.54226655e-01
   1.34580001e-01  2.64145106e-01  3.40933919e-01  2.14239433e-01
   2.17361420e-01]
 [ 2.91573614e-01 -8.39551911e-02 -3.47251743e-01  6.46716058e-02
  -4.07452509e-02  3.22075665e-01  2.79406458e-01 -4.47193027e-01
  -1.79772019e-01  1.05990723e-01 -1.71874821e-01  4.59311485e-01
   4.11237478e-01]
 [-3.07134241e-01  2.19198316e-01 -2.05529764e-01  7.13012293e-02
   2.20200330e-01 -3.79743963e-01  1.53341144e-01 -4.45675015e-01
   1.47670880e-01 -2.84991205e-01  2.52650291e-01  2.78922468e-01
   2.10237220e-01]
 [ 4.58725482e-01  1.39240995e-01  4.83475327e-01  3.19389403e-01
   4.75040466e-01  6.76271319e-02  3.35738480e-01  8.25860649e-02
   9.13430229e-02 -2.20697179e-01  4.48778458e-03 -2.09172413e-01
  -2.18916237e-02]
 [ 1.86759114e-01  2.60112107e-01 -4.68110479e-02  3.05707663e-01
   3.50286961e-02  1.03960268e-01  3.02966028e-01  1.43491969e-01
   3.23711365e-01  1.04590915e-01 -3.62516522e-01 -9.47097167e-02
   1.81708723e-01]
 [-2.26568937e-01 -9.34890211e-02 -1.70533553e-01  8.62708315e-02
   2.13227287e-01 -7.74576562e-03 -2.60864109e-01 -5.85461818e-02
  -2.85115033e-01  1.82919875e-01  1.34118721e-01  3.44437957e-01
   4.65403199e-01]
 [ 2.30110377e-01  5.75245976e-01  2.44423062e-01 -1.58310905e-01
   4.87510979e-01  2.68714935e-01 -1.16931619e-02 -2.28350505e-01
  -4.51073684e-02  9.44951642e-03  2.13958876e-04 -1.31703451e-01
   4.29902434e-01]
 [-2.69978553e-01 -1.01724686e-02  3.11298400e-01  6.95251703e-01
   1.97054088e-01 -2.82965779e-01  1.93578392e-01 -3.63753259e-01
  -2.49975801e-01  1.65622160e-01 -3.29927325e-01  2.16703311e-01
  -4.52418020e-03]
 [ 3.26751918e-01  1.57551259e-01  1.73237756e-01 -5.66090465e-01
   1.28136024e-01  2.40224913e-01  5.57707965e-01 -3.02499145e-01
   5.90381861e-01  5.40459335e-01 -4.59565639e-01  1.30437806e-01
   5.71570337e-01]
 [-2.73540944e-01 -2.03073546e-02 -5.27393222e-01  2.00359750e+00
  -7.89353728e-01 -9.19671431e-02 -8.66579115e-01 -2.00004771e-01
  -4.28395212e-01 -7.45943248e-01 -3.23747426e-01  1.75256029e-01
  -1.45452416e+00]]
Peso 2:
[ 2.3761066e-02  1.8877950e-01  2.5683850e-01 -7.7312239e-02
  3.0188420e-01 -1.6569287e-01  3.5949305e-01 -2.9297956e-04
  2.8294399e-01  3.3936724e-01 -1.2444283e-01 -1.2906602e-02
  8.1643188e-01]
Camada: saida
Peso 1:
[[-0.5854073  -0.412981  ]
 [-0.18928002  0.56081206]
 [-0.7709668   0.1791388 ]
 [ 1.5070417  -1.4151576 ]
 [-0.12021265  1.1242367 ]
 [ 0.30382475  0.22361746]
 [-0.60942155  0.6990841 ]
 [-0.13194197 -0.13456142]
 [-0.28143767  0.7236183 ]
 [-0.5854159   0.66896343]
 [ 0.05165293 -0.30351654]
 [ 0.6674316   0.10719378]
 [-1.3176397   1.2596577 ]]
Peso 2:
[-0.06296339  0.06296369]



pesos modelo: 
Test loss: 0.5506, Test accuracy: 0.8086
Camada: meio
Peso 1:
[[-6.09868765e-03  1.85999990e-01 -1.95561796e-01  3.18241060e-01
   1.40099287e-01 -3.96627843e-01 -1.93844736e-01  3.24915171e-01
   9.36855078e-02 -6.84282184e-03 -2.03745514e-01 -1.79775894e-01
  -1.29572392e-01]
 [-3.19484711e-01  1.86463356e-01  3.51409793e-01  2.73966730e-01
   2.74225354e-01  3.43687117e-01 -3.54408562e-01 -4.44534779e-01
   3.24064434e-01 -5.74345291e-02 -2.09235042e-01  2.50780880e-01
  -3.96733731e-01]
 [ 3.83263290e-01 -3.69581372e-01 -1.94534272e-01 -2.97240824e-01
   4.32926297e-01  4.13278162e-01 -2.80412257e-01 -4.20122772e-01
  -3.70902896e-01 -5.34385443e-04  3.36639225e-01  4.09788370e-01
   1.66960955e-01]
 [ 2.27284744e-01  3.67502153e-01  3.28161381e-02  1.09597117e-01
   5.65920398e-02 -3.60177070e-01  4.08610366e-02  5.39178140e-02
   1.07813716e-01 -3.70951980e-01  1.04549348e-01 -2.22434461e-01
   5.36828190e-02]
 [ 1.65656522e-01  5.54344177e-01  4.09597188e-01  3.12841892e-01
   2.96620339e-01 -1.46592498e-01  2.76840866e-01  1.03215314e-01
   1.39306322e-01  3.24145973e-01 -8.35784748e-02 -4.94170450e-02
   2.36008093e-01]
 [ 5.96610680e-02 -2.94953227e-01  2.71782070e-01  3.48331392e-01
   1.64672434e-01  3.75559717e-01  1.36362165e-01 -1.55531287e-01
   2.39902720e-01  1.22972630e-01 -4.02794361e-01  4.98587964e-03
  -2.11571813e-01]
 [-2.39839002e-01 -1.08891614e-01  9.47579928e-03 -3.09642345e-01
  -3.91981238e-03  1.88757122e-01 -8.79430398e-02 -2.98610002e-01
   1.03901401e-01  6.64082989e-02  5.43446764e-02  4.45012152e-01
   3.47736210e-01]
 [ 1.04923593e-02 -1.96872383e-01  2.20555693e-01 -1.92028210e-01
   2.80020446e-01  1.27093464e-01  6.11588582e-02  4.65175360e-01
  -3.63900661e-01  3.54636610e-01 -2.50591129e-01  4.68072779e-02
   3.67531389e-01]
 [ 1.61708042e-01 -2.53314048e-01  1.62313521e-01 -3.31089646e-01
   5.19193769e-01 -3.98710907e-01  2.12315932e-01 -3.52355927e-01
   2.25307971e-01 -2.95581013e-01 -3.99266303e-01 -3.20080906e-01
  -3.46225232e-01]
 [-1.18908174e-01 -3.62627417e-01  4.19122666e-01 -1.70180365e-01
  -1.18556596e-01 -1.65633112e-01  2.81450283e-02 -1.72315463e-01
  -4.60686594e-01 -5.52362502e-02 -4.46153194e-01  2.17617527e-01
  -3.72563869e-01]
 [ 3.19649965e-01  1.90875426e-01 -8.86154920e-02 -1.03770964e-01
   3.90288651e-01  1.74291953e-01 -7.72718862e-02  2.42829025e-01
  -5.50634935e-02  2.82856792e-01 -3.90687793e-01 -1.51701234e-02
  -1.93218514e-01]
 [-2.46528313e-01 -3.01007330e-01 -1.16361566e-01 -2.37945303e-01
   3.50594163e-01  3.74467283e-01 -2.42165625e-02 -3.69926840e-01
  -2.82960355e-01  2.74920166e-01 -2.57112622e-01  3.46559227e-01
   2.16882497e-01]
 [-1.83436088e-02  1.07612222e-01  5.04601419e-01 -1.11953123e-02
  -2.31257722e-01  4.06428248e-01  4.31664437e-02  8.31986889e-02
  -3.76411140e-01  1.58603340e-02 -2.63579398e-01 -2.93744832e-01
  -2.53524512e-01]
 [ 4.36266124e-01  1.64750054e-01  6.55448735e-01 -7.09786117e-02
   2.14755133e-01 -2.87974894e-01 -5.06675184e-01  1.26682371e-01
  -2.45945483e-01  2.24490523e-01  3.16236109e-01 -1.65364459e-01
   3.88097763e-01]
 [-1.66766971e-01 -1.31286860e-01  1.54059753e-01 -7.16239884e-02
   2.49115855e-01 -2.80337542e-01  5.80981791e-01 -3.17961499e-02
  -3.37139755e-01 -1.14775278e-01 -1.33997321e-01 -3.78960580e-01
   1.55016780e-01]
 [-3.04067999e-01  4.77471411e-01  8.37883651e-01 -3.81485611e-01
   3.89487505e-01 -3.19369048e-01 -3.13277006e-01 -7.83166960e-02
   1.87026724e-01 -4.13241774e-01  3.54857683e-01  4.06103171e-02
  -3.42201293e-01]
 [-7.56998882e-02 -1.25534654e-01 -1.30418158e+00 -6.35969117e-02
  -9.68182683e-01 -3.39135081e-01  2.37367558e+00  3.29739094e-01
  -3.45853895e-01  9.01382715e-02 -1.23717457e-01 -3.32654357e-01
  -8.29172507e-03]]
Peso 2:
[ 3.29284742e-02  2.09344536e-01  7.48069942e-01 -1.85842437e-05
  4.26481128e-01  7.48746470e-02 -2.20938250e-01  2.43888814e-02
 -1.62444517e-01 -1.16391264e-01 -7.92502314e-02 -1.64210296e-03
  2.55820733e-02]
Camada: saida
Peso 1:
[[-0.53906125 -0.30580458]
 [-0.04933094  0.68952495]
 [-1.5583488   0.7600365 ]
 [ 0.3738618   0.51855105]
 [-1.0474432   0.7209557 ]
 [-0.41147628  0.29495123]
 [ 1.7826871  -1.6649641 ]
 [ 0.18268524 -0.32470864]
 [ 0.20205724 -0.4858316 ]
 [ 0.37522247 -0.3885772 ]
 [ 0.40856805 -0.5734423 ]
 [ 0.4904939   0.61007524]
 [-0.19321913  0.08307765]]
Peso 2:
[-0.33124444  0.33124447]



pesos modelo: 
Test loss: 0.5089, Test accuracy: 0.8255
Camada: meio
Peso 1:
[[-0.31681103  0.16919231 -0.13468716  0.2563991   0.12050915 -0.06092146
   0.03495574  0.01295033 -0.2690379   0.08724427 -0.38112056  0.2221567
  -0.1717372 ]
 [ 0.34544373  0.20925117 -0.02862686  0.37267828 -0.09678647 -0.39843267
  -0.01829806  0.08594453 -0.44393033  0.09316576 -0.12322539  0.36622196
  -0.3383173 ]
 [ 0.0734095  -0.4304639  -0.2187763   0.35183573  0.18540573  0.09332287
  -0.02038181  0.36481452  0.41451073  0.39112103  0.15904862  0.36278802
  -0.23336855]
 [ 0.15527132  0.3899306   0.01655411  0.18284921 -0.26571348  0.33262205
   0.26382354  0.12981442  0.20221871 -0.22105467  0.38130456  0.3587561
  -0.35698244]
 [-0.17444684 -0.01723714  0.09603286 -0.01831492  0.29820964  0.00666066
   0.30499578 -0.23164311  0.16009662  0.11012384 -0.4385232   0.17999615
   0.2806285 ]
 [ 0.05564229  0.30027997 -0.44090828  0.10981712 -0.02166804  0.25975254
   0.059365   -0.14197981  0.1534974  -0.01709277 -0.18099983 -0.08005666
   0.22265801]
 [-0.02886385 -0.3192616   0.12999749  0.39908236 -0.11708943 -0.17372799
   0.30407956  0.09986598 -0.20989782  0.17215672 -0.26070315 -0.00938101
   0.11888173]
 [-0.35700977 -0.10947603 -0.19772491  0.3304867   0.28951764 -0.17692323
   0.16593342  0.04717917  0.40886652  0.20004895 -0.23940907  0.41175792
  -0.3776244 ]
 [ 0.30967435 -0.26407543 -0.30418012  0.39231157 -0.4206265  -0.03547642
   0.38233453  0.04697787  0.36866352  0.19299604  0.17446843  0.49195558
   0.13830908]
 [ 0.17017646  0.49810556 -0.10317292  0.00681347 -0.07724293  0.44811568
  -0.36703718  0.16553809  0.24429274  0.44267616  0.31305453 -0.2560746
  -0.2247683 ]
 [ 0.1592338  -0.20451173 -0.35401088  0.09207342 -0.39843884  0.27940542
  -0.31286377  0.41491058 -0.07016158  0.23039834  0.11219147  0.16521548
  -0.17692344]
 [ 0.21985781  0.38835272  0.12070347 -0.15201111  0.22983542 -0.14173032
   0.31005135  0.40545475 -0.16429444  0.3690409   0.04914626  0.28816378
  -0.24618997]
 [-0.30385602 -0.29657987 -0.28345838 -0.11612268  0.32284984  0.5067249
   0.40734866  0.26373112 -0.20419998  0.02849633 -0.28954446  0.01996766
   0.07889782]
 [-0.29803398  0.3986075  -0.30553618  0.3962906   0.19928876 -0.19208185
  -0.2995891  -0.2324128  -0.5301765   0.3183794   0.277899    0.39646173
   0.31241778]
 [-0.42413637 -0.14092879 -0.3724059   0.3273421   0.31376973  0.44904125
  -0.15632695  0.24389377  0.5976935  -0.10606423  0.05479823 -0.05370624
  -0.47579643]
 [-0.04544983 -0.06285251  0.27179378  0.58221585  0.28255376 -0.09424929
   0.22875611 -0.1563268  -0.12971     0.5754246  -0.25398266  0.7807257
  -0.17675476]
 [-0.16320494 -0.44596085 -0.35589832 -1.0961378  -0.14581864 -1.1953769
   0.41655245  1.2412102   1.6398456  -0.9092288   0.30694553 -0.8874967
   0.2714781 ]]
Peso 2:
[ 0.04129966  0.3530413  -0.03666137  0.44957754  0.02227503  0.39305744
 -0.02313769 -0.03348017 -0.00141911  0.5080419  -0.0782328   0.5089219
 -0.04007339]
Camada: saida
Peso 1:
[[ 0.2558594   0.500382  ]
 [-0.53963953  0.7154393 ]
 [ 0.22496873 -0.47748291]
 [-1.0133296   0.80683774]
 [ 0.2647719   0.65067595]
 [-1.0431495   0.697674  ]
 [ 0.49155736  0.11775497]
 [ 0.29438844 -1.4751586 ]
 [ 1.596989   -0.75758064]
 [-1.2875223   0.31518564]
 [ 0.38787246  0.2755735 ]
 [-0.83471274  1.0512408 ]
 [ 0.02660743  0.46529907]]
Peso 2:
[ 0.02787667 -0.02787673]



pesos modelo: 
Test loss: 0.1845, Test accuracy: 0.9246
Camada: meio
Peso 1:
[[ 1.28449142e-01  2.47805357e-01 -3.54701579e-01  2.38643348e-01
  -4.16842908e-01  6.14277124e-02 -1.34479463e-01 -3.71078700e-01
   1.60113811e-01  1.73175991e-01 -1.03007019e-01 -2.73449689e-01
   1.29046142e-02]
 [-3.28559875e-02 -4.50718999e-02  1.36479735e-02  1.78129435e-01
   4.28309798e-01  8.07136297e-04  3.94199669e-01 -2.65574336e-01
   3.83198977e-01 -3.09308767e-02  3.40334594e-01  8.18979144e-02
   3.53302479e-01]
 [ 2.61197388e-01 -4.35401499e-02 -2.41465151e-01 -2.17072979e-01
   3.81208301e-01  1.81296170e-02 -3.37972254e-01 -4.40596610e-01
  -3.51793945e-01 -8.09907615e-02 -3.53658885e-01 -3.55948448e-01
   3.55450928e-01]
 [-1.00272074e-02  4.43741113e-01 -1.39883935e-01  1.23793215e-01
   4.61310983e-01 -1.14897229e-01  4.22586560e-01  3.51269156e-01
  -4.06002581e-01  4.75149676e-02  1.92973435e-01  3.55710149e-01
   2.85119742e-01]
 [ 1.71345234e-01  2.29157042e-02  3.47861946e-01 -2.78270364e-01
   1.27890930e-01 -3.17186415e-01 -4.64039892e-01 -2.47066125e-01
  -1.62558686e-02  1.18526176e-01  5.55156827e-01  2.49691814e-01
  -2.97439545e-01]
 [-1.25975087e-01 -3.75022620e-01  1.68435112e-01  1.01635478e-01
   4.85269994e-01  1.76954895e-01 -6.15833467e-03 -1.09908888e-02
   3.01624477e-01  3.14722925e-01  5.02135217e-01  1.07465439e-01
   2.73871928e-01]
 [-1.48789003e-01 -1.94928765e-01  4.15733516e-01 -3.14539671e-01
   2.47655347e-01  1.75876558e-01  3.48671705e-01 -1.27680480e-01
   3.57025802e-01  2.02399671e-01 -2.48472214e-01  2.02452555e-01
   1.62423417e-01]
 [ 2.28399932e-01 -1.47944495e-01  1.23114072e-01  2.60352910e-01
  -3.02969038e-01  2.94698030e-01  3.29005837e-01  5.44478953e-01
  -4.08978820e-01 -2.03841403e-01 -3.63310389e-02  2.14036137e-01
  -4.40995306e-01]
 [-1.33381933e-01  3.39033782e-01 -5.87023422e-02 -2.21611299e-02
  -2.58658320e-01 -3.57383549e-01 -4.11343336e-01  4.09086525e-01
   1.79977193e-01 -1.86570004e-01 -3.19927000e-02  3.24645460e-01
  -1.84156150e-01]
 [ 1.00339882e-01 -4.23414588e-01  3.29742759e-01  2.32179165e-01
   1.02634892e-01  2.63658464e-02 -3.40291291e-01  9.13148820e-02
  -3.00724566e-01  1.04752243e-01 -1.94755152e-01 -7.21416101e-02
   6.28488809e-02]
 [ 7.64815584e-02  3.76543700e-04  1.74193561e-01  1.57841623e-01
  -2.96211958e-01  4.13856477e-01  1.91022605e-01 -8.47913697e-03
   4.50825781e-01 -3.24002318e-02  1.84090197e-01 -3.02451402e-01
  -3.63441318e-01]
 [ 1.77301154e-01 -2.02100918e-01  1.36690438e-01 -4.38288003e-02
   2.16802597e-01 -3.87794822e-01  3.13512951e-01 -9.58490148e-02
   7.59951696e-02 -1.59189135e-01  3.97612602e-01  1.32165760e-01
  -8.91881660e-02]
 [ 2.86055624e-01 -2.98465192e-01 -3.75575982e-02  3.73488963e-02
   2.90247232e-01  3.74059796e-01  2.13854000e-01  4.28030074e-01
   6.61735386e-02 -8.95984769e-02 -3.45781166e-03 -8.94938558e-02
  -3.20624113e-01]
 [-1.35226920e-01 -3.29426140e-01  4.26909715e-01 -9.44779217e-02
   4.04978454e-01  2.53538847e-01  8.70609730e-02  4.63038117e-01
  -1.81529447e-01 -3.00602108e-01  5.19430995e-01 -2.36481681e-01
  -3.48999232e-01]
 [ 2.72556037e-01 -1.97119694e-02  1.74157262e-01  4.36783880e-01
   2.17695743e-01 -3.12489152e-01 -2.05447465e-01  2.76100039e-01
   7.75954425e-02  3.97401899e-01 -2.44216114e-01  2.71417558e-01
  -1.09405026e-01]
 [-5.25609314e-01  9.36533734e-02  6.48828328e-01  1.51661769e-01
  -2.69266933e-01 -4.87135313e-02  2.30399057e-01  5.91640055e-01
  -2.63961017e-01 -2.09167600e-01  3.35523218e-01 -3.98053586e-01
  -2.65665323e-01]
 [ 1.46040976e+00 -6.22722767e-02 -1.09176326e+00  9.42306161e-01
  -6.13455534e-01  1.30151615e-01  3.70610319e-02 -8.56996477e-01
   8.32805708e-02  1.34321320e+00 -4.99888867e-01  1.03813517e+00
  -2.57437766e-01]]
Peso 2:
[-0.0933544   0.01020094  0.6783333  -0.1193709   0.27736175  0.00227094
 -0.04393204  0.5281897  -0.06324647  0.01656797  0.4315179  -0.19819315
 -0.06773911]
Camada: saida
Peso 1:
[[ 0.7015345  -1.2381864 ]
 [-0.05881452  0.31445032]
 [-0.97772884  1.1781027 ]
 [ 0.7149249  -0.43326178]
 [-0.47903284  0.5588715 ]
 [ 0.51630956  0.6262758 ]
 [-0.19377686 -0.16279148]
 [-1.4358414   0.33608764]
 [ 0.11461645 -0.4025729 ]
 [ 0.88125885 -1.1366476 ]
 [-0.9538184   0.21194483]
 [ 0.46111262 -1.0332402 ]
 [ 0.13863708 -0.5570964 ]]
Peso 2:
[-0.47123826  0.47123915]



pesos modelo: 
Test loss: 0.1476, Test accuracy: 0.9268
Camada: meio
Peso 1:
[[ 0.25402886 -0.20003489 -0.3752814   0.05945581  0.14989859  0.29839617
  -0.22745283  0.25563252  0.14172655 -0.16314584 -0.41446018  0.32560784
   0.33904403]
 [ 0.15286976  0.09229708 -0.35231414  0.31144464 -0.30051267 -0.34521258
  -0.34460503  0.220505   -0.2583115  -0.04661879  0.23182237  0.33078176
  -0.03231975]
 [ 0.26877475 -0.08266914 -0.28400302 -0.2394942   0.2671979  -0.00543985
  -0.2889961   0.4357478  -0.12438419  0.22638327 -0.34285885 -0.29953748
  -0.29439673]
 [-0.13342945  0.33796102  0.14126474 -0.3467954   0.25660625 -0.07730471
  -0.26197666 -0.00653293  0.36090773  0.20259301  0.11131451 -0.20694238
   0.02441653]
 [ 0.23655877 -0.09398512  0.26494634  0.26851544  0.12354897 -0.05018839
  -0.3029425   0.2386756  -0.24445416 -0.04796837  0.10728895 -0.15959986
  -0.11969595]
 [-0.04212854  0.34056002 -0.1487827  -0.02448986  0.19416091  0.27916187
   0.26380384  0.38894942 -0.27119657  0.24628311  0.1779506   0.14127783
   0.36577433]
 [-0.34494635  0.11227512  0.2666921  -0.13768484  0.03666694  0.3747141
  -0.23189573  0.24884953 -0.25107414  0.3042065   0.4002708   0.3304465
   0.30217588]
 [ 0.15124232 -0.02251189  0.36887968  0.28925243  0.1484346   0.30975008
   0.27861187  0.11815193  0.31035766  0.20984471  0.11215379 -0.2702875
  -0.08742929]
 [-0.12085798 -0.36990625  0.3476832   0.28024295  0.00268316 -0.22256275
   0.2781943  -0.13168292 -0.2901888  -0.17112212  0.35994288  0.20976539
  -0.09562015]
 [-0.036497    0.07607046  0.04827394  0.2959645   0.26926687  0.24798119
  -0.2280206   0.23031577  0.04586278 -0.11524479  0.0036058  -0.02060833
   0.11637294]
 [-0.18500163  0.3706476  -0.11498326  0.10618895  0.16184498  0.18135343
   0.12620156  0.14825691 -0.43610445  0.3981426  -0.08914017 -0.41284513
   0.15522192]
 [-0.15055339  0.16234049 -0.16674227 -0.39787024  0.12000315 -0.07896993
  -0.13326351 -0.07355578  0.3582734  -0.16308717  0.06505139  0.09157973
  -0.1939276 ]
 [-0.01566263 -0.13350093 -0.07907797  0.24573866 -0.04086529 -0.07390708
  -0.2443278  -0.3855734   0.13382083  0.088109    0.3969025  -0.08445474
   0.27947143]
 [-0.09164216 -0.02318258 -0.10858051  0.5445038   0.11895008  0.10538395
  -0.38992918  0.1272807  -0.09193213  0.36689624  0.07026927 -0.25563172
  -0.5556571 ]
 [-0.41027492  0.43554306  0.3128362   0.0392213   0.36887655 -0.33184493
  -0.39478713 -0.02111459 -0.33327457  0.4147464  -0.17429349  0.1652932
   0.6767929 ]
 [ 0.17049351  0.28461486 -0.13319217 -0.2950501   0.6040672   0.33714074
  -0.12050647 -0.20331354  0.29233775  0.07544547  0.8692315  -0.15598164
  -0.0098492 ]
 [-0.16169289  0.29756427  1.1546974  -0.292594   -1.38864    -0.0381559
  -0.1058645  -0.3100658   0.06420089 -1.0031078  -1.0448128  -0.08850724
   1.6158259 ]]
Peso 2:
[-0.05463058 -0.03681988 -0.05860143  0.0986261   0.5558376   0.03342932
  0.03937358  0.04184418  0.0235446   0.40546513  0.68506455 -0.00764338
 -0.04166029]
Camada: saida
Peso 1:
[[ 0.45028508 -0.18549782]
 [ 0.49490967  0.05959268]
 [ 1.045848   -0.8232555 ]
 [-0.14418621  0.6905917 ]
 [-0.8615443   1.4364177 ]
 [-0.5046225  -0.11394361]
 [-0.5540062   0.01603621]
 [-0.32512826 -0.01217215]
 [ 0.32508418  0.5613578 ]
 [-0.76704466  0.77336097]
 [-1.1267005   1.0969722 ]
 [ 0.1992376   0.56458014]
 [ 0.75529236 -1.5371301 ]]
Peso 2:
[-0.15532316  0.15532365]



pesos modelo: 
Test loss: 0.2569, Test accuracy: 0.8876
Camada: meio
Peso 1:
[[-0.2915789   0.35714912  0.41420066 -0.09200001 -0.39676583  0.05008557
  -0.08429024  0.22704041  0.22346336  0.37009233 -0.4071866   0.22505987
   0.32530713]
 [-0.3947699  -0.01069769 -0.08347851 -0.12499622  0.13996536  0.19405597
  -0.34002882 -0.12128142 -0.31166193  0.26673812  0.14116693  0.4330032
  -0.0307382 ]
 [-0.32626432 -0.17069325 -0.41837808  0.1984449  -0.3476746   0.13637972
   0.26666838  0.17236167 -0.29565775 -0.26736486  0.38934433 -0.29340693
   0.07967883]
 [-0.1482857  -0.38601676 -0.13511536 -0.06753508 -0.02660473  0.21447036
   0.41242498 -0.05293049 -0.08837476 -0.2779568   0.07214347 -0.18838394
   0.09919538]
 [-0.13413829  0.3298476   0.40485284  0.1865766  -0.23354064  0.20793627
   0.35524032 -0.14207137  0.11842732  0.1120078   0.50224805  0.2260591
   0.23698087]
 [ 0.24336316 -0.23959589 -0.07006647  0.251047   -0.12682529  0.07995829
  -0.45119506  0.38850963 -0.24789485  0.24377671 -0.04709908  0.1398512
   0.21954872]
 [ 0.03776941 -0.31221455  0.38240167 -0.14889467 -0.3729645   0.3239898
  -0.19840403  0.38428974 -0.3229296   0.44073904  0.07212105  0.09799393
   0.08544861]
 [-0.09261795  0.2083872  -0.065113    0.3989364  -0.15530318 -0.28156382
   0.34535658  0.21494384 -0.2659007   0.35841158  0.37563437 -0.25737348
   0.38421062]
 [-0.14264596  0.35644898  0.35797536  0.05466989 -0.33596542 -0.03127647
   0.18075895  0.3135663  -0.30562928  0.15483733  0.21908562  0.06245665
   0.21672687]
 [-0.13401413 -0.21425     0.41125783  0.36684582 -0.28458112  0.39993462
   0.37423384 -0.11074669  0.24345052  0.35032222  0.16010818 -0.44585407
  -0.09545757]
 [ 0.27643073 -0.01710131  0.03876831 -0.23577751  0.25531802  0.01974746
  -0.22947958  0.240805    0.10881846 -0.21295804  0.13252667  0.3976872
   0.52629566]
 [ 0.11330295  0.11589407 -0.00309858 -0.3083513   0.5135097   0.10674197
   0.2628132  -0.30073327  0.47992343 -0.32661784 -0.11505508 -0.4304937
   0.12936565]
 [ 0.17053583 -0.12084187  0.2523837  -0.15554437  0.24882475 -0.31837016
  -0.02342444 -0.29838997  0.0166825   0.22885619 -0.08693404  0.05225467
   0.2873866 ]
 [ 0.14826949  0.07797839 -0.24145505  0.24657872 -0.214837    0.6555632
  -0.19707066 -0.41776153 -0.11443502  0.25642133 -0.34230652  0.36245453
   0.15333295]
 [ 0.5874658   0.22166361  0.40758318 -0.14948577 -0.22640827  0.3852258
  -0.4219929   0.04519035 -0.4025411   0.10485811  0.40104997  0.25645688
   0.3012668 ]
 [-0.47873673  0.10946401  0.37267017  0.26642138  0.17696664  0.08812068
   0.38756496 -0.07452296  0.34975922 -0.11775776 -0.33867294  0.24464412
   0.6147381 ]
 [ 1.4968449  -0.11530869  0.19044812 -0.24441466 -0.40284392 -0.76216745
  -0.20843951  0.45794147 -0.22823368 -0.72318965  1.459577    0.00444177
  -1.7355736 ]]
Peso 2:
[ 0.05341195  0.09368975 -0.03973227  0.0970744   0.10850353  0.34931648
 -0.03567025 -0.00111535  0.12209639  0.26990595 -0.18526717  0.01443096
  0.7745081 ]
Camada: saida
Peso 1:
[[ 1.1287835  -0.8968706 ]
 [-0.5540492  -0.01343945]
 [ 0.6749591   0.42207167]
 [-0.33901978  0.13001929]
 [-0.08166473  0.48020393]
 [-0.74258083  0.7441308 ]
 [-0.12411837  0.04712534]
 [ 0.67014444  0.21232751]
 [-0.29471502  0.27217883]
 [-0.3053913   0.742585  ]
 [ 1.4093179  -0.8037779 ]
 [ 0.38826174  0.5842396 ]
 [-1.4594308   1.5401    ]]
Peso 2:
[-0.22402085  0.22402136]



pesos modelo: 
Test loss: 0.1894, Test accuracy: 0.8945
Camada: meio
Peso 1:
[[-2.17977583e-01  3.06886017e-01  3.16124022e-01  1.10938132e-01
  -4.45814371e-01 -1.80629522e-01  1.89966500e-01  2.26076961e-01
   4.45295751e-01 -1.06142938e-01 -2.67228484e-01 -2.67625332e-01
   4.19377446e-01]
 [-1.81601197e-01  4.17048931e-01 -1.30954683e-01  1.07102871e-01
   5.43398857e-02  6.47627115e-02 -2.24186718e-01 -2.53607601e-01
  -2.17773601e-01 -1.28820598e-01  1.37304664e-01 -1.53781265e-01
   1.59092546e-02]
 [ 2.22746253e-01 -1.00477248e-01 -8.51159394e-02  2.81437099e-01
  -3.97561014e-01 -2.44088203e-01 -2.96092480e-01 -1.49528801e-01
   8.90704989e-02 -1.71244144e-04  4.26064849e-01 -2.12216571e-01
   3.23855340e-01]
 [ 1.38951644e-01 -1.85119845e-02 -9.75283161e-02  9.37900990e-02
   5.14659524e-01  3.00030589e-01 -1.95078515e-02  3.48034233e-01
  -1.61290780e-01  6.26278222e-02  4.77639921e-02  1.52962387e-01
  -1.17615707e-01]
 [ 4.49655624e-03 -1.24508105e-01  6.34238943e-02  2.86613256e-01
   5.35743982e-02  4.26546037e-01 -3.84484917e-01  2.45468676e-01
  -1.28823116e-01  1.26822084e-01  1.02278376e-02  2.49422446e-01
   2.14678258e-01]
 [ 2.11110950e-01  1.87117621e-01 -1.29438326e-01  1.89265192e-01
   3.77143562e-01 -5.80270700e-02 -1.79296672e-01  2.60238111e-01
  -5.81353232e-02 -8.87734443e-02 -6.87536597e-02  6.71725497e-02
   1.01475887e-01]
 [ 3.47938478e-01 -2.66649634e-01 -9.08689722e-02 -1.18109226e-01
   2.85495874e-02  4.34444815e-01  2.69049972e-01  4.10348892e-01
  -2.31187195e-01  2.09067017e-01  2.04489604e-01  1.49085015e-01
   4.75993976e-02]
 [-7.61572793e-02 -3.69378924e-01  1.00328408e-01  9.53811556e-02
  -1.11413240e-01 -5.56036532e-02  4.41671044e-01 -1.63633645e-01
   1.39245361e-01 -4.79441434e-02  7.26075321e-02  2.55497098e-01
  -1.53533563e-01]
 [-2.98736811e-01  3.51914704e-01  5.35321176e-01  1.95166185e-01
  -2.15327293e-01  1.78606719e-01  3.34707558e-01 -1.84294477e-01
  -1.50590941e-01  1.50692388e-01 -1.43784419e-01  2.94153690e-01
   7.49876201e-02]
 [ 1.23396933e-01 -6.72862530e-02  3.30925286e-01 -1.24117192e-02
  -5.33788325e-03 -1.67341277e-01  3.57635736e-01  7.81581998e-02
  -3.68793786e-01  2.24076957e-02 -4.29146349e-01  9.20727998e-02
   3.42413574e-01]
 [ 4.68212664e-02 -7.87973404e-02 -3.48219335e-01 -2.32301921e-01
  -3.94108295e-01 -9.20482576e-02 -3.46269816e-01 -3.02891195e-01
   3.54533345e-01 -3.85680906e-02 -3.72380525e-01  2.67310381e-01
  -8.47321935e-03]
 [ 3.78317177e-01  1.86296463e-01  2.63303280e-01 -1.07965127e-01
  -3.98797303e-01  8.79555289e-03 -4.17419791e-01 -1.26633301e-01
   1.98699161e-02  1.77207842e-01  5.91803454e-02  3.79380941e-01
   4.73743111e-01]
 [ 6.84013665e-02  2.52490431e-01 -1.99729338e-01 -2.00254798e-01
  -3.18500996e-02 -1.19024865e-01  4.20960218e-01  1.87797084e-01
  -3.52534145e-01  5.54346014e-04  5.35988295e-03 -3.31852809e-02
   2.35054672e-01]
 [-4.86358553e-01  1.75188065e-01  3.89758497e-01 -4.14394319e-01
   8.84753242e-02  4.54312652e-01  3.38961214e-01 -4.28081602e-02
   1.27095550e-01 -3.09491217e-01  5.19570768e-01  6.41865373e-01
  -2.76782006e-01]
 [-3.95080307e-03 -1.95262477e-01 -2.84753144e-01  3.23599935e-01
  -1.58276916e-01 -1.07038729e-02  2.52673626e-01  2.82619506e-01
   4.74999212e-02  3.65186512e-01  1.85145557e-01  4.57894132e-02
   2.82713920e-01]
 [-4.11230147e-01 -4.18242484e-01 -9.50909629e-02  5.46616092e-02
  -3.20474595e-01  4.45453018e-01 -2.12881789e-01  2.44753331e-01
  -3.32139432e-01 -4.34074014e-01 -1.11933589e-01  6.54199719e-01
   5.85071266e-01]
 [ 7.82321274e-01 -3.95710826e-01 -4.28576142e-01  1.24606323e+00
  -1.64590597e-01 -3.57001364e-01  9.92684346e-03 -3.78791213e-01
  -1.02328554e-01  2.07850313e+00  8.76115449e-03 -1.18657601e+00
  -3.12719733e-01]]
Peso 2:
[-0.07114293 -0.00601116  0.27681473  0.01463575  0.13497671  0.33125892
  0.00438043  0.21438216 -0.00699831 -0.22403674 -0.07412887  0.82235605
  0.21150209]
Camada: saida
Peso 1:
[[-0.03712175 -0.97705775]
 [-0.20270082 -0.11941383]
 [-0.28348237  0.53794223]
 [ 0.71504635 -1.0960097 ]
 [-0.65064     0.3572091 ]
 [-0.9963054  -0.08120843]
 [-0.44868037 -0.33957168]
 [-0.7600574   0.03125837]
 [-0.06690734 -0.15417431]
 [ 1.2591729  -1.7637736 ]
 [-0.41984865  0.400627  ]
 [-1.3831867   0.9671869 ]
 [-0.54223675  0.3608092 ]]
Peso 2:
[-0.4655728   0.46557245]



pesos modelo: 
Test loss: 0.0834, Test accuracy: 0.9774
Camada: meio
Peso 1:
[[-1.68924779e-01  2.81830966e-01  1.14798129e-01 -3.91720265e-01
   3.44025612e-01 -1.05471969e-01  4.06612217e-01 -4.41039413e-01
  -5.19225895e-02  9.62002277e-02  3.11028898e-01 -3.83834451e-01
  -1.05427295e-01]
 [-3.01439673e-01  1.54532254e-01  4.37283933e-01  3.07767987e-02
   3.21552992e-01  2.70419836e-01  3.83664370e-01 -3.33902419e-01
  -3.97951782e-01 -4.16889191e-02 -2.69290388e-01  3.74003530e-01
  -4.42019075e-01]
 [-3.21787357e-01  2.71616638e-01  2.37323642e-01  4.42461014e-01
   2.05792785e-02 -1.34945393e-01 -1.06684268e-01 -8.54189694e-02
   3.06636333e-01  2.33195305e-01  2.10607946e-02  2.99159288e-02
   2.55675554e-01]
 [-6.10666983e-02 -2.35236600e-01  4.11595441e-02 -2.41880551e-01
   1.39866337e-01 -3.43793660e-01  2.50041246e-01  3.84316534e-01
   1.19962536e-01 -2.83952236e-01  3.47360790e-01 -2.82504708e-02
  -1.02649160e-01]
 [-3.85349244e-02 -3.47423851e-01  3.13803822e-01  3.85344714e-01
   3.15538824e-01  1.35841131e-01  2.90864766e-01  1.81540281e-01
   4.94500905e-01 -3.57167512e-01 -4.16753858e-01  1.95514992e-01
  -3.05755705e-01]
 [-2.67888010e-01  1.24079011e-01  3.49600136e-01  7.79912770e-02
   2.84617394e-02  1.36496231e-01  4.92999405e-01  3.60712260e-01
   3.49134713e-01 -2.62808055e-01 -3.90975147e-01 -3.16998065e-01
   3.50157648e-01]
 [ 3.84107262e-01 -3.56118381e-01 -1.07803464e-01  3.94255400e-01
  -1.21705174e-01  2.57483125e-01 -2.06260175e-01  6.27083471e-04
  -1.80708721e-01  2.19559059e-01 -3.00174300e-02  1.17740534e-01
   5.10262400e-02]
 [ 4.23845530e-01 -1.57459408e-01 -2.34321043e-01  2.69361675e-01
   1.51711777e-01  7.00023398e-02 -5.87265268e-02  1.40302107e-01
   3.74731600e-01  1.37304753e-01 -6.24668635e-02 -2.29202166e-01
  -3.62846792e-01]
 [-2.85044104e-01  1.40965104e-01  4.27856684e-01  4.13418174e-01
  -6.39488399e-02 -2.21596465e-01  3.03684831e-01  1.37301520e-01
  -1.95709933e-02  4.08819765e-02 -4.11921829e-01 -2.26303428e-01
  -2.36915559e-01]
 [ 4.77050215e-01  3.70470956e-02 -9.10684559e-03 -4.04942930e-01
  -4.34912480e-02 -4.41631347e-01 -3.82954776e-02  1.61139861e-01
  -2.07772508e-01  2.12944746e-02  8.50519463e-02 -2.74472654e-01
   1.71845526e-01]
 [-2.79052228e-01 -1.79259211e-01  7.92247895e-03 -7.52179250e-02
   8.15558657e-02 -4.19903785e-01  6.56233728e-02  2.69018471e-01
  -9.42653939e-02  3.68463397e-01  1.46268591e-01 -1.42178625e-01
  -2.25835830e-01]
 [-3.94288510e-01 -4.33867663e-01  4.88053709e-01 -3.13490033e-01
   3.23804170e-01 -2.50734776e-01  1.96667254e-01  4.38499957e-01
  -1.47658020e-01  3.38976949e-01  4.56496738e-02 -8.54185671e-02
   3.18024695e-01]
 [-1.31410584e-01 -1.81960240e-01  5.12765825e-01  3.59422415e-01
   2.73187160e-01  3.04774821e-01  2.43857488e-01  1.71421379e-01
   2.99975336e-01 -2.35006914e-01 -1.39704928e-01  3.26290756e-01
   5.93419410e-02]
 [ 4.05877292e-01 -2.88068175e-01  1.73885748e-01 -1.79886028e-01
  -2.75060892e-01  7.31787756e-02 -2.11932580e-03  6.67831421e-01
   4.37454849e-01  1.99404210e-01  1.42137513e-01 -1.04631394e-01
   2.22066209e-01]
 [-2.87940353e-01 -2.65067756e-01 -7.01835155e-02 -2.21363813e-01
   5.68153262e-01 -2.12442487e-01  7.11675137e-02  3.34561557e-01
  -3.43791783e-01 -2.12117702e-01 -2.89633900e-01  1.72602192e-01
   2.83425421e-01]
 [ 2.67031968e-01 -7.01990202e-02  3.58916461e-01 -1.75316721e-01
  -5.71449876e-01 -8.58839601e-02 -1.23252332e-01  4.22466695e-01
  -3.34795207e-01 -3.08806002e-01  3.51903856e-01  5.26718736e-01
  -5.11847556e-01]
 [ 6.15440421e-02  6.33097738e-02 -7.94440866e-01  9.86472666e-02
   1.22826660e+00 -3.18737775e-01  1.73932123e+00 -1.79095566e+00
  -5.06578207e-01  2.19306588e-01 -1.63883850e-01 -6.64076358e-02
   2.30436862e-01]]
Peso 2:
[ 0.08037618 -0.00837165  0.44575858 -0.04113238 -0.10759763 -0.02020953
 -0.10341734  0.746       0.36295387  0.01020769 -0.11672275  0.07223273
 -0.09141088]
Camada: saida
Peso 1:
[[-0.2601946   0.42305958]
 [ 0.53760415 -0.39671624]
 [-1.1617188   0.34384   ]
 [-0.13001877 -0.13549227]
 [ 1.2747685  -0.7347201 ]
 [ 0.03080477 -0.05903738]
 [ 1.0452805  -1.2528458 ]
 [-1.5803311   1.3409537 ]
 [-0.719457    0.70234567]
 [ 0.5327302   0.3342381 ]
 [-0.16493723 -0.46614516]
 [-0.39199355  0.46047205]
 [ 0.51075727 -0.23178647]]
Peso 2:
[-0.20836309  0.20836338]



pesos modelo: 
Test loss: 0.0817, Test accuracy: 0.9796
Camada: meio
Peso 1:
[[-4.90385294e-03 -2.53044724e-01 -4.31575149e-01 -4.08692986e-01
   3.24772179e-01 -3.76896858e-01  3.60717833e-01  1.08377576e-01
   1.53303266e-01  4.25940633e-01  2.03427672e-03 -1.38510376e-01
   4.31141317e-01]
 [-7.07210600e-02  4.41130340e-01 -5.02112508e-03  1.42725766e-01
  -1.81673497e-01  5.65454960e-02 -1.06322080e-01  4.09313440e-01
   2.95994401e-01  4.24875021e-01  3.94154072e-01  8.62150192e-02
  -2.92406917e-01]
 [-3.41131210e-01  2.03176022e-01 -2.35268056e-01  1.50340736e-01
  -8.88634622e-02  1.26613140e-01 -2.97435194e-01  1.99397266e-01
  -1.76091611e-01  2.41611004e-01 -7.97837675e-02 -4.12773073e-01
  -2.53830224e-01]
 [-6.77880123e-02  3.25917095e-01  1.84459507e-01  4.59795624e-01
  -2.55285829e-01  3.26128125e-01 -3.55925292e-01 -1.47384450e-01
  -1.85135424e-01 -1.61069129e-02  9.91243571e-02 -1.34416729e-01
  -5.37600704e-02]
 [ 1.39814571e-01 -2.26167992e-01  2.08709091e-01  2.18803614e-01
  -3.35153520e-01 -2.71507986e-02 -2.17220694e-01 -2.07842886e-01
   1.96983833e-02  2.66080111e-01 -2.69004554e-01 -1.14163108e-01
  -3.97309452e-01]
 [ 2.54210651e-01 -1.06659882e-01  5.42242266e-02  9.35310423e-02
   2.51769042e-03  3.13575566e-01 -1.79104000e-01 -2.01461196e-01
   3.65842670e-01 -2.24844202e-01 -2.42412120e-01  4.52553242e-01
  -3.28617692e-01]
 [ 3.79165858e-01 -1.54412866e-01  2.57225215e-01 -3.87484521e-01
  -1.02296159e-01 -1.01506740e-01 -3.91541243e-01  4.66215657e-04
   6.05709180e-02  7.51318559e-02  3.14305007e-01 -1.92140609e-01
  -1.54840499e-01]
 [-5.16283363e-02  2.01918915e-01 -1.02702469e-01  1.96012840e-01
  -1.24795921e-01 -1.35789335e-01 -4.05329317e-01 -2.90718883e-01
  -2.30130652e-04 -2.86534857e-02 -4.33016539e-01 -1.30348995e-01
   3.52786392e-01]
 [-4.30984825e-01 -2.98780277e-02  1.55474007e-01  2.16059208e-01
  -2.12874085e-01 -3.67642082e-02 -1.12333514e-01  4.43939008e-02
  -9.19858590e-02  1.81299448e-01  2.61119187e-01  1.60466641e-01
  -2.55121589e-01]
 [-3.02829772e-01 -3.58424544e-01  9.58629474e-02  3.38439018e-01
  -9.94462986e-03 -1.87280774e-01  8.56011882e-02  3.65083069e-01
   4.76814866e-01  3.05317968e-01 -3.88913691e-01 -2.06988245e-01
  -7.02445060e-02]
 [ 2.55489230e-01 -3.21658254e-01  4.81713176e-01  3.56002778e-01
   1.05945300e-02  3.85705531e-01 -1.73547324e-02 -1.02644742e-01
  -2.29556009e-01  4.13609266e-01  1.18662179e-01  2.28454515e-01
  -6.12131357e-02]
 [-2.72416562e-01 -3.70254904e-01  2.43555486e-01 -1.30873203e-01
  -5.97282387e-02  2.17809416e-02  1.70227811e-01  4.01400536e-01
   3.82431865e-01 -1.05578080e-01 -8.30136016e-02 -3.58027488e-01
  -1.41881958e-01]
 [-1.03253320e-01 -3.99082273e-01  2.40770280e-01  4.22188133e-01
   4.90093172e-01  1.64207183e-02 -3.94011289e-01  3.48701924e-01
  -2.19548151e-01  3.09686869e-01 -1.87929958e-01  3.95097762e-01
  -4.09744233e-01]
 [-2.97255158e-01  1.56841144e-01  6.26716912e-01  9.09950882e-02
   9.25426483e-02 -1.40023485e-01 -1.96858555e-01  3.32187079e-02
  -4.03640717e-01 -4.58510816e-01 -1.34703979e-01 -4.36065972e-01
   2.80704737e-01]
 [-4.03639287e-01 -2.80382961e-01  1.91099167e-01  4.05580848e-01
   4.68614161e-01  6.51662409e-01  2.68785208e-02  4.19771999e-01
  -2.15445742e-01  1.71989247e-01 -4.21505958e-01 -3.97664845e-01
  -2.56826490e-01]
 [-3.17133129e-01  1.86723441e-01  8.23518157e-01  1.10851437e-01
  -1.05057999e-01 -1.93725258e-01 -1.59148946e-02 -2.50825673e-01
   2.85748810e-01 -4.14926082e-01 -1.36821996e-02 -6.65753931e-02
   5.26414692e-01]
 [ 3.22405286e-02 -4.01327729e-01 -1.77249813e+00 -9.20233727e-01
  -3.80568683e-01  1.52102602e+00 -4.42431927e-01  5.57033896e-01
  -2.53617436e-01  1.39376652e+00  2.03980029e-01 -5.72908930e-02
  -1.60119697e-01]]
Peso 2:
[-0.02582362  0.03679     1.0180229   0.17079572  0.19233395 -0.05847061
 -0.01641935  0.00399601  0.11345419 -0.00865533 -0.04007945  0.07529293
  0.11290828]
Camada: saida
Peso 1:
[[ 0.2704264   0.58399713]
 [-0.15684345  0.20960368]
 [-1.5870086   1.5765514 ]
 [-0.6773079   0.6356682 ]
 [-0.583069    0.05077635]
 [ 1.2098119  -0.897094  ]
 [ 0.2835936  -0.07092021]
 [ 0.09137639 -0.6644142 ]
 [-0.2879154   0.186633  ]
 [ 0.8353269  -1.1486423 ]
 [-0.2856177   0.3585235 ]
 [-0.56582475  0.10359361]
 [-0.4820264   0.25392407]]
Peso 2:
[-0.2458959   0.24589573]



pesos modelo: 
Test loss: 0.1180, Test accuracy: 0.9376
Camada: meio
Peso 1:
[[ 1.14976764e-01  3.31544876e-01  1.21135533e-01  4.35282707e-01
   4.16492522e-02  2.53763378e-01 -7.68405199e-02 -1.88049674e-02
  -1.20412529e-01  4.88463938e-02  1.16247296e-01 -3.33711356e-01
   3.78713608e-02]
 [-1.92441761e-01  3.44155729e-01 -3.67348552e-01  2.46139109e-01
  -1.18471146e-01  1.43475235e-01 -1.21593505e-01  4.32487726e-01
   3.70490015e-01 -2.67145216e-01  3.77446592e-01  4.18908775e-01
   3.28973532e-02]
 [ 6.09679222e-02  2.48518348e-01 -1.20689332e-01  3.72515261e-01
   2.07934678e-01  1.80127144e-01  1.88660622e-03  2.62650251e-01
  -1.02048993e-01  3.98321331e-01  2.83365428e-01 -1.72535151e-01
   4.12229896e-02]
 [ 3.15044999e-01 -2.17515901e-01 -1.63472548e-01 -4.13128495e-01
  -1.52746126e-01  2.22497322e-02 -1.58126414e-01  3.65979671e-01
  -2.02270329e-01  9.95360017e-02 -4.21164811e-01 -3.64400856e-02
  -4.30617958e-01]
 [ 2.58629143e-01  1.00653112e-01  1.76411986e-01 -2.40524739e-01
  -3.97241116e-02  1.44411385e-01 -1.23265162e-01  2.47070506e-01
   2.13033721e-01 -4.20372235e-03 -3.21996063e-02 -2.06365734e-01
  -5.81081351e-03]
 [ 2.50998616e-01 -1.78574696e-01 -4.30636883e-01 -2.48484671e-01
   2.52266794e-01  6.04239665e-02  2.37413421e-01 -1.63583875e-01
   7.42869638e-03 -1.25756502e-01 -4.21998888e-01  3.87984306e-01
  -2.96430260e-01]
 [-3.68109159e-03  3.02019268e-01 -3.10171604e-01  4.20630187e-01
   4.25418019e-01  3.09057143e-02 -1.42501146e-01  1.19132623e-01
   3.32320929e-01 -4.75158468e-02 -1.11790203e-01 -3.58562797e-01
   2.13045672e-01]
 [ 4.83045638e-01 -1.46014601e-01  9.79981795e-02  1.92266688e-01
   1.01023331e-01  2.85627693e-01  2.55411267e-01 -1.11664586e-01
  -1.74109906e-01  7.03433529e-02  1.05248079e-01  2.29107976e-01
   1.75267115e-01]
 [ 3.00822318e-01  4.40682173e-01 -1.19375423e-01  4.35810164e-02
   4.61492032e-01  3.62737864e-01  3.60883236e-01 -2.83469707e-01
  -1.43703133e-01  2.43488967e-01  7.59502361e-03 -2.02188611e-01
  -3.64726633e-01]
 [ 4.68183719e-02  3.26531380e-01 -2.44812429e-01 -3.00925791e-01
  -5.04311509e-02 -2.15680704e-01 -1.32942751e-01  1.64221123e-01
   1.72523752e-01 -5.82460202e-02  2.66218185e-01 -4.05228496e-01
  -4.36180294e-01]
 [ 2.92568505e-01 -3.94145884e-02  4.13434692e-02 -3.07316035e-01
   4.64290529e-01  1.60537764e-01  2.16440767e-01  2.58076370e-01
   1.75052762e-01 -1.12531036e-01  1.42360821e-01  1.90485820e-01
  -3.44936967e-01]
 [ 4.78455186e-01  6.58205748e-02  1.97173208e-01 -2.19304070e-01
   1.31343128e-02  2.56958932e-01 -3.12273744e-02 -3.24781060e-01
   2.07152098e-01  2.14228839e-01  4.00325030e-01  3.26196343e-01
   3.23811054e-01]
 [ 5.62192425e-02  5.30155182e-01  8.87365546e-03 -7.61411041e-02
   1.23224385e-01  3.82905975e-02 -6.17643185e-02  2.78990358e-01
   1.05441235e-01  1.04363598e-01  4.53044474e-02 -5.24045750e-02
  -4.34739530e-01]
 [ 4.83681485e-02 -1.30326925e-02 -1.89222500e-01 -3.57306302e-02
   1.48648098e-01 -5.30111790e-01 -5.57241857e-01 -2.76070148e-01
  -3.53990614e-01 -5.58575332e-01  1.08241111e-01 -3.93949091e-01
  -2.04961017e-01]
 [ 3.14504147e-01  4.21107471e-01  4.09105062e-01 -2.03620225e-01
  -2.65914828e-01  3.21469575e-01  4.25181448e-01  2.84946151e-02
   1.28230140e-01  4.16237026e-01  4.22890633e-01 -1.57748349e-02
   2.95430750e-01]
 [ 4.28019464e-01  2.99924135e-01  2.74363726e-01  2.15041190e-01
   2.39181891e-02 -1.33573785e-01 -2.93917447e-01  4.44822200e-02
  -3.33086938e-01 -2.74004042e-01  3.21192463e-04 -3.28430891e-01
   1.05213158e-01]
 [-1.12201428e+00 -9.08581913e-01 -3.91340762e-01  7.70765767e-02
  -5.07496536e-01  1.91909686e-01  1.45602870e+00  8.95556867e-01
   1.10985970e+00  1.53992593e+00  3.74913752e-01 -1.66612715e-01
  -3.17243338e-01]]
Peso 2:
[ 0.66040725  0.52039605 -0.05281609 -0.00192388  0.30497187 -0.15698126
 -0.07234813 -0.06314715 -0.07190233 -0.08223678 -0.01114617  0.0101027
 -0.15787509]
Camada: saida
Peso 1:
[[-0.99682003  1.1751387 ]
 [-0.46308252  1.087224  ]
 [ 0.06021788  0.23240529]
 [-0.5887814  -0.578518  ]
 [-0.33378738  0.5586545 ]
 [ 0.40671125  0.00260489]
 [ 0.7791322  -1.3004963 ]
 [ 0.43792096 -0.36132482]
 [ 0.67620367 -0.89134634]
 [ 1.3284099  -1.0555342 ]
 [ 0.22649738  0.05401034]
 [-0.26471153  0.2874029 ]
 [ 0.2184048  -0.19287346]]
Peso 2:
[-0.73774594  0.7377455 ]



pesos modelo: 
Test loss: 0.0834, Test accuracy: 0.9634
Camada: meio
Peso 1:
[[ 1.18812561e-01 -8.92134011e-02 -3.64893854e-01 -2.24709600e-01
  -3.01459402e-01  2.45235026e-01 -2.45389119e-01  2.25063503e-01
  -4.14210886e-01 -2.30886132e-01  3.44553828e-01  4.06821966e-02
   1.09447956e-01]
 [-6.47997856e-03  3.52659166e-01 -1.36926770e-03 -3.98743808e-01
  -4.39922214e-02  7.85803199e-02  2.61465490e-01  1.46737993e-02
  -4.40686077e-01 -1.50988102e-02 -1.67473823e-01  2.97890186e-01
   2.58725286e-02]
 [ 2.54247963e-01  8.43520761e-02  2.77952850e-02 -1.01074576e-01
  -3.69197965e-01  3.46534729e-01  3.39915574e-01 -3.37563902e-01
  -1.63717031e-01  1.94248199e-01 -3.49285185e-01  3.45532954e-01
   2.76829779e-01]
 [ 3.02662730e-01 -2.26210326e-01  2.75738508e-01  3.50495487e-01
  -1.67762786e-01 -2.37584010e-01 -3.06376755e-01 -2.42964923e-01
  -2.84428030e-01 -3.51883084e-01  4.26100820e-01 -2.98589498e-01
   1.25645503e-01]
 [-6.70836270e-02  6.10023998e-02  1.43235639e-01  1.91509917e-01
   5.73556265e-03 -1.44527137e-01  1.26695663e-01 -4.68117148e-01
   2.49088258e-01 -3.71929318e-01  1.01099320e-01  3.55939984e-01
   3.46267015e-01]
 [ 1.14149777e-02  2.77850777e-01  1.45575106e-01 -2.32982993e-01
   3.63172889e-01  5.68414992e-03  3.89059812e-01  4.09953386e-01
   6.38674051e-02 -1.77128240e-01  1.31703705e-01 -2.96525538e-01
   2.67463148e-01]
 [ 2.59319037e-01  1.67235225e-01  2.12179855e-01  2.12741867e-02
   2.43470147e-01 -4.35676932e-01  2.61695892e-01  3.31921905e-01
  -4.08637315e-01 -2.54338026e-01  1.50633201e-01  3.57120007e-01
   4.77035284e-01]
 [-2.55022883e-01 -3.33713114e-01 -5.18543310e-02  2.51364559e-01
   4.21520859e-01 -2.97002941e-01  2.51906049e-02  3.04505557e-01
  -2.16253892e-01  3.95328790e-01 -2.61774927e-01 -2.52702177e-01
   1.69773355e-01]
 [ 4.13929939e-01 -3.89858156e-01  6.04171678e-02  3.12939018e-01
   2.54108697e-01 -2.15589926e-01 -2.09168404e-01 -1.49531454e-01
  -3.54407519e-01 -2.74585128e-01  2.33271256e-01  2.60714203e-01
  -4.98732515e-02]
 [-2.31780246e-01  2.15599686e-03  4.25955430e-02  3.17249984e-01
   5.77337928e-02  1.55478254e-01  3.35529268e-01 -1.83599904e-01
   4.48659480e-01 -4.23431426e-01  7.59794489e-02 -1.95496157e-01
  -2.66735822e-01]
 [-5.67046404e-02 -3.18504989e-01  2.93821581e-02  1.59547448e-01
  -1.89336792e-01  3.00010622e-01  4.26854968e-01  2.95592219e-01
   3.78495932e-01 -9.21387449e-02 -2.35586137e-01 -4.03075330e-02
   4.39350098e-01]
 [ 1.26584604e-01  2.77518816e-02  1.65412668e-02 -5.76196127e-02
  -1.87405601e-01 -2.21724659e-01  1.62003428e-01 -1.06108263e-01
   1.69361025e-01 -3.90341564e-04  1.83640108e-01  6.72354102e-02
   5.67452386e-02]
 [-2.49481946e-01 -3.81788045e-01  3.41516696e-02  4.02920157e-01
   2.98201919e-01  2.50636101e-01  2.93796062e-01  3.05886030e-01
  -1.22351140e-01 -1.85577214e-01  8.41573626e-02  1.52897343e-01
  -1.29272670e-01]
 [ 4.07157362e-01 -4.27945346e-01 -3.20088029e-01  1.69490308e-01
   2.95913629e-02  8.52513462e-02  3.77249986e-01 -8.75701457e-02
  -1.03396565e-01  3.47800434e-01  3.77721936e-01 -4.71537530e-01
  -6.62742704e-02]
 [-2.20110774e-01 -1.73449993e-01  4.18613583e-01 -1.48428693e-01
  -2.05486581e-01 -2.03189701e-02 -2.53570825e-01  1.00471349e-02
   3.40059340e-01  9.82753411e-02  5.57723999e-01  4.86762762e-01
  -8.43877718e-02]
 [-1.27716228e-01 -5.82107306e-02 -3.16782653e-01 -1.56037182e-01
   3.08546305e-01 -4.90774885e-02 -1.19080216e-01 -7.58739039e-02
  -1.83297917e-01 -3.72506678e-01  7.91074693e-01 -4.11666125e-01
   2.88530439e-01]
 [-1.42145619e-01 -6.83367923e-02  2.31015635e+00 -8.12539279e-01
  -4.68618780e-01 -4.38904762e-01 -5.87170422e-01 -1.97863877e-01
  -3.90674055e-01  1.57347187e-01 -1.15285552e+00  4.16310042e-01
  -7.16207325e-01]]
Peso 2:
[ 0.16860406  0.01343662 -0.21563676  0.37500718  0.21969835 -0.07544595
  0.24950218 -0.0966762   0.06675922 -0.02850703  0.55181926  0.01604434
  0.44156003]
Camada: saida
Peso 1:
[[-0.62312835  0.0038586 ]
 [-0.57683766 -0.2720029 ]
 [ 1.6858478  -1.726376  ]
 [-0.43230447  0.819889  ]
 [-0.6279905   0.25547382]
 [ 0.28661644  0.02750904]
 [-0.8676243   0.17135306]
 [-0.13073102 -0.45526224]
 [-0.00703999  0.38262743]
 [-0.61869407  0.30527094]
 [-0.9176383   1.2679926 ]
 [ 0.6446496   0.14204293]
 [-0.7212815   0.7280322 ]]
Peso 2:
[-0.25585964  0.25585958]



pesos modelo: 
Test loss: 0.4688, Test accuracy: 0.8269
Camada: meio
Peso 1:
[[ 0.34348875  0.42148364 -0.12899598 -0.00779486 -0.3259811  -0.20794469
   0.24715716  0.40178227  0.44141567 -0.29969552  0.20308489 -0.37399668
   0.2650075 ]
 [-0.33136648  0.4105928  -0.03834328 -0.36284828  0.42023247 -0.05275086
   0.10746473 -0.12575024 -0.17897236 -0.04819226 -0.06325525 -0.41959542
   0.23019606]
 [ 0.3285482  -0.34607536  0.28071272  0.20706666 -0.02392557 -0.43568295
   0.07726449 -0.07479739 -0.42615768  0.43432224 -0.13004464  0.05464756
   0.27422422]
 [ 0.37620604  0.03398112  0.26258534 -0.04735368  0.12723863 -0.14988387
   0.15366748  0.08750942 -0.22324224  0.26048875  0.30764347  0.04813613
   0.07699622]
 [-0.41183302  0.33737734 -0.07568362  0.23187654  0.37645632 -0.2844431
   0.1990084   0.08853375  0.43250978  0.17154188  0.06306969  0.39665064
   0.06889638]
 [-0.44556     0.03891363  0.25523752  0.20673649 -0.10070897 -0.02004043
  -0.22907619 -0.21367727 -0.11644997 -0.27766111 -0.06230437  0.14959885
  -0.03481647]
 [ 0.22363131  0.3639072   0.13681726  0.34309378  0.30095407 -0.02113219
   0.16247986 -0.10679493 -0.16071536 -0.01144408  0.13313185  0.57075
  -0.12930006]
 [ 0.29819718  0.29642865 -0.0063627   0.28508335  0.12600625  0.06949533
  -0.3291781   0.34640217  0.02972744  0.05137859 -0.13860266  0.38813818
   0.43455094]
 [-0.45554382  0.13785906  0.221739    0.32183433  0.07876077  0.30915168
  -0.35060447  0.13524902  0.38601452 -0.33561158 -0.3914768   0.36364457
   0.2422454 ]
 [-0.38134393  0.00802707  0.09031045 -0.22609043  0.45618784  0.0546394
   0.29028466 -0.10873806 -0.15643147 -0.1970964  -0.3713605  -0.12039664
  -0.22902484]
 [-0.3147802   0.27139613  0.29564324  0.16914678 -0.23033991 -0.31192625
   0.06039188  0.38092092  0.34405106  0.23651032  0.20168278  0.39964926
   0.48951817]
 [-0.03341275  0.40716925  0.44847128 -0.15880355 -0.20419161 -0.04389656
  -0.34729978  0.21828823 -0.14640139 -0.3434705   0.05513587  0.4220072
  -0.11190233]
 [-0.17221427  0.10236803 -0.11945865  0.3866572  -0.15067345 -0.07757288
  -0.20085329  0.23265024 -0.08435488 -0.21299286 -0.17281236  0.09381604
   0.43756777]
 [ 0.2178933   0.70457053 -0.13050252  0.10325176  0.3530604  -0.43155798
   0.02274928  0.09800103 -0.23363093 -0.06367412 -0.31533104 -0.31910375
   0.5063251 ]
 [ 0.33421692 -0.02399261  0.01359107  0.23755015  0.00307916 -0.26454926
   0.13783392  0.32100695 -0.42217243  0.17323177 -0.34786832  0.5137843
  -0.18673936]
 [ 0.26988938  0.41788656  0.60722107  0.140191    0.26652712 -0.1343101
  -0.26039132 -0.24837323 -0.08125833  0.5467258   0.1456097  -0.37589696
  -0.33135584]
 [-0.31586415 -1.6378278  -0.98018163 -1.037571   -0.57382995  0.27760175
  -0.32247555  0.2593732  -0.09260821  0.00505226 -0.2798326   1.5278454
  -0.612517  ]]
Peso 2:
[-0.05448439  0.9269891   0.42839226  0.28900313  0.30555257 -0.04155067
 -0.00247088 -0.03051711  0.02309205 -0.08176769 -0.08935329 -0.05574612
  0.26207152]
Camada: saida
Peso 1:
[[ 0.05194527  0.00470105]
 [-1.5672158   1.4161389 ]
 [-0.8592265   0.93238735]
 [-0.5730364   0.96522987]
 [-0.64197326  0.3682661 ]
 [-0.05679544  0.01268689]
 [-0.0559698  -0.00523092]
 [ 0.60765743  0.10336848]
 [-0.17153503  0.11260534]
 [-0.15149488  0.277947  ]
 [-0.0786387  -0.46619612]
 [ 1.281895   -1.4351335 ]
 [-0.43812835  0.47808474]]
Peso 2:
[ 0.1088075  -0.10880737]



pesos modelo: 
Test loss: 0.0910, Test accuracy: 0.9613
Camada: meio
Peso 1:
[[ 1.28106952e-01  4.20293689e-01  2.52152383e-01  5.66023588e-03
  -3.26284468e-01  1.28456175e-01 -1.54345959e-01 -4.01774704e-01
   9.37542915e-02 -3.54815990e-01 -4.23775375e-01  2.99167275e-01
  -2.37486050e-01]
 [-2.00965106e-02  1.60505176e-01 -3.69633436e-02  6.07500076e-02
  -2.50064254e-01  4.25102949e-01  2.36663997e-01  1.55688226e-02
  -1.36121660e-01  4.82564270e-02  3.08540821e-01 -3.76565784e-01
  -1.14141762e-01]
 [ 5.77756166e-02 -1.58951908e-01  7.73053765e-02 -3.22650909e-01
  -2.46426150e-01  1.03056192e-01 -2.98104793e-01 -3.54947150e-02
  -2.51662135e-01 -2.06584156e-01 -2.00497210e-01 -6.38127625e-02
   2.31069505e-01]
 [ 1.78777024e-01  9.26910415e-02  3.75110731e-02  3.96956265e-01
  -1.58341989e-01 -1.82427362e-01 -9.29378420e-02  7.17959628e-02
   3.30742776e-01  1.60649881e-01  1.22794591e-01  2.87995696e-01
   8.14277679e-02]
 [ 1.39798790e-01  1.94918662e-02  4.11681712e-01  6.68050125e-02
  -4.71449317e-03  3.35166544e-01  3.42005223e-01 -1.11767817e-02
  -4.39887762e-01 -3.17370713e-01 -4.25992727e-01  1.77996289e-02
   1.44528178e-02]
 [ 3.06421697e-01 -2.74431378e-01 -2.08584517e-01  4.19156522e-01
  -4.26747128e-02 -3.10014129e-01  3.49403799e-01 -2.05735683e-01
  -2.25153580e-01  1.23625003e-01 -6.76434264e-02  3.71337622e-01
   2.63122976e-01]
 [ 6.58601848e-03  1.40171528e-01  1.56343997e-01  5.99934280e-01
   1.36066049e-01  4.33428660e-02  1.34112984e-01 -2.54054755e-01
  -3.24256450e-01  3.68823826e-01 -3.82685363e-01  3.07953060e-01
   2.15236515e-01]
 [ 4.04901147e-01 -1.64572313e-01 -2.14099094e-01 -6.90310076e-02
  -1.37993023e-01  3.85160506e-01  8.95371586e-02 -3.11088502e-01
  -3.13843846e-01  1.47702694e-01 -1.08955577e-02 -1.98869873e-02
   5.68404645e-02]
 [-1.32805422e-01  3.61523479e-02  3.36756408e-01  2.94356257e-01
   3.32832038e-01 -6.53312653e-02  1.48976550e-01 -1.68105036e-01
  -2.74907202e-01 -3.17399621e-01 -1.64413556e-01 -1.05718886e-02
  -5.05877882e-02]
 [ 5.34031447e-03  1.11350074e-01  2.70214438e-01  1.27323996e-03
   1.81670412e-01 -1.63419008e-01  1.58473465e-03  4.46918935e-01
   1.11586966e-01 -5.81652373e-02 -6.10280149e-02 -2.51088828e-01
   1.91438466e-01]
 [ 4.39589880e-02 -4.74328324e-02 -2.97773570e-01  3.82002056e-01
  -9.80637446e-02  3.36533785e-01 -1.12068586e-01  4.65471774e-01
   2.10449427e-01 -1.81092232e-01 -1.64335683e-01  1.67880114e-02
   4.30374116e-01]
 [ 1.54902056e-01  4.25779492e-01  2.04543263e-01 -1.27109252e-02
   2.08397225e-01 -1.16121158e-01  1.43437907e-01  4.16779608e-01
  -1.04600843e-02 -1.65942684e-01 -8.19618553e-02  1.09354690e-01
  -2.22184345e-01]
 [ 3.33635360e-01  3.85295153e-01 -2.44874135e-01  1.35027066e-01
   3.01631451e-01 -3.30730379e-01 -2.58086696e-02  1.99732870e-01
  -4.08966064e-01  9.61488634e-02 -2.32664511e-01 -5.67467436e-02
   3.16887885e-01]
 [ 6.52752161e-01  1.45990653e-02 -6.34455681e-02  1.09901734e-01
  -2.28345906e-03  3.56536150e-01 -2.17745319e-01 -5.94524294e-02
   1.93995789e-01 -4.16099697e-01  3.58960293e-02 -8.28569382e-03
  -6.24618769e-01]
 [ 1.30822286e-01  6.79158717e-02  3.51672709e-01 -5.88062182e-02
   3.07029128e-01  2.32258976e-01 -1.01076633e-01 -4.69700135e-02
  -2.61044562e-01  3.30360353e-01 -2.94029623e-01  3.07504445e-01
   2.45138332e-01]
 [ 3.90926898e-01 -2.02056721e-01  3.18334132e-01  5.88179529e-01
   3.83514673e-01  2.32165068e-01  2.00721905e-01  6.25817835e-01
  -2.11708009e-01 -4.27846909e-01  7.94964060e-02 -4.48089600e-01
   9.60135162e-02]
 [-1.15271032e+00  3.39901268e-01  2.77167886e-01 -1.37667370e+00
  -2.68721163e-01 -2.50877649e-01 -4.82529104e-01 -3.59062374e-01
  -2.56815970e-01 -5.07337034e-01 -1.09390914e-01  1.56455398e+00
   1.46656835e+00]]
Peso 2:
[ 0.5743632  -0.02194689 -0.02827174  0.79079247  0.03569967  0.04032383
  0.20231539  0.18628536 -0.01836576  0.21615538  0.00121492 -0.02027491
 -0.07671683]
Camada: saida
Peso 1:
[[-0.6596188   1.2881019 ]
 [ 0.32762346 -0.36768815]
 [ 0.32350796  0.21582294]
 [-1.2306733   1.2992656 ]
 [-0.22539347  0.19283475]
 [ 0.10355683  0.43938676]
 [-0.34743428  0.31390333]
 [-0.32882273  0.71652985]
 [ 0.49581423  0.24929911]
 [-0.54213095  0.43394187]
 [ 0.10596059  0.264989  ]
 [ 1.4413534  -0.75599056]
 [ 0.92683464 -1.2275995 ]]
Peso 2:
[-0.1336474   0.13364753]
