


pesos modelo: 
Test loss: 0.8343, Test accuracy: 0.7592
Camada: meio
Peso 1:
[[ 0.03385982 -0.19186687 -0.01456797 -0.11979637]
 [ 0.05456714  0.21300232  0.01720783  0.5770713 ]
 [-0.08896433 -0.22038159  0.35186887  0.25498125]
 [ 0.28233138 -0.04962782  0.28824127  0.06562532]
 [-0.04127303  0.2904193  -0.18716998  0.6451686 ]
 [ 0.00261638 -0.1676432   0.0075824  -0.03718878]
 [ 0.6080645   0.30461377 -0.31782925 -0.12845017]
 [ 0.16216877  0.0068304  -0.24807505 -0.05446693]
 [-0.0369021  -0.20240016  0.21886286  0.15150176]
 [ 0.14711612  0.1072538   0.14890559  0.48930538]
 [ 0.0674042   0.17471023 -0.13527973  0.44043252]
 [ 0.48008716 -0.13102745  0.3971748  -0.19772267]
 [ 0.24441968  0.16803281 -0.16696706  0.15782711]
 [ 0.69124347 -0.2692197  -0.5311876   0.72032773]
 [ 0.2023396  -0.5692     -0.45028967  0.25308868]
 [-0.06300902  0.4912645   0.02706891  0.25001782]
 [ 0.302677    0.55736774  0.39196482  0.16398199]
 [ 0.50955576 -0.3544555  -0.51423526  0.22892363]
 [ 0.0505248   0.28549907  0.40862054  0.16486214]
 [ 0.45907688  0.5140784   0.4047725  -0.0373053 ]
 [-1.1284127   2.2855523   1.1777706  -0.73822844]]
Peso 2:
[ 0.753924   -0.6475911  -0.27154696  0.6676853 ]
Camada: saida
Peso 1:
[[-0.82894313  1.4600652 ]
 [ 1.9554864  -1.5500345 ]
 [ 0.29373634 -1.3910955 ]
 [-1.096063    0.8580176 ]]
Peso 2:
[-0.64372593  0.6437296 ]



pesos modelo: 
Test loss: 0.9368, Test accuracy: 0.7396
Camada: meio
Peso 1:
[[-0.25376636 -0.24429324 -0.35039365  0.40397802]
 [ 0.11522669 -0.3406056   0.07973894  0.13003416]
 [-0.24240212  0.30743685 -0.11093336  0.18533754]
 [-0.16142021  0.02881131  0.11124571  0.32602465]
 [ 0.26201162 -0.27524078  0.43840796  0.36081445]
 [-0.06666517  0.46362004 -0.03574411  0.1363756 ]
 [ 0.515204    0.08408609  0.02076334 -0.13138366]
 [ 0.08969579  0.47236034  0.42574334  0.48278916]
 [ 0.47640786 -0.18395254  0.2052935   0.04494525]
 [ 0.17295405 -0.26042643 -0.03285403  0.03103642]
 [-0.05427067 -0.4779005   0.26369867  0.41886967]
 [ 0.47496778  0.23764476  0.31306893  0.12906343]
 [ 0.2876001   0.28777793  0.4173375   0.3592165 ]
 [ 0.8575378  -0.41797936 -0.6445835   0.0114788 ]
 [ 0.25924024  0.06500908 -0.23801412  0.5689615 ]
 [-0.2845832  -0.29051116  0.25224257 -0.0302802 ]
 [-0.24158034  0.2125444   0.14355615 -0.15556686]
 [ 0.5965095  -0.4461551  -0.43654054  0.5313763 ]
 [ 0.32911986 -0.01251741  0.58684903 -0.04568147]
 [-0.39340556  0.17396761  0.5160375   0.24819843]
 [-0.6020561   0.1379273   1.9475824  -1.8997017 ]]
Peso 2:
[ 0.65382826 -0.00867021 -0.4622007   1.1021595 ]
Camada: saida
Peso 1:
[[-0.74140316  1.3771731 ]
 [-0.63669986 -0.69110787]
 [ 1.7466717  -1.3612134 ]
 [-1.6281868   1.8844895 ]]
Peso 2:
[-0.2890709   0.28907156]



pesos modelo: 
Test loss: 0.9720, Test accuracy: 0.7440
Camada: meio
Peso 1:
[[ 0.31703195 -0.20177531  0.30272576 -0.38992512]
 [-0.1956787   0.11694632  0.06375907  0.11420361]
 [-0.18411608  0.31384107  0.08809048  0.08264836]
 [-0.3518749  -0.20946208  0.04858346  0.15950896]
 [-0.35986194 -0.0361043   0.12812458 -0.02212495]
 [ 0.15229177 -0.39812285  0.07782357  0.09508082]
 [ 0.12574047 -0.25629655  0.04805694  0.18429649]
 [ 0.41003782 -0.44454378  0.1065433   0.03870193]
 [-0.29381785 -0.0934061   0.10429481  0.03738624]
 [-0.16518345  0.21044602  0.08236491  0.13343327]
 [-0.11449572  0.01843029  0.06009705  0.13328068]
 [-0.24582034  0.17260967  0.07283072  0.10060813]
 [-0.3762052  -0.01392113  0.05517854  0.11513222]
 [ 0.25291267 -0.41709915  1.0439038   0.33348238]
 [-0.40531525  0.1207328   0.8321475   0.11607458]
 [-0.47837093 -0.36285892  0.1252506  -0.35705376]
 [ 0.07695355 -0.39306256  0.09291547 -0.30982256]
 [-0.09949789  0.32005966  0.9541875   0.41024575]
 [ 0.13443883 -0.42655328 -0.32625312  0.44617587]
 [ 0.03859776 -0.22989401 -0.15784286  0.14621727]
 [-0.4761568   0.3844606  -2.2269173  -1.8099085 ]]
Peso 2:
[-0.10545241 -0.16350284  1.7835494   0.97347707]
Camada: saida
Peso 1:
[[-0.32037264 -0.9289921 ]
 [ 0.23861143 -0.8234008 ]
 [-2.6876864   1.6277418 ]
 [-1.5974507   1.1944966 ]]
Peso 2:
[ 3.2654552 -3.265457 ]



pesos modelo: 
Test loss: 0.9871, Test accuracy: 0.7415
Camada: meio
Peso 1:
[[-0.24933122 -0.1210174  -0.20934647 -0.06065124]
 [ 0.24718766  0.4910907   0.00459076  0.17277282]
 [-0.22250184  0.11652043  0.2879991   0.35268322]
 [-0.3486548   0.18380955  0.08210909  0.18743342]
 [-0.02466567  0.20178856  0.24772759  0.30149564]
 [-0.05959732 -0.41194272  0.0101637   0.09062819]
 [-0.29060453  0.10247796  0.36272022  0.40694425]
 [ 0.23116456  0.10646085 -0.22755569 -0.00859245]
 [ 0.14822772  0.44296613  0.23752858  0.3314672 ]
 [-0.14126728  0.0975483  -0.04334227  0.13267097]
 [-0.21961345  0.5063876   0.02861512  0.20788147]
 [-0.07336217 -0.10488003  0.27737728  0.29909903]
 [-0.4968598  -0.20419294 -0.1285515   0.01320824]
 [ 0.06957117  0.22781353 -0.4119183   0.8526284 ]
 [ 0.2161345  -0.5358467  -0.18071589  0.77109826]
 [-0.07007402 -0.07050959  0.62358963  0.04431506]
 [-0.3792325  -0.24171889  0.21097243 -0.28146192]
 [-0.00836969 -0.46195453 -0.4993286   0.72316045]
 [ 0.32127318 -0.04124185  0.4613348  -0.03569004]
 [-0.33775574  0.05088926  0.74091613  0.1983635 ]
 [-0.32442364  0.32036224  1.6897517  -2.1869404 ]]
Peso 2:
[-0.152117    0.01362566 -0.43919966  1.3901993 ]
Camada: saida
Peso 1:
[[ 5.6001097e-01  3.7733588e-04]
 [-3.5489914e-01 -8.0601746e-01]
 [ 2.2243614e+00 -6.3638407e-01]
 [-1.4201896e+00  2.5884106e+00]]
Peso 2:
[-0.2724618   0.27246362]



pesos modelo: 
Test loss: 0.9715, Test accuracy: 0.7147
Camada: meio
Peso 1:
[[-4.6343228e-01  2.0301703e-01  4.4902536e-01 -2.3168147e-02]
 [-9.7387627e-02 -2.3281661e-01  1.1935989e-01  3.9230788e-01]
 [ 1.8721663e-03 -1.2842771e-02 -1.4428160e-01 -1.9461675e-01]
 [-7.5752974e-02  1.6231117e-01  7.1366787e-02  3.9071700e-01]
 [-6.3367970e-02 -1.4053148e-01  2.5791166e-02 -1.4762869e-01]
 [-2.8520562e-02 -5.2782711e-02 -1.1022829e-01 -3.6974052e-01]
 [-1.0350145e-01  9.9838749e-03  3.5462029e-02  1.1073173e-01]
 [-1.7372573e-02 -2.7428046e-01 -2.2572541e-01 -4.2790365e-01]
 [-4.8555244e-02 -3.2341841e-01 -7.8188010e-02 -2.1199676e-01]
 [-5.1695142e-02 -2.4116336e-01 -7.1945593e-02  1.1720373e-01]
 [-9.1414023e-03  1.3502175e-01 -1.7573237e-01 -1.7298312e-01]
 [-8.8952882e-03  2.4772047e-01 -1.3897249e-01 -3.4329841e-01]
 [-3.8842406e-02 -4.0214974e-01 -9.9621013e-02  5.4464722e-01]
 [-7.0117128e-01  3.5963783e-01 -2.5053799e-01  3.6329442e-01]
 [-6.2833863e-01 -1.8585679e-01 -4.9471870e-01  5.0584906e-01]
 [ 3.9575958e-01 -2.9042313e-01  1.0597878e-01  3.1768987e-01]
 [ 3.8562468e-01 -1.1930754e-01  4.2024288e-01  1.7213594e-02]
 [-6.2424350e-01 -1.6204773e-01 -4.8903081e-01 -3.6550057e-01]
 [ 3.3390874e-01  1.0603070e-01  3.3889273e-01 -4.0448174e-01]
 [ 4.2330554e-01 -2.3721236e-01  2.9338059e-01  2.6221222e-01]
 [ 2.4323537e+00 -1.3816434e-01  1.4718654e+00 -1.4019330e-01]]
Peso 2:
[-0.6192733  -0.06697375 -0.32331404  0.10729308]
Camada: saida
Peso 1:
[[ 2.1787634  -1.7180402 ]
 [ 0.56793386  0.3703336 ]
 [ 1.4653474  -0.51103234]
 [-0.50912976  0.05158655]]
Peso 2:
[-3.3063486  3.3063524]



pesos modelo: 
Test loss: 0.7533, Test accuracy: 0.7937
Camada: meio
Peso 1:
[[-0.3024869  -0.20010716  0.34692946  0.07377473]
 [ 0.12796502  0.16670685  0.14401089 -0.17013729]
 [ 0.3544416  -0.34653223  0.34146386 -0.04187369]
 [ 0.48440585  0.12988727  0.20931548  0.36968946]
 [ 0.1626498  -0.09670644  0.26132828 -0.282843  ]
 [ 0.35382304 -0.21569054 -0.08384225  0.48787746]
 [ 0.08742402  0.4152887  -0.03043693 -0.11794557]
 [ 0.40466994  0.18110493  0.19091277  0.16520369]
 [ 0.2176631  -0.40614802  0.08240304 -0.01042926]
 [-0.0103677   0.14522165 -0.44535106  0.20208207]
 [ 0.42494556  0.37673885  0.4333899  -0.12109154]
 [ 0.05991272 -0.47251537 -0.05173608 -0.08474413]
 [ 0.12548064  0.12812728 -0.0753355   0.02026836]
 [ 0.45645887 -0.09067943 -0.5159492  -0.642165  ]
 [ 0.824114   -0.41987342 -0.6599204  -0.2576026 ]
 [-0.0925815  -0.5065047   0.16699791  0.37668318]
 [ 0.01466872 -0.3887988   0.35423258  0.26932186]
 [ 0.86149955 -0.18110421 -0.08227462 -0.12231293]
 [-0.04114643  0.10017495  0.3687532   0.02263999]
 [-0.01470276  0.29090112  0.3267024   0.35544148]
 [-1.7076648  -0.44578087  1.7579298   1.5323634 ]]
Peso 2:
[ 1.242378   -0.12390351 -0.4211397  -0.24264918]
Camada: saida
Peso 1:
[[-1.8781549   1.6674036 ]
 [ 0.8013279   0.70779425]
 [ 1.7427115  -0.8918901 ]
 [ 0.91630244 -1.2117074 ]]
Peso 2:
[-0.5409349   0.54093534]



pesos modelo: 
Test loss: 0.7796, Test accuracy: 0.7707
Camada: meio
Peso 1:
[[ 1.55943185e-01  3.45342726e-01 -4.10146236e-01  2.89491147e-01]
 [ 2.19233990e-01 -1.73917487e-01  3.57313603e-01  3.35821986e-01]
 [-5.22534698e-02 -2.00956482e-02 -4.10922825e-01  1.04441091e-01]
 [ 2.31261611e-01 -2.12371737e-01 -4.10701185e-02  3.51273656e-01]
 [ 1.17840931e-01  7.95561597e-02  3.87815833e-02  2.53771991e-01]
 [ 3.08008231e-02  5.03865145e-02  4.45012689e-01  1.62002653e-01]
 [ 3.50117058e-01 -1.32221095e-02  4.23152804e-01  4.88523662e-01]
 [-6.06254861e-02 -2.10380033e-01  3.16676199e-01  8.96476731e-02]
 [ 3.06992322e-01 -4.37891752e-01  2.73638546e-01  4.66606319e-01]
 [-3.66975069e-01 -2.12635696e-02 -3.29661816e-01 -1.42391458e-01]
 [-7.97354504e-02 -3.59350890e-01 -3.38635921e-01  1.24822900e-01]
 [ 9.79316086e-02 -1.54390305e-01  1.08032696e-01  2.15215415e-01]
 [ 1.62296221e-02  3.16072553e-02 -1.27912179e-01  1.97369576e-01]
 [-6.53412938e-01  1.56384438e-01  2.60576695e-01  7.32161999e-01]
 [-3.73993814e-01 -2.58182213e-02 -4.13807392e-01  6.89553261e-01]
 [ 5.81728041e-01 -1.51834801e-01 -4.25724328e-01  2.73030549e-01]
 [ 4.34340268e-01 -2.07450345e-01  3.06249689e-02 -8.25041607e-02]
 [-3.60746145e-01 -2.05643829e-02 -2.28904992e-01  7.06205428e-01]
 [ 1.24779977e-01  8.07081163e-02 -4.32411253e-01 -1.59898624e-01]
 [ 5.77246606e-01  2.55616218e-01  3.75515491e-01  1.00500323e-01]
 [ 2.32370281e+00  4.31133993e-02 -5.99294028e-04 -1.75266778e+00]]
Peso 2:
[-0.6258746  -0.07051411  0.03485204  1.073068  ]
Camada: saida
Peso 1:
[[ 2.0936646  -1.3497456 ]
 [-0.0501355  -0.80558836]
 [-0.7295055  -0.37543637]
 [-1.3494302   2.063955  ]]
Peso 2:
[-0.52324986  0.52325237]



pesos modelo: 
Test loss: 0.6072, Test accuracy: 0.8153
Camada: meio
Peso 1:
[[ 1.69346660e-01 -4.36001509e-01  3.99090499e-01  4.67615426e-02]
 [-4.51964401e-02 -9.56831221e-03 -6.99595734e-03  3.47563475e-01]
 [ 9.07205567e-02  3.45105439e-01 -3.36223453e-01 -3.37526053e-01]
 [ 1.09582804e-01  3.24106783e-01  1.15363918e-01 -2.82572329e-01]
 [ 1.67088687e-01  2.08169475e-01  1.21441886e-01  3.16402286e-01]
 [-1.25013664e-01 -1.04669772e-01  2.76691645e-01  3.92351568e-01]
 [ 1.12559451e-02  7.64335394e-02 -1.18929870e-01  3.06545675e-01]
 [-2.05466151e-02  2.06684574e-01  1.74446300e-01 -1.11798473e-01]
 [-1.12537965e-01  1.51638836e-01 -2.80056268e-01 -2.70486921e-01]
 [ 2.55996048e-01  3.08340311e-01 -3.97073835e-01  5.22982180e-01]
 [ 2.84856427e-02  1.35239527e-01  8.53125080e-02  2.29882434e-01]
 [-8.50513985e-04  8.75394866e-02 -4.19141412e-01  2.13146001e-01]
 [ 5.74095249e-02  2.75480360e-01 -4.75584269e-01 -9.74026248e-02]
 [-7.54215777e-01  2.20647499e-01 -4.82613862e-01  4.48295623e-01]
 [-5.30517280e-01  9.57402170e-01  1.02310508e-01 -2.67122626e-01]
 [ 6.37465060e-01  2.16864690e-01 -2.03572094e-01  2.67500430e-01]
 [ 1.92137003e-01 -3.19777727e-01 -3.69385749e-01  1.82515576e-01]
 [-5.51910639e-01  6.14668489e-01 -1.83263645e-01  1.49124116e-01]
 [ 6.50045693e-01  4.82878625e-01  2.20611960e-01 -3.29421371e-01]
 [ 3.27933490e-01 -2.24352255e-01 -2.17210561e-01  2.53672928e-01]
 [ 2.23491049e+00 -1.71755540e+00 -3.01629126e-01 -8.20223749e-01]]
Peso 2:
[-0.42833185  1.123081   -0.01545443  0.32663235]
Camada: saida
Peso 1:
[[ 2.185389   -1.221415  ]
 [-2.102572    1.115324  ]
 [-0.7291678  -0.9123408 ]
 [-0.21863112  0.98474425]]
Peso 2:
[-0.5859073  0.5859088]



pesos modelo: 
Test loss: 2.0463, Test accuracy: 0.6269
Camada: meio
Peso 1:
[[ 0.44639084  0.19395086 -0.38649082 -0.38895756]
 [-0.36353883  0.15836453  0.00472474 -0.03308239]
 [-0.24353519 -0.04540211 -0.19864538 -0.07940944]
 [-0.14595495  0.03210758  0.01272297 -0.1435697 ]
 [-0.38085738 -0.10585006 -0.14883375 -0.2787838 ]
 [ 0.2915674   0.22108431  0.18220507  0.00942427]
 [ 0.1619648   0.368037    0.48861352 -0.1852366 ]
 [-0.38792163  0.1329653  -0.11016543 -0.02998573]
 [-0.19390397  0.1606994  -0.00302457 -0.03533917]
 [ 0.49703202  0.06553351 -0.16327779  0.11970451]
 [ 0.0463813   0.25636393 -0.01783894  0.18190874]
 [ 0.20043938  0.33377174  0.24399722  0.13430145]
 [ 0.393062    0.31770253  0.18444805  0.15045084]
 [-0.18047008  0.9801777  -0.51489526 -0.03759651]
 [ 0.50168645  0.518457   -0.63984036 -0.29382512]
 [-0.5009111  -0.0163809   0.34979564  0.34833327]
 [ 0.33973017  0.29196027  0.619135    0.76890075]
 [-0.15305659  0.89475834 -0.51869476 -0.3779349 ]
 [ 0.5187922  -0.23348638  0.44186312  0.05301934]
 [-0.5727316   0.04848438  0.39922035  0.4756363 ]
 [ 0.01304124 -1.6920259   1.3422569   1.574974  ]]
Peso 2:
[ 0.21530202  1.2479348  -0.618291   -0.3707934 ]
Camada: saida
Peso 1:
[[-1.1361473  -0.19312531]
 [-1.5222136   2.030903  ]
 [ 0.6281279  -1.8743197 ]
 [ 0.2245386  -2.0011468 ]]
Peso 2:
[-0.74231863  0.74232006]



pesos modelo: 
Test loss: 1.0737, Test accuracy: 0.7414
Camada: meio
Peso 1:
[[ 4.39525515e-01  4.44961280e-01  1.18976742e-01  4.06984597e-01]
 [-4.21970300e-02 -2.58609891e-01  5.28873764e-02  1.89278394e-01]
 [ 1.51214227e-01  1.66113488e-04  3.92103702e-01  2.79056996e-01]
 [-1.27419204e-01  4.63991016e-01 -1.68222026e-03  4.20206273e-03]
 [-1.13695011e-01 -2.76499748e-01 -3.92332077e-02 -9.16976556e-02]
 [ 6.93892986e-02  2.73813587e-02  3.03027153e-01  8.98298696e-02]
 [ 8.61906782e-02 -1.42950669e-01  3.00527304e-01 -2.52671748e-01]
 [-1.52934259e-02 -1.03624783e-01  1.75889060e-01 -3.13218385e-01]
 [ 1.95792571e-01  8.12109336e-02  4.68328267e-01  3.09915274e-01]
 [-2.27537453e-01  3.63562137e-01 -5.63553385e-02 -3.64616483e-01]
 [-1.41110998e-02 -4.26052362e-01  1.21909589e-01 -6.65923208e-02]
 [ 1.09637687e-02 -3.39059651e-01  1.17542416e-01 -2.19065502e-01]
 [-3.11917849e-02 -2.43294239e-01  8.43927041e-02  3.72918993e-01]
 [-7.57358611e-01 -2.51556545e-01  8.31417441e-01 -2.91285813e-01]
 [-7.22801924e-01 -5.17560124e-01  6.26161098e-01 -1.64968714e-01]
 [ 5.42007744e-01  4.87432301e-01  3.04468215e-01 -5.32371163e-01]
 [ 6.90263450e-01 -2.84449160e-01  3.44211310e-01  1.02193952e-01]
 [-8.32700729e-01  9.13424343e-02  3.47814500e-01 -1.79186806e-01]
 [ 6.29054725e-01  4.10843581e-01  4.51912403e-01 -3.34431559e-01]
 [ 4.12554085e-01  3.49174403e-02  1.65555067e-02 -1.09607719e-01]
 [ 2.35012984e+00  3.94626558e-01 -1.49327481e+00  2.88551867e-01]]
Peso 2:
[-0.61855793  0.02187792  1.0152608   0.03091774]
Camada: saida
Peso 1:
[[ 2.0703924  -1.8784598 ]
 [ 0.5015144   0.07686683]
 [-1.2988036   1.4619797 ]
 [-0.08622323  0.64887655]]
Peso 2:
[-1.1416173  1.1416129]



pesos modelo: 
Test loss: 0.5943, Test accuracy: 0.7953
Camada: meio
Peso 1:
[[-0.44110757  0.08831772  0.336252   -0.2936793 ]
 [-0.02996048  0.01297632  0.26983815  0.20616981]
 [-0.03648793 -0.11090785 -0.10918713 -0.34360895]
 [ 0.09935752  0.2768584   0.64818084  0.23074287]
 [-0.23323765 -0.01820928  0.08311132 -0.15793717]
 [-0.24066775  0.01153899  0.22917145  0.0984489 ]
 [ 0.16464812  0.01798023  0.23249637  0.00401681]
 [-0.33392677  0.13092725  0.39213458 -0.01039073]
 [-0.34210962  0.08845874  0.38663486  0.1012049 ]
 [ 0.25228584  0.06501704  0.38227254  0.05707019]
 [ 0.27110758  0.16737962  0.37453493 -0.282559  ]
 [-0.21406303 -0.09172618  0.06140288  0.12210661]
 [-0.32834664 -0.06435641  0.13408302  0.03211796]
 [ 0.03500916 -0.47117162  0.45144802 -0.6780686 ]
 [ 0.24168292 -0.6160446   0.2774688  -0.08959773]
 [-0.11950886  0.4319771   0.26442358  0.3045019 ]
 [-0.05158355  0.28040382 -0.12544039  0.42145482]
 [ 0.16419953 -0.70731235  0.37584242 -0.43347827]
 [-0.15259732  0.39011914  0.4004126   0.5826536 ]
 [-0.41537827  0.54248893  0.25528952  0.04841111]
 [-0.23099339  2.4557836  -1.5274565   0.34443817]]
Peso 2:
[-0.31464896 -0.50248045  0.9837136  -0.231433  ]
Camada: saida
Peso 1:
[[ 0.7146613  -0.06389912]
 [ 2.0844433  -1.8355184 ]
 [-2.0662513   0.67676514]
 [ 1.0493687   0.1250026 ]]
Peso 2:
[-1.0154305  1.0154296]



pesos modelo: 
Test loss: 0.8297, Test accuracy: 0.7611
Camada: meio
Peso 1:
[[ 0.48163602 -0.17921269 -0.05720738  0.26595047]
 [-0.05579795  0.10053707 -0.07041346  0.00416445]
 [-0.0104758   0.10205126  0.25289997 -0.2810482 ]
 [-0.12749584  0.10223626 -0.03500511 -0.23173372]
 [-0.37018362  0.09182847 -0.00448464  0.03630106]
 [-0.19579291  0.10241967 -0.06336059 -0.18001762]
 [-0.10750645  0.10407083 -0.43270183  0.07285023]
 [ 0.19574118  0.09931075 -0.28695455  0.02416823]
 [-0.08849604  0.10109485  0.14406969  0.14685926]
 [-0.29836786  0.11285335 -0.4848517   0.3231958 ]
 [-0.31847426  0.10491324  0.07336078 -0.32156515]
 [ 0.38828856  0.09883312  0.28179133 -0.07165222]
 [-0.49403033  0.10235745 -0.45039803 -0.3095281 ]
 [-0.02415642  0.79666364  0.14225999  0.37634206]
 [ 0.25584212  1.0553789   0.15487543 -0.03818841]
 [-0.48326328 -0.09101079 -0.29075846  0.07530791]
 [-0.2447764  -0.09674355  0.00803684 -0.33288062]
 [ 0.23059867  0.9224808  -0.17046526 -0.26486588]
 [-0.11110371 -0.04480022 -0.13750647  0.16284649]
 [-0.41714123 -0.09847034 -0.17532809  0.21946135]
 [ 0.25495496 -2.702681   -0.20870183 -0.301834  ]]
Peso 2:
[-0.08989035  2.1251671  -0.11581893 -0.09271932]
Camada: saida
Peso 1:
[[ 0.9427973  -0.34732887]
 [-2.9062207   2.237759  ]
 [-0.04374066 -0.612626  ]
 [-0.04412182  0.42157134]]
Peso 2:
[ 3.2597451 -3.2597454]



pesos modelo: 
Test loss: 0.9143, Test accuracy: 0.7551
Camada: meio
Peso 1:
[[ 0.24167785  0.32772335 -0.12584794  0.44623265]
 [ 0.21831329  0.17177257 -0.3515137   0.01002108]
 [-0.25737077  0.6182855  -0.45457482  0.13136743]
 [ 0.3327131   0.44155332  0.40617612  0.2577071 ]
 [ 0.03017081  0.38665342 -0.11607373  0.11611072]
 [ 0.0830113   0.3054941  -0.20622362  0.05733757]
 [-0.40048397  0.4002714  -0.07295554 -0.02715423]
 [ 0.34890425  0.3879666  -0.26830727  0.14781179]
 [ 0.35686368  0.12847343  0.02401281  0.0502067 ]
 [ 0.5025332   0.4330875  -0.09093215  0.22444046]
 [ 0.18304211  0.01901094  0.3835922  -0.05615487]
 [-0.36257297 -0.17491433  0.06305786 -0.28992417]
 [ 0.40154117  0.08203886  0.35082087  0.06289558]
 [ 0.05383207  0.3513819  -0.30497757 -0.8640035 ]
 [-0.05141139  0.7891973  -0.1465696  -0.48276278]
 [-0.3756683   0.32815126  0.30297342  0.47168097]
 [ 0.24682456 -0.30610913 -0.29358748  0.33640105]
 [ 0.13382298  0.21401934 -0.25753036 -0.9303081 ]
 [-0.37271327  0.25796127  0.39886397  0.43487343]
 [ 0.37482938  0.06712125  0.20602393  0.5364571 ]
 [-0.40672272 -1.0005573  -0.28825048  2.5851393 ]]
Peso 2:
[ 0.3238026   0.9226116   0.07678773 -0.6620381 ]
Camada: saida
Peso 1:
[[-0.4224795   0.7773075 ]
 [-1.5079921   0.8639743 ]
 [ 0.64343834  1.0786049 ]
 [ 2.513601   -1.6106151 ]]
Peso 2:
[-1.0583334  1.0583338]



pesos modelo: 
Test loss: 0.8632, Test accuracy: 0.7611
Camada: meio
Peso 1:
[[-0.02526051  0.07106051  0.0146974  -0.34695294]
 [-0.20388709 -0.11717128  0.06717157 -0.4905332 ]
 [-0.21730001  0.02772808  0.2042299   0.29040515]
 [-0.236376    0.36234498  0.50770825  0.02396986]
 [ 0.14983852 -0.1410616  -0.00538854  0.02672496]
 [-0.19310482 -0.26230913 -0.09267496 -0.4040383 ]
 [ 0.36596093  0.1509953   0.3005634   0.19654377]
 [-0.39103496  0.06838708  0.28678384  0.13950905]
 [-0.02497561  0.06827538  0.23627658  0.04821594]
 [-0.11603302  0.16162667  0.3525067  -0.29465863]
 [-0.24389184 -0.06155561  0.12774661  0.08705222]
 [ 0.49180907  0.23834313  0.32330495 -0.10472257]
 [ 0.09301973  0.01792985  0.17776142  0.2576659 ]
 [ 0.3535066  -0.08340599  1.095747   -0.23858373]
 [ 0.29116666 -0.3683185   0.64575756  0.27918658]
 [-0.19843042  0.36083597 -0.06990021 -0.33688605]
 [ 0.32741222  0.29265738 -0.23933825 -0.0982145 ]
 [ 0.04257951 -0.48749796  0.9420032  -0.26169288]
 [ 0.00650664  0.34832302 -0.09067348 -0.2980164 ]
 [ 0.17336996  0.64378005  0.20244537 -0.28797925]
 [-0.08308394  2.392951   -1.6663307  -0.32608688]]
Peso 2:
[ 0.13658312 -0.59676343  1.2278867  -0.21836808]
Camada: saida
Peso 1:
[[-1.1516162  -0.62891746]
 [ 2.2000206  -1.199503  ]
 [-1.1172256   2.264782  ]
 [ 0.6682695  -0.23479745]]
Peso 2:
[-0.4585111  0.458513 ]



pesos modelo: 
Test loss: 0.4212, Test accuracy: 0.8424
Camada: meio
Peso 1:
[[ 0.3756306  -0.2586648  -0.4491284   0.18046233]
 [-0.0169756   0.33243358  0.4104029   0.32012677]
 [-0.16940008  0.15097618  0.3798606   0.07805777]
 [-0.33205703 -0.16220462 -0.18044215  0.2013555 ]
 [-0.34773344  0.06627093 -0.03085107  0.41584522]
 [ 0.4680851   0.25023898  0.05111398  0.4875732 ]
 [ 0.05032213  0.25076592  0.51372904  0.09337591]
 [-0.3829159  -0.01375349  0.46358848 -0.19865602]
 [-0.3022645  -0.18558097  0.04390862 -0.09240153]
 [ 0.08107553 -0.09054585  0.06313381  0.02906245]
 [ 0.17142406  0.08249914  0.5781392  -0.27064964]
 [ 0.41903806  0.19667545  0.3791175   0.07925425]
 [ 0.12963186 -0.01232824  0.13597603  0.06099702]
 [-0.36489135 -0.35475984  0.43758819  0.45587957]
 [-0.1354267  -0.5066607   0.6260454   0.32515588]
 [ 0.45147964  0.26656663 -0.15171419 -0.04588172]
 [-0.04942014  0.5576048   0.18650784  0.2827164 ]
 [ 0.36500216 -0.37333137  0.12415355  0.7055948 ]
 [ 0.3185112   0.23535919 -0.12479524  0.06182273]
 [ 0.2950871   0.3261631  -0.21333084  0.20797916]
 [-0.2691969   2.4078171  -1.2483376  -1.2015148 ]]
Peso 2:
[ 0.03425821 -0.44851577  0.85078424  0.749882  ]
Camada: saida
Peso 1:
[[ 0.7236421  1.1158819]
 [ 2.0771759 -1.5744554]
 [-1.344228   1.0819477]
 [-1.5654185  0.6514848]]
Peso 2:
[-0.4307938   0.43079627]



pesos modelo: 
Test loss: 0.6442, Test accuracy: 0.7948
Camada: meio
Peso 1:
[[-7.53905773e-02  1.40914649e-01  2.80145705e-02 -3.27964187e-01]
 [ 3.39710653e-01  7.99867660e-02 -1.00455545e-01 -3.52190137e-01]
 [ 3.48221362e-02 -1.71817005e-01  2.05823258e-01 -3.04559231e-01]
 [ 6.05474174e-01  2.61038005e-01 -2.80528009e-01 -1.05509199e-01]
 [ 8.59125108e-02 -6.93462566e-02  4.64586429e-02 -2.74862260e-01]
 [ 3.41285467e-01 -2.93562002e-02  2.55364269e-01 -5.76110519e-02]
 [ 3.25405180e-01 -3.77181135e-02  1.99282333e-01  2.70655096e-01]
 [ 4.70853239e-01  2.67534908e-02  1.80988997e-01 -1.25841781e-01]
 [ 7.85600394e-02 -1.54891722e-02 -1.35593116e-01  7.15932027e-02]
 [ 4.23348397e-02 -1.36812255e-01  1.44634172e-01 -3.73496325e-03]
 [ 2.50792056e-01 -4.05506082e-02  1.07091762e-01  1.79317042e-01]
 [ 2.92265147e-01  1.25498623e-01 -2.27041140e-01  4.05457728e-02]
 [ 2.22458825e-01 -4.69839461e-02  1.06342919e-01 -2.99619585e-01]
 [ 5.64836189e-02 -6.79063976e-01 -3.14510405e-01  4.86851521e-02]
 [ 1.56948045e-01 -5.50830543e-01 -5.08199096e-01  3.62578630e-01]
 [ 4.91427928e-01  5.43973505e-01  1.77984253e-01 -1.50591731e-01]
 [-1.91199422e-01  4.52385992e-01  8.76485603e-04 -4.64588672e-01]
 [ 4.78334367e-01 -7.54697144e-01 -1.50819853e-01  2.08450258e-01]
 [ 3.72028172e-01  4.80233401e-01  4.38725948e-01 -1.51834264e-01]
 [ 4.12935525e-01  5.61262667e-01  1.29616512e-02 -1.02609716e-01]
 [-7.74497926e-01  2.57616830e+00  1.18477595e+00  8.93467590e-02]]
Peso 2:
[ 0.7975919  -0.6330459  -0.27361503 -0.14829269]
Camada: saida
Peso 1:
[[-1.4707905   0.5871304 ]
 [ 2.4334376  -1.5850065 ]
 [ 0.19957238 -1.2574097 ]
 [-0.5159415  -0.7293763 ]]
Peso 2:
[-1.8361741  1.8361684]



pesos modelo: 
Test loss: 0.5614, Test accuracy: 0.8262
Camada: meio
Peso 1:
[[-0.3835964  -0.397621    0.36000076  0.3191475 ]
 [ 0.5781572  -0.09326756  0.02987516  0.30089813]
 [ 0.42562702 -0.11569012 -0.0408648  -0.21704397]
 [ 0.30343872 -0.02935957 -0.02653411  0.06066332]
 [ 0.3045802   0.04482277  0.01345872  0.112925  ]
 [-0.07696608  0.4822415   0.12024692 -0.1736271 ]
 [ 0.3823227   0.21833378  0.10467356 -0.43051416]
 [ 0.18287228  0.6240418   0.24663895 -0.0562171 ]
 [ 0.239588    0.550873    0.24566506  0.03669945]
 [ 0.39547217  0.22779198  0.09437853 -0.00565868]
 [-0.31035927  0.50834376  0.0257295  -0.2907107 ]
 [-0.05676389  0.5807565   0.18594891  0.10416468]
 [ 0.15244742 -0.11361615 -0.13585246  0.23491907]
 [ 0.41200033  0.31503227 -0.60188884 -0.01255964]
 [-0.18872868  0.49429423 -0.6305023  -0.10745789]
 [-0.03242242 -0.1234831   0.29388684 -0.3025235 ]
 [ 0.21650776 -0.11234914  0.39376563 -0.26867065]
 [ 0.38418674  0.6307612  -0.5765775   0.1290724 ]
 [-0.01998374 -0.02965202  0.3171816  -0.14602323]
 [ 0.2377253   0.11223232  0.4641254  -0.1863455 ]
 [-0.49626288 -0.8743398   2.645065    0.22290206]]
Peso 2:
[ 0.4498431   0.9502007  -0.69875616 -0.3002785 ]
Camada: saida
Peso 1:
[[-1.1191746   0.23823397]
 [-1.0746205   1.1740979 ]
 [ 1.8717548  -2.3600821 ]
 [ 0.816409   -0.65683734]]
Peso 2:
[-0.8249906   0.82499355]



pesos modelo: 
Test loss: 0.8277, Test accuracy: 0.7625
Camada: meio
Peso 1:
[[ 0.25136343  0.11997214  0.13437471  0.01764473]
 [ 0.45499876  0.35021237 -0.21419382 -0.22131786]
 [ 0.03168301 -0.10568849  0.03704085  0.2225151 ]
 [ 0.434599    0.08316939  0.21340366  0.11893152]
 [ 0.22969651  0.11040615 -0.0301892   0.2853729 ]
 [ 0.29445088 -0.15976077  0.38737065  0.34947798]
 [ 0.53734726  0.24777876  0.05453019  0.17931834]
 [-0.07151021  0.08026215 -0.38389635  0.20489195]
 [ 0.39347872  0.19188541 -0.06970235 -0.08914036]
 [ 0.39478505  0.11364751  0.09078353  0.34769133]
 [-0.04440419 -0.08665234 -0.1985461  -0.28054988]
 [-0.02024601 -0.10498773 -0.04343903  0.08975998]
 [ 0.5124921   0.22068034 -0.0080826  -0.39132282]
 [ 0.6710607  -0.42575717 -0.13587235 -0.11973237]
 [ 0.25888327 -0.7303991  -0.48857227  0.250738  ]
 [ 0.45080182  0.52382046  0.3532629   0.36030108]
 [ 0.46898177  0.4840713   0.5887359   0.36621207]
 [ 0.27686396 -0.73866606 -0.53387177  0.07741263]
 [-0.12933072  0.06273089  0.21935514 -0.14089689]
 [ 0.37941045  0.45785633  0.49381936  0.43089995]
 [-1.4871991   1.8289994   1.5616196   0.26917738]]
Peso 2:
[ 0.96273834 -0.5430554  -0.33970705  0.16317491]
Camada: saida
Peso 1:
[[-2.1169345   0.6776735 ]
 [ 1.7397846  -1.5952806 ]
 [ 1.2599019  -1.201814  ]
 [ 0.46567088  0.7864322 ]]
Peso 2:
[-0.82413334  0.82413405]



pesos modelo: 
Test loss: 0.6623, Test accuracy: 0.7853
Camada: meio
Peso 1:
[[ 0.11556551 -0.3434731   0.16065165  0.11716953]
 [ 0.15384845 -0.16575038 -0.02735577 -0.02360945]
 [ 0.0271981   0.28286207 -0.44787446  0.38796914]
 [ 0.04108281 -0.11284578  0.17341197  0.02710767]
 [-0.2073344  -0.10108697 -0.04486259  0.02710059]
 [-0.49376282  0.18585418  0.34799024  0.29484996]
 [ 0.07828015  0.02121342 -0.3114876   0.1577907 ]
 [-0.19612081 -0.13754877 -0.42808354  0.04260948]
 [-0.07148632  0.17701611  0.00576809  0.32110122]
 [-0.36679932  0.3324635  -0.21378759  0.46246842]
 [ 0.07914185 -0.17755383  0.0194787  -0.00713159]
 [ 0.14701223  0.18038067  0.3006695   0.27428243]
 [ 0.21306539 -0.01986344  0.42227     0.13051006]
 [-0.12345491 -0.3051485  -0.30040464  0.605516  ]
 [ 0.04195412 -0.45700052 -0.27171636  0.7776691 ]
 [-0.1166137   0.29122937 -0.05836957 -0.02355338]
 [-0.01527725  0.45569736 -0.12263837  0.00615152]
 [-0.07731965 -0.6110788  -0.03968528  0.34310928]
 [-0.5298317   0.37877005 -0.3706907   0.01843531]
 [-0.04901504  0.633199    0.27171913  0.20725803]
 [-0.40563086  2.1851463  -0.36903283 -1.9042907 ]]
Peso 2:
[-0.28761387 -0.42603505  0.02280154  1.1896938 ]
Camada: saida
Peso 1:
[[ 0.6689735  -0.5785022 ]
 [ 2.0966067  -1.2314174 ]
 [-0.5061334  -0.32672086]
 [-1.6723667   1.9634746 ]]
Peso 2:
[-0.52521944  0.5252208 ]



pesos modelo: 
Test loss: 1.0185, Test accuracy: 0.7398
Camada: meio
Peso 1:
[[-2.6232249e-01  4.3412533e-01 -4.0841490e-01 -3.5955226e-01]
 [ 5.3624123e-01  1.0352974e-01 -2.6390547e-01  1.1585841e-01]
 [-5.3328648e-02  2.9621971e-01  4.0975583e-01  3.2568701e-02]
 [ 3.9128568e-03  2.1080087e-01  3.4740147e-01  3.8287204e-02]
 [ 4.3663368e-01 -7.9731853e-04 -1.0993803e-01  1.0888423e-01]
 [-1.0927425e-01 -3.1784242e-01  5.5743396e-01  8.5721187e-02]
 [ 1.1352926e-01 -4.4701609e-01  5.7915860e-01  2.2769628e-01]
 [ 4.4719824e-01 -4.7316864e-01  4.3145227e-01  3.8162741e-01]
 [ 1.0375734e-01 -1.3204813e-01  1.4908053e-01  6.4002629e-03]
 [ 5.2333373e-01 -1.4574765e-01  3.8534781e-01  3.8578948e-01]
 [ 3.2226580e-01 -2.2128806e-01 -2.3944059e-01 -6.3033819e-02]
 [-4.2870332e-02 -1.0570668e-01  3.3484706e-01  2.5940051e-02]
 [ 4.5040807e-01  2.1397011e-01 -1.8345222e-02  1.5746428e-01]
 [ 1.5428610e-01  8.6798258e-02  3.0590615e-01 -9.2633170e-01]
 [ 6.0552853e-01  2.5864556e-01  7.1395081e-01 -3.2549435e-01]
 [-1.4861092e-01 -4.5557255e-01  1.1424217e-01  3.8931501e-01]
 [-2.4540094e-01 -4.0354490e-02 -2.9169157e-01  1.5210740e-01]
 [ 7.0017105e-01  3.2021400e-01  4.6485329e-01 -5.4400963e-01]
 [ 2.9648539e-01  3.6633515e-01 -1.7745911e-01  5.0649548e-01]
 [ 5.6732737e-02 -1.9459285e-01  9.7010261e-04  4.0654060e-01]
 [-1.3407254e+00  1.6212673e-01 -7.8460777e-01  2.3358755e+00]]
Peso 2:
[ 0.86404145 -0.17667885  0.62459797 -0.7631097 ]
Camada: saida
Peso 1:
[[-1.7647806   0.8374716 ]
 [ 0.47179323  0.09842966]
 [-0.36610562  1.5490329 ]
 [ 1.825865   -1.9160179 ]]
Peso 2:
[-0.526449    0.52644855]
