


pesos modelo: 
Test loss: 0.6994, Test accuracy: 0.7833
Camada: meio
Peso 1:
[[-0.13051105 -0.05323869 -0.24114393  0.17475724  0.45465398  0.0421935
  -0.1448333   0.19152474]
 [-0.06784455  0.33731356  0.18639739 -0.05471227 -0.1476534   0.52571493
   0.3946757   0.33397633]
 [-0.16436829  0.4459172   0.16825338 -0.03691367  0.38957843  0.26667863
  -0.0082698  -0.3291391 ]
 [-0.37511453  0.23790972 -0.07273128  0.0499101   0.28169337  0.31333986
  -0.15088497  0.01870508]
 [-0.14575167  0.27793062  0.23898616 -0.27041277  0.395331    0.01247617
   0.10240238 -0.11015449]
 [-0.16079202  0.38106397  0.14189172 -0.05408179  0.42873544  0.15757017
  -0.10816985  0.11606973]
 [-0.11051292 -0.21431269 -0.20111665  0.08938965  0.07659588  0.10642533
  -0.3406921  -0.04254244]
 [ 0.3373089   0.06007846  0.15048794  0.3196272   0.13253094  0.08587439
   0.04450394 -0.4415466 ]
 [ 0.24543561  0.27692848  0.2071162  -0.096755    0.08111999  0.28270617
   0.34557855  0.05570591]
 [-0.3761685   0.02461442  0.23651956  0.39659446 -0.07535337  0.11613213
  -0.40237013 -0.0816962 ]
 [-0.31103286  0.2320988   0.21313855  0.23504561 -0.02003026  0.3001628
  -0.4454279  -0.3311946 ]
 [-0.02731167 -0.21661116 -0.08202457  0.14445445  0.01464294  0.01014153
   0.28818086  0.32121617]
 [ 0.29385424  0.01033187 -0.10810376 -0.31280652 -0.09191077  0.41285452
   0.07678467  0.0680217 ]
 [-0.158145   -0.45487112  0.64732146 -0.08098955  0.02721141  0.5515577
   0.29067937 -0.3069502 ]
 [ 0.19734235 -0.46228057  0.4676217   0.41795224  0.7179856   0.26229942
   0.12758155 -0.05600086]
 [-0.09760251  0.08658024 -0.13946284 -0.03330395 -0.07582905 -0.08495071
  -0.06994601 -0.32441813]
 [ 0.3212008   0.51040834  0.27461588 -0.34348753  0.24758317 -0.3889347
   0.00836039  0.2946585 ]
 [-0.3585695  -0.21304867  0.26143584 -0.06334777  0.06708125  0.8186928
  -0.3560185  -0.16290797]
 [ 0.14704654  0.11772084  0.22527863 -0.31078935 -0.12138033 -0.38082203
  -0.3426605  -0.04712288]
 [-0.39406204  0.92231834  0.12337265 -0.20826581  0.32911482  0.2882069
   0.3657036  -0.1054971 ]
 [ 0.27873158  1.8211224  -1.4677923   0.12678327 -1.3909854  -1.2239996
   0.35147485 -0.01438638]]
Peso 2:
[-0.01015418 -0.23769735  0.72666836  0.02794812  0.6417996   0.8158512
 -0.01816532  0.05290835]
Camada: saida
Peso 1:
[[ 0.20047794  0.18375367]
 [ 1.1516274  -1.7109187 ]
 [-1.2918571   1.102751  ]
 [-0.6853112   0.1027222 ]
 [-0.69384766  1.3457464 ]
 [-1.8535306   0.647971  ]
 [-0.4836662  -0.68550617]
 [-0.26455253  0.13078393]]
Peso 2:
[-0.04794896  0.04795153]



pesos modelo: 
Test loss: 0.9741, Test accuracy: 0.7425
Camada: meio
Peso 1:
[[ 3.74362469e-01 -1.38056368e-01 -1.32918686e-01  2.09501207e-01
   1.54302359e-01 -3.16004336e-01  1.94191337e-02 -4.38133836e-01]
 [-2.44961064e-02  4.92817499e-02  9.72347334e-02 -1.23040445e-01
  -2.99134403e-01  1.42888606e-01 -1.80918813e-01  3.13891679e-01]
 [ 2.05591127e-01  7.24962950e-02  3.59204888e-01  4.38904107e-01
  -3.86611551e-01 -5.50196394e-02 -4.25416857e-01  3.38121653e-01]
 [ 1.96636662e-01  5.10121822e-01 -1.54207215e-01  4.47387919e-02
  -3.28146713e-03  4.24371630e-01  1.59212098e-01  4.02362674e-01]
 [-5.52891940e-02 -4.28964756e-02  1.80190518e-01  1.54661953e-01
  -2.94890791e-01 -3.42937022e-01 -3.67079318e-01  3.04673612e-01]
 [ 1.79838296e-02 -1.33878693e-01  3.58968705e-01  3.96502942e-01
  -3.18691343e-01 -3.25677931e-01 -1.64661169e-01  2.67520756e-01]
 [ 1.16105549e-01 -8.56813341e-02  1.57370389e-01  1.34340385e-02
   3.31792951e-01  3.40881795e-01  5.98103330e-02  9.72853377e-02]
 [ 3.26570217e-03 -1.82054553e-03 -5.79294376e-02 -2.77051449e-01
   4.54629600e-01  1.47376925e-01  1.73351124e-01  1.54846683e-01]
 [ 5.31122386e-01  4.19369228e-02  2.95522958e-01 -3.14933389e-01
  -3.56905162e-01  7.23966733e-02  2.22736597e-01 -9.28804465e-03]
 [ 1.58137172e-01  2.13088721e-01 -3.45677048e-01 -4.45647269e-01
  -4.28576112e-01  1.64075539e-01 -1.54515401e-01  9.43242386e-02]
 [ 3.71357769e-01 -3.18332799e-02 -5.00387140e-03 -2.44554803e-01
  -2.10997805e-01  8.96929726e-02  2.50889152e-01 -1.23637341e-01]
 [ 4.72074419e-01  3.33119243e-01 -2.37345278e-01  1.73536018e-01
  -1.22955106e-01 -1.78246289e-01 -1.34559188e-04 -6.25713989e-02]
 [ 4.85421531e-02  2.62081414e-01 -2.50162035e-01 -1.74578175e-01
  -3.38146776e-01  2.88873732e-01 -2.99105287e-01  2.59516835e-01]
 [ 5.52745342e-01 -3.89318883e-01 -3.10060292e-01 -1.74435064e-01
  -7.36351833e-02 -5.59085384e-02 -3.39756191e-01  6.07955217e-01]
 [ 4.91668612e-01 -5.70639372e-01  1.79673324e-03 -4.18550789e-01
   3.43647271e-01 -7.18778418e-03  4.49488699e-01  6.86453342e-01]
 [-2.09784865e-01  3.40914637e-01  1.28806187e-02 -4.35733855e-01
   8.20667669e-02 -2.27353930e-01 -7.26860464e-02  8.12946409e-02]
 [ 2.50245363e-01  1.34612009e-01  4.55172569e-01  2.92447746e-01
  -1.75517693e-01  2.66817331e-01 -3.38111758e-01 -3.02026093e-01]
 [ 3.45537543e-01 -8.00677419e-01 -4.89694953e-01 -3.05876851e-01
  -2.68198639e-01 -8.03060271e-03  1.61811829e-01  1.07127093e-01]
 [-1.36714233e-02  4.75364119e-01  4.11268473e-01 -1.40437871e-01
  -1.96213737e-01  2.44649917e-01 -2.12374553e-02  3.02391827e-01]
 [-5.92907285e-03  3.73294473e-01  3.31043124e-01 -3.59598786e-01
  -4.40321118e-01 -2.90620595e-01  3.14186960e-01  6.02448806e-02]
 [-1.20632374e+00  1.52871025e+00  1.36033821e+00  9.81517807e-02
   4.44428861e-01  1.70135766e-01  2.41496876e-01 -1.60944390e+00]]
Peso 2:
[ 0.7054448  -0.4303682  -0.18585287  0.03295431  0.00458758 -0.00332402
  0.01475943  0.9678709 ]
Camada: saida
Peso 1:
[[-1.452345    0.79539824]
 [ 1.0222309  -1.6530836 ]
 [ 1.3545371  -0.57651925]
 [-0.19493774  0.4230057 ]
 [-0.61430174 -0.41263697]
 [-0.27008027 -0.2793281 ]
 [ 0.25778663  0.70859385]
 [-1.523264    1.2808974 ]]
Peso 2:
[-0.46199903  0.46200013]



pesos modelo: 
Test loss: 0.9157, Test accuracy: 0.7502
Camada: meio
Peso 1:
[[ 0.04219687  0.14144588 -0.09411839 -0.30441928 -0.2636271   0.25907737
   0.0994978   0.03475025]
 [ 0.3728697  -0.42848107  0.29465953 -0.39888248 -0.03600495 -0.04517843
   0.28826094  0.27581516]
 [ 0.2377302  -0.17106238 -0.06667104 -0.27559465 -0.00896139 -0.4239197
   0.2283721   0.09237434]
 [ 0.1292326   0.40903467  0.09053281 -0.05133695 -0.29345098  0.25335255
  -0.05289615  0.08925649]
 [ 0.3074862  -0.42883974 -0.13763845  0.12687092 -0.16913885 -0.44085264
   0.25097483 -0.34628737]
 [ 0.27304405 -0.29343578  0.31279796  0.04582032  0.0367574   0.25195822
   0.12833552  0.00255611]
 [ 0.30187115 -0.14947599  0.42115033 -0.45589033  0.2914324  -0.05677703
   0.14448082  0.2647493 ]
 [ 0.19517429 -0.1157954   0.44236392  0.13549021  0.15449166 -0.2400988
  -0.10829177 -0.15934588]
 [ 0.31800264 -0.14241904 -0.30113724 -0.18329474 -0.05845803  0.25729623
   0.3251873  -0.14634722]
 [ 0.09720609 -0.32559878  0.08617886  0.21290007  0.4236133  -0.29387528
  -0.04428285  0.24315244]
 [ 0.10587653 -0.36928853  0.06534433  0.18734787 -0.02431007  0.08113892
  -0.11211649  0.1124277 ]
 [ 0.04955327 -0.12376978  0.18508805 -0.47460482 -0.16847676 -0.01556167
  -0.14637083  0.14990313]
 [ 0.3167529   0.09282523  0.28199664  0.29460785  0.3011654   0.1944019
   0.16308306 -0.37318605]
 [ 0.7084531   0.31740803 -0.31512356 -0.2346996   0.12948097 -0.0204
  -0.4929123  -0.07706513]
 [ 0.8663216   0.12032529 -0.33500874  0.2272896   0.33545852 -0.29393354
  -0.1148218   0.10977563]
 [ 0.20026891  0.41500697  0.6290221   0.30448976 -0.12624918 -0.13299412
   0.49683028 -0.37937346]
 [-0.03820989 -0.28139266  0.48484907 -0.09825028 -0.3913617   0.25613034
   0.44957596  0.48564568]
 [ 0.8112346   0.14459014 -0.27607077  0.04039096 -0.4134205   0.22197583
  -0.22670713  0.01383399]
 [-0.26953256 -0.2955061   0.22391029 -0.05039186 -0.41179934 -0.45047328
  -0.01182228  0.17356695]
 [-0.0223898   0.44240823 -0.27360088 -0.06149773  0.57368433 -0.37907174
   0.72133964 -0.40158796]
 [-2.1396613   0.37717113  0.36787957 -0.21627007 -0.14520162 -0.36222875
   1.7729771  -0.02451256]]
Peso 2:
[ 1.2759715e+00 -8.1053772e-04 -1.9516411e-01 -2.2750230e-01
  1.9008683e-01 -1.1497890e-01 -4.2646837e-01  4.7297399e-02]
Camada: saida
Peso 1:
[[-1.7274919   2.176689  ]
 [-0.10994726 -0.07454352]
 [ 0.41428298 -0.55101085]
 [ 0.39967713 -0.09968974]
 [-0.81035423 -0.05944246]
 [ 0.4869748   0.22888446]
 [ 0.95417273 -1.7866216 ]
 [-0.7714804  -0.39088288]]
Peso 2:
[-0.37158197  0.3715844 ]



pesos modelo: 
Test loss: 0.5066, Test accuracy: 0.8423
Camada: meio
Peso 1:
[[-4.1265666e-01  5.7687163e-03 -4.2078757e-01 -3.1386206e-01
  -3.5313272e-01 -1.3352078e-01 -2.0534879e-01  3.9003360e-01]
 [-9.1147773e-02  1.2345935e-01  4.3048862e-01  3.9097509e-01
   4.0330493e-01  4.5395502e-01 -7.3976606e-02 -2.9601622e-01]
 [-2.4732900e-01  4.1795796e-01 -6.2771417e-02  3.5677600e-01
  -3.2143295e-01 -1.9176768e-02  1.4557944e-01 -2.5043365e-01]
 [ 3.9111620e-01  2.2909439e-01 -4.0146646e-01 -5.8896549e-02
  -1.4036675e-01 -1.8277521e-01  2.2088067e-01  3.6779514e-01]
 [ 3.8957977e-01  4.1385877e-01 -2.5083607e-01  3.0163735e-01
  -3.1520429e-01  2.0786199e-01  3.9969054e-01  4.3726259e-01]
 [-3.0071881e-01 -3.4735507e-01  1.4032382e-01  4.8097140e-01
   3.4854132e-01  2.9670069e-01  4.5755255e-01  4.1081423e-01]
 [ 1.1959707e-01 -9.7740434e-02  2.0436276e-01  6.7979507e-02
  -2.2764693e-01 -1.6994119e-01  3.2642186e-01  3.4185553e-01]
 [ 2.2298543e-01  1.6511919e-01  9.7461455e-02  2.0996450e-01
  -3.3255363e-01 -2.0023039e-01  1.6412152e-01  2.4785402e-01]
 [ 2.8760287e-01  1.1925338e-01 -5.4749511e-02  4.9835697e-01
  -1.8693405e-01  4.0173638e-01  4.6044193e-02 -1.7119331e-03]
 [ 2.2306687e-01  3.5048273e-01 -2.5220940e-01 -3.0089986e-01
  -1.8272251e-02 -6.1186515e-02  4.0437379e-01  1.4066185e-01]
 [ 5.0397526e-02 -1.6228998e-01 -1.6318651e-01 -1.8376702e-01
   4.1831827e-01  4.4227162e-01  4.8129386e-01  1.7957586e-01]
 [ 3.7361148e-01  2.6083204e-01  2.8359550e-01  3.9668244e-01
  -3.4752735e-01  6.0074799e-02 -1.8976863e-01 -9.1838077e-02]
 [ 5.3749979e-02 -2.9609016e-01  2.2123037e-01  3.9538924e-02
   7.0723727e-02  7.8004985e-03  2.7195549e-01  2.6612803e-01]
 [ 6.5036583e-01  3.2454276e-01  3.1327090e-01  3.3175945e-01
   5.4755485e-01 -7.0351899e-02  5.7941014e-01 -3.0574405e-01]
 [ 7.3972237e-01  3.0305877e-01  1.7649609e-01 -7.7308081e-02
   2.1164191e-01 -4.2183805e-01  6.7878383e-01  6.4273901e-02]
 [-8.8002592e-02 -1.9884039e-01 -2.5345936e-01 -2.9658264e-01
   4.8731533e-01 -1.6606553e-01  1.1261834e-01  6.4371222e-01]
 [ 1.5032971e-01 -1.6311592e-03 -2.7923614e-01  2.7967778e-01
   4.0285051e-01  6.7025381e-01 -1.1311304e-01  4.6494010e-01]
 [ 4.3774244e-01  4.8166059e-04 -8.1692683e-03 -3.2584362e-02
  -3.0820602e-01  4.8744533e-02  8.5824561e-01 -3.2929415e-01]
 [ 3.2403278e-01  4.5336568e-01 -3.2591256e-01 -1.8741712e-01
   2.1348076e-01  5.1333562e-02  3.4778882e-02  5.2065015e-01]
 [-8.2953498e-03 -3.9479200e-02  3.2353255e-01 -2.4869929e-01
  -7.1497694e-02  2.7628803e-01 -5.5944696e-02  1.3711433e-01]
 [-1.2048659e+00  6.4954299e-01  5.3759821e-02 -8.7973976e-01
  -6.4171022e-01  1.1825627e+00 -1.6900342e+00  1.2579283e+00]]
Peso 2:
[ 0.5186955  -0.02427199  0.08439537  0.5329261   0.2681883  -0.08065843
  0.80652225 -0.34301537]
Camada: saida
Peso 1:
[[-0.8461752   1.255319  ]
 [ 0.8695819   0.22482273]
 [-0.18489562  0.23780657]
 [-0.5181259   1.0298165 ]
 [-0.5460491   0.6296198 ]
 [ 0.52983916 -1.047814  ]
 [-1.4288285   1.4910587 ]
 [ 0.76328117 -1.5455602 ]]
Peso 2:
[-0.17406635  0.17406587]



pesos modelo: 
Test loss: 0.8963, Test accuracy: 0.7522
Camada: meio
Peso 1:
[[-0.23174636  0.29549694  0.16515285 -0.14753342  0.11654037  0.30695778
  -0.3724654  -0.18289313]
 [-0.17876819  0.16080825  0.08790234  0.5125229   0.40918258 -0.28230512
   0.4009119   0.09768732]
 [ 0.4393023  -0.44474787 -0.26053917 -0.12349708  0.14112774  0.03491033
   0.39503652  0.03578088]
 [-0.06869937 -0.3903157   0.36106786  0.38003606 -0.3771794  -0.4192361
  -0.00338463 -0.0551034 ]
 [ 0.23829198 -0.04930978  0.3297739   0.36254036  0.19201759  0.37095985
   0.38520694  0.0995075 ]
 [ 0.4150995  -0.18600368  0.16637087 -0.11692378  0.42459118  0.06284057
  -0.22814266  0.07748906]
 [ 0.04373069  0.30928785  0.14792813  0.33031142 -0.30841374  0.3331533
   0.1137091   0.04116335]
 [ 0.122794    0.29245752 -0.24274996  0.18140101  0.09880008 -0.35520303
   0.33590618  0.11615038]
 [ 0.43415922 -0.29441398  0.1679858  -0.12342436  0.19810049 -0.40224895
  -0.17995971  0.00538364]
 [ 0.1043561   0.45380348  0.29940546  0.6077337   0.07373089  0.0810983
   0.3565104   0.22816305]
 [ 0.0475287  -0.04187409 -0.0060279  -0.17941163  0.26344213  0.39013463
  -0.04549852 -0.29003972]
 [-0.24167934 -0.15124358  0.2737587   0.09812451  0.1864177   0.42780876
  -0.1538483  -0.29414567]
 [ 0.2542851   0.3252729  -0.19254334 -0.2116408   0.42258286  0.26723418
   0.15993984 -0.09891658]
 [ 0.07648695  0.24003828 -0.27524713  0.7808842  -0.23244914 -0.2249964
  -0.539277   -0.24272606]
 [ 0.30737433 -0.20255269 -0.22207345  0.56129885  0.12301411 -0.00370038
  -0.24807702 -0.4807196 ]
 [-0.20545328 -0.2888276   0.3352396   0.12526184  0.10430183 -0.15998104
  -0.17309028  0.28562048]
 [ 0.05053665  0.45947737  0.3360999  -0.03240815 -0.20151149  0.34505534
  -0.08829135  0.39477965]
 [ 0.72542894 -0.19237219 -0.1492985   0.33390114  0.16838017 -0.32080022
  -0.39611658 -0.20932727]
 [-0.22894284 -0.27694386  0.04759748  0.46038285  0.39689165 -0.4302587
   0.5175595   0.54948115]
 [ 0.23795535 -0.3496594   0.07439595 -0.02207097 -0.27474684 -0.12054791
   0.3853705   0.481325  ]
 [-0.8979061   0.23288928  0.576981   -1.4605304  -0.20992246 -0.06107862
   0.8768284   1.8157594 ]]
Peso 2:
[ 0.7699374   0.02254521 -0.32047006  0.91445786  0.08249486 -0.00367517
 -0.17982085 -0.36736736]
Camada: saida
Peso 1:
[[-1.2163742   1.026789  ]
 [ 0.455798    0.6678882 ]
 [ 0.84353626 -0.7734979 ]
 [-1.5047615   1.5970576 ]
 [-0.7513475  -0.35767314]
 [ 0.2893873   0.40146938]
 [ 0.67394924 -0.60598594]
 [ 1.6016687  -1.2661219 ]]
Peso 2:
[-0.41682953  0.41683143]



pesos modelo: 
Test loss: 0.9064, Test accuracy: 0.7586
Camada: meio
Peso 1:
[[-0.04771745  0.12190133 -0.19295949 -0.4146331  -0.17840171 -0.181252
  -0.13029829  0.255759  ]
 [-0.37504894 -0.35823193 -0.11380301 -0.38829854  0.23179059  0.26021647
   0.3737541   0.02766092]
 [ 0.13910934 -0.16132066  0.1955323   0.01325282  0.1489503  -0.10801125
  -0.24103029  0.01440187]
 [-0.14617184 -0.34210607 -0.35968146 -0.18691207  0.25187153 -0.0165471
  -0.2818043   0.11959831]
 [ 0.05192168 -0.18337421 -0.3472491  -0.43221515  0.14543742 -0.09918936
  -0.17086683  0.03337863]
 [-0.27081552 -0.21881619 -0.12893969 -0.35238948  0.49495685  0.16333553
  -0.05376751  0.24655083]
 [-0.18719605  0.30501494  0.4000654   0.25720224  0.02315406 -0.07732413
  -0.26205897 -0.10397603]
 [-0.19317123  0.09261254 -0.156795   -0.00638226  0.35904384 -0.41829446
  -0.06786943  0.09976489]
 [-0.03098691 -0.44789448  0.27195254  0.02839899  0.12539807 -0.11490688
  -0.32981092 -0.01498862]
 [-0.37411046  0.06327312 -0.01989253 -0.34707507  0.15311515 -0.34367195
   0.30835652 -0.08851641]
 [-0.43168777 -0.22610095 -0.23253869  0.15138802  0.34301117 -0.26328778
   0.2580373   0.04459494]
 [ 0.00751401 -0.29364762 -0.0172299  -0.42714444  0.43857247 -0.15443063
   0.13534403  0.14885657]
 [ 0.32831424 -0.18516009 -0.18297736 -0.47480315  0.65975827 -0.13134544
   0.1319353   0.29095167]
 [-0.2241659  -0.20005392 -0.474519    0.22906375  0.8615114  -0.31030145
  -0.12542892 -0.6531663 ]
 [-0.00677864  0.17932281 -0.46710578  0.10119885  0.48835996  0.11750465
  -0.5312183  -0.49440145]
 [-0.05318749 -0.3440871   0.29168916  0.3416214  -0.05717136 -0.38786227
   0.07967413  0.31595907]
 [-0.336577    0.05977961  0.3708721   0.12702022  0.2719664  -0.07306383
   0.37636638  0.49491164]
 [-0.33788085  0.20153971  0.03725623  0.01488247  0.37166813  0.43378064
  -0.1698299  -0.8220084 ]
 [-0.11819936 -0.35879833 -0.19897011  0.20573007 -0.08881529 -0.22131675
   0.13543409  0.29568464]
 [-0.02596121 -0.04015846  0.4816129  -0.3000915  -0.04092928  0.48129553
   0.4682436   0.35092497]
 [ 0.24075478  0.17642504  0.09734274 -0.17789596 -1.1556492   0.33541024
   0.12897561  2.5707164 ]]
Peso 2:
[-0.07537597 -0.04528692 -0.03115937 -0.14962676  1.0756668   0.12772103
 -0.05626873 -0.7242536 ]
Camada: saida
Peso 1:
[[ 0.7430973  -0.68992233]
 [ 0.4584746  -0.7666237 ]
 [ 0.07495525 -0.1919344 ]
 [ 0.1629814  -0.17020199]
 [-1.2142411   1.4281182 ]
 [-0.76809317  0.7813762 ]
 [ 0.38375974 -0.13159896]
 [ 1.9510039  -2.0827901 ]]
Peso 2:
[-0.9773769   0.97737944]



pesos modelo: 
Test loss: 0.6877, Test accuracy: 0.7889
Camada: meio
Peso 1:
[[ 2.41782665e-01  2.42425680e-01 -3.43551755e-01  2.94967473e-01
   3.52584839e-01 -4.09132242e-01  8.33821297e-02 -6.88416064e-02]
 [ 5.49706109e-02 -4.60099988e-02  1.04746155e-01  9.63586345e-02
  -3.85802776e-01 -3.24733406e-01  3.80629480e-01 -3.44202161e-01]
 [-1.11490928e-01 -9.60244760e-02  2.91794896e-01 -4.19631094e-01
   5.02383523e-02  4.17704940e-01  3.44365597e-01 -2.78666317e-01]
 [ 1.52757809e-01  2.73173898e-02 -4.01581414e-02 -2.74643511e-01
  -9.58498344e-02  3.57817918e-01 -3.19992870e-01  3.09976101e-01]
 [ 3.51775400e-02  1.06470317e-01  2.69672394e-01 -3.28951389e-01
  -3.53683442e-01  2.48707771e-01 -3.63866866e-01  7.48059154e-02]
 [ 8.57663434e-03  1.76930934e-01  4.16066706e-01 -1.07563652e-01
   3.14617604e-01  4.12848085e-01 -4.09123868e-01 -5.69531210e-02]
 [ 1.62938297e-01 -2.00222041e-02  8.22719536e-04  1.09876774e-01
  -3.03214014e-01  4.86319922e-02  4.24520046e-01 -2.28881747e-01]
 [-1.99164096e-02  8.34253058e-02  3.38569552e-01  4.43446487e-01
  -1.99814707e-01  6.79622069e-02  2.86953628e-01  3.09260845e-01]
 [ 4.35360372e-01  4.01747763e-01  8.42192397e-02 -1.35787353e-01
  -3.00488085e-01  3.38356853e-01  3.66578132e-01  1.03041351e-01]
 [-3.93996239e-02  1.26784341e-02  3.09943706e-01 -1.87242731e-01
   2.58708820e-02  1.80412619e-03 -5.52682653e-02  3.03494275e-01]
 [ 3.93475920e-01  2.12610379e-01 -5.03482856e-02 -1.62948668e-02
  -3.77057195e-01 -2.09674597e-01 -4.40563727e-03 -3.33853751e-01]
 [ 1.90587491e-01  1.95390005e-02 -6.98275641e-02  1.93461239e-01
  -4.77136940e-01  1.30120203e-01 -3.70808184e-01 -2.94159710e-01]
 [ 1.26309678e-01  3.74027401e-01  4.56843287e-01  8.83778557e-03
  -2.45502964e-01 -2.47938722e-01 -1.61018863e-01  4.26477194e-01]
 [ 8.29570949e-01 -3.15217286e-01  2.85646141e-01 -2.92623281e-01
   1.69726446e-01  6.74757883e-02 -3.26675087e-01  2.28153497e-01]
 [ 3.10300171e-01 -6.15294278e-01  4.76800978e-01  2.92966187e-01
   3.29617321e-01  7.53881817e-04 -2.17202440e-01 -4.29491520e-01]
 [ 2.14240000e-01  4.04293805e-01 -3.30559224e-01  3.59459743e-02
  -4.12430912e-01  1.53489299e-02  2.94562094e-02 -2.09197477e-01]
 [ 6.19874671e-02  7.55988359e-01  2.28922814e-01 -1.57135829e-01
   3.29701960e-01 -2.26183847e-01  3.76891226e-01  7.81667158e-02]
 [ 3.46959174e-01 -3.09454501e-01  7.49316096e-01  4.63792235e-01
  -4.61530149e-01  3.16882819e-01 -3.09164703e-01 -1.09287752e-02]
 [-1.34645775e-01  3.63894254e-01  9.76232588e-02 -2.98049301e-01
   1.91885859e-01 -3.73109728e-01  1.93937063e-01  4.08428609e-01]
 [ 4.29422736e-01  6.80584073e-01 -3.58003736e-01 -4.06380184e-03
   3.25149924e-01 -3.69998097e-01  1.51516855e-01  3.11201006e-01]
 [-1.90526128e+00  1.67635584e+00 -1.06792557e+00 -3.00953627e-01
  -4.07189071e-01  3.74580286e-02 -6.34188652e-02 -3.12551081e-01]]
Peso 2:
[ 0.98281264 -0.4549056   0.7020626   0.06214708 -0.15650453 -0.03166521
 -0.02679921  0.03006166]
Camada: saida
Peso 1:
[[-1.666595    1.7409985 ]
 [ 1.2270414  -1.7238775 ]
 [-1.0296034   1.3227471 ]
 [ 0.14024784  0.45711663]
 [ 0.07758041 -0.57860476]
 [-0.22767565 -0.15416491]
 [-0.1926677  -0.26059264]
 [-0.17654586  0.14690122]]
Peso 2:
[-0.25550532  0.25550598]



pesos modelo: 
Test loss: 0.7581, Test accuracy: 0.7920
Camada: meio
Peso 1:
[[ 0.18779308 -0.02789339 -0.17361477 -0.3655283  -0.40964064  0.1081413
  -0.3612852  -0.39836153]
 [ 0.18803832 -0.35526097 -0.18664931  0.2342837   0.18413392 -0.30454493
   0.4284953  -0.09017982]
 [ 0.19906306  0.14865132  0.20850292  0.27509952  0.12432434  0.35722917
  -0.42586645  0.3763188 ]
 [ 0.5072053  -0.16291328 -0.03441973  0.357473    0.19052094 -0.17371437
   0.35877216  0.30213764]
 [ 0.08475867  0.25739202 -0.22408326  0.26421168  0.2443185   0.40156004
   0.10966366  0.01242572]
 [ 0.49267888  0.4019081   0.16028371  0.46444726 -0.44665864 -0.05010917
   0.31488866 -0.05431524]
 [-0.23339212 -0.0080277   0.19048749  0.09780306 -0.28706935  0.35633805
   0.09562451 -0.07930411]
 [-0.14131612  0.0346726   0.3277854  -0.04807497 -0.16183846  0.27706188
   0.32048687  0.41558912]
 [ 0.20096682 -0.36729282  0.06180121  0.20334734  0.1692468  -0.08844658
  -0.26178873  0.3762539 ]
 [ 0.29095703  0.18207236 -0.07026175  0.39687234  0.1433826   0.1351036
   0.20625058  0.06065238]
 [ 0.12530947  0.4352811   0.1474279   0.2382377  -0.28363752  0.31394163
  -0.0750229   0.25397408]
 [-0.07141375  0.08611585 -0.30470282 -0.10611442 -0.14399631 -0.3462405
  -0.296998    0.20252241]
 [ 0.2586595   0.25353536  0.09465794  0.37412268 -0.19980326  0.15999265
   0.4354671  -0.08615179]
 [-0.4526684  -0.08711664 -0.27572468  0.73744744  0.21366405 -0.46363804
  -0.37807873 -0.17212881]
 [-0.6661718  -0.32810184 -0.36313206  0.85030466  0.36246002 -0.03194658
  -0.35093805  0.11335424]
 [ 0.50228965 -0.04420282 -0.40529695  0.23625533 -0.04014784  0.5234643
  -0.37726903 -0.14393465]
 [ 0.10865702 -0.0649846  -0.36232105 -0.22595204 -0.3169106   0.291714
  -0.3520705  -0.15596749]
 [-0.2986487   0.37496677  0.03823935  0.55786544 -0.23577115  0.06428203
  -0.05522217  0.61527514]
 [ 0.3000768  -0.34730825  0.00196827 -0.15145718  0.2842366   0.13397051
   0.2967758   0.25186974]
 [ 0.37675476 -0.4590253  -0.15424825 -0.06602558 -0.24480407 -0.20126243
  -0.2917117  -0.18514197]
 [ 1.8028518   0.08991168  0.02549759 -1.8203248   0.01367765  0.8106091
  -0.28495136 -0.7602312 ]]
Peso 2:
[-0.44083214  0.146498   -0.12649813  1.2022452  -0.03197401 -0.09026095
  0.11853243  0.4590476 ]
Camada: saida
Peso 1:
[[ 1.6193523  -1.2698346 ]
 [-0.25627282  0.4663074 ]
 [ 0.06789443 -0.46420547]
 [-1.722619    1.8872869 ]
 [-0.03403457 -0.06640881]
 [-0.07573595 -1.1860799 ]
 [-0.40125728  0.15443277]
 [-0.7534388   0.6116966 ]]
Peso 2:
[-0.3031988   0.30319998]



pesos modelo: 
Test loss: 1.2447, Test accuracy: 0.7216
Camada: meio
Peso 1:
[[-4.51366842e-01  8.82887840e-03 -2.25221872e-01 -1.46058857e-01
  -4.36741292e-01 -4.40461457e-01  1.26424134e-02  2.66263545e-01]
 [-4.53920871e-01 -3.67221117e-01  5.04015982e-01  4.16793764e-01
   1.08435199e-01 -1.04140647e-01 -4.23987359e-02 -9.53871384e-03]
 [-3.17855239e-01  3.54136795e-01  2.27013901e-01  3.14070523e-01
  -2.33921602e-01  9.60589126e-02 -1.36313096e-01 -8.12479556e-02]
 [-4.26816404e-01 -1.08848587e-01  4.43434626e-01  2.37689167e-01
   4.33034718e-01  1.19660050e-01  2.36982420e-01 -2.49041796e-01]
 [-3.09948593e-01  7.54572153e-02  1.83963906e-02 -2.17385814e-01
  -2.19818980e-01 -8.73516873e-02  1.25747815e-01 -3.80784780e-01]
 [-3.61676872e-01 -2.11434543e-01  1.51664093e-01 -1.93430539e-02
   7.60107711e-02  2.70560801e-01 -5.90491742e-02 -3.49513948e-01]
 [-2.70901918e-01  4.05940376e-02  2.46158525e-01  7.46739954e-02
  -5.81420138e-02  1.45525977e-01  3.96073461e-02 -3.56309593e-01]
 [ 4.76347096e-02 -1.25738069e-01  5.64340532e-01  3.47438455e-01
  -2.70175189e-02  2.30279028e-01  2.15193763e-01 -2.58299708e-01]
 [-1.26819938e-01 -3.77597064e-01  2.76781976e-01 -1.65520966e-01
  -4.67870943e-02 -5.41616306e-02  2.75679708e-01 -3.56992394e-01]
 [ 2.03530714e-02  6.00789636e-02  3.78805846e-01  5.88295609e-02
  -3.91326666e-01 -2.20496684e-01  2.58652687e-01 -1.72381774e-01]
 [ 6.45718649e-02  4.35975760e-01  6.13687411e-02 -2.36967936e-01
   6.87672421e-02  1.10246358e-03  2.93482751e-01 -5.61819039e-02]
 [-4.32946295e-01  3.51036102e-01  1.61457255e-01  3.66569050e-02
  -3.53597939e-01 -3.95346791e-01  1.58146128e-01  3.77584964e-01]
 [ 1.99752137e-01  5.09262621e-01  9.57909301e-02  1.29083216e-01
  -2.34416857e-01 -2.87373364e-01 -5.99483922e-02 -3.10280114e-01]
 [-1.20263845e-01  3.26426566e-01  7.64163017e-01 -5.48186660e-01
  -4.34577316e-01  1.29426315e-01 -2.71406323e-01 -2.42980987e-01]
 [ 1.34274229e-01  2.84550816e-01  5.60200453e-01 -6.13856316e-01
   3.50416690e-01  2.63763428e-01 -5.59665859e-01  2.33041927e-01]
 [ 2.61081517e-01  4.40143704e-01  1.53276920e-01  4.25577104e-01
  -1.98466197e-01 -1.80561990e-01  5.24247587e-01 -2.78796464e-01]
 [-6.92667887e-02 -3.43885124e-01 -1.66603088e-01  3.95758957e-01
   9.52923223e-02 -2.51846761e-01 -6.83527365e-02 -9.89485085e-02]
 [ 4.19938475e-01 -2.28831455e-01  8.89406919e-01 -6.07428610e-01
   2.35485151e-01 -4.42643940e-01 -1.75913408e-01 -6.31946698e-02]
 [ 2.62562960e-01 -1.10532321e-01  2.74674743e-02  9.10202265e-02
   2.89770275e-01 -4.50435966e-01  4.83669579e-01 -2.84987092e-01]
 [-3.11901361e-01  2.31292143e-01 -2.28941500e-01  4.04556900e-01
  -2.46827200e-01 -1.10432245e-02 -1.26391768e-01  2.67973453e-01]
 [-2.27898926e-01 -4.36447054e-01 -1.79760003e+00  1.58963394e+00
   1.00522585e-01 -1.68912381e-01  1.34356618e+00  2.14708000e-01]]
Peso 2:
[ 3.9189421e-03  2.5301814e-01  1.1211692e+00 -4.2241520e-01
  5.9403911e-02 -1.0591586e-01 -3.4138343e-01 -8.9034037e-04]
Camada: saida
Peso 1:
[[-0.18390642 -0.12980041]
 [-1.0632153  -0.10740341]
 [-1.5533146   1.9782301 ]
 [ 1.5766221  -1.1048841 ]
 [-0.2961576   0.16637325]
 [ 0.3650464  -0.24050392]
 [ 0.77725327 -1.2646832 ]
 [ 0.439314    0.38709655]]
Peso 2:
[-0.424205    0.42420563]



pesos modelo: 
Test loss: 0.4752, Test accuracy: 0.8326
Camada: meio
Peso 1:
[[ 2.87572742e-01  3.12381089e-01  3.16928267e-01 -1.29204690e-02
   3.51879835e-01 -1.85248047e-01 -4.16844219e-01  4.50930357e-01]
 [ 2.53214575e-02 -3.35930794e-01  1.85788631e-01 -3.62150013e-01
  -1.06374919e-02  4.90160026e-02  1.49812713e-01  2.54307002e-01]
 [ 6.31993636e-02  2.24791467e-01  3.17887604e-01  3.84914577e-02
   2.99058557e-01  3.24639767e-01 -2.01790318e-01  5.24788722e-02]
 [ 1.20284185e-01  4.21327651e-02  9.71975848e-02 -9.41856951e-02
  -2.83139795e-01 -8.59034434e-02 -3.32954735e-01  3.51197511e-01]
 [ 1.09545998e-01 -1.17839821e-01  4.03306127e-01 -2.76689585e-02
   1.26394719e-01  2.21372433e-02  2.60447890e-01 -1.29475206e-01]
 [-2.74083436e-01 -3.30150872e-01 -9.96250138e-02 -1.23103812e-01
   3.37923884e-01  4.74665076e-01 -3.29048753e-01 -4.19160455e-01]
 [ 3.07913460e-02  4.42441732e-01  1.09950863e-01 -3.19686085e-01
  -1.19704761e-01  1.27697084e-02  2.61395276e-01 -2.73442358e-01]
 [ 3.58384699e-02  1.74234688e-01 -1.50654033e-01  5.07941917e-02
  -4.88982089e-02  5.08382380e-01  8.11535120e-02 -3.58017445e-01]
 [ 3.10329318e-01 -3.16392541e-01  3.72223407e-01 -3.08736533e-01
  -1.29107058e-01  1.17487364e-01  2.38695264e-01 -3.26036751e-01]
 [ 1.13236345e-01  4.80286516e-02  4.08633173e-01 -1.86870366e-01
   1.89891994e-01  1.99121580e-01 -9.32045430e-02  2.66920477e-01]
 [-1.52171720e-02 -4.05658692e-01  1.15435138e-01  3.91205065e-02
  -2.21024659e-02  1.07000597e-01 -4.33769107e-01 -2.37059847e-01]
 [-1.69547454e-01  2.09322080e-01  3.85234892e-01  9.06960070e-02
   3.49881589e-01 -1.08704291e-01 -1.07084550e-01 -2.51779467e-01]
 [-7.93274492e-02 -4.01240230e-01 -1.95387214e-01 -4.46288735e-02
   1.49593800e-02  4.83554721e-01  1.37667939e-01  4.23983306e-01]
 [-5.82781851e-01  4.18602318e-01  6.26359940e-01 -1.27729215e-02
  -1.51372671e-01 -1.00235902e-01 -4.45792794e-01 -3.91104788e-01]
 [-5.03372908e-01 -3.90265673e-01  2.11553335e-01  3.41920853e-01
  -4.63630348e-01  3.14625442e-01 -2.74542928e-01 -7.93848708e-02]
 [ 4.74561632e-01  3.75360310e-01  4.49113399e-01 -4.59520578e-01
   5.31426370e-01 -4.12333608e-02 -2.26691708e-01  4.66310792e-02]
 [ 6.03444517e-01 -1.92871287e-01  1.67711169e-01  1.06748670e-01
  -5.16356947e-03 -1.43898472e-01 -3.29874963e-01  2.42904201e-01]
 [-5.08136809e-01 -1.90151762e-02  7.27959216e-01 -1.02608107e-01
  -3.67683232e-01 -7.80659611e-04 -1.26022547e-01 -3.38891357e-01]
 [ 2.39469975e-01  2.99826115e-01 -1.16684556e-01  4.14894149e-03
   1.76192865e-01  9.69295353e-02  3.28134187e-02  3.13321739e-01]
 [ 6.66961372e-01 -3.08143824e-01  2.44458884e-01 -1.60347596e-01
   2.35671490e-01  3.41623485e-01  6.99782446e-02  4.37259793e-01]
 [ 1.57132828e+00 -7.06255808e-02 -1.40115023e+00 -3.12456042e-01
   1.68640542e+00 -1.17868721e+00  2.94018567e-01 -2.43603155e-01]]
Peso 2:
[-0.5637395   0.06713283  0.7139574  -0.07387841 -0.25047985  0.6255742
 -0.08308788  0.00075604]
Camada: saida
Peso 1:
[[ 1.5881034  -1.2140273 ]
 [-0.10520249  0.2841463 ]
 [-0.8266463   1.7062358 ]
 [ 0.28661102 -0.3387677 ]
 [ 1.3826425  -0.97884417]
 [-0.7038276   1.1207818 ]
 [ 0.40595588  0.5226703 ]
 [-0.37878382 -0.30708328]]
Peso 2:
[-0.8377598  0.8377646]



pesos modelo: 
Test loss: 0.8569, Test accuracy: 0.7498
Camada: meio
Peso 1:
[[-2.32799917e-01 -1.70422852e-01  3.69192362e-01 -1.11733288e-01
   9.47492123e-02 -1.76498681e-01  3.02974761e-01  3.85860622e-01]
 [-2.03722899e-04  1.80391267e-01  2.01084822e-01  9.02393833e-02
   3.95935535e-01  1.44038811e-01 -1.51553079e-01  1.38700798e-01]
 [-4.69115376e-02  3.47955108e-01 -1.41835839e-01  1.89106971e-01
   7.70796835e-03  1.24839469e-04 -4.43879068e-01  1.48139551e-01]
 [ 2.99879640e-01 -1.86034456e-01  4.65432882e-01 -1.24666601e-01
  -1.40843987e-02  8.53235200e-02 -1.86965533e-03  2.81327367e-01]
 [-2.68675745e-01  1.13167085e-01 -2.89470479e-02 -3.90453279e-01
   1.44361466e-01 -5.34633100e-02  9.07441825e-02  1.12861916e-01]
 [-2.12662473e-01  1.79671347e-01 -9.90555510e-02 -1.79709643e-01
   5.03629506e-01 -6.01299368e-02 -4.26693529e-01 -4.35165495e-01]
 [-4.24735367e-01 -4.98001873e-02  2.32791111e-01 -2.07209900e-01
  -3.61128956e-01 -6.34280443e-02  4.77257259e-02 -1.68792471e-01]
 [-4.51934099e-01  3.79453413e-02  5.07124662e-01  2.88530886e-01
  -3.68733287e-01  1.76154330e-01  1.60498425e-01  3.22333306e-01]
 [-3.16992968e-01 -2.31040478e-01  5.11019230e-01  6.44702613e-02
  -1.06951043e-01  5.23062311e-02 -2.76858360e-01  2.06881210e-01]
 [ 9.75144282e-02 -1.52910557e-02  4.37698662e-01  2.42970511e-01
  -1.37927845e-01  1.08958140e-01 -9.58274677e-02  3.22798610e-01]
 [-3.95166665e-01  2.42494330e-01 -2.05000624e-01 -4.42862749e-01
   4.58515227e-01 -1.02139376e-01 -3.61786544e-01  3.36299568e-01]
 [ 2.37989083e-01  3.43734622e-01 -4.67461050e-02 -1.73911184e-01
  -7.78756142e-02  5.88251874e-02  5.61293326e-02  3.82004321e-01]
 [-2.77907789e-01 -1.44094408e-01  4.08842891e-01 -3.97709012e-01
   2.69735664e-01  7.64754191e-02  8.56857300e-02  4.01063651e-01]
 [-3.34995419e-01  5.55061400e-01  4.33887988e-01 -4.12654370e-01
  -1.99114218e-01 -4.28293496e-01 -3.91659886e-01 -3.58874828e-01]
 [ 1.09410875e-01  1.72221512e-01  6.09160006e-01  1.22185856e-01
  -2.73162931e-01 -6.21007383e-01  2.35758126e-01 -1.10518456e-01]
 [-2.29704022e-01  1.74059242e-01 -3.45631503e-02  3.93078238e-01
  -1.73235551e-01  4.04341877e-01 -1.27304703e-01  2.76104242e-01]
 [ 3.80306393e-01  2.94505835e-01 -1.01139501e-01 -2.28447989e-01
  -2.36554369e-01  4.93353248e-01 -8.21709186e-02  3.41167122e-01]
 [ 4.68457073e-01  7.36744046e-01  1.01694599e-01  2.22743332e-01
   6.64515868e-02 -5.77571273e-01 -2.83575922e-01 -2.27792650e-01]
 [-2.60814399e-01  1.48986697e-01  2.22022220e-01 -1.33675784e-01
   2.65256107e-01  5.20376861e-01 -9.37761962e-02 -4.16607618e-01]
 [ 1.77250206e-01  1.98099867e-01 -1.18035926e-02 -1.44120917e-01
  -5.30265331e-01  4.27180976e-01  2.68572390e-01 -1.58053726e-01]
 [ 1.39125094e-01 -1.15266228e+00 -1.12841082e+00 -1.83977589e-01
  -7.63122411e-03  2.28958058e+00  1.41418070e-01 -1.11038260e-01]]
Peso 2:
[-0.03400151  0.5705823   0.8083899   0.03300489  0.10510103 -0.637072
 -0.13528979  0.00466317]
Camada: saida
Peso 1:
[[-0.6367808   0.40671733]
 [-0.7051037   1.4483814 ]
 [-1.0623606   1.3207121 ]
 [-0.4197382  -0.2178657 ]
 [-0.32061732  0.34699535]
 [ 1.9132899  -1.9056154 ]
 [-0.12669155  0.47590727]
 [-0.16341645 -0.04729876]]
Peso 2:
[-0.5584409  0.5584418]



pesos modelo: 
Test loss: 0.8763, Test accuracy: 0.7496
Camada: meio
Peso 1:
[[-1.75359547e-01  1.14767075e-01 -4.40457106e-01 -1.32024109e-01
   4.45545018e-01  3.35210145e-01  1.43846571e-01  4.59859967e-02]
 [-3.16772938e-01  5.42346798e-02 -2.43044853e-01 -2.03532934e-01
  -2.55306393e-01  1.98992148e-01 -2.72496849e-01  3.00064887e-04]
 [ 1.67367265e-01 -2.18406662e-01  3.10669869e-01  4.56331253e-01
  -9.73934680e-02  2.20835328e-01  1.78311989e-01  2.38230035e-01]
 [ 2.82203346e-01 -9.09430608e-02  6.64213113e-03 -2.93968737e-01
  -2.68540114e-01  4.48921919e-01 -8.62024724e-02  2.24406347e-01]
 [ 1.50010005e-01 -3.20720106e-01 -3.56004685e-02  3.90926600e-01
  -3.81020814e-01  1.64504707e-01 -2.29071051e-01  2.57332593e-01]
 [ 1.42054364e-01 -2.32411414e-01 -1.06090374e-01  1.18805625e-01
  -6.60569966e-02 -8.88385028e-02 -1.52139574e-01 -1.32016420e-01]
 [-1.99399278e-01 -3.95737469e-01 -2.19102204e-01 -1.03212424e-01
  -4.37472910e-01  7.01075792e-02 -2.51587391e-01 -1.31021112e-01]
 [-1.72684535e-01  3.62182647e-01  4.43431437e-01  4.87137824e-01
  -1.90409943e-01  1.29612889e-02  2.03446910e-01  3.90268676e-02]
 [ 1.01849966e-01 -3.78230721e-01  1.43924490e-01 -3.10586363e-01
  -3.84224713e-01  4.07583416e-01  3.50057989e-01 -2.97059175e-02]
 [ 3.76508772e-01 -2.73010969e-01  1.28649026e-01  2.62766987e-01
   2.75912166e-01  3.66403401e-01  2.23798648e-01  1.98587656e-01]
 [ 4.03266072e-01  2.50161678e-01  2.49348283e-01  3.13468158e-01
  -3.99778932e-01 -7.78997466e-02 -2.62611508e-01  6.55584708e-02]
 [-1.05767347e-01  4.29065794e-01  3.74512747e-02 -2.33065829e-01
  -1.92326993e-01  3.16207439e-01  5.18305227e-02  5.13629429e-02]
 [-4.40222383e-01 -3.68536532e-01  3.37998122e-01  1.48425683e-01
   9.02073905e-02  1.88477159e-01 -1.95833355e-01  1.12464674e-01]
 [-2.58014500e-01 -5.92830144e-02  4.25869107e-01  2.13225603e-01
   3.04880112e-01  6.66842937e-01 -3.47059727e-01 -3.50390524e-01]
 [-1.67044446e-01  2.70068020e-01  1.29452333e-01  5.41333735e-01
  -9.59036127e-02  2.44471788e-01 -3.60149115e-01 -8.07174921e-01]
 [-2.06930235e-01  9.47678089e-02 -3.26172560e-01  4.68758106e-01
  -1.73667446e-01 -8.11776593e-02  3.53421509e-01  4.32799250e-01]
 [ 7.68527016e-02  6.13627359e-02 -3.34782936e-02  3.40481967e-01
  -2.52374589e-01 -2.32818305e-01  3.89874935e-01  3.45412612e-01]
 [ 4.25129890e-01 -1.83622018e-01 -3.56051832e-01  4.81969267e-01
  -3.28268819e-02  4.00943637e-01 -8.51753056e-02 -5.64515173e-01]
 [-1.15926862e-02  1.79064184e-01  5.02198577e-01  3.19571644e-01
  -1.91077396e-01  1.46142229e-01  4.13180321e-01  5.86897194e-01]
 [ 2.62812704e-01 -1.85670450e-01 -3.92606616e-01 -2.81154335e-01
  -1.62141815e-01  4.18397933e-01  5.96364558e-01  4.60680515e-01]
 [-3.64682138e-01  2.61827167e-02 -5.33053339e-01 -7.01339662e-01
   3.11261952e-01 -1.81128991e+00  5.57956278e-01  1.95218527e+00]]
Peso 2:
[ 0.13092181 -0.00364542  0.17100628  0.31557322  0.0037413   1.0065284
 -0.16330016 -0.628665  ]
Camada: saida
Peso 1:
[[-0.76501787 -0.21156165]
 [-0.38591892  0.48940414]
 [-0.17766863  0.47666082]
 [-1.2746602   0.14406422]
 [-0.15328322  0.4724781 ]
 [-1.9939352   1.0318515 ]
 [ 0.7048238  -0.44773754]
 [ 1.2552477  -1.9703699 ]]
Peso 2:
[-0.5333606  0.5333624]



pesos modelo: 
Test loss: 0.9245, Test accuracy: 0.7505
Camada: meio
Peso 1:
[[-0.04640147 -0.09146717  0.38812023 -0.11671066  0.28810322 -0.13136637
   0.2647655   0.37959045]
 [ 0.04890259  0.182242    0.23308332  0.26872966  0.24619631 -0.07388151
  -0.12176127 -0.39940122]
 [ 0.2678767  -0.18025026  0.44390315 -0.33275133  0.30356923  0.0203317
   0.35407925 -0.20494874]
 [-0.1270512   0.29786715 -0.05208392  0.43209675  0.05902787  0.08630226
  -0.15038213 -0.20718254]
 [-0.09878522  0.20019385  0.4270814  -0.2820243   0.14466345 -0.17537409
   0.29924563 -0.07678553]
 [ 0.43238428  0.12796533  0.36164233 -0.17783612  0.24358909  0.38875332
   0.42454043  0.16334255]
 [ 0.40910214  0.27496397  0.40427682 -0.04111269  0.26999402  0.24473846
   0.41893     0.23692071]
 [ 0.15780531  0.00361175  0.01139783 -0.45138153  0.12442547 -0.3551941
   0.32384148  0.06317434]
 [ 0.33585784  0.40305123  0.22873656 -0.02515872  0.27380347 -0.09112979
   0.02368827 -0.41430452]
 [ 0.382732    0.44918856  0.32064244 -0.02903085  0.1862676   0.03545914
   0.49118266 -0.26148066]
 [-0.21855201 -0.3651453   0.3710618  -0.15131013  0.1918412   0.41520518
   0.10284277 -0.17682578]
 [ 0.55121994  0.03833677  0.12192561  0.4066795   0.32577944 -0.29946283
   0.17669678  0.09606624]
 [ 0.37527803  0.21863471  0.05862724  0.44169295  0.19112587 -0.12049695
   0.22815008 -0.24821898]
 [-0.2927093   0.16908948  0.22453095 -0.18770008  0.8268678  -0.17429256
   0.52873397 -0.3265239 ]
 [-0.46230662  0.23923683 -0.45428684 -0.22131859  0.54285735 -0.15617885
   0.5310744  -0.38118672]
 [ 0.5265171  -0.12920597  0.2213404   0.4504499   0.11240889 -0.30445325
  -0.23108578  0.14427832]
 [ 0.56069064 -0.03614542  0.0120666  -0.288594   -0.09672711  0.3513369
   0.03342749  0.25324973]
 [ 0.04391875  0.34497955  0.10096769 -0.38992533  0.9349392  -0.3173719
   0.23448685  0.29220316]
 [ 0.38356975  0.10631522  0.23142575 -0.40072915  0.04592312 -0.13901111
  -0.24643022  0.24867563]
 [ 0.07915588  0.34789953  0.15148032 -0.33337155 -0.17136483  0.0145346
  -0.11607613  0.12262139]
 [ 0.7114154  -0.6856922   1.3251659  -0.04101331 -2.2051086  -0.15750264
  -0.7754833  -0.00244131]]
Peso 2:
[-0.09306775  0.04967372 -0.14936215 -0.00434583  1.3411311   0.09025726
  0.3011976  -0.04221737]
Camada: saida
Peso 1:
[[ 0.5541739  -1.0079387 ]
 [-0.09467612  0.47265452]
 [ 1.0856949  -0.7556488 ]
 [ 0.6398964   0.594039  ]
 [-1.9145328   2.237895  ]
 [-0.24053577  0.3663206 ]
 [-0.6987724   0.823037  ]
 [ 0.2845898  -0.09873207]]
Peso 2:
[ 0.03468686 -0.03468435]



pesos modelo: 
Test loss: 1.1309, Test accuracy: 0.7309
Camada: meio
Peso 1:
[[-0.4108842   0.43712628  0.18776435 -0.03139481  0.31489795  0.16966814
  -0.3451418  -0.05018288]
 [-0.27920508 -0.39433652 -0.04800247  0.3607562   0.23910953 -0.20226152
   0.02078438  0.12642442]
 [ 0.16320673  0.16067411  0.18141046  0.19269176  0.4561161  -0.01365903
   0.02004524 -0.0397945 ]
 [-0.40544823 -0.05935111  0.30957103  0.12256018  0.24919035 -0.37209097
  -0.2699206  -0.03080778]
 [-0.3958834   0.25648317  0.31907365  0.22770365  0.41575763 -0.24128285
   0.3948719   0.03307528]
 [-0.30950382 -0.4355461   0.29421112  0.26338917  0.19073334 -0.19334449
  -0.32792342  0.11486562]
 [ 0.02114384 -0.42754936 -0.25265047  0.26419792 -0.33274835 -0.02228543
   0.04259725  0.1552653 ]
 [ 0.20163222 -0.4326246   0.4045636   0.31637904  0.03412747 -0.21186985
   0.12614244  0.25661972]
 [ 0.47739893  0.17780082 -0.15204854  0.02094036 -0.38563952  0.09260406
  -0.11890648 -0.01858005]
 [-0.20818311 -0.42069504 -0.1063159   0.07646512  0.02613632  0.30257764
   0.21232627 -0.17984861]
 [-0.29403383 -0.26479888  0.029143    0.15108752  0.06916486 -0.30622977
  -0.43738383 -0.06556584]
 [ 0.30038044 -0.25841054 -0.4145935   0.2689933   0.3672682  -0.04088955
   0.07310125 -0.06216568]
 [ 0.04571735  0.38721773  0.4120021   0.3018127   0.28040537 -0.1180748
   0.17165628  0.16735232]
 [ 0.05182544  0.30636364  0.4407924   0.5377098  -0.4064218  -0.40354273
   0.34917265 -0.6260868 ]
 [ 0.34638327 -0.28665343  0.3967338   0.86160165  0.14482835  0.15221964
   0.27510542 -0.5784264 ]
 [ 0.20256262 -0.19238245 -0.31108057 -0.2447026  -0.07270144  0.43034205
   0.30130926  0.13055842]
 [-0.14665627 -0.12364309  0.23313431  0.08281002  0.2671462  -0.07071145
  -0.03518156  0.5039266 ]
 [-0.2656498   0.3707407  -0.29508683  0.7606427  -0.5575505   0.22945686
   0.39537188 -0.4066823 ]
 [-0.1554907  -0.31107032  0.3575644   0.08561506  0.20649855 -0.3026215
  -0.23967327  0.44633338]
 [-0.1659355  -0.03175475  0.38905975  0.04353506  0.2538488  -0.13137706
   0.27329627  0.50446004]
 [ 0.08833703 -0.04895307 -0.6853624  -1.638812    0.5883958   0.14539693
   0.12849118  2.0656366 ]]
Peso 2:
[ 0.06640692 -0.07537895  0.19200355  1.0440313  -0.22022046 -0.01088606
 -0.00909585 -0.5720532 ]
Camada: saida
Peso 1:
[[-0.5344289   0.4550843 ]
 [ 0.0641762  -0.52961236]
 [-0.07152671  0.84577656]
 [-1.7650024   1.6122239 ]
 [ 0.81108904 -0.28730783]
 [-0.40956804 -0.433705  ]
 [-0.45267516 -0.36330712]
 [ 1.6104175  -1.7717832 ]]
Peso 2:
[-0.47814092  0.4781437 ]



pesos modelo: 
Test loss: 0.8900, Test accuracy: 0.7536
Camada: meio
Peso 1:
[[-0.05986273 -0.23605636 -0.03653932  0.20214844 -0.17681709  0.24303621
   0.1307944  -0.31315446]
 [-0.09025872  0.41798267  0.43692905  0.18266232  0.00397288  0.05433777
  -0.2293591   0.3939918 ]
 [-0.45625377  0.15127912  0.110472    0.25969425  0.23935612 -0.05273086
   0.4399811   0.1678645 ]
 [-0.423646    0.33772197  0.12084417 -0.01716478  0.1285469   0.19816166
   0.19334367  0.2975461 ]
 [-0.0694606   0.0393442   0.26187316  0.02094034  0.38281164  0.09592082
  -0.37447697 -0.09171608]
 [ 0.34946215  0.05485623 -0.22934572  0.3230488   0.13267913  0.03622402
  -0.03403527 -0.0296303 ]
 [-0.03371863  0.14852385 -0.28172335  0.08227728  0.02670757  0.3828819
   0.27204365  0.01361419]
 [ 0.02881231  0.25777227 -0.08287167 -0.33927548  0.16938424 -0.4063536
   0.37154114  0.05682929]
 [ 0.19422406  0.10101233  0.0084505   0.02825207 -0.1183862   0.01161588
  -0.2978756  -0.09985849]
 [-0.09828001  0.09341343  0.01688018 -0.08830284  0.04139667 -0.45111784
   0.4656485  -0.08389017]
 [ 0.06711272  0.5159354  -0.30703735  0.04251136 -0.11132142 -0.37324032
   0.01475779  0.3900671 ]
 [-0.46698305  0.16868608 -0.33600718 -0.32320067 -0.08321282  0.18684597
   0.24463838 -0.0544194 ]
 [-0.3927542   0.11777809  0.14724877  0.29701668 -0.12880622 -0.4473962
   0.11040208  0.04808713]
 [ 0.35841924  0.72149354 -0.41196534  0.25904796 -0.23561229  0.42588884
   0.1946229  -0.45182547]
 [-0.05706352  0.8364634   0.06920364  0.41332343 -0.36945426 -0.20134895
   0.227659   -0.09896722]
 [-0.38350645  0.01238052  0.47132096 -0.18936607 -0.4386686  -0.09709304
   0.4525245   0.3816109 ]
 [ 0.07383697 -0.06147987 -0.34794337  0.23611154  0.20478247  0.03833922
  -0.24603468  0.47444683]
 [-0.10494798  0.6847663   0.05554942  0.52219486  0.4935966   0.37521285
  -0.3128204  -0.5458479 ]
 [-0.37664425 -0.00696596  0.0694761   0.13011147 -0.01485472  0.26254597
  -0.3281252   0.40544635]
 [-0.1544192  -0.1880717   0.06100417  0.14724232 -0.4620885   0.20972952
  -0.33569565  0.23484437]
 [-0.36174902 -1.7657287  -0.43464768 -0.5115672   0.08064326  0.36954796
  -0.45891726  2.1501973 ]]
Peso 2:
[-0.09679644  1.2083668   0.11644408  0.26037434  0.08687437 -0.00804244
  0.12945692 -0.403387  ]
Camada: saida
Peso 1:
[[ 0.44943804 -0.5648282 ]
 [-1.6621141   1.9213086 ]
 [-0.23865166  0.55752164]
 [-0.7471313   0.2413831 ]
 [-0.07701223  0.4598964 ]
 [ 0.43504432  0.43692228]
 [-0.6081759  -0.0066995 ]
 [ 2.0305831  -1.1270003 ]]
Peso 2:
[-0.23206355  0.23206331]



pesos modelo: 
Test loss: 0.8644, Test accuracy: 0.7630
Camada: meio
Peso 1:
[[ 0.26944333 -0.14121431 -0.32932562 -0.38578245  0.08259016 -0.08803418
  -0.38436267 -0.06713247]
 [-0.4652433   0.14729783 -0.4207645  -0.2729187   0.08818578  0.1091187
  -0.28629145 -0.36889008]
 [-0.4741321   0.2934407  -0.4150357  -0.10750839  0.05800691  0.11008212
   0.21854903  0.08224264]
 [-0.28973815 -0.39729363 -0.15147567 -0.23083872  0.03658818  0.4785627
  -0.18094414  0.00663686]
 [-0.47365475  0.07553865 -0.05989682  0.14723983 -0.09774805  0.07137797
   0.30968428  0.3160108 ]
 [ 0.13203725 -0.15294458  0.03373741 -0.04326181  0.14175904  0.57148707
  -0.18226974  0.26685536]
 [ 0.30754128  0.16596426 -0.45166567 -0.20214404  0.09049138  0.1724612
  -0.1890996  -0.29574922]
 [-0.45919698  0.26884112 -0.17160685 -0.4490696   0.10776912  0.26205036
  -0.1594018   0.13790242]
 [-0.12642409  0.35685372 -0.23442224 -0.42475742  0.18632524  0.34616795
   0.16188744  0.2180123 ]
 [-0.3560255   0.5445327  -0.04757929 -0.15403332  0.05178659  0.1121744
   0.23356248  0.38469586]
 [ 0.20912378  0.29322118 -0.3182779   0.37083942  0.19309695  0.24160048
  -0.2935228  -0.4012129 ]
 [ 0.2770327   0.4617016  -0.11409253 -0.30600363  0.14716406  0.15444463
   0.27909362  0.1769657 ]
 [-0.36941633 -0.01654752 -0.38356364  0.39668944 -0.22835235 -0.02153154
  -0.26177514  0.38748908]
 [ 0.33963445 -0.05850793  0.35424817 -0.39326093 -0.70762384  0.50375444
   0.18103838 -0.450486  ]
 [ 0.19729388  0.5691195  -0.42105412 -0.23454532 -0.7571145   0.24679491
   0.2600727   0.29996958]
 [-0.39984336 -0.06657382  0.01745465  0.10476893  0.24976458 -0.0678388
   0.16693366  0.24635354]
 [ 0.24318293 -0.29540923  0.31736353 -0.44585723  0.25051007 -0.12755042
  -0.05305265  0.06767447]
 [ 0.3334962   0.41449463  0.22602956  0.3461606  -0.63547814  0.5179359
   0.26675758  0.12704879]
 [ 0.03030906 -0.06927664  0.06478722 -0.39914814  0.4241153   0.16150801
   0.42039967  0.00524073]
 [ 0.03843566 -0.02605851 -0.00779623 -0.25179923  0.553544    0.30714744
  -0.10725388  0.34836933]
 [-0.2551101  -0.53896123 -0.36265442  0.0739696   2.34784    -1.291515
   0.3182617   0.7400486 ]]
Peso 2:
[-0.19070263  0.6722232  -0.08240708 -0.0350188  -0.5655531   0.91901875
 -0.01137255 -0.18348683]
Camada: saida
Peso 1:
[[ 0.13880579 -0.12972893]
 [-0.87413275  0.7197428 ]
 [ 0.6845233   0.06605258]
 [-0.13591383 -0.6868523 ]
 [ 1.8561404  -1.9652828 ]
 [-0.91331273  1.6561071 ]
 [-0.5023675  -0.52351373]
 [ 0.5597932  -0.19492494]]
Peso 2:
[-0.8131341  0.8131391]



pesos modelo: 
Test loss: 0.6493, Test accuracy: 0.7884
Camada: meio
Peso 1:
[[ 4.39934373e-01  2.97065496e-01  2.54044950e-01 -4.52287555e-01
   3.31191123e-02  3.87924910e-01 -4.11547780e-01  3.53487194e-01]
 [ 2.26940751e-01  3.08186233e-01  3.66170734e-01  8.70067328e-02
   5.27055383e-01  4.02404904e-01 -1.08682536e-01  2.47115284e-01]
 [-1.53777540e-01 -2.16949418e-01 -9.58413631e-02  6.71717376e-02
  -4.66800928e-02 -2.06804484e-01 -4.19441015e-01  3.83025438e-01]
 [ 2.46498808e-01  2.49278486e-01  2.71239728e-01 -8.32232013e-02
   5.13874114e-01  3.50275785e-01 -1.53513312e-01 -2.95946151e-01]
 [-1.04719363e-01  3.59534323e-01  2.13529080e-01 -3.33659947e-01
   2.19140872e-02  4.04590257e-02 -4.47224192e-02  4.08441752e-01]
 [-3.56233239e-01  3.90481919e-01  1.12425778e-02  1.40787169e-01
   4.56826895e-01 -1.47633895e-01  4.07422781e-01 -1.66174266e-02]
 [ 4.73255545e-01  7.57781491e-02  3.29768248e-02 -2.23402351e-01
   1.38533875e-01 -2.02589661e-01 -2.55191535e-01 -2.59308934e-01]
 [-3.57798547e-01 -3.35252047e-01  3.07034254e-01  3.21427822e-01
   5.22606194e-01 -1.24164939e-01 -3.99859488e-01  2.39103064e-01]
 [ 5.78904673e-02 -2.38462627e-01 -1.31083608e-01 -1.66042536e-01
  -1.70318529e-01  6.24121651e-02 -2.34253034e-01  1.05714381e-01]
 [ 4.41798180e-01  3.63288611e-01 -2.58367956e-01 -1.05485204e-04
   1.36971101e-01  1.58314314e-02  2.15389598e-02 -1.24390841e-01]
 [ 1.95865750e-01 -3.31916571e-01 -1.10052288e-01  4.44178998e-01
   2.76587129e-01 -3.65020223e-02 -4.15198654e-01  1.79154217e-01]
 [-3.72706801e-01  4.22983170e-02  3.33110869e-01  1.41220936e-03
   3.73695940e-01 -1.77358925e-01 -2.98602164e-01  2.24409863e-01]
 [-2.87349850e-01  3.17319185e-01  2.01896548e-01 -1.64737538e-01
   1.38984799e-01 -5.57118207e-02 -1.43402204e-01  4.53903586e-01]
 [ 4.36330914e-01 -5.13495445e-01 -4.19419706e-01 -3.02587122e-01
   4.66348886e-01 -1.25321999e-01 -1.22405171e-01 -1.96136445e-01]
 [ 1.68460190e-01 -1.93078909e-02 -4.52713937e-01 -5.03556013e-01
   2.42648244e-01 -8.81381929e-02 -8.76750425e-02  6.34778857e-01]
 [-3.31789672e-01 -4.80514653e-02  9.81390849e-03  1.19156882e-01
  -3.14327389e-01 -1.77147210e-01 -2.82450378e-01  9.27611440e-03]
 [ 3.02055150e-01 -1.98675036e-01  6.18691325e-01  5.21169424e-01
   3.22973192e-01  1.90745458e-01  7.56983012e-02 -5.33004180e-02]
 [-8.92861784e-02 -4.65856940e-01 -3.35074991e-01 -2.80573666e-01
   6.00116014e-01 -1.76132340e-02  1.33508503e-01 -1.10196874e-01]
 [-3.02394424e-02  4.18893337e-01  1.55821387e-02  4.77359205e-01
  -5.12579568e-02  3.03486228e-01 -1.08021200e-02  1.77698225e-01]
 [-1.92697108e-01  3.14477026e-01  1.76979959e-01  4.18987811e-01
   1.25648588e-01  6.69269264e-02 -5.74874617e-02  5.92696518e-02]
 [-1.49389565e-01  7.15324998e-01  1.71962357e+00  1.51269531e+00
  -1.54579318e+00 -4.93738763e-02 -1.89892855e-02 -7.59616971e-01]]
Peso 2:
[ 0.05008588 -0.0699302  -0.299014   -0.33283874  1.1546153  -0.04476231
 -0.01157533  0.38755977]
Camada: saida
Peso 1:
[[ 0.06006101  0.45540166]
 [ 0.23554409 -0.75107574]
 [ 1.0452402  -1.449269  ]
 [ 1.1659951  -1.2037158 ]
 [-1.2476863   1.7212964 ]
 [ 0.567027    0.5700951 ]
 [ 0.33637467  0.02604511]
 [-1.0893337   0.16518804]]
Peso 2:
[-0.76338273  0.76338476]



pesos modelo: 
Test loss: 0.8347, Test accuracy: 0.7566
Camada: meio
Peso 1:
[[ 0.14854294 -0.42260405 -0.26461     0.3278762   0.1760419   0.24477756
   0.05698705 -0.20275971]
 [ 0.11052004  0.31085736  0.03373138  0.257434    0.13384233  0.08438683
  -0.03408194  0.08458027]
 [ 0.11675273 -0.40138397  0.26658395  0.38974813  0.32512698  0.05209578
  -0.26184687  0.2535514 ]
 [ 0.03718567  0.0761464  -0.24528767 -0.02659021  0.1688585   0.01563942
   0.03533829 -0.4080426 ]
 [ 0.21686237  0.0883551  -0.1331852   0.32781294 -0.40031007 -0.34329855
  -0.4062684   0.34624982]
 [-0.00852515 -0.26119635  0.07680593  0.04286334  0.40396088 -0.08438973
   0.23544809 -0.32467747]
 [-0.06641503 -0.15719879 -0.29737163 -0.00546662 -0.29234415  0.08020276
   0.5278682   0.2319907 ]
 [ 0.09140734  0.08217373  0.29394996  0.32516485  0.42489046 -0.15471867
  -0.08185406  0.20100239]
 [-0.04163577  0.06005254  0.00967884  0.24890548  0.19045146  0.40086272
  -0.35272717  0.27091068]
 [-0.10202558 -0.47300035 -0.21407881  0.05196538  0.32340518  0.33766156
  -0.25363535 -0.10170484]
 [ 0.3184901   0.27530614 -0.00629785  0.46564132  0.3520576   0.4335539
   0.39860412  0.14745024]
 [-0.06304321 -0.41828725  0.33925423  0.19359158 -0.20803072  0.15179925
   0.44282642 -0.25279516]
 [ 0.30047292  0.10558568 -0.28673422  0.30059755  0.02146378 -0.19870004
   0.16627254  0.3471422 ]
 [-0.65232366  0.09224062  0.12740579  0.49381435 -0.01497427 -0.4557086
   0.18298052 -0.3076711 ]
 [-0.6249707   0.37369743  0.01113856  0.7578601   0.48970658  0.06378175
   0.06280906 -0.00524403]
 [ 0.5893013  -0.34903696  0.04152105  0.21164246  0.07341452  0.06073272
  -0.2984328  -0.03992081]
 [ 0.13634415 -0.22802225  0.54113775  0.08693273 -0.4135087   0.4477134
   0.20381823  0.22606453]
 [-0.20661111  0.26000264 -0.47003025  0.65525717 -0.04340999 -0.00949207
  -0.17616674 -0.47178987]
 [ 0.46746564  0.2491426   0.39821616  0.2421588  -0.00766126 -0.14436422
  -0.27295148  0.08208576]
 [ 0.11619623 -0.49783576  0.55267876  0.05088376  0.09893633  0.26102018
  -0.4061472   0.29312223]
 [ 1.8621286  -0.3767845   1.068287   -1.9789968   0.13881585  0.37656483
   0.19304337  0.06843346]]
Peso 2:
[-0.4997047  -0.14160325 -0.20773442  1.010932    0.08093167 -0.11395658
  0.13791466 -0.08490577]
Camada: saida
Peso 1:
[[ 1.6197478  -1.348655  ]
 [ 0.24767417 -0.05666694]
 [ 0.21949638 -1.2855998 ]
 [-1.8522727   1.5863676 ]
 [-0.6990186  -0.3793653 ]
 [ 0.10735837 -0.5297402 ]
 [-0.8259767  -0.05959658]
 [ 0.707056    0.21873012]]
Peso 2:
[-0.59422827  0.59422857]



pesos modelo: 
Test loss: 0.6649, Test accuracy: 0.7959
Camada: meio
Peso 1:
[[-2.52715528e-01  4.28237975e-01 -5.58823049e-02 -1.85568959e-01
   2.97001183e-01 -5.97164333e-02 -2.23276451e-01 -1.96771085e-01]
 [ 3.91671330e-01 -3.03056408e-02 -1.06450744e-01  1.52801827e-01
  -6.66466430e-02 -2.30409682e-01  2.09784836e-01  2.90491283e-01]
 [-2.48151660e-01  3.27617496e-01  7.34949782e-02 -1.35349199e-01
  -1.05443094e-02  1.98736265e-02 -2.62550265e-01  1.14971638e-01]
 [ 1.58345580e-01  3.82641554e-02  2.20910251e-01  5.25242090e-01
  -1.04848735e-01 -1.12656370e-01  1.03291059e-02  2.17919976e-01]
 [-1.63197860e-01  3.40521522e-02 -9.02353972e-02  1.99458655e-02
   2.52813369e-01  7.98306838e-02 -1.72759786e-01  5.33002317e-01]
 [ 3.94823968e-01  2.77359486e-01 -1.65608510e-01  3.78007859e-01
   1.83641139e-04  2.14774966e-01 -3.13017368e-02  4.98686522e-01]
 [ 3.58030677e-01  4.22700405e-01  4.78337467e-01  8.15172493e-02
   3.09011042e-01 -3.02618891e-01 -1.12558223e-01 -1.70820341e-01]
 [-7.60708302e-02 -3.02949011e-01  4.45099249e-02  2.54586879e-02
   2.71142960e-01  3.91563207e-01 -2.68137097e-01  1.83864266e-01]
 [-2.18564607e-02 -2.37676501e-01 -6.21746294e-02 -1.24392293e-01
   2.49495059e-01 -8.97122920e-03  1.74004287e-01  5.07344484e-01]
 [-6.77748695e-02  1.70747191e-01 -1.05508149e-01  1.02868592e-02
  -3.49796355e-01 -1.04296379e-01  8.55518803e-02  3.29127371e-01]
 [ 1.20482609e-01 -2.13731959e-01  2.90091783e-01  2.65462071e-01
  -2.87461933e-02 -7.20225573e-02  3.82533014e-01  2.66217768e-01]
 [ 1.83432847e-01  1.78912550e-01  1.59247816e-01 -1.14116505e-01
  -1.63450554e-01 -4.20374960e-01 -6.17800243e-02 -2.97859490e-01]
 [ 1.21463858e-01  3.34720552e-01  3.96498501e-01 -8.37557465e-02
  -8.82437751e-02 -4.04006289e-03  2.33013481e-01 -1.40524164e-01]
 [ 5.15288413e-01 -1.79365441e-01  2.84072578e-01  7.66981915e-02
  -6.64231122e-01 -3.33640456e-01 -3.58695179e-01  1.03547312e-01]
 [ 2.02085018e-01 -2.89596915e-01  7.30430424e-01 -5.20207286e-01
  -1.72314212e-01  8.04174468e-02 -1.07193971e-02  2.07952484e-01]
 [ 1.57182083e-01  1.34589016e-01  7.02552646e-02  2.32106566e-01
   4.58651185e-01 -4.12994802e-01  1.14385962e-01 -7.76019394e-02]
 [-4.17105585e-01  1.96999103e-01  1.83647335e-01 -8.87330472e-02
   5.75514257e-01 -1.20142074e-02  2.45393142e-01  1.25056207e-01]
 [-9.89793390e-02 -4.87228990e-01  8.26143801e-01 -3.77084702e-01
   1.41648635e-01  7.71600679e-02 -4.76065546e-01  5.21492004e-01]
 [ 3.05551618e-01  1.36191785e-01 -2.32268199e-01  2.15343520e-01
   7.81504437e-02  2.97600150e-01  6.72146380e-01  3.77406657e-01]
 [ 7.02220425e-02  4.10702080e-02  4.28820103e-01  4.89548028e-01
   4.94944125e-01  2.11775571e-01  1.67804316e-01 -2.70241886e-01]
 [-7.12659359e-01  4.79271263e-01 -1.30944145e+00  1.23727226e+00
   1.19117701e+00 -2.64000297e-01  1.11931050e+00 -1.29573905e+00]]
Peso 2:
[ 0.44436944 -0.09424056  0.8625548  -0.23372073 -0.32985032  0.0501285
 -0.11254787  0.67929137]
Camada: saida
Peso 1:
[[-0.5286236   1.0947716 ]
 [ 0.7194758  -0.08348919]
 [-0.87534124  1.7025067 ]
 [ 0.39505628 -1.3950676 ]
 [ 1.5467745  -0.32524016]
 [-0.30013925 -0.03993383]
 [ 0.6554107  -1.0659277 ]
 [-1.4869254   0.7148883 ]]
Peso 2:
[-0.4756268   0.47562775]



pesos modelo: 
Test loss: 1.0204, Test accuracy: 0.7398
Camada: meio
Peso 1:
[[-0.2277039  -0.31597286  0.32463473 -0.22675705 -0.44184414 -0.25838977
   0.3643359   0.02153915]
 [ 0.36053896 -0.26715964  0.22299682  0.09137223 -0.11690705  0.3777996
   0.02466284  0.41442308]
 [ 0.27493733 -0.2680713  -0.17253228  0.01722095 -0.39330718 -0.2530541
   0.00226249 -0.12183652]
 [ 0.32610604 -0.20893054 -0.02498616  0.15548168 -0.40474066  0.26322025
  -0.03785528 -0.2506927 ]
 [ 0.31719986 -0.09092075  0.17214884  0.39265016  0.36823854  0.19413354
  -0.0055369  -0.14916478]
 [ 0.40391266 -0.27783218  0.2317087   0.34734687 -0.16948134 -0.12158527
   0.23930614  0.16059487]
 [ 0.24005981  0.07451165  0.28334022 -0.01135229  0.1387308   0.46145236
   0.20371756  0.00174654]
 [ 0.11021768  0.19933088  0.09728049 -0.27598533 -0.36283123 -0.25271893
   0.2936271   0.35307622]
 [ 0.06458479  0.02096705  0.01735977  0.06476314 -0.15876764 -0.3344316
  -0.14047535  0.268911  ]
 [ 0.20323457  0.09297021  0.3815957   0.36902118 -0.22481014  0.37925714
  -0.13333029  0.14111094]
 [ 0.48165604  0.13555169 -0.01194054  0.00818682 -0.1872341  -0.1742656
   0.33449942  0.33967936]
 [ 0.22771606 -0.40968215  0.1400031   0.32864588 -0.18424018 -0.13761191
   0.07454224 -0.15480146]
 [ 0.18475    -0.11142458  0.19272426 -0.0136954  -0.33097637  0.31428164
  -0.11966688  0.37354597]
 [ 0.47567832  0.311987    0.6249017  -0.35985345 -0.34779486 -0.06213271
  -0.05712912 -0.32967165]
 [ 0.4893556  -0.43121848  0.8742666   0.02722777 -0.09389114 -0.16820516
  -0.21274798  0.1441887 ]
 [-0.36182305  0.17893264  0.41117892  0.24845931  0.31455925  0.08368964
   0.34080532  0.2601188 ]
 [ 0.11658174  0.20484969 -0.16536419  0.33319062 -0.09857947  0.1574384
   0.4190257   0.07693752]
 [ 0.7455126  -0.4121256   0.46025375 -0.60506386 -0.11081622 -0.27120337
  -0.21194355 -0.04950757]
 [-0.11951676  0.30066755 -0.18308893 -0.13515408  0.09964294  0.34200537
   0.19118968  0.02959365]
 [-0.41225544 -0.11014066  0.27857888  0.40792564 -0.1195084   0.2822371
   0.02942872 -0.15036409]
 [-1.3498116  -0.15386601 -1.5127473   1.0482154  -0.35340273  0.7850494
   1.3167578   0.7432775 ]]
Peso 2:
[ 0.97631687  0.13012737  0.81465054 -0.2721012  -0.05575506 -0.12951452
 -0.31074163 -0.08487973]
Camada: saida
Peso 1:
[[-1.1717714   1.562808  ]
 [-0.58674794  0.23120569]
 [-1.6705102   1.0715175 ]
 [ 0.82821405 -0.9569246 ]
 [-0.00217119 -0.64922535]
 [ 0.9699959  -0.21744144]
 [ 0.5100242  -1.4179006 ]
 [ 0.03810939 -0.9070941 ]]
Peso 2:
[-0.29886433  0.2988659 ]
