


pesos modelo: 
Test loss: 0.8186, Test accuracy: 0.7564
Camada: meio
Peso 1:
[[-4.12532568e-01 -6.75546825e-02  3.07124734e-01 -3.46690416e-01
  -1.24168456e-01  4.09765661e-01 -4.04684722e-01]
 [ 2.24474862e-01  8.88014287e-02  4.54267748e-02 -4.59854957e-03
   1.49166891e-02  4.60204035e-01 -1.47525042e-01]
 [ 2.61117727e-01  4.71737742e-01  3.59233432e-02 -5.02303569e-03
   2.03102320e-01  1.13990150e-01 -3.56216371e-01]
 [-4.01416495e-02 -2.46822629e-02 -1.70103490e-01 -2.09338158e-01
   3.11204553e-01  3.57616216e-01  2.08588123e-01]
 [ 7.66974539e-02  9.81068537e-02 -1.75779760e-01  1.42165542e-01
  -3.25085044e-01 -5.28359488e-02  4.11215693e-01]
 [-1.10199071e-01  6.07154034e-02  9.53016356e-02  1.75690986e-02
  -1.92477759e-02  1.12087362e-01  9.51070860e-02]
 [-9.10626128e-02 -3.15289110e-01  3.44887748e-02  8.63397941e-02
  -4.40910190e-01  3.34123641e-01 -1.86068445e-01]
 [ 2.28636026e-01  4.33644801e-01  3.31627339e-01  1.10491395e-01
   1.23992562e-01  2.90048182e-01 -3.73913199e-01]
 [ 4.60244446e-05  1.68108240e-01  2.02112928e-01  1.98878571e-01
  -1.50266334e-01  7.09643066e-02  3.39271575e-02]
 [ 1.35286435e-01 -1.30595207e-01  1.86577842e-01  4.94393438e-01
  -4.65378940e-01  6.97038472e-02 -3.41416031e-01]
 [-2.57517010e-01  4.22265343e-02  3.34341317e-01  5.79360873e-02
  -7.14410916e-02  1.77744687e-01  1.49462551e-01]
 [ 3.32388222e-01  1.67494267e-01 -6.66240603e-02  3.91473413e-01
  -2.80011386e-01 -4.65686582e-02  2.03296021e-01]
 [ 2.97787815e-01 -2.52885699e-01 -1.84851304e-01  3.19565237e-01
   3.00547719e-01  3.36072892e-01  1.95570320e-01]
 [-4.18027550e-01 -1.62159175e-01 -5.58390141e-01  1.64543539e-01
  -1.31276250e-01  7.91049480e-01 -2.95883626e-01]
 [-4.29579616e-01  5.62727988e-01 -4.64299947e-01  5.40318191e-01
  -3.47906619e-01 -6.79050311e-02 -8.09299424e-02]
 [-1.82728052e-01 -2.50272065e-01  2.21365429e-02 -2.79509515e-01
  -3.90645593e-01 -2.96447217e-01  1.84374958e-01]
 [ 4.15417165e-01  3.45156312e-01  7.07653940e-01  8.83117020e-02
  -5.15346155e-02  1.01535618e-01  5.70518970e-01]
 [-8.11847821e-02  6.54822469e-01 -4.47239399e-01  7.49377668e-01
  -4.58968759e-01 -1.09337159e-01 -4.76257592e-01]
 [ 7.11596429e-01  2.53443122e-01  1.15749091e-01  2.39413217e-01
   1.34270355e-01 -1.00173466e-01 -2.71273792e-01]
 [ 4.94222820e-01  6.69428185e-02  5.14636576e-01  2.68639714e-01
  -1.79541647e-01 -7.71437287e-02  5.07405043e-01]
 [ 1.71414113e+00 -9.16067779e-01  8.71171355e-01 -1.49633110e+00
  -1.70508415e-01 -1.06664765e+00  1.47127192e-02]]
Peso 2:
[-0.3987905   0.5765354  -0.23830499  0.84011644 -0.05035873  0.69807184
  0.00730504]
Camada: saida
Peso 1:
[[ 2.024886   -0.63081443]
 [-1.1348742   0.72010213]
 [ 0.6390921  -1.1597385 ]
 [-1.5187912   1.19093   ]
 [ 0.03535794 -0.55026644]
 [-0.69998807  1.2997247 ]
 [-0.4656955  -0.7838831 ]]
Peso 2:
[-0.41800192  0.41800418]



pesos modelo: 
Test loss: 0.5455, Test accuracy: 0.8240
Camada: meio
Peso 1:
[[-0.24486707  0.03955466 -0.18325615  0.35121852  0.22212154  0.09597671
   0.20107758]
 [ 0.1746233   0.1778889   0.32717574 -0.34049097  0.36739898 -0.19627984
   0.31450444]
 [ 0.07478098  0.37266544  0.35641506 -0.226622    0.1602513  -0.28069752
   0.32807258]
 [ 0.1304983   0.28829065 -0.09780534  0.20526652 -0.31431958 -0.11782929
  -0.3723297 ]
 [-0.02704402  0.27816874  0.5441003  -0.23498073  0.1282545  -0.12511164
   0.29167002]
 [ 0.2681666  -0.35367     0.00333849  0.32979318  0.26478767  0.17671965
   0.02215154]
 [ 0.13869523 -0.18669687 -0.10651943  0.42428902  0.09747717 -0.14019172
  -0.2822544 ]
 [ 0.07212841  0.10038301  0.38507792 -0.39301145 -0.04135966  0.10891593
  -0.04159822]
 [ 0.21129538 -0.12021352  0.5075329   0.06012384  0.18616112  0.3567669
  -0.2911822 ]
 [ 0.4443779   0.21017481  0.295571   -0.35948938  0.12690942  0.30367103
   0.1283389 ]
 [ 0.38629463  0.38411766  0.33719724 -0.43135154 -0.11709172  0.3193648
  -0.17461011]
 [ 0.5025713   0.32951787 -0.21503803 -0.0504112   0.25968853 -0.19665928
  -0.27619675]
 [-0.11524682  0.1900317   0.5310229  -0.40762338  0.26829827 -0.35571906
   0.43499374]
 [ 0.32106572 -0.6379702   0.11243386 -0.3437574  -0.46348318 -0.2526663
  -0.39486802]
 [ 0.72614175  0.11986738  0.09910909  0.08348931 -0.4228765  -0.4891717
  -0.33749735]
 [ 0.14076836  0.37185004  0.17728873  0.10042807  0.07901578  0.57277566
   0.08075695]
 [ 0.16545779  0.01889726 -0.4022277  -0.21898183  0.08448143  0.5477979
  -0.07505225]
 [ 0.62759846 -0.48420954  0.14476581 -0.3638578  -0.36200243 -0.38567618
  -0.2697956 ]
 [ 0.20406596  0.15324195 -0.25377926 -0.25738356  0.1342749   0.28793797
  -0.31058463]
 [ 0.06471787  0.11757997  0.37313312  0.16359521  0.32107943  0.58990985
   0.2604711 ]
 [-1.6968442   1.2516783  -1.0278008  -0.00537306  1.231279    1.2318559
  -0.47877383]]
Peso 2:
[ 0.8859202  -0.27445334  0.5063237  -0.0281417  -0.3175437  -0.33589146
  0.1252831 ]
Camada: saida
Peso 1:
[[-1.1954573   1.8203323 ]
 [ 1.5773587  -0.20637491]
 [-1.2456894   0.48647606]
 [ 0.4307887  -0.03855155]
 [ 0.95582396 -0.99685526]
 [ 0.38965464 -1.7036713 ]
 [-0.28627297  0.26440114]]
Peso 2:
[-0.56661874  0.56662065]



pesos modelo: 
Test loss: 0.6795, Test accuracy: 0.7869
Camada: meio
Peso 1:
[[-4.30829883e-01  9.76120830e-02 -2.22755834e-01  1.51636004e-01
  -1.36066377e-01 -1.97284073e-01 -9.64570045e-03]
 [ 1.89102367e-01 -2.49540702e-01  5.58637381e-01 -2.32438117e-01
   1.53464690e-01  3.87732118e-01  3.46372753e-01]
 [-1.61290556e-01 -1.17170841e-01  2.12412581e-01 -1.16306216e-01
  -5.15881414e-03 -4.14392948e-01 -7.02792108e-02]
 [ 7.26339892e-02  3.27522248e-01  4.33726311e-01 -3.53785992e-01
   7.42161572e-02 -4.66327876e-01 -3.47131133e-01]
 [-8.62700194e-02 -3.82213205e-01  5.53208768e-01 -3.80028516e-01
   1.44197866e-01 -4.37076956e-01  8.48907158e-02]
 [-4.23997164e-01 -2.29819328e-01  4.79814887e-01 -1.88264519e-01
   1.27148852e-01 -4.22817767e-02 -3.57170135e-01]
 [ 3.35804522e-02 -4.42348808e-01  3.79735291e-01  1.23399466e-01
   1.07737161e-01 -2.49896143e-02 -4.40379649e-01]
 [-2.00102180e-01  3.07354867e-01  3.47679079e-01  4.87989217e-01
   1.44494548e-01 -4.40765917e-01 -1.51419163e-01]
 [-2.31151000e-01 -3.22277039e-01  4.09254223e-01  2.17116233e-02
   1.01247303e-01 -3.93282771e-01 -3.94049764e-01]
 [-3.92731726e-01 -3.99108380e-01  2.83530921e-01 -7.00155348e-02
   6.87038433e-03 -3.29700261e-01  1.41310483e-01]
 [ 3.48448545e-01  3.19325298e-01  1.38294965e-03  3.25829126e-02
  -1.32316932e-01  4.94905710e-02  2.09731698e-01]
 [-4.51521456e-01 -6.10459670e-02 -2.96120881e-03 -1.36020005e-01
  -1.31163687e-01 -1.43868193e-01  1.54145941e-01]
 [-4.00472581e-01 -6.22227415e-02  5.80944002e-01 -2.65819341e-01
   1.63881138e-01  1.74686059e-01 -3.85118723e-01]
 [ 1.85726255e-01 -3.58345926e-01  3.11049521e-01  1.48637086e-01
  -6.74730361e-01  6.94571212e-02 -3.62843931e-01]
 [-3.86819094e-01  1.32122368e-01  2.12642029e-01  3.40431482e-01
  -5.61546266e-01 -4.05276805e-01  1.07695580e-01]
 [ 2.73549676e-01 -1.97327375e-01  3.96500155e-02  2.44226784e-01
   3.20963711e-01  8.75757858e-02 -4.42859948e-01]
 [-8.40335563e-02 -7.36033171e-02  1.37604639e-01  2.78037429e-01
   5.12281954e-01 -2.05085073e-02 -3.53206784e-01]
 [ 3.18998843e-01  1.82725370e-01  7.65478671e-01 -4.16435808e-01
  -7.44395435e-01  2.49739975e-01 -2.58739978e-01]
 [ 7.23161772e-02  2.98301846e-01 -1.63214862e-01  3.40876132e-01
   2.53307551e-01 -8.08054581e-02  1.55947404e-03]
 [-3.04462761e-01 -4.16281879e-01 -7.20105469e-02 -1.16032906e-01
   3.81180644e-01 -4.01113957e-01 -3.11894178e-01]
 [ 1.69628769e-01 -6.31275102e-02 -1.02050579e+00 -1.02175899e-01
   2.76680779e+00 -2.63363086e-02  1.22994483e-01]]
Peso 2:
[-0.06642236 -0.11539032  0.9403602   0.19506238 -0.6097369  -0.0430197
 -0.00220345]
Camada: saida
Peso 1:
[[ 4.1241038e-01  1.5813013e-03]
 [ 6.8050253e-01  2.5312105e-01]
 [-6.6540945e-01  1.7455776e+00]
 [-4.6061727e-01  6.5117007e-01]
 [ 2.1667604e+00 -1.9795102e+00]
 [ 5.7920748e-01  1.0140410e-02]
 [-1.5431736e-01 -2.1626931e-01]]
Peso 2:
[-0.99675554  0.9967588 ]



pesos modelo: 
Test loss: 0.8213, Test accuracy: 0.7681
Camada: meio
Peso 1:
[[-0.18182725 -0.2764696   0.40382475 -0.28917474  0.0664196   0.1996758
   0.30496454]
 [ 0.24149577 -0.03122002  0.17314318  0.4597924   0.30066526  0.2667124
  -0.25133064]
 [-0.03906783 -0.08512643 -0.42200577  0.05441646  0.44589907 -0.04306934
   0.17534974]
 [ 0.0937255  -0.27436024 -0.3258309   0.40969354  0.15379597  0.02062144
   0.11628775]
 [ 0.11570033 -0.12866172  0.07612651  0.37210697  0.1430191   0.07770104
   0.28442308]
 [ 0.09662949  0.1857912  -0.1454035   0.15474579  0.32611507 -0.26592112
  -0.09593361]
 [ 0.23952456  0.52096736 -0.3584712   0.16032793  0.22308728 -0.3964002
  -0.00406786]
 [ 0.20760737  0.25062266  0.24553822  0.28892577  0.14297341 -0.4477394
  -0.12683728]
 [-0.05931097  0.36658224 -0.09138644 -0.11438064  0.04698073 -0.05234443
  -0.07324506]
 [-0.08661734  0.47691706  0.12152885 -0.06582377 -0.37400255 -0.41272786
  -0.46143153]
 [ 0.05474257  0.04581448 -0.06666161  0.31323832 -0.23427476 -0.17098434
  -0.05938725]
 [ 0.21192762 -0.04960589  0.20717831  0.37452233  0.41711107 -0.13935381
  -0.28552812]
 [ 0.13584323  0.00564108 -0.35581043  0.45083508 -0.3478653  -0.02010296
  -0.3152916 ]
 [-0.5585401   0.68613386  0.11355663  0.61345696  0.10618973  0.05574348
  -0.17462428]
 [-0.448347    0.18826997 -0.13436966  0.6569071  -0.30003813  0.27914572
   0.02331026]
 [ 0.27676573  0.19288822  0.1042572  -0.2962918   0.40146372 -0.245962
  -0.12364779]
 [ 0.47187352  0.20407757 -0.11666072 -0.16923872  0.14455113  0.414703
  -0.47102565]
 [-0.85632163  0.16375653 -0.36853722  0.27392855  0.24083202  0.28448254
  -0.17671284]
 [ 0.3925303   0.14167134 -0.36877796  0.14840186 -0.3630822  -0.35505018
   0.2793387 ]
 [ 0.26393357 -0.10216271  0.19496374 -0.20076866  0.11403407 -0.37493676
  -0.17217276]
 [ 2.3421462  -1.0088468  -0.2823415  -1.1951034  -0.60753626  0.00404459
  -0.4175886 ]]
Peso 2:
[-6.24218464e-01  5.34584999e-01  1.77921393e-04  9.79790628e-01
  1.09198004e-01 -4.36952673e-02 -1.13466673e-01]
Camada: saida
Peso 1:
[[ 1.925131   -1.7521523 ]
 [-0.38807717  1.3118446 ]
 [ 0.289775    0.33059245]
 [-1.7843612   0.87481874]
 [-0.29707527  0.43075243]
 [-0.47319517 -0.66733086]
 [ 0.72551066 -0.18590826]]
Peso 2:
[-0.5470874   0.54708964]



pesos modelo: 
Test loss: 0.9178, Test accuracy: 0.7488
Camada: meio
Peso 1:
[[ 3.59788716e-01 -4.11652029e-02  3.33796322e-01 -3.25217843e-03
   2.00818956e-01  1.07202351e-01 -1.38555914e-01]
 [-1.62087619e-01  4.37835306e-02 -2.96440959e-01 -8.31338838e-02
   1.17766462e-01  3.80472541e-01 -1.48277327e-01]
 [ 1.91036165e-01  3.96844685e-01  4.51498508e-01  3.10291499e-01
   2.37609223e-01 -1.77007467e-01 -1.77559331e-01]
 [ 4.05258566e-01 -1.62744690e-02  2.39550099e-01 -1.03313245e-01
  -1.09950816e-02  2.34144568e-01  4.33382928e-01]
 [-2.83270001e-01 -2.46048137e-03  1.21488765e-01 -4.10413854e-02
  -1.09110854e-03 -1.57120496e-01 -1.94978446e-01]
 [ 3.40862989e-01  3.41044605e-01 -3.97018433e-01 -2.13405132e-01
   4.06772718e-02  1.20802358e-01  3.70687366e-01]
 [ 4.89359461e-02 -2.75476962e-01  3.38075399e-01  2.12268651e-01
   3.22330385e-01  1.21364161e-01  3.11890095e-01]
 [-3.25872809e-01  4.45647389e-01  1.86190739e-01  6.16507679e-02
  -1.40884086e-01 -3.42202038e-01 -1.11055888e-01]
 [-2.88911641e-01 -4.38471526e-01  1.15229115e-01  1.84656665e-01
   2.96959430e-01  2.66908914e-01  3.17863107e-01]
 [ 1.71646878e-01  3.56474519e-01 -2.06311256e-01 -3.03162843e-01
   4.29859832e-02 -2.49213725e-01 -2.79676795e-01]
 [-2.13828087e-01  2.72088557e-01 -7.89992809e-02  2.23474398e-01
   2.59547502e-01 -3.89087677e-01  2.82365866e-02]
 [ 1.90695420e-01  3.73687238e-01  5.00504971e-01  2.99932480e-01
   6.94335264e-04  3.72610807e-01  2.61907816e-01]
 [ 1.34052597e-02 -1.34941906e-01  8.68473873e-02  5.38305715e-02
   2.84743041e-01 -2.05226943e-01  1.06752761e-01]
 [-6.00561917e-01  6.33966506e-01  7.63999298e-03 -3.26252162e-01
   4.23831463e-01 -2.25761920e-01 -6.49321452e-02]
 [ 9.80646685e-02 -2.95031518e-02  4.12423998e-01 -6.61639810e-01
   6.29257023e-01 -2.64344245e-01  6.55804694e-01]
 [ 4.34052348e-01  1.22827562e-02  9.99165252e-02  5.52739799e-01
   2.64204890e-01 -4.07938033e-01  4.29039747e-01]
 [ 4.39285606e-01  2.76075870e-01  4.13104713e-01  2.49846935e-01
  -3.18212330e-01  2.25572616e-01 -4.72955942e-01]
 [ 7.09060207e-02  3.03214528e-02  3.23818743e-01 -7.15776086e-01
   4.53079909e-01  2.05037042e-01  2.99687684e-01]
 [ 1.45095795e-01  3.81479450e-02  2.35238224e-01  6.47733927e-01
   2.79796571e-01  3.98412973e-01 -2.75975734e-01]
 [ 4.46213484e-01 -4.48668562e-02 -6.76819906e-02  5.33111095e-01
   3.32421064e-01  4.60627526e-01 -5.33491708e-02]
 [ 1.00114703e+00 -6.58954263e-01 -7.25555182e-01  1.86672378e+00
  -1.56747723e+00 -5.31024396e-01 -2.78768361e-01]]
Peso 2:
[-0.26817605  0.4261799   0.34573194 -0.5228266   0.7969021   0.09865872
  0.28881133]
Camada: saida
Peso 1:
[[ 0.6381098  -0.86246836]
 [-1.0231769   0.4410041 ]
 [-0.48704472  0.9038883 ]
 [ 0.99992245 -2.0316577 ]
 [-1.5293257   1.2589535 ]
 [-0.9897903  -0.4426552 ]
 [-0.4231851   0.73171085]]
Peso 2:
[-0.45804697  0.45804882]



pesos modelo: 
Test loss: 1.0210, Test accuracy: 0.7323
Camada: meio
Peso 1:
[[-0.05563468 -0.36199623  0.02708578  0.34736353 -0.09205416 -0.28173572
   0.31605005]
 [ 0.07593253 -0.14421955 -0.00967901  0.14081053  0.05756814 -0.05483022
   0.23824647]
 [ 0.02135375  0.3033564   0.07830683  0.17218558  0.36872184  0.25283244
   0.27343503]
 [ 0.18282227  0.39250195 -0.23946075  0.35492927  0.30630708 -0.20938602
  -0.07141427]
 [ 0.02655636 -0.35416046 -0.12161625 -0.35684267 -0.01395695 -0.3767487
   0.09355658]
 [-0.30395022  0.09213455 -0.00896079  0.10011361  0.14752318 -0.06682866
  -0.15581521]
 [ 0.27572924  0.46187174  0.25787148  0.02605407  0.3730638  -0.46052566
  -0.1448058 ]
 [-0.32826954 -0.14634012  0.1684182   0.08858218 -0.0141627   0.13739498
  -0.18339556]
 [-0.25857213 -0.08909621  0.18849294  0.433758   -0.06945929  0.1161018
  -0.17033656]
 [-0.1571938   0.21549504 -0.3637546  -0.19705164  0.3171853  -0.22898506
  -0.3159055 ]
 [-0.0450968   0.28800163  0.4379631   0.18988083  0.41377828 -0.00742941
   0.46581128]
 [-0.20936835  0.17864239 -0.05260585  0.358385    0.25015116  0.17007479
   0.15141721]
 [ 0.36858633 -0.07950115 -0.21882121  0.06789549  0.09395823 -0.10864697
   0.18319064]
 [-0.19257389 -0.6643197  -0.13014504 -0.35467374  0.6891139  -0.31387293
  -0.02038573]
 [-0.12735043 -0.21093132 -0.10956882  0.03550765  0.9365288  -0.16412172
  -0.2899613 ]
 [ 0.32116503  0.3902257  -0.62644523  0.18669808 -0.00815049 -0.03047307
   0.14995825]
 [ 0.14611538  0.7712934   0.2939203   0.327947    0.11423794 -0.3864805
   0.44075164]
 [-0.42007834 -0.41715232  0.00343898  0.59036136  0.5977581   0.15784743
  -0.2402587 ]
 [-0.26674703  0.52497005 -0.0324866  -0.38348687  0.17724113  0.06494793
   0.22600967]
 [-0.12974247  0.42778563 -0.04149703 -0.08595716 -0.00625713 -0.3483502
   0.35826278]
 [-0.14706306  1.4464177  -0.03384806 -0.7661263  -2.1627629  -0.11915493
   0.6635326 ]]
Peso 2:
[-0.01305908 -0.43441826  0.11619701  0.24830666  1.1955218  -0.02018552
 -0.13977663]
Camada: saida
Peso 1:
[[-7.6118529e-01  5.8497769e-01]
 [ 1.8737097e+00 -8.3755076e-01]
 [-6.7589271e-01  6.2551820e-01]
 [ 1.3838588e-01  1.1155847e+00]
 [-1.5730109e+00  2.2251837e+00]
 [-1.2500602e-03 -3.4501502e-01]
 [ 6.3191420e-01 -5.0016159e-01]]
Peso 2:
[-0.36306188  0.3630627 ]



pesos modelo: 
Test loss: 1.1121, Test accuracy: 0.7225
Camada: meio
Peso 1:
[[ 2.70625055e-01 -2.53196865e-01  1.37899041e-01 -6.30508661e-02
  -2.82648146e-01 -2.05699593e-01 -5.44847846e-02]
 [-5.61513454e-02  1.69984281e-01 -1.74962088e-01 -3.19178365e-02
  -2.58960843e-01  2.29092970e-01 -2.73191750e-01]
 [ 3.85843337e-01  3.41145307e-01 -2.31400907e-01  6.54174909e-02
   3.00725102e-01  2.62690932e-01  1.84996501e-01]
 [-3.27383399e-01 -1.78082101e-02  3.82075310e-01  8.82774442e-02
  -2.08257288e-01  2.60028005e-01 -3.74548137e-01]
 [ 4.82772380e-01 -2.31972057e-02 -3.44473064e-01  1.81362569e-01
   1.90439597e-01  1.36280477e-01  2.45489433e-01]
 [-2.44920090e-01  1.31886834e-02 -2.52851158e-01  6.88972976e-03
   2.20497802e-01  2.21136332e-01 -2.28600234e-01]
 [ 3.66828412e-01 -8.23715031e-02 -1.12692052e-02  1.71161368e-01
  -4.67043161e-01  1.64465636e-01  3.23006809e-01]
 [-3.24023694e-01  2.51134008e-01  3.22430700e-01  3.34283084e-01
  -3.41162086e-01  6.49808526e-01 -9.64797959e-02]
 [ 8.01047310e-03  2.38542497e-01 -1.04731962e-01 -9.96791422e-02
   8.26185942e-02  2.31653333e-01  7.85474107e-03]
 [ 2.47584671e-01 -1.54024497e-01  5.39810257e-03  9.36946422e-02
   2.04572856e-01  1.11786895e-01 -1.74174801e-01]
 [-2.13466853e-01 -2.28338346e-01  1.71084050e-02 -2.31892243e-01
  -4.25251871e-01 -5.58315255e-02 -3.64976048e-01]
 [-5.10180928e-02  1.81965247e-01  2.89218426e-01 -2.97105312e-02
  -9.95786488e-02  2.13143960e-01  1.75343111e-01]
 [-3.74078304e-01 -8.72373655e-02 -4.85106139e-04 -2.69618452e-01
  -4.61296856e-01 -1.51452736e-03 -1.41474113e-01]
 [ 2.47900002e-03 -6.27996862e-01 -7.24081555e-03 -5.46234548e-01
   1.87691540e-01  7.43760705e-01  2.09721729e-01]
 [ 5.07078052e-01 -5.02516329e-01  3.74218345e-01 -2.81730443e-01
  -3.15305978e-01  4.01264668e-01 -1.97608873e-01]
 [ 6.01995774e-02  2.99419463e-01  1.89309642e-02  4.53022689e-01
  -3.40080857e-01 -1.68311466e-02 -4.71108824e-01]
 [ 4.89256054e-01  4.88793910e-01 -2.99231619e-01  3.96719098e-01
  -9.59114265e-03 -1.23086356e-01 -9.78728682e-02]
 [ 1.08502239e-01 -2.37766355e-01 -2.89994270e-01 -2.49759182e-01
  -4.06448632e-01  7.93785512e-01  6.73168078e-02]
 [-1.81222886e-01  4.34619755e-01 -3.20011735e-01  2.57733315e-01
   2.27496907e-01  6.45361841e-02 -1.44009218e-01]
 [-4.66496259e-01  4.90532041e-01 -4.64655668e-01  4.73189712e-01
  -3.93961400e-01  2.59833872e-01 -5.16363233e-03]
 [-1.02553472e-01  1.15741360e+00 -2.66828775e-01  1.76025295e+00
  -7.50498921e-02 -1.90005398e+00 -3.32950473e-01]]
Peso 2:
[ 0.38402432 -0.5199144  -0.112673   -0.50019187 -0.11214329  1.0637178
 -0.1425134 ]
Camada: saida
Peso 1:
[[-0.5256566   0.9042583 ]
 [ 1.1049557  -0.90662277]
 [-0.09351522 -0.3651112 ]
 [ 0.9209839  -1.6340648 ]
 [ 0.13407029 -0.7676896 ]
 [-2.156159    1.293906  ]
 [ 0.7288578  -0.23226304]]
Peso 2:
[-0.5965497   0.59655046]



pesos modelo: 
Test loss: 1.0109, Test accuracy: 0.7396
Camada: meio
Peso 1:
[[-0.03814426  0.00381315 -0.01757517 -0.03242883  0.35901755 -0.09338561
   0.27759212]
 [ 0.05895981  0.10111618  0.22287406  0.45348275  0.5321483   0.2825966
  -0.166483  ]
 [-0.34717134  0.35561687  0.1892774  -0.22793548  0.19995303 -0.07981634
   0.03617994]
 [ 0.4552429  -0.3024252   0.21125503 -0.19701748 -0.14643168 -0.16668822
   0.28861365]
 [-0.35623887 -0.21894616 -0.33036396 -0.0464371   0.5486428   0.24124016
   0.26921344]
 [ 0.10140157  0.06709177  0.3562595  -0.06506655  0.26989195 -0.05053677
   0.34071565]
 [-0.13908772 -0.03963763  0.21918486  0.3435281   0.21117076  0.03091534
  -0.22329237]
 [ 0.5757131   0.30884138 -0.3184092   0.16575618  0.09625534 -0.03828412
  -0.07310765]
 [ 0.24002229  0.2650729   0.21685356 -0.09641152  0.3018825   0.03387783
   0.21025515]
 [ 0.06770611  0.14814705  0.03517213  0.20575     0.09719037 -0.26228893
   0.1129854 ]
 [-0.32002166  0.13059242  0.05317206 -0.19578664  0.41836768  0.07639039
   0.15496644]
 [ 0.06463555 -0.09296485 -0.2998315  -0.30212203  0.18964218  0.12827773
   0.09307826]
 [ 0.26208696  0.23567295  0.2889022   0.42450705  0.20092744 -0.02786555
  -0.18743691]
 [ 0.21741395  0.01478751 -0.19565107 -0.48943084  0.5921598  -0.58463395
  -0.49131426]
 [ 0.20875044 -0.36647582 -0.02460608 -0.22893983  0.28157178 -0.45012257
  -0.49427694]
 [-0.06524678  0.40996826  0.15746078 -0.11479376  0.18754603  0.3400938
   0.19781753]
 [-0.23516476  0.25363946 -0.36562333  0.2620434   0.08400526  0.25071058
   0.2946905 ]
 [ 0.14577664 -0.5279261  -0.22445706  0.10744492  0.7489222  -0.577409
  -0.27452293]
 [ 0.5157337  -0.09350556 -0.44111678  0.39913946  0.17954019  0.31164145
   0.21945858]
 [-0.06104982 -0.1952023  -0.01233088 -0.03028456 -0.14668117  0.34714058
   0.05186967]
 [-0.5476563   0.7416739  -0.05729062  0.9324917  -1.6279914   1.9660602
   0.8108272 ]]
Peso 2:
[ 0.34877405 -0.12695307  0.07277655 -0.03057019  1.0565318  -0.30532843
 -0.26882702]
Camada: saida
Peso 1:
[[-0.39380085  0.5417562 ]
 [ 0.74728775 -0.19174644]
 [ 0.2536815   0.65016353]
 [ 0.6382433  -0.4068725 ]
 [-1.3298388   1.6588236 ]
 [ 1.2575377  -1.7945818 ]
 [ 0.5053539  -1.0173379 ]]
Peso 2:
[-0.75342697  0.7534274 ]



pesos modelo: 
Test loss: 1.1393, Test accuracy: 0.7154
Camada: meio
Peso 1:
[[-2.72042274e-01  1.30030692e-01  1.75810158e-02  1.53117955e-01
  -2.36753613e-01  1.53838098e-01 -3.57871532e-01]
 [-7.59911463e-02  2.55519092e-01  3.08671504e-01 -2.94065624e-01
   1.93982169e-01  2.80976951e-01 -3.49695176e-01]
 [-2.38919139e-01 -2.24974126e-01  1.57456309e-01  2.50283927e-01
   1.23009011e-01  3.26009423e-01  3.79292697e-01]
 [-3.58186185e-01 -2.04117864e-01 -1.38636023e-01  3.49320203e-01
  -1.65682845e-02  1.97787762e-01 -4.46990252e-01]
 [-2.36587361e-01  2.57983714e-01 -2.88408194e-02 -2.57042229e-01
  -9.60403234e-02 -2.26132548e-03 -1.93284333e-01]
 [-4.28340465e-01  1.20258041e-01 -3.92093956e-01  6.87034652e-02
   2.53452867e-01  4.54368532e-01 -5.47995307e-02]
 [-4.37644005e-01 -1.90065756e-01  2.07346946e-01 -5.51393144e-02
  -1.88235253e-01 -5.76495118e-02 -1.37595385e-01]
 [ 1.56982154e-01 -1.83036536e-01 -2.04501286e-01  3.73212367e-01
  -2.58354880e-02  2.46137261e-01  4.21720862e-01]
 [-3.01280230e-01  1.86482295e-01 -1.21272065e-01 -1.52207702e-01
   1.28575772e-01  2.84733593e-01 -1.49126127e-01]
 [-2.33361293e-02 -4.42992300e-01  9.92673039e-02  4.52450663e-01
   4.63139527e-02  3.33603323e-01  4.56460416e-01]
 [-2.49894664e-01 -4.33289140e-01 -1.70676574e-01  3.18087786e-01
  -1.28367200e-01  1.03193685e-01 -3.60292792e-01]
 [ 1.73534930e-01 -4.24252480e-01 -9.79057793e-03  2.69137859e-01
   1.54937267e-01  3.57698977e-01 -4.04895782e-01]
 [-1.62769675e-01 -3.70466530e-01  1.12325720e-01 -2.05636710e-01
   3.36676329e-01  4.80481535e-01 -3.43065381e-01]
 [ 7.02319816e-02 -1.04994260e-01  1.38869166e-01 -7.58642256e-02
  -7.62518108e-01  4.51636642e-01 -3.96744013e-01]
 [-4.52828109e-01  2.23452047e-01  3.22304182e-02 -2.87109494e-01
  -2.25165755e-01  9.25562680e-01 -4.57483739e-01]
 [-4.38608319e-01 -4.72222209e-01  6.78600669e-02  1.75787106e-01
   6.04767978e-01  2.33562022e-01  9.31083038e-02]
 [-9.91827175e-02  6.49276972e-02 -1.90899018e-02  5.16418256e-02
   2.19283491e-01 -2.64180690e-01  4.36659783e-01]
 [ 3.72546256e-01  1.19618371e-01 -2.07529366e-01 -4.67295587e-01
  -5.99028528e-01  7.04500020e-01 -2.99337268e-01]
 [ 2.89631374e-02 -5.80379665e-02  9.41396207e-02 -1.03109786e-02
   3.85474294e-01 -4.37141545e-02 -3.36439274e-02]
 [ 3.89192998e-01 -1.23035498e-01 -5.60723305e-01  2.21840635e-01
   4.18646455e-01  3.89207415e-02 -4.21145141e-01]
 [-3.69556665e-01 -2.52397865e-01  2.46776655e-01  2.09089264e-01
   2.27968359e+00 -1.69551814e+00 -1.94724694e-01]]
Peso 2:
[-0.04597322 -0.21976332  0.02058978 -0.14121242 -0.6372337   1.0988818
 -0.00771111]
Camada: saida
Peso 1:
[[ 0.29316866 -0.19181415]
 [ 0.6190337  -0.7477771 ]
 [-0.8083087  -0.19919151]
 [ 0.18989892 -0.4481086 ]
 [ 1.8133736  -1.7145507 ]
 [-1.6116545   1.6294507 ]
 [ 0.18518376  0.16916655]]
Peso 2:
[-0.6856931  0.6856936]



pesos modelo: 
Test loss: 0.7202, Test accuracy: 0.7787
Camada: meio
Peso 1:
[[-2.7050465e-01 -1.0971475e-01  2.5440007e-02 -3.5957757e-01
   3.3790600e-01  3.2303143e-01 -3.4958953e-01]
 [-3.5363317e-01  1.5518907e-01 -4.0190178e-01 -3.5938722e-01
   4.1046056e-01  1.1726159e-01  2.0730856e-01]
 [-1.3075514e-01  3.5571545e-02 -6.0583107e-02 -1.7945189e-02
   2.1340488e-01 -2.1342494e-01  1.5374641e-01]
 [ 3.7613922e-01  8.2953870e-02 -2.1878988e-01 -1.0743551e-01
  -3.5761634e-01 -3.1454694e-02  4.2511889e-01]
 [ 2.7285260e-01  1.6161957e-01 -3.1381389e-01  3.2286328e-01
   2.6743209e-01  4.6056104e-01  1.9743024e-01]
 [ 7.3331527e-02  2.4541840e-01 -8.0998875e-02 -3.3121324e-01
   2.5822410e-01 -2.8007632e-01  4.3700290e-01]
 [ 8.4363371e-02  2.0251828e-01 -4.2200691e-01  3.2322803e-01
  -5.1486447e-02 -3.3066127e-01  5.6385630e-01]
 [ 3.9999405e-01  6.7343585e-02 -2.9793527e-02  2.2171584e-01
   5.8832280e-02  2.2275691e-01  2.5813431e-01]
 [-1.9394578e-01  1.7411172e-01 -1.1498004e-01  2.5400725e-01
   8.6855749e-03  5.4108739e-01  3.5701323e-01]
 [-4.1900587e-01  2.4586107e-01 -4.1616896e-01 -3.7030190e-01
   9.4107920e-03 -2.0465579e-02  5.3346854e-01]
 [-3.5827494e-01  2.0571099e-01 -2.7154252e-01  1.9804987e-01
  -2.5274903e-02 -1.3083163e-01  5.2825618e-01]
 [ 1.3547738e-01 -2.8260040e-01  2.1350397e-01 -1.4243987e-01
  -1.5537813e-01 -3.6224294e-01 -6.7821138e-02]
 [ 2.2420634e-01  7.2469540e-02 -2.6767430e-01  2.5731409e-01
  -1.4527413e-01 -1.4964576e-01  4.0273026e-01]
 [-4.7948590e-04 -7.0364970e-01 -7.5054772e-02 -1.5782295e-01
   1.4743331e-01  2.8338569e-01  4.7121292e-01]
 [ 1.2952715e-01 -8.4742385e-01  6.3476637e-02 -5.1641542e-01
   2.8873697e-01 -3.0647883e-01  1.9049639e-01]
 [-3.0785340e-01  2.3006076e-01 -3.5924891e-01 -3.6899936e-01
  -2.1625979e-01  4.7086203e-01 -1.2478260e-01]
 [-1.1600118e-02  2.7225643e-01  2.9528537e-01  3.2456619e-01
   4.0970424e-01  2.5674796e-01 -3.5741240e-01]
 [-3.3717388e-01 -5.1558340e-01 -4.2831773e-01  9.7991332e-02
  -3.5836571e-01  3.4645534e-01  7.1345341e-01]
 [ 2.0132361e-01  4.1140267e-01  2.7565792e-01 -3.5464174e-01
  -1.3214193e-01 -3.9923042e-01  2.2637947e-01]
 [-3.3346438e-01  4.1548708e-01  2.8497675e-01 -2.5419937e-02
   1.5897551e-01 -1.8959311e-01 -3.4874301e-02]
 [ 9.4201326e-02  2.4184835e+00  4.4371459e-01 -2.6099595e-01
  -5.6566334e-01 -2.8651634e-01 -1.4866898e+00]]
Peso 2:
[-0.00774749 -0.5657594  -0.00613625 -0.16645418  0.43948233  0.28257954
  0.8918251 ]
Camada: saida
Peso 1:
[[ 0.01426724  0.08917125]
 [ 1.7866925  -1.9627889 ]
 [ 0.6078379   0.61363345]
 [-0.20621863 -0.3911445 ]
 [-0.71457666  0.6070488 ]
 [-0.6010841   0.43349388]
 [-0.9114484   1.8854076 ]]
Peso 2:
[-0.5917989   0.59180194]



pesos modelo: 
Test loss: 1.4246, Test accuracy: 0.6883
Camada: meio
Peso 1:
[[-0.19881573  0.37527686 -0.39957908 -0.32435966  0.19062436 -0.13059464
  -0.19066584]
 [ 0.11614743  0.5967438  -0.24914055  0.24061249  0.3423342  -0.00460491
  -0.11883613]
 [ 0.01132573  0.03818812 -0.01293112 -0.08096693 -0.2588439  -0.37054518
  -0.04887789]
 [ 0.22761962  0.5694927   0.13121785  0.07508246  0.19866186  0.3005298
   0.04631859]
 [ 0.0123342   0.03746583 -0.35006365 -0.07729012  0.3680567  -0.3004562
  -0.03103792]
 [ 0.13864383  0.00895088 -0.30952516  0.23521636 -0.20283486 -0.07372823
   0.42045793]
 [ 0.01137766  0.19609927 -0.3420606   0.2734424  -0.28199425  0.14093274
   0.25148225]
 [-0.06265604  0.33693045 -0.38454837  0.3122088  -0.06908669  0.20257111
   0.07810976]
 [ 0.13035418 -0.2013911   0.24469598  0.01437775  0.07431044 -0.3230877
   0.39506185]
 [ 0.17160848  0.35361794  0.16478343  0.09650752 -0.36015806  0.39590156
   0.36198267]
 [ 0.03258126 -0.08771171 -0.36132     0.06267    -0.4111045  -0.25226426
   0.24657522]
 [ 0.03522521  0.1909458  -0.07325611 -0.09790964  0.32216966  0.4789954
   0.1580438 ]
 [ 0.09994768  0.06272359 -0.27256274  0.2828651  -0.13530388  0.1909699
   0.46945077]
 [-0.17706501  0.9133213  -0.32673392 -0.58026034 -0.30022678 -0.40597966
   0.14896622]
 [-0.67976326  0.5467857   0.36738956  0.00701947  0.3192329   0.11332514
   0.6897509 ]
 [ 0.37139133  0.0864888  -0.11199573  0.46431604 -0.4111779  -0.00439582
   0.10604046]
 [ 0.4222588  -0.29775885  0.24001053  0.28343415 -0.10149001  0.26831135
   0.30836684]
 [-0.72847724  0.14320976  0.30349743 -0.5546118  -0.23494153 -0.20762165
   0.56024396]
 [ 0.269997   -0.2504547  -0.2185775  -0.03717563  0.12851311  0.3025567
   0.1797832 ]
 [ 0.36773023  0.30889767 -0.08815492  0.1597471  -0.18249153  0.43717003
  -0.24310334]
 [ 1.7494227  -0.9770317  -0.04686415  0.7812417   0.30695537  0.6369066
  -1.6583025 ]]
Peso 2:
[-0.6286202   0.7427576  -0.1513404  -0.29935938 -0.01126484 -0.09776203
  0.7826191 ]
Camada: saida
Peso 1:
[[ 1.0491215  -1.8596182 ]
 [-0.7027664   1.6169894 ]
 [ 0.25910842 -0.7526527 ]
 [ 0.11388458 -1.281595  ]
 [-0.03635766  0.4138724 ]
 [ 0.7546628  -0.36144766]
 [-1.4851208   1.2443702 ]]
Peso 2:
[-0.515073   0.5150752]



pesos modelo: 
Test loss: 0.6378, Test accuracy: 0.7982
Camada: meio
Peso 1:
[[ 4.37039971e-01 -2.79769242e-01 -2.69758880e-01  8.50562453e-02
   4.37012911e-01 -1.05840236e-01  4.50339019e-01]
 [-1.16662361e-01  2.35843901e-02  1.38551384e-01  4.13294315e-01
   7.16821924e-02  2.11438343e-01 -4.07592840e-02]
 [ 1.96976930e-01  3.22618663e-01  4.18955773e-01 -3.27845961e-01
  -2.68164158e-01  1.51458494e-02 -3.26594204e-01]
 [ 3.22784558e-02 -1.11619316e-01  3.36534292e-01  2.13242263e-01
  -2.09297359e-01 -4.39032912e-02 -1.98253989e-03]
 [-5.14501333e-02  2.79876977e-01  3.35034996e-01 -3.35386068e-01
  -3.75973135e-02  1.96495399e-01 -1.49620160e-01]
 [ 3.12135071e-01 -2.05824092e-01  2.96187580e-01 -3.63603793e-02
   1.06365941e-01  4.28637164e-03 -1.33740932e-01]
 [ 2.79067487e-01  1.88238427e-01 -1.74344540e-01  1.28316879e-01
   8.94444436e-02  1.82134181e-01 -3.17850858e-01]
 [ 3.91586691e-01  7.14770257e-02  2.25087896e-01  2.64908597e-02
  -7.43086934e-02 -1.77471084e-03 -4.62916255e-01]
 [ 1.90968707e-01  3.38330030e-01  2.68353410e-02 -1.63309470e-01
   2.02027053e-01  3.33808452e-01 -3.99241865e-01]
 [ 1.76966086e-01  4.54956144e-01 -4.56155121e-01 -3.96368891e-01
   2.37036437e-01  4.44399893e-01  1.56184644e-01]
 [ 2.70608395e-01  6.13694713e-02  2.08438575e-01 -4.45587516e-01
  -7.39472732e-02  7.03654289e-02  1.29189178e-01]
 [ 1.63675249e-01 -2.97040911e-03  2.67383635e-01 -3.69351953e-01
   8.52579549e-02  1.32135108e-01  1.11198947e-01]
 [ 2.58875281e-01  4.36793685e-01 -4.74707752e-01  2.16807649e-01
   7.64008192e-03  2.49551713e-01  3.08955729e-01]
 [ 6.96741283e-01 -3.70394826e-01  6.24823431e-03  3.47725838e-01
  -1.53848022e-01  6.50753915e-01  1.48740560e-01]
 [ 1.56407639e-01 -1.59043208e-01 -2.53695369e-01  2.43363574e-01
  -4.22307253e-02  9.31899130e-01  5.03224172e-02]
 [-4.48244572e-01  6.13013566e-01 -2.45573893e-01 -4.51226294e-01
   4.62011963e-01  3.66431803e-01 -3.31603140e-01]
 [-1.26199454e-01 -2.57105343e-02 -1.06509104e-01 -3.15638870e-01
   4.19620782e-01 -4.61075418e-02  4.02442306e-01]
 [-3.22612561e-02  4.79929112e-02  1.65804937e-01 -3.65037173e-01
  -6.69736028e-01  6.50978446e-01  2.71860033e-01]
 [-3.52577001e-01  2.47943610e-01  2.59502649e-01 -1.61796674e-01
   6.33049071e-01  3.47872198e-01  4.34216559e-01]
 [ 2.18724012e-01 -1.79091524e-02  1.76994011e-01  3.93362381e-02
   5.16281247e-01 -1.39214933e-01  6.14557788e-02]
 [-5.82138360e-01  9.59947407e-01 -8.01283941e-02  3.56959373e-01
   1.44783175e+00 -2.27082205e+00 -2.49183938e-01]]
Peso 2:
[ 0.32137638 -0.21469651 -0.00982222 -0.01558311 -0.2263263   1.162868
 -0.12879695]
Camada: saida
Peso 1:
[[-0.47577733  0.8705987 ]
 [ 1.1041229  -0.39916262]
 [ 0.40092778  0.5025862 ]
 [-0.5174365  -0.67675936]
 [ 0.8343784  -1.4590751 ]
 [-2.3696604   1.5233608 ]
 [-0.09653477 -0.1953784 ]]
Peso 2:
[-0.20480701  0.20480658]



pesos modelo: 
Test loss: 0.8410, Test accuracy: 0.7597
Camada: meio
Peso 1:
[[-1.91133350e-01 -2.88467765e-01 -3.35123479e-01 -4.17617261e-01
  -4.48042810e-01 -4.48965371e-01 -4.57391441e-02]
 [ 3.67854744e-01  3.47349316e-01  1.64710358e-01 -3.00345719e-01
   1.14519380e-01 -4.74563092e-02  1.36604920e-01]
 [-4.25130904e-01  3.02909344e-01 -1.58451453e-01 -4.20348465e-01
  -3.72140676e-01 -3.06643933e-01 -1.72523871e-01]
 [ 2.26967763e-02  1.61922857e-01  5.61124869e-02 -1.68290675e-01
   1.66656092e-01 -4.57612842e-01 -4.25033033e-01]
 [ 3.77034575e-01  7.79655355e-04  7.77622238e-02 -2.65195966e-02
   3.86863917e-01 -1.95459947e-01 -4.42102849e-01]
 [-2.34743759e-01  4.74440992e-01  1.16286926e-01 -6.37426078e-02
  -1.87586993e-01 -3.61970484e-01  1.45804742e-02]
 [-5.45352101e-02 -2.05448151e-01 -1.73362643e-01 -1.74534902e-01
   3.01209092e-01 -3.89313884e-02 -1.96889728e-01]
 [-3.15727860e-01 -5.33939265e-02 -7.68822730e-02 -3.55225980e-01
   2.93393105e-01  3.60881165e-02 -5.91567717e-02]
 [ 3.43209468e-02 -2.91560646e-02 -7.91767091e-02 -2.87260115e-01
   2.23100290e-01 -4.15662169e-01 -2.24411264e-02]
 [ 2.07266137e-01  7.40942433e-02 -6.49187937e-02  7.18760267e-02
   9.63120013e-02  1.93483233e-01 -2.68278807e-01]
 [ 3.93122494e-01  4.24014807e-01  3.43013823e-01  2.63036072e-01
   3.05283576e-01 -7.11596310e-02 -3.18854928e-01]
 [-2.24256545e-01 -1.96040198e-01 -3.93718146e-02  4.95400518e-01
   3.31838012e-01 -2.63967186e-01  1.13136806e-01]
 [-1.17182799e-01  3.97810400e-01  1.85109615e-01  2.58826464e-01
  -1.28553277e-02  4.03904170e-01 -1.80304125e-01]
 [ 5.96145168e-02  8.49757254e-01 -7.40915179e-01 -3.68625849e-01
  -2.27187440e-01 -1.57389492e-01 -1.79854840e-01]
 [-1.36373997e-01  5.92459202e-01 -6.59188271e-01  4.99305934e-01
  -1.05148681e-01  3.17939341e-01  2.99620688e-01]
 [-6.79569766e-02  3.39618385e-01  5.74748874e-01 -4.76071164e-02
  -4.69114333e-02 -2.89311800e-02  2.78049618e-01]
 [ 5.43766953e-02  3.02782118e-01  5.47244906e-01  4.83358890e-01
  -3.42161626e-01  7.21899867e-02 -2.81250030e-01]
 [-1.11944474e-01  8.15072060e-01 -3.59333038e-01  1.44447818e-01
   1.06895037e-01  3.65869701e-01 -4.70055975e-02]
 [-3.00431341e-01  2.21030060e-02  5.56365848e-01 -2.65741628e-02
   4.00741130e-01 -2.09358960e-01  3.47235620e-01]
 [-1.50943488e-01 -2.81520844e-01  3.48645687e-01 -2.02972367e-01
   2.61385590e-01  1.07626356e-01  1.64228141e-01]
 [-3.09203684e-01 -1.17317116e+00  2.34479070e+00 -2.10053355e-01
  -1.01714635e+00 -4.60165173e-01 -3.41064781e-01]]
Peso 2:
[-0.01847806  0.8620117  -0.6224537   0.2554052   0.5458797   0.0488223
 -0.06547821]
Camada: saida
Peso 1:
[[-0.10193967 -0.0306281 ]
 [-0.8629604   1.7757919 ]
 [ 2.2582524  -1.41972   ]
 [-0.5914272   0.52632797]
 [-0.82804024  1.0998449 ]
 [-0.19656561  0.05731488]
 [ 0.06231533 -0.01431516]]
Peso 2:
[-0.64923155  0.6492334 ]



pesos modelo: 
Test loss: 0.9319, Test accuracy: 0.7445
Camada: meio
Peso 1:
[[-3.51670146e-01 -2.22550333e-01  2.94135273e-01  2.78081477e-01
   4.26748872e-01 -9.19612348e-02 -2.96976864e-01]
 [-3.19429010e-01  1.14898227e-01  1.78147107e-01 -2.37960503e-01
  -2.21211404e-01 -5.81815317e-02 -3.12981069e-01]
 [ 4.63970006e-01  3.97820950e-01  4.03340638e-01 -4.07637209e-01
  -4.71289195e-02  3.52902502e-01  2.39295125e-01]
 [ 4.23106939e-01  1.94334954e-01 -4.42893468e-02  2.93976456e-01
   5.42004667e-02 -2.41055235e-01 -2.61621326e-01]
 [-2.30107978e-01  1.63330168e-01  2.42637679e-01  8.53655413e-02
  -2.98940867e-01  7.82322213e-02 -2.07460642e-01]
 [ 1.47716716e-01 -4.06507514e-02  1.91023037e-01 -3.15240204e-01
  -9.37956125e-02  1.67794406e-01  1.57931492e-01]
 [ 1.05069347e-01  1.53441846e-01  2.64516294e-01  6.99027702e-02
  -4.00376439e-01  1.75620854e-01 -2.18792185e-01]
 [-2.70051599e-01 -2.83747643e-01  5.14642671e-02 -1.83597617e-02
   1.94258362e-01 -8.15729201e-02 -2.06893981e-01]
 [-2.49058567e-02 -1.29211605e-01  5.11614531e-02 -2.35710815e-01
  -1.45097151e-01 -4.48853113e-02 -1.89920247e-01]
 [ 1.82994798e-01 -1.28822953e-01  3.81096303e-02  2.56988823e-01
   2.35445946e-01 -8.10770616e-02 -4.01044190e-01]
 [ 1.91095844e-01  7.56875724e-02  1.05465740e-01  1.04919262e-01
  -2.31546432e-01 -1.50526753e-02  4.61773202e-02]
 [ 2.09672213e-01  6.08273372e-02  3.47256452e-01  2.54352570e-01
  -1.67875931e-01  4.18599814e-01  1.40332077e-02]
 [ 5.56763150e-02 -3.47736925e-01  1.33699074e-01 -3.69660735e-01
  -4.70163137e-01  2.53028333e-01 -1.91752732e-01]
 [ 5.80536574e-02 -4.63038564e-01  3.54816884e-01  3.60938281e-01
  -1.94530293e-01 -5.28941691e-01  2.50862330e-01]
 [-2.79957831e-01 -1.13653494e-02  9.02477682e-01  4.82963353e-01
   8.40811133e-02 -5.38979471e-01  2.37977177e-01]
 [ 2.96399385e-01  4.62661594e-01 -8.09891499e-04 -1.73104599e-01
   5.32827899e-02  3.08617204e-01 -4.68179256e-01]
 [ 2.75812596e-01  4.49070990e-01  6.33925349e-02  1.76286817e-01
  -5.06449193e-02  5.28836668e-01 -1.47105485e-01]
 [ 1.24451555e-01  3.48798856e-02  1.00070977e+00 -1.14531219e-01
   2.92354882e-01 -8.27719420e-02  3.66637141e-01]
 [-1.70245409e-01  3.07650745e-01  2.47965366e-01 -3.18312913e-01
   3.64922911e-01  5.83459616e-01  1.56291604e-01]
 [-6.43574595e-01 -2.41734348e-02  3.89906503e-02 -1.32601038e-01
   2.03512967e-01  3.23091090e-01 -1.11295775e-01]
 [-3.28482985e-01  1.04401469e+00 -2.13829255e+00  2.11666077e-01
   5.10472804e-02  1.53419268e+00  2.88820207e-01]]
Peso 2:
[ 0.18130767 -0.10456664  1.1753      0.02291728 -0.05443    -0.41177902
 -0.04240556]
Camada: saida
Peso 1:
[[-0.34223983  0.6713011 ]
 [ 0.40722132 -1.074511  ]
 [-2.1322296   1.7824333 ]
 [ 0.03129435  0.2521672 ]
 [ 0.77230513  0.20102285]
 [ 0.9730665  -1.5384091 ]
 [ 0.09946493 -0.22320619]]
Peso 2:
[-0.35355854  0.353559  ]



pesos modelo: 
Test loss: 0.6861, Test accuracy: 0.8058
Camada: meio
Peso 1:
[[-4.19532359e-02 -5.85816801e-02  3.01527858e-01 -2.61755884e-02
  -3.92933905e-01 -5.19301295e-02  1.41577184e-01]
 [-2.77155221e-01  5.39816976e-01 -5.52554391e-02 -1.74840569e-01
   1.53452814e-01 -3.18302847e-02 -6.12493195e-02]
 [ 5.15508726e-02 -1.23131000e-01  1.11955456e-01 -5.79352230e-02
   2.44839817e-01 -1.74590468e-01  3.66183192e-01]
 [-2.74094671e-01 -6.69287937e-03  4.46416140e-01  1.29637510e-01
   4.07037139e-01  1.43292606e-01  1.07990488e-01]
 [-2.61501521e-01  4.08791184e-01  3.77719402e-01  5.33456653e-02
   3.54594141e-01  3.35220277e-01  3.42026144e-01]
 [ 1.59108534e-01  3.90815824e-01  9.18479115e-02  3.46417516e-01
  -1.51050761e-02 -2.15309024e-01 -1.80499107e-01]
 [-4.32711333e-01  1.64111972e-01  3.30240905e-01  4.30963129e-01
   1.79437667e-01  1.23585977e-01 -2.07333446e-01]
 [-2.53625154e-01 -3.15859377e-01 -9.89332497e-02 -3.44188452e-01
   3.36700439e-01 -4.20523316e-01  1.34351417e-01]
 [ 3.36990029e-01  4.32163328e-01  7.96045065e-02  2.28812635e-01
   7.71791264e-02  1.99470684e-01 -2.41120055e-01]
 [-4.47175264e-01 -1.75904438e-01 -1.18304983e-01 -2.55013764e-01
   2.90472269e-01 -3.89301896e-01 -1.28383070e-01]
 [ 2.55931854e-01 -2.63727814e-01  2.30067521e-01  2.18418941e-01
   2.83224523e-01  2.72002578e-01 -3.52770656e-01]
 [-6.27252460e-02 -2.20799625e-01  1.63162593e-02 -2.09959995e-04
   1.50383666e-01 -3.49120259e-01  3.28895956e-01]
 [ 2.40168497e-01 -3.66235316e-01  4.20580477e-01  4.92983848e-01
   2.46312320e-01  8.42018872e-02 -3.09730470e-01]
 [-4.17213708e-01 -1.54176772e-01 -1.95261076e-01  5.95037401e-01
   7.27524161e-01 -4.43729103e-01  1.68500662e-01]
 [ 1.80291414e-01  1.57597527e-01 -5.77735245e-01  6.65539980e-01
   3.80421013e-01 -2.24036425e-01 -1.21601865e-01]
 [-4.03788239e-01  9.91242379e-02  5.46187520e-01 -2.36217737e-01
   2.36638024e-01 -1.89810991e-02  4.47479971e-02]
 [-4.47873265e-01 -1.83394939e-01  2.68603325e-01  3.76415819e-01
  -3.57953906e-01 -4.02698547e-01 -2.43335783e-01]
 [-1.95819438e-01  3.63167048e-01 -5.11366308e-01  5.80803514e-01
   5.69569170e-01 -1.79290995e-01 -1.39433257e-02]
 [ 2.29326896e-02 -5.12099126e-03  2.39934921e-01  3.45834643e-01
  -3.51949215e-01 -6.54694960e-02  2.73272514e-01]
 [-3.19704354e-01 -1.65869996e-01  7.51555622e-01 -6.62181228e-02
   3.27679068e-01 -1.73405588e-01 -3.67362708e-01]
 [-2.31579304e-01 -3.03015798e-01  1.64632130e+00 -1.08599865e+00
  -2.07411146e+00 -4.30754811e-01  7.12486804e-02]]
Peso 2:
[-0.15760848  0.18681915 -0.25643656  0.61687773  1.1297753   0.07951104
  0.11917797]
Camada: saida
Peso 1:
[[ 0.56251305 -0.73224336]
 [ 0.24950503  0.8724734 ]
 [ 1.39476    -1.4269366 ]
 [-0.669961    1.4556662 ]
 [-1.4877229   2.0076327 ]
 [-0.08128139  0.8248431 ]
 [-0.09451918  0.6638778 ]]
Peso 2:
[ 0.03261836 -0.0326163 ]



pesos modelo: 
Test loss: 1.2883, Test accuracy: 0.6958
Camada: meio
Peso 1:
[[ 0.3282426   0.24302298  0.05525875  0.324772    0.42117292 -0.34821677
   0.38837665]
 [-0.13233024  0.11553978 -0.1758117  -0.18174778  0.20992659  0.04642714
   0.01330092]
 [ 0.05995898  0.11832003 -0.21210414 -0.03585756  0.11667681  0.07949762
   0.3427899 ]
 [-0.19317527  0.3919779   0.05626573  0.19056939  0.27961296  0.11734941
  -0.3142122 ]
 [-0.08068502  0.35152352  0.09675803  0.41442066  0.09198821 -0.03857994
  -0.44436035]
 [ 0.14795117  0.26759863  0.23674995  0.3231302  -0.17810206 -0.00189963
   0.117636  ]
 [ 0.22048049  0.19342092 -0.0314275   0.11555904  0.36715227  0.1709158
  -0.35174435]
 [ 0.21114463  0.11742914 -0.3278348   0.02152439 -0.03734968  0.06553681
   0.38102898]
 [ 0.15981017 -0.12275446 -0.344883   -0.33609015 -0.00294541 -0.06943997
  -0.18113641]
 [ 0.30712107 -0.0209854  -0.39083287  0.1291866   0.33310246 -0.04281813
  -0.07830358]
 [ 0.2225525   0.34606567  0.13784707  0.1576199  -0.39428794  0.07311889
  -0.25452113]
 [ 0.32021326  0.2529626   0.13533033  0.14482395 -0.01406412  0.24223301
   0.07717011]
 [ 0.02586507  0.05525224  0.14937136 -0.0668707   0.44321123  0.07141934
   0.33146667]
 [ 0.13883346  0.3880588  -0.08498174 -0.453804    0.31956413 -0.6051821
   0.20046827]
 [-0.06150396  0.96875083 -0.252827   -0.06925794  0.17182909 -0.2959154
  -0.30624107]
 [ 0.44498003  0.03140648  0.2044298   0.5552039  -0.2929371   0.4071914
   0.25721353]
 [ 0.38072142  0.11238078 -0.35700008  0.5152636  -0.27065215  0.60642356
   0.3684845 ]
 [-0.26785675  0.692376    0.11780504 -0.6331534   0.50924706 -0.5134606
  -0.24161871]
 [-0.33537364  0.16365696  0.08033343  0.35082838  0.39260334  0.3279764
   0.19377351]
 [-0.35345903 -0.16445673 -0.22111173 -0.1552957   0.15761414  0.24022208
  -0.319986  ]
 [-1.0376395  -1.6890479  -0.3543749   0.65679693 -0.35674235  1.7956135
  -0.38884178]]
Peso 2:
[ 0.58903015  0.963495   -0.07755518 -0.19311608  0.17552073 -0.5335317
  0.01185715]
Camada: saida
Peso 1:
[[-0.77692133  0.9662031 ]
 [-1.3939389   1.7235423 ]
 [ 0.6756628   0.41231558]
 [ 0.17428605 -1.2684379 ]
 [-1.0155189  -0.10234268]
 [ 1.253319   -1.7399513 ]
 [ 0.1190296   0.59438413]]
Peso 2:
[-0.4383206   0.43832266]



pesos modelo: 
Test loss: 0.8896, Test accuracy: 0.7607
Camada: meio
Peso 1:
[[-0.35174775 -0.18511176  0.2490825   0.29084027  0.44592667  0.17156452
   0.31019855]
 [ 0.14211927 -0.12407474 -0.08448704 -0.3781164  -0.07950979 -0.22294863
   0.06181298]
 [-0.04291848  0.26072508  0.06912103 -0.4199115   0.24353136  0.2541797
   0.04515857]
 [ 0.41247186  0.38450482  0.37836006 -0.18555813  0.12464656  0.5889688
   0.09265982]
 [ 0.37146392 -0.04125925  0.3821961  -0.31182227 -0.01374167 -0.03783534
   0.28728032]
 [-0.15505913  0.03251988 -0.04453892  0.06009486  0.27018267  0.00384495
  -0.03201381]
 [-0.0587532   0.18734656 -0.20248255  0.17573267  0.10185406  0.05351951
   0.3524377 ]
 [ 0.19350357  0.38242063 -0.10992437  0.340984    0.05031346  0.39376736
   0.35854805]
 [-0.1014025   0.2767908  -0.01082176 -0.13042402  0.12377425  0.03000141
  -0.4495039 ]
 [-0.05681182  0.10328991 -0.26901507 -0.02034088  0.38555512  0.29864332
  -0.18704423]
 [ 0.3656851  -0.06784097 -0.3008387  -0.43359086  0.26701972  0.47397798
   0.07810079]
 [-0.02917264 -0.02945662  0.13107803  0.02517604  0.27808768  0.0087176
   0.36507645]
 [ 0.22798802 -0.15766287  0.4893066  -0.24083446  0.24972633 -0.08007909
   0.07232291]
 [ 0.68558353  0.9350304   0.22422782  0.33100772  0.41245705  0.14409856
  -0.36812449]
 [ 0.8451762   0.35191417  0.14364454 -0.08284383  0.6744278   0.10446738
   0.33270413]
 [-0.13446735  0.43446255  0.1825398  -0.05824717 -0.39708418  0.29447687
  -0.45659688]
 [ 0.3530238  -0.5400882   0.7062325   0.12617321  0.00327581  0.22977106
   0.05996779]
 [ 0.03539084  0.8554561   0.18256912 -0.23026307  0.7010766  -0.23437724
   0.43231773]
 [ 0.01078383 -0.46131226  0.18602024 -0.39950156  0.25586647  0.3199831
  -0.36862752]
 [-0.07987085  0.26846746  0.37579456  0.08951103 -0.20297915  0.5079113
  -0.25607404]
 [-1.3753723  -0.8504088   0.57806355 -0.35526332 -1.4173446   1.716454
   0.06004607]]
Peso 2:
[ 0.91302603  0.8101574  -0.06901295 -0.09710272  0.95440906 -0.23653603
  0.00544826]
Camada: saida
Peso 1:
[[-0.7229278   1.7732598 ]
 [-1.4623305   0.8433533 ]
 [ 0.39121595 -0.6390665 ]
 [ 0.3709311  -0.07710984]
 [-1.6021019   1.1411898 ]
 [ 1.4211919  -1.0165324 ]
 [-0.21089694  0.03876233]]
Peso 2:
[ 0.16585611 -0.16585664]



pesos modelo: 
Test loss: 1.8671, Test accuracy: 0.6528
Camada: meio
Peso 1:
[[ 3.62727284e-01 -1.21609062e-01  1.23370826e-01  7.31580853e-02
   1.36453450e-01 -1.68294251e-01 -4.09586102e-01]
 [ 3.67120028e-01 -1.24481380e-01  3.32314759e-01 -2.05172047e-01
   1.36631370e-01  5.12348115e-02  2.01641262e-01]
 [ 1.12889651e-02  3.33020508e-01 -4.18831974e-01 -2.22049206e-01
  -2.97699958e-01 -2.31406882e-01 -6.70997379e-03]
 [ 3.05680037e-01  3.71350020e-01  1.23782776e-01 -2.44435742e-01
   3.97724509e-01  2.61801500e-02  3.65405440e-01]
 [ 2.07059368e-01  1.60640702e-01  4.17197086e-02 -3.81702453e-01
   2.68239677e-01  1.43178701e-01  2.18569964e-01]
 [ 2.23049432e-01 -1.60632312e-01 -4.63842094e-01 -2.97525585e-01
  -2.64650196e-01  2.87760437e-01  4.04601783e-01]
 [-4.41746033e-06 -2.32127141e-02 -1.37929022e-01 -1.19684152e-01
  -2.77268767e-01  3.35730970e-01  2.33874261e-01]
 [ 8.17892253e-02  4.73978966e-02  2.69764364e-01 -2.61666358e-01
   1.82239890e-01  5.33327699e-01  3.54528993e-01]
 [ 1.05721012e-01  2.26722807e-01  7.60532618e-02 -3.67620230e-01
   4.28226709e-01  9.23780873e-02 -3.19690816e-02]
 [ 2.91600406e-01 -1.73545077e-01 -3.51112127e-01  3.14223111e-01
  -1.83290690e-02  4.26934920e-02  2.39987113e-03]
 [ 4.60049212e-01  2.34017193e-01  3.26028198e-01  2.70053774e-01
   4.60001171e-01 -1.14769079e-01  1.81160048e-01]
 [ 1.38262391e-01  1.50573224e-01  3.24136198e-01 -3.59602213e-01
   3.07301223e-01 -1.59512535e-01 -1.78250417e-01]
 [-3.03093456e-02  3.24525356e-01  2.39206389e-01  2.67446507e-02
  -6.34931251e-02  1.40565202e-01  1.54229641e-01]
 [ 7.94053674e-01  5.11680961e-01  4.41276073e-01  2.04539299e-01
  -3.55650522e-02  6.52845919e-01 -4.08564508e-01]
 [ 1.07272279e+00 -1.14791326e-01 -2.85838634e-01 -3.32895279e-01
  -5.83710730e-01  1.54719025e-01 -1.46683127e-01]
 [ 3.85593921e-01 -4.95178819e-01  3.67006868e-01  2.80287862e-01
   5.13469398e-01  1.46324441e-01  6.53813303e-01]
 [-3.04469466e-01 -5.51533639e-01  3.28555822e-01 -4.71008003e-01
   1.67386696e-01  4.60779577e-01  3.20313007e-01]
 [ 6.97609067e-01  1.76293761e-01  8.56425837e-02 -2.52754003e-01
  -3.35963577e-01  5.87983310e-01 -3.35836619e-01]
 [-1.32521853e-01 -1.71625093e-02  7.94445798e-02  1.08058043e-01
   4.06092137e-01 -1.94913998e-01  8.27341247e-03]
 [-2.70182788e-01  6.74199343e-01 -4.39447850e-01 -6.06575608e-02
   3.59406322e-01  1.41285986e-01  8.18622470e-01]
 [-1.46407223e+00 -7.80454099e-01  1.43913329e-01 -1.98772669e-01
   5.76196313e-01 -1.41610408e+00  1.36039281e+00]]
Peso 2:
[ 1.022286    0.6418365  -0.01020546 -0.17263979 -0.15011568  0.6767915
 -0.31919453]
Camada: saida
Peso 1:
[[-1.7675201   1.4267455 ]
 [-1.0201466   1.049196  ]
 [-0.2477259  -0.2474874 ]
 [ 0.50525385 -0.7692573 ]
 [ 0.85349053 -0.37701657]
 [-0.67355704  1.7351711 ]
 [ 1.1798447  -1.2087351 ]]
Peso 2:
[-0.15273432  0.1527342 ]



pesos modelo: 
Test loss: 1.2606, Test accuracy: 0.7213
Camada: meio
Peso 1:
[[-2.15763584e-01  1.16763055e-01 -1.71929717e-01  4.37565207e-01
  -1.20847642e-01 -3.02937210e-01  3.98927391e-01]
 [ 1.68411061e-01  3.05659264e-01  5.20088732e-01 -1.90922782e-01
   2.57412225e-01 -2.06742764e-01  3.91080230e-01]
 [ 3.59304368e-01  3.67945164e-01 -1.89746954e-02  1.81052119e-01
  -2.14071497e-01 -1.99128300e-01 -1.32535011e-01]
 [ 1.88389838e-01  1.60005659e-01  1.18146576e-01 -2.03877792e-01
  -4.10081714e-01  1.73462197e-01  1.31619751e-01]
 [ 2.75904387e-01  3.26162517e-01  2.77488500e-01 -1.16893696e-02
  -3.17554295e-01 -4.51040596e-01 -3.38401832e-02]
 [ 1.90672234e-01  1.58567473e-01  1.73547730e-01  3.20167720e-01
  -3.39328974e-01  8.90271068e-02 -1.50315136e-01]
 [ 2.30644569e-01  1.18628917e-02 -3.45648348e-01  4.31702018e-01
   3.85690272e-01 -3.70651692e-01 -1.68494508e-01]
 [ 2.28033274e-01  1.02829523e-01 -2.58125290e-02  3.31991166e-01
  -1.12349406e-01 -2.12515458e-01 -1.32078454e-01]
 [ 2.15748355e-01  1.06032044e-02 -2.66457260e-01 -1.06265076e-01
  -2.40519106e-01 -3.55566919e-01 -3.02711409e-02]
 [ 3.00440431e-01  3.16178262e-01  3.19123477e-01  4.35534537e-01
  -1.27555504e-01 -1.11772455e-01 -2.78792292e-01]
 [ 3.87086660e-01  3.07179123e-01 -1.49917111e-01 -3.38417619e-01
   7.42582828e-02  2.75271505e-01  1.64364040e-01]
 [-1.51830129e-02 -1.77613318e-01  5.10505587e-02 -3.76787722e-01
  -1.80461317e-01 -2.91295290e-01 -4.16328618e-03]
 [ 1.98328286e-01  7.20410496e-02 -1.33668035e-01 -2.77782440e-01
   2.15500206e-01 -2.27893129e-01  3.95589769e-01]
 [ 7.28903234e-01 -5.64689040e-01  6.61776543e-01  4.26668286e-01
  -2.02407569e-01  2.28691563e-01 -1.56335786e-01]
 [ 8.16242695e-01 -2.86366493e-01  4.61775810e-01 -1.40951276e-01
   2.07055539e-01 -3.78361344e-01 -3.24004412e-01]
 [-1.77437410e-01  2.33743235e-01 -2.31879845e-01  7.51753300e-02
   3.40888351e-01 -1.10276781e-01 -1.93111524e-01]
 [-1.22917242e-01  7.21985936e-01  6.56572640e-01  8.55928659e-02
   3.75143588e-01 -7.91789591e-02 -2.99544871e-01]
 [ 1.25604630e+00  8.48132223e-02 -1.44376084e-01  7.73201138e-02
   4.81346726e-01  2.62293190e-01 -4.41224515e-01]
 [-1.70124605e-01  1.72760740e-01 -3.41450989e-01  6.39751786e-04
  -3.12108994e-02 -4.28984046e-01 -1.56858474e-01]
 [-4.02248241e-02  5.13520837e-01 -2.44692519e-01 -2.35314608e-01
  -1.96517721e-01 -3.15704376e-01 -2.75270373e-01]
 [-1.90935063e+00  1.81052804e+00 -4.00433451e-01  1.52051374e-01
  -2.79928237e-01 -9.19723809e-02  2.76306003e-01]]
Peso 2:
[ 1.4059793  -0.37745225  0.48233777 -0.0025501   0.06405044 -0.01136807
 -0.05792561]
Camada: saida
Peso 1:
[[-2.3736203   1.6453819 ]
 [ 1.438997   -1.3817328 ]
 [-0.7912303   0.56643033]
 [ 0.275989    0.24513857]
 [ 0.43826228  0.8144036 ]
 [ 0.50171393 -0.3878773 ]
 [-0.13406044  0.16918159]]
Peso 2:
[-0.14765994  0.1476595 ]



pesos modelo: 
Test loss: 1.1190, Test accuracy: 0.7178
Camada: meio
Peso 1:
[[ 0.08283812 -0.34245113 -0.25507298 -0.0848459  -0.04812723  0.35744697
   0.09521592]
 [ 0.12948474  0.33734295  0.13570152  0.27299637 -0.18716876  0.28018788
   0.16106382]
 [-0.31581834 -0.20890896 -0.05222066  0.33235392 -0.05353105  0.5138693
  -0.0465962 ]
 [-0.42379826  0.4240417   0.25790304  0.2845888  -0.12861276 -0.2818452
   0.54859877]
 [ 0.10001541 -0.10295742 -0.34137002  0.13448271  0.38764152 -0.16189088
  -0.01903691]
 [ 0.06527804  0.02313807 -0.04918822 -0.23074037  0.34648475 -0.18544719
   0.25482115]
 [-0.186193   -0.31576127 -0.04135723 -0.18572374  0.25988233  0.06467068
   0.13442682]
 [ 0.38842827 -0.45185664  0.18160327 -0.10356838 -0.04292483  0.4998629
   0.13279577]
 [-0.2766363  -0.10337003  0.20024534  0.20371394 -0.02839643 -0.10851634
   0.43341509]
 [-0.45998833  0.20852384  0.06674424 -0.16170838  0.00433274  0.05329182
   0.21068582]
 [-0.32610655 -0.40234724  0.25695032  0.2539559   0.0717175  -0.01325307
   0.5467208 ]
 [-0.2952494  -0.14830062  0.29886383  0.18123917  0.26126683  0.01067086
   0.5589182 ]
 [ 0.10653745  0.32300058  0.06144694  0.1881376  -0.31060606  0.25183243
   0.05817376]
 [-0.28203708 -0.14748946 -0.388334   -0.08831738 -0.14901114  0.3985292
   0.734833  ]
 [-0.2935793  -0.05850096 -0.7713824  -0.45415485  0.15719587  0.4492039
   0.40030244]
 [-0.36129034 -0.00449085  0.54381263  0.11273138  0.39493203 -0.50599396
   0.46429595]
 [-0.26861945 -0.5649835   0.2823547   0.4242174   0.39820004  0.31025085
  -0.19186646]
 [-0.34490457 -0.24223734 -0.29381657 -0.330219   -0.26723772  0.08092925
   0.73855007]
 [-0.07028344  0.27019823  0.30386224 -0.05377887  0.44254157  0.4793951
  -0.1961887 ]
 [-0.16558348 -0.2639259   0.2705375  -0.263666    0.07953168 -0.63413537
   0.11389332]
 [-0.2872886   0.25699535  2.303625    0.45827472  0.7166885  -0.23488282
  -1.5572517 ]]
Peso 2:
[-0.00330925 -0.02822462 -0.64307463 -0.06598639 -0.20225061  0.46463448
  0.9257539 ]
Camada: saida
Peso 1:
[[-0.19837786 -0.5012373 ]
 [-0.67985827 -0.24387476]
 [ 1.584418   -1.7775185 ]
 [-0.12711057 -0.7158057 ]
 [ 0.520145   -0.35404527]
 [-0.8624645   0.6157425 ]
 [-1.0293419   2.0204937 ]]
Peso 2:
[-0.6537575  0.6537565]
