


pesos modelo: 
Test loss: 0.8522, Test accuracy: 0.7544
Camada: meio
Peso 1:
[[-0.08411261 -0.39710417  0.46559215  0.25276506  0.09848005]
 [ 0.23345503  0.11519118 -0.20430575  0.19043921  0.09656303]
 [ 0.4345353   0.16186707 -0.4631376  -0.10849644 -0.30128184]
 [ 0.16185361  0.29330438  0.17737792  0.19184074 -0.05018121]
 [ 0.09204227  0.24955185  0.1928492   0.10270476 -0.15042812]
 [ 0.33573064 -0.3523814   0.1881171   0.15064682  0.34320036]
 [ 0.06925078 -0.11508435 -0.15382059  0.0606371  -0.06415915]
 [-0.46150452 -0.0542409   0.37391967  0.31648582  0.09917983]
 [ 0.4372396  -0.33465275  0.2811927  -0.01485368  0.12022933]
 [ 0.40444386  0.18798703 -0.3174527   0.11479693 -0.05833411]
 [-0.47426867 -0.24990422  0.04023742  0.3268241   0.21066223]
 [ 0.3293094   0.3715081  -0.23338872  0.5005315   0.41458783]
 [-0.35098818  0.3136885  -0.14911032  0.21812381 -0.1658226 ]
 [-0.20188165 -0.2744494   0.26742616  0.89814097 -0.20916204]
 [ 0.13101222 -0.43307617  0.0486965   0.7048742  -0.27881452]
 [ 0.16999343 -0.06480554 -0.43992633 -0.06665768  0.46865174]
 [-0.23511197  0.40401042 -0.18834935  0.22336379  0.5731444 ]
 [ 0.5131027  -0.0527279  -0.3067448   0.616575   -0.3867381 ]
 [ 0.2922123   0.3446922   0.10224771  0.0652332   0.45746002]
 [-0.08018465  0.33539927 -0.44554397 -0.02814247  0.21805017]
 [-0.47514114  1.0958275   0.34563044 -2.0171638   1.6887702 ]]
Peso 2:
[ 0.1923721  -0.14496416 -0.02944726  1.2472128  -0.4024399 ]
Camada: saida
Peso 1:
[[ 0.13053639  1.1113461 ]
 [ 1.1121765  -0.47584355]
 [-0.28600097 -0.4115173 ]
 [-1.8825172   1.8141025 ]
 [ 0.62371093 -2.0207558 ]]
Peso 2:
[-0.2959329   0.29593375]



pesos modelo: 
Test loss: 0.6151, Test accuracy: 0.8149
Camada: meio
Peso 1:
[[ 7.2686851e-02  3.4610921e-01 -1.8605945e-01 -2.8939384e-01
   4.4952148e-01]
 [ 1.2494328e-01 -4.3012807e-03  4.1083008e-01 -1.9817755e-01
   1.4421545e-01]
 [ 6.7875539e-03  4.9604329e-01  8.7404676e-02 -3.6618408e-02
   9.5872600e-03]
 [ 4.9898230e-02 -4.6266517e-01  4.3620455e-01  3.0513436e-01
   1.2620299e-01]
 [ 4.5709163e-01 -2.3516519e-01  4.6556482e-01 -8.8042259e-02
   1.4220466e-01]
 [-6.9961824e-02 -1.7348614e-01  4.2480707e-01 -3.8618606e-01
   9.4154224e-02]
 [-2.4126260e-01 -2.8762639e-01  1.8444791e-01 -1.2159251e-01
  -8.0033705e-02]
 [-1.8386996e-01 -2.5536349e-01  3.4687212e-01  2.5686884e-01
   7.0657231e-02]
 [ 7.1916822e-03  2.4169548e-01  4.2581707e-01  2.5716558e-02
   2.1201323e-01]
 [-7.2095439e-02  4.3947679e-01  3.7913105e-01 -3.6314166e-01
   1.4373156e-01]
 [-2.0931250e-01  2.3961218e-01  3.0009964e-01 -3.7433192e-01
   4.9256478e-02]
 [ 2.6269212e-01  5.7416224e-01 -1.1192957e-01  5.4835218e-01
  -4.1106255e-03]
 [-3.8004360e-01  1.2204586e-01  1.7441815e-04  2.7064207e-01
  -5.7888873e-02]
 [ 3.7392554e-01  5.7293606e-01  1.5725757e-01  3.5571244e-01
  -7.9350603e-01]
 [-4.5342255e-01 -3.3003083e-01  2.7631357e-01 -2.5822368e-01
  -8.0246514e-01]
 [ 1.3482590e-01  2.8432581e-01  2.2027485e-01 -3.6816603e-01
   4.8378775e-01]
 [-1.5125030e-01  2.8528574e-01 -1.8801357e-01  3.0135849e-01
   3.3612606e-01]
 [-4.3634531e-01  6.0564049e-02  7.2408777e-01 -9.4459236e-02
  -5.7455254e-01]
 [-4.9393681e-01 -2.7805477e-01 -7.0688039e-02  2.3730220e-01
   3.2548863e-01]
 [-4.3848082e-02  1.1873497e-02  2.3968580e-01  2.4700683e-01
   5.1754445e-01]
 [ 3.2435486e-01 -4.8298335e-01 -1.5033822e+00 -1.9773453e-01
   2.3314731e+00]]
Peso 2:
[-0.01333094  0.2578371   0.9405402   0.1589167  -0.63179076]
Camada: saida
Peso 1:
[[-0.12522209  0.2331272 ]
 [-0.6935571   0.18783592]
 [-1.4163567   1.321704  ]
 [-0.53000164  0.19368288]
 [ 1.9955862  -2.0178037 ]]
Peso 2:
[-0.73727757  0.7372771 ]



pesos modelo: 
Test loss: 1.5954, Test accuracy: 0.7057
Camada: meio
Peso 1:
[[-0.21725434  0.3423602   0.07881868  0.31939584  0.43842983]
 [-0.08002203  0.3917627   0.05405619  0.29231265  0.07842939]
 [-0.08692877 -0.3906121   0.04504487  0.25295576  0.16386975]
 [-0.29767457 -0.2535314   0.06684383 -0.40693322  0.1523814 ]
 [ 0.29498777 -0.48065087  0.03938964 -0.24796098  0.21377389]
 [ 0.35385874 -0.28532282  0.03512305 -0.20252511  0.24822682]
 [-0.06917791  0.25351956  0.08381872  0.25728726  0.02908434]
 [ 0.25452343  0.16103767  0.06703924 -0.07837243  0.10052723]
 [ 0.25088733 -0.01336726  0.07938828  0.3684032   0.03749623]
 [-0.32467768  0.21317099  0.07134166  0.24122402  0.1642193 ]
 [ 0.09560096  0.39124793  0.01627274  0.17339613  0.30058882]
 [-0.3802853  -0.33969858  0.09801722 -0.07433735  0.02769941]
 [-0.45607838  0.23957776  0.07885977 -0.06282536  0.0714893 ]
 [-0.34200394  0.01588131  1.1953722   0.2690956  -0.14749432]
 [-0.2072465  -0.3154783   0.83157796 -0.1451355   0.8287613 ]
 [-0.13939397  0.38904616  0.02373056 -0.11253463 -0.3637769 ]
 [-0.18269904 -0.4069517  -0.24636854  0.1650757   0.2391654 ]
 [-0.24244386 -0.30950513  1.1002545  -0.33458233  0.4135328 ]
 [-0.47509885 -0.5389405   0.15785943 -0.44973582 -0.3213326 ]
 [ 0.06014399 -0.03869997 -0.0027245   0.1156202  -0.33771527]
 [-0.00870575 -0.23671964 -2.3806012  -0.6824846  -1.3772361 ]]
Peso 2:
[-0.15587254 -0.02331804  1.895844   -0.00408716  0.9234233 ]
Camada: saida
Peso 1:
[[-0.1393218   0.76755595]
 [-0.9787958  -0.55587065]
 [-1.7343336   2.8301802 ]
 [-0.90892935 -0.30606544]
 [-1.1323826   1.081223  ]]
Peso 2:
[ 3.2655118 -3.265511 ]



pesos modelo: 
Test loss: 0.5562, Test accuracy: 0.8258
Camada: meio
Peso 1:
[[ 0.21592379  0.23393452  0.16564941  0.35033214 -0.304972  ]
 [-0.17406483 -0.03358503 -0.13707647  0.15842724  0.6307376 ]
 [ 0.07073595 -0.37363133 -0.33783904 -0.09844687  0.03609406]
 [ 0.20248859 -0.04455019 -0.34123087  0.03090848  0.3454918 ]
 [-0.33875036 -0.3676006  -0.03687646  0.18141817  0.6874023 ]
 [-0.10636505  0.21613237  0.11808716 -0.01530032  0.1420818 ]
 [-0.00581038 -0.10054436 -0.35366446 -0.05054876  0.11749831]
 [ 0.38163838 -0.23154257 -0.04959757 -0.15100461  0.02560843]
 [ 0.26377246 -0.34118155 -0.44336867 -0.09712557  0.03103125]
 [-0.26887107 -0.21887736  0.4023949   0.04168727  0.35551137]
 [-0.2505648   0.3413237  -0.12223783 -0.03469903  0.09278281]
 [-0.24603915 -0.35439506  0.43929228  0.12350818  0.55700874]
 [ 0.13470922  0.23431197  0.45216975  0.04057012  0.37161842]
 [ 0.02618663  0.3069531   0.08458555 -0.82225084  0.42384833]
 [-0.05810456  0.29612848 -0.16344433 -0.73322785  0.13412817]
 [-0.12368278  0.17478174  0.1878335   0.43628347  0.31096452]
 [ 0.09099516  0.3190398  -0.19633387  0.58639234  0.41525096]
 [-0.28473657  0.20452522  0.03296718 -0.6873737   0.10148096]
 [-0.1257654   0.23779713 -0.14827454  0.42197928 -0.15524992]
 [ 0.51752007 -0.15712036 -0.12268633  0.42662513  0.2972739 ]
 [ 0.7356837   0.1978525  -0.11121038  2.8371265  -0.70924145]]
Peso 2:
[-0.06471815 -0.01973383 -0.03027725 -0.59211683  0.75243163]
Camada: saida
Peso 1:
[[-0.10268641 -0.5241051 ]
 [-0.03864973  0.27058473]
 [-0.43425623 -0.3511438 ]
 [ 1.6700523  -2.6124568 ]
 [-1.4568927   0.44281125]]
Peso 2:
[-1.9334669  1.9334651]



pesos modelo: 
Test loss: 1.5060, Test accuracy: 0.6803
Camada: meio
Peso 1:
[[-0.36653128 -0.16241452  0.04014778  0.14932996 -0.3880412 ]
 [ 0.3303634  -0.4715978   0.16327226  0.3727018   0.19440962]
 [-0.15054543 -0.36627072 -0.43564394  0.16019836  0.4060027 ]
 [ 0.16396323  0.42778334 -0.32171595  0.12295219 -0.26120618]
 [ 0.2540308  -0.15991914 -0.38395497  0.15069064 -0.31181893]
 [ 0.18157282 -0.11111689  0.07792535  0.26940367  0.14359234]
 [-0.23195904 -0.2153559  -0.49525636 -0.03581708 -0.11294859]
 [ 0.11095803 -0.11026233 -0.3341014   0.20834886  0.02269085]
 [ 0.30358246  0.03064686 -0.49400344  0.33135962  0.10500681]
 [ 0.17756264 -0.41827136  0.33532014  0.40413743  0.42627186]
 [-0.09088406 -0.37942374 -0.2749667   0.11284401  0.04499168]
 [ 0.03677253  0.1750107  -0.23301569  0.31544945  0.5618576 ]
 [ 0.02576238 -0.48559615  0.2735055   0.2118185   0.21399853]
 [-0.00895476  0.40245226 -0.4423325   1.1372352   0.02111979]
 [-0.6743098   0.40348566  0.11166909  0.68546784 -0.10979148]
 [ 0.8245268   0.16615    -0.5018068   0.29960984  0.50799555]
 [ 0.4776611  -0.19597782  0.24655698 -0.12065874  0.09505928]
 [-0.23521432  0.25155282  0.13016033  0.8692204  -0.40011293]
 [ 0.01539433 -0.02235246 -0.02431641 -0.2617333   0.14746828]
 [ 0.35944697 -0.1054181   0.02525264 -0.15733844  0.00605852]
 [ 1.4008805   0.32722378 -0.25795382 -2.1390212   0.958239  ]]
Peso 2:
[-0.32949376 -0.02983142 -0.15982465  1.4411824  -0.16026282]
Camada: saida
Peso 1:
[[ 1.5768877  -0.8308329 ]
 [ 0.34701163  0.17322288]
 [ 0.28956065 -0.5605226 ]
 [-1.7547325   2.4047046 ]
 [ 1.0499852  -0.40604234]]
Peso 2:
[-0.16498587  0.16498573]



pesos modelo: 
Test loss: 1.5331, Test accuracy: 0.6760
Camada: meio
Peso 1:
[[ 0.03287852  0.386684   -0.43113613  0.25242478 -0.12595582]
 [-0.25275815 -0.01400067  0.00928895  0.06009282 -0.06009955]
 [ 0.08871781  0.40210423 -0.06979809  0.16889186  0.05088591]
 [-0.06255759 -0.2778341   0.33261275  0.29594532  0.23362933]
 [-0.12959947  0.31460938 -0.37860644 -0.09659993 -0.2745606 ]
 [-0.23748143  0.14807665 -0.08205397  0.44824782  0.358567  ]
 [-0.09890595 -0.39748847 -0.20760594  0.40603217  0.25755504]
 [-0.23178913 -0.13117452 -0.29650983  0.19829479 -0.00691564]
 [-0.3547254  -0.3253207  -0.41127816  0.5881462   0.44025394]
 [-0.18425946 -0.13776837  0.27355757  0.25087354  0.11539656]
 [ 0.29711092 -0.04359915  0.31556812  0.18582627  0.06300802]
 [-0.0735433   0.18206011 -0.35528475  0.15340729 -0.00305718]
 [ 0.12152684  0.31857538  0.22961342  0.25191706  0.17047806]
 [-0.10189959 -0.00361124  0.09790228  0.56980634 -0.8541589 ]
 [ 0.30029643  0.30401286 -0.4187792   0.49698013 -0.77758265]
 [-0.13070334 -0.04076292 -0.02820898  0.34039295  0.8535717 ]
 [-0.39179784 -0.42130122 -0.4639383  -0.05425743  0.44908887]
 [ 0.28421888  0.22112873  0.34845164  0.892711   -0.5166774 ]
 [-0.17799442 -0.16857982  0.2311907  -0.27791017  0.16949049]
 [ 0.14975487  0.23944162  0.51815736 -0.20704636  0.41073728]
 [-0.27321142  0.13337302 -0.07110299 -1.9595042   1.8976594 ]]
Peso 2:
[-0.16758952 -0.01566144  0.16662519  1.2853514  -0.5545748 ]
Camada: saida
Peso 1:
[[ 0.3261384   0.03297358]
 [-0.8098505  -0.5367684 ]
 [-0.06084915  0.70968586]
 [-1.7801622   1.8560046 ]
 [ 1.0747602  -2.1650186 ]]
Peso 2:
[-0.4941811   0.49418265]



pesos modelo: 
Test loss: 0.8991, Test accuracy: 0.7542
Camada: meio
Peso 1:
[[ 0.23529518  0.12419808  0.333444    0.01588109 -0.21381584]
 [ 0.05705293  0.33264467  0.3611821  -0.36854953  0.15952389]
 [-0.31748727 -0.07342118 -0.39260677  0.024502    0.28257367]
 [ 0.11378823  0.31787845  0.1722976  -0.31721425 -0.00600843]
 [-0.13247588  0.01450384  0.19473547 -0.03280837  0.08787882]
 [ 0.28146055  0.23745823  0.21831334  0.2477024  -0.2922972 ]
 [-0.18662713 -0.08100421 -0.11195041  0.09489426 -0.22018148]
 [-0.11780063  0.18105227 -0.27844942 -0.2982951  -0.02046061]
 [ 0.35979843  0.29830858  0.12845308  0.3508407  -0.17551072]
 [ 0.27881587  0.38433307 -0.3936506   0.167245   -0.1343951 ]
 [ 0.03423303  0.19960883  0.13947453  0.03922223  0.20005392]
 [ 0.0985431   0.253416    0.3916421  -0.07247893  0.34557983]
 [ 0.49525863  0.62459946  0.07236304 -0.09326485  0.06153749]
 [-0.19917019  0.7129398  -0.14041351  0.72959864 -0.3602678 ]
 [-0.39140192  0.60559994 -0.18065792  0.67462045 -0.01435344]
 [ 0.15138373 -0.08697755 -0.16181576 -0.26795855  0.2632834 ]
 [ 0.8348511   0.24214329  0.36163905  0.2037162   0.28652865]
 [-0.4101758   0.8204345   0.31854707  0.26568827  0.09928606]
 [ 0.37210664  0.00959125 -0.48700485  0.26565742  0.1351669 ]
 [ 0.4458511  -0.2386806   0.19073358  0.47137153 -0.17336504]
 [ 1.9327219  -1.8976431  -0.08160984 -0.54856145  0.6533822 ]]
Peso 2:
[-0.45098752  1.198804    0.04084491  0.45147222 -0.00173178]
Camada: saida
Peso 1:
[[ 1.6642916  -1.4338152 ]
 [-1.4365425   2.1150782 ]
 [-0.02507035  0.3673916 ]
 [-0.84319603  0.55925053]
 [ 0.7765099   0.05560882]]
Peso 2:
[-0.21856546  0.21856438]



pesos modelo: 
Test loss: 0.7487, Test accuracy: 0.7867
Camada: meio
Peso 1:
[[-0.0431073  -0.1943697  -0.28395718  0.02093232  0.04250199]
 [ 0.48708746  0.27570313  0.29763272 -0.16363895  0.14039186]
 [-0.15942197 -0.23876946  0.05307055 -0.3542316  -0.43745786]
 [ 0.43355954 -0.13706021  0.3121307  -0.3977763  -0.32955176]
 [-0.02749727 -0.03424895  0.09585027 -0.38875645  0.17054588]
 [ 0.22330281 -0.1859536   0.21363255  0.14778689 -0.25502276]
 [ 0.17263371 -0.03348798  0.20359968 -0.3387853  -0.03502116]
 [-0.16560628  0.16632384  0.03595979  0.1780884   0.35091656]
 [ 0.16989815 -0.22115782  0.20314646 -0.18680419 -0.36368638]
 [ 0.39155012 -0.17510603  0.33197054 -0.16754775 -0.44903418]
 [ 0.2634622   0.02048287  0.25405863 -0.27595904  0.36774915]
 [-0.01545335  0.50496787  0.06078556  0.05169497 -0.09526207]
 [ 0.24654578  0.19945993  0.21222445  0.25072935  0.02483558]
 [-0.41647226  0.55831075  0.6688693   0.07825934  0.23969576]
 [-0.3769617   0.07874183  0.7394431  -0.06459712 -0.16624263]
 [ 0.75482565 -0.36784598  0.09048822 -0.33861646  0.07566695]
 [ 0.7337257  -0.5856844   0.13873178  0.3164328  -0.112763  ]
 [ 0.1497729   0.36236152  1.0422218  -0.4381649  -0.40846053]
 [ 0.4397615   0.5104437  -0.0349182  -0.32852247 -0.23151813]
 [ 0.15284833 -0.15927228 -0.1809479  -0.02248454 -0.33295575]
 [ 1.1477213   0.04112568 -2.5381484  -0.06142792 -0.02187087]]
Peso 2:
[ 0.03797448  0.24662705  1.5774935  -0.04905205 -0.07287147]
Camada: saida
Peso 1:
[[ 1.755401   -0.43623015]
 [-0.7158535   0.29472136]
 [-2.425648    2.1901085 ]
 [ 0.8747305   0.10908163]
 [ 0.41275316 -0.01915435]]
Peso 2:
[ 0.49358445 -0.4935819 ]



pesos modelo: 
Test loss: 1.4782, Test accuracy: 0.6786
Camada: meio
Peso 1:
[[-0.22951025 -0.30194545  0.34490317  0.36234194  0.06675315]
 [-0.01904508  0.06756151 -0.0338875   0.1333676   0.25026602]
 [-0.45359445  0.04030199 -0.22305626 -0.00259774 -0.09194113]
 [-0.13703233  0.07949069 -0.15938176  0.21757032 -0.1259639 ]
 [-0.22958416  0.03169157  0.04945953  0.2305045   0.249774  ]
 [ 0.17842041 -0.19082747  0.07982291  0.12303154 -0.27981544]
 [-0.32237968 -0.10635196  0.11864106  0.17883642  0.13920447]
 [-0.41817677 -0.01663734 -0.22599109 -0.01080202 -0.17546998]
 [-0.36404544 -0.052801    0.10567153 -0.16929987  0.73420894]
 [-0.23552652 -0.01604045 -0.04060121 -0.08812843  0.47681335]
 [-0.31586623  0.1002019   0.14094467  0.5789634   0.33617705]
 [-0.25711292 -0.2133628   0.12717359  0.11670376 -0.2581549 ]
 [ 0.3143874  -0.01251934  0.10814339  0.46977642 -0.09924397]
 [-0.02610222 -0.6987194  -0.5516318   0.6916494   0.52825505]
 [ 0.24817823 -0.65426964 -0.60253096  0.29660133 -0.1970644 ]
 [ 0.04265981  0.44437638  0.34092677  0.43564382 -0.10310577]
 [ 0.05160079  0.46386722  0.13223554 -0.10466655  0.15565006]
 [ 0.153803   -0.65394086 -0.6208005   0.22889447 -0.2742543 ]
 [-0.05724006  0.32194623  0.35905334  0.1783424   0.01705343]
 [-0.24566558  0.41887778  0.33456594  0.43185183 -0.19950981]
 [ 0.0592764   2.008079    1.8823956  -0.4137512  -0.30532455]]
Peso 2:
[-0.19977956 -0.45639378 -0.30632573  0.77067184  0.4889724 ]
Camada: saida
Peso 1:
[[ 0.3715601  -0.8019724 ]
 [ 1.935548   -1.4890037 ]
 [ 1.2698361  -1.4766251 ]
 [-0.9408128   0.8459927 ]
 [-1.0617908   0.23352867]]
Peso 2:
[-1.9954293  1.9954289]



pesos modelo: 
Test loss: 0.7183, Test accuracy: 0.7749
Camada: meio
Peso 1:
[[-4.49793160e-01  2.38386989e-01 -2.76916981e-01  1.78717792e-01
  -4.58150953e-01]
 [-4.12658602e-01 -2.20853850e-01  9.80961099e-02  2.23524675e-01
   3.35657328e-01]
 [-3.68466452e-02  4.74202991e-01  3.30740541e-01  3.50349136e-02
   4.22361940e-01]
 [-6.57745674e-02 -2.88300425e-01 -1.56349465e-01 -7.66378641e-02
   1.06843747e-01]
 [-3.28237936e-03  5.37859857e-01  2.34428540e-01  3.35307062e-01
   1.19255312e-01]
 [ 1.49967670e-01  4.74163964e-02  1.03345655e-01 -8.98808315e-02
   3.58052373e-01]
 [-3.71059030e-01  9.60137323e-02  2.05348711e-03  4.03619677e-01
   1.87290576e-03]
 [-3.45750272e-01 -8.70220363e-02  1.32895947e-01  8.30162019e-02
   4.11603659e-01]
 [-4.17174816e-01 -4.59276617e-01  2.84705926e-02 -2.86973506e-01
   5.42022884e-01]
 [ 3.17608446e-01 -1.96511477e-01 -7.76196867e-02  4.58786845e-01
   4.10688967e-02]
 [-2.01792359e-01  4.81219947e-01  2.05237553e-01  6.31797984e-02
   2.44549468e-01]
 [-3.67419049e-02 -3.40736508e-01 -9.12315324e-02  4.43687886e-01
   1.24794757e-02]
 [ 3.03321600e-01 -3.52465600e-01  1.84475631e-02  3.76609623e-01
   2.23965704e-01]
 [ 1.85920313e-01  5.25876522e-01 -5.06542683e-01 -2.66668588e-01
   4.97798681e-01]
 [-1.49106830e-01  9.89827588e-02 -9.59867418e-01  2.85870790e-01
   4.20009624e-03]
 [-9.40634906e-02  4.41710591e-01  5.44716656e-01  1.66628003e-01
   2.71869591e-03]
 [ 1.90239280e-01  2.82238036e-01  4.25761163e-01 -2.54509419e-01
   1.48141547e-03]
 [ 1.26266226e-01  5.70111215e-01 -4.71751750e-01 -3.72113883e-01
   7.94270933e-01]
 [-2.60704815e-01  3.60280991e-01  3.71402383e-01 -3.13964307e-01
   5.31780832e-02]
 [-4.21137691e-01  4.02727216e-01  6.60579622e-01 -1.40546888e-01
   2.46769771e-01]
 [-2.69122850e-02 -6.20817244e-01  2.22641587e+00 -4.23207700e-01
  -1.68353581e+00]]
Peso 2:
[-0.15174605  0.29179278 -0.6669351   0.37592113  0.8249267 ]
Camada: saida
Peso 1:
[[-0.01714634 -0.5322832 ]
 [-1.2093005   0.01211867]
 [ 1.5093062  -2.1944451 ]
 [-0.03775154  1.0514778 ]
 [-1.804621    0.9272621 ]]
Peso 2:
[-0.65972626  0.65972835]



pesos modelo: 
Test loss: 1.4549, Test accuracy: 0.6796
Camada: meio
Peso 1:
[[-4.2922348e-02  1.0257757e-01  2.8496969e-01 -2.9028305e-01
   4.4333148e-01]
 [-1.0664726e-01  2.3988754e-01  1.3376406e-02  1.6238309e-02
  -2.0048025e-01]
 [ 9.1792367e-02  2.8975439e-01  2.5908027e-02  2.9567257e-02
  -2.6809520e-01]
 [-4.2939559e-01  4.3458242e-02 -2.6965961e-01 -5.9698846e-02
  -1.0456503e-01]
 [-4.2768729e-01  2.8362015e-01 -4.0030032e-01  1.5670338e-01
  -1.5192537e-01]
 [ 3.4505680e-01  2.7407236e-02 -2.8690931e-01 -1.7380978e-01
  -2.8208235e-02]
 [ 5.8660150e-02  2.1887930e-01 -2.2297608e-02 -4.7190547e-02
  -2.3866987e-01]
 [ 3.4602165e-01  2.9704824e-02 -3.9709631e-01 -8.0302820e-02
   3.4358162e-01]
 [-2.9231796e-01  5.3790461e-02 -1.5477127e-01  1.1430985e-01
   5.1002640e-01]
 [ 1.0168240e-01 -2.7846806e-02 -3.0350808e-02 -7.7945843e-02
   4.4225895e-01]
 [ 3.9428300e-01  1.6310376e-01  2.9949713e-01 -1.0262579e-01
  -8.1291258e-02]
 [ 3.9900640e-01  3.5667726e-01  3.8788545e-01  3.3225171e-02
  -3.1894803e-01]
 [-2.3793121e-01  3.3726081e-01  1.3261738e-01  1.8542860e-01
   3.2826018e-02]
 [-1.2857556e-01  6.7047203e-01 -2.4166947e-02 -7.4286741e-01
  -3.2962906e-01]
 [-4.0207571e-01  6.7482978e-01 -8.8683806e-02 -4.3591458e-01
   3.7061089e-01]
 [ 2.8224885e-01  3.0684039e-01 -3.7851375e-01  7.1070749e-01
   1.3095549e-01]
 [-3.3304580e-02 -2.9347073e-02 -1.9826001e-02  6.2184471e-01
   3.1877142e-01]
 [-4.9413198e-01  7.6265103e-01  4.1681910e-01 -7.8759193e-01
  -6.9706187e-02]
 [ 3.5073236e-01 -8.7738238e-02 -3.5965484e-01  4.6363911e-01
   5.9146178e-01]
 [-3.5276048e-02  1.6998560e-03 -1.8866166e-01  5.2882779e-01
   4.4488054e-02]
 [ 1.5232992e-01 -1.6685389e+00  3.8416812e-01  2.0322809e+00
  -9.3654317e-01]]
Peso 2:
[-0.14208712  0.99586934 -0.07462413 -0.617404    0.43810847]
Camada: saida
Peso 1:
[[ 0.45718265 -0.14630593]
 [-2.3603733   0.83260155]
 [ 0.54012364  0.21801351]
 [ 1.2415181  -2.188043  ]
 [-0.29278827  1.0996778 ]]
Peso 2:
[-0.6960426   0.69604695]



pesos modelo: 
Test loss: 1.1343, Test accuracy: 0.7342
Camada: meio
Peso 1:
[[ 0.06192917  0.40474498 -0.20363915  0.10461336 -0.33457488]
 [-0.11617796  0.15590416  0.2760877   0.3129375  -0.11281199]
 [ 0.28331888  0.28458986  0.11898995  0.4795023   0.1922026 ]
 [ 0.12882382 -0.31648934 -0.05415546 -0.12208253 -0.09143333]
 [-0.07566863  0.34448594  0.07762216  0.19830446  0.40782386]
 [-0.08901967  0.16152745  0.15795526  0.2644573   0.08882778]
 [-0.20331097  0.29471332  0.41773382 -0.13865903  0.05736705]
 [-0.03375924  0.13095963  0.16969249  0.32319984  0.04105864]
 [-0.28915438  0.12505043  0.20060219  0.02939224  0.07999755]
 [-0.22808464  0.11657602  0.23289461 -0.29514557  0.18916823]
 [-0.08218154  0.15796673  0.3969564  -0.05922854 -0.08724029]
 [-0.2948827   0.41233125  0.28405225  0.45347556  0.11947899]
 [ 0.3321223  -0.00865827 -0.06480922 -0.3029856   0.3926964 ]
 [ 0.19303699 -0.5097154   0.99162906 -0.36021438  0.02570585]
 [ 0.17314021 -0.6949602   0.4828638   0.27700648  0.4912071 ]
 [-0.34436402  0.71857625  0.06177669 -0.2343579   0.19236399]
 [-0.2496541   0.2604106   0.02580757 -0.18958536 -0.42884284]
 [-0.07531121 -0.07661315  0.9270198  -0.03832009  0.8305743 ]
 [ 0.1676125   0.6743131  -0.10896552  0.61740315  0.16477376]
 [-0.40547612  0.4417959  -0.25666758 -0.3087133   0.2958807 ]
 [-0.47856328  1.5848956  -1.5996318  -0.62653387 -1.2860522 ]]
Peso 2:
[-0.05470106 -0.42666042  1.1226826   0.33525026  0.7562228 ]
Camada: saida
Peso 1:
[[ 0.6363092   0.48799446]
 [ 1.67967    -1.1742079 ]
 [-1.2261448   2.0341485 ]
 [ 0.33042502  1.4306089 ]
 [-1.7682215   0.6454164 ]]
Peso 2:
[-0.19428983  0.19429003]



pesos modelo: 
Test loss: 1.0987, Test accuracy: 0.7392
Camada: meio
Peso 1:
[[-0.08982769  0.07130927  0.40066397 -0.4285705  -0.39228588]
 [ 0.27667317  0.2850925   0.28949255  0.13425842 -0.06726645]
 [ 0.24300891  0.25528312  0.34290376  0.540472    0.20499602]
 [-0.26640382  0.20535478  0.24634159  0.3383689  -0.31640682]
 [-0.3613885   0.24070632  0.17250918 -0.03559448  0.18305768]
 [ 0.29679975  0.4473393   0.4762759   0.03042357 -0.31351727]
 [ 0.07450546  0.01484434 -0.21301237 -0.16263388  0.15084423]
 [-0.43437555  0.3311363   0.26970893 -0.08070375 -0.12550046]
 [-0.26357397 -0.03220855 -0.20679295 -0.00591122 -0.5062341 ]
 [-0.34142372  0.28373328  0.10714988 -0.32866418 -0.2076057 ]
 [-0.41592047  0.05554984 -0.1973285  -0.34546918 -0.02761606]
 [-0.10458796  0.1284552   0.10500964  0.2677984  -0.237717  ]
 [-0.48775673  0.12738721 -0.06145817 -0.25212845 -0.18473813]
 [ 0.27080464  0.5853922  -0.35706496 -0.01515427 -0.03966787]
 [-0.03513195  0.97580206 -0.5046165   0.25620198  0.13059673]
 [-0.16726723 -0.14399415  0.323863    0.13234615 -0.1187802 ]
 [ 0.01923678 -0.16617548  0.40999773  0.43054333 -0.2794191 ]
 [-0.3236452   0.95923156 -0.62065583 -0.13570252 -0.42899433]
 [-0.20158665  0.25991732  0.8344546   0.14298026  0.10064035]
 [-0.03711725 -0.09567298  0.15603276 -0.43805718  0.2872354 ]
 [-0.3707744  -1.9826989   1.865955   -0.38801986 -0.13238266]]
Peso 2:
[-0.12592837  1.3412018  -0.2964597   0.2630406  -0.16297178]
Camada: saida
Peso 1:
[[ 0.6687843  -0.20754868]
 [-2.0586379   2.0020702 ]
 [ 1.7594733  -1.1707554 ]
 [-0.81011206  0.30363905]
 [ 0.05845624 -0.75007427]]
Peso 2:
[-0.18961565  0.1896157 ]



pesos modelo: 
Test loss: 1.2871, Test accuracy: 0.7004
Camada: meio
Peso 1:
[[ 0.18559521 -0.26733625  0.3742761  -0.05401286  0.13291669]
 [ 0.10927131 -0.06950661 -0.08553946  0.0392556   0.10820338]
 [ 0.22434139  0.33823332  0.04584732 -0.09223992 -0.11521061]
 [ 0.07696339  0.32781833  0.41647533 -0.14851114 -0.36987185]
 [ 0.2507187   0.37587002 -0.0245377  -0.10124822  0.17537431]
 [-0.02029455 -0.07867911  0.31782696  0.01515808 -0.29244587]
 [ 0.2117554   0.27929202  0.48278153  0.29962623  0.43571976]
 [ 0.13874796  0.09059916 -0.04528052 -0.12834698 -0.24082284]
 [ 0.21635212  0.06004703 -0.24371685 -0.03273721 -0.4177286 ]
 [ 0.27430335  0.1893108   0.25850204  0.34495717 -0.23755841]
 [ 0.25493008 -0.25967097 -0.29268998  0.39556286 -0.25243542]
 [ 0.05248061  0.03525096  0.19411536 -0.02752631  0.42850438]
 [ 0.05909434 -0.17403387 -0.03575572  0.03019734 -0.01199909]
 [ 0.8084403   0.07643504  0.7968635   0.13350372 -0.27464333]
 [ 0.77821505 -0.28022218 -0.03180848 -0.5413341  -0.02576039]
 [ 0.20113167  0.42539224 -0.34576464  0.54878163 -0.3548302 ]
 [ 0.08731709  0.4863128  -0.48993528  0.12836543 -0.16905981]
 [ 1.1676264  -0.11618952 -0.24477132  0.06635898  0.26111025]
 [-0.07985254  0.5489513   0.00938262  0.04468659  0.2627596 ]
 [ 0.01601507  0.45015776  0.47243786  0.71773696 -0.28239596]
 [-2.1796744   1.2377236  -0.5459139   0.9362464  -0.06081967]]
Peso 2:
[ 1.2424225  -0.29057065  0.5525015  -0.07091552  0.02988165]
Camada: saida
Peso 1:
[[-2.0894861   2.0254393 ]
 [ 0.6567994  -1.3541938 ]
 [-0.9185102   0.81240547]
 [ 0.44097465 -1.1562965 ]
 [ 0.37943414  0.5884928 ]]
Peso 2:
[-0.17194968  0.17195062]



pesos modelo: 
Test loss: 0.8024, Test accuracy: 0.7810
Camada: meio
Peso 1:
[[-0.2590018  -0.02969396 -0.28161845  0.00442588  0.4611935 ]
 [ 0.32658392  0.18621476  0.28095162 -0.12733786  0.02325817]
 [ 0.22490175  0.17964736  0.09835736  0.01928083 -0.09159593]
 [ 0.2699338   0.26905838 -0.25556362 -0.33175558 -0.19876157]
 [-0.00559924  0.20502537 -0.2428324   0.07189436 -0.3445265 ]
 [ 0.44025272 -0.03013603  0.24724607  0.27686584  0.4685067 ]
 [ 0.16475514 -0.22916275 -0.3288991  -0.28725493  0.09692778]
 [ 0.5381207  -0.03082608  0.43019664 -0.27509466  0.3707175 ]
 [ 0.39428088  0.21212073 -0.24785642 -0.32371664 -0.00954917]
 [ 0.39203882  0.10185162 -0.21674514 -0.3413148   0.04434545]
 [ 0.11453295  0.03232322 -0.29504877  0.35448092 -0.01157271]
 [ 0.21049866  0.11250322 -0.15837687  0.36574018  0.10219991]
 [ 0.16061516  0.09821095  0.25273454  0.06861841 -0.07937767]
 [ 1.0760299  -0.02093676 -0.40915084  0.2287925  -0.12608616]
 [ 0.9310534  -0.5526271   0.4584602  -0.3812942  -0.19485508]
 [-0.19708742  0.38335243 -0.4743799   0.03140656  0.03352461]
 [-0.0042097   0.27419952  0.07771637  0.43904313  0.55636925]
 [ 0.62569886 -0.6230996  -0.00534535 -0.10831758 -0.22531511]
 [-0.1672421  -0.08757041 -0.20865767 -0.36473215  0.29109034]
 [-0.21337382  0.11759239 -0.38468194  0.6244659   0.4742931 ]
 [-1.2716438   1.6222951   0.00969341 -0.41850206  1.9708732 ]]
Peso 2:
[ 1.2080195  -0.3254094  -0.00849465  0.29098526 -0.46425748]
Camada: saida
Peso 1:
[[-2.3806102   0.7862888 ]
 [ 1.4376097  -0.9521292 ]
 [ 0.5833797   0.60391754]
 [-0.61323196  0.6159873 ]
 [ 1.3744546  -1.302875  ]]
Peso 2:
[-0.6280227  0.6280226]



pesos modelo: 
Test loss: 0.5894, Test accuracy: 0.8230
Camada: meio
Peso 1:
[[ 0.4021933  -0.269705   -0.01180097 -0.3487152   0.30480796]
 [ 0.20948559  0.15950552  0.32615352 -0.05847111 -0.00662644]
 [ 0.39139605  0.51642823  0.2717142  -0.34302798  0.16904518]
 [-0.05235034 -0.07417639 -0.00427874  0.22328024 -0.17270952]
 [-0.17748274  0.44600606  0.19903742  0.02395616  0.3035846 ]
 [ 0.25311482  0.2856315   0.28991818  0.02097979  0.03113414]
 [-0.3140766  -0.04255991  0.4317549  -0.48018646 -0.01260861]
 [-0.312733   -0.06294395  0.00777187 -0.17550685 -0.10440125]
 [-0.33958015  0.03444157  0.2407429  -0.32004932  0.03317951]
 [ 0.38920137  0.46121126 -0.10728632 -0.27002302  0.00441552]
 [-0.09034297  0.31390047 -0.33077604  0.1305633   0.0658166 ]
 [-0.30199975  0.53578746 -0.40663847 -0.01833158  0.32828808]
 [ 0.35714254  0.30291605  0.46997032 -0.33261645  0.00940227]
 [-0.11194421  0.38606596  0.02146166 -0.1596309  -0.51413554]
 [-0.38293672  0.85018665 -0.43243748 -0.15603717 -0.61684066]
 [ 0.42481035  0.13210781 -0.38034743  0.38055733  0.32676476]
 [ 0.18925783 -0.1624826   0.26296005 -0.3932616   0.24499   ]
 [-0.23898053  0.52226466 -0.16772842 -0.3407159  -0.6763965 ]
 [ 0.05660862  0.37175027 -0.2761017  -0.10218176  0.5377568 ]
 [ 0.38492957  0.32054713 -0.3420243  -0.2768054   0.44389474]
 [ 1.0525405  -1.4666306  -0.16216178 -0.3238914   2.3329456 ]]
Peso 2:
[-0.10612788  0.97226155  0.19225323 -0.06966974 -0.57775015]
Camada: saida
Peso 1:
[[ 0.25866455 -1.067675  ]
 [-1.3647194   1.4688369 ]
 [-0.83937055 -0.01352293]
 [ 0.54486245 -0.83657813]
 [ 1.5473837  -2.072013  ]]
Peso 2:
[-0.841422   0.8414234]



pesos modelo: 
Test loss: 1.3456, Test accuracy: 0.6870
Camada: meio
Peso 1:
[[-0.3171373  -0.32714114  0.01256788  0.20559663  0.44942468]
 [-0.28405172  0.02538989  0.08975954 -0.45802933  0.60888046]
 [-0.14219016  0.12757139  0.02541955 -0.5169175   0.64871067]
 [ 0.03925191 -0.02881702  0.02425501 -0.04100793  0.19647647]
 [-0.10066329  0.09067021 -0.28569865 -0.16230239 -0.03532012]
 [-0.23975661 -0.07757778  0.05056516 -0.2637678   0.35463837]
 [-0.09128942 -0.11408535 -0.19115813  0.03843446 -0.19796179]
 [ 0.38811472 -0.07904371 -0.0145481   0.39413983 -0.12800822]
 [ 0.15933727  0.18091966  0.01124324 -0.05683419  0.5453698 ]
 [-0.01204603  0.01995382 -0.03078244  0.21087418  0.35297617]
 [-0.1982324  -0.21531606  0.08501823  0.09087651  0.16201922]
 [ 0.63037485 -0.08812185  0.09086343 -0.51566344 -0.21655166]
 [ 0.2894084  -0.01972845  0.0346272  -0.0086033   0.12238434]
 [ 0.715099   -0.31185672 -0.6775437   0.3133635   0.5572771 ]
 [-0.26360053 -0.5400665  -0.5990187   0.10739704  0.48493603]
 [-0.07232552  0.35080275  0.34377944  0.11013668 -0.02585634]
 [-0.16689089  0.43889737  0.3506396  -0.21168238  0.37967405]
 [ 0.7490541  -0.4706348  -0.3412995   0.33986378  0.3158983 ]
 [-0.23193736  0.36547092  0.2204387   0.33700016  0.3120628 ]
 [ 0.3317891   0.27567652  0.36449572 -0.50982785  0.06105208]
 [ 0.09192602  2.1358194   1.9271709   0.00875832 -0.49439466]]
Peso 2:
[ 0.50307107 -0.5024739  -0.43585822 -0.13722557  0.6547559 ]
Camada: saida
Peso 1:
[[-1.0471228   0.17697841]
 [ 1.5242035  -1.7447788 ]
 [ 1.900935   -0.95557964]
 [-0.07733891 -0.01288183]
 [-0.76128846  1.0124094 ]]
Peso 2:
[-1.8005846  1.8005844]



pesos modelo: 
Test loss: 0.9648, Test accuracy: 0.7413
Camada: meio
Peso 1:
[[-0.30977744  0.4487815   0.22577089  0.16933382 -0.34079662]
 [ 0.1366099  -0.18912326 -0.4398686   0.15602261  0.12812972]
 [ 0.39017496  0.1533872  -0.44714305  0.3987545   0.06724665]
 [ 0.17874165  0.14034443  0.3099451   0.04987165  0.29323754]
 [ 0.38334018 -0.24203034  0.02578721  0.41671234  0.03250917]
 [-0.26515433 -0.1405085   0.12892504 -0.09169947  0.02063014]
 [ 0.08511852 -0.02088534  0.00676439 -0.0125667   0.30195212]
 [-0.21738745 -0.38220623 -0.08593907 -0.0241307   0.00839252]
 [ 0.39280057  0.02256079 -0.01105525  0.05682901  0.50523347]
 [-0.11407703  0.16051048 -0.18098423 -0.16766496  0.31651342]
 [ 0.09661888  0.25004658 -0.33527592  0.14847311  0.10657882]
 [-0.13938695 -0.05036846 -0.31195068 -0.09267629  0.12853655]
 [ 0.067375   -0.21889783  0.04093401 -0.06828318  0.338749  ]
 [-0.21108074 -0.06687169 -0.11895266  0.67658997  0.35208794]
 [-0.47156978  0.16939545 -0.16594931  0.13016339  0.823751  ]
 [ 0.39113083  0.36996332 -0.10687122  0.29548535 -0.41717452]
 [ 0.70882225 -0.42453837 -0.16903377  0.19797988 -0.09349782]
 [-0.11730967 -0.18597011  0.2806689   0.8580248   0.7171068 ]
 [ 0.7264953  -0.36143348 -0.17721282  0.08785608  0.17845185]
 [ 0.7751004  -0.3922354   0.31846887  0.29568025 -0.07911347]
 [ 1.4655207   0.4099163  -0.46267882 -1.8721052  -1.3391182 ]]
Peso 2:
[-0.3059711   0.01984921 -0.08498652  1.0063422   0.90713286]
Camada: saida
Peso 1:
[[ 1.3641474  -1.3821381 ]
 [-0.31209135 -0.10443289]
 [ 0.2469205  -0.23417859]
 [-1.4610082   1.8858235 ]
 [-1.4189469   1.3434455 ]]
Peso 2:
[-0.12605514  0.12605458]



pesos modelo: 
Test loss: 0.9806, Test accuracy: 0.7425
Camada: meio
Peso 1:
[[-8.29946697e-02  4.45510149e-02  4.41797554e-01 -4.49875623e-01
  -1.32420391e-01]
 [ 1.13674648e-01  3.52230847e-01  2.25779727e-01 -3.57835859e-01
   1.02555849e-01]
 [ 2.28907153e-01  5.52051663e-01 -3.44868064e-01 -1.56732187e-01
   4.37358886e-01]
 [ 1.62381474e-02  1.37486488e-01 -3.44115347e-01  2.82765133e-03
  -3.66702884e-01]
 [-7.46966675e-02  6.40569534e-03 -2.63521731e-01  1.82523102e-01
  -3.04585487e-01]
 [-1.02381229e-01 -4.46565356e-03 -1.60283789e-01 -3.04490000e-01
   3.74561436e-02]
 [-1.61148477e-02  1.56255081e-01  3.89583617e-01 -1.21667131e-03
  -1.80647597e-01]
 [ 8.87957141e-02  3.52889657e-01 -9.67080370e-02 -2.77405947e-01
   1.49626791e-01]
 [ 1.04255937e-02  1.83311716e-01  2.89009392e-01 -2.68585294e-01
  -9.92351845e-02]
 [-1.61881328e-01 -2.44150497e-02 -6.37593344e-02 -2.54908174e-01
   4.01376598e-02]
 [ 1.10651724e-01  3.31971616e-01 -1.23985276e-01 -4.44539666e-01
  -3.33253711e-01]
 [ 1.77676767e-01  4.66093838e-01  2.64681339e-01  3.02725583e-01
   2.36186147e-01]
 [ 1.70160845e-01  4.44058061e-01  3.97061437e-01  7.92586058e-02
  -9.46992934e-02]
 [-4.48717326e-01  9.24745619e-01 -4.66094315e-01  3.91440168e-02
  -3.74281853e-02]
 [-4.17649359e-01  7.82455146e-01 -2.95627043e-02 -1.25414813e-02
  -2.94282645e-01]
 [ 4.20964837e-01  1.79668784e-01  3.33074421e-01 -4.78275269e-01
   3.53666484e-01]
 [ 3.42703789e-01 -3.90799064e-03  2.25741699e-01 -4.40966874e-01
   4.13091600e-01]
 [-5.97479343e-01  7.51794040e-01  1.75052777e-01  5.67049570e-02
  -2.24916205e-01]
 [ 5.25259078e-01  3.42210084e-01 -4.40020919e-01 -3.53412122e-01
   2.72053599e-01]
 [ 2.96731293e-01 -1.21642135e-01  3.73666435e-01 -9.17292833e-02
   1.43870622e-01]
 [ 2.60827756e+00 -1.06466496e+00 -1.75861903e-02 -2.57387221e-01
  -8.22693333e-02]]
Peso 2:
[-0.73249876  1.0015706  -0.01337634 -0.01187401 -0.06407561]
Camada: saida
Peso 1:
[[ 2.2191305  -1.9360837 ]
 [-1.7946687   0.9581981 ]
 [ 0.11973941  0.12122121]
 [ 0.6275654  -0.46641383]
 [ 0.9162804   0.6661174 ]]
Peso 2:
[-0.7175442   0.71754706]



pesos modelo: 
Test loss: 1.1714, Test accuracy: 0.7204
Camada: meio
Peso 1:
[[ 3.14787745e-01 -2.33481318e-01 -1.39220059e-02  6.81809187e-02
   4.47792411e-02]
 [ 4.07611370e-01  2.13451162e-01 -1.86139390e-01  2.86921263e-01
   9.68060549e-03]
 [-4.39082623e-01  2.39198972e-02 -2.59892881e-01  9.38823968e-02
   2.68514752e-01]
 [ 3.42826068e-01  1.34151410e-02  7.09434524e-02  2.26294398e-01
  -3.00524443e-01]
 [-2.97824532e-01 -2.42654368e-01 -4.23434049e-01 -1.93025556e-03
  -1.95177183e-01]
 [-4.11249995e-01  8.18162709e-02 -3.64313811e-01  1.91111237e-01
   6.88889325e-02]
 [ 1.12554930e-01  2.99599856e-01 -2.84521461e-01  3.94281328e-01
   2.13091969e-02]
 [-4.27477509e-01 -1.17024936e-01  3.85471970e-01  9.89736468e-02
  -8.94558281e-02]
 [ 1.73014939e-01  1.32582232e-01  1.67831823e-01  2.75813341e-01
  -4.46944088e-02]
 [-2.39887252e-01  3.37168783e-01  1.94229692e-01  4.07865494e-01
   2.02481017e-01]
 [ 4.62454766e-01  1.71340302e-01 -1.77059978e-01  2.78659552e-01
   5.31482846e-02]
 [ 2.48321727e-01  5.81573285e-02 -3.29775035e-01  1.80677265e-01
  -9.86610204e-02]
 [ 3.25505286e-01  3.89826685e-01 -4.09466028e-01  5.51257074e-01
  -3.40542167e-01]
 [-3.61607075e-01 -5.55561662e-01 -2.06037074e-01  8.70791554e-01
   3.81690919e-01]
 [ 3.55241209e-01 -2.20882535e-01 -8.42769220e-02  9.25978124e-01
   8.86736512e-02]
 [ 1.86958000e-01  2.87581980e-01  4.35389966e-01 -1.61710665e-01
   1.74280852e-02]
 [-2.51319170e-01  4.91241664e-01 -2.53309369e-01  1.50016928e-02
  -1.29593566e-01]
 [-3.47117752e-01 -4.06684875e-01 -2.84449663e-02  5.09689689e-01
   7.61501074e-01]
 [-4.61957157e-01  2.17944786e-01 -3.06466281e-01 -2.10600361e-01
   2.37051278e-01]
 [-1.04653589e-01  6.49560809e-01 -2.90671319e-01  3.74318622e-02
   4.75900948e-01]
 [-2.79443711e-01  1.89880383e+00 -4.00575250e-01 -2.02339101e+00
  -4.23016161e-01]]
Peso 2:
[ 0.09295517 -0.41130167 -0.03100457  1.2744237   0.38739237]
Camada: saida
Peso 1:
[[-0.6013674   0.00418126]
 [ 1.9890732  -1.1018181 ]
 [-0.3370389  -0.6260106 ]
 [-2.0605981   1.6540722 ]
 [-0.9630991   0.27754515]]
Peso 2:
[-0.13664079  0.1366404 ]
