


pesos modelo: 
Test loss: 0.0078, Test accuracy: 1.0000
Camada: meio
Peso 1:
[[ 0.22960234 -0.06866446 -0.16418734  0.10028845 -0.31112581 -0.09130019
  -0.2699496  -0.153644    0.42591375 -0.21440352 -0.3345286   0.3050871
   0.36808032  0.25349915 -0.22539958]
 [ 0.31367886  0.24463661 -0.10441258  0.31657547 -0.25968945 -0.23255368
   0.2587195   0.12292811 -0.4006112  -0.13383457  0.24371326  0.29256064
   0.34967506  0.4429619  -0.02958907]
 [-0.06475609 -0.06092837  0.2983433  -0.03461427  0.41870686 -0.01660053
   0.11694825 -0.20811695 -0.3205518  -0.3504297   0.37991017  0.01002596
   0.26747173 -0.30874243  0.41163346]
 [-0.2294265   0.08106898 -0.4433705   0.35129946  0.26134664  0.30120933
  -0.2831413   0.2669133  -0.03134047 -0.06549499  0.29263163  0.35211357
  -0.0239828  -0.03845447 -0.04461764]
 [-0.09009145  0.19266875 -0.44098195  0.02117558  0.39524922 -0.19232194
  -0.4058487  -0.21142025 -0.07842242 -0.13323176  0.29712194 -0.19488159
   0.08915009 -0.347379   -0.41687503]
 [-0.22720036  0.04628009 -0.15454252 -0.29921144  0.17199685 -0.24101755
  -0.30744502 -0.34808472 -0.4322706  -0.2488114   0.3062861   0.20625824
   0.09000839 -0.03223892 -0.3144152 ]
 [-0.10994469 -0.32794997  0.32656762  0.34571922 -0.259823   -0.4395811
   0.15071806  0.20817092 -0.3397114  -0.4287463   0.16663086  0.22867191
   0.28368542  0.04303829  0.0261393 ]
 [-0.05667127  0.0838913   0.05276392  0.04033916  0.12130134 -0.12464077
   0.10902292  0.12569723  0.28613454  0.11890654  0.12556162  0.07761838
  -0.0532912   0.05478207 -0.41262767]
 [ 0.35771662 -0.13886291  0.33575958 -0.14659637  0.31961635  0.04321393
  -0.312548    0.34830967  0.25818112  0.01840408  0.4257372   0.36840194
   0.32000032 -0.01531803  0.36367095]
 [-0.28191465  0.22260745  0.14198883 -0.2029704  -0.24633749 -0.27467096
   0.04865412  0.06250773 -0.42396897  0.21390969  0.15366358  0.13972153
   0.2357532   0.31001076 -0.40889674]
 [-0.34558475 -0.10662252  0.24056803 -0.32271126  0.01401016  0.00704481
  -0.39000404 -0.16157205  0.32362592  0.2915549   0.30074212 -0.00690668
   0.40652746 -0.03171613 -0.19843613]
 [-0.24390021 -0.21521474  0.0636789  -0.38912416 -0.00975512 -0.11186643
   0.13870959  0.16115369 -0.29769748 -0.31572333  0.1806619  -0.17965882
   0.31622303  0.18488058  0.23576245]
 [ 0.28916904  0.12284246 -0.1697546  -0.36093378  0.48379904 -0.15414414
   0.05152611 -0.16344    -0.31981173  0.1982102   0.25373083 -0.2102967
   0.05273351  0.418984    0.16837245]
 [-0.2733953   0.38925844 -0.3047772  -0.05672783 -0.4290146   0.12530726
  -0.19350193  0.47179797  0.38124993 -0.3905405   0.88273096  0.07211317
  -0.39186913  0.1552733  -0.42820454]
 [-0.03860439 -0.43041807  0.2720319   0.30985272  0.6619773   0.35369638
   0.1847691   0.18685152 -0.35226834 -0.3516411   0.05997546  0.18347487
   0.05227396 -0.40643093 -0.35317436]
 [ 0.26248327 -0.41095567 -0.3391998   0.05911657  1.0284632  -0.24675551
  -0.01738053 -0.21273704  0.12971234 -0.3899975  -2.5967135   0.9692125
   1.3637804  -0.19597393 -0.06455863]]
Peso 2:
[ 3.1980939e-02  6.3232034e-03 -2.8073132e-02 -5.4743271e-02
 -2.5283387e-02 -9.9202178e-02 -6.8015404e-02  4.5953011e-03
  7.3728652e-04 -1.5641794e-02  1.3100438e+00  9.6649015e-03
 -1.0891742e-01  5.3713124e-02  4.4370964e-02]
Camada: saida
Peso 1:
[[-0.06951484 -0.46033514]
 [-0.37143582 -0.22501336]
 [-0.0727401   0.48923063]
 [-0.02195576  0.16282344]
 [ 1.3399972  -0.25456092]
 [ 0.45678493  0.07946939]
 [-0.23276477 -0.00943892]
 [ 0.10690338  0.5499186 ]
 [-0.27416337 -0.20899943]
 [-0.11492188 -0.2552783 ]
 [-2.2272053   2.1775026 ]
 [ 0.8335293  -0.48612192]
 [ 0.71010864 -1.3776002 ]
 [ 0.10027415  0.44450763]
 [-0.44646236  0.03853718]]
Peso 2:
[-0.00892991  0.00893114]



pesos modelo: 
Test loss: 0.0077, Test accuracy: 1.0000
Camada: meio
Peso 1:
[[ 2.53320932e-01  3.77232850e-01  5.01971841e-02  1.87509656e-01
   1.17687106e-01  1.48036122e-01  3.24098170e-02  4.26484466e-01
   1.42730474e-02 -1.84280574e-02  3.03623199e-01  6.00275397e-03
   3.95850837e-01  1.44466162e-02 -2.34494194e-01]
 [ 3.24403346e-01  4.02350396e-01  2.48797610e-02  4.52211976e-01
  -4.10970032e-01  4.13029730e-01  2.40218192e-01  2.43944630e-01
   5.67470305e-02 -3.80295694e-01 -3.52239132e-01 -2.14222237e-01
   2.73409069e-01  2.68211007e-01 -1.08584225e-01]
 [-1.13466352e-01  3.66786458e-02  2.13643655e-01  3.24011117e-01
  -1.00229092e-01  2.24253945e-02  4.00247663e-01 -3.16727579e-01
  -1.37372315e-01 -3.35460603e-01  4.11600679e-01  1.30973443e-01
   1.09920643e-01 -5.41853607e-02 -2.18408585e-01]
 [-1.33202106e-01 -3.92560720e-01  1.22231647e-01 -1.24534197e-01
   2.00194180e-01  9.56886709e-02  3.82520616e-01 -7.55812004e-02
   1.04563095e-01 -3.89108658e-01  1.71037793e-01  8.47932100e-02
  -3.39936674e-01  2.82007083e-03 -2.81374872e-01]
 [-1.80879816e-01 -2.93782443e-01  4.76098925e-01 -8.91706161e-03
   3.49224836e-01  3.35678548e-01  1.28897756e-01  3.50788355e-01
   4.06481236e-01  3.10145169e-01 -6.97757825e-02  4.25080001e-01
   3.94722611e-01 -1.47960544e-01 -4.25500840e-01]
 [-2.32771516e-01 -3.21163774e-01  7.33592361e-02 -9.34734121e-02
  -3.60498816e-01  3.38619575e-02  3.01122814e-01  3.13407511e-01
   3.68894339e-01  3.00438970e-01 -1.05804302e-01 -7.43525252e-02
   2.02290073e-01 -2.47415438e-01  3.71156111e-02]
 [ 2.37051900e-02  3.72438341e-01  1.96623012e-01  8.15954357e-02
  -3.01386178e-01 -2.28411630e-02  1.06647342e-01  1.48051038e-01
   4.22174037e-01 -1.26417175e-01 -1.18470490e-01  2.96958447e-01
   3.58672559e-01 -1.40518188e-01  1.75926760e-01]
 [ 1.14524290e-01 -5.43280877e-02  2.35326782e-01  4.27164972e-01
   4.13026541e-01  2.43252888e-01 -3.37107658e-01 -3.18800181e-01
   4.57923442e-01  5.11282170e-03  6.99614501e-03  6.24591671e-02
   1.40495598e-01  2.58912176e-01 -3.69100928e-01]
 [ 3.03894192e-01 -4.24061641e-02  1.10482045e-01  2.77285606e-01
  -3.98291737e-01  1.05427867e-02  3.94903183e-01 -3.83585900e-01
   3.74708444e-01  3.73814702e-01 -1.33049950e-01  3.67278099e-01
   4.53260422e-01  2.73448288e-01  3.51723045e-01]
 [ 1.19158924e-01 -1.45541266e-01 -5.90619748e-04 -1.14284486e-01
   3.90880704e-01  3.21183383e-01 -1.58843666e-01  2.25396797e-01
  -3.46609622e-01  2.36069754e-01  2.39482924e-01  4.51651812e-01
  -3.28048557e-01  4.58256245e-01 -1.94925562e-01]
 [-1.56106785e-01 -4.04756993e-01  2.64081866e-01  1.96212515e-01
   7.08175078e-02  8.87692869e-02 -1.67182699e-01  7.32109398e-02
   7.41769522e-02 -3.94804597e-01  3.29233229e-01  3.73726219e-01
   1.95990056e-01  2.59409875e-01  4.15591329e-01]
 [ 4.45455462e-01  5.47720343e-02  2.80739993e-01  4.07334715e-01
   6.23780414e-02  4.86756921e-01 -6.06253631e-02 -3.96572202e-01
   2.04639718e-01 -7.71803111e-02  7.47433975e-02 -7.32315257e-02
  -3.65973622e-01 -8.12098980e-02 -1.08722903e-01]
 [ 2.63153970e-01 -1.91291824e-01  3.38628516e-02  9.73610729e-02
  -3.55867356e-01 -3.40087712e-02 -1.87960327e-01  3.36185902e-01
  -4.78568599e-02 -3.77705663e-01 -3.62258822e-01  3.31395984e-01
  -2.86610071e-02 -5.38029596e-02  1.53386310e-01]
 [-2.44501501e-01  2.72108763e-01 -5.54482579e-01  1.46521643e-01
  -4.13422078e-01  6.05963051e-01  2.37346351e-01 -1.98673487e-01
  -3.21261818e-04  8.95610377e-02  1.33460835e-01  6.55652940e-01
   1.39563441e-01  4.71172817e-02  3.06338698e-01]
 [ 1.61791176e-01  3.98951381e-01  6.94258809e-02 -7.26371557e-02
  -1.17779933e-01 -1.16232693e-01  6.45984262e-02  1.92723945e-02
  -1.22406110e-01 -1.60398796e-01 -2.52274960e-01  2.26174332e-02
   1.08151294e-01  1.64305627e-01 -3.31791669e-01]
 [ 1.00087440e+00  2.33384699e-01  2.24504471e+00 -1.12990320e+00
  -4.48192842e-03 -9.96973574e-01 -2.76756763e-01 -1.27919808e-01
  -5.44257879e-01  3.60927224e-01 -6.44386336e-02 -1.14789295e+00
   6.43577158e-01  7.70939350e-01 -2.83275932e-01]]
Peso 2:
[ 0.02098232 -0.00647307 -0.40811053  0.7840666  -0.02229993  0.56330955
  0.07429264  0.0232682   0.2187247   0.03986194  0.09695476  0.60906106
 -0.04326863 -0.02161334 -0.01232404]
Camada: saida
Peso 1:
[[ 0.68084806 -0.61795247]
 [ 0.40503207  0.35598078]
 [ 1.5909582  -1.7503436 ]
 [-1.099102    1.097646  ]
 [ 0.16605759 -0.02302032]
 [-0.49846622  1.2127582 ]
 [-0.60309714 -0.12976944]
 [-0.4576523   0.0804447 ]
 [-0.714535    0.4322708 ]
 [-0.02192069 -0.40356845]
 [-0.4532159   0.2984678 ]
 [-0.78402734  1.3001726 ]
 [ 0.7363789  -0.07868957]
 [ 0.31514686 -0.7354966 ]
 [-0.376443   -0.33016834]]
Peso 2:
[-0.3118738   0.31187537]



pesos modelo: 
Test loss: 0.0061, Test accuracy: 1.0000
Camada: meio
Peso 1:
[[ 3.79307806e-01 -2.32048050e-01 -3.12524408e-01 -3.77860665e-02
  -3.41346443e-01  1.15098834e-01 -2.78134286e-01 -3.24418843e-01
   3.37145269e-01  4.30884659e-02  7.92105794e-02 -1.23265982e-02
  -7.29360282e-02 -2.45622098e-01 -3.77425313e-01]
 [-3.91819090e-01  8.38386640e-02 -5.43895587e-02  2.96492755e-01
  -2.87211388e-01  2.49959052e-01 -4.28385586e-01 -3.60323414e-02
  -3.40177089e-01  5.97855262e-02 -8.00941437e-02  3.77644747e-02
  -2.68402755e-01 -3.01690042e-01  4.02873069e-01]
 [ 3.31385642e-01 -2.27407783e-01  4.01967824e-01  2.18668841e-02
  -1.87485591e-01  4.25888032e-01  9.97621268e-02  2.29902804e-01
   4.18296129e-01 -1.44184381e-01 -1.76702365e-01  3.35944816e-03
  -7.69301802e-02 -8.17294046e-02  4.30206239e-01]
 [-1.36456713e-01  1.95882823e-02  2.70646095e-01  1.17866755e-01
   8.20595920e-02  2.96222985e-01 -1.20321035e-01 -2.89978832e-01
   1.53999746e-01 -6.41160551e-03  7.01563805e-02 -1.16952471e-01
  -3.19320351e-01  2.09400281e-01  1.66473538e-01]
 [ 3.03932339e-01  4.23816144e-01 -3.76993895e-01  1.98641941e-01
  -3.68758440e-01  3.85588855e-01 -3.40944618e-01 -9.13985372e-02
  -3.64821285e-01  3.27311665e-01 -4.17908251e-01  1.26609430e-01
  -4.31079835e-01 -5.36131822e-02  2.91109174e-01]
 [-4.26736653e-01  1.84198529e-01 -1.86830580e-01  4.83562887e-01
   3.00489664e-01 -2.04316117e-02 -2.11332470e-01  3.63421142e-01
   2.59789824e-01  6.17064834e-02 -1.79772094e-01 -4.14791286e-01
  -3.31505015e-02 -1.32658318e-01  2.64686674e-01]
 [-2.29752436e-01  4.34230983e-01  3.47583860e-01  1.69662729e-01
   3.42988163e-01  2.49591395e-01 -3.74298185e-01 -2.92564452e-01
  -3.29471827e-01  2.19589517e-01  3.19866449e-01 -1.22714959e-01
   1.63429663e-01  1.81434393e-01  8.75241607e-02]
 [ 2.74694338e-02 -3.17316726e-02 -3.24682385e-01  8.81143585e-02
  -2.04868123e-01  3.10276568e-01  3.85867119e-01  4.08134192e-01
   1.80957064e-01  4.19834703e-01  5.50042801e-02 -3.50441337e-01
   1.32487342e-01  4.70299900e-01 -1.40177995e-01]
 [-1.02295056e-01 -3.83131385e-01 -3.18214983e-01  3.43886882e-01
  -1.14736920e-02 -2.17205733e-01 -4.30766851e-01 -1.25040859e-01
   1.78697243e-01 -3.96423824e-02  2.56120205e-01  1.34203345e-01
   1.02518417e-01 -7.14772716e-02 -1.28920928e-01]
 [-3.65645140e-01 -5.18525019e-02  1.36313245e-01  1.22051761e-01
   2.25642130e-01  5.57163715e-01  3.47404927e-01 -5.66598214e-03
  -4.48899895e-01  1.65803596e-01 -4.27510560e-01  1.94184765e-01
   2.99206942e-01  4.05055076e-01  3.02606523e-01]
 [-3.04757934e-02 -1.85233399e-01 -2.31496263e-02 -1.06941171e-01
  -4.02641803e-01  1.67984501e-01  3.97413462e-01  3.84823352e-01
  -3.74739975e-01 -2.25804433e-01  3.99030417e-01 -4.34784114e-01
  -4.24341202e-01  1.10379815e-01  4.89558838e-02]
 [ 2.63543516e-01 -4.04031843e-01 -1.13230355e-01  2.07612783e-01
   1.79852158e-01  2.13836089e-01  1.26271397e-01 -1.26672849e-01
  -9.67589989e-02  1.57530785e-01  1.39555275e-01  3.21385324e-01
  -2.16861337e-01  1.05861379e-02  7.80046508e-02]
 [ 3.87216717e-01 -1.27152845e-01 -1.68886468e-01  3.53357755e-02
  -3.60886484e-01  4.80667770e-01 -3.53541225e-01 -1.77867293e-01
   2.77535737e-01  1.69058353e-01 -4.00238112e-03 -2.75773108e-01
   1.43047690e-01  3.48858654e-01  1.89132661e-01]
 [ 4.02164310e-01 -1.30987391e-01 -4.04121846e-01  3.78178865e-01
   1.00292236e-01  6.75195336e-01 -2.04624772e-01  5.27604759e-01
   8.79320651e-02 -1.51553005e-01 -3.67958874e-01  1.34756723e-02
  -1.30800707e-02 -2.53271103e-01 -5.67966662e-02]
 [ 1.61582515e-01  2.70958841e-01  3.41609091e-01  1.76044196e-01
   2.16504142e-01 -9.26938057e-02  2.21974134e-01 -1.42115995e-01
   3.82585466e-01  5.07448852e-01 -1.99344128e-01 -4.97192562e-01
  -8.09456035e-02 -5.12805693e-02  7.03210011e-02]
 [-2.82348692e-01 -2.99926877e-01 -1.97110027e-01 -1.42167902e+00
  -1.51980168e-03 -1.80500031e+00 -2.85439849e-01 -7.10439123e-03
   2.50022680e-01  1.30678952e+00 -1.46271586e-01  2.40088046e-01
   2.09353730e-01  7.15063035e-01  1.96838498e+00]]
Peso 2:
[ 0.00432858  0.08259802 -0.00177755  0.6039388   0.00485188  0.92593056
 -0.06645454  0.03695786 -0.03427346 -0.186306    0.04327906  0.00746393
 -0.05994329  0.02369766 -0.24367835]
Camada: saida
Peso 1:
[[ 0.27695668  0.51302916]
 [-0.5885359   0.12672253]
 [ 0.05995835  0.0786645 ]
 [-1.1989855   1.1158724 ]
 [ 0.08843394  0.18000689]
 [-1.5184848   1.660178  ]
 [ 0.40298554  0.22679372]
 [-0.3839789   0.12273502]
 [-0.12367745 -0.18545163]
 [ 1.1072162  -0.735525  ]
 [ 0.23635608  0.5329673 ]
 [-0.4868465   0.55534196]
 [ 0.02907385  0.45280135]
 [ 0.44413793 -0.49414828]
 [ 1.2894543  -1.4408224 ]]
Peso 2:
[-0.21942201  0.21942353]



pesos modelo: 
Test loss: 0.0033, Test accuracy: 1.0000
Camada: meio
Peso 1:
[[ 1.53978765e-02 -2.89195597e-01 -1.57228827e-01  4.25144076e-01
  -2.03861326e-01 -2.08210707e-01 -1.60465628e-01 -4.30793554e-01
   8.92863870e-02 -2.56251991e-01  1.79934323e-01 -3.03169131e-01
  -7.44061768e-02 -3.43317091e-02  7.94565082e-02]
 [-8.27244744e-02 -3.31003009e-03  4.03431982e-01  4.55874912e-02
   2.83310175e-01 -2.30185375e-01  2.81950861e-01 -4.09569114e-01
  -1.16252586e-01 -1.20288692e-01  4.29986835e-01 -2.34946340e-01
   3.88943940e-01  3.31611007e-01 -9.70762745e-02]
 [-4.96469773e-02  3.18259187e-02 -1.23555206e-01  4.51571226e-01
   1.06079653e-01  2.22025767e-01  6.84122741e-02 -3.63391757e-01
   9.10700187e-02 -4.19077635e-01  2.66300291e-01  2.59162247e-01
   1.24203779e-01 -2.22870529e-01 -3.57600480e-01]
 [-2.62167543e-01  4.97512162e-01  2.31954008e-01  1.79784521e-01
   1.82132460e-02  3.06665361e-01 -2.62178123e-01  4.47560728e-01
   1.86278254e-01  2.34067425e-01  3.78872722e-01 -1.36107817e-01
  -1.41057342e-01 -9.48334113e-02  2.31261343e-01]
 [ 2.97273070e-01  2.50603240e-02 -3.07312667e-01  2.67548144e-01
   5.63774072e-02 -8.88415650e-02 -4.09469604e-01 -2.17632875e-01
   1.35998055e-01 -1.81347132e-01 -1.22588731e-01  4.16991413e-01
   1.51481271e-01  3.33414853e-01  1.90281466e-01]
 [-9.15022045e-02  3.05651546e-01 -4.12372023e-01  3.02834749e-01
  -2.29583398e-01  2.65931129e-01  2.18078479e-01 -4.13888603e-01
   1.04169279e-01  3.45037520e-01 -1.25386924e-01 -4.22232509e-01
   2.69085675e-01  3.21453214e-01  2.09923610e-01]
 [-2.82392167e-02  4.26327884e-01  3.91221531e-02 -2.25478083e-01
   4.48260665e-01 -2.06261620e-01  2.45974004e-01 -3.63984913e-01
   1.27476558e-01 -3.92012984e-01  2.52310872e-01  2.59604067e-01
   1.32822901e-01  3.52971077e-01  4.39777613e-01]
 [ 3.76687974e-01 -8.37718621e-02  3.80682260e-01  1.89657524e-01
  -3.22082818e-01  7.59902224e-02 -2.84119844e-01  9.92841870e-02
   2.10643679e-01 -1.63862184e-01 -8.14439729e-02 -2.32103020e-01
   4.57487911e-01 -7.60418549e-02 -2.67619401e-01]
 [-9.68408361e-02 -9.34962705e-02 -1.66190490e-01  4.10855502e-01
  -3.26545835e-01 -1.73209608e-02  1.24868505e-01  3.19450498e-01
   1.28248125e-01  4.12192978e-02 -8.39107186e-02  3.98340821e-01
   1.98886752e-01  2.65216619e-01  3.85459065e-01]
 [ 1.30584195e-01  1.87079646e-02  5.62973544e-02  4.01086919e-02
  -7.76917674e-04 -2.40021721e-01  4.94179502e-02 -4.43938859e-02
   7.11259395e-02 -3.04225802e-01 -8.10139179e-02 -7.57747367e-02
   2.17679277e-01  3.12543273e-01  4.41359192e-01]
 [ 3.41294818e-02  3.24285239e-01  3.91060561e-01 -2.59220839e-01
  -1.08260326e-01  3.98233265e-01 -2.59574920e-01  9.03654695e-02
  -1.58913825e-02  2.51301825e-01  1.90426677e-01  1.54098108e-01
   3.36286068e-01  2.13682204e-01 -1.32865161e-01]
 [ 3.67362946e-01  3.10935497e-01  1.12806939e-01 -3.12164761e-02
   1.52898788e-01  3.03724051e-01  5.97634837e-02 -2.05403924e-01
   2.80134708e-01 -3.81974995e-01 -4.19817358e-01  4.74463701e-01
   1.19357087e-01 -2.41752192e-01 -2.24300623e-01]
 [ 2.14148965e-02  2.05555573e-01 -2.57603705e-01 -1.56787500e-01
  -1.93930596e-01  3.17910224e-01 -3.37301165e-01  2.73704380e-01
  -1.68905705e-02  3.80960286e-01  7.63724223e-02 -3.83197695e-01
   3.54057908e-01  1.67293474e-01  1.74095809e-01]
 [ 5.67252517e-01  4.42270726e-01 -9.02717859e-02  6.08803034e-01
   4.42636199e-02  1.08226657e-01 -3.73848110e-01  4.16358858e-01
  -5.16568661e-01 -9.30377916e-02  6.56122863e-02 -3.79665881e-01
  -2.47007105e-02 -2.22431839e-01 -2.33561575e-01]
 [ 3.38452935e-01  2.26231396e-01 -2.56234780e-02  1.13664396e-01
  -2.28104919e-01  1.58967286e-01 -3.70331347e-01 -3.17441106e-01
   3.36502254e-01 -2.09948748e-01 -9.50973779e-02 -2.76744545e-01
  -4.64275748e-01  1.13037014e-02  9.01880041e-02]
 [-6.19367778e-01 -1.45746839e+00 -4.39155638e-01 -7.89557397e-01
   3.85247946e-01  4.90672827e-01  1.61217958e-01 -7.50168860e-02
   2.28272295e+00  1.77158684e-01  8.22342038e-02 -3.06645691e-01
  -9.51012373e-01  1.08707833e+00 -6.91925347e-01]]
Peso 2:
[ 0.33084115  0.70145136  0.13503407  0.48390368  0.02989201 -0.05501197
 -0.02076433  0.02727856 -0.24826859 -0.04410547  0.00298163  0.1609958
  0.43972427 -0.09544258  0.3845058 ]
Camada: saida
Peso 1:
[[-0.9301896   0.31152436]
 [-1.3923283   0.9607192 ]
 [ 0.06000633  0.54751974]
 [-0.5323721   1.0548459 ]
 [-0.07206642 -0.509745  ]
 [ 0.56940097 -0.026061  ]
 [-0.24432456  0.03658075]
 [-0.38401487 -0.18728359]
 [ 1.6090965  -1.7266076 ]
 [ 0.52734774  0.1180573 ]
 [-0.60733    -0.5688915 ]
 [-0.24505745  0.62661195]
 [-0.9991258   0.7188041 ]
 [ 0.30411774 -1.2307984 ]
 [-0.48238623  0.7863493 ]]
Peso 2:
[-0.24782301  0.24782467]



pesos modelo: 
Test loss: 0.0162, Test accuracy: 1.0000
Camada: meio
Peso 1:
[[ 0.2993973   0.3718474  -0.05088475 -0.15055928  0.38198334 -0.33711937
   0.08862972  0.33141714  0.27116466 -0.3652674  -0.18962687 -0.4234999
  -0.40228304  0.10832512  0.10612065]
 [ 0.20549005 -0.14794871 -0.30470696  0.20851476  0.13909684 -0.29284725
  -0.09440077 -0.09403581  0.24319217 -0.03220262 -0.33871153 -0.08651853
  -0.22046496 -0.14959355 -0.17073886]
 [-0.2181734   0.47301796 -0.02688171  0.17874561  0.04619348 -0.0594105
  -0.11718969 -0.2631457   0.20985807 -0.08706968  0.24378939  0.16991425
  -0.01535638 -0.4161305  -0.3534181 ]
 [-0.30997223 -0.27327093  0.27502984  0.46242785 -0.03182781 -0.05164351
   0.2307738  -0.15593694 -0.12677087  0.25808758 -0.17437337 -0.02099127
   0.38274002  0.27436772  0.04154903]
 [-0.14237496  0.10567499 -0.21581379 -0.14557165  0.11391695  0.06676181
  -0.2631635   0.2877698   0.18533945 -0.03173304  0.28122923  0.38917348
  -0.02989538 -0.41622505 -0.24530746]
 [ 0.22009578  0.3356881   0.16364783 -0.04610459  0.4479975  -0.4475054
   0.13334328 -0.05605125  0.17754208  0.14232542  0.11775751  0.15054975
   0.27871472 -0.16194128  0.37614304]
 [ 0.43815163 -0.17209494 -0.26355913  0.09795997  0.4660032   0.06204423
   0.16831283 -0.35809976  0.02396161  0.01458107 -0.2998761   0.08924822
  -0.33267072 -0.24291319 -0.06576537]
 [ 0.11983335 -0.3499466  -0.15358947  0.04623163  0.29147667 -0.00971202
   0.0147401   0.29057378  0.13790432  0.04259052  0.09327342 -0.47202688
   0.30555597 -0.39841253  0.03109275]
 [-0.26055548  0.04344908 -0.17028646  0.40337262  0.2754866   0.13979872
   0.48864177 -0.07543802 -0.00837275 -0.03310095 -0.12397671 -0.11954251
  -0.33783117 -0.24002948 -0.15578087]
 [-0.24505214  0.31694144 -0.01943125  0.41891897 -0.02384519 -0.24201494
   0.10696249  0.49643913  0.23690307 -0.45129636  0.34277314  0.1991222
   0.26457015 -0.10915326 -0.2995017 ]
 [ 0.34391809  0.4489407   0.06206884  0.6162264  -0.08566663  0.18780173
   0.31266478 -0.24894457 -0.09071287 -0.3515189   0.07301748  0.07411335
   0.00696694 -0.30711302  0.01945741]
 [-0.13047928  0.353603    0.3180328   0.01048452  0.10339813 -0.22787452
   0.19071062 -0.17865357 -0.11305998 -0.4581071  -0.24705091  0.09333169
   0.34511682  0.19477876  0.07824018]
 [ 0.04898014  0.06631106  0.09306384 -0.01761725  0.46626347 -0.01154812
   0.19335568 -0.41966423 -0.15928857 -0.3557636   0.43806556  0.07112902
   0.0223808   0.28118664 -0.15025724]
 [ 0.01175359 -0.2053699   0.13740578  0.484852    0.85033524 -0.39977863
  -0.38980842  0.13122654 -0.40184236  0.20958182 -0.16351268 -0.0228659
  -0.3503866   0.1498917  -0.14902098]
 [ 0.21593368  0.458391    0.41181055 -0.02179713 -0.05502383  0.14868936
   0.20003012  0.38311496  0.3744386   0.29311696  0.46290803  0.4367666
  -0.0485073  -0.22951698  0.22341096]
 [ 0.808923   -0.61697376  0.78695756 -1.151042   -1.2606971  -0.18029429
   1.8371754  -0.1993236   1.8489528   0.05077675  0.64108074  0.07550696
  -0.21588397 -0.16416097 -0.05081671]]
Peso 2:
[ 0.02625903  0.24947585  0.03683339  0.74598455  0.8825586  -0.1761336
 -0.24725698  0.25074765 -0.25453642 -0.1395628  -0.11510206 -0.11096365
  0.08332606 -0.09159043  0.04946415]
Camada: saida
Peso 1:
[[ 0.36101523 -0.35865337]
 [-0.9093523   0.13566451]
 [ 0.7647186  -0.00924158]
 [-0.9795128   1.0329545 ]
 [-1.3102084   1.2486637 ]
 [ 0.40094742 -0.07472177]
 [ 1.4489626  -1.1765617 ]
 [-0.45973867  0.6656646 ]
 [ 1.4615346  -0.9996413 ]
 [-0.00448531 -0.30878627]
 [ 0.2724317  -0.51897246]
 [ 0.04222339 -0.04466162]
 [ 0.16184351  0.65708256]
 [ 0.5636511  -0.52417886]
 [-0.6002853   0.17564546]]
Peso 2:
[-0.57039803  0.57040197]



pesos modelo: 
Test loss: 0.0037, Test accuracy: 1.0000
Camada: meio
Peso 1:
[[-6.05266690e-02  3.02208126e-01 -1.33955985e-01 -8.21135938e-02
   9.76204872e-04  3.54694426e-02  4.58218157e-02 -6.38149679e-02
   3.09253037e-02  4.23771679e-01  3.75648618e-01 -3.15238118e-01
  -3.35660279e-02  1.68757081e-01  9.12607312e-02]
 [-3.74905407e-01 -9.83619839e-02 -2.96158791e-01  3.51487488e-01
  -1.92604750e-01 -2.05288738e-01 -1.62976623e-01  6.08271509e-02
  -1.96508095e-01  2.99891949e-01  4.43985388e-02  3.96891087e-01
   2.90435165e-01  2.42025137e-01  3.17160308e-01]
 [-1.73169553e-01  2.52617449e-01 -3.13102454e-01  2.01010123e-01
   3.28478634e-01  5.77729419e-02  1.43935770e-01 -2.28629038e-01
   4.00228351e-01 -3.62823188e-01  2.95965374e-01  5.56821942e-01
   1.18120864e-01  3.34353626e-01 -2.15085283e-01]
 [-3.82500067e-02  4.27758843e-01 -3.21625531e-01 -4.73690890e-02
   1.05602697e-01 -3.37899715e-01  3.31653714e-01  4.18238007e-02
   8.84795114e-02  4.45798367e-01 -5.38133793e-02 -1.03516942e-02
  -5.77339381e-02  7.59736300e-02 -2.00526029e-01]
 [-4.40919101e-01  1.79892942e-01 -3.59224975e-02  1.41288728e-01
   2.23828420e-01  3.69460642e-01 -2.84607321e-01  2.22929701e-01
   2.25265673e-03  2.80187279e-01  1.35343835e-01  3.50624889e-01
   7.30853602e-02 -3.49454880e-01  3.06254238e-01]
 [ 1.92249596e-01  4.21590567e-01 -2.62134999e-01  1.70745477e-01
   1.39030129e-01  1.22956811e-02  9.60122272e-02 -3.61690193e-01
  -2.40349963e-01  1.53988853e-01  1.04032584e-01  2.42512330e-01
   9.19708610e-02 -2.17055783e-01 -1.76154956e-01]
 [-1.30840957e-01  1.63100630e-01  3.42332810e-01  5.68702854e-02
  -3.18681635e-02  1.91026926e-02 -2.74967223e-01 -2.81772614e-01
   4.72573191e-01 -1.54363513e-01  2.21757591e-01  3.15335035e-01
  -3.49540487e-02  3.55203539e-01  3.56992275e-01]
 [-3.72225761e-01 -2.51907349e-01  1.22536995e-01  4.18493241e-01
   8.91126599e-03  1.87801123e-01  3.97588998e-01 -1.43509358e-01
   1.15395233e-01  1.19542934e-01  2.68880218e-01  4.42612052e-01
   4.16710943e-01  1.81294113e-01  3.62752497e-01]
 [-2.50481129e-01  2.32812241e-01  3.52750458e-02  1.91485241e-01
  -4.00951039e-03 -3.93919051e-01  1.31330997e-01 -9.15174186e-02
  -1.88210234e-01  3.59148502e-01 -1.63267851e-01  4.70441520e-01
   3.09017926e-01  4.50437218e-01 -3.31500024e-01]
 [ 1.08836219e-01 -4.17376488e-01 -1.45092548e-03  3.51969339e-02
  -2.03060746e-01  2.45024621e-01 -1.94421392e-02 -3.35540436e-02
  -1.26267701e-01 -4.43325192e-01 -1.80370674e-01  3.75980556e-01
   1.72639042e-02 -4.41197783e-01 -1.25779510e-01]
 [-4.32662308e-01 -1.24176845e-01 -1.81905389e-01  1.04202487e-01
  -2.01574877e-01  4.42326635e-01  2.78548896e-01 -7.68672228e-02
  -2.05269679e-01  2.53980041e-01  4.26971555e-01  3.12427938e-01
   8.77628252e-02 -3.64990771e-01 -5.83314858e-02]
 [-7.09515736e-02 -2.76488602e-01 -4.42577824e-02  4.26551878e-01
  -7.55321756e-02 -4.00162488e-01  2.28628308e-01  2.93105185e-01
  -1.23968571e-01 -1.01246454e-01  5.31696640e-02 -6.96769580e-02
   8.49304274e-02 -7.82068819e-03  4.73027766e-01]
 [-2.54336791e-03 -1.70438960e-01 -2.79323906e-01  4.56287503e-01
   1.90111130e-01  4.37824845e-01  3.58234137e-01  5.00888983e-03
   1.41284779e-01  2.50770062e-01  2.67101415e-02 -1.26013160e-01
   1.98903352e-01  1.33756414e-01  2.23464772e-01]
 [ 1.54993478e-02  1.45128712e-01  2.24755690e-01  1.84189286e-02
   3.69921952e-01  2.99567312e-01 -1.07304052e-01  8.49522278e-02
  -3.29460800e-01  3.13441008e-01 -4.25539315e-01  4.91606623e-01
  -5.99089980e-01  5.64932644e-01 -1.98495537e-01]
 [ 3.08996946e-01  2.05454916e-01  4.27229822e-01 -2.20185202e-02
  -2.72128526e-02 -1.63655534e-01  3.97356689e-01  2.03702748e-02
   2.16359854e-01 -3.89840603e-01 -1.30051166e-01 -1.10150442e-01
   4.04336005e-01  2.78826803e-01  4.62030351e-01]
 [-3.13795835e-01 -1.11667193e-01  8.79803225e-02 -9.66763377e-01
   5.77179670e-01 -5.73815443e-02 -6.25212133e-01  2.11131573e-01
   6.81828976e-01 -2.18572721e-01  1.01113534e+00 -1.17312956e+00
   2.66880226e+00 -9.13945287e-02 -8.11492026e-01]]
Peso 2:
[-0.10689402  0.0548904  -0.00293118  0.46275803 -0.01511248  0.11441214
  0.31216863 -0.12047351  0.03857275  0.07960798 -0.04283696  0.6130269
 -0.47046065  0.14585274  0.28636432]
Camada: saida
Peso 1:
[[ 0.30710313 -0.16331612]
 [-0.09221114  0.3057756 ]
 [-0.05206858 -0.05981259]
 [-0.77397156  0.76721025]
 [ 0.5282611   0.23213196]
 [-0.32282713  0.41029388]
 [-0.3396646   0.81111705]
 [ 0.36055848 -0.47463754]
 [ 0.23959771 -0.52206975]
 [-0.16566975  0.3372475 ]
 [ 0.6090766  -0.61348605]
 [-0.7534928   1.3016187 ]
 [ 1.6534854  -2.1751273 ]
 [-0.2587572   0.35551396]
 [-0.28166983  0.74318755]]
Peso 2:
[-0.5404801   0.54048264]



pesos modelo: 
Test loss: 0.0040, Test accuracy: 1.0000
Camada: meio
Peso 1:
[[-9.76634026e-03 -3.53400350e-01 -1.42395049e-01  2.56642163e-01
  -4.35914189e-01  1.88789546e-01  2.59347737e-01  2.38544345e-02
  -9.47955549e-02  3.42461228e-01 -2.50863731e-02  1.58464968e-01
   3.03940296e-01 -3.29581559e-01 -2.18788356e-01]
 [ 3.21830302e-01  5.67403436e-02  1.69894882e-02 -2.95229077e-01
   1.01384588e-01 -4.63851355e-02 -1.24241106e-01  3.04596156e-01
   2.20364615e-01  4.36865658e-01  3.52483839e-02  1.76168054e-01
   2.94844061e-01  3.34057152e-01  3.16016823e-01]
 [-1.74979657e-01 -1.00304410e-01  2.12418184e-01 -2.28686705e-01
   3.81593376e-01 -3.00936699e-01 -2.26603225e-01 -7.85479769e-02
   7.26844296e-02 -1.65784404e-01  1.71513110e-01 -4.16474313e-01
  -8.42493773e-02  1.56829000e-01  3.28943193e-01]
 [-1.50094524e-01 -9.66344178e-02 -1.52917251e-01 -4.10661876e-01
   2.73248881e-01  4.35561478e-01  2.46738121e-01 -1.81276694e-01
   2.60206699e-01  2.44943142e-01  2.65497088e-01 -2.21081197e-01
   3.37849081e-01 -1.90120041e-02 -1.02125466e-01]
 [ 2.70229340e-01  6.60889447e-02 -3.80568206e-02  3.99333924e-01
   1.65219173e-01  4.14631695e-01  1.60310224e-01 -9.51488018e-02
   2.64512330e-01  1.71685204e-01  3.32179636e-01  2.47865096e-01
  -2.23335385e-01  3.53035659e-01  7.11041987e-02]
 [ 1.53803945e-01 -3.11409384e-01 -4.31051016e-01 -3.58575135e-01
   1.68755203e-01 -3.91086377e-02 -6.82945773e-02  4.21402097e-01
   4.08827513e-01  3.75945568e-01 -2.78898001e-01  2.84509063e-02
  -4.98333983e-02 -4.24213614e-03  3.11831176e-01]
 [ 1.17433622e-01 -1.67811208e-03  1.72149375e-01 -1.19143054e-01
   5.24829745e-01 -1.83787018e-01  2.18331993e-01  1.60354555e-01
   7.26320371e-02 -7.23896176e-02 -1.38570249e-01 -2.48043209e-01
   1.52247205e-01  3.88627231e-01  3.65919352e-01]
 [ 2.74623930e-01  1.23217970e-01 -1.03269368e-01  2.05094844e-01
  -3.76383811e-02  4.48057204e-01 -2.98771173e-01 -2.06361428e-01
   1.66805938e-01  2.21903592e-01 -3.64657104e-01 -1.84531003e-01
  -2.95130879e-01  3.49204391e-01  4.22291346e-02]
 [ 2.45173380e-01  2.57432997e-01 -3.72838113e-03 -2.79314630e-02
  -1.51665717e-01 -2.19976857e-01 -2.91381553e-02  4.46181029e-01
   9.76760983e-02 -1.93398863e-01 -2.84967959e-01 -3.75282168e-01
   3.79516423e-01  9.91152227e-02  3.40665519e-01]
 [-9.52387229e-02 -4.26070355e-02 -2.45259777e-01 -2.38775358e-01
   7.55615756e-02 -3.92398179e-01  2.73128629e-01  2.28864014e-01
   4.77543086e-01  1.28197506e-01 -2.75777459e-01 -2.50136495e-01
  -2.91686803e-01 -1.36868685e-01  3.95031273e-02]
 [ 1.98980700e-02 -7.09314570e-02  1.60948578e-02  2.93193728e-01
  -2.53391236e-01 -2.81129897e-01  2.29432642e-01  2.51448512e-01
   1.73339427e-01 -3.64216641e-02  1.79662406e-01 -2.96359479e-01
   2.57261664e-01 -2.58238375e-01 -1.79649219e-01]
 [-6.96850717e-02 -3.97993207e-01 -3.50943267e-01  3.12138259e-01
  -3.69337574e-02 -2.66744465e-01  2.54765660e-01 -1.65909141e-01
   2.73693800e-02 -2.59640425e-01 -3.15525919e-01 -5.13596311e-02
   2.61671007e-01  4.13792342e-01  6.41946867e-02]
 [-7.69932345e-02 -1.97947636e-01  1.89479455e-01 -2.69757122e-01
   5.05696416e-01 -2.99554586e-01  1.99750304e-01  1.29417209e-02
  -5.84468953e-02 -1.48002610e-01  1.87060311e-01  3.14668596e-01
   2.51334697e-01 -5.57157770e-02  6.30498827e-02]
 [-2.47607589e-01  5.86224049e-02 -2.85291255e-01  2.49829724e-01
   2.98904747e-01  2.15749964e-01 -3.56717438e-01  5.58880754e-02
   2.95189977e-01  1.89932391e-01 -3.08208838e-02  4.66699064e-01
   2.17333794e-01  5.26385307e-01 -6.65381253e-01]
 [-4.07339931e-01  9.48509946e-02 -2.42915243e-01  1.58285558e-01
  -1.78001687e-01  2.31893688e-01  5.20155251e-01  1.78732425e-01
   3.29666138e-01  2.32695550e-01 -3.44982505e-01  2.36712068e-01
   4.92672212e-02 -7.85926059e-02  3.20266306e-01]
 [-2.56355762e-01  1.09444723e-01 -2.78282106e-01 -2.76402026e-01
  -7.60018587e-01  5.60188174e-01  1.19554865e+00 -7.17230201e-01
  -1.68905079e+00  1.36130667e+00 -4.26573753e-02  1.65600464e-01
  -4.72936422e-01 -7.75783062e-01  1.85518980e+00]]
Peso 2:
[ 0.09658358 -0.00910189 -0.16632031  0.09664357  0.53894067  0.03592699
 -0.18505475  0.39359975  0.7629316   0.01742659 -0.16590461 -0.05760678
  0.24758415  0.49019694 -0.32432845]
Camada: saida
Peso 1:
[[-0.14260483  0.22517559]
 [ 0.37025607  0.29201636]
 [ 0.50308686 -0.0808495 ]
 [-0.12164879  0.24749464]
 [-0.38855398  1.0505719 ]
 [-0.16769531 -0.5077115 ]
 [ 0.70379555 -1.0140173 ]
 [-0.19436681  0.9740138 ]
 [-1.0392115   1.6751672 ]
 [ 0.40988338 -1.2028419 ]
 [ 0.13711022 -0.2984935 ]
 [-0.19108291  0.20064284]
 [-0.02949121  0.8305186 ]
 [-1.0988845   0.30363888]
 [ 1.2018651  -1.546234  ]]
Peso 2:
[-0.5190767  0.5190805]



pesos modelo: 
Test loss: 0.0106, Test accuracy: 1.0000
Camada: meio
Peso 1:
[[-0.24647035  0.16501999 -0.3294669   0.24540395 -0.00778779 -0.2454701
   0.3289923  -0.02406654  0.1093176   0.09272909 -0.2384327   0.2748809
  -0.30991003 -0.28204888  0.1630969 ]
 [-0.00184526  0.26331523 -0.19335102  0.05644865 -0.43373165 -0.06739143
   0.07676031  0.00678808  0.35659137  0.302984    0.42049715  0.16703418
   0.13566582 -0.08676404  0.12750556]
 [ 0.07753858  0.12509286  0.12744507  0.2767046   0.28337744  0.1156152
   0.18673919 -0.40453294 -0.3901415  -0.04511933 -0.06491025  0.2454109
   0.04881649 -0.15883063 -0.3300581 ]
 [ 0.24486646  0.18529807 -0.35458618  0.0039513  -0.3761325   0.05605387
   0.24234545 -0.11070333  0.2189259   0.10456573 -0.03794927 -0.05113676
   0.08576539 -0.01759884 -0.43436348]
 [ 0.4341447  -0.23210274  0.04250941  0.30400884  0.3607529   0.26983026
   0.2710417   0.21339422  0.44743907  0.2046016   0.44705486  0.30543518
   0.3706811   0.4205572   0.22439359]
 [-0.03351198 -0.2791501  -0.16968207 -0.28793043 -0.44670036  0.03090203
   0.15395649  0.00715269  0.09042069 -0.06747642  0.23537284  0.18401012
   0.19590232 -0.21767597 -0.10998699]
 [ 0.0916063  -0.25757787  0.00570046  0.01858496  0.05580465  0.25105983
   0.01060317 -0.21024835 -0.25631285 -0.14628482  0.34061924 -0.18291624
   0.2154019   0.49962804 -0.42857176]
 [-0.23087351 -0.4490589  -0.05984033 -0.16811915  0.02280835 -0.0920226
  -0.04674662 -0.04587761  0.02979136 -0.13279818 -0.18673116  0.23033187
   0.48229662 -0.22867608  0.2854734 ]
 [ 0.11934318 -0.18876527 -0.23137079 -0.14812298  0.12948066  0.03486079
   0.4637397   0.19724196  0.22195072  0.00712231  0.267952   -0.10165929
  -0.23481208  0.06859811 -0.14837983]
 [ 0.24115618  0.2742342  -0.17851001  0.3097792   0.25959918  0.26094115
   0.020432   -0.04029455 -0.1768173   0.46934268  0.45439628  0.16691995
   0.41515017  0.13729161  0.15288518]
 [-0.15661527  0.20769435 -0.32597467  0.18901987 -0.21436906  0.26098207
   0.25135034 -0.30495176 -0.29116786  0.14831099  0.04792875  0.29207486
   0.42010742 -0.127443    0.3686382 ]
 [-0.11893918 -0.18554008  0.06479219  0.35613632  0.37251338  0.012246
   0.3700585  -0.26323426 -0.21271574 -0.17818618 -0.24123597  0.08595313
  -0.03694822  0.19873953  0.33029073]
 [-0.32438153 -0.43305174  0.02651647  0.13654807 -0.42383122 -0.12507796
   0.40208432 -0.32762185  0.2930571   0.33653125  0.559904    0.2087969
   0.03862452  0.29483965 -0.13802595]
 [ 0.00888775  0.3118126   0.26400563  0.44801277  0.23465957 -0.16829537
   0.20732087 -0.20058279 -0.21163687 -0.11583026  0.45622015 -0.46375558
   0.5673081  -0.4737095   0.03119882]
 [ 0.47478452 -0.11585578  0.21814217  0.3395988   0.1366246   0.23581773
  -0.13676032 -0.2948867   0.34577504  0.09944507 -0.14252685  0.09242848
   0.05137318  0.44231442 -0.07971998]
 [-0.5806876   0.06266523 -0.34907353 -0.9675116  -0.05097604  1.4868312
  -0.95101416  0.03902449  0.49147704  1.3180715  -0.9080568   1.4443487
  -1.1285331   1.0327077   0.07580619]]
Peso 2:
[ 0.25924957 -0.12184685 -0.12755212  0.6094706  -0.07991475 -0.21969281
  0.44736034 -0.0317401  -0.02918967 -0.03949075  0.5420621  -0.28247705
  0.61258745 -0.06572734 -0.01948936]
Camada: saida
Peso 1:
[[-0.45802802  0.4700645 ]
 [ 0.14272647 -0.27811462]
 [ 0.36520982  0.01035835]
 [-1.1321784   0.5438699 ]
 [ 0.03473028 -0.09895438]
 [ 1.1213356  -1.1189715 ]
 [-0.42269963  1.2224717 ]
 [ 0.43128955 -0.15375581]
 [ 0.22200522 -0.2812003 ]
 [ 0.7786712  -0.902254  ]
 [-0.34657568  1.2967591 ]
 [ 1.1678603  -0.8199993 ]
 [-1.1902969   0.911876  ]
 [ 0.90510166 -0.5088939 ]
 [ 0.2552772   0.27442217]]
Peso 2:
[-0.4014354  0.4014369]



pesos modelo: 
Test loss: 0.0244, Test accuracy: 0.9974
Camada: meio
Peso 1:
[[-2.4258804e-01  2.0700622e-01  9.7330630e-02  2.7622861e-01
  -3.6662593e-01  1.2904108e-01  1.9736975e-01 -2.7393028e-01
   3.1207305e-01 -4.1867328e-01 -7.5987607e-02  1.7490280e-01
   1.9069469e-01 -1.8563151e-02  1.6869563e-01]
 [ 8.0950513e-02  7.2068587e-02 -4.0897149e-01  5.1933058e-02
  -4.7902323e-02  1.9455145e-01 -6.7712138e-03  1.8856485e-01
   1.6678344e-01  1.6749655e-01  3.3432528e-01  2.9224116e-01
  -1.9162714e-01  1.9294921e-01  2.5030920e-01]
 [-8.0234074e-04  2.9924726e-01  2.9267031e-01  1.9642927e-01
   2.5272211e-01  2.3038830e-01 -2.8626886e-01  2.3533109e-01
  -2.6766708e-01 -6.8202600e-02  1.9780922e-01  5.8334750e-01
  -6.3848473e-02 -9.8373666e-02 -3.4683380e-01]
 [-4.0431753e-01  4.2575490e-01  2.0103540e-01  3.7240806e-01
  -4.6072342e-03 -3.1237727e-01  1.3540912e-01 -3.9607918e-01
  -4.0411443e-01  3.5199365e-01  4.7537681e-01  2.2678284e-01
  -2.1470518e-01  9.6514761e-02 -3.9101231e-01]
 [-1.6917239e-01  2.8507075e-01  2.3187506e-01  2.6862574e-01
   8.4517650e-02  3.0795572e-02 -4.4521607e-02 -3.3698010e-01
   6.9543086e-02  4.9213758e-01 -1.7140329e-01 -2.3058899e-01
  -3.2536316e-01  1.3165009e-01 -1.7329924e-01]
 [ 1.2051764e-01 -3.0273253e-01  3.5229740e-01  7.6274477e-02
   7.8411266e-02 -2.3612677e-01 -5.3170763e-02 -1.7957191e-01
   2.1801721e-02 -8.4178425e-02 -2.2112705e-01 -1.8910043e-01
   4.1364786e-01  3.5218942e-01 -2.9405609e-01]
 [ 1.0853319e-02  1.2871781e-01  7.1239278e-02 -3.9801933e-02
  -1.4314155e-01 -4.2917854e-01  3.2054943e-01 -4.0823767e-01
  -4.2057988e-01 -2.7227280e-01  2.2231980e-01  1.0879649e-02
   4.2588866e-01  3.1701127e-01  4.5145217e-01]
 [ 3.3132514e-01 -1.8804516e-01 -8.1515633e-02  4.0357435e-01
   3.4742552e-01  3.4280026e-01 -2.4725825e-02 -1.4142381e-01
   1.7804916e-01  3.4666896e-01 -1.4591376e-01  2.9144105e-01
  -3.9327654e-01 -1.1310751e-01  6.5754615e-02]
 [-3.8422465e-01 -2.7801773e-01  2.9236609e-01  3.3753631e-01
   6.3888960e-02  2.4440117e-01 -1.0229646e-02  1.6179372e-01
   5.4528281e-02 -5.7478756e-02  1.7146361e-01 -2.3950229e-03
  -2.8087384e-01  2.0981278e-01  3.1389046e-01]
 [ 4.2176428e-01  1.2204279e-01  4.7183759e-03  4.0803558e-01
   2.2966792e-01 -1.1912066e-01  1.2555361e-01 -1.9273166e-01
  -1.8073930e-01  2.5888494e-01  1.7470016e-01  1.6253276e-01
  -1.3412419e-01  1.3425410e-01 -1.6555363e-01]
 [-4.4081096e-02 -8.0877608e-03  3.2432425e-01  2.1819866e-01
   2.2590125e-01 -2.4939367e-01  2.7534676e-01 -4.1279119e-01
  -9.1195829e-02 -9.1901489e-02 -3.5292020e-01  8.1765465e-02
   2.8150189e-01 -8.9170538e-02 -2.7232569e-01]
 [-3.7968010e-01  2.4047466e-01  3.0068153e-01  2.7089633e-02
  -1.5759555e-01  4.3236536e-01 -1.1393256e-01  2.2009777e-01
   1.7483795e-02 -2.4111463e-01  3.1276533e-01  3.4697559e-01
  -3.6579630e-01 -6.8456799e-02  3.2296395e-01]
 [ 3.2618538e-01  2.0956120e-01  3.6596647e-01  1.1540524e-01
   2.3295714e-01  2.2620401e-01 -3.0897418e-01 -1.2373959e-01
  -2.6014626e-01 -2.5969261e-01  1.9934160e-01  3.1088129e-01
   1.1961641e-01  1.6873440e-01 -1.8620867e-01]
 [-2.3496529e-01  3.3294874e-01 -6.0172848e-02  4.8564300e-01
  -4.2516893e-01 -4.0075982e-01  1.1676992e-01 -4.1477421e-01
   7.8819141e-02  2.6083505e-01 -1.5769157e-01  6.4246096e-02
  -3.0629042e-01  7.1333194e-01  1.0515234e-01]
 [-4.3421718e-01 -1.7799425e-01  3.1044641e-01  1.8900713e-01
   1.9030009e-01 -1.6279465e-01  2.7055112e-01 -1.9201800e-01
  -3.2814613e-01 -7.4794784e-02  4.5779386e-01 -1.5215734e-01
   2.5105891e-01  1.1577831e-01  1.7658684e-01]
 [-8.5074171e-02 -4.2352957e-01  4.7259793e-01 -1.7626181e+00
   1.9603407e+00  2.7697324e-03  4.0494442e-01 -3.2246894e-01
   3.0419496e-01  6.9457680e-01  1.4914057e+00 -8.6850762e-01
  -1.0937968e-01 -8.4730363e-01 -4.3495297e-01]]
Peso 2:
[ 8.01112428e-02  3.25096339e-01 -6.25575706e-02  8.80561948e-01
 -1.97697908e-01 -2.96916976e-03 -6.27263635e-02 -1.13657154e-01
  3.45030567e-04  1.03217021e-01 -2.27736607e-01  6.11810029e-01
  2.24209670e-02  4.93158728e-01  4.90395688e-02]
Camada: saida
Peso 1:
[[-0.36273906  0.19930409]
 [-0.7014153   0.16253719]
 [ 0.32064366 -0.08692925]
 [-1.5787338   1.2281035 ]
 [ 1.1135845  -1.6016003 ]
 [-0.10395292 -0.12831445]
 [ 0.43496966 -0.23306802]
 [ 0.5584523  -0.38495672]
 [ 0.00211838 -0.06124962]
 [ 0.35224885 -0.39005986]
 [ 0.9557431  -1.1401039 ]
 [-0.9215193   0.6997848 ]
 [-0.47425565 -0.26320326]
 [-0.80461395  0.857582  ]
 [ 0.13751034  0.4713799 ]]
Peso 2:
[-0.40781114  0.40781286]



pesos modelo: 
Test loss: 0.0033, Test accuracy: 1.0000
Camada: meio
Peso 1:
[[ 2.92523324e-01 -1.00337744e-01  3.58975232e-02 -3.17373693e-01
   6.47131801e-02  2.43799388e-01  5.03063202e-04 -1.53563321e-02
   4.29539084e-01 -9.16873515e-02 -2.88432240e-02  7.33443499e-02
   3.82053494e-01  3.74262154e-01 -4.01531607e-01]
 [-1.78171083e-01  2.07104072e-01 -2.80694515e-02 -3.29385966e-01
   1.67805448e-01  1.52964532e-01  1.31455943e-01 -1.92837849e-01
   1.23536788e-01 -1.34862185e-01 -1.17604397e-01 -1.91959456e-01
  -2.13389903e-01  4.19937909e-01  1.97863400e-01]
 [ 9.91973430e-02  3.07089090e-01  2.53928840e-01 -3.47556859e-01
   7.26792775e-03 -3.69406074e-01  3.75678450e-01  3.13708693e-01
   1.60556957e-01 -1.63882107e-01  2.75908768e-01 -3.64974111e-01
   2.11681083e-01  5.20868361e-01 -3.41594815e-01]
 [-1.44015223e-01 -9.21146050e-02  3.00444573e-01 -2.03860313e-01
  -3.36756930e-03 -3.74988467e-01  4.19084460e-01  2.96871632e-01
  -4.11608107e-02  2.25596040e-01  1.27332166e-01 -1.25386715e-02
  -2.04493180e-01 -6.48380518e-02 -9.52091068e-02]
 [ 2.45656759e-01 -3.30895215e-01  1.56882867e-01  1.02973156e-01
  -2.18116149e-01  3.94770503e-02 -4.86203358e-02  3.59276980e-02
  -5.02048172e-02  8.09659809e-02 -1.40574440e-01  1.68470275e-02
  -2.50352383e-01 -1.20252021e-01 -8.92014727e-02]
 [-3.14556658e-01 -1.46327198e-01 -3.08592618e-01 -3.13707501e-01
   4.23763633e-01  1.01946056e-01 -3.00619990e-01  4.51047301e-01
   3.28696147e-02 -5.50888442e-02  1.73858151e-01  3.39425027e-01
   2.50288576e-01  1.87056214e-01 -2.77208596e-01]
 [ 2.21208915e-01 -2.81682223e-01 -1.86340168e-01  5.30008636e-02
   1.98788658e-01 -4.04503077e-01  3.50929618e-01  2.26093933e-01
   3.53754073e-01  4.26914006e-01 -1.58251345e-01  1.34640574e-01
   1.14777572e-01  5.77697992e-01  1.57604758e-02]
 [ 3.52198094e-01 -1.22700281e-01  6.14588037e-02 -4.41501051e-01
  -1.18205689e-01 -3.75847101e-01 -2.01058537e-01  1.41906351e-01
   2.62799323e-01  1.47991683e-02 -1.26438394e-01 -1.38822973e-01
   3.94041955e-01  4.57394987e-01  5.73184434e-03]
 [-3.95272911e-01  6.78706765e-02  3.26216668e-01 -9.21335910e-03
   2.79896587e-01  3.01304996e-01 -1.82814702e-01 -2.57683694e-01
   4.01485234e-01  4.73750919e-01 -1.93732858e-01  2.18734860e-01
  -3.01342785e-01  1.50393778e-02  1.94722146e-01]
 [ 2.77027458e-01 -6.20702058e-02  4.86367345e-01  3.48328143e-01
   2.33074844e-01 -3.94731432e-01  3.55537474e-01 -3.80038172e-01
   1.40905783e-01  4.77975249e-01 -2.18066275e-01  1.89018816e-01
   9.32541415e-02  1.12917863e-01  2.17062756e-01]
 [-3.45963299e-01 -2.00997755e-01  1.95611835e-01  1.47216588e-01
  -2.67021209e-01  1.65150493e-01  2.73821890e-01  1.92260623e-01
   7.77472928e-02  3.28202218e-01  2.35211983e-01 -4.15568948e-01
   1.46259293e-01  1.47851482e-01 -2.27594703e-01]
 [ 7.99177811e-02 -9.30677652e-02  4.67717767e-01 -2.23775029e-01
   1.18356004e-01 -2.01644152e-01  9.42386687e-02  3.51990670e-01
   2.35926077e-01  1.41132295e-01  6.77127391e-02 -5.78430889e-04
   3.70581329e-01  2.98866928e-01  2.51993120e-01]
 [ 1.64632887e-01 -1.59710333e-01  1.39143199e-01 -1.25025034e-01
  -3.92898411e-01  2.88862735e-01  1.01974137e-01 -4.55228016e-02
   1.59131095e-01  9.97272506e-03 -2.11412519e-01 -2.49606073e-02
   8.16452950e-02  3.80290329e-01 -4.95445803e-02]
 [-4.05764580e-01  1.04553858e-02  4.16897207e-01  1.44042626e-01
  -1.52284950e-01  3.11736345e-01 -2.32839689e-01  4.68730241e-01
  -6.88865006e-01  2.56265461e-01 -1.57347023e-01 -6.36284798e-02
  -3.34110290e-01  4.34388705e-02 -4.18462425e-01]
 [ 3.17524403e-01  5.18658236e-02 -2.17990279e-01  5.77365905e-02
  -2.47576758e-01  4.24537927e-01  1.61512807e-01  1.43884644e-01
   1.79928198e-01  3.83934766e-01 -3.75469834e-01 -2.88948528e-02
   5.11660755e-01 -5.77198938e-02 -2.45979115e-01]
 [-2.67641038e-01 -7.85836652e-02 -5.89869142e-01  7.84021989e-02
  -2.70930350e-01  5.26768640e-02  1.19494808e+00 -2.81020612e-01
   2.24992537e+00 -1.15333569e+00 -4.21664715e-01 -3.26654553e-01
   8.89802575e-01 -1.60687923e+00  5.93711555e-01]]
Peso 2:
[-0.05218504  0.06418651  0.35904086 -0.03190153  0.1309719   0.0013431
 -0.12056259  0.12146633 -0.35256147  0.43514276 -0.21401839 -0.11102834
 -0.07654949  0.9256905   0.10036432]
Camada: saida
Peso 1:
[[-0.11610665  0.01886871]
 [-0.354658    0.60208005]
 [-0.99089086  0.25774613]
 [-0.4965169   0.12125402]
 [-0.659319   -0.19467704]
 [ 0.01461636  0.08938046]
 [ 0.64226687 -0.8799434 ]
 [ 0.06791802  0.6488705 ]
 [ 1.2412609  -1.8988222 ]
 [-1.3812541   0.34373635]
 [ 0.14737621 -0.46799433]
 [-0.28993595 -0.33256313]
 [ 0.90068626 -0.2620015 ]
 [-1.2843707   1.5256286 ]
 [ 0.41838345 -0.04883594]]
Peso 2:
[-0.43675172  0.43675452]



pesos modelo: 
Test loss: 0.0182, Test accuracy: 0.9999
Camada: meio
Peso 1:
[[ 7.86303282e-02  1.85645223e-02  4.22708750e-01 -2.36169174e-01
   1.23047650e-01 -1.95690170e-01 -3.94916505e-01  1.98290646e-02
   2.56203711e-01  1.08176291e-01 -1.38272852e-01 -2.99904883e-01
  -4.15541381e-01  1.33050501e-01  3.61485660e-01]
 [ 4.23291624e-01  3.29625368e-01  1.60769578e-02  4.79088604e-01
  -5.28812781e-03  1.04402862e-01 -1.39090285e-01 -2.11698219e-01
   4.06242043e-01  2.76446402e-01 -9.51511562e-02  4.10400450e-01
  -6.34785593e-02  1.99053705e-01 -1.63858756e-01]
 [-3.96317661e-01 -3.27238470e-01 -2.59323325e-02  2.48028338e-01
   1.01751208e-01  4.80462819e-01  2.25591913e-01 -6.11692071e-02
  -2.03401279e-02 -4.60427701e-02  3.28253925e-01 -1.09682336e-01
   8.29559639e-02 -2.41022441e-03  2.73733120e-02]
 [-8.26854259e-02  6.78737015e-02 -3.04668963e-01 -3.26290756e-01
   1.22534074e-01  5.29350519e-01  4.10064369e-01 -2.03156084e-01
  -3.39202195e-01  2.86565095e-01 -1.86036855e-01 -1.01681396e-01
  -6.44259108e-03  7.08534867e-02  6.43596649e-02]
 [ 3.89108121e-01 -6.43018037e-02 -1.11736789e-01 -3.39210987e-01
   8.72701854e-02  3.24138105e-01 -1.85603559e-01 -1.12259068e-01
  -1.30660832e-01  1.98413804e-01 -1.20347723e-01  2.69744366e-01
   1.60658941e-01 -1.24050174e-02 -1.65111154e-01]
 [-2.10083481e-02 -2.06718370e-01 -3.65866065e-01  2.55918819e-02
   2.79423207e-01  5.02314508e-01  1.17597328e-02 -3.37326199e-01
   3.48869771e-01 -1.04047023e-01  2.00705007e-01 -1.07939526e-01
   9.87050310e-02  2.32965961e-01 -2.27382541e-01]
 [-2.28091970e-01 -3.03158849e-01  3.74292314e-01  1.76096126e-01
   1.39439180e-01  4.37207490e-01  1.79913610e-01 -1.94900766e-01
  -3.70880425e-01 -1.64454758e-01  1.28652425e-02 -1.26927018e-01
  -7.27589801e-02  2.79082596e-01  1.47255668e-02]
 [-2.90902585e-01 -3.31088811e-01  1.39162675e-01  9.14499983e-02
   4.53065559e-02  2.91419834e-01 -3.00880849e-01  3.83504510e-01
  -2.06351563e-01 -1.24785036e-01  3.04175436e-01 -1.92309082e-01
   7.85992667e-02  1.72389790e-01  1.11008950e-01]
 [-3.21466103e-02 -2.35642105e-01 -1.84307154e-02  2.11601153e-01
   4.65632156e-02  4.00608450e-01  4.27271187e-01 -3.89371872e-01
   9.54851881e-02 -2.09933028e-01  3.06259114e-02 -2.13343158e-01
   2.15670288e-01 -6.19345531e-02  3.71394962e-01]
 [-1.89287383e-02  5.04460521e-02 -3.38741839e-01 -3.09233367e-01
  -2.40703210e-01  2.10257515e-01 -9.20024812e-02  2.90214606e-02
  -2.37012833e-01  1.83234047e-02  2.00937577e-02  2.75759518e-01
   2.02414215e-01 -2.13886797e-01  4.36679907e-02]
 [-4.13916141e-01  4.07739073e-01 -3.08447540e-01 -7.95814171e-02
   1.72923893e-01  1.61862820e-01  7.47536197e-02  2.75306463e-01
   5.06314099e-01  2.47735694e-01  4.19944860e-02  1.50100635e-02
   7.89297149e-02 -2.54674494e-01  2.61657298e-01]
 [ 2.72885352e-01  4.36450392e-01 -1.97817013e-01  2.49681138e-02
   1.05106570e-01  6.04702175e-01  1.87288284e-01 -3.86520058e-01
   1.31778315e-01  3.48939411e-02  3.12178612e-01  1.35108002e-03
   9.67190322e-03  1.86072275e-01  3.69869769e-01]
 [ 4.24522638e-01 -3.27775151e-01  4.81243074e-01  2.64509588e-01
  -1.09408014e-01 -6.46063611e-02 -2.11507574e-01 -3.03499758e-01
   4.65394437e-01 -1.04783863e-01 -1.93447962e-01  4.04582292e-01
   1.24639452e-01  7.59682478e-03 -9.24969930e-03]
 [ 1.14856914e-01  6.93105981e-02  4.47749227e-01  2.09255740e-01
  -3.69846791e-01  4.83174950e-01 -3.09001148e-01  3.57990980e-01
   4.06255424e-02 -4.59196419e-01  1.05648048e-01 -3.54437560e-01
  -4.95492637e-01 -3.62782508e-01 -1.41952708e-01]
 [-2.59659618e-01 -1.69974953e-01 -3.66572499e-01  2.92859167e-01
   5.82108572e-02  1.62140116e-01  4.61701214e-01 -2.88484599e-02
   2.88857609e-01  3.12207252e-01  1.98169291e-01 -4.96942624e-02
   6.05976731e-02  3.25552285e-01  2.68388465e-02]
 [-2.15041801e-01  2.55817890e-01  2.31175676e-01 -2.37582386e-01
   8.68118167e-01 -1.65086532e+00  1.20631182e+00  3.62987220e-01
   4.28119339e-02  6.94081426e-01  1.33514249e+00  9.15158391e-01
   1.25345922e+00  1.56272626e+00  4.51856017e-01]]
Peso 2:
[ 0.00896262  0.03336285  0.08689138  0.20426714 -0.08185706  1.1055692
 -0.1498725   0.03540225  0.11724928 -0.09623227 -0.12129185  0.022135
 -0.22033122 -0.15881887 -0.03967601]
Camada: saida
Peso 1:
[[ 0.2767202   0.49513507]
 [-0.24925907  0.12817872]
 [-0.5345824   0.09679095]
 [-0.20987843  0.49841136]
 [ 0.6762295  -0.5509936 ]
 [-1.7956603   1.2936776 ]
 [ 0.5256719  -1.1036284 ]
 [-0.44838822  0.06270146]
 [-0.22616115  0.25985602]
 [ 0.89304477  0.16848157]
 [ 0.98194766 -0.6971728 ]
 [ 0.66952133 -0.22391717]
 [ 1.0421579  -0.83220303]
 [ 1.2630007  -0.90051204]
 [ 0.46848294  0.12782249]]
Peso 2:
[-0.69566697  0.69566953]



pesos modelo: 
Test loss: 0.0067, Test accuracy: 1.0000
Camada: meio
Peso 1:
[[ 0.28638107 -0.10119626 -0.42177323  0.23540443 -0.40124232  0.18240899
   0.31582123 -0.02032635  0.21829486  0.15915763  0.2015168  -0.39289021
  -0.04499137 -0.06699964 -0.19593078]
 [ 0.22766165 -0.06326484  0.39612368  0.09024574  0.195772   -0.30109978
   0.18031096 -0.15140732 -0.04986529  0.14415231 -0.20364335 -0.09430556
   0.24750645 -0.1859304   0.3323312 ]
 [-0.27308095 -0.07697806  0.03426284 -0.10669134 -0.22605765  0.00466311
   0.36801362  0.24328735 -0.34112406  0.42538032 -0.2349613   0.29478708
  -0.37172395  0.414571   -0.13175647]
 [ 0.22009563  0.10405449  0.3803183  -0.21210112  0.46055558  0.0929627
  -0.05867994  0.33803788 -0.28442082  0.05494907 -0.09382837 -0.02647367
   0.13981709  0.07254412  0.10318431]
 [-0.05059065  0.16944915  0.09662095 -0.06737919 -0.24209723 -0.13156608
  -0.05631966  0.38538405  0.311882    0.37450597  0.05612138  0.4759086
   0.18195212 -0.24748327 -0.4014326 ]
 [ 0.16964096 -0.14210832 -0.0565081   0.2736385   0.06416785 -0.22170609
   0.4438662  -0.28170806  0.13675636  0.02497069  0.07786894  0.12561063
  -0.20532863  0.18489598  0.3668799 ]
 [-0.21171461 -0.0286801   0.5056407  -0.21746038  0.03853874  0.43107048
   0.30196422  0.13141434  0.21294515  0.20597042  0.14681385 -0.24042648
   0.20042232 -0.25859094  0.4273032 ]
 [-0.1847837   0.17927948 -0.0734405   0.21373129  0.11729114 -0.1423899
  -0.04315324 -0.03358927  0.17276347  0.01412048 -0.15033874  0.25664672
  -0.3583025   0.11979165 -0.09308651]
 [ 0.20124586  0.28874993  0.05532588  0.45213866 -0.17647935  0.32294124
   0.2141651  -0.32012436 -0.36037207  0.00726176 -0.30713713  0.47868887
  -0.03293547  0.21508493 -0.20619321]
 [ 0.42973045  0.47376353  0.43591306  0.22619265  0.27071917 -0.1760342
   0.1520535   0.26017395 -0.03017075  0.2992696  -0.37082952  0.03738984
   0.2293858  -0.17509821 -0.13502957]
 [ 0.19384181  0.42219737  0.39535776  0.30561283 -0.00751882 -0.16746917
  -0.0328592  -0.15722868  0.24977022  0.31953117 -0.17960829 -0.18524791
  -0.16635503  0.5156321   0.2031178 ]
 [ 0.31501222 -0.01971329  0.42728376  0.4380573   0.03036909  0.0738428
  -0.17296283 -0.32948086 -0.37145787 -0.15651882 -0.3861733   0.21240488
  -0.23913683 -0.0058661   0.10733113]
 [ 0.1368984  -0.07103726  0.06064466 -0.12881689  0.01090335  0.06892461
  -0.29904875 -0.00461416 -0.34022376 -0.16760631  0.1287403   0.42034867
  -0.31168002  0.06868912  0.18240559]
 [-0.14112653  0.5832192   0.6264511  -0.4214121  -0.21818279 -0.3797647
   0.4694747  -0.40856814  0.51761055 -0.02051467 -0.28979516  0.08402948
   0.28135413  0.48716554 -0.34832624]
 [-0.08869376 -0.37189782 -0.12662971 -0.08338133 -0.1234      0.5989338
   0.42735404  0.01781374  0.42194176  0.15542474 -0.14752293 -0.20873465
   0.11509091  0.05122149  0.320906  ]
 [ 0.7792605  -0.39204445 -1.517975    0.84936446  0.7728124   1.0484285
  -0.8604526  -0.26390064 -0.18480965  2.1252913   0.08606078 -0.8270824
   0.10849284 -0.40302694  0.27180177]]
Peso 2:
[-2.3222929e-02  2.8712618e-01  9.4301522e-01 -1.9163027e-04
  8.2084686e-02  9.9838667e-02  4.3417907e-01  7.8154057e-02
  1.1155971e-01 -2.5571233e-01 -4.4790069e-03  5.2011174e-01
 -1.5958894e-02  2.8243545e-01 -4.9777601e-02]
Camada: saida
Peso 1:
[[ 0.24028298 -0.6530769 ]
 [-0.58250755  0.5177359 ]
 [-1.6422999   1.1535429 ]
 [ 0.26775953 -0.7725216 ]
 [ 0.06446607 -0.64795613]
 [ 0.60322994 -0.7595554 ]
 [-0.83998406  0.84220225]
 [-0.20223324  0.42082238]
 [-0.5300717   0.5349281 ]
 [ 1.6169038  -1.3536572 ]
 [ 0.03537773 -0.42674887]
 [-0.8833616   0.6695028 ]
 [ 0.41199154  0.32757497]
 [-0.7754614   0.15138154]
 [-0.33388612 -0.5838907 ]]
Peso 2:
[-0.25567782  0.25567842]



pesos modelo: 
Test loss: 0.0024, Test accuracy: 1.0000
Camada: meio
Peso 1:
[[-0.22910808  0.25602353  0.3415385  -0.41803274  0.22872567 -0.04064336
  -0.21938811  0.01981303 -0.21481155 -0.36169705  0.27138472 -0.2647789
   0.04989994 -0.01342437 -0.06619105]
 [-0.02111085  0.38141048  0.22124425 -0.05893807  0.3342026  -0.24738881
   0.4449426   0.12591812  0.40126213  0.16312453  0.36369717  0.26800877
   0.14327599  0.20330164  0.04940724]
 [ 0.03747497  0.2971646   0.01390159  0.32344803 -0.22156164 -0.4379827
  -0.3926697  -0.38738656  0.4127868   0.09556194  0.4672006   0.13082874
  -0.03289432  0.08846294  0.31268656]
 [ 0.07837883  0.36143535  0.36405048  0.23870333 -0.14983413  0.03114051
  -0.42624295  0.15520968 -0.04384028  0.10878413 -0.26496056  0.23770332
   0.22943746 -0.1911591   0.42304394]
 [ 0.12240851 -0.11338048  0.24443924 -0.2003278   0.06606578 -0.12515822
  -0.4202868  -0.19004181  0.072943    0.00745624 -0.05798437 -0.01723955
   0.40461233  0.07070109  0.09715697]
 [ 0.04498293 -0.04822084 -0.32756191 -0.11013737 -0.13748379 -0.12263267
  -0.08781551 -0.32022575 -0.05065655  0.33385444  0.20524676  0.23030497
   0.31091204 -0.09488247  0.10647386]
 [ 0.40299374  0.10983308 -0.38717473  0.05755385 -0.01017527 -0.26123327
   0.3456543  -0.28625944  0.1858896  -0.13835369  0.07798856  0.07734752
  -0.13804445 -0.06796777  0.40966177]
 [-0.3006831  -0.17918065 -0.11296789  0.08864255 -0.4006441   0.14226702
  -0.01616811 -0.2584194   0.17457563  0.1781128  -0.04046032  0.30326506
   0.26599702  0.34710672 -0.3291765 ]
 [ 0.12997289 -0.07181442 -0.4535335   0.20733869  0.12632081  0.04973548
   0.36387333 -0.37081558  0.09078369 -0.07589702 -0.18364103  0.17820305
   0.29205298  0.10020997  0.08595144]
 [ 0.34948128 -0.05502654  0.45823053  0.21708292 -0.08374359  0.26346964
  -0.09977903 -0.04737839 -0.22794423  0.36755213 -0.10002774  0.3596193
   0.22489648  0.12265289 -0.38290384]
 [ 0.39575234  0.276078   -0.03198782 -0.3348279   0.08184362  0.11317421
   0.13743983 -0.3278357   0.21373093  0.339001   -0.1994288   0.48798275
  -0.21664023  0.12735121  0.21111482]
 [ 0.42323118  0.08537254  0.33025974 -0.05995271 -0.41433564 -0.0895728
  -0.10928827  0.44757846  0.41050065  0.21091223 -0.36632013  0.03888243
  -0.2680839   0.05244065  0.21422932]
 [-0.32595026  0.3254845   0.3350768   0.39317864 -0.23059502  0.09481611
  -0.19417888 -0.06271911 -0.10433833 -0.10707829  0.31266493  0.49971902
  -0.12099206  0.22924767 -0.10186191]
 [-0.33058283 -0.40432575  0.24469599  0.21567054 -0.02544426  0.17519902
   0.1102109  -0.00528583  0.26552793 -0.08584987 -0.10510221  0.63158476
   0.45215854 -0.06694185 -0.22868991]
 [-0.21167718  0.14818089 -0.05465084 -0.35031345  0.2261991  -0.34427622
  -0.1968766  -0.20893201  0.2838979  -0.12440921  0.35761753  0.00724945
  -0.37166187  0.50825465 -0.1269816 ]
 [-0.22583295  1.6642101  -0.25110668 -0.27116227 -0.18590114 -0.2566581
   0.07468896 -0.14673096 -1.0405269   0.9836355  -0.54800725 -1.6962706
  -0.16094995  1.828239   -0.1813597 ]]
Peso 2:
[ 0.04791486 -0.12098923  0.2227119   0.0310988  -0.01225857 -0.20447007
  0.03423373  0.03674434  0.51350033 -0.09361967  0.20784639  0.8525571
  0.06217006 -0.29215494  0.01968242]
Camada: saida
Peso 1:
[[-0.11939895  0.23149727]
 [ 1.3072671  -1.0667303 ]
 [-0.420663    0.64557976]
 [-0.23324952  0.05828745]
 [-0.02063993 -0.01051756]
 [ 0.31231144 -0.45216012]
 [-0.13693306  0.16808876]
 [-0.16621378  0.5698685 ]
 [-1.0492879   0.9052146 ]
 [ 1.0937262  -0.11045259]
 [-0.5009609   0.22698206]
 [-1.6167747   1.4269004 ]
 [-0.49353096 -0.00638098]
 [ 1.5904276  -0.89424926]
 [-0.1656002   0.04493952]]
Peso 2:
[-0.30729485  0.30729508]



pesos modelo: 
Test loss: 0.0709, Test accuracy: 0.9630
Camada: meio
Peso 1:
[[ 1.91625595e-01  3.16785157e-01 -4.37127888e-01 -3.91817302e-01
  -1.77401304e-03  3.49069297e-01 -4.29638505e-01  1.94495559e-01
  -2.31416717e-01  2.07908213e-01  3.46848488e-01  2.63298631e-01
   5.30113876e-02  3.78987849e-01  3.05009127e-01]
 [-3.70872796e-01  2.42166683e-01 -3.77730310e-01  3.50186825e-01
  -8.91336799e-02 -1.59415498e-01  2.34685808e-01  4.36790347e-01
   2.41568699e-01 -1.40652582e-01  2.89765298e-01  3.25395346e-01
  -3.10890764e-01  3.39722931e-02 -3.88853967e-01]
 [-2.33785778e-01  2.86742091e-01  1.16073035e-01  1.60369501e-01
   3.12493265e-01  4.45966154e-01  3.97180349e-01 -2.03121439e-01
   4.13161933e-01  1.38687760e-01  2.51701415e-01 -3.95485133e-01
  -2.63754636e-01  4.45339233e-01  2.00286746e-01]
 [ 1.99885458e-01  3.71484458e-01 -3.94394428e-01 -1.07219391e-01
  -1.51034430e-01  1.16420723e-01  3.03997427e-01 -2.92374700e-01
  -6.82651401e-02 -2.85777926e-01 -1.45160764e-01  1.68625191e-01
  -1.07773647e-01 -1.10403180e-01 -2.99024880e-01]
 [-1.27702340e-01  1.94512494e-02  1.39531091e-01 -7.51863420e-02
  -4.18220222e-01 -4.14582223e-01  1.34220952e-02 -1.71477776e-02
  -2.30502054e-01  3.49045396e-01  2.41176501e-01  1.64524183e-01
   6.01025037e-02 -2.97380507e-01 -4.16071326e-01]
 [ 8.96299407e-02  5.78523502e-02 -3.14769506e-01  3.81928682e-01
  -3.87663580e-02  2.41869554e-01  2.72306576e-02 -2.63821222e-02
   4.42641735e-01 -2.59563059e-01  1.60993502e-01  3.16590548e-01
   3.42829496e-01 -1.08600020e-01 -3.19718093e-01]
 [-1.10609345e-01  3.51540178e-01 -4.28189903e-01  4.45370339e-02
   1.48735896e-01  3.49589616e-01  2.44398385e-01  9.46325585e-02
  -1.59831211e-01 -3.45669061e-01 -1.26094267e-01 -8.76385197e-02
  -2.55602561e-02 -3.87414753e-01 -3.53024274e-01]
 [-5.74114434e-02 -2.90435757e-02 -4.11219180e-01  3.15781087e-01
   1.89048216e-01 -1.83728322e-01  1.20667711e-01  4.66446817e-01
  -1.79876924e-01  3.06584120e-01  1.71598315e-01  2.58682847e-01
   1.97046801e-01  3.59722644e-01  3.86187524e-01]
 [ 1.28316566e-01  4.36462879e-01 -2.58724421e-01 -1.50144070e-01
  -3.71406347e-01  3.32677484e-01  2.47896686e-01  1.90091133e-01
   3.31985444e-01  3.20687950e-01  1.34032786e-01 -2.14643016e-01
   3.51504683e-01  7.49329776e-02 -2.19997555e-01]
 [ 1.58681348e-01  4.20767255e-02 -2.14419082e-01  5.79508208e-03
   3.70077133e-01 -1.60405144e-01 -2.87794083e-01 -1.25266179e-01
   3.36261123e-01 -2.63643414e-01  1.37392640e-01 -3.82061481e-01
  -1.03364244e-01 -3.07450652e-01 -1.96005866e-01]
 [-3.63026887e-01  3.53616357e-01  1.38118103e-01 -8.92030448e-02
  -3.56800467e-01 -2.11120516e-01  3.83775115e-01 -2.52599061e-01
   1.18729204e-01  2.33503506e-01  1.91414028e-01  1.48295075e-01
  -1.10593922e-01 -4.71079955e-03  1.53801501e-01]
 [ 1.69285789e-01  1.66852146e-01  2.99050808e-01 -1.80572644e-01
   3.21816415e-01 -3.82445395e-01 -1.07102238e-01 -1.12436861e-02
   2.33504951e-01 -2.66230255e-01  1.44249901e-01 -4.11835551e-01
  -2.74115652e-01  4.29882795e-01  2.03869641e-01]
 [ 7.99740627e-02  1.16522409e-01 -1.23731665e-01  2.52006680e-01
  -1.45140707e-01  2.58503854e-01  4.49104279e-01  8.73146504e-02
  -1.00492008e-01  6.71837479e-02  3.08587760e-01  4.29901592e-02
  -1.50493737e-02  3.11936617e-01  1.04376562e-01]
 [-3.25052261e-01  6.72130823e-01 -2.40334421e-02  6.92667514e-02
  -3.23183894e-01 -9.17868018e-02 -2.66448051e-01  9.01699290e-02
  -4.26919848e-01 -3.87899846e-01  7.93515086e-01 -1.74113095e-01
   4.83061790e-01 -6.80305436e-02 -3.85795981e-01]
 [-2.77886420e-01  1.94173157e-01  1.07251965e-01  4.73462135e-01
  -1.06683329e-01 -3.53955179e-01  5.05027354e-01  4.97839183e-01
   4.07467604e-01 -3.86862189e-01 -2.07265958e-01  3.51227932e-02
   1.36976987e-01  2.91050822e-01 -5.56096584e-02]
 [-3.67040604e-01 -2.14219046e+00 -1.70385286e-01 -1.10811460e+00
  -1.13201007e-01 -1.79407805e-01  1.69809091e+00  6.36166573e-01
   9.70937312e-01 -1.41670078e-01 -8.60239327e-01 -3.90812337e-01
  -2.05802783e-01 -5.67230642e-01 -1.05770774e-01]]
Peso 2:
[-0.09734083  1.0657295  -0.01627774  0.4986018  -0.03078173  0.12003238
 -0.20060143  0.05832241 -0.03005785  0.02754559  0.39555684  0.05409723
  0.11810894  0.1287872   0.00421752]
Camada: saida
Peso 1:
[[ 4.7871418e-02 -1.9320539e-01]
 [-1.9147068e+00  1.6730214e+00]
 [ 4.8605493e-01  1.9750080e-01]
 [-5.7380551e-01  1.0588076e+00]
 [ 1.2885277e-01  5.1882523e-01]
 [ 8.6658970e-03  4.8335916e-01]
 [ 1.0332140e+00 -1.4913660e+00]
 [ 8.4373658e-04 -9.1549248e-01]
 [ 1.2029347e+00 -2.5191978e-01]
 [-5.5140257e-01  1.5801984e-01]
 [-8.9512599e-01  7.6680440e-01]
 [ 7.9742327e-02  3.7307754e-01]
 [-5.1434273e-01 -8.6690150e-02]
 [-5.6476635e-01  6.5617390e-02]
 [-1.2588914e-01  2.6143080e-02]]
Peso 2:
[ 0.04816202 -0.04815987]



pesos modelo: 
Test loss: 0.0038, Test accuracy: 1.0000
Camada: meio
Peso 1:
[[-1.71739757e-02  3.23951542e-01 -8.13387632e-02 -2.24916145e-01
   2.39080906e-01 -3.31434965e-01 -1.36869729e-01  4.04122472e-01
  -5.97214699e-03  2.08995402e-01 -1.52907044e-01 -5.14034331e-02
  -9.08245146e-02 -8.73724818e-02 -3.52793634e-01]
 [ 2.68257886e-01  3.39377634e-02 -1.83419749e-01  1.08947478e-01
   3.09088588e-01 -2.63690233e-01  3.36238295e-02  2.42403775e-01
  -1.51324973e-01 -4.35108334e-01  2.08009169e-01  2.57256359e-01
   2.81091899e-01  3.19845259e-01  3.82745922e-01]
 [ 3.59990716e-01  2.47562379e-01  2.67501593e-01 -1.90166652e-01
  -2.35853270e-01 -1.54334381e-01 -5.11415489e-02  2.17280760e-01
  -2.26904437e-01 -3.67411911e-01  4.13512766e-01 -8.25481191e-02
  -1.00995123e-01  3.77343833e-01  8.17378536e-02]
 [ 1.04034223e-01  3.02328795e-01 -1.17387213e-01  1.37668282e-01
   3.12171668e-01 -3.33974630e-01  4.05268997e-01 -5.98097779e-02
  -2.41874963e-01 -1.92042306e-01 -1.29267350e-01  3.92051458e-01
   7.73179531e-02 -3.49244535e-01 -1.26856685e-01]
 [ 3.50772560e-01  3.86339694e-01 -5.53564504e-02  6.04742719e-03
   2.71902114e-01  1.15535773e-01 -1.46835193e-01  4.24068451e-01
  -4.17628027e-02  2.41441026e-01  3.10354859e-01  1.50002271e-01
   2.49516532e-01 -3.69487017e-01  1.49091676e-01]
 [ 4.48457897e-01  2.65176326e-01  4.74764816e-02 -1.19049981e-01
   8.21673870e-02 -7.64757842e-02 -1.98100656e-01 -1.42228425e-01
  -1.29830554e-01  5.09137698e-02 -1.64075464e-01  3.26407731e-01
   2.10619777e-01  2.98455358e-01 -1.70503736e-01]
 [ 4.77503479e-01  6.70649558e-02 -3.49117182e-02 -1.97972029e-01
   2.04175979e-01 -1.07513502e-01  1.04994275e-01  3.94694775e-01
  -6.49808943e-02  1.84509352e-01  7.89600145e-03  3.37136924e-01
   2.23090351e-01 -3.91042501e-01 -2.28892967e-01]
 [ 3.37850720e-01  3.14460307e-01  1.19144656e-01  1.71462432e-01
   8.46778452e-02  4.10365224e-01  1.47454351e-01  3.98410141e-01
  -8.23872909e-02 -8.59073400e-02 -5.24163693e-02 -1.52031809e-01
   1.51523605e-01 -3.39877903e-01 -3.92125845e-02]
 [-9.36952159e-02  1.42308906e-01  4.57343221e-01 -2.44013533e-01
   3.88523847e-01 -1.47412270e-01 -2.20988572e-01 -1.34091228e-01
  -1.32573992e-01 -6.18037358e-02 -1.85123801e-01 -1.53161481e-01
  -5.93644800e-03  2.07990885e-01  1.81596592e-01]
 [ 2.10263744e-01 -2.80811429e-01  3.72191489e-01 -3.85566384e-01
   2.63697535e-01 -4.81846631e-02 -2.80779481e-01  1.90180928e-01
   1.40624225e-01 -2.58501977e-01 -3.40670377e-01 -1.90196022e-01
   1.79854572e-01 -4.31517482e-01 -3.17855090e-01]
 [ 7.80898631e-02 -1.25085488e-01 -1.34029493e-01 -3.42570096e-01
   3.85304809e-01 -2.47025222e-01  2.58723527e-01  1.71842143e-01
   8.96894038e-02  2.24233374e-01  3.08807492e-01  2.67695010e-01
   2.71199107e-01 -2.46492520e-01  2.51487821e-01]
 [-6.03237264e-02 -1.32792786e-01 -1.65872112e-01 -4.31332797e-01
   2.97672004e-01  5.31121418e-02  4.86114323e-01 -3.63624319e-02
  -9.64043140e-02 -1.09944418e-01  1.99809540e-02  8.30295309e-02
   1.40599594e-01 -3.86324346e-01  4.52716857e-01]
 [ 1.26482576e-01  2.30956793e-01  2.12567508e-01 -1.65046662e-01
  -1.95077866e-01 -4.27159071e-01  4.79337096e-01  1.84513599e-01
  -1.04898192e-01 -2.96927810e-01  1.37243757e-03 -1.67909265e-01
  -2.50375718e-01 -2.23882586e-01 -3.66265059e-01]
 [ 3.94894451e-01  1.57721862e-01 -2.41385758e-01 -3.07351172e-01
   4.98304218e-01 -3.55237663e-01 -2.44784534e-01 -4.88078833e-01
  -3.72492343e-01  9.88921374e-02 -3.15073244e-02 -2.43611068e-01
  -1.89474121e-01 -2.57052958e-01  2.46047437e-01]
 [-1.37917846e-02  9.36566368e-02  3.58258724e-01 -8.46323147e-02
   2.04224691e-01 -2.64055252e-01 -2.75017232e-01  3.83222513e-02
  -4.47061174e-02 -3.69798601e-01  3.31393987e-01  2.52865225e-01
   4.94564921e-01 -1.85265653e-02  2.82494456e-01]
 [-1.79201710e+00  4.07176465e-01  4.37951416e-01 -2.37417109e-02
  -1.58711278e+00  1.36073545e-01 -4.89278555e-01  8.93389702e-01
   6.68802261e-02 -2.05655366e-01 -5.05610883e-01  1.43891847e+00
   1.34070444e+00 -2.61462152e-01  2.78596938e-01]]
Peso 2:
[ 9.4163322e-01 -4.6993386e-02 -3.8013998e-02  5.0562676e-03
  7.1697092e-01 -5.6368939e-04  1.9321871e-01 -9.8107919e-02
  1.0983682e-03  1.0307635e-02  2.2906488e-01 -1.0063376e-02
 -2.0301633e-01 -3.1560156e-02 -2.0403037e-02]
Camada: saida
Peso 1:
[[-1.6845818   1.4133332 ]
 [-0.24360228 -0.7174162 ]
 [ 0.8536764   0.0557815 ]
 [ 0.18807505  0.5957262 ]
 [-1.3128437   1.3088543 ]
 [-0.08791123  0.21247637]
 [-0.36049223  0.319127  ]
 [ 0.878752   -0.59159106]
 [-0.35047236  0.35453817]
 [-0.43226656 -0.22351177]
 [-0.5903333   0.42077884]
 [ 1.110734   -0.72332716]
 [ 0.93086255 -1.0203646 ]
 [ 0.25060484  0.05707769]
 [ 0.4161506   0.09429479]]
Peso 2:
[-0.24620996  0.24621119]



pesos modelo: 
Test loss: 0.0046, Test accuracy: 1.0000
Camada: meio
Peso 1:
[[-1.61138386e-01  3.78698289e-01 -1.12922162e-01  4.34387922e-01
  -2.53643870e-01  2.69495606e-01 -4.16002274e-01 -4.28509891e-01
   1.11402273e-01  2.90880322e-01  6.23551011e-02  4.10315871e-01
   1.11153364e-01 -3.56251031e-01  1.99142396e-01]
 [ 2.87275404e-01 -1.89088941e-01  1.61691517e-01 -1.32515371e-01
   1.34971634e-01 -7.23045841e-02 -2.56753772e-01 -1.61248982e-01
   2.48496626e-02 -1.29169315e-01 -5.18020168e-02 -2.99288988e-01
   3.02481443e-01  1.09152067e-02  1.85746238e-01]
 [ 1.90774694e-01 -1.33758023e-01  3.32623035e-01 -1.54069229e-03
   3.92024994e-01 -1.64796889e-01  1.24032140e-01  4.56423610e-01
   2.43443474e-01 -8.40235094e-04 -3.30929965e-01 -1.30884387e-02
  -3.52818578e-01  3.15469682e-01  7.85727575e-02]
 [ 1.39778972e-01  1.82742104e-01 -2.16134399e-01  4.33628798e-01
   3.72759670e-01  9.70932022e-02 -2.04664052e-01  9.05475020e-02
   1.61077350e-01  2.92414457e-01 -1.97384313e-01  1.46164373e-01
   2.25218847e-01  1.34240642e-01  5.30841887e-01]
 [ 6.44296706e-02  1.60968721e-01  3.50431353e-02  3.82843077e-01
   9.58591551e-02  1.10077068e-01 -5.58986887e-02  2.66974062e-01
   5.42780384e-02 -1.08078241e-01 -4.02237207e-01  6.47976995e-02
  -2.45839044e-01  2.71880060e-01  5.40222883e-01]
 [-2.93314189e-01  2.86532585e-02 -1.39656654e-02  4.10224468e-01
   2.25618213e-01  9.22011808e-02 -2.79315948e-01  4.53042209e-01
   2.54610002e-01  2.70530850e-01  2.82745898e-01 -3.26656491e-01
  -1.78825006e-01  2.66872853e-01  1.06652237e-01]
 [-1.41598463e-01  1.73952103e-01 -2.25304291e-01  3.92250061e-01
   4.01612252e-01  2.80648500e-01 -4.73134995e-01  2.40754291e-01
  -1.78629696e-01 -4.18062136e-02  7.40239816e-03 -1.84396535e-01
   2.07870498e-01  7.82701299e-02  3.90048206e-01]
 [ 1.03844494e-01  2.47131214e-01 -2.06002787e-01  2.28141427e-01
   6.63248170e-03 -1.44832224e-01 -4.00041007e-02  1.38187543e-01
   3.65523040e-01  8.64213929e-02  3.01780701e-01 -1.47474661e-01
  -2.35395089e-01  2.80536097e-02  9.29121375e-02]
 [-1.55347183e-01  1.89280242e-01 -8.69977772e-02  1.16647840e-01
   2.17708766e-01 -9.89861339e-02  2.87381291e-01 -1.13852091e-01
   1.64716452e-01  1.88120395e-01  4.04564291e-01  5.57647720e-02
  -9.50922146e-02  5.84273785e-02  4.85039562e-01]
 [ 2.09334999e-01  1.25123009e-01 -2.01749161e-01  4.26076114e-01
  -3.59371662e-01  2.10539088e-01  1.85402587e-01 -1.66058645e-01
   3.98023635e-01  2.75242984e-01 -4.53225896e-02  1.06117420e-01
   3.18568230e-01 -2.84502655e-02  2.99697042e-01]
 [-3.17072362e-01 -2.13761348e-03 -9.52535197e-02 -1.41915353e-02
  -1.53788790e-01 -9.45314318e-02 -1.85710073e-01 -1.86885163e-01
   1.31820902e-01  2.00385928e-01 -3.59922469e-01  6.09182380e-02
  -5.39187808e-03 -5.65716717e-03  5.05275488e-01]
 [ 2.04183653e-01  1.67664319e-01  1.64538741e-01  3.35978359e-01
   1.47017777e-01 -3.61360348e-04  3.63398671e-01  4.24975485e-01
   4.18440163e-01  6.62337765e-02 -1.65517449e-01  1.54941246e-01
   6.76295236e-02  4.96283695e-02 -2.85436958e-01]
 [-3.85203570e-01 -1.31583735e-02  1.82459146e-01  2.08478883e-01
   3.17422986e-01 -2.50372648e-01 -9.55274925e-02 -1.72299400e-01
   2.81893134e-01  1.28898725e-01  4.07198399e-01 -1.66321605e-01
   6.14493974e-02 -2.71459930e-02 -1.47896022e-01]
 [ 5.22755571e-02 -2.68388897e-01 -3.14918280e-01 -9.68256965e-02
   5.18987358e-01 -1.88259527e-01  3.53988826e-01 -2.29618669e-01
   3.63398492e-01 -4.08723921e-01 -8.64274278e-02 -3.06695938e-01
  -4.32014346e-01 -5.22475898e-01  2.84949183e-01]
 [ 3.49147208e-02  2.33040437e-01 -2.96260566e-01 -7.95256421e-02
  -3.97364758e-02 -3.45378667e-01  2.34745055e-01  2.79998630e-01
  -2.92903464e-02 -8.53025075e-03 -2.03494251e-01 -7.38792047e-02
  -3.19389701e-01  3.60189646e-01  1.53273657e-01]
 [ 1.81819722e-01  1.44546032e+00 -3.63066882e-01 -4.10034329e-01
   1.15523757e-02  1.21436957e-02  1.62873089e-01 -8.63539577e-01
  -9.88320351e-01  1.01517630e+00 -1.15425818e-01 -3.59386712e-01
   1.90358743e-01  2.46238613e+00 -5.85994422e-01]]
Peso 2:
[-0.10821973 -0.23745218 -0.04957626  0.2172584   0.14172605 -0.14203505
 -0.03893432  0.54264075  0.6016903  -0.160191    0.1069193  -0.17915425
 -0.0247951  -0.3769763   0.5708949 ]
Camada: saida
Peso 1:
[[ 0.10088008 -0.31134123]
 [ 1.136941   -1.0499839 ]
 [ 0.3829799   0.30060127]
 [-0.24092698  0.49545854]
 [-0.1930062   0.28679362]
 [ 0.13213772 -0.3998396 ]
 [-0.11106472  0.17151898]
 [-0.93345684  0.59400433]
 [-1.0299934   0.74186325]
 [ 0.6928877  -0.65319586]
 [-0.19275704  0.47286308]
 [ 0.4728658  -0.30920523]
 [ 0.09239116 -0.09158255]
 [ 1.8115764  -1.7113308 ]
 [-0.7125617   0.9431757 ]]
Peso 2:
[-0.5756542   0.57565546]



pesos modelo: 
Test loss: 0.0027, Test accuracy: 1.0000
Camada: meio
Peso 1:
[[-3.84961784e-01  3.19114745e-01  3.61967683e-01  3.75060976e-01
   2.22907066e-01 -1.68282270e-01  3.45579386e-01 -1.58836573e-01
  -1.70587331e-01 -2.79201210e-01  2.83668041e-02 -3.51986945e-01
   2.65824139e-01 -4.73144054e-02 -3.97067994e-01]
 [-2.12049261e-01 -1.56576663e-01 -2.68760234e-01 -3.87992002e-02
   2.83103287e-01 -2.09628977e-02  3.63862157e-01  4.79219496e-01
  -6.21741600e-02 -3.28672796e-01 -1.88431159e-01 -7.86771849e-02
  -6.07608892e-02  2.09317073e-01  1.20752819e-01]
 [-9.93590150e-03  3.90550792e-01  3.49977762e-02  1.22515254e-01
  -3.49795520e-01 -2.60223866e-01  2.62876779e-01 -1.95647746e-01
   1.73445880e-01  9.05031338e-02  4.44230825e-01  1.48132518e-01
   2.48998225e-01  1.85229316e-01 -9.61459614e-03]
 [-2.22026005e-01  4.78174806e-01 -3.40364873e-01  2.60844640e-02
  -1.41714782e-01 -2.53559202e-01  3.48380595e-01  3.41007411e-01
  -9.23879594e-02 -1.80887535e-01  4.93299156e-01 -3.16602848e-02
   2.68431962e-01  1.60791930e-02  3.01023990e-01]
 [ 3.48061621e-02  3.44845265e-01 -2.47080728e-01  1.67918220e-01
   1.28855869e-01 -2.72924691e-01  1.89733684e-01 -2.60177463e-01
   3.83704662e-01  2.05573276e-01  4.79210258e-01  3.97440732e-01
   6.47261217e-02 -2.96113461e-01 -8.67972989e-03]
 [ 3.36321890e-01 -1.20487876e-01 -1.39506608e-01  1.69311896e-01
   2.56940991e-01 -1.17347881e-01  3.93919170e-01  4.45692509e-01
   1.38088465e-01  3.85235518e-01  6.55768067e-02  1.83870092e-01
  -8.79855156e-02  5.09915054e-02  2.68516093e-02]
 [-2.23935410e-01  5.78529062e-03 -3.25260162e-01 -4.72662821e-02
  -1.99307755e-01 -3.90861332e-01  4.12232846e-01 -1.12766549e-01
   1.55781195e-01 -3.35166186e-01 -5.13629317e-02  2.42337659e-02
  -1.27165154e-01  3.24866354e-01 -2.11111587e-02]
 [ 5.59849851e-02 -2.86878109e-01 -4.00826603e-01  1.50494035e-02
  -2.82832347e-02 -5.66379912e-02  2.33045474e-01 -1.98770508e-01
   4.48930621e-01  4.01610523e-01 -4.63493466e-02 -3.07974994e-01
  -4.45914268e-01  6.29946664e-02 -1.06904760e-01]
 [-1.57067433e-01 -5.92073277e-02  2.35634357e-01  1.38087243e-01
   1.37510270e-01 -2.72397250e-01  5.79513088e-02 -1.76474527e-01
   3.86788428e-01 -1.70299977e-01  1.51956275e-01 -3.03935319e-01
  -2.84687847e-01 -2.63944447e-01 -1.76534995e-01]
 [-1.65207386e-01  1.54276937e-01  3.61012727e-01 -3.83832585e-03
   4.07759577e-01 -5.97218312e-02  1.94800138e-01  4.54504848e-01
  -2.18087688e-01  2.91011538e-02  1.21407650e-01  2.63612658e-01
   1.37375817e-01  4.70317304e-01  3.18738848e-01]
 [ 1.77970037e-01 -2.65828282e-01 -9.04253051e-02  2.22858772e-01
  -1.72862202e-01 -6.06372068e-03 -1.35937124e-01  4.51688230e-01
   4.08748269e-01 -4.86074798e-02  4.01266336e-01  3.62082928e-01
  -2.39091739e-01 -3.87643948e-02  2.31070027e-01]
 [-3.00036371e-01  2.98857361e-01  4.50305939e-01  9.45948064e-02
   2.64315426e-01  3.83476496e-01 -3.66700113e-01  1.05498657e-01
   7.38508301e-03  2.98461746e-02  4.28304464e-01 -7.34408572e-02
   1.97341219e-01  3.13175440e-01  2.30310768e-01]
 [-1.46747023e-01 -1.96687076e-02 -2.06643015e-01  1.69526383e-01
   6.17779829e-02 -2.86565155e-01 -3.32133844e-02  1.03539594e-01
   4.48526889e-01 -3.34973663e-01 -1.31051734e-01 -2.76238292e-01
   2.44632244e-01 -2.07494676e-01 -1.03118308e-01]
 [-1.34815514e-01 -8.39582235e-02  2.41400793e-01 -2.97955364e-01
  -2.71034658e-01  1.68528393e-01  1.70732871e-01  7.63890803e-01
   2.03468084e-01  2.05743790e-01 -4.63577099e-02  3.95476878e-01
  -3.18163097e-01  2.82412469e-01 -4.42745328e-01]
 [ 1.43482983e-01 -3.53686780e-01  2.86366731e-01  3.64038765e-01
   1.90961406e-01  2.73545623e-01  1.63505703e-01  2.51811266e-01
   3.96070778e-01  6.42700046e-02 -1.20786980e-01 -4.59382176e-01
  -3.16299349e-01  2.22970158e-01  4.35466141e-01]
 [-4.18646276e-01 -3.24275821e-01  1.45511643e-03  2.30423045e+00
  -4.49018151e-01  1.70654431e-01  2.92938858e-01 -6.28540397e-01
  -1.21783137e+00  1.17622711e-01 -8.31851840e-01  2.49001145e-01
   1.26035944e-01 -4.69986528e-01  1.75995958e+00]]
Peso 2:
[-0.04487573  0.32060036  0.03644769 -0.37124377  0.17141637 -0.00447891
 -0.01973631  0.47975114  0.57184637 -0.0725332   0.45046917  0.02798349
 -0.00888469  0.31489822 -0.21871075]
Camada: saida
Peso 1:
[[ 0.39128032  0.33337867]
 [-0.49100986  0.58570415]
 [ 0.16801852  0.4094511 ]
 [ 1.6506228  -1.7061033 ]
 [ 0.15411426  0.76792514]
 [-0.2200273  -0.358371  ]
 [ 0.12686558  0.09091587]
 [-1.1106838   0.46261546]
 [-1.1810911   0.8713479 ]
 [ 0.21787007 -0.01686399]
 [-1.1539193   0.14446677]
 [-0.43822134 -0.16276224]
 [-0.21269493 -0.0414706 ]
 [-0.17092751  0.81103975]
 [ 1.3067894  -1.1435363 ]]
Peso 2:
[-0.5589727  0.5589744]



pesos modelo: 
Test loss: 0.0060, Test accuracy: 1.0000
Camada: meio
Peso 1:
[[ 1.85160160e-01 -8.43949616e-02 -6.68599308e-02 -2.29984641e-01
  -4.14698988e-01  2.93063283e-01 -3.64545763e-01 -4.01616096e-04
  -2.49798089e-01  2.09859371e-01  3.30369592e-01 -2.38197237e-01
  -1.15446448e-01  7.42611289e-03 -2.83787131e-01]
 [ 9.75222364e-02  4.63761985e-01 -9.68632996e-02  2.00329587e-01
  -4.04411890e-02 -1.14201084e-01 -2.35405006e-02  3.67100835e-01
   1.56853095e-01  2.88696587e-01  4.28060815e-03  3.21377516e-01
   3.55652392e-01  2.89845109e-01 -2.75588691e-01]
 [-5.23806587e-02  1.55355245e-01  1.83072031e-01 -3.24639902e-02
  -1.69127092e-01  8.21701363e-02 -4.07942571e-02  1.80454656e-01
   1.76513083e-02  1.84185892e-01  3.00566345e-01 -1.15406133e-01
  -1.36423990e-01  2.95530498e-01 -2.99424469e-01]
 [-1.36504576e-01  1.16902545e-01 -4.19412464e-01  3.98194581e-01
  -2.15764940e-01  9.73402336e-02  4.21367645e-01  3.23967755e-01
   1.82539314e-01  2.39224941e-01 -3.39980900e-01  2.57320881e-01
  -9.68155414e-02  4.37844217e-01  2.85189301e-01]
 [-4.11538631e-01  5.36323637e-02  2.96073258e-01  2.94951051e-01
   2.92743862e-01  2.44891778e-01  1.35681704e-01  4.20332581e-01
   2.66791314e-01 -9.48635414e-02  1.13232508e-01 -5.18400222e-02
   2.92919785e-01  4.16647732e-01 -2.73198962e-01]
 [ 3.26360703e-01  7.02383667e-02 -3.71428043e-01  8.62942114e-02
   3.04504544e-01 -2.60767341e-01  2.87351996e-01  3.47079299e-02
   2.07733586e-01  3.37532274e-02 -2.04827055e-01  3.28822657e-02
  -2.01910838e-01 -6.68364018e-02  3.35187227e-01]
 [ 1.88345417e-01  4.03403670e-01 -2.36621246e-01  3.52281332e-01
  -3.52814645e-01 -1.80435583e-01  1.88526243e-01  3.27888817e-01
  -3.24462056e-01  2.90120661e-01 -4.25618589e-01  2.93963611e-01
   3.30893427e-01  1.31580353e-01 -1.68376476e-01]
 [-2.37567067e-01  4.08980221e-01  1.86861187e-01  3.42342883e-01
  -3.96921396e-01 -5.84315471e-02  4.60551530e-01  2.81549215e-01
  -2.21520558e-01 -1.99087739e-01  2.35550836e-01  8.26325938e-02
   1.43860638e-01 -3.20906878e-01  2.02843621e-01]
 [-3.57444763e-01 -2.72045583e-01 -3.78965378e-01  2.39534434e-02
   3.44776511e-01 -1.94717243e-01  4.39522445e-01 -1.31782353e-01
  -4.02030110e-01 -9.19071510e-02 -8.29447806e-02  2.72568107e-01
   3.44903059e-02 -1.69468671e-01  4.41239834e-01]
 [-2.07388923e-01 -6.93189204e-02 -1.60396263e-01 -1.59055501e-01
  -1.80073589e-01  3.15479338e-01  2.64245331e-01 -3.29042226e-01
   1.01677597e-01 -2.98128389e-02  6.53567687e-02  2.78256565e-01
   9.82724056e-02 -2.65694439e-01 -2.78336972e-01]
 [ 2.55869269e-01 -1.23455264e-01 -3.64849746e-01  3.30734476e-02
   6.81377873e-02  1.33388147e-01  2.26692781e-01 -2.73028821e-01
   9.83930156e-02  3.85050148e-01 -4.09773260e-01  3.55580598e-01
   1.53144836e-01 -7.80320540e-02 -3.23757440e-01]
 [-1.69494629e-01  9.66041014e-02  3.77817303e-01 -3.95059139e-02
   1.09957187e-02 -1.80975229e-01  2.52480417e-01  1.71634465e-01
   1.98254079e-01 -1.62701756e-01 -3.38404298e-01  2.04393625e-01
   7.20059918e-03 -1.85488313e-02 -4.07216579e-01]
 [-3.56730163e-01 -2.00227629e-02 -6.45227432e-02 -1.14691123e-01
  -7.16710687e-02  1.67755097e-01 -1.24187782e-01  6.08598031e-02
  -1.07345037e-01  1.31356001e-01 -6.58616051e-02 -2.17755631e-01
  -1.36499345e-01  2.69540995e-01  1.26534238e-01]
 [-2.48600215e-01  4.26884949e-01 -2.21224934e-01 -3.74270260e-01
  -4.90177050e-02  2.04387158e-01  6.76742911e-01 -1.77662611e-01
  -4.02074099e-01  4.66820180e-01 -2.40000933e-01 -1.65678486e-01
   1.62039727e-01 -2.43765041e-01 -3.15097958e-01]
 [ 4.47726786e-01 -1.69689044e-01  2.60064512e-01  4.70836312e-01
  -3.45390111e-01 -3.50186259e-01  3.02648917e-02 -2.99505621e-01
  -4.16143596e-01 -2.11437702e-01 -1.81804165e-01  8.47186595e-02
   4.70021397e-01 -1.34338990e-01 -4.19495434e-01]
 [-1.34842560e-01 -4.24934059e-01  2.65585557e-02  2.23998904e+00
  -2.71049470e-01 -1.95061248e-02 -1.79055810e+00 -5.64319611e-01
  -1.47764310e-01 -4.25701857e-01  1.03250451e-01  1.15448642e+00
  -9.96574402e-01 -3.62668455e-01 -2.09706426e-01]]
Peso 2:
[ 0.06618158  0.17316245 -0.02908834 -0.23056264 -0.08649247 -0.0367576
  0.9882778   0.3109057  -0.04413834  0.35726893 -0.00391031 -0.15740909
  0.48166186  0.14795232  0.01010243]
Camada: saida
Peso 1:
[[-0.29919216  0.13882817]
 [-0.02917872  0.680781  ]
 [ 0.30346638 -0.1055078 ]
 [ 1.2685407  -1.8577794 ]
 [ 0.39192295  0.17389299]
 [ 0.44337532  0.41788164]
 [-1.5256478   1.5861934 ]
 [-0.63468     0.29081592]
 [ 0.27360693  0.23554783]
 [-0.5217836   0.69217193]
 [-0.05766433 -0.19717404]
 [ 1.1520826  -0.45388857]
 [-0.87604004  0.744423  ]
 [-0.27689373  0.591216  ]
 [-0.5413554  -0.4291831 ]]
Peso 2:
[-0.23007351  0.2300751 ]



pesos modelo: 
Test loss: 0.0051, Test accuracy: 1.0000
Camada: meio
Peso 1:
[[ 0.07307845 -0.07506132  0.29229695 -0.12856054  0.28517103  0.38860148
   0.22322303  0.24881077 -0.29227504  0.39604092  0.21408212  0.2857896
   0.2770428   0.12714046 -0.3171811 ]
 [ 0.35849544 -0.01505009 -0.07084969 -0.22622578  0.34792128 -0.18797278
  -0.02563619  0.08425109  0.33497855  0.12626381 -0.354315   -0.2119446
   0.52679306  0.23199299  0.08434792]
 [-0.18908796 -0.14328903 -0.2242876  -0.03468647 -0.35911402 -0.3270398
  -0.37549275  0.29310703  0.33103305  0.02063834  0.22222723 -0.10919422
   0.10885454  0.28221643 -0.00733067]
 [-0.03234164  0.17187463 -0.28749955 -0.02249189 -0.41569826  0.3077171
  -0.4178951  -0.19474572  0.17116629 -0.24046329  0.0532176   0.03629959
   0.34576347 -0.1582851   0.5466067 ]
 [-0.14967729  0.11477572 -0.32650223  0.2818679  -0.35430387 -0.2573449
   0.21347502  0.5930314   0.08285591  0.10395846 -0.4147578  -0.14932644
   0.31891432  0.25561085 -0.0484398 ]
 [ 0.3255209   0.34079385 -0.01593012 -0.0794635   0.41779095  0.12184599
   0.03175855 -0.00708978  0.2781637  -0.07211679 -0.18452352 -0.38958052
   0.26788074 -0.35051998  0.30789274]
 [ 0.41949415  0.10469019  0.19963348  0.23729569  0.00413057 -0.40122533
  -0.25599444  0.06534842  0.05111375 -0.28271455 -0.40535578  0.1735157
   0.32636186 -0.14601405 -0.06619462]
 [ 0.1083037   0.33670813 -0.34524995 -0.08106956 -0.3692887  -0.32876614
   0.18350565 -0.18979089  0.11232797  0.3650279   0.23909827 -0.00939196
  -0.19386561 -0.42501673  0.10335627]
 [ 0.3990674   0.41213757  0.11179596  0.22079563  0.23111868 -0.28625104
  -0.10262558  0.21010305  0.04767889 -0.3583157  -0.01683639  0.36132866
   0.00588081 -0.3377728  -0.01540096]
 [ 0.19838731  0.09172132  0.14702602 -0.10110907 -0.42753753 -0.22549336
  -0.08273242  0.3401615   0.48415172  0.17489038 -0.02359297  0.11232118
  -0.18469426 -0.17617507 -0.09728739]
 [-0.3214193   0.15297231  0.3557906   0.17566866  0.3139239   0.14378908
  -0.01088453  0.22076695  0.23081188  0.02346222  0.03575067 -0.03170578
   0.05210711 -0.0377131   0.37551153]
 [ 0.45529923  0.11727876 -0.44548663  0.2764233  -0.17032307  0.13190967
   0.21259224 -0.17030302  0.01942771  0.06294587 -0.32166684  0.18704963
   0.42937127  0.42731974  0.18093406]
 [ 0.2775251   0.4629912  -0.4232767  -0.03290371 -0.33751935 -0.27070898
   0.11362189  0.36525235  0.16319562  0.271101    0.36518568  0.48426202
  -0.10396161  0.08493055 -0.03543995]
 [-0.32082257  0.31235486 -0.3107626   0.36293292 -0.08076449  0.23494841
   0.02321312 -0.05943683  0.59113884 -0.02385402  0.3764465  -0.26148742
   0.55000466 -0.16410394 -0.3767063 ]
 [-0.03395241  0.1051605  -0.40452644  0.35427237 -0.16989987 -0.23090461
   0.2763158   0.15430409 -0.16258888 -0.00262382 -0.0328773  -0.40362352
  -0.07189614 -0.18889229  0.22316621]
 [ 1.1022537  -1.3338257   0.3564798  -0.817621    0.42814374 -0.31618395
  -0.28985465  1.311812   -1.67266     0.06057838 -0.28245252 -0.18350938
  -1.1331427  -0.1548302   1.5527109 ]]
Peso 2:
[-0.01964534  0.47501758 -0.0348341   0.3818567   0.0174187  -0.01698479
  0.0695224  -0.07005417  0.96334195 -0.04451769  0.08924191  0.175766
  0.54701376  0.01170935 -0.05203922]
Camada: saida
Peso 1:
[[ 0.53560007 -0.9748141 ]
 [-0.96765393  1.0653334 ]
 [-0.08438493  0.40940943]
 [-0.999686    0.23086378]
 [-0.43463507 -0.5845646 ]
 [-0.03229788 -0.18824098]
 [-0.49105763 -0.19466947]
 [ 1.2668091  -0.47667414]
 [-1.2171468   1.6686714 ]
 [ 0.08553107 -0.07644427]
 [-0.5159466  -0.18704447]
 [-0.06576388  0.6654712 ]
 [-1.1185168   0.55731165]
 [ 0.40635622  0.5374529 ]
 [ 0.81332433 -1.3822693 ]]
Peso 2:
[-0.01233103  0.01233268]



pesos modelo: 
Test loss: 0.0022, Test accuracy: 1.0000
Camada: meio
Peso 1:
[[ 1.21555030e-02 -1.76316112e-01 -3.54209363e-01 -1.56581104e-02
   1.49310052e-01  7.76110888e-02  2.12750971e-01 -2.15412885e-01
   2.19112158e-01  3.06707442e-01 -1.98647127e-01 -2.50501812e-01
  -4.07230288e-01 -1.62571609e-01  2.48758435e-01]
 [-3.18439692e-01  2.89982647e-01  9.48916189e-03  1.18193299e-01
   2.04768196e-01  2.70842731e-01  6.63165003e-02 -8.08409676e-02
  -3.18967491e-01  8.31747130e-02 -8.86447877e-02  4.41859633e-01
  -1.68595716e-01 -1.39242470e-01  3.07006747e-01]
 [-3.54318321e-01 -1.13775417e-01  1.62674084e-01 -1.59806460e-01
   4.71355766e-02 -1.79683819e-01  4.30108085e-02  2.78363347e-01
   1.51554838e-01  2.11744294e-01  2.35562965e-01  4.08643812e-01
  -7.65224993e-02  3.43107432e-01 -2.54544437e-01]
 [ 8.77680629e-02 -2.48239011e-01 -2.92157121e-02 -3.41339797e-01
   5.89495599e-02 -8.32136720e-02 -1.82030216e-01  3.56244802e-01
  -2.84589119e-02  4.33786869e-01  4.27518077e-02  2.98477799e-01
  -1.48378480e-02 -2.00986996e-01  1.93299413e-01]
 [-2.16737852e-01  1.02190167e-01  1.81077793e-01  4.17499512e-01
   2.96428323e-01 -1.29816234e-01 -7.85521194e-02  2.89123356e-01
   1.38615385e-01  3.11082691e-01 -1.42130837e-01  5.04773855e-01
  -1.17048658e-01  1.72392786e-01  2.56144285e-01]
 [-2.98415214e-01 -4.10738774e-02 -2.71488144e-03 -3.01363260e-01
   2.76272506e-01 -3.60756457e-01 -2.66356647e-01 -2.66704053e-01
   5.06630063e-01 -3.07021648e-01  2.22293362e-01  4.96837229e-01
   1.14957653e-01  1.00570753e-01 -1.18048705e-01]
 [-4.15025622e-01  5.61788499e-01 -8.91418234e-02  6.42694067e-03
   2.14810610e-01 -3.47225279e-01  3.60954702e-01  2.31950805e-01
   1.61689624e-01  4.04616505e-01 -8.99944752e-02 -1.14603363e-01
   3.87342304e-01  1.80879369e-01 -4.32180837e-02]
 [-2.75537401e-01  3.86253893e-01  2.44857818e-02  3.96348655e-01
   2.30044305e-01 -3.88817281e-01  3.55589949e-02 -2.92535573e-01
   3.12122017e-01  5.15056923e-02 -2.07424998e-01  8.71163309e-02
  -4.12533551e-01  1.76431865e-01 -1.44023538e-01]
 [ 9.07904804e-02  2.09909990e-01 -1.29417349e-02  1.60500735e-01
  -1.26013175e-01 -4.42391664e-01  8.67093727e-02  2.56178938e-02
  -1.69206843e-01  2.88224578e-01 -1.24960929e-01 -2.19665036e-01
   2.25192696e-01 -3.65815848e-01  2.39414424e-01]
 [-7.94831365e-02  5.40801346e-01  1.61856204e-01  2.81216979e-01
   2.26743862e-01  2.54782811e-02 -1.41826078e-01  2.81395108e-01
   4.13236856e-01 -1.04220845e-01 -9.99510437e-02 -1.39044464e-01
   6.15871325e-02 -3.56060892e-01  2.29793355e-01]
 [-3.95906866e-01  5.72686076e-01  2.72501349e-01 -4.08284128e-01
  -5.30466475e-02 -3.43529820e-01  1.54221535e-01  1.74534753e-01
   2.29622200e-01  2.39919767e-01  3.99272323e-01 -1.20657958e-01
  -2.52469759e-02  3.12353939e-01  7.01976148e-03]
 [-4.39734071e-01  5.91247901e-02  1.93975225e-01  8.96718353e-02
  -2.23447710e-01  4.88172658e-03  1.25508130e-01  2.06562787e-01
  -2.12822169e-01 -3.28919776e-02  2.03894109e-01  1.35769337e-01
  -3.75979960e-01  1.49022877e-01 -8.12763572e-02]
 [-1.26379997e-01  4.60049868e-01  1.78215280e-02  1.57316297e-01
   3.43164682e-01  4.02973622e-01  1.32573366e-01 -3.03464234e-01
  -6.66707084e-02  1.98245630e-01 -2.38464028e-01  1.87321678e-01
   3.68779302e-01  1.18782811e-01 -2.26055771e-01]
 [-2.99317181e-01  3.19208264e-01 -5.29144943e-01 -2.32423186e-01
  -4.10232604e-01  3.65620643e-01  1.14465421e-02  4.50489551e-01
   3.08022916e-01  2.81112254e-01  2.55663574e-01  2.02651352e-01
   1.16824545e-01  9.99494120e-02  7.08025545e-02]
 [-9.73712206e-02 -9.10367295e-02  2.17153057e-01 -2.14179575e-01
   2.28749573e-01  2.08122522e-01  1.75288767e-01 -5.41265048e-02
  -2.15120807e-01 -1.77309511e-03  9.72237438e-02  3.83266479e-01
   2.05350220e-01  3.66201967e-01  3.24200988e-01]
 [ 1.02186361e-02 -1.22150207e+00  1.06852865e+00 -2.15864003e-01
   2.19397616e+00 -2.96807826e-01  1.20964694e+00 -4.30022134e-03
  -2.22672746e-01 -1.96204036e-01  6.01987958e-01 -1.27956748e+00
  -1.28504887e-01  6.74989462e-01  7.24123776e-01]]
Peso 2:
[ 3.7693232e-04  7.9063201e-01 -2.0703137e-01  1.0974642e-01
 -3.1575552e-01 -5.5742811e-02 -1.3924554e-03  1.3956432e-01
  1.9085272e-01  1.8656130e-01 -3.0093681e-02  7.6461315e-01
  6.6001594e-02 -8.6103424e-02 -1.5046735e-01]
Camada: saida
Peso 1:
[[-0.27317548  0.09751978]
 [-1.0419562   1.1671722 ]
 [ 1.1147     -0.42714012]
 [ 0.27131256  0.7123132 ]
 [ 1.813996   -1.2920127 ]
 [ 0.45591247  0.3608888 ]
 [ 0.65761054 -0.74673605]
 [-0.49289048  0.01514076]
 [-0.06809384  0.60347587]
 [-0.6249187  -0.0098088 ]
 [-0.1345751  -0.6255955 ]
 [-1.1069499   1.1463704 ]
 [-0.58722526 -0.24981754]
 [ 0.65053564  0.03772238]
 [ 0.61812866 -0.52850413]]
Peso 2:
[-0.5909055  0.5909088]
