


pesos modelo: 
Test loss: 0.0001, Test accuracy: 1.0000
Camada: meio
Peso 1:
[[-1.42861962e-01 -2.21548244e-01  2.21969962e-01 -5.01928627e-02
  -3.02206308e-01 -3.53802472e-01 -4.09984589e-03  2.50465274e-01
  -2.59518832e-01]
 [-1.16215244e-01  1.82298705e-01  2.42704272e-01  2.97820240e-01
   3.12392384e-01  4.39519852e-01  1.58165023e-01  1.76420644e-01
   1.89056650e-01]
 [-1.19898908e-01  8.13920498e-02  4.26766336e-01  3.48124713e-01
   3.15735608e-01  1.01109356e-01  1.68114036e-01  3.45751911e-01
   4.72028226e-01]
 [-8.72336403e-02  3.91761363e-01  4.02424216e-01  1.65037904e-02
  -1.55826941e-01  1.15939312e-01  3.92204374e-02  1.18238918e-01
  -2.38762386e-02]
 [ 1.53559625e-01  2.28312358e-01 -2.32655659e-01  2.85099775e-01
   1.25006318e-01  2.29532793e-01  1.87589929e-01 -1.73160896e-01
   3.72555226e-01]
 [-2.15389699e-01 -2.93164283e-01  2.27825884e-02  3.73174995e-01
  -1.48500174e-01  2.59581000e-01  2.72302419e-01  5.35089783e-02
  -3.83655190e-01]
 [ 1.47655830e-01  3.32655668e-01  3.02955136e-02  4.50381577e-01
   4.26689118e-01  4.21005160e-01  2.51524538e-01  3.00863367e-02
   4.04211998e-01]
 [-3.85210007e-01 -4.20258567e-02  1.05234809e-01  1.02888145e-01
   2.33602062e-01 -1.35147288e-01 -6.46324009e-02  3.69972765e-01
   2.79049069e-01]
 [-2.51590818e-01 -3.92055988e-01 -3.58236164e-01  2.93514311e-01
   2.02361539e-01  4.06088263e-01  1.27829999e-01  2.43764371e-01
  -3.06609124e-01]
 [ 2.89836735e-01 -3.54455411e-01  2.71888316e-01 -7.99717475e-03
  -2.40115464e-01  4.40283746e-01  6.44940808e-02 -2.57072419e-01
  -1.94366127e-01]
 [ 1.52613625e-01 -2.77980845e-02  4.14369963e-02  2.42494121e-01
   4.48490918e-01  2.23304868e-01  5.02965339e-02  9.06125680e-02
   4.73685175e-01]
 [-3.64231914e-01 -8.04651901e-02 -6.74971864e-02  1.39956400e-01
  -3.33719980e-03  2.05767289e-01  5.23164645e-02 -1.24802969e-01
  -1.85209536e-03]
 [ 2.84227371e-01 -3.44821632e-01  1.21348254e-01  3.01068574e-01
   1.94819778e-01  2.86608547e-01  8.08404759e-02 -4.00918156e-01
  -2.58130848e-01]
 [-8.35117176e-02 -3.68198901e-01 -3.19622047e-02  2.89941933e-02
   7.38265887e-02 -3.85436118e-01 -1.83602229e-01 -1.67095941e-02
  -1.44097403e-01]
 [ 3.37435007e-01  3.71535391e-01  1.40981436e-01  1.58223093e-01
  -2.49111608e-01 -2.94114985e-02  1.92117289e-01  1.73412606e-01
   2.56350450e-02]
 [-1.31454214e-01  4.27954674e-01  3.35847259e-01  3.71899903e-01
  -1.38638347e-01 -1.76431239e-01  2.56479979e-01  3.53218943e-01
  -1.14847012e-01]
 [-3.47407937e-01  6.22107014e-02  2.75766343e-01  3.18746120e-01
   3.77159894e-01 -3.23095500e-01 -6.93169329e-03  1.89238429e-01
   2.63120025e-01]
 [ 7.17085833e-03 -2.53191859e-01  1.74945533e-01  2.23689333e-01
   8.28295499e-02  3.70177656e-01  1.68265447e-01  2.86247075e-01
   2.80645229e-02]
 [-1.99709266e-01  1.45283490e-01  5.03519237e-01 -1.61805737e+00
   8.80963206e-01 -6.62956357e-01  2.32223535e+00  1.40929922e-01
  -4.51485008e-01]
 [-3.94240588e-01  3.29593034e-03 -2.05296218e-01 -1.63232517e+00
   1.07327175e+00 -1.80447802e-01  2.28502202e+00 -4.63092208e-01
  -2.91072071e-01]]
Peso 2:
[ 0.14572039 -0.0262971  -0.02542888  0.90551627 -0.12686041  0.20073898
 -0.34323496  0.08320753  0.140664  ]
Camada: saida
Peso 1:
[[-0.28261754  0.65454364]
 [-0.3307548  -0.09638616]
 [-0.20328152 -0.27358934]
 [-1.6977072   1.8021778 ]
 [ 1.345899   -0.570491  ]
 [ 0.12506795  1.0281492 ]
 [ 1.9880562  -2.4846046 ]
 [-0.15499301  0.28857812]
 [-0.7092469  -0.0639032 ]]
Peso 2:
[-0.30302048  0.30302244]



pesos modelo: 
Test loss: 0.0002, Test accuracy: 1.0000
Camada: meio
Peso 1:
[[ 3.18895280e-01 -1.70651019e-01  2.56468058e-02 -9.73767638e-02
   8.86447430e-02 -2.81731784e-01  2.33034611e-01  1.61878943e-01
   2.92287409e-01]
 [ 1.92881942e-01 -5.46103083e-02  4.47354354e-02  3.68674874e-01
   6.12537935e-02  4.01964575e-01  1.49887607e-01  4.00157571e-01
   1.59235612e-01]
 [ 8.71447772e-02  6.46530464e-02 -1.57366514e-01 -9.46217740e-04
  -2.68787563e-01  1.50254726e-01 -2.08993241e-01  2.77993642e-02
   2.14616299e-01]
 [-1.65655091e-01 -3.37817252e-01  7.07965344e-02 -4.27404016e-01
  -7.62590021e-02  3.02766770e-01  9.43273753e-02  1.77981332e-02
   1.22411922e-01]
 [ 2.36559346e-01 -3.45249921e-01  3.43418986e-01 -1.77508458e-01
  -3.98375154e-01 -2.78226018e-01 -1.33421376e-01  9.11913738e-02
  -2.09726751e-01]
 [ 1.12344645e-01 -2.07615331e-01 -1.71886995e-01 -1.16891656e-02
   2.92773724e-01 -1.67293951e-01  2.78298140e-01  4.46583778e-01
  -1.23537846e-01]
 [-8.95714387e-03 -1.13975145e-02 -4.47071463e-01  1.91716313e-01
  -5.22451624e-02 -1.28962070e-01  3.42901528e-01  5.06921053e-01
   1.81883425e-01]
 [-1.63786579e-02  8.46550018e-02 -1.85115993e-01 -4.31380838e-01
  -3.26490283e-01  3.33005071e-01  3.47819924e-01  2.97732353e-01
   2.07125973e-02]
 [ 2.33558401e-01  2.04891518e-01 -1.38334766e-01 -4.40535337e-01
   2.25806251e-01  2.97884107e-01  6.45744428e-02  3.96784693e-01
   1.55250162e-01]
 [-1.28524303e-01 -2.87773639e-01  2.24865809e-01 -1.82694137e-01
   4.09542531e-01  3.13878000e-01  1.09158173e-01  2.24917933e-01
   3.28798831e-01]
 [-8.28582048e-03 -3.23174179e-01 -2.77895808e-01 -1.57783046e-01
   1.16419382e-01  2.53313005e-01 -2.97853258e-02 -2.91036386e-02
  -7.32402653e-02]
 [ 1.16598211e-01 -3.76400024e-01 -2.66083807e-01  4.44340289e-01
  -1.99432522e-02  4.24364001e-01  1.23353496e-01  4.41191047e-01
   4.21266705e-01]
 [ 8.39373991e-02 -3.51528645e-01  8.90464783e-02  1.07344300e-01
   6.21210821e-02  9.47484300e-02 -1.60911656e-03  2.30481967e-01
   1.55581415e-01]
 [ 2.10528702e-01  3.53005916e-01 -5.63136712e-02 -3.98635805e-01
   3.31606828e-02 -3.59247446e-01 -1.52728811e-01  1.68988660e-01
  -9.81711969e-02]
 [-9.87212881e-02 -3.41244429e-01  1.10207915e-01  5.18488102e-02
  -1.53515488e-01 -3.20766382e-02  2.92518914e-01  3.12622547e-01
   9.80156288e-02]
 [ 3.05782497e-01  5.13063110e-02  1.19313531e-01 -2.91435689e-01
   1.74918219e-01  4.84221160e-01  2.65874177e-01  4.34446514e-01
  -1.73954263e-01]
 [-2.46700291e-02 -2.12041825e-01 -1.30744725e-01  8.79395287e-03
   2.77652651e-01 -4.10562634e-01  8.80911723e-02  4.45589453e-01
   3.50941122e-01]
 [ 2.67202675e-01 -3.07645112e-01 -3.82653922e-01 -2.14126170e-01
   1.67237416e-01  9.46962461e-02 -8.68323296e-02  3.74209940e-01
   2.55031705e-01]
 [ 2.15018868e+00  3.37257385e-01 -1.24792419e-01 -1.75832197e-01
  -3.83094214e-02 -1.70265585e-01  1.23186469e+00 -1.62280655e+00
   9.90229130e-01]
 [ 1.36248684e+00  3.77700664e-02  4.77688372e-01  2.91954875e-01
   6.05958879e-01 -3.22257757e-01  2.10226130e+00 -1.31311119e+00
   1.18524420e+00]]
Peso 2:
[-0.18572156 -0.08805342 -0.00110803 -0.00148245 -0.03835192  0.15693253
 -0.14840002  1.0394365  -0.25836962]
Camada: saida
Peso 1:
[[ 1.5464813  -1.6497136 ]
 [-0.23723762  0.3592047 ]
 [ 0.09580673 -0.01565436]
 [-0.06462385 -0.1427762 ]
 [ 0.65063196  0.17830476]
 [-0.2845937   0.47459927]
 [ 1.6560622  -1.5703251 ]
 [-1.7003012   1.761957  ]
 [ 0.8352579  -1.1131524 ]]
Peso 2:
[-0.58382016  0.583822  ]



pesos modelo: 
Test loss: 0.0002, Test accuracy: 1.0000
Camada: meio
Peso 1:
[[-7.37247467e-02  4.43347633e-01  1.36010051e-01  1.95975304e-01
  -5.30858040e-02 -2.14567408e-01  2.04096794e-01  2.38366842e-01
   2.74851382e-01]
 [ 3.52774829e-01  1.19209796e-01  6.57574013e-02 -2.37369418e-01
   3.44664901e-02 -2.73221254e-01  1.33048862e-01  1.27910301e-01
   6.57146648e-02]
 [ 1.41567603e-01 -5.93259595e-02  8.59890282e-02  1.54235542e-01
   5.67269996e-02 -3.49482685e-01 -2.70494204e-02 -1.14517473e-01
  -3.95955563e-01]
 [ 4.70042259e-01 -3.18554729e-01  1.47449911e-01  2.46216655e-01
   1.09703854e-01  3.91293596e-03 -2.69602388e-01  1.16166480e-01
   1.52148396e-01]
 [ 5.47752202e-01  4.16180044e-02  1.50465026e-01  1.32273823e-01
  -1.03769720e-01 -4.42045033e-01 -3.95858765e-01  2.21545309e-01
  -2.96441406e-01]
 [ 4.34449911e-02 -1.88243821e-01  4.56699962e-03 -6.57903915e-03
   3.23737353e-01  2.32638523e-01  4.31187600e-01 -1.28873259e-01
   2.98980772e-01]
 [ 1.57348648e-01 -2.19850212e-01  1.15221739e-01 -4.04673100e-01
  -2.13387877e-01 -2.33910784e-01 -3.97898048e-01 -1.43423840e-01
  -3.75121355e-01]
 [ 4.76142347e-01  2.19126362e-02  1.75775096e-01 -2.45713815e-01
   2.70843476e-01 -3.50429803e-01  3.19224089e-01 -4.04299889e-03
  -3.33102852e-01]
 [ 5.77191234e-01  5.52567057e-02  1.50455788e-01  1.59091473e-01
  -2.24499121e-01 -3.44326973e-01 -2.20977385e-02  2.74032146e-01
  -3.58371347e-01]
 [ 2.84037143e-01  4.02656734e-01  5.84326163e-02 -4.99398619e-01
  -8.68820623e-02 -1.86942026e-01  1.62417576e-01  6.93237856e-02
  -1.67671517e-01]
 [ 1.75948188e-01 -1.59113571e-01  2.22665425e-02  3.41360658e-01
  -2.89172024e-01  7.56306499e-02  2.94245213e-01  1.09096758e-01
   4.63916808e-02]
 [ 1.53627759e-02 -4.61331159e-01 -2.54047215e-02  2.90667504e-01
  -3.53896290e-01  9.16876569e-02  3.11499119e-01  3.58685143e-02
   4.34360027e-01]
 [ 4.84934092e-01  1.10662051e-01  5.31032868e-02  1.77910179e-01
   2.37393584e-02 -1.32237017e-01 -2.32735440e-01  3.17569971e-01
  -1.37039185e-01]
 [ 1.57366782e-01 -1.59053847e-01  7.12505579e-02  7.58913979e-02
  -1.02008119e-01 -2.53714502e-01 -2.85658240e-01 -5.74196726e-02
   4.04881209e-01]
 [ 1.75380558e-01  2.53932863e-01  8.36299583e-02 -4.78348494e-01
   2.48608619e-01 -2.97047555e-01 -1.84792012e-01 -1.44346192e-01
   3.94749045e-01]
 [ 3.92992377e-01 -3.83756876e-01  1.05185673e-01  2.13615224e-02
   1.29378095e-01 -1.53190091e-01 -2.66643882e-01  9.22246799e-02
   2.69933455e-02]
 [ 1.63608745e-01 -4.62936848e-01 -5.00673242e-02 -8.08721036e-02
   3.42380822e-01 -2.36547306e-01 -2.15862095e-01  9.86113921e-02
   1.18193757e-02]
 [ 3.60729754e-01 -3.31881076e-01  6.55386448e-02 -3.71277481e-01
   2.97180712e-01  2.22841185e-02  2.58836616e-02  8.55760649e-02
  -2.14184392e-02]
 [-1.19075060e+00  1.66185215e-01  2.37076283e+00 -2.83963829e-01
   6.62297964e-01  1.47290074e-03 -1.41139239e-01  1.39411783e+00
   3.18518162e-01]
 [-7.63378084e-01  3.56980376e-02  2.48240709e+00  1.34208696e-02
   3.07433128e-01  3.32082570e-01  5.10307491e-01  1.71241927e+00
   8.25699046e-02]]
Peso 2:
[ 0.9783484  -0.05265521 -0.35021502 -0.08227786 -0.02499741  0.00100276
 -0.01568035 -0.09733728 -0.02005554]
Camada: saida
Peso 1:
[[-1.568219    1.2057539 ]
 [-0.5478728  -0.1946733 ]
 [ 2.6223507  -2.0000155 ]
 [-0.5684421   0.40509078]
 [-0.03975901 -0.6169655 ]
 [-0.68931144 -0.73461246]
 [-0.14561133 -0.2220269 ]
 [ 1.5142784  -1.2123551 ]
 [-0.06657767 -0.07492841]]
Peso 2:
[-0.79011154  0.7901126 ]



pesos modelo: 
Test loss: 0.0007, Test accuracy: 1.0000
Camada: meio
Peso 1:
[[-0.33246905 -0.30175105  0.13367867 -0.26646104  0.2776093  -0.18233517
   0.17549849 -0.41486397  0.37427992]
 [-0.00923443 -0.01775677  0.1294046  -0.44531783  0.4411567   0.34083644
  -0.22202994 -0.3601675   0.04512753]
 [-0.43476835  0.2296345   0.37525886  0.34808654 -0.23434097 -0.11560522
  -0.03850344  0.157781    0.12034878]
 [-0.0208991  -0.19887394  0.15332608  0.3138471   0.382263    0.38878092
  -0.00765665 -0.23336864 -0.04079169]
 [-0.37636462  0.20096876  0.07600994 -0.20129196  0.21708702  0.34401947
   0.3875867  -0.28012973  0.1187545 ]
 [ 0.13407496 -0.0488744  -0.34348205 -0.04197164  0.30982244  0.59798425
   0.11203545  0.07986642  0.2838221 ]
 [-0.13930683  0.09605509 -0.22898343 -0.29960912  0.04192911  0.25986505
   0.3747306   0.03065245  0.08959085]
 [-0.40627173  0.06210316  0.32667872  0.05803727  0.29157197  0.41281945
  -0.15331414  0.38991833  0.2812247 ]
 [ 0.3299897  -0.13105592 -0.25965723  0.13121161  0.27620298  0.1929297
  -0.41400167 -0.21923873 -0.02405814]
 [-0.01653093  0.19662811 -0.20847866 -0.24716246  0.1301555   0.1288813
   0.38794017 -0.28503737 -0.08525158]
 [-0.44223562  0.10021565  0.32308635  0.15003471 -0.15185882  0.09249816
  -0.16052513  0.11981994  0.2715655 ]
 [-0.03587632  0.01612715  0.25773856 -0.02652656  0.0918246   0.43203062
   0.19553491 -0.46994463  0.29154733]
 [-0.3162723   0.34889352  0.28825855 -0.11311755 -0.14257398  0.06827813
   0.3422195   0.05944558  0.1921866 ]
 [ 0.08879054  0.09122679  0.402782   -0.36828727 -0.02467912  0.05091934
   0.09641814  0.30327833  0.02952657]
 [-0.12249084  0.42905742 -0.2681381  -0.04612032  0.5022694   0.35590398
   0.24796431  0.17925838  0.07532369]
 [ 0.2593803   0.34685543 -0.42840916 -0.25281152 -0.16955838 -0.03933591
   0.22096653 -0.10651529  0.08342283]
 [-0.13113232  0.08149006  0.02563813 -0.23652804  0.13594     0.18627249
   0.3282349  -0.10198127 -0.0521939 ]
 [-0.3794301   0.12967265 -0.1555447   0.01446509  0.42057928  0.38342133
   0.2710207   0.01007959  0.00213515]
 [ 0.39039803 -0.95688456 -0.25667337 -0.20020121  1.3545685  -1.7425426
   0.7233179   0.20921071  1.6848536 ]
 [-0.16548656 -0.8566911  -0.00782964  0.18802732  1.4213792  -1.8203706
   0.32597244  0.1975086   1.7590098 ]]
Peso 2:
[ 0.00142359  0.53465205  0.04315202 -0.07970276 -0.24736395  0.82314825
 -0.11292136 -0.07034441 -0.24726148]
Camada: saida
Peso 1:
[[-0.34416303 -0.41480917]
 [-0.63069135  1.2456071 ]
 [-0.32063314 -0.02682823]
 [ 0.21749362 -0.26862624]
 [ 1.1035608  -1.5219101 ]
 [-1.7162888   2.1514356 ]
 [ 0.5308178  -0.7089724 ]
 [ 0.01558178  0.2303241 ]
 [ 1.5756944  -1.6978953 ]]
Peso 2:
[-0.24444012  0.24444368]



pesos modelo: 
Test loss: 0.0001, Test accuracy: 1.0000
Camada: meio
Peso 1:
[[-0.290654    0.3825279   0.12568247  0.27597672 -0.05788824  0.08702379
   0.2532465  -0.44714794  0.31876516]
 [-0.3915644   0.16010031  0.13842341  0.40825322  0.2846559  -0.2731906
   0.25586012 -0.39284077  0.2677109 ]
 [ 0.30876717  0.4326195   0.1487848   0.5537919  -0.13883306 -0.02222466
  -0.06939382  0.2807453  -0.3989138 ]
 [-0.04263256  0.44110367 -0.00599231  0.14391917  0.3091414  -0.34626615
   0.09630405 -0.03357003 -0.01758522]
 [-0.40966618 -0.06749575 -0.14319643 -0.06702801  0.31660104 -0.36870468
   0.20518588 -0.1913014  -0.40888754]
 [-0.25476608  0.01079431  0.17115332  0.05960146  0.4706955   0.41917232
   0.17592649  0.06962845  0.22248252]
 [-0.10809778  0.31797636 -0.18450543  0.10264429  0.14165092 -0.40608796
   0.07952103  0.25062153 -0.26389235]
 [ 0.4186428  -0.0449498   0.1034653   0.47013834  0.0642964  -0.45299047
   0.20018531 -0.06943648 -0.41058576]
 [-0.40266314 -0.03470749  0.11615281 -0.11897997  0.40643805  0.2753068
   0.06872422  0.21606326  0.44595677]
 [ 0.11794311  0.47020712  0.06236471  0.15146041  0.22067986  0.43019876
  -0.0025144  -0.3246638  -0.43573785]
 [-0.13612148 -0.2689452   0.20224589  0.24759252 -0.12079211 -0.3061902
  -0.03743374 -0.38151872 -0.23422335]
 [-0.23292385 -0.27437356 -0.28379178 -0.1562183  -0.09168503  0.32117206
  -0.003975    0.23886664 -0.13551588]
 [-0.18884915  0.1792765   0.31961724 -0.05301685  0.39992955  0.11695798
  -0.07477997 -0.02997527 -0.38804984]
 [-0.25590926 -0.09220961  0.29742956  0.40027744  0.13038112 -0.30454734
   0.09530499  0.13173334  0.27155897]
 [ 0.2339985  -0.20868167  0.37235868  0.40123826  0.37209043  0.08662818
   0.28051466 -0.3619816   0.2268567 ]
 [ 0.06069816 -0.02993562 -0.05246843  0.43765008  0.13251606 -0.31610763
   0.32165432 -0.37789604 -0.29756045]
 [-0.34920248  0.31107464  0.12578887  0.3784974   0.05379539 -0.45534036
   0.02754075 -0.04071727  0.37796643]
 [-0.23134133  0.25652245  0.39778334  0.32021436  0.34547585  0.0449053
   0.06513685 -0.3502509   0.06580156]
 [-0.18614967  0.6420778   1.6747209  -0.85467124 -1.0667993  -0.25135222
   2.1303742  -0.25129032  0.07707264]
 [ 0.257441    0.8270502   0.9367747  -1.328847   -1.3051264  -0.2455277
   2.0324495   0.73714244 -0.35146347]]
Peso 2:
[-0.00757921 -0.05505238 -0.19747652  0.64487606  0.798477   -0.03173759
 -0.30399302 -0.04597268  0.03112476]
Camada: saida
Peso 1:
[[ 0.45355988  0.61458343]
 [ 0.24967991 -1.0284706 ]
 [ 0.9385488  -1.4919809 ]
 [-1.2686493   1.156177  ]
 [-1.2692244   1.5332087 ]
 [ 0.61961687  0.5980693 ]
 [ 1.8666005  -2.1621552 ]
 [ 0.30607483 -0.7075761 ]
 [-0.47337794 -0.2540455 ]]
Peso 2:
[-0.3666386   0.36664185]



pesos modelo: 
Test loss: 0.0001, Test accuracy: 1.0000
Camada: meio
Peso 1:
[[-3.37049931e-01  1.66364133e-01  3.10798526e-01  2.11180210e-01
  -4.10363227e-01 -2.25188360e-01 -1.79133952e-01 -3.48924428e-01
  -2.58883417e-01]
 [ 3.75357717e-01 -5.77830151e-02  2.34862372e-01 -8.39441940e-02
   3.11740369e-01  2.53566056e-01 -4.06345427e-01 -3.94608915e-01
  -2.07116138e-02]
 [ 1.34334683e-01  2.09612176e-01  2.67368495e-01 -2.96083152e-01
   1.45398572e-01  2.00205520e-01 -1.22803003e-01 -2.73802690e-02
   9.57517177e-02]
 [ 2.07741469e-01 -2.44821631e-03 -2.64416397e-01 -3.72848481e-01
   3.32115710e-01  3.07654999e-02 -3.68098438e-01  1.54159442e-01
   3.13534826e-01]
 [ 7.37004504e-02  5.21925807e-01 -3.20117354e-01  1.79439157e-01
   2.87598431e-01  1.29158139e-01  1.99832678e-01 -2.49728486e-02
  -3.99679273e-01]
 [ 1.11536086e-01 -1.49771690e-01 -2.29637250e-01 -2.10310961e-03
  -4.52844799e-02  2.53066987e-01  4.32623595e-01 -3.05304617e-01
   8.81025568e-02]
 [ 1.69181883e-01 -4.75558126e-03  3.92668188e-01 -4.01606590e-01
   7.62597546e-02  2.15767205e-01 -1.83274925e-01  3.57909828e-01
   3.01135659e-01]
 [ 3.92039537e-01 -9.49241519e-02 -4.05316353e-01  3.25056642e-01
   4.70602959e-01  1.24302939e-01  1.33433327e-01 -3.86745214e-01
  -1.49354786e-02]
 [ 1.33244740e-02  7.45032877e-02 -1.98476344e-01 -3.95667285e-01
  -7.69049376e-02  2.25126222e-01  4.26198363e-01  4.04993355e-01
  -4.22773212e-01]
 [ 2.63952971e-01 -1.37817282e-02 -2.43726268e-01 -2.88743109e-01
   3.40287447e-01  1.01089530e-01 -2.83328384e-01 -1.14536330e-01
   6.90140948e-02]
 [-1.09235778e-01  4.18186992e-01 -1.83834359e-01  6.94490224e-02
  -2.92746890e-02  1.49272710e-01  6.33584112e-02  2.80496895e-01
  -3.56065899e-01]
 [ 1.08582594e-01  2.12920517e-01  1.16494626e-01 -4.20014620e-01
  -7.11339936e-02  3.97806823e-01 -4.40499514e-01 -1.89572155e-01
   3.64905834e-01]
 [ 2.99570918e-01  4.14889306e-01  3.38469923e-01 -2.13441938e-01
   3.10338855e-01  3.40614319e-01 -2.92013466e-01 -2.92841911e-01
  -4.87492792e-02]
 [-1.14713110e-01  3.51463795e-01  1.08439088e-01 -3.58360112e-01
   2.49185756e-01 -1.84114918e-01 -3.97870034e-01  4.09238279e-01
   3.39590222e-01]
 [ 2.10821912e-01  6.92878962e-02  1.85102358e-01 -4.31809545e-01
   2.64205873e-01  1.32838935e-01 -4.49563235e-01 -3.67043018e-01
   1.00513749e-01]
 [ 1.96485897e-03 -2.61973143e-01 -4.13687259e-01 -4.29794997e-01
  -1.15560979e-01  1.28598347e-01 -2.51199603e-01 -3.74048203e-01
   5.78460731e-02]
 [ 2.26745814e-01  3.42109591e-01  4.25384074e-01  6.47625700e-02
   5.10577321e-01 -2.75588338e-03 -6.25857115e-02 -2.33230427e-01
   4.24145788e-01]
 [ 2.81968921e-01  4.32173647e-02 -4.08371806e-01  3.73005360e-01
  -9.94085800e-03  5.12817502e-01  2.99841017e-01 -7.38583729e-02
   1.86756775e-01]
 [ 1.99898374e+00  3.86567295e-01 -4.30494845e-01 -2.80297488e-01
  -1.51826763e+00 -1.61455572e+00  2.20926017e-01  2.11757228e-01
  -2.60124385e-01]
 [ 2.14888620e+00  8.04402053e-01 -1.83512896e-01 -3.43551040e-01
  -1.48164606e+00 -1.26876843e+00  3.90490204e-01 -4.79430139e-01
   3.04037660e-01]]
Peso 2:
[-0.34410307 -0.05827997  0.06670965 -0.07907377  0.7885582   0.6205775
 -0.03263381 -0.02403459 -0.00782976]
Camada: saida
Peso 1:
[[ 2.461189   -1.650203  ]
 [ 0.4959647  -0.76367736]
 [ 0.01624039  0.4031014 ]
 [ 0.6960119  -0.54504925]
 [-1.7182759   1.4784119 ]
 [-1.6009941   1.4835068 ]
 [ 0.46123627  0.42893845]
 [ 0.19467475  0.6220114 ]
 [-0.69465345 -0.6836684 ]]
Peso 2:
[-0.08424471  0.08424854]



pesos modelo: 
Test loss: 0.0002, Test accuracy: 1.0000
Camada: meio
Peso 1:
[[ 0.45358545 -0.2680845  -0.265523    0.43986607  0.32577527  0.44284552
   0.19241661  0.35089916  0.11843485]
 [ 0.3289021   0.25287354  0.18397877 -0.05131042  0.05152017  0.5684495
   0.10018104 -0.0508199   0.21259819]
 [-0.12856226  0.45569813  0.4248224   0.01887393 -0.36321956 -0.3369688
   0.09101976  0.09615511  0.3466883 ]
 [-0.00641022  0.2978649  -0.09952877 -0.21374997 -0.27864802  0.10544344
   0.05655821 -0.08245606 -0.30345744]
 [ 0.02344172  0.4510847  -0.04235439 -0.25573733  0.09915633  0.1393868
   0.03025571  0.20225559 -0.02079251]
 [-0.05396279 -0.16669978  0.25808838  0.28063762 -0.36456913  0.2242378
   0.04418498  0.09357921  0.4316638 ]
 [ 0.27622485  0.17148203  0.25219008 -0.01857637 -0.01969105  0.2883544
   0.04173226 -0.15312926  0.35392502]
 [ 0.08448154  0.20033935  0.23425496  0.5110195  -0.01276833 -0.00825268
   0.13654482 -0.09304512  0.33243945]
 [-0.10336278 -0.05445732  0.37338123  0.3222519  -0.23852117  0.06475544
   0.07296609  0.18925382 -0.04881925]
 [-0.04147856 -0.09405432  0.13243459  0.14754455  0.18233547  0.07612588
   0.04554749 -0.13755003 -0.26072258]
 [ 0.26408175  0.03245162  0.4122401  -0.02379035 -0.03005945  0.4288732
   0.02554118  0.03494379  0.18681304]
 [ 0.14623038  0.41400185 -0.31046557  0.07792833 -0.4174905   0.3332729
   0.09943739  0.06322086 -0.32538912]
 [ 0.08847404  0.21158092  0.43270254  0.15360303 -0.2880463   0.15907344
   0.06798355  0.29638872 -0.2753981 ]
 [-0.19218203 -0.1664457   0.3806832   0.5001784  -0.2360089  -0.27260575
   0.02337544  0.06887284  0.17427197]
 [ 0.25737107 -0.06797116  0.35939693  0.11400168 -0.18694556  0.6135662
   0.02766164  0.27985078 -0.3882498 ]
 [-0.03314837  0.0378699  -0.02046185  0.08828329 -0.10575803  0.1577088
   0.08506074 -0.19792727  0.05408002]
 [ 0.0884291   0.10850158  0.26790926 -0.30771154  0.15581486  0.2585848
   0.04752121 -0.12515657 -0.3461853 ]
 [ 0.07412341  0.5142746  -0.03883796 -0.14894234  0.30381098  0.05855632
   0.07368165  0.09158053 -0.42982748]
 [ 1.4977152  -0.6237666  -0.18067913 -0.41679606 -0.38985655 -0.40076947
   2.4601164   0.7874244   0.40720248]
 [ 1.2433861  -0.8615768  -0.02958033 -0.43066648  0.11313883 -0.6608345
   2.395137    0.91320294  0.1923979 ]]
Peso 2:
[-0.11899177  0.7291396   0.18801178  0.43155992 -0.01664599  0.54071385
 -0.32312533  0.05519167 -0.02023474]
Camada: saida
Peso 1:
[[ 1.103384   -1.2508484 ]
 [-1.495379    0.40739098]
 [-0.9689517  -0.15677822]
 [-0.5796441   0.63150156]
 [-0.37331778 -0.49934122]
 [-1.0091623   0.660113  ]
 [ 2.8453724  -1.7700937 ]
 [ 0.7206434  -0.6548077 ]
 [ 0.30668128  0.00372565]]
Peso 2:
[-0.70373434  0.7037366 ]



pesos modelo: 
Test loss: 0.0001, Test accuracy: 1.0000
Camada: meio
Peso 1:
[[-0.10110334 -0.1698457  -0.36152488 -0.2530964  -0.43853164 -0.36170053
  -0.17344221  0.07605582 -0.07908905]
 [-0.20554182 -0.40293142 -0.5048102   0.17915834  0.12353122  0.05892052
   0.45410952 -0.22970836  0.07975454]
 [ 0.21406786  0.18326554 -0.20961004  0.01463431  0.3423428  -0.32102692
   0.33942938  0.17608386  0.07607127]
 [ 0.29975206  0.16170877 -0.06748319  0.01864518  0.21912448 -0.08495542
   0.03127556 -0.19338319 -0.06540265]
 [-0.33526826 -0.07804848  0.28064296  0.02208247 -0.3028849   0.35090154
   0.2542593  -0.24268547  0.13815188]
 [ 0.37521654 -0.11468068 -0.2377017   0.01169451 -0.38745606 -0.40070277
   0.42606103  0.35269803  0.10465439]
 [ 0.29247603  0.2675882   0.06931842 -0.02153784 -0.22335717  0.15312742
   0.06206512  0.14155442 -0.02399846]
 [-0.4604314   0.2605377  -0.1878041   0.04772873 -0.2799096   0.08425586
   0.29186144 -0.1210085   0.10956104]
 [-0.07354879 -0.06619273 -0.12209216  0.0691203  -0.24967624  0.09552404
   0.27984038  0.44577727 -0.00443518]
 [ 0.29641783 -0.3806411   0.24507175  0.04739255 -0.25553933 -0.27153367
   0.32927176 -0.14838058  0.07661017]
 [-0.36254773 -0.04402031 -0.27600887  0.13367085 -0.13383555 -0.08626743
   0.4707447  -0.16822444  0.12439154]
 [ 0.109977    0.2972211  -0.3781594  -0.00477154 -0.33138487 -0.37259895
   0.04355475 -0.15673952 -0.04593416]
 [ 0.3645122  -0.20054105  0.32672036  0.13416655 -0.3747347  -0.05530256
   0.5009311  -0.08356712  0.09668996]
 [-0.34386063 -0.06152843  0.1424367   0.04141904 -0.35500118 -0.14728682
   0.12819552  0.3871815  -0.0739693 ]
 [ 0.28684556 -0.03897977  0.20812696  0.1125591  -0.4088698   0.16426961
   0.62939787  0.17471996  0.18990399]
 [ 0.32100743 -0.4704851  -0.13839503  0.07218219 -0.31517366  0.31440336
   0.4239508  -0.3321907   0.17644577]
 [-0.22696327 -0.16742155 -0.28707346  0.06329207  0.19356501  0.09485193
   0.29982448  0.15598397  0.06449576]
 [-0.08009272  0.22094092 -0.11883459  0.02415579 -0.18543342  0.36103246
   0.07533852 -0.00870663 -0.00584672]
 [ 0.38964275  0.27067983 -0.18508615  1.6420661   0.2364089  -0.25113413
  -1.14208     0.72184926  2.2588284 ]
 [ 0.4736491  -0.0320462   0.0225189   2.3009052   0.23001948 -0.06121635
  -0.6325721   0.25735933  2.0162203 ]]
Peso 2:
[-0.07635127 -0.15870412 -0.22538912 -0.25975347  0.00757027  0.15582205
  0.9204263   0.02409106 -0.22621939]
Camada: saida
Peso 1:
[[ 6.78478718e-01  3.95425826e-01]
 [ 1.36208511e-03 -1.52511418e-01]
 [ 1.22539334e-01 -4.92266804e-01]
 [ 1.75824070e+00 -2.04801702e+00]
 [ 2.54978985e-01 -5.18805742e-01]
 [-6.08254433e-01 -5.96404523e-02]
 [-1.40654624e+00  1.15275800e+00]
 [ 4.02911380e-02 -6.23431563e-01]
 [ 1.67519200e+00 -2.17338610e+00]]
Peso 2:
[-0.96193415  0.9619374 ]



pesos modelo: 
Test loss: 0.0001, Test accuracy: 1.0000
Camada: meio
Peso 1:
[[ 0.18051285  0.3987831   0.08570504  0.18729109 -0.43481517  0.19613147
   0.02020669  0.1587649   0.2702604 ]
 [ 0.06688246  0.18349129  0.1286896   0.3903204   0.27952778 -0.21034591
   0.01174452  0.47448528 -0.43260446]
 [ 0.04336437  0.20955981  0.26194587 -0.16362879  0.42250067  0.3979719
   0.39881256 -0.16195337 -0.3378361 ]
 [ 0.20997526  0.4105883  -0.34522948  0.19177394  0.45377824  0.12185521
   0.0690565   0.3674133   0.00377569]
 [-0.19490622  0.27166814 -0.00962408 -0.12498575  0.23984623  0.27010217
   0.48807675  0.40588722 -0.41224593]
 [ 0.14834882 -0.1315372  -0.11576125  0.40622875  0.2503759  -0.01388302
   0.1295595  -0.00437313 -0.35187733]
 [ 0.27831     0.17729042 -0.37196407  0.20283245 -0.03267296  0.4694592
   0.34272623  0.24278003 -0.01908848]
 [ 0.25220963  0.29265735 -0.1129481   0.16233277 -0.14398086  0.10856016
  -0.0546808   0.04450903 -0.15993372]
 [ 0.62307996  0.16174285 -0.28861737  0.33912814  0.26978686  0.27596387
  -0.19750448 -0.32865554  0.381649  ]
 [-0.21980636 -0.0422323   0.12238489  0.03996219  0.15764827 -0.17524342
   0.04930189  0.06804563 -0.3196354 ]
 [ 0.1603884   0.05736916  0.37496388  0.03706525 -0.3115387   0.36701587
   0.2172918  -0.00841353 -0.17658179]
 [ 0.27147892  0.3271472  -0.10229039  0.32703537  0.08437894 -0.21189533
  -0.14705601 -0.31551275  0.07521974]
 [ 0.06940988  0.30040592  0.39298812 -0.14561361  0.17597046  0.25753605
   0.15616776 -0.09419285 -0.05265241]
 [ 0.1753892  -0.1764931   0.37346646  0.05385914 -0.08029032  0.29246342
  -0.10043855 -0.01713663  0.3190141 ]
 [ 0.16659798 -0.13165867  0.05608542  0.36840874  0.28796083  0.04030101
  -0.01058603  0.36655617 -0.37951103]
 [ 0.15612313 -0.2046121   0.32347757  0.09996259  0.3753758   0.41134357
   0.04301455  0.42380887  0.21748011]
 [ 0.18082896 -0.17194757 -0.11925569  0.28630075  0.22910134  0.48788953
   0.39065567  0.3874826   0.39341852]
 [ 0.41809705  0.37432462 -0.30283615  0.46892875  0.16640343  0.3109007
   0.31494147  0.3913385   0.41354367]
 [ 1.8595356  -0.6798786  -0.2486666  -1.5101461  -0.17198372 -1.4243797
   0.90849996  0.2830607   0.36407876]
 [ 1.9261622  -0.7121369   0.09474608 -1.4034685  -0.04012772 -1.2661394
   1.0855548   0.5781057   0.10378157]]
Peso 2:
[-0.29529503  0.27809894  0.0157972   0.76937366 -0.01097897  0.64171
 -0.11813791 -0.06028642 -0.04487601]
Camada: saida
Peso 1:
[[ 2.1636937  -1.5071298 ]
 [-1.095097    0.24809311]
 [ 0.4744496   0.6933839 ]
 [-1.2498757   1.8165989 ]
 [-0.5301886  -0.39509356]
 [-1.3288999   1.6130002 ]
 [ 1.0341475  -0.89282984]
 [ 0.37639454 -0.44033968]
 [ 0.19744001 -0.41299278]]
Peso 2:
[-0.11407121  0.11407532]



pesos modelo: 
Test loss: 0.0001, Test accuracy: 1.0000
Camada: meio
Peso 1:
[[-1.49343312e-02 -2.98642427e-01 -1.22444242e-01  3.23911726e-01
  -3.80165339e-01 -7.60854185e-02 -1.83540344e-01  1.37396157e-01
   1.68680012e-01]
 [ 2.87255228e-01  8.07257742e-02  3.57514769e-01  9.40778553e-02
   1.12181894e-01  1.91587657e-01 -9.30807088e-03 -2.82216400e-01
  -3.07859272e-01]
 [ 1.55124664e-01  6.41366541e-02 -1.87691018e-01 -1.61066093e-03
   2.64419436e-01 -3.46017003e-01  1.70455217e-01 -2.19049528e-01
   2.12155163e-01]
 [ 8.03185394e-04 -2.76513975e-02 -2.16933474e-01 -1.95917189e-02
   8.18333551e-02  1.57347061e-02  2.05506179e-02  5.26521802e-02
   8.14810991e-02]
 [ 4.75782752e-02  1.63519293e-01 -3.12987268e-01  1.77718073e-01
   4.25078481e-01 -3.74404103e-01 -5.10750040e-02  2.79006660e-01
  -4.54586804e-01]
 [ 1.81939796e-01  6.74087461e-03 -4.18337256e-01  1.63451001e-01
   5.39798558e-01 -6.87552691e-02  2.38192737e-01 -1.11279435e-01
   3.62402678e-01]
 [ 4.37018387e-02 -3.44560593e-02 -2.00869620e-01  4.56328653e-02
  -2.92213727e-02  2.01887544e-02 -2.20679656e-01 -3.64944339e-01
  -1.94349304e-01]
 [ 2.88048118e-01 -5.73571399e-02  3.31314236e-01  1.10324055e-01
   1.69750422e-01 -4.16040756e-02  1.07174754e-01 -3.37898135e-01
   3.29591870e-01]
 [ 2.53078461e-01  2.64854640e-01 -4.83064242e-02 -7.46930391e-02
   5.33987992e-02  2.59995431e-01  3.70436013e-02 -1.12258486e-01
   1.93126380e-01]
 [ 2.56537139e-01  1.73694223e-01  3.15782800e-02  1.81622684e-01
   1.78765610e-01 -3.34617883e-01 -7.94715136e-02  2.92638481e-01
  -2.07516197e-02]
 [ 2.07881644e-01 -1.76551566e-01  2.90355802e-01 -4.10348736e-02
  -1.62942812e-01 -4.38553572e-01  2.37943739e-01  4.46194261e-01
  -3.47657531e-01]
 [ 5.17506063e-01  1.00981034e-01 -2.43389547e-01  1.04751088e-01
   3.24018389e-01 -7.20899552e-02  3.95255327e-01 -4.88846973e-02
   1.13829635e-02]
 [ 2.40376145e-01  1.23702817e-01 -4.70490515e-01  1.31062448e-01
   3.14032137e-01 -5.72226057e-03  1.35565132e-01  2.70200700e-01
  -4.22604859e-01]
 [ 1.87048569e-01  1.42675519e-01  2.44078636e-02  5.74258575e-03
  -8.20559710e-02 -7.66799077e-02 -4.53635231e-02  4.87953007e-01
  -2.83489257e-01]
 [ 3.10568124e-01 -2.22461400e-04 -2.27955118e-01  3.33858170e-02
   2.84536108e-02  2.84843951e-01  1.87450543e-01  2.20437452e-01
  -1.35149181e-01]
 [-1.73047766e-01  1.05840325e-01 -1.83878347e-01  1.46733716e-01
   6.28172457e-01  6.50742352e-02  2.48290673e-02  3.46878797e-01
  -4.82831672e-02]
 [ 2.41596013e-01  1.74535111e-01  1.19023904e-01  9.51901600e-02
   4.12072390e-01 -4.31085855e-01  2.17125386e-01  1.16098903e-01
  -4.77051437e-01]
 [ 2.24871546e-01 -1.39034674e-01 -5.50617836e-02  1.40096217e-01
   1.30212680e-01 -4.00171697e-01  7.68512264e-02 -1.85096115e-01
   9.80979502e-02]
 [-8.60107183e-01  1.23682511e+00  2.03206927e-01  2.10140467e+00
  -1.02525806e+00  1.61830395e-01  1.33847642e+00 -1.22927085e-01
  -3.31325740e-01]
 [-1.12446558e+00  1.03940296e+00  1.46732703e-01  2.06045628e+00
  -7.67892063e-01 -2.78116465e-01  1.50450027e+00 -3.21143717e-01
  -1.87079400e-01]]
Peso 2:
[ 0.7110451  -0.11022474 -0.04115463 -0.30260357  0.70455706 -0.07886636
 -0.20783558  0.17141008 -0.10059822]
Camada: saida
Peso 1:
[[-1.6428021   0.73933595]
 [ 1.3789917  -0.71051663]
 [ 0.07865776  0.28733072]
 [ 1.8053424  -2.030816  ]
 [-0.8575      1.3605328 ]
 [ 0.6824114  -0.20229012]
 [ 1.5222083  -1.0619048 ]
 [-0.23007937  0.40779632]
 [ 0.5893688   0.42708734]]
Peso 2:
[-0.45386273  0.4538664 ]



pesos modelo: 
Test loss: 0.0002, Test accuracy: 1.0000
Camada: meio
Peso 1:
[[-2.33653069e-01  3.44695091e-01  3.69716525e-01  3.74201417e-01
  -3.60969931e-01 -3.19720030e-01  3.50764573e-01 -9.07463431e-02
   2.35016048e-01]
 [-8.73229876e-02  4.96779323e-01  6.41423762e-02  3.47738415e-01
   3.01518559e-01  8.05682912e-02  2.82523274e-01 -3.39615971e-01
   2.14602470e-01]
 [ 1.92990333e-01 -8.55920389e-02 -1.84391499e-01  9.35951993e-02
  -2.95824260e-01  4.74380441e-02 -1.66051239e-01 -3.65331471e-01
   3.60052645e-01]
 [-3.97021860e-01 -2.31224492e-01  2.78524328e-02  1.86775371e-01
  -3.84031266e-01  3.09617575e-02  4.97419424e-02 -3.44447643e-01
  -1.61037371e-01]
 [-1.17388807e-01  2.09323302e-01  1.80672452e-01  2.40398601e-01
  -8.85087624e-02  3.01998835e-02  9.62789694e-04 -3.13712120e-01
  -1.07620634e-01]
 [-2.05636278e-01 -1.87022313e-01  1.06497377e-01  3.04557920e-01
  -3.58090967e-01 -1.64053787e-03  3.20838511e-01  2.28471741e-01
   3.29118282e-01]
 [ 2.37797275e-01  4.76292461e-01  6.88396990e-02  1.94455013e-01
   1.47176817e-01  2.37165368e-03  2.00720027e-01 -3.99973541e-01
   3.35875422e-01]
 [-1.19234048e-01  1.36550292e-01 -1.26169920e-01  6.13152934e-03
   8.96585286e-02  4.97427024e-02 -2.30337992e-01  1.87068015e-01
  -2.63525546e-01]
 [ 2.08209172e-01  4.10092831e-01 -3.11612524e-02  2.44873837e-02
  -1.70289993e-01  7.10043311e-03  2.29365192e-02 -3.13217789e-01
  -1.97840527e-01]
 [-3.40923101e-01 -2.73554295e-01  8.56953934e-02  1.68745473e-01
  -1.92412272e-01 -1.52485605e-04  1.34231150e-01 -1.88094869e-01
  -3.17947567e-01]
 [ 1.21364035e-01 -1.40763700e-01 -5.67992926e-02  5.34735397e-02
   3.85456651e-01 -3.67425196e-02  2.63123065e-01 -2.59182394e-01
  -3.11450243e-01]
 [ 1.96624920e-01 -3.00875127e-01  2.00919911e-01  4.76710111e-01
   1.71149373e-01  1.36409387e-01 -2.93161213e-01  1.60511732e-01
  -3.26145858e-01]
 [-1.89298928e-01  4.28981692e-01  2.59152770e-01  5.45928180e-01
  -3.59720200e-01  1.86487302e-01 -1.10810839e-01 -2.75219113e-01
  -2.70020634e-01]
 [ 1.15254439e-01  1.90553516e-01  2.06444133e-02  3.72745752e-01
  -1.90776527e-01  1.07318424e-01  1.41397536e-01 -3.39786202e-01
   8.63192230e-03]
 [-1.33161545e-01  2.75341570e-01  8.07747841e-02  5.48245966e-01
  -2.22450972e-01  2.07404628e-01 -1.45102277e-01 -4.40289732e-03
   3.00408781e-01]
 [-2.92604953e-01 -3.75094384e-01  1.28147095e-01  2.75058925e-01
  -2.51924306e-01  5.01262657e-02 -1.96126297e-01 -3.86088222e-01
   5.91898384e-03]
 [-5.67669701e-03 -1.05712026e-01  2.11485960e-02  1.65204480e-01
   1.24437444e-01  1.30100651e-02 -1.16955303e-01 -9.80373174e-02
   4.24736530e-01]
 [-3.09029639e-01 -3.30772132e-01  2.38781482e-01  5.13083994e-01
   2.59382069e-01  1.47813991e-01 -2.14779466e-01  1.08615510e-01
  -3.47128868e-01]
 [-2.88501024e-01 -2.12952718e-01  6.59363091e-01 -8.62265050e-01
   1.51724547e-01  2.82982087e+00  3.88084531e-01  3.42060924e-01
   1.36142805e-01]
 [ 6.48296416e-01 -1.73869506e-01  1.32473171e+00 -7.55721748e-01
   3.27478886e-01  2.44820356e+00  1.02139854e+00  3.62316936e-01
   7.65586853e-01]]
Peso 2:
[-0.02404453  0.14545734 -0.22660781  0.9984951   0.01600113 -0.2638184
  0.0493746  -0.11505457 -0.00271591]
Camada: saida
Peso 1:
[[ 0.68648064 -0.1952513 ]
 [-0.18209018  0.38440356]
 [ 0.9169078  -0.9355376 ]
 [-1.166256    1.4495306 ]
 [-0.22827443 -0.4205363 ]
 [ 2.490377   -2.6357827 ]
 [ 0.7859976  -0.36242187]
 [-0.54061836  0.5027562 ]
 [ 0.15970908 -0.3850835 ]]
Peso 2:
[-1.0650287  1.0650305]



pesos modelo: 
Test loss: 0.0001, Test accuracy: 1.0000
Camada: meio
Peso 1:
[[ 2.52875388e-01  2.75908709e-01 -4.44561929e-01 -3.37705731e-01
  -1.97695792e-01 -5.05071580e-02  3.48018348e-01  1.63865387e-01
   4.11144137e-01]
 [-4.81057078e-01 -6.76253736e-02  1.48609489e-01  2.99985290e-01
   1.86601177e-01  5.99553362e-02 -4.67395447e-02  4.57245827e-01
   7.18942806e-02]
 [-4.10119981e-01  1.42754391e-01 -2.30944745e-04  4.72349942e-01
   3.64738345e-01 -4.94729057e-02  4.58769172e-01  2.99465567e-01
   2.24020734e-01]
 [-1.16415918e-01 -6.62780413e-03  3.11835948e-02 -7.64218643e-02
  -3.54723454e-01  1.26154460e-02  3.40194583e-01 -6.34802207e-02
  -6.11988306e-02]
 [-3.57128009e-02  2.53279656e-01  2.40909070e-01  1.47188231e-01
  -1.36365607e-01  5.55251181e-01 -2.62864739e-01  4.91916031e-01
  -1.18388861e-01]
 [-3.82898329e-03 -1.23961762e-01 -3.29105780e-02 -1.12565257e-01
   3.79045665e-01 -4.44998667e-02  2.90530026e-01  9.30596143e-02
  -2.40559936e-01]
 [-1.71571568e-01 -1.45207159e-02  7.88486451e-02  3.89687896e-01
  -1.06140291e-02 -1.82493687e-01  3.72372031e-01  4.15971607e-01
   2.71436274e-02]
 [-2.39383548e-01  2.71130294e-01  9.59313363e-02  5.72547503e-02
   2.05371082e-01  7.15548337e-01 -1.09111704e-01 -2.10429877e-01
  -3.87800574e-01]
 [ 2.00758800e-01  1.10040203e-01  2.20657185e-01  4.22812253e-01
  -3.59531939e-01  2.83589900e-01  1.00433350e-01  1.02483638e-01
  -1.78537145e-01]
 [-2.25913569e-01  1.58642102e-02  1.37025133e-01 -2.95598835e-01
   2.95368224e-01  6.11244559e-01 -1.76409349e-01 -8.48713368e-02
   9.96586829e-02]
 [ 1.82473615e-01 -8.42358619e-02  4.10120450e-02 -2.35888660e-01
  -8.59172046e-02  6.08364344e-02  4.65205282e-01 -1.25553817e-01
  -2.33042374e-01]
 [ 3.06272209e-01 -1.49187148e-02  1.18697517e-01 -2.37205580e-01
   1.04809046e-01  3.54934752e-01  4.40793604e-01 -1.95186198e-01
  -3.51243109e-01]
 [-9.44043547e-02  1.32111058e-01  9.78660807e-02 -2.74605721e-01
   2.20369428e-01  6.50925636e-01 -3.84287834e-01  2.06979532e-02
   2.27398083e-01]
 [-3.57037216e-01 -8.22351575e-02  2.12596700e-01 -2.67758399e-01
   2.82586277e-01  6.43133700e-01  1.49672136e-01 -3.25968206e-01
   4.28290032e-02]
 [-3.47347438e-01  2.34473094e-01  5.34593314e-02  5.23128271e-01
  -3.50469351e-01  1.38128206e-01  3.23152572e-01 -1.12913385e-01
  -7.27157667e-02]
 [ 3.22826833e-01  1.85914218e-01 -6.43520197e-03  4.26619738e-01
   1.94005936e-01  2.40221918e-01 -9.98947918e-02 -7.15718139e-03
   2.47807503e-01]
 [ 6.25844151e-02  2.98102247e-03 -1.72488168e-02  4.66942459e-01
   3.96153241e-01  5.36559373e-02  4.27220669e-03 -1.39648970e-02
  -3.70448172e-01]
 [-2.34847009e-01  3.21706720e-02  3.89007658e-01 -3.30738910e-02
  -2.66654462e-01  4.65338558e-01  3.76241833e-01  3.51290941e-01
  -4.42971647e-01]
 [ 1.84099510e-01  1.72901380e+00  2.32727242e+00 -2.17975974e-01
   9.10607219e-01 -7.87291169e-01 -5.14077432e-02 -4.37340826e-01
   1.45835429e-01]
 [ 1.96232215e-01  1.48960721e+00  2.21282649e+00 -5.81678212e-01
   2.54814267e-01 -1.25293148e+00 -3.41531098e-01 -3.90862733e-01
  -1.21829137e-01]]
Peso 2:
[-0.09063254 -0.07907888 -0.39697215  0.25625595 -0.0501353   0.88440055
  0.16198187  0.30457217 -0.0361294 ]
Camada: saida
Peso 1:
[[-0.23786466  0.07584293]
 [ 1.8254803  -1.0071117 ]
 [ 2.4630187  -1.8657053 ]
 [-0.31432137  0.6352615 ]
 [ 0.9801567   0.12751272]
 [-0.9924768   1.6998328 ]
 [-0.5239261   0.26747534]
 [-0.64770365  0.66322994]
 [-0.48653778  0.19578485]]
Peso 2:
[-0.45428228  0.4542847 ]



pesos modelo: 
Test loss: 0.0001, Test accuracy: 1.0000
Camada: meio
Peso 1:
[[ 4.21565771e-03 -1.20787174e-01  2.63709664e-01  1.64731860e-01
   3.70711267e-01  4.50032711e-01  3.25690031e-01 -4.44917202e-01
  -2.34887004e-02]
 [-7.16981515e-02  3.32228869e-01 -1.90787151e-01 -2.96636581e-01
   3.55028629e-01  3.27210516e-01  1.14366919e-01 -6.67234883e-03
  -3.92753929e-01]
 [-5.53436093e-02  2.55244166e-01  2.34711524e-02 -4.00611609e-01
   5.63966513e-01  2.19023690e-01  1.60616338e-01  4.09593731e-02
   3.59425545e-02]
 [-6.46901801e-02 -4.31763113e-01 -2.77232051e-01  3.94768417e-01
   1.40365124e-01 -9.19733122e-02  3.65663655e-02  4.23055626e-02
  -3.08886111e-01]
 [ 8.03965554e-02  3.31817478e-01 -9.24453326e-03  4.94974494e-01
   1.94977194e-01 -2.51264572e-01  1.14054188e-01 -2.33784094e-01
   2.17179388e-01]
 [ 2.01184183e-01  2.68493652e-01  5.50477877e-02 -2.77452916e-01
   1.52098387e-01 -3.33896220e-01 -1.90189462e-02 -3.13455641e-01
  -3.56601328e-01]
 [-9.30502564e-02  2.54588038e-01 -3.65242094e-01  2.52212942e-01
   2.58230507e-01 -1.80668101e-01  1.20044455e-01  3.34801316e-01
   1.22639954e-01]
 [-5.26639051e-04  3.95816535e-01  3.31896335e-01  8.40948224e-02
   8.34338367e-02 -3.52836013e-01  3.10356561e-02 -1.26065359e-01
  -2.98668474e-01]
 [ 2.41011530e-01  4.80098277e-01 -2.65817404e-01  3.99478942e-01
   2.13663459e-01 -4.61435109e-01  8.59051868e-02 -1.54333794e-02
  -4.33193952e-01]
 [ 4.61690314e-02 -1.87282696e-01  1.07464999e-01  5.15625119e-01
   4.30824280e-01  1.32192597e-01  1.34237513e-01  2.98692018e-01
  -2.63378382e-01]
 [-1.14449270e-01  3.56073916e-01 -1.85585022e-01 -2.78016496e-02
   3.36280435e-01 -3.94778222e-01  1.40544161e-01  1.45525962e-01
   3.39911073e-01]
 [-2.11490035e-01 -3.26100171e-01  1.94101945e-01 -1.94847539e-01
   2.12645501e-01  1.17344864e-01  3.38138752e-02 -2.19837978e-01
  -2.29071245e-01]
 [ 1.41103640e-01 -2.60571629e-01  9.35570523e-02 -2.37486824e-01
   3.91905993e-01  2.84074955e-02  3.10505219e-02 -1.31950080e-01
  -4.05057698e-01]
 [ 1.46325782e-01 -3.92785907e-01 -1.74985677e-01  5.26641726e-01
   1.78702638e-01 -4.21852946e-01  4.14282642e-02 -3.73600394e-01
  -4.40377891e-01]
 [ 1.43178716e-01 -2.28228927e-01  1.78842083e-01 -2.58590102e-01
   3.42109561e-01 -3.94997925e-01 -9.24468599e-03  1.87461242e-01
  -1.04624733e-01]
 [ 1.46716818e-01  4.91110474e-01  1.54219598e-01  3.22160199e-02
   6.47656247e-02 -4.46150750e-01 -1.00612519e-02  1.20020881e-01
  -2.48221323e-01]
 [ 2.05505993e-02  6.41068667e-02  3.69689792e-01  9.22651216e-02
   5.56620717e-01 -3.20389301e-01  1.58534646e-01  1.81371048e-01
  -2.82686144e-01]
 [-1.38937712e-01  5.56521602e-02  1.31518945e-01 -2.75028229e-01
   4.66135591e-01 -2.22959779e-02  1.20673396e-01  3.33560765e-01
  -2.74270743e-01]
 [ 1.24474216e+00 -1.92300782e-01  6.99914098e-01 -4.23365921e-01
  -8.60822558e-01  6.08282611e-02  2.58535886e+00  3.58991116e-01
  -2.19365999e-01]
 [ 7.50136793e-01  1.06125809e-01 -1.24432668e-01 -1.95495471e-01
  -6.99411869e-01  3.31884027e-01  2.90362763e+00  2.25948945e-01
   2.02343151e-01]]
Peso 2:
[ 0.00675393  0.16343513 -0.13442695  0.27078745  0.8533488  -0.10440935
 -0.35217708 -0.01078315 -0.01175849]
Camada: saida
Peso 1:
[[ 0.66523105 -0.79509544]
 [-0.04561111  0.5767783 ]
 [ 0.5338444   0.11894093]
 [-0.22578457  0.6692132 ]
 [-1.4749976   0.8985554 ]
 [-0.42954072  0.53658974]
 [ 2.7924035  -2.5838232 ]
 [ 0.73168045  0.247439  ]
 [-0.70130104  0.20029895]]
Peso 2:
[-0.8372681  0.837272 ]



pesos modelo: 
Test loss: 0.0001, Test accuracy: 1.0000
Camada: meio
Peso 1:
[[ 2.79422283e-01 -3.40104014e-01  2.01368868e-01 -1.86336637e-02
   3.20379734e-01  2.32892096e-01  6.77736998e-02  4.51146066e-01
   4.14396882e-01]
 [ 8.07165429e-02  1.44985288e-01  6.00313842e-01  2.03039646e-01
   3.28839511e-01 -3.65254581e-01  1.09405048e-01  2.12662891e-01
   1.82692140e-01]
 [ 2.51144692e-02 -1.15676284e-01  2.15531901e-01 -3.52180064e-01
  -3.42256695e-01 -2.77066678e-01  6.84391856e-02 -1.27259016e-01
  -2.66832523e-02]
 [ 6.46970794e-02  1.49928316e-01  4.88665253e-01 -1.38864875e-01
  -2.70284384e-01  3.27725187e-02  1.03353247e-01 -2.42300242e-01
  -3.26403618e-01]
 [ 5.91165461e-02  1.68982789e-01  5.40352821e-01  4.44412410e-01
  -2.41705298e-01 -3.88578296e-01  1.74204841e-01  5.64562669e-03
  -1.04511730e-01]
 [ 2.81744450e-02  8.28181356e-02  3.08547586e-01 -3.15254539e-01
  -4.37873870e-01  1.39016369e-02 -1.73447188e-02 -1.94435745e-01
  -1.06958598e-02]
 [ 8.51984769e-02  4.53601452e-03  5.74191451e-01 -1.60379991e-01
   1.38558000e-01  1.94791295e-02  9.81248319e-02 -2.37693846e-01
   9.48745236e-02]
 [ 9.35421064e-02  2.16861945e-02  3.19875419e-01  1.29214212e-01
  -1.59573317e-01  2.98525572e-01  2.89370865e-02  3.99627298e-01
  -1.61216125e-01]
 [ 6.36295974e-02  3.03781349e-02  4.68388677e-01  1.37365296e-01
  -1.10596262e-01  3.25302482e-01  1.67189807e-01  3.60844702e-01
  -8.70931335e-03]
 [ 4.24984433e-02  1.36214513e-02  4.27864015e-01 -1.16202071e-01
  -3.11584443e-01 -4.03296560e-01  1.30224556e-01 -1.54142082e-01
  -1.91722740e-03]
 [ 7.00496603e-03  1.03070810e-01  1.70243651e-01  1.14667617e-01
  -2.95595527e-01  2.29515493e-01 -9.82598662e-02 -2.77248025e-01
   1.01465523e-01]
 [ 1.19701521e-02  2.06965394e-02 -1.99215766e-02  1.30142629e-01
   3.03272516e-01 -1.64138719e-01 -1.02743343e-01  4.62477565e-01
   8.82972628e-02]
 [ 6.78764656e-02  3.55769880e-02  4.81254935e-01 -2.18253881e-01
  -2.53916562e-01  9.60556716e-02  1.72001831e-02 -2.63249874e-01
   1.28636315e-01]
 [ 2.12920550e-03  5.71231730e-02  2.60496199e-01 -2.15343431e-01
  -1.09960022e-03  3.31959128e-01 -1.63594652e-02  1.54301584e-01
   2.13336587e-01]
 [ 8.52857530e-02  1.73716635e-01  3.84831846e-01  4.40354258e-01
  -3.22186828e-01 -2.05072805e-01  2.41244137e-02  2.08187804e-01
  -1.65632352e-01]
 [ 4.99188304e-02 -7.76619241e-02  4.76568222e-01 -3.46433282e-01
   5.55140227e-02  6.89975172e-02  1.36086956e-01  2.26938695e-01
   3.03723693e-01]
 [ 5.52208684e-02  2.83304928e-03  4.47552562e-01  4.29579586e-01
   1.46899790e-01  2.50352477e-03  1.11643068e-01  1.68808147e-01
   3.05917323e-01]
 [-1.21015701e-02 -1.09786116e-01 -2.35163160e-02 -1.80252776e-01
  -2.24533141e-01 -1.98476598e-01 -5.94338998e-02 -3.79096925e-01
   4.10030074e-02]
 [ 2.12380195e+00  1.14611888e+00 -5.25392413e-01  3.34107764e-02
  -1.69961840e-01  4.74705994e-01  1.64854848e+00 -4.73307550e-01
   8.44595134e-01]
 [ 2.62959051e+00  9.01201129e-01 -1.09087445e-01 -1.65895745e-01
   2.60111559e-02 -1.19238988e-01  1.36976516e+00 -2.18059644e-01
   6.00775540e-01]]
Peso 2:
[-0.25194812 -0.1565706   0.73849916  0.11331755 -0.10511377 -0.02507156
 -0.20274724  0.17307197 -0.12822804]
Camada: saida
Peso 1:
[[ 2.0661037  -2.5605047 ]
 [ 1.1483501  -0.7642086 ]
 [-1.4375792   0.6772793 ]
 [ 0.08053615  0.55896175]
 [ 0.62627065 -0.0679138 ]
 [ 0.7613916   0.5538938 ]
 [ 1.0444947  -1.596475  ]
 [-0.11010816  0.43045565]
 [ 0.37067047 -0.5700962 ]]
Peso 2:
[-1.1294303  1.1294355]



pesos modelo: 
Test loss: 0.0002, Test accuracy: 1.0000
Camada: meio
Peso 1:
[[ 0.0744471  -0.26142997 -0.31574762  0.39157808 -0.24633712 -0.38627145
   0.09359306 -0.40784454 -0.10959807]
 [-0.04575544  0.17792715  0.5712535  -0.16944845 -0.230966    0.30640006
   0.28279138  0.01882413 -0.09089448]
 [ 0.08311751  0.06841344  0.01896943  0.42263332 -0.12852243 -0.1503232
   0.2663274   0.17611167  0.08393379]
 [-0.14867708 -0.00675278 -0.10338912 -0.02269219 -0.35257727 -0.19797021
   0.21976215 -0.09865094  0.14227071]
 [-0.3082655  -0.10603127  0.14014776 -0.02490747  0.12299255  0.18367057
   0.25766596  0.24113283  0.1987613 ]
 [-0.28293824  0.29555863  0.01679527 -0.01340875 -0.2312991   0.29033157
  -0.30316946  0.3137852   0.2917894 ]
 [ 0.43261334  0.19246134 -0.10648105  0.3290088   0.04900485  0.16870305
   0.27350944  0.11691995  0.46561393]
 [ 0.36977515  0.03509137  0.09135921  0.10748665  0.35990998 -0.23841906
  -0.01403074  0.17687313 -0.06460778]
 [ 0.12482681  0.0763772   0.1948249   0.24510363  0.02246697 -0.39802414
   0.4620979  -0.09076726 -0.07683856]
 [ 0.25251436  0.30349973 -0.08410084  0.06331286 -0.4045287  -0.20205478
   0.14050002 -0.24144274  0.18529029]
 [-0.31455848 -0.154269    0.34454334  0.16090016 -0.15484984 -0.19434167
   0.24676092  0.3027228  -0.25534686]
 [ 0.21956843  0.4201032   0.02213101  0.430622   -0.16963603 -0.38431668
  -0.17379364  0.35663888  0.28016272]
 [-0.28148195 -0.03764462  0.07027059  0.00370225  0.14417127 -0.28065124
   0.0477112   0.21550515  0.06124217]
 [-0.4075097   0.0468449   0.5209112   0.1632764  -0.09753747 -0.25980476
   0.319523    0.25236386 -0.19967943]
 [-0.03058781  0.06513193  0.2294749   0.24466129 -0.4182567  -0.27720195
   0.1505568   0.26714957 -0.03343619]
 [ 0.32032466  0.30755442  0.50966007 -0.02311288  0.20295751  0.14647886
   0.155524    0.21901089  0.17535257]
 [-0.2440946   0.19075906  0.0573315  -0.03067931 -0.27822036 -0.06488027
   0.14722419  0.08288809  0.37479207]
 [-0.25703079  0.23211363  0.04379125 -0.14392933 -0.01162083  0.11019171
   0.06722119  0.06452619  0.44495133]
 [-0.06378327 -1.3106028   1.2470807   1.2423913  -0.32177097  0.07989898
  -1.3140153  -1.1874359   0.97123134]
 [-0.36714658 -1.2997868   1.1871284   0.96584386  0.18227305 -0.21482775
  -1.120448   -1.4527638   1.2173477 ]]
Peso 2:
[ 0.0686057   0.77085257 -0.12612687 -0.01370231  0.00158325 -0.01767355
  0.55768496  0.7315327  -0.03254646]
Camada: saida
Peso 1:
[[ 0.31506696  0.75759345]
 [-1.3551905   1.5239674 ]
 [ 1.6113499  -1.0235925 ]
 [ 0.7774562  -1.3592908 ]
 [ 0.36781716  0.41589966]
 [ 0.6863067   0.14197312]
 [-1.3130302   1.31846   ]
 [-1.4877434   1.4381    ]
 [ 1.0952052  -0.93355614]]
Peso 2:
[ 0.07063016 -0.07062645]



pesos modelo: 
Test loss: 0.0004, Test accuracy: 1.0000
Camada: meio
Peso 1:
[[-3.81969035e-01 -2.61412531e-01  3.49835813e-01  2.27351010e-01
   2.90407598e-01  2.88691998e-01  3.70270967e-01 -2.23065525e-01
  -2.60578692e-01]
 [ 3.86589281e-02 -9.47398990e-02  2.09665764e-02 -7.00694844e-02
   4.23406363e-01 -7.19147874e-03  1.45810857e-01  2.35016078e-01
   1.32057503e-01]
 [ 1.47727937e-01  2.41516829e-01 -3.37149382e-01  1.46911606e-01
   4.38365079e-02 -8.17252994e-02  1.98490128e-01  5.31724930e-01
   1.45770475e-01]
 [ 3.31041813e-01 -1.53279692e-01 -3.50854814e-01 -2.38301177e-02
   3.53706092e-01  3.46949190e-01  1.91745520e-01  3.79549831e-01
   4.32215720e-01]
 [ 1.81083918e-01 -1.73695758e-01 -4.22134578e-01 -1.40062973e-01
   2.47050487e-02 -1.92940354e-01  2.34135225e-01  5.45238435e-01
  -3.07086229e-01]
 [ 1.83632746e-01  7.30850771e-02 -2.15047508e-01  3.07033300e-01
  -2.08383173e-01 -4.92350608e-02  2.05765426e-01  5.19504905e-01
   4.71381754e-01]
 [ 2.47382462e-01  5.42122126e-02  2.39768311e-01  9.92688388e-02
  -3.57824594e-01  2.66997516e-01  1.52117580e-01  5.14154911e-01
  -3.51818930e-03]
 [-1.13387927e-01 -3.22032422e-01 -3.99703532e-01 -1.67394280e-01
  -4.30815548e-01 -3.92786592e-01  4.23902608e-02  6.56757280e-02
  -2.83300936e-01]
 [ 1.15055710e-01  4.40914005e-01 -2.28455618e-01  2.88408875e-01
  -4.81718630e-02 -1.35934174e-01  3.43095548e-02  3.33848536e-01
   2.74540484e-01]
 [-2.74092734e-01 -7.02628046e-02  1.19190820e-01  4.39339429e-02
  -4.17160928e-01 -9.81062651e-02  2.40106322e-02  8.71432722e-02
  -2.39481732e-01]
 [ 5.09513207e-02  2.33994216e-01 -3.69056821e-01 -2.76934564e-01
   1.92210063e-01 -4.12788332e-01 -7.21473396e-02 -1.75651256e-02
  -2.47322947e-01]
 [-3.29736359e-02 -3.80668670e-01 -4.51292582e-02  3.37580800e-01
   2.63806939e-01 -4.21667963e-01  9.32814777e-02  1.88225746e-01
   4.71736133e-01]
 [-2.21456308e-02  2.63121039e-01  1.18389644e-01  2.15458974e-01
  -4.51406002e-01 -2.61703819e-01  1.58645198e-01  4.64849859e-01
   1.71408542e-02]
 [ 7.96616485e-04 -1.37883961e-01 -3.95266950e-01  3.64342213e-01
  -1.23395480e-01  2.69995034e-01  1.62934795e-01  4.48483437e-01
   2.34605387e-01]
 [ 2.83873439e-01 -3.91347939e-03  2.48809680e-01  1.78192798e-02
  -3.63874197e-01 -1.79453224e-01 -1.77890044e-02  8.10689926e-02
   4.30119604e-01]
 [ 9.22618248e-03  1.38263404e-01 -4.39166546e-01  2.95222569e-02
  -1.19473137e-01 -2.67202199e-01  2.50623077e-02  7.96358958e-02
   2.81843424e-01]
 [-1.44446030e-01  2.78373361e-01 -1.09564587e-01  7.84288868e-02
   1.84671536e-01 -2.93675661e-01 -9.54413041e-02  5.39913401e-02
  -2.91179806e-01]
 [-9.70172957e-02  4.29471433e-02 -4.17710125e-01  1.55041933e-01
  -1.60008550e-01 -2.30308771e-01  1.45529956e-01  3.82708132e-01
  -1.17914848e-01]
 [ 1.31265652e+00  5.60497701e-01  4.11594689e-01  7.37644494e-01
   3.50741036e-02 -3.35524946e-01  2.28050375e+00 -1.27489698e+00
  -4.52829450e-01]
 [ 2.80749351e-01  3.75855297e-01 -3.34285945e-01  1.16219532e+00
   3.10278624e-01  1.09763689e-01  2.37809777e+00 -1.51529717e+00
  -3.97892475e-01]]
Peso 2:
[-4.8733791e-03  2.5564877e-02 -3.5301130e-04 -1.2952578e-01
 -2.5021959e-02 -3.6625266e-02 -3.4081078e-01  9.6737051e-01
  4.0022185e-01]
Camada: saida
Peso 1:
[[ 0.9030197  -0.79710567]
 [-0.03173888 -0.57895947]
 [-0.38674638 -0.5703227 ]
 [ 0.85962665 -0.8885942 ]
 [-0.58226985 -0.48044547]
 [ 0.5971262  -0.3323937 ]
 [ 2.2998319  -2.2194567 ]
 [-1.9190316   1.2151777 ]
 [-0.51879674  0.60636586]]
Peso 2:
[-0.4801806   0.48018378]



pesos modelo: 
Test loss: 0.0001, Test accuracy: 1.0000
Camada: meio
Peso 1:
[[-0.36024237  0.14560252 -0.32026336  0.18434232  0.19816244 -0.18617842
  -0.07735327 -0.26944172 -0.30302942]
 [-0.11691796 -0.29983622  0.52502567  0.12366105 -0.15262325  0.25269043
  -0.03327985  0.3806145   0.28481814]
 [ 0.36565018  0.35108995  0.45818013  0.11022942  0.01643867 -0.3593059
   0.31090772  0.2991449  -0.16145082]
 [ 0.24296407 -0.37125352  0.3638158  -0.04281471  0.23227637  0.10986806
   0.338583    0.03604836 -0.41825885]
 [ 0.0754099   0.41978097 -0.02655046 -0.3153107  -0.12315626  0.10703177
   0.11343641  0.04564479  0.09169302]
 [ 0.03539456 -0.06763817  0.46153095 -0.24200755  0.15503211  0.30069047
  -0.2421756   0.15141423 -0.01245239]
 [ 0.26994902  0.10757855  0.29259142  0.28812057  0.14178179  0.32892552
   0.4052873   0.10303258 -0.26521915]
 [-0.07234997  0.11613353  0.07839613  0.18076244  0.32219985 -0.24099685
   0.4673431   0.02142686 -0.24097225]
 [ 0.21471411  0.03142372  0.2524114   0.23318884  0.34079444 -0.4141097
   0.2998097  -0.00736241  0.257434  ]
 [ 0.03708587 -0.17434056  0.00592014  0.26670104  0.31759804 -0.00549479
   0.33417526 -0.175716   -0.34051833]
 [ 0.10300842  0.04203615  0.33690104 -0.2595276   0.17161718 -0.3945828
  -0.23454472  0.06731714 -0.3952058 ]
 [-0.2439488   0.2232169   0.04310038  0.02260004 -0.29095206 -0.37605384
  -0.16544907  0.19543226 -0.109496  ]
 [-0.20914014  0.4172595   0.12468703 -0.42656735  0.15638107  0.16658652
  -0.01437348  0.1378894  -0.2986391 ]
 [ 0.21346825  0.33174554 -0.07174212  0.23292753 -0.21104865 -0.28415018
  -0.2623286  -0.1265697  -0.11762819]
 [ 0.10541297  0.01276789  0.38399196 -0.05501815  0.19803214  0.03584059
   0.11539727  0.15231101  0.05240266]
 [ 0.25465643  0.09001099  0.57573247 -0.34097338  0.3531928  -0.27137518
  -0.05976322  0.17152911 -0.22160392]
 [ 0.33908042 -0.27024484  0.48166642 -0.19072315  0.06326985  0.17791903
   0.30402157  0.17641844  0.10302895]
 [-0.10382884  0.39013484  0.42762434 -0.4148281   0.16739918 -0.07781332
  -0.25033125  0.28580704 -0.30275992]
 [ 0.41788402 -0.18583521 -1.3897645   0.23300795  1.0858577   0.29469284
  -0.28287676  2.4631808  -0.34154427]
 [ 1.4205257  -0.41536802 -1.6217068   0.09186426  1.0231391  -0.19839211
  -0.5085334   1.8149768   0.3055367 ]]
Peso 2:
[-0.15218063  0.21384944  0.8980099  -0.07615104 -0.24507208 -0.09485399
  0.29241058 -0.32038411 -0.02232914]
Camada: saida
Peso 1:
[[ 0.9731599  -0.7859212 ]
 [-0.34122404  0.60841936]
 [-1.722684    1.7129232 ]
 [ 0.11008208 -0.4369353 ]
 [ 0.77128273 -1.0627749 ]
 [ 0.6356819  -0.04357404]
 [-0.41343638  0.6687465 ]
 [ 2.287933   -1.9757301 ]
 [-0.5091287   0.17069556]]
Peso 2:
[-0.3954951   0.39549816]



pesos modelo: 
Test loss: 0.0001, Test accuracy: 1.0000
Camada: meio
Peso 1:
[[-1.80613250e-01 -3.04388791e-01  2.39137769e-01 -5.91063201e-02
  -1.27404064e-01 -2.40779757e-01  2.52087593e-01 -3.81891280e-01
   2.09871113e-01]
 [ 1.32049471e-01  1.66858077e-01  4.22076613e-01 -1.74714655e-01
   8.43161251e-03  4.30656284e-01  1.52030215e-01  6.22757943e-03
   2.79337525e-01]
 [ 2.99246043e-01  7.39206895e-02  2.41563603e-01  2.66696334e-01
   2.61597961e-01  2.40625054e-01 -2.85448730e-01 -1.89416885e-01
   2.68189281e-01]
 [-3.46003532e-01 -1.88463092e-01 -1.90048695e-01 -1.34314537e-01
  -9.57199484e-02  4.82552946e-01  1.65569142e-01 -7.07868580e-03
   1.41423017e-01]
 [-1.45333588e-01  2.59274811e-01  1.82775885e-01  1.56402975e-01
   3.46898675e-01 -1.19714849e-01 -1.99330509e-01 -2.94867396e-01
  -1.39785223e-02]
 [ 2.63727188e-01  2.16944113e-01 -1.03232816e-01  1.49130076e-01
   3.02142024e-01  3.68242800e-01  4.21692729e-01 -2.19752621e-02
   7.06495121e-02]
 [-6.50969371e-02 -1.53823867e-01 -1.38138607e-01 -6.17743619e-02
  -6.70881271e-02  3.35227609e-01 -8.11581686e-02 -3.38392615e-01
   1.04408935e-01]
 [ 1.14314675e-01  2.04621702e-01  3.76750052e-01 -4.40473676e-01
   5.39680906e-02  1.21295005e-02  3.42794448e-01  3.34494799e-01
   2.63808441e-04]
 [-1.94892153e-01  1.46742418e-01 -8.90155360e-02 -1.62761044e-02
   1.01610877e-01  5.00272036e-01 -2.13505596e-01 -3.27716321e-01
   1.86504826e-01]
 [-9.26360264e-02  1.75850585e-01 -2.06779048e-01 -4.51010704e-01
  -1.11080244e-01  4.32298690e-01  6.97965473e-02 -3.33044916e-01
  -1.86366923e-02]
 [ 1.69273958e-01 -9.67521071e-02  1.65436774e-01 -3.06265324e-01
  -2.31995210e-01 -1.18553050e-01 -2.54024655e-01  1.41781285e-01
  -8.39978084e-02]
 [-8.20730776e-02  4.54642743e-01  3.60354513e-01  3.10363434e-02
   3.24531496e-01  3.80227752e-02 -2.08637565e-01 -2.64193475e-01
   7.61247203e-02]
 [-4.12866563e-01  3.45136017e-01  4.55783129e-01 -2.27999300e-01
  -6.55084178e-02  1.64341420e-01 -8.03077295e-02  8.89072940e-02
   8.15046057e-02]
 [-3.12254190e-01 -2.34943897e-01  1.56597316e-01  8.90571624e-02
   2.70835936e-01  2.30246320e-01  4.51400340e-01 -1.35510027e-01
   2.43323654e-01]
 [-4.56513196e-01 -1.14698477e-01  2.99508065e-01 -2.34570175e-01
   9.63971615e-02  2.09073976e-01  4.64238793e-01  1.94746237e-02
   1.92122668e-01]
 [-3.95840764e-01  2.24957526e-01  5.18848673e-02 -2.01460496e-01
   4.46480304e-01 -1.61354989e-02  3.48010212e-01  6.14020275e-03
  -2.18416005e-02]
 [-1.31968483e-01  1.35484651e-01  2.80623972e-01 -3.30948055e-01
  -7.25010484e-02  3.25296521e-01 -2.41275251e-01 -2.03695253e-01
   1.90161228e-01]
 [-3.82737041e-01 -3.71295139e-02  3.81406873e-01 -2.07162589e-01
   3.27670515e-01 -2.89220046e-02 -1.15538999e-01  2.42325410e-01
   2.24572733e-01]
 [-6.26129881e-02  1.12670648e+00 -9.74233747e-01  1.86779976e-01
  -8.17985713e-01 -1.23641193e+00  3.65714669e-01  8.17844123e-02
   2.17462063e+00]
 [-1.52083918e-01  6.20566428e-01 -8.98916423e-01  4.59106654e-01
  -5.64857066e-01 -1.17821836e+00  5.81087649e-01 -2.13994667e-01
   2.49043679e+00]]
Peso 2:
[-0.19553386 -0.11804172  0.57153356  0.00883435  0.546455    0.69197786
  0.07229082 -0.17065112 -0.36349332]
Camada: saida
Peso 1:
[[ 0.3753342  -0.650342  ]
 [ 0.6861719  -1.0375394 ]
 [-0.39700177  1.5637628 ]
 [ 0.29438412  0.18958902]
 [-0.7274221   0.918895  ]
 [-1.4979259   1.155873  ]
 [-0.31969756 -0.9990419 ]
 [-0.60417974  0.63551575]
 [ 2.164301   -2.3955328 ]]
Peso 2:
[-0.20534162  0.20534538]



pesos modelo: 
Test loss: 0.0003, Test accuracy: 1.0000
Camada: meio
Peso 1:
[[ 1.96774781e-01  4.45699990e-02 -4.50033724e-01  3.82853866e-01
  -1.69741571e-01 -8.46402347e-02 -2.19311088e-01 -1.35758162e-01
   2.03787684e-01]
 [ 2.78204113e-01 -2.95089722e-01  2.34959096e-01 -9.79946926e-02
   2.15222344e-01  2.32962966e-01  2.87050843e-01  1.49307206e-01
  -2.23204166e-01]
 [ 2.35500038e-01 -1.21989928e-01  9.43637639e-02  4.27312702e-02
   1.24030478e-01 -1.00852892e-01 -1.12774476e-01  4.14721519e-02
  -3.74633998e-01]
 [ 2.18095910e-02  2.00217381e-01  4.84960936e-02 -2.08728015e-01
  -2.41704419e-01  4.42106724e-01 -1.55666754e-01  2.16612369e-01
  -4.11813617e-01]
 [ 4.74316061e-01  1.54410779e-01  1.11325599e-01  4.51626536e-03
   2.64420033e-01 -2.27618381e-01 -3.32689375e-01 -2.54875213e-01
  -1.87174305e-01]
 [ 2.45817706e-01 -9.77420956e-02  2.04868421e-01 -3.69171768e-01
  -4.15619671e-01  5.63365556e-02 -1.33774415e-01  3.42565686e-01
   2.13144794e-01]
 [ 4.07111615e-01  4.40666139e-01  1.06498592e-01 -3.52745116e-01
  -1.45274773e-01 -2.58761257e-01 -5.31937890e-02  1.63181722e-01
  -2.70503759e-01]
 [ 2.90546238e-01  5.48986532e-02  1.38112113e-01 -7.80270249e-02
  -3.63703221e-01  2.38997675e-02  6.14670478e-02  3.56309786e-02
   2.25321874e-02]
 [ 1.31160602e-01  2.04467297e-01 -4.19432223e-02 -2.23933570e-02
   2.21194565e-01  9.40284133e-02  3.71554822e-01 -2.25703269e-01
   1.05071545e-01]
 [ 3.25112700e-01 -2.60309190e-01  2.06659943e-01 -2.15698481e-01
  -3.42659652e-01  2.14061499e-01 -4.52668995e-01 -2.04354271e-01
   3.05329710e-01]
 [ 3.42838198e-01  1.78825065e-01  2.48313785e-01  1.92747470e-02
  -5.98606421e-03  3.21082145e-01 -1.68265015e-01  3.04517388e-01
   3.38186651e-01]
 [-1.03581235e-01 -1.94554910e-01 -8.19753781e-02 -1.14468917e-01
  -5.50524481e-02  3.69666994e-01 -5.14541157e-02 -3.22167397e-01
   1.84773467e-02]
 [ 9.79616344e-02  4.08918858e-01 -3.53313461e-02  2.02270169e-02
   2.77473424e-02  2.55952060e-01 -3.54487389e-01 -7.63975009e-02
   2.52786607e-01]
 [ 2.36552645e-04  5.20560034e-02  1.14443591e-02 -1.59084469e-01
   3.97846341e-01  1.23468719e-01 -4.30072397e-01  3.84103924e-01
  -1.88158937e-02]
 [ 5.20309091e-01  2.42668808e-01  2.69212365e-01  1.44851163e-01
   1.23519473e-01  1.21007398e-01  1.40957698e-01  1.45483479e-01
  -4.03866589e-01]
 [ 2.59290844e-01 -5.72280027e-02  5.52659072e-02  1.52750015e-01
   1.25942707e-01 -1.86459780e-01 -4.18250650e-01 -1.22543536e-01
  -1.25387534e-01]
 [ 1.04569629e-01 -1.47854444e-02  7.01195672e-02  2.55487472e-01
   3.52463841e-01 -9.06627104e-02  1.20708987e-01  4.53712910e-01
  -2.92279691e-01]
 [ 1.94789365e-01  3.49060833e-01  6.12916127e-02 -3.71243477e-01
   2.75614083e-01 -1.72800645e-01 -3.51659805e-01  4.99109060e-01
  -3.71476144e-01]
 [-1.19541740e+00  7.88076460e-01  2.58763409e+00 -3.16592425e-01
   2.19342425e-01 -4.28052366e-01  2.01728381e-02 -6.68555677e-01
   1.67613447e-01]
 [-1.54491997e+00  3.19599897e-01  2.56082082e+00 -4.26352113e-01
   4.02072340e-01 -1.86531425e-01  2.10553348e-01 -2.91828483e-01
  -1.59014970e-01]]
Peso 2:
[ 0.8997135  -0.06913453 -0.35774216 -0.14758608 -0.03647213  0.24995361
 -0.02922471  0.33697858 -0.08453915]
Camada: saida
Peso 1:
[[-1.7350261   1.4719355 ]
 [ 0.49938038 -0.5010352 ]
 [ 2.5052304  -2.448403  ]
 [ 0.45052946 -0.03652863]
 [ 0.07211986 -0.1390121 ]
 [-0.25155455  0.73042727]
 [ 0.24994822  0.5914352 ]
 [-0.73126715  0.33503044]
 [-0.6330461   0.2032177 ]]
Peso 2:
[-0.39378142  0.3937838 ]



pesos modelo: 
Test loss: 0.0002, Test accuracy: 1.0000
Camada: meio
Peso 1:
[[-0.29083687  0.01569083  0.22997415  0.3847018   0.05127114  0.11999261
   0.36525196  0.36476004 -0.2987012 ]
 [ 0.16672523  0.41268384 -0.42407614  0.26211703 -0.05700466 -0.41580215
   0.17536299  0.21181044 -0.00389314]
 [-0.03205868  0.0285417  -0.09897374 -0.27433133 -0.05430843  0.3020859
  -0.01405692  0.2595497   0.23122917]
 [ 0.11143396  0.38673633 -0.09901361  0.01480365  0.13544975 -0.30299222
   0.23157343  0.34252915 -0.3766122 ]
 [ 0.1986636   0.49326953 -0.36698934  0.18413502  0.13432628 -0.17611305
   0.31575584 -0.3619879   0.03511261]
 [ 0.36546502  0.46655154  0.10196967 -0.16001181  0.17054123  0.13065839
   0.4861825  -0.39072502  0.17841853]
 [-0.06633493 -0.14843127 -0.40669307  0.3095788   0.06642592 -0.27824113
   0.19964612  0.29784873  0.2951909 ]
 [ 0.04196514  0.22614147  0.4299261  -0.18030585  0.11546481 -0.25214002
   0.12025747  0.26579788  0.3727054 ]
 [ 0.2750744   0.4579252   0.32830113 -0.09370925  0.17537503 -0.44672182
   0.39778262  0.3486916  -0.42918226]
 [-0.0850976  -0.0321746  -0.1717643  -0.25248384 -0.08330426  0.11043519
  -0.06727874  0.37134913  0.07968329]
 [ 0.05690076 -0.22470194  0.44152752  0.04080728  0.00439666 -0.12840408
   0.19656509  0.02908011 -0.3711375 ]
 [ 0.15958989  0.34989774  0.33486822 -0.30529538  0.25087795 -0.26667577
   0.32272315  0.01585737 -0.2829426 ]
 [ 0.04882787 -0.27260712  0.22713038  0.2755318   0.10846225  0.03346387
   0.34875208  0.07917211  0.29080132]
 [-0.00781939 -0.37428728  0.19644967  0.01139779 -0.03072938 -0.2224815
   0.15862358 -0.21092863 -0.34465662]
 [ 0.13153538 -0.11461658  0.05897012  0.13676375  0.13338533 -0.17706305
   0.40134937 -0.16461301 -0.36677045]
 [ 0.15875633  0.22742824 -0.25618947 -0.04879246  0.22762063 -0.21728304
   0.44439062  0.3750798   0.12486652]
 [ 0.13938276 -0.24925934  0.02970388  0.13854489  0.03210532 -0.13841628
   0.3986387   0.33664915 -0.4214428 ]
 [-0.15799269 -0.12064421  0.29050872  0.3313819   0.12500922 -0.44977573
   0.03710195 -0.11928511  0.16383763]
 [ 1.8950706  -0.4970776  -0.0707708  -0.22970706  1.8331177  -0.38907415
  -1.4362401  -0.2289819   0.21700084]
 [ 2.271906   -0.37587833 -0.31832573  0.7677346   1.1493212  -0.1397322
  -1.433875    0.58094364  0.04305276]]
Peso 2:
[-0.20855539  0.4008974   0.09526183 -0.09914503 -0.2863605  -0.0036289
  0.93665296 -0.06241605  0.0018722 ]
Camada: saida
Peso 1:
[[ 1.9359016  -2.1582172 ]
 [-0.67721146  0.56573516]
 [-0.09904642  0.35640538]
 [ 0.47824642 -0.04899572]
 [ 1.7528127  -1.1993757 ]
 [-0.3180688  -0.48175412]
 [-1.7545626   1.5886331 ]
 [ 0.45849237  0.2758923 ]
 [ 0.6603684   0.6138319 ]]
Peso 2:
[-0.4038394   0.40384382]
