


pesos modelo: 
Test loss: 0.0013, Test accuracy: 1.0000
Camada: meio
Peso 1:
[[ 3.12313020e-01  1.17821455e-01]
 [ 5.12045517e-07 -1.30318344e-01]
 [-1.00796649e-04  6.45585731e-02]
 [-1.12469104e-04  2.74221539e-01]
 [ 2.21492228e-05 -4.99692634e-02]
 [-1.48231775e-04 -3.23219508e-01]
 [-1.29740452e-04 -2.53589004e-02]
 [-8.25704046e-05 -4.34572250e-01]
 [-2.03243253e-05 -4.05386597e-01]
 [ 1.25955397e-04 -2.20387131e-01]
 [-6.76467753e-05 -2.27459520e-01]
 [-2.01660543e-04 -4.53921825e-01]
 [-2.62791054e-05  1.07269995e-01]
 [-2.47303906e-05 -3.64714056e-01]
 [ 8.59534339e-06 -4.80466455e-01]
 [-1.21460456e-04 -4.17448223e-01]
 [-6.17719052e-05  3.30135316e-01]
 [ 1.41156852e-05 -1.82396293e-01]
 [ 2.88014460e+00  1.72735244e-01]
 [ 2.88018823e+00 -3.53662163e-01]]
Peso 2:
[-1.5921790e-04 -1.9201446e-01]
Camada: saida
Peso 1:
[[ 3.568626   -1.8620033 ]
 [ 0.6885124   0.24051724]]
Peso 2:
[-3.2047546  3.2047575]



pesos modelo: 
Test loss: 0.0006, Test accuracy: 1.0000
Camada: meio
Peso 1:
[[ 0.2713079   0.32631725]
 [ 0.06294892 -0.5461371 ]
 [ 0.06377176 -0.48645473]
 [ 0.0625333  -0.5527708 ]
 [ 0.06669594 -0.13077779]
 [ 0.06533072 -0.04197351]
 [ 0.0654153  -0.32849833]
 [ 0.06520831 -0.17286375]
 [ 0.06438068 -0.2767352 ]
 [ 0.061942   -0.46972668]
 [ 0.06426285 -0.37879875]
 [ 0.06461047  0.16610695]
 [ 0.06430355 -0.14647867]
 [ 0.06475003  0.23954019]
 [ 0.06416274 -0.20472683]
 [ 0.06611574 -0.43812448]
 [ 0.06272486  0.18704276]
 [ 0.06347712 -0.4949156 ]
 [-2.8269928   0.24462733]
 [-2.8255732   0.22474982]]
Peso 2:
[ 2.1135464 -0.2366975]
Camada: saida
Peso 1:
[[-3.4127398   2.7355034 ]
 [ 0.09428072  0.9640807 ]]
Peso 2:
[ 3.8016253 -3.8016198]



pesos modelo: 
Test loss: 0.0002, Test accuracy: 1.0000
Camada: meio
Peso 1:
[[-0.06250641 -0.28023523]
 [ 0.39612848  0.05571852]
 [-0.04644733 -0.0279379 ]
 [ 0.36195073  0.04847056]
 [ 0.6583701   0.10466968]
 [ 0.3481045   0.04539971]
 [ 0.32427886  0.04219771]
 [ 0.32039997  0.03936298]
 [ 0.23709106  0.02498598]
 [ 0.55400515  0.08461633]
 [ 0.5750734   0.08963042]
 [ 0.13901877  0.006085  ]
 [ 0.14856774  0.0083354 ]
 [ 0.10405114 -0.00384785]
 [ 0.04524804 -0.01050074]
 [ 0.02660865 -0.0152257 ]
 [-0.06273621 -0.03083902]
 [ 0.32927772  0.04442634]
 [-0.69950676  2.9534645 ]
 [-0.33120632  3.0609508 ]]
Peso 2:
[ 0.78276277 -0.14702699]
Camada: saida
Peso 1:
[[-0.28991625  1.4991648 ]
 [ 3.2313483  -2.4808397 ]]
Peso 2:
[-1.8217337  1.8217316]



pesos modelo: 
Test loss: 0.0001, Test accuracy: 1.0000
Camada: meio
Peso 1:
[[ 1.30277336e-01  2.71515548e-01]
 [ 3.26609790e-01  9.89276096e-02]
 [ 1.98500991e-01  4.36498001e-02]
 [ 5.27232051e-01  1.81540057e-01]
 [ 3.10516685e-01  8.91233608e-02]
 [ 5.96022129e-01  2.09605888e-01]
 [ 3.01462978e-01  8.62703994e-02]
 [ 4.48595554e-01  1.45939797e-01]
 [ 2.60419220e-01  6.56498894e-02]
 [ 3.62010360e-01  1.11499034e-01]
 [ 1.12265311e-01  4.97033680e-03]
 [-2.93478282e-04 -4.22395803e-02]
 [ 2.75040299e-01  7.44111538e-02]
 [ 3.37524891e-01  9.58648995e-02]
 [ 2.69829035e-01  7.37283677e-02]
 [ 5.68077385e-01  1.99462682e-01]
 [ 8.98618102e-02 -2.08244449e-03]
 [ 1.13933198e-01  1.13781812e-02]
 [-1.01751637e+00  2.84456182e+00]
 [-8.95879447e-01  2.90175128e+00]]
Peso 2:
[ 0.93602604 -0.3916701 ]
Camada: saida
Peso 1:
[[-0.79359674  1.8332257 ]
 [ 3.2473085  -2.2877438 ]]
Peso 2:
[-0.6811549   0.68115866]



pesos modelo: 
Test loss: 0.0014, Test accuracy: 1.0000
Camada: meio
Peso 1:
[[ 3.5520136e-01 -5.1054865e-01]
 [-1.4427042e-04  6.6862911e-02]
 [ 2.0273692e-05  1.4730649e-01]
 [-5.8495265e-05  3.1035650e-01]
 [ 1.5843316e-05  8.4501483e-02]
 [-6.3357329e-05 -1.5586405e-01]
 [ 4.5136971e-05  6.0498420e-02]
 [ 6.9275698e-06 -8.0982093e-03]
 [ 2.5441310e-05  3.3202168e-01]
 [-5.8209574e-05 -3.6538249e-01]
 [-1.1000176e-04 -2.8913131e-01]
 [ 3.1578686e-06 -1.5315510e-01]
 [-2.9040595e-05  2.3577033e-02]
 [-3.9713494e-05 -4.3330505e-01]
 [-1.0790090e-04 -1.7746888e-01]
 [-1.3446930e-04  1.0445411e-01]
 [-1.0642914e-04 -3.5378280e-01]
 [-1.5945596e-05 -5.2542776e-01]
 [ 2.9065053e+00 -3.8212225e-01]
 [ 2.9020214e+00  4.5537069e-01]]
Peso 2:
[-1.5461256e-04 -2.0008704e-01]
Camada: saida
Peso 1:
[[ 2.2794404 -3.2030816]
 [-0.5062967 -0.7595964]]
Peso 2:
[-3.2740362  3.274045 ]



pesos modelo: 
Test loss: 0.0001, Test accuracy: 1.0000
Camada: meio
Peso 1:
[[-0.13254082 -0.47951555]
 [-0.00823389  0.0829184 ]
 [ 0.21466728  0.5557743 ]
 [ 0.18130384  0.48349068]
 [ 0.16315724  0.4477208 ]
 [ 0.06906188  0.25300327]
 [ 0.09525613  0.30452478]
 [-0.05226855 -0.00519356]
 [ 0.06875178  0.24845532]
 [ 0.24981706  0.6247876 ]
 [-0.05790669 -0.02409211]
 [ 0.19141892  0.5069478 ]
 [ 0.21488021  0.5561256 ]
 [ 0.03697112  0.18453698]
 [-0.01988988  0.06105512]
 [-0.01239672  0.07414106]
 [ 0.09475129  0.29870835]
 [ 0.08474557  0.27092108]
 [ 2.9462745  -0.9058453 ]
 [ 2.7278605  -1.3414398 ]]
Peso 2:
[-0.33141628  1.0668052 ]
Camada: saida
Peso 1:
[[ 2.2768962  -3.1309924 ]
 [-2.1259067   0.65307844]]
Peso 2:
[-0.59810996  0.59810936]



pesos modelo: 
Test loss: 0.0006, Test accuracy: 1.0000
Camada: meio
Peso 1:
[[-4.57654715e-01  4.23227549e-01]
 [-1.57863644e-04  4.34448346e-02]
 [ 1.25705861e-04 -2.34275404e-03]
 [ 5.22801529e-05 -1.61862466e-02]
 [-4.35777256e-05 -1.33168194e-02]
 [-7.96192398e-05  1.50339259e-02]
 [-5.59483160e-05  1.57025922e-02]
 [ 4.54534747e-05 -1.32772950e-02]
 [ 4.12811569e-05 -6.45898134e-02]
 [ 4.18521231e-05  2.31359433e-02]
 [-2.59488006e-05  2.30382606e-02]
 [ 2.22629533e-05  1.55143561e-02]
 [ 4.35922884e-05 -5.31476596e-03]
 [-3.26782829e-05 -3.27329002e-02]
 [-1.58354029e-04 -2.00637951e-02]
 [ 2.34300878e-05 -1.23128342e-03]
 [ 3.44562613e-05  1.29794935e-02]
 [-1.23152167e-05  3.39545384e-02]
 [ 2.92228794e+00  6.32528245e-01]
 [ 2.71819520e+00  1.35092056e+00]]
Peso 2:
[-0.00019435 -0.07583587]
Camada: saida
Peso 1:
[[ 2.9826121  -2.1958084 ]
 [-0.05699879 -1.5408616 ]]
Peso 2:
[-3.2763183  3.2763183]



pesos modelo: 
Test loss: 0.0001, Test accuracy: 1.0000
Camada: meio
Peso 1:
[[ 0.4666788  -0.05739751]
 [ 0.03718517 -0.02227989]
 [ 0.52780324  0.17590389]
 [ 0.21439266  0.04893608]
 [ 0.23306336  0.05610252]
 [ 0.17272021  0.03008479]
 [ 0.62004554  0.21271335]
 [ 0.29520455  0.08218019]
 [ 0.3256027   0.09368113]
 [ 0.54343975  0.18273559]
 [ 0.2271425   0.05570659]
 [ 0.06770004 -0.01088152]
 [ 0.2376243   0.05690945]
 [ 0.330788    0.09036793]
 [ 0.03856295 -0.02286192]
 [ 0.40217304  0.1252711 ]
 [ 0.5198209   0.1729265 ]
 [ 0.16439094  0.0327642 ]
 [-0.9702373   2.8728013 ]
 [-0.96959054  2.873962  ]]
Peso 2:
[ 0.9783531  -0.36189187]
Camada: saida
Peso 1:
[[-2.0836065   0.47703564]
 [ 3.1186254  -2.4061227 ]]
Peso 2:
[-0.78179115  0.78179455]



pesos modelo: 
Test loss: 0.0005, Test accuracy: 1.0000
Camada: meio
Peso 1:
[[ 9.63672996e-02  5.02846897e-01]
 [-9.68347922e-06 -1.72901139e-01]
 [ 4.75714442e-05  3.58283639e-01]
 [ 6.82020982e-05  2.69657969e-01]
 [-7.27920778e-05 -1.98931813e-01]
 [-7.56381610e-07 -6.94737062e-02]
 [ 2.19582696e-04 -4.77390379e-01]
 [-5.87450595e-05 -2.11888462e-01]
 [ 1.74493995e-04 -2.38322601e-01]
 [-4.58156101e-05 -5.44527881e-02]
 [ 4.83083822e-05 -7.10769519e-02]
 [-1.88392762e-04 -4.66025352e-01]
 [-1.66912185e-04 -2.67569244e-01]
 [ 6.17027399e-05  2.57651806e-01]
 [-7.73302309e-05 -1.02848977e-01]
 [-1.17833197e-05 -5.25022626e-01]
 [-8.44283568e-05 -1.24627709e-01]
 [-1.16959025e-04 -4.42911416e-01]
 [ 2.89185071e+00 -2.47436240e-01]
 [ 2.89298439e+00 -4.47711885e-01]]
Peso 2:
[-6.5381762e-05 -2.0479144e-01]
Camada: saida
Peso 1:
[[ 2.7612064  -2.7439103 ]
 [ 0.92795515 -0.40435407]]
Peso 2:
[-3.271272   3.2712698]



pesos modelo: 
Test loss: 0.0004, Test accuracy: 1.0000
Camada: meio
Peso 1:
[[-0.4841681   0.23700547]
 [-0.02078174 -0.03239283]
 [ 0.4785784   0.10064613]
 [-0.01806402 -0.03063004]
 [ 0.08575568 -0.00664454]
 [ 0.30607933  0.05417591]
 [ 0.5997313   0.12996842]
 [ 0.27031833  0.04462065]
 [ 0.52173734  0.11092644]
 [ 0.386094    0.07627457]
 [ 0.14190221  0.00970461]
 [ 0.23646778  0.03488832]
 [-0.03106811 -0.03463406]
 [ 0.29988983  0.04983418]
 [ 0.35096705  0.06452631]
 [ 0.46216953  0.09221247]
 [ 0.0628204  -0.00966333]
 [ 0.28702328  0.05083211]
 [-0.3730696   3.0198882 ]
 [-0.67690897  2.9138675 ]]
Peso 2:
[ 0.7121251  -0.19218263]
Camada: saida
Peso 1:
[[-1.3528286  0.7392204]
 [ 3.0374827 -2.7200773]]
Peso 2:
[-1.651232   1.6512331]



pesos modelo: 
Test loss: 0.0006, Test accuracy: 1.0000
Camada: meio
Peso 1:
[[ 2.02514946e-01  5.01093924e-01]
 [ 8.89499715e-05  4.71333802e-01]
 [-8.65668517e-06  3.75125974e-01]
 [ 8.65393959e-05  4.19351682e-02]
 [-6.65188272e-05 -3.09366673e-01]
 [-7.04486738e-05  3.38771969e-01]
 [-3.29630848e-06 -5.18710971e-01]
 [-6.65416064e-06  1.49953648e-01]
 [-4.23792844e-05 -3.79307061e-01]
 [-2.72290345e-05 -5.72572529e-01]
 [ 4.31304397e-05 -2.69913286e-01]
 [ 2.57738902e-05 -1.05552627e-02]
 [ 8.58571002e-05  5.19674599e-01]
 [-2.10309954e-05 -3.97554785e-01]
 [-5.69967824e-06  1.91553719e-02]
 [ 7.88462130e-05  4.07417327e-01]
 [-4.80177405e-05  2.43181035e-01]
 [-9.32474177e-06  1.10808216e-01]
 [ 2.91432619e+00 -4.67966050e-02]
 [ 2.91637874e+00 -4.87477193e-03]]
Peso 2:
[-0.00015314 -0.06037748]
Camada: saida
Peso 1:
[[ 2.0532427  -3.4275043 ]
 [ 0.08298085  0.67748207]]
Peso 2:
[-3.2220933  3.2220962]



pesos modelo: 
Test loss: 0.0001, Test accuracy: 1.0000
Camada: meio
Peso 1:
[[ 1.13829315e-01  1.78969085e-01]
 [ 2.40485996e-01  3.00077111e-01]
 [ 2.60443717e-01  3.28305840e-01]
 [ 2.31808528e-01  2.84726888e-01]
 [ 1.17849829e-02 -6.20953254e-02]
 [ 3.50080699e-01  4.66709614e-01]
 [ 1.05159514e-01  8.58545974e-02]
 [ 2.03488424e-01  2.37969980e-01]
 [ 1.05116792e-01  8.36505815e-02]
 [ 2.42644206e-01  3.02671492e-01]
 [ 2.41576657e-01  3.00211459e-01]
 [ 3.95117670e-01  5.39898276e-01]
 [ 2.62379777e-02 -3.60635258e-02]
 [-9.75395925e-03 -1.00024045e-01]
 [ 1.81777805e-01  2.05615833e-01]
 [ 2.00850004e-03 -7.37088099e-02]
 [ 5.44822156e-01  7.80969381e-01]
 [ 1.83922518e-02 -4.13401425e-02]
 [-2.56174898e+00  1.43152738e+00]
 [-2.34210038e+00  1.77166057e+00]]
Peso 2:
[1.4927961 0.0422954]
Camada: saida
Peso 1:
[[-2.5929925  2.7439442]
 [ 2.0421112 -1.3381206]]
Peso 2:
[ 0.6853942 -0.6853896]



pesos modelo: 
Test loss: 0.0006, Test accuracy: 1.0000
Camada: meio
Peso 1:
[[-0.12034643 -0.3292846 ]
 [-0.36200553  0.05760112]
 [-0.24784634  0.05797296]
 [-0.5204996   0.05714858]
 [ 0.09259862  0.05892698]
 [-0.41588807  0.05834256]
 [-0.1971096   0.05842175]
 [-0.3651104   0.05868603]
 [ 0.18611653  0.05835142]
 [-0.1914949   0.05722748]
 [ 0.13851936  0.05803403]
 [-0.05932778  0.05793076]
 [-0.03597056  0.05821873]
 [-0.06323907  0.05815472]
 [ 0.07449324  0.05802706]
 [-0.0598889   0.0588914 ]
 [-0.17583051  0.05747743]
 [-0.33956194  0.05737469]
 [ 0.09187844 -2.794448  ]
 [ 0.06348257 -2.793239  ]]
Peso 2:
[-0.2597893  2.1520166]
Camada: saida
Peso 1:
[[-0.9896914   0.53925747]
 [-3.0819902   3.1058972 ]]
Peso 2:
[ 3.8176582 -3.8176537]



pesos modelo: 
Test loss: 0.0008, Test accuracy: 1.0000
Camada: meio
Peso 1:
[[ 2.2979695e-01  4.3694705e-01]
 [-2.0101870e-05  3.1610009e-01]
 [-3.3309730e-05 -1.9554235e-02]
 [ 1.2217718e-04 -2.2008546e-01]
 [ 2.8186274e-05 -4.1351043e-02]
 [ 8.2790168e-05  2.7691042e-01]
 [ 6.3273743e-05  1.0990573e-02]
 [ 3.1009651e-05 -2.7957141e-01]
 [ 4.0437271e-07 -5.1442051e-01]
 [-1.2294131e-06 -2.2902490e-01]
 [-5.0949962e-05 -1.5549403e-01]
 [-1.1744204e-04 -4.1278407e-02]
 [-6.5824011e-06  4.0665475e-01]
 [-1.2290539e-04 -4.5943403e-01]
 [-1.2948440e-04  2.0126471e-01]
 [ 6.0828035e-05 -4.9306405e-01]
 [ 7.5810400e-05 -2.9877764e-01]
 [ 1.9468560e-05 -2.1753579e-02]
 [ 2.9043698e+00  1.5002590e-02]
 [ 2.9038403e+00 -8.7793432e-02]]
Peso 2:
[-1.6888687e-04 -2.4469574e-01]
Camada: saida
Peso 1:
[[ 2.9445987 -2.5449307]
 [-0.9650747  1.086921 ]]
Peso 2:
[-3.2680368  3.2680438]



pesos modelo: 
Test loss: 0.0026, Test accuracy: 1.0000
Camada: meio
Peso 1:
[[ 4.6735144e-01  2.5392812e-01]
 [ 1.8914234e-06  4.4278118e-01]
 [-1.3689334e-04 -3.1581676e-01]
 [-7.9674508e-05  6.5161616e-02]
 [-2.3283226e-05 -4.6796837e-01]
 [-4.2594991e-05  1.7207748e-01]
 [-1.6224558e-05 -4.4973156e-01]
 [ 7.3125237e-05 -4.7318116e-01]
 [-9.7993026e-05  2.5672534e-01]
 [ 9.8327342e-05 -3.5612628e-01]
 [-1.1373191e-04 -3.2728899e-01]
 [ 4.0850115e-05  4.6465802e-01]
 [-9.4359108e-05 -7.8077443e-02]
 [-1.7201465e-04  1.8735138e-01]
 [-7.4662865e-05 -2.5168523e-01]
 [-1.1210670e-05  4.2320371e-01]
 [-9.9889148e-06  2.2212896e-01]
 [-1.3662112e-04  1.1119279e-01]
 [ 2.8200545e+00  5.5127537e-01]
 [ 2.8123221e+00  4.9765571e-03]]
Peso 2:
[-0.0001012  -0.03095786]
Camada: saida
Peso 1:
[[ 2.6048021  -3.0710917 ]
 [-0.11171324  0.1361952 ]]
Peso 2:
[-3.26251    3.2625177]



pesos modelo: 
Test loss: 0.0001, Test accuracy: 1.0000
Camada: meio
Peso 1:
[[-0.313087   -0.01247305]
 [-0.03471443 -0.08345474]
 [ 0.330626    0.17844512]
 [ 0.12528414  0.03226277]
 [ 0.30137724  0.15525846]
 [ 0.12691478  0.02876352]
 [ 0.3706966   0.20640354]
 [-0.00511498 -0.06581113]
 [ 0.2566513   0.12424006]
 [ 0.21797557  0.09765515]
 [ 0.15204278  0.05091833]
 [ 0.15466127  0.0519161 ]
 [ 0.40934768  0.23518342]
 [ 0.32906955  0.1726093 ]
 [ 0.3352181   0.18062238]
 [ 0.10563124  0.01668802]
 [ 0.21712933  0.09856094]
 [ 0.17274192  0.07028841]
 [-1.5532628   2.5314007 ]
 [-1.3538743   2.6792567 ]]
Peso 2:
[ 1.005958   -0.32214653]
Camada: saida
Peso 1:
[[-1.9176954  1.784679 ]
 [ 2.37265   -2.6571221]]
Peso 2:
[-0.35022837  0.35023114]



pesos modelo: 
Test loss: 0.0008, Test accuracy: 1.0000
Camada: meio
Peso 1:
[[-0.44740465  0.44721937]
 [ 0.23227942  0.22002675]
 [ 0.25604984  0.23791672]
 [-0.10644484 -0.00849389]
 [ 0.34389558  0.30021867]
 [ 0.29603508  0.2687388 ]
 [ 0.2657721   0.24513742]
 [ 0.15186127  0.16917478]
 [ 0.01922222  0.0787347 ]
 [ 0.24051763  0.22807333]
 [ 0.05533189  0.10150787]
 [ 0.15639351  0.17188872]
 [ 0.11284506  0.14147599]
 [ 0.08671155  0.12873746]
 [ 0.19817643  0.19977184]
 [ 0.31545374  0.27891695]
 [-0.05300261  0.02835382]
 [ 0.25322992  0.23222879]
 [ 1.6118909  -2.5584378 ]
 [ 2.0523472  -2.2604752 ]]
Peso 2:
[-0.05655451  1.333297  ]
Camada: saida
Peso 1:
[[ 0.82043654 -2.6383219 ]
 [-2.1554604   2.9386075 ]]
Peso 2:
[ 0.4929024 -0.4929003]



pesos modelo: 
Test loss: 0.0001, Test accuracy: 1.0000
Camada: meio
Peso 1:
[[-0.03529772  0.06541896]
 [ 0.18458597  0.42437658]
 [ 0.18718196  0.42505568]
 [ 0.0553635   0.01249225]
 [ 0.07068047  0.05219591]
 [ 0.22269648  0.5306619 ]
 [ 0.08507099  0.1024034 ]
 [ 0.24927026  0.61752844]
 [ 0.06983615  0.05095242]
 [ 0.19345328  0.4463562 ]
 [ 0.1309827   0.25036305]
 [ 0.20379108  0.47707862]
 [ 0.25584188  0.6434771 ]
 [ 0.09151502  0.10974094]
 [ 0.14124107  0.27946204]
 [ 0.15523016  0.32794026]
 [ 0.08190493  0.09790863]
 [ 0.01980659 -0.08928026]
 [-2.7726462   0.9154139 ]
 [-2.86022     0.6259556 ]]
Peso 2:
[1.8327518  0.38572744]
Camada: saida
Peso 1:
[[-3.4261186  2.5827508]
 [ 0.4040562 -1.6604323]]
Peso 2:
[ 1.8512526 -1.8512504]



pesos modelo: 
Test loss: 0.0005, Test accuracy: 1.0000
Camada: meio
Peso 1:
[[ 2.64465034e-01 -5.14224708e-01]
 [ 8.42248872e-02  3.66936177e-01]
 [ 1.28618091e-01  5.07797241e-01]
 [-1.17895671e-03  1.08395174e-01]
 [-4.41670455e-02 -2.33230088e-02]
 [ 6.46828562e-02  3.06923926e-01]
 [ 6.92363456e-02  3.31281036e-01]
 [ 6.48131594e-02  3.08856934e-01]
 [ 1.19780950e-01  4.76593316e-01]
 [ 1.32338971e-01  5.09230316e-01]
 [-2.07833610e-02  4.05183174e-02]
 [-5.51320240e-03  8.60082135e-02]
 [ 5.28398827e-02  2.72631377e-01]
 [ 1.50240645e-01  5.81574738e-01]
 [ 9.98800769e-02  4.20184404e-01]
 [ 2.89531089e-02  1.96285546e-01]
 [ 1.11834571e-01  4.53444660e-01]
 [ 1.16023257e-01  4.48878765e-01]
 [ 2.98493671e+00 -6.35557353e-01]
 [ 2.93783784e+00 -7.59293735e-01]]
Peso 2:
[-0.3265576   0.79903036]
Camada: saida
Peso 1:
[[ 2.2871656 -3.378661 ]
 [-1.8972068  0.364787 ]]
Peso 2:
[-1.0677766  1.0677809]



pesos modelo: 
Test loss: 0.0013, Test accuracy: 1.0000
Camada: meio
Peso 1:
[[ 0.49200433 -0.4831531 ]
 [ 0.06081686  0.03024849]
 [ 0.07704125 -0.0721845 ]
 [ 0.04479701  0.1410277 ]
 [ 0.06650632  0.03860557]
 [ 0.08507081 -0.10450826]
 [ 0.09010541 -0.1400806 ]
 [ 0.04560847  0.1682254 ]
 [ 0.04153313  0.20887744]
 [ 0.05495084  0.06788974]
 [ 0.05266082  0.11481238]
 [ 0.0618095   0.05516327]
 [ 0.08028111 -0.09659994]
 [ 0.06459568  0.04755731]
 [ 0.05136454  0.12316858]
 [ 0.05277681  0.09703845]
 [ 0.07625923 -0.07406707]
 [ 0.05017664  0.11063641]
 [-2.777075   -0.9895385 ]
 [-2.7730422  -1.0573094 ]]
Peso 2:
[2.0697253  0.38521788]
Camada: saida
Peso 1:
[[-3.0468946   2.874436  ]
 [-0.84114915  0.7420273 ]]
Peso 2:
[ 3.8310213 -3.8310254]
