


pesos modelo: 
Test loss: 0.0001, Test accuracy: 1.0000
Camada: meio
Peso 1:
[[ 1.38493478e-02 -1.17793798e-01 -2.25785732e-01 -4.13218260e-01
  -3.72185230e-01  1.47678763e-01  4.23498303e-01]
 [ 2.21691519e-01  4.88709621e-02 -5.95247000e-02  3.13835263e-01
   1.92358673e-01  2.10366115e-01  1.43007711e-01]
 [ 3.97271253e-02 -1.55459866e-02  2.73073707e-02  4.10224766e-01
  -6.41773194e-02 -7.97057003e-02 -2.38342479e-01]
 [ 2.81910390e-01  9.75694805e-02 -1.04110353e-01 -4.38687205e-02
  -2.58265823e-01 -5.36517985e-02 -4.49228525e-01]
 [ 5.49432814e-01  2.08139822e-01 -9.05064940e-02 -3.41940373e-01
   4.57882047e-01 -1.57188371e-01 -1.54034309e-02]
 [-1.24720745e-01 -8.27582777e-02  1.55798838e-01 -1.76750898e-01
   7.71979541e-02 -1.83838839e-03 -1.75113380e-01]
 [ 2.79206634e-01  5.40081449e-02 -9.11824703e-02  8.52406432e-04
   3.74060541e-01  3.87658663e-02  1.88164651e-01]
 [ 5.07804118e-02  1.29048213e-01  3.87656450e-01 -3.50266427e-01
  -2.26370350e-01 -3.21135253e-01  5.98780252e-02]
 [ 7.79704526e-02  2.28637770e-01  6.37263179e-01 -1.85558036e-01
   5.97055182e-02  3.52905840e-01 -4.34258580e-01]
 [ 1.06862664e-01  7.29606524e-02  1.38098523e-01  2.35885382e-01
  -1.87942192e-01 -2.60378152e-01 -4.41712141e-01]
 [ 4.00767595e-01  2.04220667e-01  1.10928521e-01 -4.89675142e-02
   4.32959586e-01  3.66928071e-01  3.78813148e-02]
 [ 2.61859566e-01  2.45579600e-01  4.59594607e-01 -3.96358401e-01
   3.94437015e-01  7.95209780e-02 -1.08157963e-01]
 [ 2.15528816e-01  4.29820716e-02 -7.10502565e-02 -1.48429453e-01
   1.01138324e-01  1.69236492e-02  8.55901092e-02]
 [ 2.32044429e-01  1.10232927e-01  1.02194265e-01 -4.24906522e-01
   9.64573920e-02 -4.21595797e-02  2.81196218e-02]
 [ 2.47608006e-01  2.48994350e-01  3.54984343e-01 -8.39686766e-03
  -3.35531622e-01 -1.76615983e-01 -3.10491174e-01]
 [ 2.12061286e-01  1.55831844e-01  2.23860174e-01 -2.31453091e-01
  -4.11993712e-02 -3.99385840e-01 -3.26575994e-01]
 [ 2.75877178e-01  2.03613937e-01  1.82908908e-01 -1.61224529e-01
  -3.94904166e-01 -3.75971824e-01  2.49567538e-01]
 [ 7.00936615e-02 -5.36313467e-02 -1.66678518e-01  1.45679176e-01
  -2.95237213e-01 -4.45390463e-01 -4.62890655e-01]
 [-1.35185361e+00  2.64863014e+00 -6.20623469e-01 -3.87013108e-01
   3.09173882e-01  8.19509774e-02 -3.08061659e-01]
 [-1.42738855e+00  2.43954611e+00 -1.00722885e+00  1.81089163e-01
   5.42828977e-01  7.56836962e-03 -3.53997648e-01]]
Peso 2:
[ 0.79653114 -0.4113238   0.6749652  -0.00789578  0.02875233 -0.00854166
 -0.10857687]
Camada: saida
Peso 1:
[[-1.6516366   1.4307752 ]
 [ 2.3342264  -2.5762537 ]
 [-1.0302328   0.8541185 ]
 [ 0.48358575  0.7099793 ]
 [-0.48470047 -0.967271  ]
 [ 0.09959082  0.6602462 ]
 [ 0.20855995 -0.7533854 ]]
Peso 2:
[-0.2599952   0.25999993]



pesos modelo: 
Test loss: 0.0001, Test accuracy: 1.0000
Camada: meio
Peso 1:
[[-3.9846092e-02 -2.9832011e-01 -1.7654237e-01 -3.0517522e-01
   1.2532237e-01 -3.2647365e-01 -1.0162404e-01]
 [ 4.4514838e-01  2.3528714e-01 -1.6871917e-01  4.3796703e-02
   1.0556728e-01  2.2445257e-01 -9.4985761e-02]
 [-2.1366380e-01  1.6135344e-01 -4.4755432e-01 -3.8682929e-01
  -3.3046637e-02 -3.7109891e-01  1.6203567e-01]
 [ 5.8810949e-02  3.6329362e-01  3.2462621e-01  4.4258302e-01
   1.5555370e-01  5.8807369e-04  2.5475624e-01]
 [ 4.1465780e-01  6.4525425e-02 -6.1379597e-02  2.1351510e-01
   1.5003033e-01 -1.4893216e-01 -1.4595046e-02]
 [ 2.6577348e-01  2.0442186e-01 -4.5780346e-01  1.0691516e-01
  -5.1747009e-02 -3.9355087e-01 -1.8197134e-01]
 [ 3.3040693e-01 -2.3747356e-01 -4.1320512e-01  2.6750153e-02
   1.9951762e-01  3.2384846e-01  9.1414601e-02]
 [ 3.1908709e-01  3.4005851e-01  1.4502729e-01 -3.7773332e-01
   2.4961571e-01  3.7181023e-01  1.9045076e-01]
 [ 1.9081280e-01 -7.7001922e-02  2.4316226e-01  7.8805938e-02
   1.4439934e-02  4.4389609e-01 -1.0549015e-02]
 [ 4.2952678e-01 -2.5836718e-01 -5.3141534e-02 -3.5222146e-01
   3.3241868e-01  3.1234002e-01  2.0093878e-01]
 [-2.2589545e-01 -2.9721013e-01 -1.6417289e-02 -9.4755575e-02
   1.4901064e-01 -3.1061015e-01  4.1319135e-01]
 [ 2.7896583e-01 -1.1245969e-01  2.0974049e-01  2.9087532e-01
   2.8714433e-01  3.6890052e-02  2.6311848e-01]
 [-2.9708819e-02  2.6909491e-01  4.8463043e-02 -2.3680098e-02
   2.1192452e-01  3.7144017e-01  3.7637866e-01]
 [ 9.2255034e-02  1.5212350e-01  3.3819085e-01 -2.3206280e-01
   2.2168197e-01  2.4907893e-01  3.2319012e-01]
 [-2.8372606e-02  4.2781785e-01  3.1675729e-01  2.7378935e-01
   1.4363074e-01  4.3690190e-02  3.0018848e-01]
 [ 1.8328238e-01 -1.6405715e-01 -3.2648808e-01  9.1510303e-02
   7.1192846e-02 -9.1052525e-02  3.1258475e-02]
 [-1.5409403e-03  3.8836339e-01 -4.2947680e-01  4.4802329e-01
   1.3837373e-01 -2.2015917e-01  2.4017806e-01]
 [ 3.3958766e-01  7.6497212e-02  2.3472761e-01 -2.2658984e-01
   3.9700940e-01  2.0081893e-01  3.5327584e-01]
 [-1.3105103e+00 -1.6195618e-01 -2.9994068e-01  2.1569450e-01
   2.1331558e+00  8.8884622e-02 -1.7000145e+00]
 [-1.1531017e+00  2.2857723e-01  6.4057654e-01 -3.2175246e-01
   2.2838421e+00  1.8400316e-01 -1.5710543e+00]]
Peso 2:
[ 0.5187265  -0.00960026 -0.15269843 -0.02617229 -0.41259694 -0.04874917
  0.854148  ]
Camada: saida
Peso 1:
[[-0.9843172   1.4720514 ]
 [-0.71384263 -0.7432944 ]
 [-0.1395557  -0.6156531 ]
 [ 0.24763542  0.21661259]
 [ 2.2200024  -2.1510968 ]
 [-0.48574448 -0.5579593 ]
 [-1.6349753   1.9229997 ]]
Peso 2:
[-0.05032028  0.05032352]



pesos modelo: 
Test loss: 0.0001, Test accuracy: 1.0000
Camada: meio
Peso 1:
[[-5.83467484e-02 -3.07500601e-01 -8.02242160e-02 -4.10381049e-01
   6.75885975e-02 -7.21002221e-02  2.16818362e-01]
 [ 4.35949080e-02  3.31050485e-01  7.71183595e-02  2.23633915e-01
   4.41855997e-01  2.40646228e-01  6.10836484e-02]
 [-8.86890367e-02  1.93938434e-01  9.23425183e-02  2.78826922e-01
  -9.68262851e-02  2.21252590e-01  8.36578459e-02]
 [-4.18612093e-01 -3.88644427e-01  1.15773246e-01  3.11178237e-01
  -4.71750982e-02  3.42775762e-01  3.62670571e-01]
 [ 4.39291209e-01  2.87165403e-01  1.05430350e-01 -3.40736061e-01
  -1.53842032e-01  1.37613565e-01  3.53590876e-01]
 [-3.37559164e-01  3.84362876e-01  6.76671788e-02 -3.23374689e-01
   1.13316767e-01  2.00711966e-01  5.04565120e-01]
 [ 6.37788624e-02 -4.47974116e-01  1.70987561e-01 -2.18075305e-01
  -5.68024330e-02  4.40993994e-01  8.12539831e-02]
 [-1.70083232e-02  4.15719599e-02  7.23370686e-02  4.51157361e-01
  -3.46755147e-01  1.20995335e-01  2.62452930e-01]
 [-7.33204652e-04 -8.36290568e-02  1.92323864e-01  3.22723508e-01
   3.59856397e-01  5.35749316e-01 -1.98716387e-01]
 [ 1.09134838e-01 -2.58282572e-02  5.40596694e-02  3.04801017e-01
   4.70643789e-01  2.26343200e-01  7.45979249e-02]
 [ 9.56646726e-02  3.66721630e-01  8.08135271e-02 -1.21797122e-01
  -1.48833185e-01  1.38772696e-01  2.83772349e-01]
 [-3.92133951e-01  3.32027674e-01 -5.57914935e-02 -2.07466364e-01
  -4.48449068e-02  7.14572296e-02 -2.73149490e-01]
 [-2.86271542e-01 -2.00534284e-01  1.17433250e-01 -3.73959430e-02
  -1.10708565e-01  3.88646871e-01 -8.96483362e-02]
 [ 4.93771620e-02 -4.04862285e-01  2.48139426e-01 -4.14434493e-01
  -3.60765547e-01  5.86848140e-01 -1.02262773e-01]
 [ 9.22588855e-02  2.33763441e-01  1.44297227e-01 -4.84490514e-01
  -2.87052453e-01  3.17487329e-01 -4.44221981e-02]
 [ 2.56648540e-01 -2.27418393e-01  3.96086201e-02 -4.00473207e-01
   1.34756953e-01  2.52308577e-01 -4.25518155e-01]
 [ 5.11473477e-01 -1.17058598e-01  3.87909934e-02 -2.94397563e-01
  -8.31483677e-02  9.14710462e-02  3.02290116e-02]
 [ 2.07148626e-01  3.67441714e-01  1.25516161e-01  4.42175388e-01
   1.42144114e-01  2.29334265e-01  1.68007955e-01]
 [-1.88922510e-01 -2.84705669e-01  2.68344355e+00  5.12671508e-02
   2.92754799e-01 -1.29260683e+00 -5.36286235e-01]
 [-2.28507563e-01  1.78414881e-01  2.74713254e+00 -3.36734444e-01
   4.36467230e-01 -1.27439892e+00  9.57866460e-02]]
Peso 2:
[ 0.15684333  0.00211142 -0.44184586  0.01482138  0.01622882  0.84923846
  0.14803468]
Camada: saida
Peso 1:
[[-0.00439637  0.7691593 ]
 [-0.32403463  0.08910653]
 [ 2.9027395  -2.359702  ]
 [-0.2477285   0.17143205]
 [ 0.4611666  -0.2343006 ]
 [-1.2455748   1.7542785 ]
 [-0.11455281  0.42447037]]
Peso 2:
[-0.3368283   0.33682948]



pesos modelo: 
Test loss: 0.0006, Test accuracy: 1.0000
Camada: meio
Peso 1:
[[ 4.50043172e-01 -1.00743115e-01  4.47576851e-01 -2.33512193e-01
  -1.01884454e-01  7.62900412e-02  3.57904643e-01]
 [-2.76485854e-03  8.30682963e-02  2.90567726e-01 -2.19224617e-01
   9.43008065e-02 -2.60104477e-01 -3.13816145e-02]
 [ 2.62212187e-01  4.64975476e-01 -2.10029315e-02 -3.66635025e-01
  -3.61973226e-01 -3.77794057e-01 -5.05620986e-02]
 [ 3.75981703e-02  2.51598775e-01 -2.75209099e-01 -2.56484956e-01
   3.35179180e-01 -8.04646537e-02  1.06744371e-01]
 [ 2.58150309e-01  6.07771873e-01  1.45691231e-01  1.46212801e-01
   8.77267644e-02  2.64113039e-01  2.21963972e-01]
 [ 1.90463185e-01  6.38553023e-01 -3.41879994e-01 -1.19775653e-01
  -1.91433325e-01  5.56165166e-03  3.17340106e-01]
 [ 1.48386285e-01  4.31955904e-01  9.21898149e-03  2.63920486e-01
   2.92285562e-01 -3.82916868e-01  1.45768717e-01]
 [ 1.07592396e-01  7.09412247e-02 -3.38734508e-01 -4.51217294e-01
  -1.92929789e-01  4.96952802e-01 -2.10176766e-01]
 [ 8.65634158e-02  5.64757705e-01 -2.42184758e-01 -4.27052267e-02
  -4.37498808e-01  1.55233883e-03  4.07628506e-01]
 [ 2.27626681e-01  3.41060787e-01 -3.51047605e-01  4.33288842e-01
   2.54953623e-01  1.53180227e-01 -5.97089566e-02]
 [ 8.82323459e-02  3.59628618e-01  2.83488840e-01  9.26152319e-02
  -3.72224301e-01 -4.02917236e-01  1.59032792e-01]
 [ 2.67668515e-01  5.03711104e-01  4.28255111e-01  4.46314692e-01
  -3.62268120e-01 -3.56642276e-01  4.65452634e-02]
 [-5.09661213e-02  1.03441693e-01 -4.17017788e-01  1.17691197e-01
   9.52366814e-02  1.96242690e-01  1.03780061e-01]
 [ 1.85905948e-01  4.64755058e-01  4.25019681e-01 -3.30776989e-01
  -8.01860914e-02 -5.72319776e-02  1.19592302e-01]
 [-1.22734636e-01 -1.40147254e-01  1.64892793e-01  4.04740721e-02
   1.25090210e-02 -3.24865907e-01 -9.74699110e-02]
 [ 1.57410309e-01  2.08587736e-01  4.21784133e-01  1.30118176e-01
   1.09047547e-01  4.93581504e-01 -6.58527091e-02]
 [ 2.28286326e-01  3.14281434e-01 -7.84037933e-02  1.46294937e-01
   1.37420921e-02  4.01399165e-01 -7.84382299e-02]
 [-6.29842952e-02  1.85779929e-01 -2.66045183e-01 -1.45129606e-01
  -3.90570194e-01 -2.98048645e-01  1.79342940e-01]
 [ 2.45559716e+00 -1.27284205e+00  1.22237094e-01  1.38724521e-01
   7.96889067e-02 -2.28307486e-01  1.35242629e+00]
 [ 2.11799431e+00 -1.41102552e+00 -3.60224247e-01 -3.62076879e-01
  -2.91252106e-01 -1.72497272e-01  1.70815945e+00]]
Peso 2:
[-0.41211095  0.93611205  0.02641594  0.01764303  0.00807937  0.11316069
 -0.09972363]
Camada: saida
Peso 1:
[[ 1.834427   -2.565596  ]
 [-1.00101     2.1914423 ]
 [-0.04338983  0.18047906]
 [ 0.34081623  0.6618355 ]
 [ 0.3160553   0.41395214]
 [-0.02556984  0.6477835 ]
 [ 0.92158955 -1.7642574 ]]
Peso 2:
[-0.40567958  0.40568328]



pesos modelo: 
Test loss: 0.0001, Test accuracy: 1.0000
Camada: meio
Peso 1:
[[ 0.01686963  0.17949131  0.43298152  0.1540871   0.17997292  0.27821812
   0.00350785]
 [ 0.03905343 -0.06745643  0.4217035  -0.13192749  0.36775616 -0.035787
   0.02227698]
 [ 0.19337842  0.31587568  0.42588964 -0.17373213  0.01122846  0.2549509
   0.10028141]
 [ 0.20161074  0.19837439  0.2463528   0.31933635 -0.13909164 -0.07531101
  -0.13812214]
 [-0.20399651  0.025697   -0.2357887   0.09122224 -0.04558963  0.24241132
   0.57297635]
 [ 0.26685455  0.18983355  0.38795954 -0.29002583  0.07132435 -0.02330087
  -0.11595931]
 [-0.08690929 -0.22177295  0.3560549   0.3416992   0.12173083  0.2024603
   0.22786455]
 [ 0.05717945 -0.22201532  0.3473466   0.32507956  0.27114096  0.20355508
   0.59384066]
 [ 0.30717266  0.20251632  0.07690034  0.4668615  -0.12185346  0.08568536
   0.5428111 ]
 [-0.01255419 -0.059573    0.04994385  0.17840336 -0.10550777  0.03971637
   0.09080543]
 [ 0.27046722  0.22406664  0.39247513  0.02994968  0.18971929 -0.11751715
  -0.01618468]
 [ 0.27593517  0.3979835   0.5195278  -0.02291393  0.2010299   0.00518977
  -0.03501806]
 [ 0.06421804  0.19879682  0.50778985 -0.17832488 -0.0998987   0.25979322
  -0.26460046]
 [ 0.1785972   0.11649873  0.17655052 -0.19605699  0.05789286 -0.2045021
  -0.18007983]
 [ 0.20799752  0.03451384  0.1710039  -0.04635071  0.0848677   0.13943698
   0.47414795]
 [-0.13402879 -0.04344187 -0.13650018 -0.02397261  0.01271288  0.08317939
   0.3206268 ]
 [ 0.05058499  0.30635077  0.04414897 -0.03754917  0.26243624  0.09063023
   0.5334954 ]
 [-0.05010654 -0.47369087  0.3239271   0.02399706  0.27307117  0.2716723
   0.5424593 ]
 [ 1.2369365   0.06186847 -1.1446441   0.6647813   1.4669178   1.8813628
  -0.8952901 ]
 [ 1.6078092  -0.40365657 -1.0055445   0.61129695  1.5793822   1.628077
  -0.7795612 ]]
Peso 2:
[-0.251665    0.11924903  0.797045    0.06743526 -0.15352634 -0.1884041
  0.66304654]
Camada: saida
Peso 1:
[[ 1.6123903  -0.95075214]
 [-0.8820841  -0.31516367]
 [-1.2442062   1.4751205 ]
 [ 0.25431183 -0.6179467 ]
 [ 1.43779    -1.211569  ]
 [ 1.8438778  -1.3727907 ]
 [-0.55151653  1.5468621 ]]
Peso 2:
[-0.455174    0.45517823]



pesos modelo: 
Test loss: 0.0002, Test accuracy: 1.0000
Camada: meio
Peso 1:
[[ 0.36300263 -0.2683711   0.37906608 -0.3776235  -0.43621415  0.42980614
   0.12559703]
 [-0.11065538 -0.34668332  0.14946222 -0.4513279  -0.02969479 -0.178527
   0.4591285 ]
 [ 0.21705347 -0.33351925  0.04425193  0.08969106  0.30982137 -0.40135905
   0.19956903]
 [ 0.09385271  0.02697003  0.10644347  0.43101898 -0.19720002  0.05245866
   0.3271005 ]
 [ 0.1460631   0.43832695  0.04704714  0.33616832 -0.46067086  0.16675076
   0.19462216]
 [-0.09800519 -0.15323181  0.16247058 -0.07715029 -0.28805837 -0.41610372
   0.48348674]
 [-0.15480404 -0.19392778  0.05994773  0.4844278  -0.46686766 -0.15948111
   0.2121979 ]
 [-0.21441329  0.02011537 -0.01617366 -0.31956923  0.15231703 -0.18260132
   0.07031946]
 [-0.19305213  0.06022707  0.00369155 -0.14779736  0.15691581 -0.3144989
   0.10885417]
 [ 0.11083883 -0.39312556  0.12452307 -0.19339912  0.27958173 -0.12251318
   0.39521942]
 [ 0.18205002  0.20178367  0.03298312 -0.38822418 -0.45657253  0.0867743
   0.18686417]
 [-0.3370861   0.1759575   0.19960083  0.21700053 -0.30441317  0.1185657
   0.5570644 ]
 [ 0.01435759 -0.05974079 -0.02637143 -0.02654791 -0.0399177   0.26724908
   0.03763122]
 [-0.5077686  -0.04717285  0.09059524  0.42134085  0.04139828  0.32284838
   0.30275446]
 [ 0.22391793 -0.31402725  0.19055529 -0.39817363 -0.11197384 -0.31619802
   0.56131506]
 [-0.00563311 -0.4627367  -0.01904967 -0.10224116  0.03143244 -0.2914962
   0.05112479]
 [-0.24702331  0.36334693  0.06724557 -0.04836302  0.05388612 -0.45851317
   0.25510007]
 [-0.3011211   0.18948656  0.13431154 -0.15327804 -0.20583281 -0.1332172
   0.4035532 ]
 [-0.07648449  0.3077754   2.7502491  -0.47049683 -0.38047427  0.15928592
  -1.2013719 ]
 [-0.19211462 -0.37183467  2.8943367   0.0385159   0.14092967 -0.21716323
  -0.9137452 ]]
Peso 2:
[-0.28036082 -0.01089584 -0.3464922   0.04508884 -0.18926449 -0.13300481
  0.9776908 ]
Camada: saida
Peso 1:
[[ 0.2157521  -0.61250186]
 [-0.5951118  -0.5866058 ]
 [ 2.8968136  -2.6253211 ]
 [ 0.12813655  0.4266889 ]
 [ 0.5338028   0.01874063]
 [ 0.56769633 -0.254181  ]
 [-1.1921507   1.4677001 ]]
Peso 2:
[-0.7270413  0.727047 ]



pesos modelo: 
Test loss: 0.0004, Test accuracy: 1.0000
Camada: meio
Peso 1:
[[ 4.13977712e-01  5.88764250e-02 -5.25867939e-03 -3.51114929e-01
   1.66910619e-01 -2.69836485e-02 -2.39706546e-01]
 [ 1.93535998e-01 -2.49235809e-01  4.47054714e-01  4.58161235e-02
  -4.30409312e-01  1.24124385e-01  3.85974385e-02]
 [ 4.59198564e-01 -1.19034380e-01  1.73394784e-01  1.60033435e-01
   2.07568333e-01  6.21895455e-02  1.50457770e-01]
 [ 1.60298929e-01 -2.28018984e-01 -3.27779561e-01  2.97489725e-02
   1.95587456e-01  1.71815380e-01  6.96975291e-02]
 [ 3.75842690e-01 -4.57247794e-01  3.95821720e-01  1.22293644e-01
  -4.20618981e-01 -1.34929806e-01 -8.85689445e-03]
 [ 1.95569217e-01 -1.31716758e-01 -1.13810450e-01  4.51457351e-02
  -3.06613088e-01 -7.49771148e-02  7.47208595e-02]
 [ 1.15530595e-01 -3.92895006e-02  5.25499275e-03  8.85493774e-03
  -4.01757061e-01  4.20376547e-02 -3.49635750e-01]
 [ 4.09626871e-01  2.63385892e-01  4.67934489e-01  1.37551919e-01
   7.19934255e-02 -1.61249176e-01  2.25557849e-01]
 [ 4.60586131e-01  2.42325231e-01  2.77070910e-01  1.60663992e-01
  -1.41285673e-01 -1.96282685e-01  1.09282859e-01]
 [ 1.06155507e-01  1.89821184e-01  2.57605404e-01  9.23139881e-03
   6.74392655e-02 -7.46072084e-02 -1.66857377e-01]
 [ 4.15702194e-01 -2.35344321e-01 -4.62319613e-01  1.41137481e-01
   2.12928839e-02  8.97631748e-04 -1.71362594e-01]
 [ 4.73374099e-01 -2.18748018e-01 -4.05240864e-01  1.65954962e-01
   1.75223619e-01 -4.67099339e-01 -4.60904419e-01]
 [ 2.09929384e-02  9.39770974e-03 -2.59931087e-02 -3.18674594e-02
  -4.68807727e-01 -2.18479142e-01 -4.60104108e-01]
 [ 3.72171819e-01  6.34589866e-02 -4.23113048e-01  1.18020616e-01
  -4.72979039e-01 -2.23811060e-01 -4.34582621e-01]
 [ 1.85962960e-01 -4.50898588e-01 -2.48134494e-01  4.13617119e-02
  -4.87457722e-01  1.97857007e-01 -4.41461474e-01]
 [ 1.00782692e-01 -3.18722367e-01 -7.66504332e-02  4.65269526e-03
  -4.37472075e-01  1.30303711e-01 -3.51494104e-01]
 [ 5.28452873e-01 -2.43690372e-01 -6.18759915e-02  1.89892024e-01
  -5.00679314e-01 -1.32881433e-01  2.55512983e-01]
 [ 2.66387612e-01  3.43896359e-01  4.23472282e-03  8.21726769e-02
   3.08686525e-01  3.60643864e-01 -7.05768690e-02]
 [-1.02469516e+00  3.43967676e-01  2.68121570e-01  2.84632730e+00
   1.41471788e-01 -3.49555880e-01 -4.15065378e-01]
 [-1.07565939e+00  1.87542573e-01 -1.16065763e-01  2.82308793e+00
   2.55874842e-01 -1.97871968e-01 -3.55270803e-01]]
Peso 2:
[ 0.92351514 -0.01010569 -0.00793942 -0.389227   -0.11957176 -0.10331734
 -0.21596812]
Camada: saida
Peso 1:
[[-1.5202968   1.1805564 ]
 [-0.44340798 -0.52516073]
 [-0.14494054 -0.12477933]
 [ 3.0487978  -2.4344838 ]
 [-0.37576607  0.23362102]
 [-0.63347125 -0.5587328 ]
 [ 0.32240558 -0.7200555 ]]
Peso 2:
[-0.71527225  0.71527654]



pesos modelo: 
Test loss: 0.0001, Test accuracy: 1.0000
Camada: meio
Peso 1:
[[-3.66894066e-01  4.06188518e-01  3.89216840e-02  3.45354289e-01
   1.13285869e-01  3.63367498e-02 -8.86169672e-02]
 [ 6.35235980e-02  1.23569287e-01  3.01702678e-01 -6.16805665e-02
  -3.06438923e-01 -2.60737807e-01 -2.69194096e-01]
 [-2.64187515e-01  9.02254786e-03 -4.03233655e-02  3.93593132e-01
  -4.15564954e-01  1.78132907e-01  4.41687495e-01]
 [-1.78182796e-01  7.56311268e-02 -1.94353878e-01  2.44097933e-01
   2.85720497e-01  2.62434781e-01 -4.28722166e-02]
 [-7.19965296e-03  7.31325075e-02  3.92874032e-01  2.44593680e-01
  -3.75656128e-01  2.07443327e-01  1.90248460e-01]
 [-4.30218488e-01  1.20541714e-01 -2.70953715e-01  5.64054072e-01
  -3.27751696e-01  2.93551505e-01  3.88865143e-01]
 [ 2.23047063e-01 -1.97757706e-02 -1.31204501e-01  1.55538738e-01
  -3.36808830e-01 -1.77844644e-01  1.96694925e-01]
 [ 8.40740874e-02  3.84296216e-02 -1.34948820e-01  3.59582931e-01
  -1.16150878e-01  2.12880045e-01  2.49978766e-01]
 [ 2.46800631e-01 -3.58613133e-02  1.59658164e-01 -3.71087692e-03
   3.31718288e-02  3.03781152e-01 -2.09667683e-01]
 [ 3.72866839e-02  3.21307480e-01 -1.06722251e-01  5.44524610e-01
  -4.09889430e-01 -3.30245465e-01  3.25961202e-01]
 [-8.24563280e-02  1.66998029e-01  4.95193511e-01  5.29327728e-02
  -1.65483773e-01 -2.23372385e-01 -6.22623153e-02]
 [-4.00503390e-02 -1.40950251e-02  2.70963550e-01  2.61483550e-01
  -2.35654533e-01  3.17652106e-01  2.87557900e-01]
 [-4.09718081e-02  3.02071363e-01  4.32334393e-01  4.10380870e-01
   4.07754391e-01 -5.09139113e-02  2.40357727e-01]
 [ 7.27676526e-02  1.59111395e-01  7.02791587e-02  2.08849713e-01
   3.02137345e-01  2.97378242e-01 -2.28251904e-01]
 [-1.81358308e-01  2.26626396e-01 -1.02012619e-01  2.76164323e-01
  -4.28072102e-02 -2.37016365e-01  2.52660969e-03]
 [ 5.37805483e-02  1.88773781e-01  2.89737582e-01  1.89517200e-01
   2.17833027e-01  9.22909155e-02 -9.78737622e-02]
 [ 1.19721793e-01 -2.24114483e-04 -1.81014344e-01  1.29935995e-01
   4.16529506e-01  3.43527257e-01 -1.65283188e-01]
 [-3.88945132e-01  2.42816865e-01  1.71533048e-01  4.78331774e-01
  -5.20140938e-02  1.04540475e-01  2.99731910e-01]
 [-2.24021941e-01  2.11767554e+00 -5.28282821e-01 -1.67751563e+00
  -2.48619895e-02  5.69691002e-01  1.27784288e+00]
 [ 5.78503013e-01  2.11428833e+00 -2.63267368e-01 -1.70118678e+00
  -2.95841336e-01  9.98992682e-01  1.02931213e+00]]
Peso 2:
[-0.0391844  -0.42275092  0.23218188  0.98500216  0.0424302  -0.07069253
 -0.03146901]
Camada: saida
Peso 1:
[[-0.2947687  -0.8286722 ]
 [ 2.6891809  -1.3257326 ]
 [-0.02774768  0.88065475]
 [-1.7369682   1.9933293 ]
 [-0.5543278   0.12846306]
 [ 0.7284346  -0.4865376 ]
 [ 0.62991595 -1.4440681 ]]
Peso 2:
[-0.26122782  0.26123077]



pesos modelo: 
Test loss: 0.0002, Test accuracy: 1.0000
Camada: meio
Peso 1:
[[-3.02926362e-01 -1.36958390e-01  4.09810573e-01 -2.45489553e-01
  -1.98313594e-03  4.56509382e-01  2.84805387e-01]
 [ 7.15264399e-03 -7.10770022e-03  1.59220725e-01  1.74846277e-01
   3.43224287e-01  7.65896682e-03  3.45775753e-01]
 [ 3.95545177e-02 -4.26347703e-01  3.10446799e-01 -2.08080888e-01
   1.61494855e-02  3.15380730e-02 -2.41224885e-01]
 [ 8.92484486e-02 -4.41383600e-01  6.10075176e-01 -4.30491120e-01
   1.76904932e-01  7.26341754e-02  4.76117909e-01]
 [ 3.97016145e-02  1.92615271e-01  3.33006740e-01 -2.56010387e-02
  -2.42829457e-01  3.28890160e-02 -8.06804076e-02]
 [ 5.67995757e-02 -3.90354007e-01  4.35671061e-01  1.58611923e-01
   3.51133764e-01  4.57014106e-02 -2.16104493e-01]
 [-1.30651128e-02  3.47543746e-01  2.08063070e-02  2.39374101e-01
  -2.20560059e-01 -1.01213129e-02 -4.47864771e-01]
 [ 9.27668810e-02 -4.18058187e-01  6.48474693e-01  1.16751872e-01
  -4.16324854e-01  7.64205381e-02 -9.16548446e-03]
 [ 1.39426123e-02 -1.22902185e-01  1.56700745e-01 -3.98421079e-01
  -1.42619818e-01  1.07105877e-02 -3.90645176e-01]
 [-1.24293957e-02 -7.91226700e-02  3.26621160e-02 -1.60726622e-01
   3.60054314e-01 -9.02843941e-03  2.37619042e-01]
 [ 8.01445451e-03 -3.34058613e-01  1.32249922e-01 -3.87393646e-02
  -1.35436833e-01  6.10971218e-03 -1.70399144e-01]
 [ 6.08584583e-02 -1.89419344e-01  4.57043767e-01  1.02191918e-01
   5.49057126e-02  4.93352450e-02 -3.57597202e-01]
 [ 8.24344903e-02  2.39281565e-01  6.06698573e-01  4.55634370e-02
   2.96233207e-01  6.70130104e-02  3.82484168e-01]
 [-2.08717324e-02  2.42726207e-01 -1.01346532e-02  8.68491381e-02
  -1.41523823e-01 -1.60473008e-02 -1.71884194e-01]
 [ 2.02146824e-02 -3.02468866e-01  2.13665217e-01  1.00999422e-01
   3.73308599e-01  1.61908399e-02 -2.15020552e-01]
 [ 5.43681048e-02 -1.36472747e-01  4.10774767e-01 -3.22793275e-01
   2.95572877e-01  4.47226539e-02 -2.60489881e-01]
 [-1.15605993e-02 -1.59486666e-01  1.36759132e-02  9.73571688e-02
  -3.69859606e-01 -8.19355901e-03 -3.47153723e-01]
 [-2.55983230e-03  2.60674208e-01  6.16584085e-02 -4.71721888e-01
  -2.36596256e-01 -1.84683013e-03 -1.49359375e-01]
 [ 1.46246064e+00  3.49634886e-01 -7.40614772e-01  1.63860664e-01
   3.51008475e-01  2.52340722e+00 -4.28873524e-02]
 [ 2.11943555e+00  4.66419548e-01 -2.07885265e-01  4.61201906e-01
   2.87759393e-01  2.21815848e+00  4.00683224e-01]]
Peso 2:
[-0.14636907  0.00699552  0.82712454 -0.23912375 -0.11985359 -0.12104791
  0.01671381]
Camada: saida
Peso 1:
[[ 1.9590842  -1.5090142 ]
 [ 0.31514278  0.08146531]
 [-1.3495206   0.48977783]
 [ 0.25983354 -0.5465455 ]
 [-0.10273314 -0.1397575 ]
 [ 2.4089873  -2.2220607 ]
 [-0.29069918 -0.52202564]]
Peso 2:
[-1.7538235  1.7538227]



pesos modelo: 
Test loss: 0.0002, Test accuracy: 1.0000
Camada: meio
Peso 1:
[[-0.41571933  0.36939523 -0.12767181 -0.14280757 -0.3147784   0.03756848
   0.3055717 ]
 [ 0.22991922 -0.47067016  0.01291415  0.52146524  0.10474926  0.19803856
   0.25296772]
 [-0.05998952  0.2743101   0.26256707 -0.3009527   0.10796514  0.07124145
   0.2877959 ]
 [ 0.04993802 -0.20390461 -0.04197788 -0.11804885  0.2650891   0.14618272
  -0.10509927]
 [-0.21732867 -0.25857532  0.40299612  0.35218015  0.2416115   0.42949829
   0.19992788]
 [ 0.44882834  0.34982133  0.33039096  0.26128566  0.3168866   0.4447692
  -0.01069955]
 [-0.41930512  0.38291416 -0.03634502  0.25471908  0.3499953   0.36019996
   0.18534032]
 [-0.33101472 -0.09959938 -0.05255254  0.00309289  0.48064482  0.38160565
  -0.3890428 ]
 [-0.41732463 -0.08592318 -0.04314258  0.0408577   0.17664932  0.11882397
   0.25193095]
 [-0.19930342  0.08652888 -0.09478106  0.4313915   0.10544713  0.11563089
  -0.08553962]
 [-0.0986153  -0.11581213  0.35118863  0.11512313  0.14683735  0.26339674
   0.4196533 ]
 [-0.32492077 -0.23007618  0.13809426  0.19361098  0.05713895  0.06196593
  -0.4209028 ]
 [-0.03021423 -0.17217124  0.28429514 -0.15735453  0.26854262  0.24506488
  -0.29642943]
 [ 0.33152062  0.4470498  -0.04720282 -0.28236184  0.30505213  0.15353157
   0.17632464]
 [-0.08444145 -0.33698893  0.10020856  0.4316544   0.1212137   0.18078746
  -0.41828945]
 [ 0.45463246 -0.05044522  0.28256312 -0.1563208   0.04383727  0.03671353
   0.10027913]
 [ 0.22944342 -0.44722444  0.01014248 -0.02247924  0.3040345   0.25477117
   0.2796396 ]
 [-0.02355517  0.21510845 -0.1245916   0.4446249   0.1655251   0.18292984
   0.05079875]
 [-0.23219068 -0.24091715 -0.78970623 -0.35752842 -2.0125718   2.149117
  -0.23117663]
 [ 0.25028214 -0.07465083 -0.8532019  -0.6933729  -2.0638752   1.9768267
  -0.48106655]]
Peso 2:
[-0.01728581  0.00507946  0.4113746   0.21660963  0.85112023 -0.4084563
  0.05809821]
Camada: saida
Peso 1:
[[ 0.3357267   0.31985325]
 [ 0.6245816   0.7303588 ]
 [-0.7617212   0.75191987]
 [-0.8723079   0.2630455 ]
 [-2.1774428   1.9659492 ]
 [ 2.4238887  -1.5541049 ]
 [-0.15630478  0.26138616]]
Peso 2:
[-0.00557961  0.00558393]



pesos modelo: 
Test loss: 0.0002, Test accuracy: 1.0000
Camada: meio
Peso 1:
[[-1.35132343e-01  3.49798828e-01  3.85026067e-01 -1.48484021e-01
   3.98422569e-01  1.27980322e-01 -3.90580803e-01]
 [-1.02590851e-01  4.19765830e-01 -9.24829021e-03 -2.19715267e-01
  -1.42300755e-01  2.79529467e-02 -3.19679141e-01]
 [ 2.99206316e-01  1.55669570e-01  1.85463354e-02 -2.14162260e-01
  -2.08379373e-01  1.05569936e-01 -4.70501065e-01]
 [ 6.83591068e-01 -1.52218994e-02  2.37823740e-01  3.15616816e-01
  -6.73810989e-02  1.26453459e-01 -4.20382977e-01]
 [ 5.26569963e-01 -2.43077889e-01  1.37139320e-01 -4.18999165e-01
  -1.65901825e-01  5.76843694e-02  1.40084714e-01]
 [ 5.35233080e-01  1.59325674e-01  1.42865807e-01  4.22066599e-01
  -1.69367641e-01  1.45949721e-01  3.18465978e-01]
 [-1.02499882e-02  4.53048646e-01  1.00608818e-01 -2.76068717e-01
  -9.29245502e-02  2.99928747e-02  3.36382449e-01]
 [ 6.84973300e-02  4.09344107e-01  2.57187849e-03 -1.39288083e-01
   1.92598701e-01  5.79035319e-02 -4.60328907e-01]
 [-1.23636305e-01  2.63515979e-01 -4.85571288e-02 -2.55312890e-01
   1.96958542e-01 -2.90791262e-02 -3.09976548e-01]
 [-1.38201073e-01  4.29226846e-01 -1.25086337e-01  2.38327812e-02
  -8.82197767e-02  4.95120175e-02 -9.59684178e-02]
 [ 2.85337716e-01  4.34329271e-01 -8.54577199e-02 -3.12138587e-01
  -1.91192832e-02  1.80284053e-01 -4.45637703e-01]
 [ 5.95861435e-01 -3.46044958e-01  1.77802086e-01 -2.67006397e-01
   1.41062047e-02  3.34284045e-02 -2.56598860e-01]
 [-1.40686378e-01  3.98981690e-01 -1.90402880e-01  1.20166630e-01
  -1.74206048e-02  5.55061176e-02 -1.20420933e-01]
 [ 2.45164067e-01  1.79518014e-01  2.86025070e-02 -4.10668373e-01
  -6.52905330e-02  7.37419799e-02 -4.41529155e-01]
 [ 5.23061574e-01  4.28401738e-01  2.27065012e-01  2.29637474e-01
   2.45593727e-01  1.49762660e-01 -3.03687334e-01]
 [ 6.04987204e-01 -3.75447065e-01 -3.53038684e-02 -8.82780477e-02
   1.19158849e-01  8.71879011e-02  1.16400346e-01]
 [ 1.95190325e-01  2.79634982e-01  6.52340502e-02  4.07166272e-01
   2.58707821e-01  5.15803099e-02 -3.47003877e-01]
 [ 2.11728528e-01  4.30207029e-02 -4.04739827e-02 -3.19564007e-02
  -2.74819694e-02  5.95184155e-02 -2.78648436e-01]
 [-8.62393141e-01 -3.22305501e-01  1.40694475e+00 -1.08007811e-01
  -2.52319366e-01  2.61781120e+00  1.92527473e-01]
 [-4.51061875e-01 -5.27065635e-01  8.31274450e-01 -2.39082370e-02
   1.00699592e+00  2.80203533e+00  2.43511334e-01]]
Peso 2:
[ 0.81600606  0.35491154 -0.03320566 -0.0300773  -0.0555537  -0.3700883
 -0.01436963]
Camada: saida
Peso 1:
[[-1.5297413   0.5864898 ]
 [-0.23820841  1.115768  ]
 [ 1.484361   -0.4480706 ]
 [ 0.13730553  0.14997217]
 [ 0.16737027 -0.6911489 ]
 [ 2.292405   -2.8586035 ]
 [-0.61408275 -0.19583304]]
Peso 2:
[-0.9132024   0.91320544]



pesos modelo: 
Test loss: 0.0001, Test accuracy: 1.0000
Camada: meio
Peso 1:
[[-2.54271269e-01 -2.75753558e-01  2.48956293e-01 -1.63164288e-01
  -3.48644018e-01  2.69944370e-02  3.40020865e-01]
 [ 3.23039234e-01 -6.37165010e-02  1.33206487e-01  5.22142015e-02
  -2.45366424e-01 -2.76402533e-01 -2.24709988e-01]
 [-3.45532112e-02 -3.51288239e-03  2.35191017e-01  2.59857446e-01
  -2.85275698e-01 -5.59688248e-02  5.32685854e-02]
 [-1.30310515e-03  1.29050883e-02  2.59613931e-01  2.26964861e-01
   3.65711153e-01  2.95079291e-01  1.78150535e-01]
 [-2.33543962e-01 -4.44093011e-02  3.85514135e-03  1.17377184e-01
  -1.07475393e-01  1.55221730e-01 -4.78851907e-02]
 [-1.78150654e-01 -3.54746059e-02  8.99930447e-02  1.84412122e-01
  -1.63381219e-01 -3.81950177e-02 -2.54161298e-01]
 [-8.05685222e-02 -6.70625716e-02  2.38608226e-01  2.50646174e-01
  -2.47786343e-01 -1.57590985e-01 -3.32522154e-01]
 [-1.17333136e-01 -2.81491447e-02  3.38907123e-01  3.49599540e-01
  -1.05310552e-01 -1.04241267e-01 -1.19653113e-01]
 [ 4.73310024e-01  1.76260427e-01  1.27665684e-01  1.14874445e-01
  -4.14486527e-01 -1.03096090e-01  7.39416387e-03]
 [ 2.96944261e-01  2.99786925e-01  7.82374106e-03  1.11171335e-01
  -3.86179537e-01  3.70229930e-01 -2.53515214e-01]
 [ 1.16953552e-01  2.21057251e-01  1.21949427e-01  2.15456188e-01
  -4.09777761e-02  1.69178754e-01 -2.80462652e-01]
 [ 9.84359086e-02 -1.45501569e-01  4.71818417e-01  3.03621888e-01
   1.69092596e-01 -4.21838015e-02 -1.58328027e-01]
 [ 1.80203736e-01  3.69829029e-01 -8.06078166e-02  1.16203286e-01
   1.00530028e-01  2.34865963e-01 -2.50116050e-01]
 [ 3.22957128e-01  1.77495301e-01  1.19056672e-01  1.36311054e-01
   4.07315463e-01 -9.57647413e-02 -1.03208020e-01]
 [-2.19394773e-01 -1.45640254e-01  1.82665214e-01  1.71106026e-01
   3.57402831e-01  2.10826352e-01  3.21053326e-01]
 [ 3.97009701e-01  3.75606418e-01  1.15862362e-01  1.93192258e-01
   2.74081111e-01  1.04266204e-01  2.13787463e-02]
 [ 1.13966063e-01  3.15315604e-01 -9.49782133e-02  9.34065729e-02
   6.19608164e-02  3.32347482e-01 -3.54042679e-01]
 [ 3.02917182e-01  2.71506548e-01  2.79325410e-03  1.43845633e-01
  -4.21814263e-01 -4.00914788e-01 -2.27141529e-01]
 [-7.75685191e-01  8.80628049e-01  1.85827684e+00 -2.07694960e+00
  -2.84264207e-01 -1.49826715e-02  1.51261896e-01]
 [-7.50640690e-01  1.47505116e+00  1.39533758e+00 -2.11198020e+00
   1.19114920e-01 -3.06806237e-01  3.39516044e-01]]
Peso 2:
[ 0.4521841  -0.01608185 -0.26228875  1.0336393  -0.02723616  0.0568058
 -0.10281189]
Camada: saida
Peso 1:
[[-1.3588353   0.15617003]
 [ 0.83407193 -1.4315898 ]
 [ 1.4196956  -1.8266085 ]
 [-2.4525473   2.038093  ]
 [-0.5632836   0.02144032]
 [-0.8273744  -0.38080058]
 [-0.6659029  -0.2290652 ]]
Peso 2:
[ 0.10585903 -0.10585491]



pesos modelo: 
Test loss: 0.0005, Test accuracy: 1.0000
Camada: meio
Peso 1:
[[ 1.26230270e-01  1.91973299e-01  1.00963861e-01 -3.67470860e-01
  -3.21232826e-01 -3.37251335e-01  2.23811597e-01]
 [ 4.82766517e-02  1.31673783e-01 -1.05492219e-01  4.07831296e-02
  -3.11540663e-01 -2.20085278e-01 -4.61332977e-01]
 [ 4.44003716e-02 -2.54187196e-01 -1.49868384e-01  4.59218733e-02
   4.94871289e-02  2.30087027e-01  5.81497736e-02]
 [ 4.75464314e-02 -2.12149322e-02 -4.13375497e-01  4.09870520e-02
  -2.63387680e-01 -3.54765475e-01 -3.99432063e-01]
 [ 4.73442487e-02  3.01753670e-01 -1.79865241e-01  4.80982736e-02
  -4.58778262e-01  3.02127808e-01 -3.69475961e-01]
 [ 4.90731038e-02 -3.34162176e-01 -3.05060029e-01  4.42617349e-02
  -1.75607170e-03 -1.36576444e-01 -1.71177179e-01]
 [ 4.75614853e-02  3.71943057e-01  6.05615340e-02  4.63134609e-02
  -2.83408344e-01  2.06128642e-01  3.70567381e-01]
 [ 5.43966368e-02 -4.49478954e-01  1.87941253e-01  4.22621332e-02
  -4.37355965e-01  3.11761171e-01  1.42984912e-01]
 [ 4.39849421e-02  1.10056907e-01 -4.92130458e-01  4.62021604e-02
   7.59055018e-02 -8.74466151e-02 -3.74192655e-01]
 [ 4.62006256e-02  3.00420318e-02 -5.55254295e-02  4.07750644e-02
  -1.47568434e-01 -3.87460738e-01 -3.32771182e-01]
 [ 4.26646024e-02 -2.53892928e-01  2.16507316e-01  4.74298261e-02
   4.01435792e-01 -3.94184619e-01  3.67987738e-03]
 [ 4.66475450e-02 -7.99629372e-03 -1.91857293e-01  4.60992455e-02
  -8.90176296e-02  9.47506502e-02  1.40687630e-01]
 [ 4.82776426e-02 -4.60250705e-01 -3.63181621e-01  4.24453653e-02
   1.73623785e-01 -2.54807204e-01 -1.66665256e-01]
 [ 4.53494564e-02 -1.87481508e-01 -1.73120737e-01  4.60489616e-02
   4.07962412e-01 -4.08760279e-01  2.20437776e-02]
 [ 4.55375314e-02 -4.09381837e-01 -2.93877125e-01  4.54921611e-02
   1.87948540e-01 -1.14668004e-01 -2.78321683e-01]
 [ 4.69458848e-02  1.94957078e-01 -3.28911752e-01  4.61133830e-02
  -7.48861507e-02  8.94623548e-02 -1.21843457e-01]
 [ 4.17807698e-02 -1.92836840e-02  1.58748940e-01  4.60901596e-02
  -1.15212314e-02  1.02381408e-02  2.51717120e-01]
 [ 4.89577353e-02 -1.47678509e-01  2.45123655e-01  4.07488607e-02
   3.83543829e-03  1.82182729e-01 -4.22897190e-01]
 [-1.96093786e+00 -9.37300399e-02  1.80312112e-01 -2.06091905e+00
  -2.39269197e-01  6.92455843e-02 -1.16653964e-01]
 [-1.95952177e+00 -1.69973761e-01  2.86185667e-02 -2.05879378e+00
  -2.68512875e-01 -2.23484412e-01 -4.63438541e-01]]
Peso 2:
[ 1.4347643  -0.03257997 -0.24872546  1.5611204  -0.0081285  -0.20944409
 -0.04324409]
Camada: saida
Peso 1:
[[-1.8265756   2.3730364 ]
 [-0.7661728  -0.592828  ]
 [-0.2639402   0.39795056]
 [-2.3547447   2.1607215 ]
 [-0.5126231  -0.3878237 ]
 [ 0.16006099  0.24098769]
 [ 0.6721943   0.28978372]]
Peso 2:
[ 3.8303251 -3.8303273]



pesos modelo: 
Test loss: 0.0003, Test accuracy: 1.0000
Camada: meio
Peso 1:
[[-0.13954541 -0.01431182 -0.398371    0.05745247  0.10927859 -0.44134673
   0.34605923]
 [ 0.11371227 -0.17186211  0.0261422   0.0271107   0.14039995 -0.02668523
  -0.09750616]
 [ 0.43232167 -0.04252255  0.4252191   0.33477864  0.18819979 -0.41650334
   0.44845563]
 [-0.2536403  -0.09929273 -0.08918535 -0.34535375  0.07954618 -0.17757583
  -0.17693678]
 [-0.40434578  0.23244995  0.303892    0.33316538  0.2555476  -0.3954758
   0.05266156]
 [ 0.33142373 -0.4248473   0.4570643  -0.14292745  0.23664714  0.07212159
   0.4403942 ]
 [-0.45950767  0.20065135  0.2965783  -0.01640246  0.3219759  -0.254229
  -0.09626452]
 [ 0.15313473  0.30334753  0.36779714 -0.3596221   0.14277814  0.17809203
   0.40417853]
 [ 0.19119674  0.2697413   0.19590929  0.05447588  0.3179181  -0.32102633
  -0.22120164]
 [-0.18541807  0.2659074   0.35132754 -0.38734818  0.14232588  0.39687136
   0.36053985]
 [ 0.11956245  0.30394995  0.28803337 -0.06396107  0.19882955 -0.33008257
   0.16141158]
 [ 0.38116172  0.10307283  0.14047219  0.12859899  0.06884263  0.09142812
   0.21846288]
 [-0.04001597  0.06928717  0.41407785 -0.10255232  0.14023109 -0.4414572
   0.4966    ]
 [-0.24402335 -0.20268472  0.45542428 -0.04399379  0.39074528 -0.41853046
   0.07830769]
 [-0.26289403  0.2818004   0.07047854 -0.41563055  0.1005021  -0.07509776
  -0.00574726]
 [ 0.17707708  0.10581839 -0.0454142  -0.4014042  -0.05969632 -0.3131376
   0.1769129 ]
 [-0.1353929  -0.24000524  0.49277124 -0.31273088  0.42634523  0.393947
   0.05461197]
 [-0.09631637 -0.49299288  0.35171676  0.1280792   0.16767192  0.18113655
   0.38169572]
 [ 0.09016319 -0.12136183  1.5789378   0.13308232 -2.2014098   0.21301533
  -1.2571841 ]
 [-0.15556508 -0.14368664  1.8462425  -0.03257637 -2.0620105   0.20648958
  -1.1089865 ]]
Peso 2:
[-0.0455692  -0.16393709 -0.11598112 -0.01894355  1.0616155  -0.10383094
  0.51548755]
Camada: saida
Peso 1:
[[ 0.11551164 -0.13828647]
 [-0.4853461  -0.06157645]
 [ 1.59834    -1.9547585 ]
 [ 0.18410031  0.48488557]
 [-2.338436    2.2427933 ]
 [-0.0895405   0.26227286]
 [-1.6531166   0.6489102 ]]
Peso 2:
[ 0.14404285 -0.14404036]



pesos modelo: 
Test loss: 0.0001, Test accuracy: 1.0000
Camada: meio
Peso 1:
[[-1.8323484e-01  4.2483810e-01 -7.6134205e-03 -7.4520111e-03
  -3.2652581e-01  2.3221090e-01  1.7247692e-01]
 [ 7.6129042e-02  5.2135509e-01  2.0448451e-01 -4.4130126e-01
   1.2742551e-02  3.3231831e-01  3.6607501e-01]
 [ 1.4418866e-01  3.3215620e-02 -2.3696326e-02 -3.7574300e-01
  -2.3292930e-01  1.9071892e-01  4.5864496e-02]
 [ 3.8565442e-01  5.1764715e-01 -5.1736441e-02 -1.3373835e-02
   3.7796089e-01 -2.7273834e-02  2.1282583e-01]
 [-2.4647728e-01  3.1049469e-01 -4.9661571e-01 -3.8325453e-01
  -1.0541956e-02 -3.6598113e-01  2.0477541e-01]
 [ 4.2787400e-01  2.8095141e-01 -3.1846681e-01 -4.0263689e-01
   2.7051908e-01 -3.3218557e-01  5.4003313e-02]
 [-3.8584426e-01  5.7300344e-02 -2.7172112e-01  1.6953083e-02
  -1.0320836e-01 -3.9202532e-01  3.9368212e-02]
 [ 3.1448814e-01  1.5038688e-01  3.2161251e-01 -3.6172104e-01
  -1.2302953e-01 -4.3711141e-01  1.1949811e-01]
 [-4.4129679e-01  7.9766653e-02 -2.4255557e-01 -2.3447703e-01
   3.7141550e-02 -3.9172491e-01  2.4725220e-03]
 [-1.4069653e-01  3.6307111e-01  8.0184489e-03  1.4749011e-01
   1.1639864e-01 -2.8159481e-01  2.0507181e-01]
 [-4.2117378e-01  3.5164839e-01  2.3774143e-01  2.3728907e-01
  -9.7044945e-02 -1.8726207e-01  2.8631383e-01]
 [-3.1304035e-01  3.9471749e-02 -4.5683578e-01  1.5238750e-01
   3.1849697e-01 -2.4710459e-01 -1.5466999e-01]
 [ 3.5812944e-01  2.1352832e-01  2.9340777e-01  2.1076128e-02
   1.8320623e-01  3.6082825e-01  3.0621042e-02]
 [-8.9507081e-02  2.5106719e-01 -2.9558134e-01 -2.9556558e-01
   7.1102418e-02 -3.9271012e-01  1.1904196e-01]
 [ 1.7913404e-01  2.0068370e-01 -7.6958865e-02 -6.3744206e-03
   3.1356362e-01  4.4813561e-01 -3.6706980e-02]
 [-1.4452545e-01  4.4726497e-01 -4.1525239e-01 -4.1253871e-01
  -9.3460634e-02  3.9143446e-01  3.3191755e-01]
 [-9.1439687e-02  3.2515642e-01  2.0836118e-01  8.8622987e-02
   3.7394482e-01 -3.7380019e-01  7.8917801e-02]
 [ 3.0938071e-01  2.4290684e-01  2.7992406e-01  3.3020449e-01
   8.8866131e-04  2.0119628e-02  1.4087775e-01]
 [ 4.3594787e-01 -1.7035373e+00 -1.4122961e-01 -2.7629364e-01
   8.6239666e-01  3.8997391e-01  2.3303723e+00]
 [-2.3618110e-01 -1.6506058e+00  2.3015885e-01 -2.1796611e-01
   1.2058216e+00  2.8679883e-01  2.2589202e+00]]
Peso 2:
[-0.02457444  0.9829811  -0.05482572 -0.05067293 -0.10328114  0.07737438
 -0.3881764 ]
Camada: saida
Peso 1:
[[ 0.03356507 -0.14738087]
 [-1.6692566   2.0954227 ]
 [-0.45687717  0.0672476 ]
 [ 0.40078026  0.01358938]
 [ 1.2802969  -0.5672364 ]
 [ 0.34681243 -0.23419407]
 [ 2.535844   -1.9169092 ]]
Peso 2:
[-0.4044987  0.4045015]



pesos modelo: 
Test loss: 0.0001, Test accuracy: 1.0000
Camada: meio
Peso 1:
[[-2.01624900e-01  2.77094275e-01  2.96444207e-01  3.06396037e-01
   3.29437286e-01 -4.25251722e-02 -1.18872195e-01]
 [-1.47823170e-01  1.24708697e-01  4.92852926e-01  3.97971757e-02
   2.88716495e-01  5.51724918e-02  1.97550297e-01]
 [-4.93427254e-02  1.69303268e-01 -3.34582359e-01  1.32556427e-02
   3.15751791e-01  1.13915570e-01  8.68635532e-03]
 [-3.65707725e-02  8.37048143e-03  1.85299084e-01  6.87611252e-02
   2.82600731e-01  1.37800053e-01 -4.62556146e-02]
 [ 1.34591818e-01 -2.00771391e-02 -3.51713389e-01 -2.00699996e-02
   1.25276178e-01 -1.02556340e-01  1.59941956e-01]
 [-4.15356219e-01 -2.85060227e-01  4.95514005e-01  1.92504868e-01
   3.26030433e-01 -4.22422551e-02  1.97526470e-01]
 [-3.44318151e-01  2.56050564e-02  4.31159377e-01  1.87690422e-01
   3.41515303e-01  3.33952308e-02  9.65292454e-02]
 [ 6.92474768e-02  1.79538637e-01 -4.02015261e-02 -1.57620788e-01
  -1.63979456e-02 -5.24947420e-02  1.22824721e-01]
 [-7.32558593e-02  1.72160879e-01 -3.26884121e-01  1.43350214e-01
   2.11320907e-01  4.65498480e-04 -1.01529866e-01]
 [-4.55767095e-01  2.15500668e-01  2.27857605e-01  2.29199138e-02
   4.26289380e-01  2.05327347e-01  9.09777209e-02]
 [-4.70513076e-01 -5.16481638e-01  1.01304695e-01  1.50056437e-01
   4.89092231e-01  2.19328642e-01 -3.50884423e-02]
 [-2.99316436e-01 -2.23416775e-01  2.22912550e-01  1.22398794e-01
   5.25730729e-01  7.79518932e-02  2.91053712e-01]
 [ 3.49535227e-01 -3.38550329e-01  4.82235998e-01 -1.34877190e-01
  -5.38897887e-02  1.59011170e-01 -1.99414805e-01]
 [-3.97435427e-01 -4.87087160e-01  2.46232405e-01  3.70920837e-01
   4.79656160e-01  1.96349830e-03  3.50235514e-02]
 [ 2.12990835e-01 -2.93599129e-01  2.97753364e-01 -1.95470713e-02
   1.42885536e-01  5.21580391e-02  4.44380119e-02]
 [-2.15488225e-01 -3.63907516e-01 -3.69116992e-01  3.60624678e-02
   4.46615309e-01  1.41222879e-01  9.65571776e-02]
 [-1.09311700e-01 -4.45544541e-01  1.73104942e-01  2.39984885e-01
   3.54995817e-01  3.27558629e-02 -1.69906602e-03]
 [-2.84585476e-01 -9.62219574e-03 -2.32746169e-01 -1.32543445e-01
   3.76128078e-01  1.85769364e-01  1.77372575e-01]
 [-2.03855485e-01  2.52185494e-01  1.07359588e-01  1.19833469e+00
  -1.01510775e+00  2.13695598e+00  1.69152367e+00]
 [ 1.98647559e-01  3.14473122e-01 -2.53606468e-01  1.88115478e+00
  -1.04777014e+00  1.96405590e+00  1.01944768e+00]]
Peso 2:
[-0.00814764 -0.17686121  0.09360649 -0.11282409  1.0089203  -0.2729806
 -0.19914345]
Camada: saida
Peso 1:
[[ 0.473967    0.2599641 ]
 [-0.3082299   0.08968055]
 [-0.8009587  -0.34005657]
 [ 1.753025   -1.1971722 ]
 [-1.8542218   1.0441535 ]
 [ 1.3839439  -2.333063  ]
 [ 1.60325    -0.81793886]]
Peso 2:
[-0.7664449   0.76644874]



pesos modelo: 
Test loss: 0.0001, Test accuracy: 1.0000
Camada: meio
Peso 1:
[[-1.24009192e-01 -1.02674663e-01  4.35075730e-01  1.69879764e-01
  -3.56759012e-01 -1.89790398e-01 -1.47137016e-01]
 [ 3.01124483e-01 -1.37474939e-01  4.25657183e-02 -4.64220226e-01
  -1.74810197e-02 -1.74081489e-01 -9.13854572e-04]
 [ 3.49649131e-01  1.15075015e-01  5.31907286e-03 -2.47341812e-01
   5.02417743e-01  9.18023055e-04  1.89526305e-01]
 [-7.04573765e-02  4.66295391e-01  2.48740882e-01 -2.65731692e-01
   2.69686341e-01  2.67297119e-01  4.54355069e-02]
 [ 3.36215556e-01  3.02845836e-01 -2.00577646e-01 -1.50436178e-01
   5.53061068e-01  1.87312946e-01 -3.80949979e-03]
 [-9.34608504e-02  3.29699293e-02  1.46467641e-01 -2.65599340e-01
   4.06996012e-01  1.09571360e-01  1.85598671e-01]
 [ 3.30396414e-01 -4.11787957e-01 -1.43193677e-01 -1.75756559e-01
   4.85344768e-01  5.32160252e-02  2.71905567e-02]
 [ 3.70145828e-01 -3.66408348e-01 -2.36086518e-01 -3.53745883e-03
   4.30021137e-01 -6.64331838e-02  4.63408083e-02]
 [ 2.81535864e-01 -3.45808595e-01  6.05911553e-01  4.63825315e-01
   4.20948416e-01  2.91091114e-01  1.42453983e-01]
 [-2.06134945e-01  5.34448326e-01  7.46876523e-02 -3.17600757e-01
   9.73437950e-02  1.60941537e-02  1.00424618e-01]
 [ 1.91186324e-01 -2.78316259e-01  1.50164396e-01  2.80367560e-04
   3.73421967e-01  1.82209630e-02  1.57806873e-01]
 [-2.62088269e-01 -3.19693655e-01  4.21792358e-01 -2.31682807e-01
  -3.20060328e-02  2.00083945e-02  9.95305181e-02]
 [-2.03971758e-01  2.59614289e-01  4.57471460e-01  1.18971288e-01
   2.22100019e-02  8.50130543e-02  1.43439561e-01]
 [ 7.51132220e-02  2.17625052e-01 -1.26973078e-01  3.93462241e-01
   4.24881518e-01  1.22534752e-01  5.31351343e-02]
 [-2.19411746e-01 -2.92619854e-01  2.07869802e-02  1.80061340e-01
   3.67134586e-02 -6.41709343e-02  3.82410847e-02]
 [-2.81208426e-01  1.45168707e-01  1.29952356e-01  3.69305313e-01
   3.46916616e-01  2.05513746e-01  1.21097594e-01]
 [-7.06591830e-02 -3.34023774e-01  2.23989159e-01 -3.63724709e-01
  -9.03242156e-02 -1.09032191e-01  3.91155258e-02]
 [ 4.01702188e-02  4.92849916e-01  2.34824717e-01  2.19839036e-01
   1.31208435e-01  1.43149555e-01  4.39614169e-02]
 [ 5.78363240e-01 -1.69977695e-01 -6.17914259e-01  2.73424029e-01
  -1.02555001e+00  2.01191950e+00  1.92270803e+00]
 [ 8.50921273e-01 -4.16656107e-01 -7.62954652e-01 -1.60028428e-01
  -1.16745579e+00  1.52923989e+00  2.08714962e+00]]
Peso 2:
[ 0.0118615   0.18953934  0.6522374  -0.02712251  0.75279367 -0.11855526
 -0.37138695]
Camada: saida
Peso 1:
[[-0.15064704 -1.1557317 ]
 [-0.5924494   0.06674133]
 [-0.6658339   1.109338  ]
 [ 0.2560112   0.47469568]
 [-1.6979893   0.9423114 ]
 [ 1.6838206  -1.6583481 ]
 [ 2.1536014  -1.6839418 ]]
Peso 2:
[-0.50043696  0.5004407 ]



pesos modelo: 
Test loss: 0.0001, Test accuracy: 1.0000
Camada: meio
Peso 1:
[[ 0.25709906  0.13787797 -0.15445203 -0.16936818 -0.22792724  0.06027618
   0.11213836]
 [ 0.07723205 -0.12517442  0.18281911  0.1944338   0.21608627 -0.01211341
   0.16873167]
 [ 0.24495691  0.28291056 -0.09385955  0.1779982   0.06988084 -0.01172418
   0.41875672]
 [-0.3939568  -0.13231497  0.25402382  0.22438353 -0.28811878  0.32861027
  -0.18267986]
 [ 0.21020254  0.3225084   0.02129809 -0.07072835  0.34273738  0.28218892
   0.34853575]
 [ 0.16358589  0.05702768 -0.27458048 -0.10364541  0.3028264   0.4419259
   0.41606894]
 [-0.2949631  -0.09458452 -0.02996355  0.31795672  0.24359146 -0.3260939
   0.4494707 ]
 [-0.07560468  0.2668782   0.21257183 -0.14214553  0.39337468 -0.23239966
   0.17897494]
 [ 0.1191517   0.2920387  -0.04171061  0.0342414   0.02756812 -0.16098407
   0.2609227 ]
 [-0.10757823 -0.1059821   0.2013954   0.203218    0.16345614 -0.45994946
   0.14443603]
 [-0.02745954  0.29905447  0.3021143   0.30212837  0.22047956 -0.30360875
   0.32642338]
 [ 0.3649522   0.0303494   0.4580306   0.22596715  0.17210174 -0.39031312
   0.02326301]
 [ 0.3037758  -0.19848935  0.33558255  0.2654297   0.2639037   0.34245804
   0.10447224]
 [-0.45056418  0.33385712  0.02290535 -0.07971224  0.13247827  0.17975295
   0.22469088]
 [ 0.12194876  0.26970842  0.4259451   0.2770671  -0.0972188   0.4363533
  -0.0065078 ]
 [-0.45028803 -0.01430454  0.52920526  0.4142149   0.13886623 -0.02123531
   0.07137689]
 [-0.4189838  -0.09954578 -0.08579591 -0.14555804  0.2526071  -0.08530278
   0.16686974]
 [-0.38840452  0.41943368  0.2621211   0.06834325  0.02523736 -0.0780715
   0.11151487]
 [ 0.01013043  0.9052524  -1.13408     1.5123404   1.2304479  -0.11634081
  -1.7822777 ]
 [ 0.11627352  0.7831464  -1.323435    1.3625909   1.2042732  -0.20894971
  -1.8212562 ]]
Peso 2:
[ 0.0027224  -0.05271044  0.66535234 -0.1267732  -0.17790769  0.00246534
  0.8834151 ]
Camada: saida
Peso 1:
[[ 0.5870405   0.80675507]
 [ 0.97331613 -0.51216507]
 [-1.3730963   1.4657357 ]
 [ 1.8724691  -0.85333294]
 [ 0.95870906 -1.4758844 ]
 [-0.5367324  -0.43672243]
 [-1.9885283   1.8676    ]]
Peso 2:
[-0.00952297  0.00952731]



pesos modelo: 
Test loss: 0.0001, Test accuracy: 1.0000
Camada: meio
Peso 1:
[[-2.97177076e-01 -6.38421476e-02  2.07693249e-01  2.49229372e-02
   2.39763856e-02 -4.66972917e-01  3.42281312e-01]
 [-6.08663559e-02  6.42958358e-02  1.71649694e-01  1.18181609e-01
   4.03438836e-01  4.31207210e-01  2.15787053e-01]
 [-1.02177635e-01 -3.56344014e-01  1.09462343e-01  3.81415665e-01
   2.05787465e-01 -1.65294528e-01 -9.31752920e-02]
 [-2.39499599e-01  1.04275219e-01  1.40427843e-01  4.50528949e-01
   1.94731817e-01 -1.30000353e-01  9.25439820e-02]
 [ 3.94888192e-01 -2.83720642e-02  5.39937355e-02  1.68362871e-01
   2.89452169e-02 -4.69639063e-01 -3.62746567e-01]
 [-2.07380787e-01  2.02962592e-01  1.42909586e-02 -9.33702886e-02
   3.17459494e-01 -4.04103696e-01  4.90554459e-02]
 [-6.21081442e-02  3.14301312e-01  1.74443334e-01  1.71717927e-01
   4.90134865e-01  5.63261285e-02 -3.68544430e-01]
 [ 3.19697797e-01 -2.07770720e-01  7.29347840e-02  5.46727121e-01
  -2.07085907e-01  3.15363973e-01 -2.86291808e-01]
 [ 4.15560782e-01 -3.90646867e-02 -1.81138068e-02 -1.92166477e-01
   8.28129053e-02 -6.42009005e-02 -1.93572238e-01]
 [ 1.60426050e-01 -4.60848331e-01  1.61052942e-01 -7.81746209e-03
   3.61577362e-01 -2.05081463e-01  5.72467327e-01]
 [ 1.27854541e-01 -1.62548006e-01  2.88756154e-02  3.15899283e-01
  -9.38960537e-02 -1.67986304e-01  3.04786721e-03]
 [-1.48498297e-01  2.75914874e-02  2.18154907e-01  3.99276674e-01
   3.99593025e-01 -9.17042792e-02  6.27318919e-02]
 [-1.52388304e-01  1.48629829e-01  4.57603559e-02  2.37061176e-02
   2.53186435e-01 -2.15764701e-01  1.18758433e-01]
 [ 4.60349381e-01 -5.19567192e-01  2.20444784e-01  5.54919727e-02
   3.51823062e-01  3.71699512e-01  3.80909503e-01]
 [-1.30908117e-01  1.56639054e-01 -6.19637361e-03 -1.20619543e-01
   2.51848131e-01  2.11967096e-01  2.35820301e-02]
 [ 3.62528384e-01  1.79520920e-01  1.84908211e-01  2.45838523e-01
   2.12509647e-01  1.20033100e-01 -1.89088687e-01]
 [ 2.94492096e-01  2.61350602e-01  1.85022831e-01  3.21018070e-01
   5.19277193e-02  3.56133074e-01  3.18580836e-01]
 [ 4.64251667e-01  4.40298706e-01 -1.31448591e-03  2.09335051e-03
  -8.13727528e-02 -2.27516666e-01 -3.94474715e-01]
 [-2.84164786e-01  1.06513336e-01  2.72469616e+00 -9.45331395e-01
  -9.30221677e-01  1.61203310e-01 -2.18115896e-01]
 [-6.91290915e-01 -2.75643971e-02  2.64409614e+00 -6.69160843e-01
  -1.07475865e+00 -5.43539692e-03 -4.75413978e-01]]
Peso 2:
[ 0.3163521  -0.05292029 -0.41343185  0.51056594  0.6536514  -0.06838223
  0.21064955]
Camada: saida
Peso 1:
[[-0.4883102   0.7198307 ]
 [-0.01655684  0.45176807]
 [ 3.0706027  -2.165302  ]
 [-0.87538356  0.9552626 ]
 [-1.4614164   0.82473475]
 [-0.5423819  -0.37320396]
 [-0.5162718   0.6348564 ]]
Peso 2:
[-0.26410303  0.26410654]



pesos modelo: 
Test loss: 0.0001, Test accuracy: 1.0000
Camada: meio
Peso 1:
[[ 3.80919307e-01 -1.88044071e-01  3.54519635e-01 -3.15066278e-02
   1.42427891e-01  1.70062631e-01 -3.98723364e-01]
 [-6.07922673e-02  3.23747694e-02 -1.82740301e-01  2.75449753e-01
   1.78710923e-01  1.64424196e-01 -3.28664601e-01]
 [-1.62921268e-02 -1.77837864e-01  3.23804110e-01  3.02489996e-01
  -1.02881275e-01  3.57702881e-01 -2.87619919e-01]
 [-2.93046176e-01  3.12564939e-01 -4.62036312e-01  2.60115594e-01
   4.14968789e-01 -7.59060727e-04 -3.27109575e-01]
 [-4.57480520e-01 -2.95821249e-01  3.89225155e-01  4.63068455e-01
  -6.67622313e-02  5.24178624e-01 -2.23374128e-01]
 [-1.96625650e-01 -8.55963901e-02 -1.73251182e-01  1.00609288e-01
   1.93628728e-01 -7.57528022e-02 -2.71486640e-01]
 [ 4.22852039e-01  2.58298039e-01  2.77611583e-01  1.60176456e-02
  -1.82197288e-01  5.64764142e-02  6.72838390e-02]
 [-1.52493179e-01  1.20121846e-02 -4.88641232e-01  2.02180371e-01
   2.87472993e-01 -6.13561540e-04 -3.80350828e-01]
 [ 3.75211239e-01  2.46073321e-01 -1.80491954e-01  1.87614307e-01
   2.46426642e-01  2.45649628e-02 -1.13427918e-02]
 [-2.98898935e-01 -3.26354861e-01 -4.45843011e-01  2.31003731e-01
   4.61783201e-01 -6.63472861e-02  8.75132084e-02]
 [-3.47674012e-01 -3.57384086e-01  2.91684433e-03  4.25028741e-01
   2.83352230e-02  4.25147623e-01 -2.01861560e-01]
 [-1.31762773e-01 -1.73353720e-02 -2.91006286e-02 -1.98302027e-02
  -2.73429215e-01  3.83373909e-02  1.00380257e-01]
 [-1.78668186e-01  1.93104327e-01 -1.18315279e-01  3.24658543e-01
   3.95502709e-02  2.90900409e-01  4.09511417e-01]
 [-2.93362319e-01 -4.06277269e-01 -2.15034664e-01  2.39820197e-01
   3.05793196e-01  3.22276354e-02 -9.94224008e-03]
 [ 3.17241669e-01 -3.01646709e-01 -2.07381964e-01  2.09547147e-01
   3.43598872e-01 -7.46436926e-05 -2.61297703e-01]
 [-8.45102966e-02 -4.21423197e-01  3.23521197e-01  2.13082492e-01
   1.39980003e-01  1.12240031e-01 -2.01334074e-01]
 [-1.04925513e-01 -4.65917766e-01 -2.41868794e-01  1.47245422e-01
  -3.49694863e-02  1.16998009e-01 -4.10177052e-01]
 [ 2.69006252e-01 -3.18090379e-01  2.70644985e-02  3.07984591e-01
   3.35270494e-01  1.36960194e-01 -2.02214811e-02]
 [-2.91718334e-01 -1.66382134e-01  1.68688387e-01 -2.08362722e+00
   1.01872218e+00  1.91400349e+00 -4.00496237e-02]
 [ 6.52460307e-02 -7.37812966e-02 -3.35437357e-01 -2.15793419e+00
   1.21253657e+00  1.71848309e+00 -3.95020880e-02]]
Peso 2:
[ 0.01659476 -0.04650322 -0.0811364   1.0359846  -0.19796315 -0.23885164
 -0.03664736]
Camada: saida
Peso 1:
[[-0.47549105  0.53121585]
 [ 0.30203804 -0.14217822]
 [ 0.16666935  0.6837915 ]
 [-2.2300243   2.3004005 ]
 [ 1.3996049  -0.6613453 ]
 [ 1.3928169  -2.2280903 ]
 [ 0.36605856 -0.6653006 ]]
Peso 2:
[-0.10964373  0.10964705]
