


pesos modelo: 
Test loss: 0.3989, Test accuracy: 0.8604
Camada: meio
Peso 1:
[[ 2.1009028e-02  4.8077196e-02  5.1684529e-02  2.9837540e-01
  -5.7746768e-03  2.2075012e-01 -4.6739203e-01  3.7803259e-01]
 [-1.8576483e-01 -8.7207541e-02  4.2300349e-01 -3.6883643e-01
  -3.1510639e-01  1.2648180e-01  3.4724936e-02 -1.5876959e-03]
 [-3.6674610e-01  2.5610626e-01  4.0961027e-02 -4.2956752e-01
   4.3831304e-01  3.9360932e-01 -3.3259052e-01  2.2193873e-01]
 [-1.7708595e-01  1.8363313e-01  6.8260096e-02  2.0785791e-01
   2.9712963e-01  1.2609576e-01 -1.5108168e-01  1.2326895e-02]
 [-3.7956506e-01 -1.5983824e-02  4.3871248e-01 -2.3519713e-01
  -2.7679706e-01  5.0222254e-01 -4.1840115e-01  4.7158495e-01]
 [ 1.0769434e-01  1.6998947e-01 -5.3729162e-02  4.0162444e-01
   5.0445521e-01  2.9942590e-01  3.4495777e-01  5.8724661e-03]
 [ 3.3380935e-01 -1.8735231e+00  5.9562749e-01 -3.4608595e-02
  -1.0405371e+00  1.9354793e+00 -1.6468409e-01 -8.0530798e-01]
 [ 3.1585979e-01  5.0773114e-01 -1.6703889e-01  9.3985319e-02
  -2.1056648e-01  1.9304463e-01  6.9792956e-02 -2.0455198e-01]
 [ 1.5445299e-01  2.7558219e-01  5.5327322e-02  3.4994876e-01
   2.3338687e-01  2.2811191e-01  2.1049485e-03  8.3225161e-02]
 [-2.1088512e-01  7.0109612e-01 -5.9214167e-02  9.8636724e-02
   5.8686745e-01 -5.9776717e-01 -3.5650945e-01  1.6201699e-02]
 [-2.1127836e-01  2.9804260e-01  1.5501428e-01 -2.3572658e-01
   2.3497604e-02  1.1143629e-01 -3.3444065e-01 -1.2500009e-01]
 [ 2.9294950e-01  3.0368873e-01  1.7274390e-01 -2.3004602e-01
   1.9130757e-01  1.4065899e-01 -2.5889963e-01 -1.7574586e-01]
 [ 3.2633686e-01 -3.2084766e-01 -7.5220473e-02 -4.6092248e-01
   4.6979132e-01  3.8383287e-01  2.8287271e-02 -1.3035363e-01]
 [-3.6362582e-01  7.3126992e-03  1.5612934e-02 -8.9225240e-02
   2.5091541e-01  7.3828995e-02 -2.2001015e-01  3.2003891e-01]
 [-1.2409312e-01  3.9151987e-01 -9.8795854e-02  3.7636417e-01
  -2.9304588e-01  3.0488870e-01 -2.5992936e-01  4.0513858e-01]
 [-2.7820280e-01  5.3380698e-01  3.7129852e-01  6.0925860e-02
   1.2768768e-01 -7.1289283e-01  2.5104743e-01  5.2021396e-01]
 [ 1.5465294e-01  3.4377366e-01  4.6753004e-02 -1.4179273e-01
  -6.6554234e-03  1.1103155e-02  3.0853921e-01 -2.7696270e-01]
 [-2.2030462e-01  3.7813634e-01  1.1134716e-01 -3.0979839e-01
  -1.9978822e-04  2.5491354e-01  2.5111651e-01  1.2539944e-01]
 [-3.6982912e-01  4.7717977e-02 -3.2955629e-01 -1.2376291e-01
   1.9988473e-01  1.1127569e-01 -1.9083630e-01  2.5713646e-01]]
Peso 2:
[-0.03825312  1.0580182  -0.0626993  -0.07738706  0.59082896 -0.3838513
 -0.02694521  0.4076821 ]
Camada: saida
Peso 1:
[[ 0.12610579 -0.37169266]
 [-1.7461034   1.5728195 ]
 [ 0.2808455  -0.40196532]
 [ 0.2831292  -0.02835235]
 [-0.71110755  1.0619788 ]
 [ 2.00902    -0.9857077 ]
 [-0.21938558 -0.30120867]
 [-0.23703697  1.1327492 ]]
Peso 2:
[-0.11029653  0.11029591]



pesos modelo: 
Test loss: 0.4892, Test accuracy: 0.8338
Camada: meio
Peso 1:
[[-0.1184305  -0.46007118 -0.18830854  0.3465933   0.01938105 -0.1972222
  -0.03615156 -0.0922671 ]
 [ 0.52176774  0.51497406 -0.2012276  -0.23137055  0.31057027  0.37591958
  -0.06475456  0.31253043]
 [ 0.07587343  0.2966345  -0.08826332  0.00746763 -0.1461641   0.23575127
  -0.11891228  0.16014159]
 [ 0.37828404 -0.13704683  0.04031418  0.25410885 -0.03047792  0.34561712
  -0.4166481   0.41467693]
 [ 0.3904571   0.46137968 -0.42083472 -0.17126168  0.5504649   0.3172303
  -0.00514336  0.2293766 ]
 [-0.3266151  -0.47729686  0.306071   -0.04660597  0.27471405 -0.23409261
   0.01442681  0.23200625]
 [ 2.2373183  -0.19657007 -0.43015027 -0.7741189   1.230346   -0.7736739
   0.16078553 -1.1975126 ]
 [-0.22068201  0.01089358  0.0570017  -0.00335315  0.06861446  0.01850859
   0.24056646  0.03750075]
 [ 0.24788278 -0.24746482 -0.32386032  0.1216398  -0.1804681   0.49451604
   0.3514594   0.16201554]
 [-0.52546597 -0.08456644 -0.12129875  0.30359936 -0.42393127  0.6352312
  -0.50966674  0.23340124]
 [ 0.08857701  0.23476322 -0.2164374   0.7333466   0.03178705 -0.29962417
   0.1271901  -0.1495739 ]
 [-0.04780754  0.01179155  0.46799737 -0.02116937  0.16367906  0.40874994
   0.32722282  0.2015082 ]
 [ 0.31761622 -0.10733562  0.04159807  0.25166148  0.62863743  0.27304366
   0.22007722 -0.260145  ]
 [ 0.3985702  -0.0996793  -0.36345276  0.32299292 -0.06756025  0.34512573
  -0.45284718  0.31166917]
 [ 0.11235191  0.3603006   0.26399517 -0.02052554  0.25027615  0.33148065
  -0.01863228  0.5415588 ]
 [-0.31979448 -0.44081554  0.25268075  0.84564936 -0.515982    0.64268464
   0.03611334  0.09008905]
 [ 0.08686966  0.3265767   0.09953234  0.09935937 -0.04905096 -0.02535838
   0.27727306  0.3407938 ]
 [ 0.14848422 -0.12464789  0.50942063  0.07128879 -0.20979853  0.14160356
   0.10031702  0.20233211]
 [ 0.07051361 -0.18081294 -0.3715877   0.16671316 -0.32762748 -0.34527025
   0.17769861  0.21545866]]
Peso 2:
[-0.55399644 -0.05738145  0.08638642  0.80680376 -0.2885018   0.39230022
 -0.09287865  0.5083517 ]
Camada: saida
Peso 1:
[[ 2.2849128  -1.0759014 ]
 [-0.53308487 -0.5401238 ]
 [ 0.26224807  0.62986773]
 [-1.402261    0.60907304]
 [ 1.0749321  -0.8257528 ]
 [-0.44195846  0.9367861 ]
 [-0.11992243 -0.32354662]
 [-0.44255072  1.3936156 ]]
Peso 2:
[-0.7313887  0.7313899]



pesos modelo: 
Test loss: 0.4499, Test accuracy: 0.8467
Camada: meio
Peso 1:
[[ 0.23394915 -0.25353286 -0.23101766  0.0790858  -0.30612943  0.2078925
   0.26102957  0.21348771]
 [-0.31129137  0.15166537  0.25446117  0.8070926  -0.44283727  0.287935
  -0.12697175 -0.31971157]
 [ 0.00818044 -0.1860727   0.02673632  0.15898234  0.44546145  0.48295587
   0.18419209 -0.34132865]
 [ 0.16509669  0.05701324 -0.03259844  0.07185482 -0.2753927   0.30484083
  -0.34774923 -0.33573416]
 [-0.06191305 -0.02674505 -0.01700119  0.49215138  0.50054365 -0.13336213
  -0.10328413 -0.41929442]
 [ 0.25416344  0.18818367  0.22022541 -0.06758329 -0.19602631 -0.04947694
   0.3714889  -0.37529716]
 [-0.27700895 -1.3574568  -0.10023125  1.944986   -0.2315743  -1.69297
   0.33183795  0.14494698]
 [ 0.3358998   0.05590675 -0.44623527 -0.1957289   0.12489837 -0.13966976
  -0.36407927  0.0544771 ]
 [-0.04383461  0.25485957 -0.11085152  0.12532619  0.2669293   0.11090837
  -0.10925711 -0.37576535]
 [-0.34193942  0.5232023  -0.35393634 -0.6040171  -0.2566378   0.5271783
  -0.29270768 -0.0371097 ]
 [ 0.3780448  -0.04680464  0.09159504  0.1197191  -0.1222183   0.29186463
  -0.4585402   0.21309116]
 [ 0.463741    0.30313635  0.02110237  0.25970766  0.3389316   0.11382133
  -0.31600612 -0.30131245]
 [-0.47703046  0.07453633 -0.44673344  0.43620333 -0.21048616 -0.0319628
  -0.34812385  0.23135234]
 [ 0.42285717  0.05630887  0.02890576  0.13190281 -0.06663021  0.21704622
   0.09087203  0.12453093]
 [-0.20045099  0.08053534 -0.07987551  0.21814522 -0.30889016  0.39237857
   0.10095994  0.10948779]
 [ 0.31705022  0.66968715  0.367109   -0.37890354  0.21063812  0.62046146
   0.04276425  0.35966966]
 [-0.29375744  0.43419144 -0.15753321  0.04028197  0.36487982 -0.11703473
  -0.11914586 -0.4368283 ]
 [ 0.29806137  0.20507756 -0.28245303  0.28161713 -0.36727473  0.29222485
   0.22180241  0.47874278]
 [-0.31561947  0.20332183 -0.01123229 -0.00947812  0.05730417  0.09359437
  -0.23720863  0.18109217]]
Peso 2:
[ 0.20376927  0.65553355 -0.09464806 -0.45661262  0.16979988  0.962914
  0.01180298  0.09181193]
Camada: saida
Peso 1:
[[-0.3453111   0.5663736 ]
 [-1.4236907   0.92407143]
 [ 0.161      -0.04932314]
 [ 2.0316582  -1.1801192 ]
 [-0.23110591  0.45748034]
 [-1.6778768   1.2871035 ]
 [-0.7644119   0.7146144 ]
 [-0.5096833   0.18189332]]
Peso 2:
[-0.2502296   0.25023052]



pesos modelo: 
Test loss: 0.7672, Test accuracy: 0.7790
Camada: meio
Peso 1:
[[ 0.09211287 -0.22596005  0.14430091 -0.09730875  0.2238091  -0.02761653
  -0.40969008 -0.30004498]
 [-0.34891587  0.07523091  0.26593924  0.05540145  0.23918529 -0.05420818
   0.54363817  0.09449818]
 [-0.03919383 -0.06221708 -0.04782831 -0.03540213  0.22655247  0.00600621
  -0.24825956  0.14456192]
 [-0.05175809 -0.10607934 -0.07813702 -0.14289759  0.20170014  0.42371374
   0.31841522  0.22768582]
 [-0.3613246  -0.08472869  0.45425186  0.11309306  0.10001665  0.3252273
   0.627759   -0.2601738 ]
 [-0.4462441  -0.28154072  0.14518149 -0.07561923  0.0065735   0.47339496
  -0.09240611 -0.4497317 ]
 [-0.3514247  -0.28253153  2.1162722   0.14912082  1.0546068  -0.79854053
   1.5389198   0.02199678]
 [ 0.22872007 -0.2942542   0.04264213 -0.1832897   0.21659146  0.39075744
   0.00384181  0.1871813 ]
 [-0.17986298  0.2729915   0.19531699  0.11231809 -0.07029916  0.33710653
  -0.24169804 -0.3351159 ]
 [-0.35528177 -0.23313951 -0.5550487   0.15811104 -0.6484214   0.8507514
  -0.4143529  -0.35271522]
 [-0.44145712 -0.31124958  0.29909217 -0.42901886  0.2736656   0.5167117
  -0.24470158  0.06049801]
 [-0.28997657 -0.38714248  0.02098022 -0.44049203  0.22102341  0.24531716
  -0.11117432  0.17805873]
 [-0.435722   -0.13612048  0.3743787  -0.34652388 -0.10427693 -0.14049432
   0.44712517 -0.01944293]
 [ 0.32005692 -0.23133528  0.01691989 -0.01617733  0.3044775   0.19751889
  -0.09587296  0.34432736]
 [-0.40038696 -0.15867187 -0.05302512  0.1272747  -0.21568297  0.06832219
  -0.06293237 -0.18269448]
 [ 0.01923596 -0.43066043 -0.5925496   0.01698704 -0.04141412  0.3715411
  -0.525319    0.55620676]
 [-0.47082707 -0.43970248  0.18639906  0.10178324 -0.14473918  0.59234434
   0.22725499  0.3495581 ]
 [ 0.40450326  0.18510506 -0.01922808 -0.3911144   0.05496257  0.19918731
  -0.0542728  -0.31183764]
 [-0.1014023   0.2958738  -0.05319579  0.02356644  0.11481962  0.15400286
  -0.08972695 -0.03212795]]
Peso 2:
[-0.08650033 -0.11903188 -0.59396553 -0.2025436  -0.27385855  1.0800482
 -0.31490037  0.21828781]
Camada: saida
Peso 1:
[[ 0.59778273 -0.7085129 ]
 [ 0.34455895 -0.6143579 ]
 [ 1.4690181  -1.8827235 ]
 [ 0.5902248  -0.60937554]
 [ 0.78210133 -0.520613  ]
 [-1.4935862   0.99610114]
 [ 1.4926953  -0.74702924]
 [-0.43888974  0.292586  ]]
Peso 2:
[-1.176787   1.1767879]



pesos modelo: 
Test loss: 0.3532, Test accuracy: 0.8738
Camada: meio
Peso 1:
[[ 3.8222852e-01  4.6921751e-01 -2.4354765e-01  4.2923239e-01
   8.2492828e-05 -2.1891648e-01  2.8325021e-03  2.1423748e-01]
 [-3.3084493e-02 -3.8418350e-01 -1.4178650e-01  2.5377443e-01
   6.1262619e-01  1.3238457e-01 -3.0947334e-01 -1.5271586e-01]
 [-3.4194384e-02 -2.8171349e-01 -1.3578299e-01  3.1084538e-01
   1.8417236e-01  3.6541244e-01 -1.8586816e-01 -1.8196727e-01]
 [ 3.7771887e-01  2.8383823e-02 -3.3182383e-01 -5.1823989e-02
   1.7232911e-01  4.2918780e-01  3.3865532e-01 -1.7512242e-01]
 [ 3.1237116e-01 -2.8175163e-01  3.6085537e-01  1.4677487e-02
   5.5863446e-01 -2.2064921e-01  1.3476466e-01 -1.8625921e-01]
 [ 1.9102801e-02 -3.0349588e-01  5.4926938e-01  9.6901938e-02
   3.8770118e-01  7.6735005e-02  3.1344250e-01  1.8549202e-01]
 [ 1.0338280e+00 -4.0687692e-01 -7.9111212e-01 -2.7810407e-01
   1.6068621e+00 -1.9567986e+00 -5.8676493e-01 -1.9798690e-01]
 [ 9.1820598e-02 -2.7370328e-01  2.7144978e-02  1.8749866e-01
   2.4472234e-01  1.7253518e-01  3.8752928e-01  1.7825566e-01]
 [ 1.4671546e-01 -4.4472820e-01  6.6239700e-02 -3.3398807e-01
  -5.3022530e-02  1.3596371e-01  1.0243007e-01  5.9275895e-02]
 [ 1.5427329e-01  2.1269746e-01 -3.4136820e-01  3.7105687e-02
  -4.4973171e-01  9.5746928e-01  6.8710917e-01  3.7087092e-01]
 [ 2.0911911e-01  1.4242867e-01  8.2681123e-03 -1.4275634e-01
   2.3637135e-02  2.4971277e-01 -2.2333223e-02 -3.9781526e-01]
 [-7.6564401e-04  2.2148785e-01  4.1201791e-01 -2.1129663e-01
   4.5863521e-01  1.2877156e-01  5.0049311e-01 -4.3041441e-01]
 [ 3.9672667e-01  1.9271623e-01  1.4924817e-01 -1.5216324e-01
   3.2741919e-01 -1.4713667e-01 -1.7862965e-01  1.3755712e-01]
 [ 4.6788430e-01 -1.5519117e-01  8.5012056e-03  2.9594535e-02
   7.8495041e-02  3.0702835e-01  2.1045096e-01 -3.1440836e-01]
 [-6.4896204e-02  1.3306925e-01 -2.5796807e-01 -4.3903869e-02
  -7.0600443e-02  2.9155883e-01 -2.9587609e-01  3.8532820e-01]
 [-9.7993121e-02 -1.4004578e-01  6.9485503e-01  2.7938297e-01
  -1.4257747e-01  6.1095178e-01  3.3807343e-01 -4.3238366e-01]
 [-3.2767886e-01  1.0304221e-01 -2.1323727e-01 -3.2526281e-01
  -1.2724248e-01 -6.2496807e-02  2.3232178e-01 -2.6666582e-01]
 [ 2.8273687e-01 -3.6964539e-02  5.8619219e-01  3.5860518e-01
   3.7086946e-01  3.2425314e-01 -2.5820601e-01 -2.7390862e-01]
 [ 8.8316888e-02 -1.9744992e-01  2.9098781e-04  1.6493876e-01
   5.3178638e-02  1.0873546e-01  2.4284931e-01  6.2812872e-02]]
Peso 2:
[-0.12609188 -0.15243302  0.52688056  0.1012276  -0.3415516   1.2402388
  0.44443846 -0.07101863]
Camada: saida
Peso 1:
[[ 0.28078836 -1.1114955 ]
 [ 0.17117202 -0.6163904 ]
 [-1.0148013   0.4567757 ]
 [ 0.42893204  0.84370714]
 [ 1.6458256  -0.86960983]
 [-1.7264647   1.94574   ]
 [-0.9622526   0.5062858 ]
 [ 0.57544434  0.17046542]]
Peso 2:
[-0.10984897  0.10984852]



pesos modelo: 
Test loss: 0.6092, Test accuracy: 0.8012
Camada: meio
Peso 1:
[[ 3.12710315e-01 -2.73054928e-01  4.27964628e-02  3.11787099e-01
  -4.19608623e-01 -6.20811880e-02  1.46655947e-01  3.31284910e-01]
 [ 4.39397216e-01 -1.32356495e-01  1.97666705e-01  3.17300051e-01
   4.72811550e-01 -1.29297391e-01 -4.42369998e-01  1.24483868e-01]
 [ 1.83990717e-01  2.65226781e-01 -2.30669752e-01  6.46106720e-01
   1.60799935e-01 -2.56215423e-01  3.19350719e-01 -8.07381645e-02]
 [ 2.67672151e-01  2.57219166e-01  3.97931039e-01  5.37755489e-01
   1.60421968e-01  3.83679271e-01 -1.45224482e-01  1.27028853e-01]
 [ 1.59791499e-01 -2.85897613e-01 -4.61682498e-01 -1.89021416e-02
   4.22978371e-01 -2.00868070e-01  4.54611361e-01 -4.93777841e-02]
 [-1.78342879e-01 -2.39854842e-01  4.06688690e-01  4.64224704e-02
   1.32234260e-01  5.31151593e-01 -1.56685039e-01  1.18675858e-01]
 [ 1.12308836e+00  1.49446577e-01  4.31547761e-01 -1.08809948e+00
   2.35686183e+00 -3.57934654e-01  2.01816097e-01  5.99290729e-01]
 [ 1.17922075e-01 -4.45484102e-01 -3.64281207e-01 -3.40949409e-02
  -1.22135893e-01  4.52702135e-01 -3.47223222e-01  2.99753733e-02]
 [ 1.83649108e-01 -2.91616410e-01  1.19820572e-01  5.02093434e-02
  -1.04094349e-01  5.32115936e-01  2.71169424e-01  3.42768341e-01]
 [-4.55031574e-01  2.26889938e-01  4.80989486e-01  4.96573240e-01
  -3.92693222e-01  4.94146019e-01 -2.07416549e-01 -4.37179834e-01]
 [-3.62986811e-02 -4.91104096e-01 -2.01114744e-01  1.88900679e-01
   9.71035287e-02  2.13240176e-01 -2.23618418e-01 -2.10940912e-01]
 [ 9.55044851e-02 -4.21891510e-01 -2.20079377e-01  3.21245283e-01
  -6.15897253e-02 -1.56912923e-01 -2.17917427e-01  2.97201425e-01]
 [ 2.47720987e-01 -3.93592656e-01  1.11241706e-01 -6.97632646e-03
   4.33982730e-01  2.12820306e-01  3.54438812e-01  4.94345099e-01]
 [-2.85623759e-01  1.87716112e-01 -2.82098502e-01 -3.11804041e-02
   3.44200172e-02  1.36919752e-01 -5.50737157e-02 -3.19399089e-02]
 [-1.22803889e-01 -3.24064270e-02 -3.82762641e-01  8.51137638e-02
  -2.34791357e-02  1.52732819e-01  8.74188840e-02  1.46345302e-01]
 [-3.61194879e-01  7.36911595e-02 -1.12086013e-01  9.00821447e-01
  -3.97359133e-01 -3.30548614e-01  2.03481242e-01 -4.53804731e-01]
 [ 2.08569959e-01  2.17387676e-01 -1.89796537e-01  3.94462287e-01
  -5.20640193e-03 -1.93703428e-01 -3.72628391e-01 -2.70311505e-01]
 [ 2.05152586e-01 -4.09413204e-02 -3.54665428e-01  4.77812849e-02
   5.10704820e-04  5.29585540e-01 -8.46081972e-02 -2.64554232e-01]
 [-2.07737207e-01 -6.58338815e-02  3.09665091e-02  1.97742730e-01
   2.43969802e-02 -2.47950926e-01 -1.88112020e-01  4.29584943e-02]]
Peso 2:
[-0.24065183 -0.08814284  0.01275856  1.0472876  -0.64817864  0.34967926
  0.01454767 -0.05463725]
Camada: saida
Peso 1:
[[ 1.1152822  -0.87912697]
 [ 0.69750637  0.21324654]
 [ 0.44491968  0.5807434 ]
 [-0.93458045  1.6418343 ]
 [ 1.7839     -1.8077148 ]
 [ 0.05139427  1.1743315 ]
 [-0.5674403  -0.25165898]
 [ 0.7573337  -0.01898945]]
Peso 2:
[-0.95832014  0.95832175]



pesos modelo: 
Test loss: 0.6973, Test accuracy: 0.7869
Camada: meio
Peso 1:
[[ 0.03541705 -0.2684189   0.20677444 -0.00941831  0.40696403  0.09915987
  -0.46395183  0.45154086]
 [-0.22599185  0.08451317  0.23784895  0.03812877  0.01025063  0.24427262
   0.47380352  0.41732433]
 [ 0.38902983  0.3504252  -0.31623006  0.03252288  0.06790376 -0.38555732
   0.16316491 -0.00469524]
 [-0.02157744 -0.0459225  -0.21055216 -0.44880152 -0.08728275 -0.2562608
  -0.17307743  0.3047913 ]
 [ 0.26793736 -0.15743159 -0.07338799  0.37716237 -0.14493288  0.28389782
   0.4680401  -0.188991  ]
 [ 0.11069933  0.5263782  -0.42488334  0.11162735 -0.4665881  -0.11506546
   0.15201761 -0.27269095]
 [-0.56040275 -0.9625376   0.37282935 -0.30865943 -0.17112716 -0.34454116
   2.63739     0.23928647]
 [ 0.3528096   0.11889927 -0.00746748 -0.2546485   0.08535741 -0.0289469
   0.05215313  0.00352345]
 [-0.04327216  0.3965174  -0.30186456 -0.36301857  0.21605533 -0.21588652
   0.07014044  0.00288345]
 [ 0.02557105  0.72906613 -0.26709375  0.32494903 -0.27613685 -0.33197585
  -0.8081916  -0.29581127]
 [ 0.38544673  0.05645933 -0.21776223 -0.15562494 -0.1909479   0.04792575
   0.04290458 -0.03059366]
 [ 0.57955724 -0.00998888  0.15575665 -0.2903544   0.02078671  0.05405433
   0.05637459 -0.19016315]
 [-0.3033627   0.35158214 -0.12298758 -0.22452582  0.35064855  0.39163977
   0.6172698  -0.35503656]
 [-0.07251525  0.58633757  0.02933207  0.28624701 -0.39465564 -0.17989045
   0.11432362  0.04717599]
 [ 0.13942929  0.4102143   0.34116852 -0.10144626 -0.358094    0.23387879
   0.11097418  0.22729066]
 [ 0.23409157  0.20479558 -0.16317484  0.0710774   0.30519176 -0.04736044
  -0.82643884 -0.2302459 ]
 [ 0.38724285  0.40899467 -0.20358157 -0.46873003  0.43921858 -0.23408593
   0.226937   -0.22674882]
 [ 0.23836096  0.16569932 -0.30418667 -0.23476136  0.00716873 -0.05531083
   0.0282304  -0.39355242]
 [ 0.36662406  0.10746981 -0.35757852  0.13616386  0.4502454   0.3410042
   0.07949659 -0.02470264]]
Peso 2:
[ 0.55370164  0.8077592   0.00537441 -0.06742691  0.00855795  0.06312489
 -0.77599627 -0.02031343]
Camada: saida
Peso 1:
[[-0.13176982  1.3190286 ]
 [-1.0120641   1.1954362 ]
 [ 0.62135285  0.49755034]
 [-0.251564   -0.36063263]
 [-0.49860328 -0.20428686]
 [-0.8867616  -0.5340316 ]
 [ 2.1718261  -2.1215134 ]
 [-0.30214408 -0.4564816 ]]
Peso 2:
[-0.8397061   0.83970726]



pesos modelo: 
Test loss: 0.2359, Test accuracy: 0.9161
Camada: meio
Peso 1:
[[-2.11780488e-01  3.33994329e-02  4.56013530e-01  2.60178357e-01
  -3.22426200e-01  8.65488350e-02  1.08526677e-01  1.11183494e-01]
 [-1.73608720e-01 -1.95044130e-01  4.60287452e-01  1.41423479e-01
   1.16885625e-01  1.18658587e-01  1.40012890e-01 -2.70907193e-01]
 [ 1.18100673e-01 -7.03310035e-03 -1.09210037e-01  4.04479802e-01
   1.80318788e-01 -4.53017831e-01  2.73570806e-01 -8.55707228e-02]
 [ 2.66336687e-02 -2.54036665e-01 -1.13824360e-01  2.10350633e-01
   1.48878843e-01 -1.80489212e-01 -3.08313400e-01 -1.49915824e-02]
 [-2.70304233e-01 -3.47999185e-01  5.12819350e-01  2.51012743e-01
  -5.56660220e-02 -1.91200703e-01 -1.03647791e-01  4.39103007e-01]
 [ 2.88633943e-01 -4.53967214e-01  7.77414888e-02 -1.16443694e-01
  -1.28033450e-02 -2.29125381e-01  3.20316255e-01  5.49932182e-01]
 [-3.44876766e-01 -3.76916498e-01  2.48582339e+00  4.89549786e-01
  -1.38333523e+00 -4.30383980e-01 -1.92300186e-01 -6.38266802e-01]
 [ 1.46429734e-02 -1.85399339e-01  3.95829082e-02  8.57426673e-02
   2.86624014e-01  1.97152898e-01 -4.55564082e-01  1.24310546e-01]
 [-3.36507440e-01 -4.32956636e-01  1.56084821e-01 -3.97255048e-02
   1.89009503e-01 -6.07014298e-02  2.63408124e-01  3.35264117e-01]
 [-2.19692335e-01 -7.03046098e-04 -2.35876843e-01 -4.24074590e-01
   8.47044647e-01 -5.44627942e-02  2.07883298e-01  3.41958880e-01]
 [ 3.10520083e-01  1.86219528e-01  1.22539021e-01 -3.04494739e-01
  -1.83030218e-02  3.54667485e-01  4.28589463e-01  4.34285253e-01]
 [-9.13728029e-02 -3.57992440e-01 -4.49890681e-02  1.91215068e-01
   2.32109994e-01  9.51700956e-02  3.61355484e-01 -1.18871719e-01]
 [-1.97380409e-01  7.57775456e-02  5.31816185e-01  3.16286117e-01
   2.00458899e-01 -6.53204918e-02  1.68048963e-02 -3.15629542e-02]
 [-4.78074372e-01 -3.12379003e-01  2.01280102e-01  1.37552574e-01
   5.53963244e-01  4.60844748e-02 -1.93540424e-01 -4.83511128e-02]
 [-2.04205707e-01 -2.48049244e-01  2.65575975e-01  2.56396860e-01
   4.75495994e-01 -4.11403537e-01 -2.32599586e-01  4.64457422e-01]
 [-2.09163681e-01 -1.33681651e-02 -5.29967666e-01 -5.92029631e-01
   6.80333316e-01  2.70505250e-01 -1.70748129e-01 -2.50622153e-01]
 [ 2.40605772e-01  3.46428573e-01 -1.66646868e-01  2.67095000e-01
  -8.55510458e-02 -4.67231363e-01 -1.23925939e-01  4.67750371e-01]
 [-4.86983240e-01  3.42435062e-01 -1.43020883e-01 -3.64169091e-01
  -5.14831506e-02 -4.67519686e-02  2.81224728e-01 -2.96428263e-01]
 [-2.63093829e-01 -3.32049519e-01  2.04458371e-01  3.97209793e-01
   4.56600785e-01  7.61262476e-02 -2.98009187e-01  4.04942542e-01]]
Peso 2:
[-0.12926894 -0.0524672  -0.5802402  -0.2544294   1.0291296  -0.1543636
  0.14922531  0.37381375]
Camada: saida
Peso 1:
[[ 7.0258361e-01 -1.7665535e-03]
 [ 7.6649308e-02 -3.2381314e-01]
 [ 1.7493416e+00 -1.9901179e+00]
 [ 9.4487053e-01 -2.2750752e-01]
 [-1.8582588e+00  9.9458361e-01]
 [-3.0456501e-01 -6.1913508e-01]
 [-2.9368460e-01  2.9535887e-01]
 [-9.0250236e-01  3.5438001e-01]]
Peso 2:
[-0.6929608  0.6929602]



pesos modelo: 
Test loss: 0.5651, Test accuracy: 0.8161
Camada: meio
Peso 1:
[[-4.05291408e-01 -3.16299170e-01  7.29296505e-02  1.79738998e-02
   4.50218946e-01 -2.92357385e-01 -1.30380780e-01  5.44291437e-02]
 [ 6.84956694e-03 -1.05108880e-01 -1.07378587e-02  3.56721371e-01
   1.78383291e-01  3.22607487e-01  2.06303611e-01  5.47116339e-01]
 [ 1.20951265e-01 -3.70867029e-02  8.23831931e-02 -1.42188028e-01
  -4.15502965e-01 -3.18353027e-01  2.89237320e-01 -1.02350987e-01]
 [ 4.01092798e-01  5.31775653e-01 -3.81632566e-01  1.28251528e-02
  -4.13731150e-02 -5.78063074e-03  1.26752332e-01 -1.28409028e-01]
 [ 4.69941914e-01 -1.94879517e-01  3.33453596e-01  4.67142910e-01
  -6.34710351e-03  2.50376046e-01  2.24106103e-01  1.30919874e-01]
 [-2.06125572e-01  1.74875379e-01 -9.67261344e-02  3.60021323e-01
  -2.67474860e-01 -1.06404483e-01  4.59031276e-02  1.83192626e-01]
 [ 1.53798461e+00 -1.59507596e+00 -6.01645172e-01  4.63401556e-01
  -2.90585101e-01  1.23432231e+00  8.60163942e-02  1.34055066e+00]
 [-2.32857555e-01  1.78232476e-01  2.75099605e-01  1.30232111e-01
  -9.56285596e-02  6.07554130e-02  3.65415752e-01  3.66414100e-01]
 [ 1.06263869e-02  3.91814977e-01 -1.68647662e-01  4.38906819e-01
  -6.37346134e-02 -2.33788770e-02 -1.26376152e-01  2.62190878e-01]
 [-2.41995186e-01  9.70550656e-01  3.20360094e-01  3.97364944e-01
   1.01185337e-01 -2.37351969e-01  3.48403268e-02 -1.45618021e-01]
 [ 2.79266149e-01  3.74761373e-01  4.59044188e-01 -2.19027221e-01
  -1.40600026e-01  3.39024901e-01  1.92607113e-03 -6.71187863e-02]
 [ 2.70437114e-02  4.44189683e-02  2.20753416e-01 -3.70890707e-01
   1.47764524e-02 -4.17783298e-02  2.78337568e-01 -1.34670973e-01]
 [ 4.08856660e-01  5.99268787e-02  1.84583560e-01  1.06892139e-01
  -3.56877267e-01  4.51828986e-01  1.25466788e-04  3.68098140e-01]
 [-2.63672769e-02  1.06628351e-02  2.87158608e-01  8.20767581e-02
  -1.14593208e-01 -9.75632388e-03 -2.51623511e-01 -1.58024635e-02]
 [-1.52318859e-02  2.85512924e-01  5.22717237e-02 -3.69532444e-02
   2.91480660e-01  2.68255025e-01 -1.45418033e-01 -9.83483642e-02]
 [-2.45296389e-01  7.49314427e-01  7.51395077e-02  2.83320814e-01
  -4.03832763e-01 -3.03882927e-01 -2.36621961e-01 -3.92286003e-01]
 [ 1.35600239e-01  3.47658634e-01 -3.42998356e-01 -1.57552481e-01
  -3.62619579e-01  4.43719849e-02  3.17303330e-01 -1.99947178e-01]
 [-3.91077958e-02  2.23945513e-01 -2.55204916e-01 -3.49006832e-01
   4.46361661e-01 -1.19084805e-01  1.32397013e-02  1.21096514e-01]
 [ 1.22028857e-01  2.30482981e-01  3.22992176e-01 -3.67456049e-01
  -4.15906310e-01  1.41734943e-01  2.76432522e-02  6.87991083e-03]]
Peso 2:
[-0.2856579   1.1941359   0.42304003 -0.01819337  0.04398208 -0.27876768
 -0.11258367 -0.25765738]
Camada: saida
Peso 1:
[[ 0.67873746 -1.4222591 ]
 [-1.8533865   1.4377259 ]
 [-0.32472733  1.0214438 ]
 [ 0.54111105  0.38886175]
 [-0.42182294  0.06181942]
 [ 0.95133585 -1.2183704 ]
 [-0.40285787 -0.6167133 ]
 [ 1.380188   -0.4300453 ]]
Peso 2:
[-0.59211046  0.592115  ]



pesos modelo: 
Test loss: 0.6490, Test accuracy: 0.7953
Camada: meio
Peso 1:
[[-3.93844187e-01 -4.42610592e-01 -4.40277457e-01  8.90211165e-02
  -1.09307021e-01  6.52754605e-02 -6.00561202e-02  2.84411460e-01]
 [-3.40539813e-02 -2.37813413e-01  7.07126677e-01 -1.01589240e-01
  -3.87530863e-01 -1.63707212e-01  4.39568311e-01 -1.11401384e-03]
 [-2.33665779e-01 -2.38265291e-01  2.96406299e-01 -4.19185460e-01
  -4.30077314e-02  8.09156671e-02 -4.00300622e-01  3.05126667e-01]
 [-4.09723669e-01  3.35983247e-01  7.25232810e-02  7.91196600e-02
   3.10915232e-01 -3.04427922e-01  3.75925303e-01  2.26610541e-01]
 [ 2.93726385e-01  2.33395994e-01  1.16805002e-01  1.03256039e-01
  -8.44133720e-02 -3.15589279e-01 -1.54344961e-01 -3.33158970e-01]
 [-1.80794805e-01 -1.41268089e-01  3.01689327e-01 -3.58157605e-01
   6.37385249e-02  4.34325814e-01 -4.66013342e-01  2.98291326e-01]
 [-5.78597069e-01 -6.55526295e-02  1.48075020e+00 -3.66581023e-01
  -2.31620774e-01  3.03804148e-02 -1.02738604e-01 -2.35689187e+00]
 [-7.79430866e-02 -4.17387754e-01  3.79340202e-01  1.47347629e-01
   3.10922891e-01  4.29464966e-01 -7.01809451e-02  3.31652194e-01]
 [ 4.06417340e-01 -2.23426521e-01  1.93439513e-01 -2.22659558e-01
  -2.89125681e-01 -1.00619368e-01  2.15813774e-03  1.51506409e-01]
 [-1.44655302e-01 -3.18227679e-01 -1.63221061e-01 -1.50227487e-01
  -1.89781249e-01 -9.27330628e-02  1.05694823e-01  8.21595252e-01]
 [ 9.93935838e-02 -2.62567252e-01  5.07340372e-01 -2.81323045e-01
   2.64515966e-01  2.88637519e-01 -2.53939986e-01  3.86914372e-01]
 [-1.77905962e-01 -3.32100630e-01  3.39722008e-01 -4.30865765e-01
  -3.89319658e-01 -3.36719185e-01 -2.95736920e-02  3.52875054e-01]
 [ 2.24089354e-01  3.72454941e-01  5.55329204e-01 -2.19778210e-01
  -2.87125796e-01 -1.51805401e-01 -4.10206407e-01 -1.72627151e-01]
 [-2.79990047e-01  2.11548895e-01  2.88016737e-01  2.90940791e-01
   3.12556207e-01  8.73559564e-02 -1.24946766e-01  2.96287239e-01]
 [ 3.41661364e-01  9.77218300e-02  5.36376357e-01  3.93559545e-01
  -4.80233878e-01 -4.48232889e-01 -9.47569534e-02  3.60219121e-01]
 [ 5.20584434e-02  1.56195000e-01 -3.24028790e-01 -4.51233566e-01
  -4.12930012e-01  1.45425633e-01  1.52948454e-01  9.18268263e-01]
 [ 1.00962110e-01  2.20039427e-01  4.50665027e-01  2.24276870e-01
  -1.04723014e-01  1.85491011e-01 -4.47624385e-01  3.48538399e-01]
 [ 3.77001762e-01 -1.99877396e-01 -9.15935338e-02  3.42080414e-01
  -1.17046483e-01 -1.54991537e-01 -3.68490428e-01  2.95759197e-02]
 [-2.38128304e-01 -3.42444062e-01  1.67775214e-01 -1.89727411e-01
  -3.77771229e-01 -4.27704334e-01  3.30481112e-01  2.64123768e-01]]
Peso 2:
[ 0.18370458 -0.02528596 -0.1721178   0.01421213 -0.16163392 -0.05113668
 -0.02851042  1.5180465 ]
Camada: saida
Peso 1:
[[-0.2073552   0.75070673]
 [-0.4126249  -0.11066155]
 [ 0.7521989  -1.7549781 ]
 [-0.38332957 -0.2411892 ]
 [ 0.14764883 -0.5778935 ]
 [-0.36926398 -0.47915506]
 [-0.2257159  -0.42602104]
 [-2.1619477   2.3713803 ]]
Peso 2:
[ 0.10556351 -0.10556395]



pesos modelo: 
Test loss: 0.9522, Test accuracy: 0.7459
Camada: meio
Peso 1:
[[ 4.39841360e-01  1.02936655e-01 -1.21417642e-03  2.53335387e-01
   4.51296568e-03  3.84846896e-01 -2.40771130e-01  7.06229508e-02]
 [-3.22927028e-01 -1.21827081e-01 -5.90292364e-03 -3.25418144e-01
   3.03564996e-01  4.46453542e-02  3.72842222e-01 -3.49254459e-01]
 [ 1.43380975e-02  1.50776610e-01 -2.95433104e-01  4.10737209e-02
   3.03322583e-01  1.77718267e-01  8.35570171e-02 -4.13695753e-01]
 [-3.54150325e-01 -1.76896349e-01  3.45620304e-01  2.39767849e-01
   1.96561903e-01 -1.28623731e-02 -2.39105359e-01 -2.49706060e-01]
 [-1.38471022e-01  2.40131915e-01  5.26310742e-01 -2.86744088e-02
   3.82127404e-01 -3.04092821e-02  8.91349852e-01  1.17545024e-01]
 [ 1.94616407e-01  3.06169927e-01 -3.77709031e-01  3.82529318e-01
  -3.97341102e-01 -1.60101071e-01  8.31653252e-02 -2.65312165e-01]
 [-3.17470491e-01 -1.56327736e+00 -3.91204983e-01 -1.00823116e+00
  -4.69994873e-01 -1.20290375e+00  1.73612249e+00  2.04315469e-01]
 [-3.18791181e-01  1.33494869e-01 -1.65039092e-01 -4.76026051e-02
  -6.20140545e-02  2.59266376e-01 -6.12961575e-02 -2.35363357e-02]
 [-1.01312548e-01  2.13771895e-01  1.00122625e-02  2.44976312e-01
  -1.53167054e-01 -9.89457816e-02  1.50292292e-02 -3.29572618e-01]
 [-2.76852399e-01  3.73715460e-01  1.11157186e-02  4.12639678e-01
   2.91699439e-01  8.06087852e-01 -5.95986128e-01 -3.96646589e-01]
 [ 4.03276294e-01  1.84468761e-01 -5.22863008e-02  2.60376036e-01
  -3.17872047e-01  1.04397871e-01  2.97909975e-01  3.91285121e-01]
 [ 4.50287879e-01  2.36944333e-01 -1.81711823e-01 -4.28767912e-02
  -3.90669256e-01  2.47487247e-01  2.68030882e-01 -5.61850406e-02]
 [-6.32560775e-02 -2.64448106e-01 -1.90844327e-01 -7.85914250e-03
   4.17524040e-01  1.54755294e-01  6.18267179e-01 -3.12221497e-01]
 [-2.54723698e-01  3.59964043e-01  2.70570993e-01  2.13035360e-01
  -1.11378700e-01  1.95594449e-02  2.16737151e-01 -1.52081326e-01]
 [ 5.10982931e-01  4.24527764e-01 -3.24607968e-01  7.85752684e-02
   1.56524181e-01  7.76688382e-02  3.85714412e-01 -3.44777405e-01]
 [ 5.90174854e-01  7.05632120e-02  2.03634754e-01  1.78794205e-01
   1.32341227e-02  9.22771215e-01 -3.47677261e-01  6.44305348e-02]
 [ 1.79936454e-01  2.83147413e-02 -9.02076662e-02  1.49330959e-01
  -2.74260104e-01  8.47630575e-02  4.41321284e-02 -1.00609355e-01]
 [ 5.31108379e-01  1.30316213e-01  5.24337590e-01  9.02850106e-02
   2.35629275e-01  2.25749686e-01  4.48389173e-01  7.18141794e-02]
 [-2.24058598e-01  1.25693962e-01  1.28555000e-01  1.00219600e-01
  -2.04640791e-01  3.82637024e-01  2.12687925e-01  2.94794291e-01]]
Peso 2:
[ 0.33477294  0.9426122   0.23826523  0.7062935   0.089641    0.64137113
 -0.39494914 -0.0828545 ]
Camada: saida
Peso 1:
[[-0.6764129   0.64171886]
 [-1.6538385   0.84155023]
 [ 0.10771421  0.8888335 ]
 [-0.60152644  1.322639  ]
 [ 0.22118555  0.7125109 ]
 [-1.4432871   0.9219715 ]
 [ 1.4367782  -1.5508775 ]
 [ 0.15709323 -0.7293879 ]]
Peso 2:
[-0.14659733  0.14659722]



pesos modelo: 
Test loss: 0.3885, Test accuracy: 0.8728
Camada: meio
Peso 1:
[[ 4.61259782e-02  2.17212170e-01 -3.00878584e-01  3.28302383e-04
   3.02262813e-01 -1.34480357e-01  9.01923478e-02 -2.75415838e-01]
 [-1.42880470e-01  2.37961739e-01 -1.76494960e-02 -3.27790320e-01
   2.93979466e-01 -1.87327787e-01  5.72427154e-01 -2.10691348e-01]
 [ 3.44031334e-01  3.32647949e-01  3.23350430e-01 -2.76295781e-01
   2.89611995e-01  7.93609768e-03  7.63308480e-02  1.15656704e-01]
 [-2.48812392e-01  9.18218121e-02  1.59667671e-01  9.66266990e-02
   1.64947316e-01 -9.91750807e-02  1.41658530e-01  2.00105980e-01]
 [-4.18283761e-01  1.11198701e-01 -3.39663208e-01  6.40002564e-02
   6.71845824e-02  3.90613437e-01  4.22921479e-01 -1.52774146e-02]
 [ 2.10500091e-01 -1.22067839e-01  2.71564513e-01  1.73429042e-01
   1.58549979e-01 -3.78160805e-01  3.71144861e-01  1.08414553e-01]
 [-3.11731249e-01 -5.11847019e-01 -1.84010911e+00 -7.66857505e-01
   1.77361882e+00  6.72185600e-01  4.04398203e-01 -7.70140231e-01]
 [-1.97038218e-01  3.38015139e-01 -5.22038937e-02  2.00054020e-01
  -1.25007825e-02 -1.14426419e-01  2.52786636e-01  3.41640383e-01]
 [-3.79845803e-03 -7.22694099e-02  8.60416219e-02  3.93325567e-01
   2.74531186e-01 -3.09610605e-01  3.56143951e-01  4.11891788e-01]
 [-4.43938049e-03  5.70625842e-01  8.66761625e-01  4.94561531e-02
  -1.58036053e-01 -2.64638871e-01 -9.07635093e-02  3.33791316e-01]
 [-4.51161265e-01 -2.84748733e-01  3.22059721e-01  5.08873224e-01
   2.59873658e-01  2.87512600e-01  5.21924794e-01  2.40080312e-01]
 [-4.51783657e-01 -3.35211098e-01  2.35665008e-01 -3.71375903e-02
   8.57340172e-02 -9.59665887e-03  2.57243305e-01  2.53722966e-01]
 [-2.90282518e-01  3.32924351e-02  3.58162314e-01  2.69018084e-01
   7.59482563e-01 -1.51466709e-02  3.54895711e-01 -6.63317263e-01]
 [-2.89714277e-01 -3.93003762e-01  3.80574346e-01 -1.14091426e-01
  -7.31980279e-02  4.23389226e-01 -3.53311398e-03 -1.28938645e-01]
 [ 1.15899816e-02  1.24904603e-01  1.76902965e-01 -2.22454779e-03
   3.55676204e-01  4.60574508e-01 -2.99687326e-01  2.78842002e-01]
 [-3.21235329e-01  2.17822999e-01  1.16474938e+00 -2.17179671e-01
   1.21389367e-01  3.84351283e-01 -2.05657899e-01  5.74479580e-01]
 [ 1.49153769e-01 -4.38644178e-02 -2.40206216e-02  1.72507484e-02
  -5.74115999e-02 -3.05829998e-02 -3.41181099e-01  9.00044665e-02]
 [ 5.23766279e-02  2.64681697e-01  6.57308847e-02 -8.39198381e-02
  -1.84753075e-01  3.21626544e-01  4.06101793e-01  1.88291907e-01]
 [ 7.54895583e-02  2.21266344e-01  1.10594116e-01  2.76840836e-01
   3.58015537e-01  3.61660033e-01 -1.54078141e-01  3.84917587e-01]]
Peso 2:
[-0.0236281   0.30066732  1.1296625   0.40156016 -0.3086388   0.01042598
 -0.17268345  0.6800688 ]
Camada: saida
Peso 1:
[[-0.42845136 -0.66213006]
 [ 0.18779856  1.0939305 ]
 [-1.6957879   1.778499  ]
 [-1.0835544   0.06222308]
 [ 1.9058038  -0.6765335 ]
 [ 0.04197676 -0.6420763 ]
 [ 0.8537495  -0.19575486]
 [-0.8032016   1.0959657 ]]
Peso 2:
[-0.2125686   0.21256961]



pesos modelo: 
Test loss: 0.8340, Test accuracy: 0.7679
Camada: meio
Peso 1:
[[-1.95893168e-01 -5.11592031e-02 -3.62049341e-02  4.69846636e-01
  -4.65489030e-02 -4.31683093e-01  9.08962786e-02  3.27768534e-01]
 [-2.98137553e-02 -2.41907582e-01 -9.72362608e-02  3.28283943e-02
  -3.55253965e-01  7.48025239e-01 -6.26924187e-02 -3.27472240e-01]
 [ 5.68958335e-02  8.21954850e-03  3.03883761e-01  2.86297034e-03
   1.42276317e-01  7.00451732e-02 -3.58056426e-01  9.38259661e-02]
 [-1.40234545e-01  3.75470221e-01  2.97618727e-03  3.40014935e-01
  -2.89412439e-01  2.82757044e-01 -1.60163775e-01  1.37077928e-01]
 [-3.65193665e-01 -4.45487082e-01  2.49139845e-01 -1.63180694e-01
   1.37591213e-01  8.64922106e-01  2.60627925e-01 -7.41848499e-02]
 [-4.03488457e-01  7.97682405e-02 -6.77781776e-02  3.30689102e-01
  -2.29151696e-02  2.00712934e-01  1.22092076e-01  3.43097419e-01]
 [-3.30782652e-01 -1.24194939e-02 -1.49682510e+00 -2.00266838e+00
  -7.17525976e-03  1.36215460e+00 -5.25117278e-01  1.77959740e-01]
 [-3.50650698e-01  3.73388052e-01  9.07188356e-02  1.44835308e-01
   4.52007562e-01  2.49197930e-02 -1.66119084e-01 -3.14409286e-01]
 [-1.31703869e-01 -9.18874294e-02  2.97297955e-01  1.05409905e-01
   4.28988159e-01  2.86909640e-01  2.51439124e-01  5.10103941e-01]
 [ 3.26534092e-01  8.25281069e-02  5.67321658e-01  6.59056365e-01
  -3.19870025e-01 -5.08939862e-01 -1.79344237e-01 -5.24610877e-02]
 [-4.53301668e-02  3.33601296e-01  4.33141530e-01  1.40948370e-01
  -4.26488489e-01  5.54802418e-01  3.79688412e-01  6.21948615e-02]
 [ 3.81288022e-01  7.81012550e-02  7.96593055e-02  4.62659225e-02
   2.20201775e-01 -5.15632629e-02  1.30526172e-02 -3.06141585e-01]
 [ 1.44805789e-01  3.91743302e-01 -4.39462245e-01  6.86255097e-02
   5.37877204e-03  3.28230679e-01 -3.71655405e-01 -2.98828632e-01]
 [ 1.78612143e-01 -2.47708589e-01  2.55148113e-01  1.59273252e-01
  -3.94142866e-01  2.83889174e-01  1.88554436e-01 -3.42547089e-01]
 [ 4.44884032e-01 -8.72576460e-02  4.75216776e-01  2.02244163e-01
   1.50086045e-01  5.39663911e-01  2.73898840e-01 -3.30907792e-01]
 [ 2.90857673e-01 -5.12040360e-03  5.46192229e-01  9.55286324e-01
   3.14729154e-01  9.74918157e-02 -9.23289824e-03  1.82065755e-01]
 [-2.70196319e-01 -4.55045760e-01  3.39304060e-01  8.15261006e-02
  -3.66882324e-01  2.78325766e-01  3.55916262e-01 -3.67737412e-01]
 [-3.39821666e-01  2.82083184e-01 -6.85448274e-02  3.64929587e-01
  -3.89120996e-01  1.56415954e-01 -4.12159801e-01  2.10522816e-01]
 [-3.01722378e-01  3.02548409e-01  1.36335745e-01 -5.63403359e-04
  -2.52725542e-01 -6.68802857e-02  3.81855428e-01 -2.99478471e-01]]
Peso 2:
[-1.2474212e-02 -2.8660474e-04  8.8871098e-01  1.2668476e+00
  1.7934084e-02 -1.4603226e-01  1.7233193e-01  6.2385112e-02]
Camada: saida
Peso 1:
[[ 2.2414030e-01  3.1103647e-01]
 [ 7.5875211e-01  7.6641494e-01]
 [-9.0850556e-01  1.6982582e+00]
 [-1.7525988e+00  1.9218416e+00]
 [-5.2181995e-01 -3.4752101e-01]
 [ 1.6867582e+00 -7.4546146e-01]
 [ 9.3678944e-04  6.7358822e-01]
 [-1.8726467e-01  2.8712714e-01]]
Peso 2:
[ 0.12999475 -0.12999459]



pesos modelo: 
Test loss: 0.4162, Test accuracy: 0.8514
Camada: meio
Peso 1:
[[ 1.43243879e-01  4.47254390e-01  4.29734796e-01 -7.45169818e-02
   2.63542533e-02 -1.24758929e-01 -2.68794179e-01 -3.40791434e-01]
 [ 1.17164612e-01 -2.14766249e-01  5.88483572e-01  3.89899433e-01
  -2.10038185e-01 -4.01921183e-01  3.44347566e-01 -3.18745315e-01]
 [ 7.79858083e-02  1.78415582e-01 -2.60225177e-01 -2.75367260e-01
  -1.17518026e-02 -4.16184485e-01  2.08672266e-02 -3.74364465e-01]
 [ 1.79454058e-01 -5.73091581e-02 -7.83012733e-02 -2.07742304e-02
  -4.12958741e-01 -2.16658145e-01  2.17527375e-02  3.16272050e-01]
 [-1.26918286e-01  1.46491438e-01  2.15384677e-01 -2.14453563e-01
  -3.44415456e-01  6.86556324e-02  2.03777313e-01 -6.42207414e-02]
 [ 4.88120794e-01 -6.86735064e-02  2.72269361e-02  3.01917523e-01
  -2.91276097e-01  1.70122206e-01  4.01268482e-01 -2.49397278e-01]
 [-1.80974483e+00  8.70598629e-02  1.32325065e+00 -2.11548895e-01
  -2.80653566e-01  1.11604549e-01  1.94442105e+00 -2.89268315e-01]
 [ 4.35833752e-01  1.42314464e-01  1.35441899e-01 -4.68081057e-01
   4.02515262e-01 -2.25982517e-01  1.69823468e-01 -4.72851992e-01]
 [ 4.17707831e-01 -1.78309634e-01 -3.46131772e-02 -4.34056699e-01
  -1.28043860e-01 -2.42515117e-01  2.78688163e-01 -2.05989704e-01]
 [ 6.96552455e-01  2.25297242e-01 -4.08733577e-01 -3.61712635e-01
  -4.71158415e-01  3.79566878e-01 -3.24136913e-01 -2.45512068e-01]
 [ 9.77466702e-02 -1.08815141e-01  1.30482435e-01 -4.63591665e-01
  -2.19628677e-01 -6.44689426e-02 -1.65175125e-01 -5.35407998e-02]
 [-5.62721603e-02 -4.98748533e-02 -3.20559591e-01 -4.32932109e-01
  -4.42831695e-01 -1.48857638e-01 -3.73557359e-02 -7.33824372e-02]
 [ 2.62415528e-01  3.33998859e-01  5.85944295e-01  2.00057998e-01
   2.81230271e-01  3.89394313e-01  5.17167032e-01 -2.74309646e-02]
 [ 1.75182354e-02  1.07374586e-01 -1.42928913e-01  4.44393784e-01
   2.24480033e-01  3.37206066e-01 -3.53989154e-02 -8.22939053e-02]
 [ 1.89337060e-01  3.22857589e-01 -1.49400607e-01  3.38725030e-01
   9.55787674e-02  4.44482118e-01  1.37157321e-01  3.29166688e-02]
 [ 8.38530779e-01 -2.76060790e-01 -2.73228019e-01 -2.41994038e-01
  -4.39595670e-01 -4.11709815e-01 -4.76128608e-01 -7.09122792e-02]
 [ 3.71103466e-01 -1.07834525e-01  4.52378422e-01 -1.18820579e-03
  -3.62730795e-03  2.76062489e-01 -3.85248475e-02 -3.68884057e-01]
 [ 2.28748456e-01  1.58547819e-01 -4.85805236e-03 -1.91771448e-01
  -2.04222441e-01 -1.83918163e-01  6.49129897e-02  1.50600607e-02]
 [ 3.72332752e-01  3.06496441e-01  3.59174848e-01 -3.53494734e-01
  -2.79164404e-01  1.18831575e-01 -5.37894145e-02  1.98728099e-01]]
Peso 2:
[ 1.1363062  -0.09527086 -0.24219269  0.0202035   0.06268317  0.02247208
 -0.482631   -0.04384509]
Camada: saida
Peso 1:
[[-2.03895     1.3595356 ]
 [ 0.31146935  0.18656489]
 [ 1.4147812  -0.6261681 ]
 [-0.3425583   0.4611952 ]
 [-0.13512662  0.64264005]
 [ 0.11064839  0.33662263]
 [ 1.5676898  -1.4891207 ]
 [ 0.703215   -0.07108808]]
Peso 2:
[-0.56491965  0.56491804]



pesos modelo: 
Test loss: 0.8722, Test accuracy: 0.7692
Camada: meio
Peso 1:
[[-2.64506757e-01  4.40830082e-01  4.14052755e-01  1.42881960e-01
   2.57503420e-01  2.10620850e-01  1.52303427e-01 -6.17108643e-02]
 [ 3.47857773e-01 -3.06927443e-01  1.17075697e-01  1.75200000e-01
   3.69159877e-01 -7.09086508e-02  5.74159265e-01 -6.57083765e-02]
 [ 7.18729347e-02  1.57225937e-01 -2.12676805e-02 -1.27338595e-03
   6.69655278e-02  2.31655706e-02 -3.16188127e-01  1.43163443e-01]
 [-9.02868360e-02 -3.18104476e-02  8.88766050e-02 -1.01818964e-01
  -3.46746475e-01 -4.74540621e-01  1.69428006e-01 -2.83802718e-01]
 [ 5.08826137e-01  4.60950941e-01  3.75197917e-01  2.46014327e-01
   4.20304447e-01 -1.29062995e-01  7.85553694e-01 -3.27972263e-01]
 [-9.80343819e-02 -1.44911468e-01  2.78040528e-01  8.31607282e-02
  -8.87192041e-02  1.15898952e-01  2.55745590e-01 -2.66170710e-01]
 [ 8.88813734e-01  1.93488039e-02 -1.28721380e+00 -1.40824211e+00
   1.53926539e+00 -1.88375562e-01  1.20824540e+00  1.30436972e-01]
 [-1.55794114e-01  4.31399435e-01  2.91644156e-01  2.61600614e-01
   1.82341367e-01  3.21851104e-01  1.88566491e-01  1.14542320e-01]
 [ 9.76130217e-02  3.84406239e-01  1.38214961e-01 -1.42162994e-01
   2.79064979e-02  4.67339754e-02 -3.21204901e-01  2.50027835e-01]
 [-2.43079215e-01 -2.90336937e-01  5.37286222e-01  5.06039619e-01
  -4.92126018e-01  2.50321329e-01 -6.65346980e-01  5.90598211e-02]
 [ 1.55670837e-01  3.00587893e-01  4.23321247e-01  4.88200933e-01
   3.60877931e-01  1.58468202e-01  2.01953530e-01  2.33434185e-01]
 [ 1.16212130e-01 -1.48061559e-01  6.52055323e-01 -1.51724532e-01
   1.87349632e-01 -4.64793086e-01  2.96461210e-02 -1.09149329e-01]
 [-1.76619701e-02  2.65740275e-01 -1.04614206e-01  2.52730489e-01
   4.55944419e-01  1.88999891e-01  4.92087960e-01 -4.62487489e-01]
 [ 1.29955977e-01 -3.26297075e-01  2.34018818e-01  8.27316791e-02
   2.41014194e-02  3.97874266e-01 -8.46605971e-02 -5.21770380e-02]
 [ 6.36746958e-02 -2.10737109e-01 -9.81728211e-02  3.50002468e-01
   1.92099556e-01 -5.14955938e-01 -2.10752636e-01  1.20978132e-01]
 [-2.86656588e-01  2.61810809e-01  4.30213600e-01  7.81030178e-01
  -5.35190940e-01 -2.55328536e-01 -4.33978617e-01 -7.16274232e-02]
 [-2.57804185e-01 -2.72924062e-02 -1.13388367e-01 -1.52145661e-02
  -2.46178553e-01 -7.77910501e-02  8.95954147e-02 -2.03392170e-02]
 [ 2.09381640e-01 -1.82860017e-01  9.24062133e-02  4.45574045e-01
  -1.00298934e-01  2.50912279e-01  2.68540084e-01 -2.31712863e-01]
 [ 8.57589841e-02 -3.01121157e-02 -2.77674735e-01  5.30872285e-01
   1.72528908e-01 -2.63759613e-01 -2.24445999e-01 -2.84842700e-01]]
Peso 2:
[-0.2068703  -0.02212546  0.83202374  0.8198777  -0.33673283 -0.13357352
 -0.4153809  -0.12157533]
Camada: saida
Peso 1:
[[ 0.61209905 -0.7169    ]
 [-0.10087837 -0.02734182]
 [-1.448499    0.961285  ]
 [-1.0457346   1.3672209 ]
 [ 1.3334491  -1.1003181 ]
 [ 0.40733707  0.1712335 ]
 [ 1.1460752  -1.2847666 ]
 [ 0.5399281   0.00336528]]
Peso 2:
[-0.6667493   0.66675115]



pesos modelo: 
Test loss: 0.5229, Test accuracy: 0.8324
Camada: meio
Peso 1:
[[ 0.41445556 -0.40134117  0.26500443  0.39187828  0.25653055  0.17641827
  -0.33870995 -0.45624763]
 [-0.07445333  0.4262847   0.12992881  0.23555827 -0.17890456  0.3807367
  -0.06100005  0.5632597 ]
 [ 0.44946036  0.55768126  0.0104569   0.3641018  -0.22303732 -0.13780902
  -0.33173278  0.04419778]
 [ 0.14177823  0.30984044  0.27635232 -0.08980235 -0.11248261 -0.08249298
   0.07582822  0.1618949 ]
 [-0.43899342 -0.17984593  0.40835124  0.23119485 -0.01999648  0.47721365
   0.39652568  0.13301504]
 [-0.20048483  0.30449313  0.20655423 -0.32562077 -0.07749814  0.14467202
   0.27685502  0.18212253]
 [ 0.23079424 -1.0579333   0.22386459  0.7478173   0.39259326  1.489255
  -0.628236    2.126037  ]
 [ 0.40722907  0.42304358 -0.11471684  0.2549328  -0.1761163  -0.18297707
  -0.13096108  0.1316769 ]
 [ 0.14558782  0.3157742  -0.35592687  0.24167445 -0.28820506  0.09025049
   0.53770626  0.17196707]
 [-0.05849584  0.28151459 -0.5561449  -0.63340145 -0.24380021 -0.43039912
   0.5067066  -0.6417291 ]
 [ 0.17798723  0.44278437  0.03438437 -0.17369398  0.38415784  0.17499524
   0.38143086  0.27768564]
 [-0.43467984  0.35649955  0.2988066   0.4614308  -0.22406991 -0.10657969
   0.40949336  0.009061  ]
 [ 0.0142833  -0.20055966 -0.09525236  0.22980027 -0.03917461  0.14515829
  -0.35403606  0.17069606]
 [-0.1635211   0.48938915 -0.06858018  0.20262448 -0.4489599   0.08481266
  -0.38133332 -0.08536702]
 [-0.2837098   0.2758367   0.11028288  0.00234272 -0.29638276 -0.07412099
   0.44950515  0.19365624]
 [-0.3521896   0.42251447 -0.27835655 -0.3094786   0.09051708 -0.27091205
   0.06091224 -0.678581  ]
 [-0.3941458   0.55326045  0.36500835  0.19092469  0.33289903  0.03520364
   0.22441837  0.14778359]
 [ 0.18166308  0.04239779  0.20648664 -0.10825849 -0.3055883   0.08987718
   0.2352201  -0.11415668]
 [ 0.19594781  0.47082576 -0.00435131  0.00418491 -0.18603383 -0.0358241
   0.10118898  0.23737456]]
Peso 2:
[ 0.02513285  0.99676794 -0.17381103 -0.35131937 -0.00281213 -0.33860907
  0.3900829  -0.5048653 ]
Camada: saida
Peso 1:
[[ 0.01381992  0.20277496]
 [-1.6835774   0.82318354]
 [ 0.02542603 -0.65742385]
 [ 0.67679936 -0.86812425]
 [ 0.51373744  0.26859304]
 [ 1.1082537  -1.0024234 ]
 [-0.80085886  0.40777144]
 [ 1.3573605  -1.8018513 ]]
Peso 2:
[-0.81801724  0.8180184 ]



pesos modelo: 
Test loss: 0.8755, Test accuracy: 0.7518
Camada: meio
Peso 1:
[[-0.28186518 -0.38120633  0.2508352  -0.27759656  0.4678605  -0.26400325
  -0.20846608 -0.11450434]
 [-0.34086272  0.2489577   0.13232616  0.53161615 -0.047999   -0.19099079
   0.10575663 -0.19058612]
 [ 0.07752304 -0.0494771   0.497696    0.394429   -0.01424379 -0.25976554
  -0.28755325  0.18371756]
 [-0.32539332  0.0026318   0.18998414  0.02077208 -0.00524851  0.38273448
  -0.00456991 -0.161426  ]
 [-0.35196376  0.2459435  -0.04757619  0.5120262  -0.3464646   0.00568673
  -0.06621543  0.3354373 ]
 [ 0.51745075 -0.32262942 -0.09805631 -0.0416048  -0.03072624  0.04906385
  -0.09773061  0.00652965]
 [ 0.35232246  1.2710649  -1.8116937   1.7319028  -0.26323563 -0.51123536
   0.61198896 -0.2845914 ]
 [-0.2842135   0.23858163  0.50271475  0.29004365 -0.24661295  0.43039906
  -0.2373667  -0.05350156]
 [ 0.37194902  0.20371433  0.32776213  0.04447724 -0.12782322  0.01415662
   0.03397005  0.11702617]
 [ 0.09629438 -0.19415495  0.84339124 -0.6885317  -0.07032096 -0.33203033
  -0.48109576  0.0146271 ]
 [-0.42865428 -0.10275157  0.31432757  0.06591701 -0.1332108  -0.3925257
   0.37186524  0.22731449]
 [-0.15768845  0.31016368  0.0584894  -0.3097095   0.42456928 -0.03974286
   0.36240092  0.5410837 ]
 [-0.42029095  0.45419046  0.24394323  0.6630794  -0.14260316  0.44658887
   0.49178702  0.11052445]
 [-0.01320966 -0.08649623 -0.033886   -0.12243085 -0.41270676  0.12380333
   0.0207114  -0.08713753]
 [ 0.37076244  0.19208318  0.1812486  -0.05874917 -0.15568204  0.3041851
   0.04477707 -0.04012361]
 [ 0.3478094  -0.537877    0.39740372 -0.6148103   0.14423926 -0.13222302
  -0.4746825  -0.22084661]
 [-0.11773579  0.10810424  0.1813109  -0.08988434 -0.17106813  0.14607437
   0.00588962 -0.12958981]
 [ 0.30813453  0.00422298  0.12855041  0.04508806 -0.25512415  0.02627565
  -0.11820602  0.14105922]
 [ 0.5067554   0.14212225  0.24289958  0.09652141 -0.4516116   0.30606845
  -0.1370148  -0.16804574]]
Peso 2:
[ 0.11254793 -0.3312966   1.1405414  -0.5223756   0.00401824  0.18162926
  0.02435363  0.12597783]
Camada: saida
Peso 1:
[[-0.6019843  -0.11903641]
 [ 1.0867674  -1.0604826 ]
 [-1.5989958   1.659711  ]
 [ 1.5452344  -1.3874799 ]
 [-0.77391595 -0.6142574 ]
 [ 0.07195519  0.78985345]
 [-0.07759515 -0.67247295]
 [-0.5793357   0.02714451]]
Peso 2:
[-0.6356617  0.6356659]



pesos modelo: 
Test loss: 0.3047, Test accuracy: 0.8797
Camada: meio
Peso 1:
[[-0.03188628 -0.27565095  0.11965242 -0.40364137 -0.29880553 -0.37223005
  -0.17661655 -0.22521545]
 [ 0.4733453   0.4669592   0.1140136   0.03321378 -0.07845285 -0.45061946
   0.39985198  0.5568397 ]
 [-0.2275625  -0.01719956  0.18989511  0.3851647  -0.19261183  0.25112408
   0.09309286  0.4566145 ]
 [ 0.25287348 -0.1525608  -0.08322922  0.17987852  0.21639298 -0.19903949
   0.13119455 -0.19883583]
 [ 0.48750615  0.13689485  0.33249366 -0.34756964  0.436581   -0.4140783
   0.38869044  0.01115997]
 [-0.24518393  0.4106416  -0.05168365  0.38487974  0.28675136  0.24204879
   0.1704387   0.1810059 ]
 [ 0.05403974 -0.05732091 -0.9076486  -1.914611    0.32120258  0.03983283
   1.5446814   1.4485756 ]
 [-0.3056419  -0.23303409  0.44922394  0.14282995 -0.33436462 -0.23245494
   0.3999291  -0.12814471]
 [ 0.12983534 -0.3656812  -0.17256026  0.15246892 -0.19544357 -0.39244217
   0.0234061  -0.13801852]
 [ 0.02726248 -0.23019959  0.12182356  0.6727695   0.42801726  0.3334073
  -0.6105305   0.00664315]
 [ 0.06991269 -0.11639781  0.04005025  0.16489534  0.26354042 -0.37969935
  -0.21410231  0.32001254]
 [-0.35507601 -0.32819632  0.24507596  0.3782365  -0.18399638 -0.33882353
   0.22391407  0.39034566]
 [-0.4222346   0.1543288  -0.08372181  0.20459574 -0.28493324  0.19485597
   0.39890653  0.5790354 ]
 [ 0.24568784  0.11994887  0.2523812   0.169895   -0.3782173   0.18785927
   0.15813138 -0.00970212]
 [ 0.22001515  0.29323354 -0.1971134   0.09336474 -0.46692824 -0.39935663
   0.02471043 -0.3580225 ]
 [ 0.14316577 -0.2525966   0.7902977   0.6548534  -0.01410971  0.04088711
  -0.26372057 -0.17492191]
 [ 0.27395603 -0.42307496  0.16256742  0.16369034  0.13760892  0.01261605
  -0.25032476  0.47168002]
 [ 0.03475514 -0.18604787  0.08182234  0.1228068  -0.14615743 -0.38379475
  -0.06920429  0.03585237]
 [ 0.0283092  -0.03410986  0.13237596  0.13574794 -0.08268024 -0.39544743
   0.12700823 -0.1354264 ]]
Peso 2:
[-0.00828625 -0.02612001  0.43489537  1.1749073   0.01081293 -0.02234621
 -0.37768117 -0.24553394]
Camada: saida
Peso 1:
[[-0.38813797 -0.41077718]
 [-0.4208664  -0.50816554]
 [-1.1859286   0.49531683]
 [-2.0130315   1.5201641 ]
 [-0.15774703  0.13948932]
 [-0.02598093 -0.3935329 ]
 [ 1.69373    -0.7042608 ]
 [ 1.3143069  -0.7511701 ]]
Peso 2:
[-0.3769329  0.3769347]



pesos modelo: 
Test loss: 0.2970, Test accuracy: 0.8954
Camada: meio
Peso 1:
[[ 4.5202526e-01  4.2319581e-01  4.5076457e-01  3.9165279e-01
   4.2638808e-02  3.3954605e-01 -2.9776728e-01 -2.2756837e-01]
 [-1.1356892e-01  8.6101210e-01 -1.8534955e-01 -1.0924809e-01
  -2.6159924e-01  1.2405709e-01  2.3793842e-01 -2.3337214e-01]
 [ 2.4808030e-01  2.3390125e-01  1.0850618e-01 -3.2287988e-01
  -4.1903570e-01  2.3180482e-01  2.5395072e-01 -2.9117537e-01]
 [-7.6822400e-02 -2.2016689e-01  2.8298929e-01 -3.1081390e-01
  -1.0273396e-01 -3.9689791e-01 -6.2914334e-02  4.4848800e-01]
 [ 2.9782245e-01  4.6409106e-01 -4.1567639e-01  1.2904760e-01
  -1.3482745e-01  1.6999785e-02 -1.6091567e-01  3.0302802e-01]
 [-4.7309892e-04  5.3649537e-02 -5.1252967e-01 -3.8661301e-01
  -2.6831985e-01  5.3675067e-01  4.5019727e-02 -2.9317066e-01]
 [-2.4349996e-01  2.1394389e+00  3.2305756e-01  4.9134830e-01
   5.4290843e-01 -4.0775150e-01 -1.8604219e+00 -3.4845445e-01]
 [ 2.1587643e-01  6.9001928e-02 -3.7064147e-01  1.5175234e-01
  -6.1702676e-02 -3.4054115e-01  1.9424431e-01  9.1648899e-02]
 [ 4.7204114e-02 -1.0732491e-01  3.4380397e-01  2.0660688e-01
   4.0578899e-01 -6.8158098e-02  1.6496249e-01 -3.1830952e-01]
 [ 1.7898138e-01 -9.6438438e-02  1.6877547e-01 -8.7249298e-03
   1.7985340e-02 -3.0871120e-01  1.0929688e+00 -5.3630613e-02]
 [-9.1105029e-02  5.5698231e-03 -3.9520693e-01  4.0178365e-01
   4.7236633e-02 -3.2997233e-01  2.8200984e-01  4.3041852e-01]
 [-5.4553490e-02 -3.8319152e-02 -4.5502162e-01  2.7401164e-01
  -1.9471778e-01 -3.6023241e-01  2.3450224e-01 -1.6636294e-01]
 [ 4.6363294e-02  1.8856315e-01  4.4405736e-02  3.3083865e-01
   3.0392683e-01 -1.9319132e-02 -1.8855152e-01 -1.8080702e-02]
 [-7.0741303e-02 -3.8631354e-02  1.7138205e-01  1.8900189e-01
  -8.9146607e-02  3.6377615e-01  1.2693819e-01 -1.0293380e-01]
 [ 3.8619600e-02  2.5865078e-01  3.4092775e-01 -2.9107895e-01
  -3.8865012e-01  4.0886086e-01  2.9170713e-01  2.8575516e-01]
 [-1.0197322e-01 -4.8783690e-01 -8.6902186e-02 -7.9330571e-02
  -1.1641929e-02  5.2967262e-01  8.6899447e-01 -1.7219238e-01]
 [ 3.0105963e-01  8.5068762e-02 -2.8779614e-01  1.8534984e-01
  -2.3923513e-02  1.0189261e-02  2.0362596e-01  2.3302960e-01]
 [ 1.5786608e-01 -1.6725717e-02  6.6200607e-02 -1.8338469e-01
  -2.1896930e-01  2.0447764e-01  4.7023516e-02  3.6436549e-01]
 [-4.7242573e-01  2.9860151e-01  3.0295038e-01 -3.7276712e-01
   4.8025697e-02 -2.3094109e-01  4.7378662e-01 -4.3176826e-02]]
Peso 2:
[ 0.06449541 -0.4586372  -0.14289021 -0.10015081 -0.0894946   0.21692689
  1.2606113   0.03558025]
Camada: saida
Peso 1:
[[-2.3615110e-01  3.6652386e-01]
 [ 1.7888933e+00 -1.5436573e+00]
 [ 3.4152055e-01 -3.4704515e-01]
 [ 6.8195218e-01 -4.6544459e-01]
 [ 7.5029320e-01 -7.3984981e-01]
 [-3.3320919e-01  4.4620001e-01]
 [-1.8838054e+00  1.8028949e+00]
 [-2.9642460e-01 -7.7444932e-04]]
Peso 2:
[-0.3844762   0.38447687]



pesos modelo: 
Test loss: 0.4257, Test accuracy: 0.8554
Camada: meio
Peso 1:
[[ 0.3799145   0.08816728  0.309225   -0.35394058  0.35969254 -0.16363397
   0.2223461  -0.04657519]
 [ 0.5068135   0.23993629 -0.13235787 -0.18621647  0.28172198  0.14873518
  -0.32268688  0.22154331]
 [-0.04745292 -0.20889468  0.49465698  0.06368217  0.39205226  0.42162496
   0.15599282 -0.28341255]
 [ 0.3159621  -0.17240673  0.301242    0.05942022 -0.09623746 -0.19897038
   0.33477733  0.19762458]
 [ 0.5472093  -0.27189073  0.18673407  0.14780077  0.5386123  -0.09108612
  -0.37443283 -0.03760624]
 [-0.21874095  0.31661496  0.08050197  0.0805636   0.27139017  0.3813422
   0.35477507 -0.3019082 ]
 [ 0.4852984  -0.9589443  -1.9782207  -0.50202405  1.525871    0.7295591
   0.2031082   0.81717265]
 [-0.03414721 -0.00549591  0.38986853  0.30041626  0.22965601  0.285006
   0.1358356   0.27629235]
 [-0.15801154  0.24420334  0.10491235  0.23213641  0.2062136  -0.3210657
   0.24986231  0.43349677]
 [ 0.17108627  0.47412223  0.7046538  -0.05302919 -0.5085725  -0.2949689
   0.07140845 -0.255092  ]
 [ 0.16034664 -0.0773627   0.10835745  0.3416515  -0.27333966  0.41502234
   0.32301658  0.13825214]
 [-0.2330577   0.37410155  0.34208333 -0.23112997  0.3110439   0.2803168
  -0.42545748  0.3962523 ]
 [-0.00850633  0.13821124 -0.46333405  0.15740502  0.04515321  0.49536946
  -0.45298266 -0.03563148]
 [ 0.1480817   0.12872526  0.3967297   0.03514696  0.06995703  0.37738776
   0.07800288  0.4404318 ]
 [ 0.29340267  0.3643438   0.41529298 -0.2851467   0.43459123 -0.32719788
  -0.17014877  0.25695422]
 [-0.5654696   0.59929955  0.6050366  -0.37241113 -0.06064251 -0.14931615
  -0.14906792 -0.45581305]
 [ 0.27608776  0.3200415   0.04500479  0.18558298 -0.08554934 -0.36576974
   0.09148856  0.46749905]
 [ 0.2446521  -0.1289903   0.32933974 -0.23122393 -0.15934582  0.3295968
  -0.447835    0.07323311]
 [-0.10127714  0.11162639  0.36907682 -0.03167761  0.52529466 -0.08570401
  -0.10050554 -0.14073993]]
Peso 2:
[-1.0795768e-01  5.7931173e-01  1.1380318e+00  2.8494135e-01
 -2.7035308e-01 -9.8126024e-02 -5.5482902e-04 -6.7914873e-02]
Camada: saida
Peso 1:
[[ 0.61556333 -0.45529866]
 [-1.2234526   0.7647826 ]
 [-1.9313327   1.6945059 ]
 [-0.79110026  0.2621502 ]
 [ 1.3884854  -0.93070936]
 [ 0.6336667  -0.27950588]
 [ 0.25300294  0.29973957]
 [ 1.1623634   0.04379365]]
Peso 2:
[-0.18761462  0.187615  ]
