


pesos modelo: 
Test loss: 0.5318, Test accuracy: 0.8169
Camada: meio
Peso 1:
[[-8.21409523e-02  2.35599995e-01 -1.87340319e-01  9.99780893e-02
  -1.50939614e-01  4.24283862e-01 -3.89210343e-01 -7.79347420e-02
   2.98701525e-01 -1.53912365e-01]
 [ 1.62945330e-01  2.87885740e-02 -1.40408322e-01  2.79265523e-01
   5.21524489e-01 -2.38996208e-01  1.67396694e-01 -6.46843463e-02
   8.72729719e-02  2.09632039e-01]
 [-1.44757837e-01 -3.40356052e-01 -2.08382219e-01  2.77057499e-01
  -1.80560257e-02  3.75018835e-01 -3.63438725e-02  1.56007618e-01
   3.19640070e-01 -2.58296102e-01]
 [ 2.72003800e-01 -3.89246702e-01  2.66222060e-01  2.38395989e-01
   9.22438502e-02 -1.76864952e-01 -1.90439373e-01 -1.91367686e-01
   2.44363204e-01 -8.81383717e-02]
 [ 2.82086939e-01  9.60826054e-02  2.25592941e-01  1.84390366e-01
   5.50888836e-01 -4.35786366e-01 -3.82558465e-01  2.78728455e-01
  -2.49333680e-01  2.85319299e-01]
 [-3.00339907e-01 -1.09253325e-01  7.13728443e-02  3.17300439e-01
  -2.57606860e-02 -3.45887929e-01 -1.52142212e-01 -3.19336742e-01
   3.24173719e-02 -2.68983752e-01]
 [ 6.57786965e-01  2.37247616e-01 -1.35931516e+00 -5.12993872e-01
   2.18270850e+00  2.29439318e-01  4.18853620e-03 -4.78516668e-01
  -1.12204564e+00  3.28951687e-01]
 [-1.41743377e-01 -2.19209611e-01  4.77053106e-01 -3.25601578e-01
   6.09416142e-02 -2.00403541e-01 -3.08408886e-01 -1.95355967e-01
   3.77729423e-02  2.23155115e-02]
 [ 7.96378329e-02  3.52743745e-01  4.46030647e-01 -1.43938869e-01
   1.06490560e-01 -2.74109095e-01  2.13569272e-02  1.35551870e-01
   5.60621694e-02  1.22021683e-01]
 [-4.89185192e-02 -2.83683747e-01  9.51420441e-02  9.55414250e-02
  -8.47875416e-01  4.23546173e-02 -1.75410718e-01  3.39336038e-01
   6.11242473e-01 -3.40668023e-01]
 [ 3.60155314e-01 -2.63211578e-01  2.72219628e-01 -3.42007309e-01
   1.50359198e-01 -1.09205477e-01  2.73982942e-01  4.41749036e-01
   3.91285807e-01  2.79892296e-01]
 [ 4.59848307e-02  7.87686408e-02  2.50677913e-01  1.13170460e-01
   2.12374866e-01 -3.47934037e-01  3.05243671e-01 -2.67584413e-01
   4.09597903e-01 -2.15897113e-01]
 [-9.32538360e-02 -2.74080962e-01  1.45198703e-01 -2.16040373e-01
   7.01007366e-01  3.73022519e-02 -4.23544914e-01  1.91062793e-01
   2.17978537e-01 -5.09913743e-01]
 [ 9.00506079e-02  2.08321556e-01  2.07893729e-01 -2.72161871e-01
  -1.07932881e-01 -3.40468764e-01  4.38533008e-01 -2.65677452e-01
   2.81364042e-02 -4.02152568e-01]
 [ 1.26367569e-01 -3.80688220e-01  4.44372563e-04  1.67867288e-01
  -9.64395776e-02  4.46583964e-02  4.11358714e-01 -2.50720307e-02
   7.37746581e-02  2.98494041e-01]
 [-1.20070409e-02  1.72882721e-01  1.07957460e-01  1.56796902e-01
  -6.96489930e-01 -5.83882593e-02 -1.47840306e-01 -3.21344912e-01
   4.97838169e-01 -8.95059258e-02]
 [ 2.04309762e-01 -3.14140707e-01 -3.93126346e-02  1.07628755e-01
  -7.35251978e-02  3.35910648e-01  5.18550947e-02 -6.88690171e-02
   2.31150776e-01 -2.67562807e-01]
 [ 1.04332864e-01  1.56588927e-01  2.87686169e-01  3.64932090e-01
   2.69409120e-01 -7.56546482e-02  4.15334962e-02  2.82853812e-01
   3.47373575e-01 -3.17528963e-01]
 [-2.62799352e-01  2.01716065e-01  1.67136699e-01  1.78586945e-01
   1.04033709e-01 -1.26823053e-01 -3.99239451e-01  2.25418508e-01
   1.31624043e-01 -4.12379771e-01]]
Peso 2:
[-0.0361618   0.02261304  0.72523546  0.20345385 -0.65408975 -0.06269579
  0.0447421   0.17998566  0.7221218  -0.02100147]
Camada: saida
Peso 1:
[[ 0.20842285 -0.51161945]
 [ 0.22522976  0.43188447]
 [-1.0582755   1.0483644 ]
 [-0.34620446  0.44686872]
 [ 2.022834   -1.744825  ]
 [ 0.6920042  -0.2606786 ]
 [-0.2368108   0.03533933]
 [-0.67147887 -0.07180002]
 [-0.6570459   1.5191826 ]
 [-0.12512843  0.37841263]]
Peso 2:
[-0.6550837  0.655086 ]



pesos modelo: 
Test loss: 0.3834, Test accuracy: 0.8570
Camada: meio
Peso 1:
[[-2.12747782e-01  1.94995344e-01  2.71404624e-01 -2.93430269e-01
   1.13202214e-01 -2.71236390e-01  3.48059237e-01 -1.48050368e-01
  -2.55533099e-01 -5.67466319e-02]
 [-1.27688929e-01  1.87690347e-01 -4.12772387e-01  2.70569533e-01
   4.66544598e-01 -3.19364399e-01 -4.65459764e-01  4.33450758e-01
  -2.19488721e-02 -2.16571003e-01]
 [-7.91915730e-02  2.59853035e-01  8.80822167e-02  2.55387276e-01
   1.84124038e-01  4.67451125e-01 -2.75849164e-01  1.08843647e-01
  -2.93003023e-01 -4.64028567e-02]
 [ 2.69720137e-01 -1.71090871e-01 -3.01135153e-01  1.21858772e-02
  -8.62678885e-02  3.84039730e-01 -3.38283449e-01  3.31457824e-01
   4.54577297e-01  3.53740424e-01]
 [-3.98219019e-01  1.29327804e-01  2.68679470e-01  2.13564545e-01
   1.24587312e-01 -3.48062873e-01 -8.94626528e-02  5.05729854e-01
  -1.63667053e-01  4.15164888e-01]
 [-3.82071197e-01 -2.02686086e-01  2.62516052e-01 -4.38248068e-01
  -2.68360656e-02  3.07612628e-01  3.04925025e-01  3.41950879e-02
   1.47024557e-01  9.58797485e-02]
 [ 3.72599304e-01 -1.09549940e+00  1.60527259e-01 -1.30119771e-01
  -5.00490963e-01 -8.22886646e-01  3.61262798e-01  2.27115965e+00
  -1.14155614e+00 -5.03119707e-01]
 [ 1.09788090e-01  1.06124081e-01  1.55188262e-01 -1.33085489e-01
  -3.07822856e-03  4.14211601e-01  1.37277752e-01  1.09357610e-01
   1.43241957e-01 -3.79655391e-01]
 [-4.22224849e-01  2.89339516e-02 -9.48622972e-02 -2.03567892e-01
  -1.46312445e-01  2.18929291e-01  2.12884024e-01  3.49299051e-02
   6.96313754e-02  1.08655900e-01]
 [ 3.37293893e-01  4.28397775e-01 -1.07302696e-01  1.87774841e-02
   1.42332897e-01 -2.32868209e-01 -3.96404535e-01 -7.81322539e-01
   5.68026245e-01  3.44490558e-01]
 [-2.91347038e-03  1.98996767e-01  2.82397181e-01 -3.18821162e-01
  -6.91364482e-02  4.00681049e-01  2.15489015e-01  6.18010685e-02
  -1.32069439e-01  2.56652609e-02]
 [-1.75846264e-01  4.36805278e-01 -1.06601976e-01 -1.06320437e-03
  -5.90379536e-02  2.32833531e-02  4.24432993e-01 -7.70713203e-03
   1.06102034e-01 -2.85945714e-01]
 [-4.30289179e-01  3.10729574e-02 -3.88067394e-01  4.00041282e-01
  -2.53460884e-01 -5.94367445e-01 -1.08770160e-02  3.44443709e-01
   3.60691339e-01  1.32568657e-01]
 [-1.18245907e-01  2.73994744e-01  3.91310483e-01 -4.00468141e-01
  -2.84603089e-01  9.39469337e-02 -1.91199079e-01  1.24471590e-01
   3.97217035e-01 -2.09691048e-01]
 [ 2.13891283e-01  3.38398576e-01  5.41418679e-02 -2.05751404e-01
   3.10110688e-01  3.34649563e-01  1.31422132e-01  5.11112273e-01
   2.13109970e-01  4.24378186e-01]
 [-1.91530436e-01  5.26735902e-01  4.20349211e-01  1.25401057e-02
  -2.42721781e-01  1.97391748e-01  2.27502912e-01 -2.31925741e-01
   6.37579620e-01  5.71917892e-01]
 [ 3.88494432e-01  1.47458874e-02  2.68118620e-01  2.75673658e-01
   2.61798441e-01  1.85309827e-01  5.59775457e-02  6.76327273e-02
   1.38774142e-01 -5.41651323e-02]
 [ 5.44768348e-02 -1.44381195e-01  2.69745849e-02 -1.95260152e-01
  -2.08454788e-01  3.43581378e-01  2.44582042e-01  7.27478713e-02
   1.66729745e-02  4.26772833e-01]
 [ 7.29071945e-02  2.69880384e-01 -3.57769072e-01  4.07954961e-01
   3.95973116e-01  2.63703972e-01 -1.65604144e-01  2.55983353e-01
   1.08988553e-01  1.46337390e-01]]
Peso 2:
[ 0.03441982  0.45125073  0.00909856  0.00090424  0.22498915  0.6722821
 -0.02549906 -0.6214581   0.6827674   0.28768796]
Camada: saida
Peso 1:
[[-0.3812433   0.11485142]
 [-0.7286043   1.0548437 ]
 [-0.75355995 -0.47854373]
 [ 0.44771004  0.48935118]
 [-0.83378696 -0.03974295]
 [-0.7513535   1.2099983 ]
 [ 0.4556861   0.42198172]
 [ 1.3765733  -2.1320252 ]
 [-1.126986    0.9736505 ]
 [-0.8921446   0.35000578]]
Peso 2:
[-0.32740703  0.32740796]



pesos modelo: 
Test loss: 0.2569, Test accuracy: 0.8946
Camada: meio
Peso 1:
[[ 5.16111255e-02  4.94211316e-02 -2.98025578e-01 -2.87679970e-01
  -6.22398853e-02  1.73942924e-01  6.82102442e-02  3.05706620e-01
  -1.21063709e-01  2.48152614e-01]
 [ 5.33386827e-01 -2.51433879e-01  7.37971663e-02  2.82593608e-01
   2.25383416e-01  1.11353502e-01 -2.58244574e-01 -2.79011369e-01
   5.50194561e-01 -2.19698593e-01]
 [-1.97451413e-01  3.83916020e-01  4.22236174e-01  7.96012580e-03
   4.47839469e-01  2.48916507e-01  8.84531960e-02 -3.83017182e-01
   5.11692047e-01 -3.08391333e-01]
 [ 1.06838435e-01 -2.20034614e-01  1.04998238e-01  3.52466196e-01
  -1.88899208e-02 -3.03740263e-01  3.62602398e-02 -1.08642802e-01
  -2.48525426e-01  4.14707698e-02]
 [ 5.13579369e-01  3.83022338e-01 -5.63798323e-02 -5.68846047e-01
   3.37426782e-01 -4.53320056e-01 -2.45234415e-01  3.06221336e-01
   1.19735382e-01  1.14747323e-01]
 [ 4.88687813e-01 -2.72489607e-01  3.47148865e-01  1.18321486e-01
  -2.94075936e-01 -6.21556342e-02  3.45138907e-01  1.48626372e-01
   3.70588511e-01  2.41555229e-01]
 [ 8.27503860e-01  2.49009356e-02 -2.54783273e+00  6.21522442e-02
   7.54637122e-01 -6.33655265e-02  5.53148806e-01 -3.43187362e-01
   8.43446612e-01  1.51672488e-04]
 [-4.79391217e-02  2.94850260e-01  1.59450337e-01 -1.80853009e-01
  -2.98197508e-01 -3.85415584e-01  2.48520762e-01  1.30678071e-02
   1.86362371e-01 -2.34383777e-01]
 [-2.04598308e-01 -3.59481037e-01  1.46267971e-03  3.16470832e-01
  -1.17879175e-01  1.42940223e-01 -2.40824252e-01  1.93924025e-01
   4.23944682e-01 -3.15320522e-01]
 [-3.60782683e-01 -4.28220153e-01  8.08321118e-01  2.91128159e-01
  -3.45438093e-01  2.63562828e-01 -1.05481967e-01  3.47177148e-01
   1.80600584e-01  1.00733869e-01]
 [ 1.90418318e-01  3.30775887e-01  2.80303448e-01  2.28773415e-01
   3.61716211e-01 -4.10887301e-02  2.28233635e-02 -1.61909331e-02
  -1.37595877e-01  2.86943883e-01]
 [ 2.61031896e-01  4.03339535e-01  1.98149756e-01  2.68577397e-01
  -7.92107638e-03 -4.28606540e-01  3.96856278e-01  4.58729677e-02
  -3.08743000e-01  3.92530957e-04]
 [ 7.02390611e-01 -1.67529255e-01  2.03192011e-02 -5.74503303e-01
   3.34106479e-03 -3.10157061e-01  2.68835902e-01  3.16147238e-01
   2.87249804e-01 -2.08976381e-02]
 [-5.12707755e-02 -3.02977085e-01  2.16383785e-01 -3.69625241e-01
   1.89039335e-01 -3.55398506e-01  4.12308693e-01 -2.45086983e-01
  -1.79618642e-01  3.05891603e-01]
 [ 4.82398003e-01  1.18770815e-01  4.54614431e-01  2.34007865e-01
   5.04987657e-01  3.26940775e-01  2.09693030e-01  4.12818551e-01
  -3.38033549e-02 -3.73641580e-01]
 [ 9.54099372e-02  3.74841020e-02  7.16857851e-01  1.52098397e-02
  -3.56271476e-01 -3.63113999e-01 -4.07335937e-01  5.26483655e-01
   1.14722669e-01  1.82375714e-01]
 [ 1.09433703e-01 -2.82378823e-01  3.80771816e-01  1.40922898e-02
   3.06735069e-01 -6.73753023e-02  1.90073088e-01  3.89088430e-02
   4.36709434e-01 -7.24959895e-02]
 [-1.82828214e-02  3.09851170e-01  2.70682514e-01  1.49440587e-01
  -6.93994612e-02 -4.30963755e-01  3.58508945e-01 -1.18632436e-01
   2.90346295e-01  2.63063252e-01]
 [-1.46425560e-01  6.22645654e-02  2.16430083e-01 -9.23258439e-02
   5.74798882e-01 -2.16859467e-02  1.01255752e-01 -1.26287723e-02
  -2.36894697e-01 -2.33925506e-01]]
Peso 2:
[-0.18643042 -0.17758963  1.3364929   0.05000508 -0.00687615  0.00144509
 -0.02087558  0.13970307 -0.09165881  0.05006298]
Camada: saida
Peso 1:
[[ 1.179356   -0.5207542 ]
 [ 0.23686679 -0.09983725]
 [-2.2021096   2.1153982 ]
 [-0.22021164  0.37972137]
 [ 0.66941696 -0.68889946]
 [-0.21721996 -0.18143463]
 [ 0.13180636 -0.62651664]
 [-0.8958789  -0.05308799]
 [ 0.6262697  -0.5631681 ]
 [-0.1301776   0.21546677]]
Peso 2:
[-0.12106492  0.12106458]



pesos modelo: 
Test loss: 0.3914, Test accuracy: 0.8556
Camada: meio
Peso 1:
[[ 2.26615727e-01  1.50938749e-01  3.92833471e-01 -1.38034344e-01
   2.60501921e-01  9.44082737e-02 -7.07265139e-02 -5.19497991e-02
   1.57188833e-01 -3.75389665e-01]
 [-1.36682317e-01  4.40574735e-01 -1.03339143e-01 -2.50593990e-01
   2.82539994e-01  2.99200863e-01 -3.24587196e-01 -5.46998298e-03
   1.78731129e-01  5.00612736e-01]
 [-1.88176008e-03 -2.39602417e-01 -2.72203777e-02 -1.55179963e-01
   1.89795002e-01  7.47647416e-03  5.22055864e-01  3.33179474e-01
   1.90885842e-01  3.59665871e-01]
 [ 2.42218807e-01  2.88986504e-01  5.89688309e-02  3.48594725e-01
  -3.31980765e-01  2.24235877e-01  2.14345232e-01 -8.18338841e-02
   4.25478041e-01 -8.73854442e-04]
 [ 1.33996904e-01  4.70060498e-01  3.91551763e-01 -3.53703201e-01
  -6.31059781e-02  6.57426357e-01 -3.70273560e-01 -3.22895616e-01
  -2.11105734e-01 -3.80055964e-01]
 [ 3.02924544e-01  2.91228950e-01 -8.55320543e-02 -3.71294677e-01
   3.03870976e-01  1.24786049e-02  3.59309107e-01 -1.04929626e-01
   1.04604267e-01 -6.89820424e-02]
 [-1.91820550e+00  3.76697659e-01 -1.02261174e+00 -1.40239656e-01
   5.98964214e-01  1.74432385e+00 -2.29293764e-01  2.01479867e-01
   1.11351632e-01 -5.35605967e-01]
 [ 3.90663505e-01  1.88536927e-01 -2.95352697e-01 -1.92350939e-01
   2.07573533e-01 -8.78898054e-02  3.14945608e-01 -3.46683294e-01
  -3.93874288e-01 -3.36640567e-01]
 [ 1.54938325e-01 -2.29550809e-01  5.26569821e-02  2.09720418e-01
  -1.11152023e-01 -7.42291808e-02 -4.60144132e-01  3.71356547e-01
  -4.82839823e-01  1.70223452e-02]
 [ 6.82557464e-01 -4.00703192e-01 -1.66618854e-01 -3.99413049e-01
  -2.78503090e-01 -6.90506995e-01 -1.35579020e-01  7.17691109e-02
  -6.31643161e-02  1.49281239e-02]
 [ 1.91936508e-01  1.13033645e-01  9.87467840e-02  2.30694801e-01
   2.63162345e-01 -7.03775063e-02 -2.22991660e-01 -3.90211940e-01
   3.70047390e-01  6.99060336e-02]
 [-8.04176256e-02  1.46102726e-01  6.65577948e-02  1.27225593e-01
   1.35492846e-01 -2.45699242e-01  3.26276898e-01 -1.90929592e-01
   3.95367593e-01 -2.31583372e-01]
 [ 4.33502980e-02  2.38719434e-01  3.53873596e-02  1.28309593e-01
   1.19356357e-01  6.32466495e-01 -1.98883623e-01  3.63957912e-01
   2.78538406e-01  4.23798412e-01]
 [ 3.70296150e-01 -3.03855777e-01  3.21428567e-01 -1.37281474e-02
   2.26325154e-01  3.95625174e-01  4.35598046e-02 -8.80141854e-02
  -4.70778018e-01  5.61763383e-02]
 [ 1.55514330e-01  6.12501539e-02  1.88505962e-01  4.04145956e-01
   1.27253413e-01  5.55175245e-02  3.60634893e-01  3.00015450e-01
  -2.21847296e-01 -2.47183725e-01]
 [ 4.89038914e-01 -1.22455068e-01  5.89767456e-01 -2.86178768e-01
  -2.79829293e-01 -2.99709171e-01 -4.17815559e-02  7.05945790e-02
   2.34379932e-01 -2.91802548e-02]
 [ 3.51189435e-01  4.10343230e-01  1.93366930e-01  4.16429311e-01
   1.85552508e-01  1.73176691e-01  3.75280321e-01 -1.28540322e-01
  -1.84951946e-01 -2.52171636e-01]
 [ 1.30501032e-01 -2.92413205e-01  4.22141999e-01  1.63601488e-02
  -1.88946519e-02  2.98576027e-01 -1.97546378e-01 -2.08431765e-01
  -5.31681739e-02  3.16078722e-01]
 [ 3.45481873e-01  3.42278212e-01 -1.27013968e-02 -2.61878669e-01
   3.64161208e-02  2.22172603e-01  2.65914053e-01 -2.42048264e-01
   2.75715470e-01  1.91864192e-01]]
Peso 2:
[ 0.9848633  -0.16973399  0.5615697   0.00395949 -0.1196972  -0.40228978
  0.2716319  -0.00867613  0.03069962  0.22983612]
Camada: saida
Peso 1:
[[-1.4493053   1.8389003 ]
 [ 0.49200898 -0.30076542]
 [-1.1131469   0.6630923 ]
 [-0.30612165 -0.20428127]
 [ 0.10748974 -0.93203   ]
 [ 1.5388137  -1.4068125 ]
 [-0.8508989   0.12652257]
 [ 0.36687163  0.25696412]
 [ 0.05429073  0.3153604 ]
 [-0.55276144  0.34206274]]
Peso 2:
[-0.37706855  0.37707   ]



pesos modelo: 
Test loss: 0.3706, Test accuracy: 0.8603
Camada: meio
Peso 1:
[[-0.06792998  0.32060146 -0.25087225 -0.21289799 -0.15104252 -0.08029217
  -0.3937496   0.18539196 -0.24230236 -0.29663497]
 [-0.07273525 -0.4064116   0.41556054  0.1332278   0.2717336   0.22091484
   0.02378243  0.26817364 -0.10884561  0.48693776]
 [ 0.14085656 -0.15785258 -0.01756698  0.41551694  0.06995731 -0.08452627
   0.18126535  0.29160985 -0.05658428  0.25053728]
 [-0.26878676  0.4253995   0.23288165  0.16485731 -0.1522279   0.30219346
  -0.03110545 -0.00263395  0.4766263   0.28032857]
 [-0.31782916  0.34651837  0.52216685  0.05663799  0.17713854  0.0348934
  -0.2925827   0.22981586 -0.39428723 -0.0347392 ]
 [ 0.08477926 -0.16061582 -0.12321489  0.17574091  0.02436384  0.01207328
   0.25319993  0.07316464  0.4756051  -0.20254336]
 [-0.00207514 -0.4726566   1.343965   -1.2557838   0.95469415  1.2601644
  -0.3253443   1.5515825  -0.68994594 -0.69337595]
 [ 0.10878959 -0.13843742  0.22990465  0.6016301   0.23836944  0.19572285
   0.31565666 -0.18084866  0.11302672 -0.2817093 ]
 [ 0.14634387 -0.30743805  0.16550665  0.2765056   0.07104151 -0.1891725
  -0.09106787 -0.04868219  0.11038323  0.04516914]
 [-0.2024498   0.40378895 -0.65936184  0.49560684  0.09691929 -0.37642935
  -0.40502313 -0.15408547  0.40247414  0.09362742]
 [ 0.1703729   0.51066154 -0.12525956  0.2354767   0.2551035   0.16024098
  -0.18646611  0.10800915 -0.39410964  0.47560582]
 [-0.39155897  0.34708643 -0.15799111 -0.14336278  0.05628031  0.12233745
  -0.46859238 -0.08007005  0.40740016  0.13879576]
 [-0.01174385  0.32600495  0.49393314  0.2737715   0.28271985  0.39109328
  -0.12628664  0.4113322   0.38869885 -0.42538837]
 [-0.17309739  0.13783456  0.03271799  0.07987589 -0.03624371  0.13219135
  -0.16421337 -0.06999589  0.17426418  0.3165781 ]
 [ 0.46033415 -0.2778374  -0.23360234  0.12924838  0.13494086  0.11161171
  -0.13917947  0.03773416  0.21616435  0.09566545]
 [-0.13640295 -0.09308617 -0.44707343  0.9541462  -0.22363538 -0.16445221
   0.33196434 -0.52685493 -0.33412385 -0.31484324]
 [-0.27361828 -0.07536317 -0.08857916 -0.05845631 -0.23014696 -0.17386396
  -0.47373262 -0.14522606 -0.0410183  -0.13868327]
 [ 0.2777551  -0.09676176  0.04857642 -0.10037875 -0.21019584 -0.22717732
  -0.24574226  0.05753609  0.2774894   0.16227902]
 [ 0.29036632  0.29760987  0.11731169  0.09337027 -0.26041812  0.02902219
  -0.35531253  0.13632989 -0.2634317   0.4377726 ]]
Peso 2:
[ 0.07301725  0.29651448 -0.4115059   0.914866   -0.08919504 -0.11788332
 -0.12694585 -0.2561869   0.3927692   0.3677601 ]
Camada: saida
Peso 1:
[[ 0.40234748  0.7975551 ]
 [-0.78393555  0.15158507]
 [ 0.79645973 -1.3348196 ]
 [-1.4215369   1.2197152 ]
 [ 1.1891254  -0.04301499]
 [ 0.74878734 -1.0067561 ]
 [ 0.26001737 -0.6106537 ]
 [ 1.0476519  -1.1153867 ]
 [-0.9321897   0.16992255]
 [-0.4917685   0.66262066]]
Peso 2:
[-0.7894151   0.78941613]



pesos modelo: 
Test loss: 0.4074, Test accuracy: 0.8629
Camada: meio
Peso 1:
[[-4.10030961e-01  3.97845209e-01  1.29409015e-01 -3.75585973e-01
  -5.91924191e-02  3.89190197e-01 -5.69544137e-02  8.23749900e-02
   4.22198236e-01 -2.24183604e-01]
 [-2.45932013e-01 -3.95333886e-01 -3.89819711e-01 -4.39291179e-01
  -3.61863613e-01  5.32399297e-01 -1.98095709e-01  5.87938309e-01
   2.19226018e-01  1.96616471e-01]
 [ 3.91118944e-01 -4.53246742e-01  2.34455258e-01  1.58036157e-01
  -3.12462330e-01  1.77772015e-01  1.62716568e-01 -2.46569753e-01
   2.94426352e-01 -1.01492099e-01]
 [ 1.66216150e-01 -3.79641801e-01 -2.33786538e-01 -3.69660556e-01
   1.10524893e-01  6.56926334e-02  9.11761001e-02  2.34704062e-01
   5.10779381e-01  2.55942583e-01]
 [-5.63349724e-01  7.02256411e-02  6.48740709e-01 -2.17794076e-01
  -4.37083580e-02  2.45535195e-01 -2.58530647e-01 -1.39179260e-01
  -3.57161909e-01 -4.14464384e-01]
 [ 5.85425019e-01 -1.51452824e-01 -1.36977643e-01 -2.93380916e-01
   2.02019781e-01  2.61217505e-01 -2.37932101e-01  1.29814431e-01
   1.89432744e-02 -2.10704833e-01]
 [-1.17280686e+00  3.40177000e-01 -9.23628151e-01  2.67325789e-01
   1.76061735e-01  2.33837247e+00 -2.62521625e-01 -4.13160861e-01
  -5.62939346e-01  7.71081895e-02]
 [ 1.96610421e-01 -1.77348658e-01 -2.23752633e-01  2.35677704e-01
  -1.30014941e-01 -8.02087337e-02 -4.29245263e-01  2.24563599e-01
  -3.29081982e-01  1.14219040e-01]
 [ 3.11976582e-01 -2.05647677e-01 -3.51721317e-01  3.38677943e-01
  -4.00883526e-01  1.36454001e-01 -1.65145963e-01  2.44787827e-01
   3.95147949e-01  1.30589947e-01]
 [ 5.98697603e-01 -3.64524245e-01  3.55490334e-02  1.27911597e-01
  -4.16563869e-01 -5.17335415e-01 -7.92091340e-02  4.74750489e-01
   1.49011996e-03  2.86909014e-01]
 [ 1.01420172e-01  2.78033942e-01 -1.91938415e-01 -1.14117377e-02
   3.21391225e-02 -4.42175716e-02 -3.80929001e-02  5.71865253e-02
   3.28021735e-01  2.94846091e-02]
 [ 2.06667081e-01  7.77987093e-02  2.96592653e-01 -1.34119645e-01
   8.99767969e-03  2.06527278e-01  3.68036360e-01 -6.28224239e-02
   4.11264062e-01 -7.71292299e-02]
 [ 1.03959486e-01  1.99167415e-01  3.53054911e-01  3.40874076e-01
  -3.97529691e-01  6.80841386e-01 -3.72116677e-02 -5.82798898e-01
   2.62329817e-01  4.91182692e-02]
 [ 3.96416754e-01  4.35627997e-01  2.12364838e-01 -3.69732857e-01
   2.57416904e-01  1.22376204e-01  9.48419720e-02 -2.06325278e-01
  -3.95845762e-03 -2.15489045e-01]
 [ 1.46609098e-01 -2.15494558e-01  1.41047627e-01  1.66777104e-01
  -3.59964639e-01  1.80082843e-02 -2.95098692e-01 -8.47528949e-02
   2.08918899e-01 -8.13830197e-02]
 [ 2.94009119e-01 -4.48205948e-01  9.13942307e-02 -2.69331306e-01
  -3.59360486e-01 -8.22474837e-01  3.24939311e-01  3.68422180e-01
   2.11408034e-01  1.86163709e-01]
 [ 4.58114922e-01 -1.45006835e-01  2.65019417e-01  1.76622812e-02
   2.67266661e-01  2.22084090e-01 -1.62723094e-01  1.95096523e-01
  -3.74552786e-01 -2.84231126e-01]
 [-1.56073079e-01  3.63662057e-02  5.02611756e-01 -4.70389187e-01
  -3.72936428e-01 -6.93539083e-02  1.31652188e-02 -5.87437861e-02
   2.83682393e-03 -4.51621145e-01]
 [ 3.29463810e-01 -3.65563720e-01  3.06953695e-02 -2.02529132e-01
  -1.94409769e-02 -1.17458170e-02 -3.67721260e-01  7.99406692e-02
  -4.11257714e-01 -1.41007259e-01]]
Peso 2:
[ 0.88353366 -0.01299636  0.5276941  -0.01466168 -0.07209223 -0.56563026
 -0.08151311  0.5424075   0.31561866 -0.13575338]
Camada: saida
Peso 1:
[[-1.1667819   1.3742061 ]
 [-0.6311795  -0.5546735 ]
 [-0.9389361   0.64840347]
 [-0.3765205   0.19789661]
 [ 0.5740984  -0.26687732]
 [ 1.491433   -2.199092  ]
 [-0.07207385 -0.48636118]
 [-0.6906523   1.0029885 ]
 [-0.15169655  0.92508936]
 [ 0.21020132 -0.03186532]]
Peso 2:
[-0.4813664   0.48136747]



pesos modelo: 
Test loss: 0.4647, Test accuracy: 0.8398
Camada: meio
Peso 1:
[[ 0.18945223  0.2585554   0.18226558 -0.18153864  0.14847505  0.07948172
  -0.09001747  0.1659748   0.35170174  0.12712157]
 [-0.02836416  0.39746115 -0.01003151  0.20694563  0.21460101 -0.1297626
  -0.15628357  0.08711115  0.03020381  0.06489313]
 [-0.01490573  0.04204037 -0.0988448  -0.00525661 -0.3755251   0.4851031
   0.4798321   0.04862012  0.4094821  -0.03386877]
 [-0.05301841  0.18203636  0.17418839  0.12021655  0.05790817  0.36698163
  -0.2264645   0.01843503 -0.4224403   0.43777412]
 [ 0.43855447  0.33245793 -0.3541479   0.21819273 -0.55982804  0.00937948
  -0.12161689  0.3734335  -0.26228663 -0.34929693]
 [-0.05686884  0.10366271 -0.15192342 -0.04516447  0.06608973  0.32586917
  -0.1664722   0.1527769   0.47253025  0.14969012]
 [-0.0901413   1.9306009  -0.5053061   1.1806868  -0.05025466 -1.1821895
   0.6806501   1.0714581   0.09975576 -0.15356605]
 [-0.3413476   0.10121491  0.36181548 -0.19843194  0.43717897  0.07219856
  -0.0426712   0.12573655  0.13726746  0.24201171]
 [-0.24253799 -0.01786788 -0.38933307  0.14972855 -0.20955381  0.5233019
   0.370942   -0.11530118 -0.29688358 -0.19105418]
 [ 0.12495262 -0.5450823   0.4612907  -0.36255774 -0.30925408  0.31121415
  -0.31017563 -0.13191362  0.3892461  -0.44024527]
 [ 0.36735225  0.23595853  0.26595804 -0.14619991 -0.12142067  0.5169805
   0.51442605  0.1492042   0.16499367  0.21758246]
 [ 0.29887226 -0.06225469  0.29476723  0.24513407 -0.24156374  0.29294464
  -0.22248738  0.19808441 -0.43092918 -0.45413932]
 [ 0.3120873   0.25051254  0.45350608  0.23288105  0.2148739  -0.1549653
   0.52634245  0.44315976  0.07231084  0.13543673]
 [-0.15706462  0.06196905  0.40384322  0.07253832  0.1621974   0.3171598
   0.24789451  0.03133526 -0.13281722 -0.41471538]
 [-0.19121753  0.25900075  0.3571905   0.05514037  0.13927148  0.30940947
  -0.02531416 -0.2919954  -0.34920347 -0.38090247]
 [-0.14453313 -0.42734456  0.52309537 -0.29416165 -0.38343665  0.7490181
  -0.10658021 -0.09178556 -0.22170554 -0.29289556]
 [-0.3641431  -0.1313877  -0.10364015 -0.09766346 -0.28619438  0.01574178
  -0.18500806 -0.01413731 -0.3047851  -0.00253721]
 [-0.32417354  0.17771603  0.379511    0.06244798  0.31675676  0.26824555
  -0.02561012 -0.0675832   0.43888196  0.08090262]
 [-0.36330444 -0.21458317 -0.33520678 -0.00484985 -0.43528312  0.24165927
   0.05487602  0.23625377 -0.31586084  0.00516383]]
Peso 2:
[ 0.03765193 -0.48191762  0.2329384  -0.21814047  0.01963085  1.071568
 -0.01696348 -0.46534312  0.07945091  0.02114066]
Camada: saida
Peso 1:
[[-0.03524422  0.34202754]
 [ 1.5927352  -1.4672844 ]
 [-0.52565145  0.44469264]
 [ 1.0003867  -1.0285662 ]
 [-0.49245825  0.44763133]
 [-1.2775092   1.4764253 ]
 [ 0.36038005 -0.6702624 ]
 [ 0.57034564 -0.87384903]
 [-0.3730562   0.20239404]
 [-0.69705594 -0.0796166 ]]
Peso 2:
[-0.8131903   0.81319153]



pesos modelo: 
Test loss: 0.3797, Test accuracy: 0.8692
Camada: meio
Peso 1:
[[ 1.86242402e-01 -4.53518867e-01 -4.16875362e-01 -1.36044234e-01
  -2.69331217e-01  3.50401163e-01  2.21859396e-01  2.36675501e-01
   2.19872952e-01  6.57272339e-02]
 [ 4.40291613e-01 -2.64081180e-01  4.23046649e-01 -8.54268223e-02
  -5.04557826e-02 -4.42383081e-01 -1.13895601e-02  4.73319650e-01
   1.68830022e-01 -1.98011566e-02]
 [ 1.78714797e-01 -2.56670058e-01  1.61306143e-01  1.22810185e-01
  -1.07615486e-01  1.13964252e-01  2.67949700e-01 -1.66436583e-01
  -2.89769948e-01  3.42779100e-01]
 [ 1.22626163e-01 -1.86318934e-01 -1.14403054e-01  1.96085006e-01
  -3.88950199e-01  2.95931816e-01 -2.95861125e-01 -1.41228393e-01
   1.82020694e-01 -1.16185121e-01]
 [ 2.96202511e-01  1.63391218e-01 -2.28972793e-01 -1.04136430e-01
  -2.54693091e-01  2.99774796e-01 -3.76303494e-01  5.10770142e-01
  -2.53667027e-01  3.86261016e-01]
 [ 9.67924222e-02 -3.44849885e-01 -1.04900308e-01  3.32856447e-01
   3.08231801e-01  3.40094477e-01 -3.41066629e-01  3.66494715e-01
  -2.65958700e-02  3.21786292e-02]
 [ 1.36512530e+00  2.52221227e-01 -3.79434019e-01 -2.31082845e+00
   1.00053005e-01  5.76094426e-02  1.84119925e-01  9.75085914e-01
   3.54841724e-02 -5.47926784e-01]
 [ 5.34590241e-03 -3.50900553e-02  2.65731871e-01  1.39595881e-01
  -2.98704326e-01  1.22782663e-01  3.68456393e-01 -4.90710102e-02
   4.73704655e-03 -1.18185088e-01]
 [ 1.17363058e-01 -7.50265390e-05  1.62906066e-01  3.18255514e-01
  -3.18250097e-02 -1.83191106e-01 -1.01368465e-01  3.46403360e-01
  -2.43737742e-01  4.13242161e-01]
 [-7.83709049e-01 -2.24890456e-01  3.53395581e-01  6.02461636e-01
  -3.59861165e-01 -2.07792476e-01  1.71241656e-01 -1.73331398e-04
  -4.22256768e-01 -2.35092357e-01]
 [ 3.88516337e-01 -4.46930289e-01  1.71632886e-01  5.05018294e-01
   3.59148532e-01  4.16108854e-02 -4.47638988e-01  2.42990196e-01
   8.93812627e-02 -1.49397492e-01]
 [ 1.38304681e-01 -4.08983320e-01  2.96999753e-01  9.85608622e-02
  -4.18361366e-01  2.49263600e-01  1.59128532e-01 -2.48539150e-01
  -7.33027086e-02  1.92156151e-01]
 [ 4.45492059e-01 -1.51914462e-01 -8.78006667e-02  4.60247546e-02
  -4.84996289e-02 -2.01543853e-01  2.89776146e-01  4.70505685e-01
  -3.50405604e-01 -3.27482164e-01]
 [ 1.45035177e-01  1.25884593e-01  2.33827487e-01  3.21853310e-01
   1.00327067e-01  4.09274817e-01 -1.70999616e-01  1.60108939e-01
  -3.67381215e-01  1.40434906e-01]
 [ 2.52457976e-01  2.72384554e-01 -2.20213741e-01  2.18938500e-01
   8.65835175e-02  9.98584479e-02 -4.29875731e-01 -2.41471127e-01
   3.48791122e-01  5.98334521e-02]
 [-8.12535942e-01 -1.05142586e-01 -1.99472398e-01  5.90813041e-01
  -4.34552222e-01  1.86240464e-01 -3.07011515e-01 -2.20870242e-01
  -9.01510641e-02 -2.63950927e-03]
 [-3.31522636e-02 -1.01712584e-01 -7.83914793e-03  1.12404510e-01
  -2.49963015e-01 -1.22544117e-01  1.92387938e-01  3.12915035e-02
   2.63043195e-02  2.64836073e-01]
 [ 3.09555650e-01 -3.11291903e-01 -2.88586110e-01  2.99951762e-01
   3.10745209e-01 -2.07191959e-01  3.05449754e-01 -2.42258668e-01
   1.45833835e-01 -1.84973568e-01]
 [ 3.07892412e-01 -4.96706702e-02 -3.23433459e-01  4.00950372e-01
   6.27846457e-03 -4.20850873e-01  9.25654247e-02  1.01803482e-01
  -3.26705307e-01  2.26182759e-01]]
Peso 2:
[-4.10831362e-01 -4.17289250e-02  1.49807304e-01  1.27966225e+00
 -1.09932326e-01  8.06220341e-04 -5.64740896e-02 -1.89487174e-01
  3.61719728e-02  9.65751186e-02]
Camada: saida
Peso 1:
[[ 1.1459745  -1.4732672 ]
 [-0.55590874  0.44336337]
 [-0.41395867  0.22509782]
 [-1.9383997   1.9689159 ]
 [-0.3509426   0.34949562]
 [-0.3947145  -0.25135213]
 [ 0.08295877  0.22637266]
 [ 1.1058397  -0.46114758]
 [-0.66852164  0.16201565]
 [ 0.29515004  0.8590371 ]]
Peso 2:
[-0.31534728  0.31534833]



pesos modelo: 
Test loss: 0.3152, Test accuracy: 0.8786
Camada: meio
Peso 1:
[[-0.26719403  0.22643852  0.04433599  0.26659203 -0.01255628  0.36744452
  -0.2959758  -0.29502052  0.11483109 -0.0250487 ]
 [-0.11653581  0.08818386  0.01930617  0.28621587 -0.19404879  0.14762478
  -0.04548427  0.14457743  0.40385306 -0.2363656 ]
 [-0.30902958  0.3067858  -0.34250146  0.06434333  0.08775154 -0.17616631
   0.16355062 -0.19106266 -0.07466893 -0.12183487]
 [-0.4077892   0.03189762  0.02696616 -0.2741028  -0.08029439 -0.10358749
  -0.21826747  0.03291387  0.08390303  0.2350109 ]
 [ 0.18988489  0.2791414  -0.31481478 -0.22310819  0.082092    0.04937368
  -0.39277524  0.32688442  0.51859236 -0.12278695]
 [ 0.09753469  0.25954583  0.25063255  0.35853758 -0.43084255 -0.1957177
   0.22080642  0.18358137  0.17179297  0.09662507]
 [ 0.3485104  -0.76838404  0.5270886  -0.19853576  0.27789357  0.9697908
  -0.06342872  0.11545231  2.0194821  -1.8394756 ]
 [-0.10369188  0.1301632  -0.11229642  0.02355836 -0.4571497   0.08689923
   0.10958908 -0.40590864 -0.04429189  0.10920946]
 [ 0.10467999  0.17345326 -0.02049304  0.19485016  0.14508495 -0.02664915
   0.00262702 -0.434077    0.13509083  0.23765035]
 [ 0.40229854  0.07436384  0.0617802   0.50056523 -0.14044595 -0.49935445
   0.07005344  0.2647914  -0.316321    0.63194704]
 [-0.15503336  0.13312057  0.13589352 -0.35992837 -0.28590137  0.06722768
   0.36756808  0.26552814  0.07304998  0.2707687 ]
 [-0.43760246  0.21327952 -0.00423628  0.48310462 -0.39467984  0.28116432
  -0.21543339 -0.2463329   0.24674006  0.33184206]
 [ 0.4052781   0.20799349  0.25655225 -0.23361318 -0.15852992  0.4459606
  -0.23327734 -0.2049975   0.5935067   0.20661591]
 [ 0.34878537 -0.29639533  0.00568587 -0.14921848  0.29523057  0.05966938
   0.04988834 -0.0730404   0.01470344  0.40341213]
 [-0.16588555  0.34339976  0.33861458  0.08846667 -0.3271465   0.0572187
   0.30647466 -0.33518064  0.26106495  0.32397786]
 [-0.08004417  0.6669097   0.364423    0.1642626  -0.3129364   0.0784161
   0.40112707 -0.01627387 -0.6067751   0.48040912]
 [-0.06586168 -0.2642655   0.321544   -0.07869828  0.17864583 -0.00917612
   0.08312158  0.07976946  0.03531399  0.36054114]
 [ 0.11057453 -0.35844827 -0.24896415  0.22031039  0.3285663   0.3600009
  -0.01027516 -0.02553785  0.04858462  0.45667008]
 [ 0.3472642   0.2742576  -0.2397616  -0.07334398  0.08245189  0.39633504
   0.05591562 -0.08936589 -0.08625193  0.19069624]]
Peso 2:
[-0.00380319  0.29796013  0.00549192  0.2953144  -0.0685192  -0.13570501
 -0.05046244 -0.00362536 -0.63399625  1.0410897 ]
Camada: saida
Peso 1:
[[-0.4420465  -0.64799064]
 [-0.85793954  0.43174732]
 [-0.59721386 -0.80077046]
 [-0.7320998   0.2538804 ]
 [-0.44106516 -0.22695307]
 [ 0.6127487  -0.77553016]
 [-0.40031713 -0.15622011]
 [ 0.03027876  0.56572175]
 [ 1.299702   -1.8088063 ]
 [-1.1869205   2.0170438 ]]
Peso 2:
[-0.47749546  0.47749656]



pesos modelo: 
Test loss: 0.5526, Test accuracy: 0.8221
Camada: meio
Peso 1:
[[ 1.94419086e-01  1.43454075e-01 -1.74131602e-01  4.07917202e-02
   1.52712405e-01  2.00893581e-01 -4.30236965e-01  2.31946766e-01
   7.04023838e-02  2.27759182e-01]
 [ 4.79214907e-01 -4.76157814e-02 -4.39654619e-01 -3.92549634e-01
   4.78325367e-01 -1.10340295e-02  1.22166164e-01  5.73450997e-02
   1.05361663e-01  2.04823524e-01]
 [ 3.04612428e-01 -1.69546101e-02 -7.77215138e-02 -2.01729640e-01
  -1.18472531e-01 -1.26013281e-02  2.00926378e-01  2.84500897e-01
   4.34712201e-01 -4.61013049e-01]
 [ 5.50900958e-02  2.52500683e-01  1.69288978e-01 -2.68894613e-01
  -3.47384484e-03 -7.55438507e-02  1.75470993e-01  1.84513286e-01
   4.32957202e-01  2.94277430e-01]
 [ 4.55192268e-01  1.32307280e-02  2.21131414e-01 -1.07091807e-01
   5.94001234e-01 -3.75449628e-01 -2.42915139e-01  2.46348932e-01
  -2.22270638e-01  2.05312490e-01]
 [ 3.83311473e-02  3.47151369e-01 -2.59768486e-01  2.47080848e-02
  -5.63923211e-04  2.43656397e-01  2.92700708e-01  1.74122304e-01
  -2.78630793e-01  2.84465194e-01]
 [ 1.64632487e+00  3.79737988e-02 -1.57915771e-01 -9.55100805e-02
   1.69937825e+00 -2.47978374e-01 -3.94874692e-01 -1.78094292e+00
  -1.34116737e-02  2.47197285e-01]
 [ 4.78900701e-01 -2.94411723e-02  2.80609101e-01  2.34593004e-01
  -1.02522045e-01 -1.36549816e-01 -3.28667104e-01  4.63151127e-01
  -3.20621520e-01 -4.10662144e-01]
 [ 3.52992713e-02 -2.76827812e-01 -2.37281755e-01 -1.16522774e-01
   2.36634314e-01  3.79746526e-01 -7.03018308e-02  3.56080651e-01
  -4.34047461e-01  3.76916558e-01]
 [-4.98517722e-01  1.55233085e-01  3.36497158e-01  3.03890817e-02
  -4.37870383e-01 -2.00107753e-01 -8.52957554e-03  7.89658070e-01
   1.30322218e-01  3.10155004e-01]
 [ 2.44346976e-01  6.03149571e-02  1.90859511e-01 -3.03841859e-01
  -3.25206250e-01  3.36846411e-01 -4.33203548e-01  4.83687930e-02
   1.18993692e-01 -2.19195530e-01]
 [-1.42744273e-01 -3.88405502e-01 -4.48291779e-01  3.67567897e-01
   2.89237529e-01 -1.11737080e-01  2.52482027e-01  2.90258408e-01
   4.39481229e-01 -8.15843791e-02]
 [ 2.21442118e-01 -1.59032166e-01 -4.43713188e-01 -1.65045977e-01
   4.68727499e-01  4.28332180e-01 -1.80988953e-01 -1.05304174e-01
  -3.91494185e-01 -4.10531946e-02]
 [-1.56786032e-02  4.69161570e-01 -2.01439843e-01 -3.58324438e-01
   1.32228687e-01 -7.21899718e-02 -1.59806713e-01  2.05156565e-01
  -1.09518632e-01  2.20888764e-01]
 [-2.78415978e-01 -9.16430429e-02 -2.63328642e-01  3.10728431e-01
   2.43030518e-01  3.95084172e-01 -1.65543333e-01  1.31439954e-01
   3.91771019e-01  1.51130870e-01]
 [-1.09404467e-01 -4.19625044e-01 -2.04825893e-01 -2.54566640e-01
  -5.11185527e-01  3.32749486e-01  1.21247046e-01  9.26542282e-01
  -2.29278982e-01 -3.73941734e-02]
 [-3.22580487e-02  2.73154736e-01 -1.37040377e-01 -2.82498240e-01
  -3.21850717e-01 -7.14179203e-02 -2.43739605e-01 -7.98531771e-02
  -3.63698721e-01 -2.68050522e-01]
 [-2.60631621e-01 -4.07738745e-01  1.37791201e-01  1.38845906e-01
   1.27211124e-01 -3.68384808e-01 -2.06203848e-01  1.71533048e-01
  -9.79056582e-02 -2.06023574e-01]
 [ 2.52084136e-01  2.67110020e-01  3.55568588e-01 -1.03979230e-01
  -8.22337791e-02  2.49966517e-01 -3.93591195e-01  1.96914122e-01
  -4.43121105e-01 -3.44476163e-01]]
Peso 2:
[-0.39832455  0.04536591 -0.06713737 -0.08510689 -0.37475887  0.1144346
 -0.03120654  1.1703261   0.06068387 -0.0838629 ]
Camada: saida
Peso 1:
[[ 1.2321491  -1.1695449 ]
 [-0.76734984 -0.4888173 ]
 [-0.07596006 -0.19444953]
 [ 0.29116285 -0.3130162 ]
 [ 0.84844905 -1.6450839 ]
 [-0.2658694   0.32869092]
 [ 0.42420065  0.31987578]
 [-1.4676161   1.9017748 ]
 [-0.29972416  0.00933241]
 [ 0.05501685 -0.0865844 ]]
Peso 2:
[-0.68435365  0.68435484]



pesos modelo: 
Test loss: 0.5686, Test accuracy: 0.8128
Camada: meio
Peso 1:
[[-0.382749   -0.29702127 -0.37126207 -0.2677121  -0.24999568 -0.344582
  -0.4130512  -0.0662238  -0.22497375  0.20821208]
 [ 0.12891254  0.2061845  -0.31729653  0.12531172  0.287187    0.41815925
   0.50362366 -0.04685668  0.36359975  0.3465462 ]
 [-0.08718596  0.24840134  0.15652835  0.25589895  0.27287564 -0.04587235
  -0.2087667   0.01631643 -0.26255763 -0.2384202 ]
 [-0.03580521 -0.27400205  0.21444024  0.19792926  0.27283177 -0.08175799
  -0.03092849  0.35038316 -0.12051629  0.15307958]
 [-0.19438264 -0.17002301  0.29245603 -0.4005971   0.37857223  0.04037815
   0.1414959  -0.37014407  0.41488948  0.48900065]
 [ 0.18493931 -0.443892    0.25600225  0.08375601  0.09331393  0.18611908
   0.21037313  0.42169523  0.24854268 -0.15302871]
 [-0.22619629  0.10314339 -0.18615882 -0.9431771   0.93127465  0.75737363
   2.1164622  -0.99723995 -0.738776    0.6327378 ]
 [ 0.24752465 -0.05236802 -0.36420318  0.16805436  0.12424483 -0.19620182
   0.1795589   0.29220194  0.06747387 -0.09236392]
 [-0.29536957  0.15958755  0.26458755  0.0479924  -0.03912771 -0.00584415
   0.14219487  0.40464798  0.34693977  0.34917766]
 [ 0.2049676   0.06296299 -0.12941022  0.0139233  -0.08532419 -0.5431392
  -0.44286656  0.03455343  0.87093484 -0.49959195]
 [-0.07904559  0.31032676 -0.10800947  0.40370575 -0.32226363  0.3025572
   0.2186251   0.29587075 -0.1262631  -0.20553839]
 [ 0.36454713  0.05535615  0.05412577 -0.3649553  -0.07292231  0.04720003
  -0.16663189  0.5107042  -0.02013168  0.31969377]
 [-0.38725457 -0.26177633  0.24538402  0.33612934  0.16929182  0.34617049
   0.7228341   0.27532077  0.08573291  0.0982899 ]
 [-0.396962   -0.30584186 -0.04227562  0.24658342 -0.00419347 -0.03574679
  -0.1145535   0.04364347 -0.1704642   0.06422785]
 [ 0.03436824 -0.41530287  0.22213742  0.43546948 -0.00619821 -0.25797537
   0.19919565  0.29131368 -0.09412462  0.22154579]
 [ 0.19551706 -0.26135752 -0.42848176  0.3598338  -0.18614589  0.00913883
  -0.5737066   0.6113318   0.37832505 -0.25534886]
 [-0.18137525  0.13025899  0.15227039  0.30749103  0.0886628  -0.05282168
   0.14935735  0.18425764  0.1450632   0.06442868]
 [ 0.11139525  0.09677678 -0.46063566  0.02155332 -0.09023245  0.30922276
  -0.07950578 -0.14556926  0.37565875 -0.13136877]
 [-0.30945963  0.17459647 -0.23798092  0.09049214 -0.25574058  0.376266
   0.14848857  0.08184817  0.4915664   0.03983093]]
Peso 2:
[-0.05876422 -0.16520439 -0.05304489  0.6163655  -0.22259353 -0.2546922
 -0.48223203  0.7219761   0.6564475  -0.23085922]
Camada: saida
Peso 1:
[[-0.438024   -0.45729133]
 [ 0.18968992 -0.23065057]
 [ 0.28683656  0.11207028]
 [-1.024491    0.76482016]
 [ 0.8320525  -0.3467034 ]
 [ 0.50888157 -0.7676811 ]
 [ 1.7193134  -1.503601  ]
 [-1.017844    1.0063425 ]
 [-0.8465525   1.0323684 ]
 [ 0.44957015 -0.7159819 ]]
Peso 2:
[-0.6580644   0.65806586]



pesos modelo: 
Test loss: 0.6373, Test accuracy: 0.8100
Camada: meio
Peso 1:
[[ 3.75511050e-02 -4.31669116e-01  3.99275541e-01  3.86408508e-01
   1.74689293e-02  6.20219111e-03 -2.70247161e-01 -4.09410417e-01
   9.71782207e-02  2.89914846e-01]
 [ 1.76554814e-01 -3.83270055e-01  7.89720863e-02  1.88972652e-01
  -1.94343284e-01  8.13782290e-02 -1.84399858e-01  2.18149602e-01
   4.34634268e-01  7.78026640e-01]
 [ 3.39337647e-01 -1.14715949e-01 -3.77813041e-01  3.42225522e-01
   2.23498061e-01  2.85305053e-01 -8.84678066e-02  2.92099416e-01
   2.26986796e-01 -6.81978185e-03]
 [ 4.27537411e-01  3.85834932e-01  1.02812007e-01 -4.17257249e-01
  -5.88089153e-02  4.00691509e-01 -4.25072312e-01 -1.88473731e-01
  -3.43234956e-01  1.89204648e-01]
 [ 4.09132481e-01  6.59713428e-03  2.15313911e-01  1.05607912e-01
  -1.06544912e-01 -3.68548125e-01 -4.51938391e-01  9.68219340e-02
   1.04495339e-01  3.04874480e-01]
 [-2.89241791e-01 -1.37182549e-01  4.08115655e-01 -2.28873491e-01
   5.40620796e-02  1.31607637e-01  1.10456347e-01 -3.09013844e-01
   6.89042807e-02  6.47120997e-02]
 [ 4.05303746e-01  3.10287863e-01 -1.55680045e-01  5.26962280e-01
  -5.80115207e-02 -1.51452601e+00  9.49790627e-02  2.26042777e-01
  -8.11017990e-01  2.32861423e+00]
 [ 1.87300682e-01  7.69118741e-02 -2.19937712e-01  5.68921454e-02
  -3.13663423e-01  4.09728587e-01  1.90472499e-01 -3.87609601e-01
   2.65626490e-01  2.48668402e-01]
 [-2.33506992e-01  8.01372677e-02 -1.59384876e-01  3.71694237e-01
  -4.51768577e-01  2.33203009e-01 -3.66047740e-01  1.80581555e-01
   2.13596821e-01 -1.12512764e-02]
 [-3.97146076e-01 -3.55819613e-01  4.58522260e-01 -3.91509950e-01
  -2.66768873e-01  7.50431299e-01  1.03950933e-01 -1.69498488e-01
  -3.37691158e-01 -8.09444547e-01]
 [-1.37017691e-03  2.12257519e-01  3.75943452e-01 -1.03581406e-01
   1.85499724e-03  1.04391068e-01  2.06819490e-01  1.11847058e-01
  -2.79069453e-01 -8.37438479e-02]
 [-2.94564396e-01 -1.78436577e-01 -1.19915307e-01  3.97125036e-01
   1.66807813e-03  4.87638801e-01 -1.29700541e-01 -3.86883408e-01
   3.53810072e-01  2.89439410e-01]
 [-3.81659448e-01  1.55433267e-01 -5.31535268e-01  1.45293906e-01
  -1.42591476e-01 -2.24148259e-01  3.07711631e-01 -1.99277680e-02
  -2.51851112e-01  2.30241612e-01]
 [-4.10632908e-01 -2.11165339e-01  1.32175069e-02 -2.38500983e-01
   3.07157248e-01  2.54460126e-02 -2.29982529e-02  3.06392908e-01
  -1.83892965e-01 -1.46964937e-01]
 [ 1.53818548e-01 -1.76798133e-03 -1.76507726e-01  2.23357826e-01
  -1.91354081e-01  5.56902111e-01 -3.12853336e-01 -4.42704968e-02
   1.13813102e-01  2.92591751e-01]
 [ 2.06222475e-01  3.29273790e-02  3.53296727e-01  2.37271026e-01
   2.40278184e-01  9.13839638e-01 -4.13507432e-01 -2.58363485e-01
  -4.09526862e-02 -3.68444383e-01]
 [ 1.80657059e-02  2.92144716e-01 -2.26798952e-01  2.83069521e-01
  -2.24138394e-01  1.83148280e-01  2.29642585e-01  4.30929244e-01
   3.66662681e-01  2.23527402e-02]
 [-2.32596830e-01 -4.32241820e-02  4.78089213e-01 -7.82113746e-02
  -3.99061173e-01  3.54226857e-01 -3.87427092e-01  1.70449004e-01
   1.04614213e-01  2.66600043e-01]
 [-1.92379892e-01 -1.91289261e-01  2.14596286e-01 -1.15108885e-01
   2.60337740e-01  2.58583248e-01 -2.40939260e-01  2.58582592e-01
   4.32762653e-01  2.48648122e-01]]
Peso 2:
[ 0.00324596 -0.04574612  0.24517462 -0.05664928 -0.06556879  1.1325532
  0.02095079 -0.06109216  0.22823972 -0.64866585]
Camada: saida
Peso 1:
[[ 0.4910848   0.35641855]
 [-0.19612256 -0.18752904]
 [-0.5322319   0.51565427]
 [ 0.30910113 -0.25993237]
 [ 0.40023735  0.13133784]
 [-1.6286783   1.5811995 ]
 [-0.3515647  -0.15032962]
 [ 0.44369286  0.35171252]
 [-0.71479815  0.29762566]
 [ 2.1261244  -1.4168458 ]]
Peso 2:
[-0.48676172  0.4867641 ]



pesos modelo: 
Test loss: 0.3820, Test accuracy: 0.8617
Camada: meio
Peso 1:
[[-0.3707591  -0.39341322 -0.2196797  -0.0232445   0.31379712 -0.42978886
  -0.25494576 -0.35384217 -0.33868238 -0.09527549]
 [-0.22242114 -0.28559422  0.25704768  0.34990174 -0.00770145  0.1432571
  -0.38383278  0.13493784  0.12333241  0.36121845]
 [ 0.02789742 -0.36139154 -0.10494003 -0.36163154 -0.28769833  0.19105886
  -0.04014198  0.2999736   0.09113561  0.36538246]
 [ 0.34449977  0.27412876  0.15952973  0.29143494 -0.10413784 -0.3975646
  -0.24359496 -0.0434963   0.1954104   0.37174863]
 [ 0.1907861   0.29140544  0.6993481   0.02218824 -0.01147392 -0.2573092
  -0.43896678  0.4400337   0.21040875  0.32689235]
 [ 0.30865455  0.22461826 -0.01468287  0.24160427 -0.2597354  -0.30526617
  -0.37964264  0.08240692 -0.31442386 -0.03343589]
 [-2.1842473   0.5737192   1.6925744   0.5869439  -0.38179114 -0.31687993
   0.05270421  0.3449703   0.12031326 -0.27925575]
 [ 0.34617692  0.43027338  0.36506957 -0.20031661  0.08986664 -0.14495267
   0.34543008 -0.27822986  0.37141022 -0.0512352 ]
 [ 0.24498594  0.06968725  0.01055974  0.3459551   0.3624816  -0.37825567
  -0.2917529   0.12065606 -0.40915382 -0.371196  ]
 [ 0.60748947 -0.03675486 -0.6129721   0.09768119  0.4688074  -0.14051852
  -0.40791228 -0.39137688 -0.1992991  -0.3981295 ]
 [ 0.02926511 -0.14489587 -0.12205275  0.20127529  0.33091405  0.00223898
  -0.4306294  -0.15189682  0.24566813 -0.2585233 ]
 [ 0.1991144   0.11633655 -0.10901771  0.40248162  0.39699915 -0.05692076
   0.32370684  0.33947745 -0.30513403 -0.09308594]
 [ 0.05207757  0.42185527  0.45301738  0.52515143 -0.27632803 -0.00651391
   0.4643785   0.09541425 -0.40789846 -0.04574924]
 [ 0.09696145  0.34585664 -0.12837279 -0.15790506 -0.11813821  0.4467557
   0.19585806  0.13393125 -0.4310577   0.09809702]
 [ 0.46764666  0.16320418  0.36873063  0.33137757  0.10601471 -0.42324835
  -0.10873101 -0.14426163 -0.39540693 -0.40648523]
 [ 0.8021546  -0.39840168 -0.22947788 -0.23262908  0.2954369  -0.25492594
   0.12413457 -0.0447493  -0.25867206  0.03397376]
 [ 0.23864627 -0.15046285  0.3517603   0.04060305  0.4525639  -0.23112084
  -0.1227008  -0.17250285  0.19011071  0.02573336]
 [ 0.12763    -0.0651127  -0.12564416  0.16827117  0.1923371  -0.3815602
   0.0900794   0.2910641  -0.16225149 -0.2015431 ]
 [ 0.11461679  0.31018242 -0.1353545  -0.30204144  0.17866863 -0.12732048
   0.20439468  0.34851858 -0.00771349 -0.4221425 ]]
Peso 2:
[ 1.2466874  -0.05156011 -0.17264187 -0.15627097  0.17069344 -0.00636965
  0.07760798 -0.07524926  0.00176571  0.03520256]
Camada: saida
Peso 1:
[[-2.015424    2.0360272 ]
 [ 0.32973588 -0.40918896]
 [ 1.0742906  -1.4576603 ]
 [ 0.18356344 -0.7971632 ]
 [ 0.05140913  0.8253652 ]
 [ 0.05299941 -0.09134199]
 [-0.47121343  0.15995593]
 [ 0.77952534 -0.00539823]
 [-0.14309749  0.00667197]
 [-0.09667263  0.45183244]]
Peso 2:
[-0.35237193  0.35237327]



pesos modelo: 
Test loss: 0.4881, Test accuracy: 0.8422
Camada: meio
Peso 1:
[[-2.22362891e-01  5.52285910e-02 -2.40622297e-01 -2.99689800e-01
   1.95378304e-01  7.13781714e-02 -2.10494041e-01 -2.97530293e-01
  -1.46218717e-01 -7.95912743e-03]
 [ 5.84620796e-02  3.63142639e-01  5.30848354e-02 -1.57577112e-01
  -3.50111246e-01 -2.76294369e-02 -3.03680807e-01 -3.42969686e-01
  -1.62506223e-01 -8.45663026e-02]
 [-1.09767856e-03 -1.48303166e-01 -1.39638871e-01  4.50535938e-02
  -3.67354542e-01  1.07806221e-01 -3.35633129e-01 -1.98572755e-01
   1.69079348e-01 -2.08435819e-01]
 [ 7.48232603e-02  2.96030819e-01  2.82486916e-01  1.23826869e-01
   1.58958554e-01  1.03227101e-01  1.85633391e-01 -9.70730260e-02
   3.20882738e-01 -6.54759184e-02]
 [ 8.85124683e-01  3.01823139e-01 -4.59565461e-01  7.64118284e-02
   2.46725008e-01  1.67297886e-03  2.00934455e-01 -1.68788984e-01
   3.49235758e-02 -2.24368095e-01]
 [ 4.76520151e-01  5.58685362e-02  4.67689604e-01  1.80226088e-01
   3.35741758e-01 -2.71857172e-01 -3.76081556e-01  7.49443471e-02
   4.20999616e-01  5.84423065e-01]
 [ 1.15537119e+00  1.41870666e+00 -1.82630509e-01 -1.62286794e+00
   2.43243319e-03 -3.29175949e-01 -4.43351358e-01  8.89658257e-02
  -1.39538109e+00 -2.15650499e-01]
 [-8.72942135e-02  3.37424845e-01 -1.05523430e-01  2.41975412e-01
   9.16540623e-02  1.06678002e-01 -6.65106922e-02  7.56540820e-02
   1.92333430e-01 -9.07330289e-02]
 [ 4.80904281e-01 -1.34731606e-01  2.04938855e-02  3.01947236e-01
  -4.29119170e-01  5.06250970e-02 -4.99800928e-02 -2.43627399e-01
   1.36118561e-01  1.31650195e-01]
 [ 9.08643566e-03 -1.53288260e-01  1.51390687e-01  9.63614285e-01
   3.02593648e-01 -1.63555756e-01  4.18827534e-01  2.04467475e-01
   4.50471461e-01 -6.16698749e-02]
 [ 3.23241025e-01  2.52055138e-01  1.75745770e-01  9.47679207e-02
   2.72450745e-01 -2.05070794e-01 -6.36789156e-03 -1.58303529e-01
   4.86435443e-01  5.28489351e-01]
 [ 7.45460093e-02  8.30391049e-02  8.76961946e-02 -6.97571561e-02
  -3.23588252e-01 -1.21908680e-01 -2.06777100e-02 -6.21813610e-02
   4.68325406e-01 -4.28795218e-01]
 [ 6.92883849e-01  4.07916635e-01 -3.31001878e-01  3.20200548e-02
  -2.78788758e-03 -4.05609131e-01  4.20587420e-01 -4.56618637e-01
  -9.84806791e-02 -9.48865935e-02]
 [-2.52052307e-01 -1.06576107e-01 -2.34343763e-02  1.80797383e-01
  -3.39057803e-01 -3.17635871e-02  1.00544736e-01 -3.78233254e-01
  -2.72237331e-01 -2.26551175e-01]
 [ 2.81925887e-01 -2.01087624e-01 -1.51419744e-01  2.37505421e-01
  -3.84173393e-01 -2.14230686e-01  1.24557555e-01  1.87290803e-01
  -6.43859478e-03  4.69753332e-02]
 [ 1.57967564e-02 -3.49935293e-01  2.42885783e-01  1.01800609e+00
  -3.57659370e-01  1.77523308e-02  3.19046676e-02  3.08340904e-03
   2.44251534e-01  8.76871496e-03]
 [-1.26138538e-01  1.92434937e-01 -1.07465714e-01  1.48533732e-01
  -3.46632451e-01 -1.58821866e-02  4.70829085e-02  1.73194617e-01
   1.31579205e-01 -3.11691135e-01]
 [-1.17291488e-01  2.11092934e-01  2.64567345e-01  2.06633091e-01
  -2.65042484e-01 -2.42702886e-01  3.67856473e-01  1.77094370e-01
  -2.30360050e-02 -3.98728162e-01]
 [-2.60998700e-02  1.60015523e-01  4.44468737e-01 -1.07005291e-01
  -2.54625589e-01  3.74600589e-02  5.74421026e-02  2.94119954e-01
   3.88072789e-01 -3.78838241e-01]]
Peso 2:
[-0.24725492 -0.27032402  0.20355186  1.072504    0.02296312 -0.02357818
  0.2580832  -0.08887216  0.855537    0.16382623]
Camada: saida
Peso 1:
[[ 0.9711118  -1.0427444 ]
 [ 0.7152016  -1.4216826 ]
 [-0.24591736  0.43111137]
 [-1.6913508   1.5166634 ]
 [-0.436863   -0.18774705]
 [ 0.4014761   0.06683391]
 [-0.50486237  0.2405833 ]
 [ 0.355206    0.0159739 ]
 [-1.1602538   1.303276  ]
 [-0.5935356   0.72976977]]
Peso 2:
[-0.22173397  0.22173409]



pesos modelo: 
Test loss: 0.6783, Test accuracy: 0.7973
Camada: meio
Peso 1:
[[ 0.13557887  0.10068679  0.31365567  0.4298405   0.04679644  0.05449808
  -0.33517098 -0.160227    0.39371955 -0.42795926]
 [ 0.20857833 -0.18812813  0.49756864  0.19923577  0.22153026  0.11386174
   0.262181    0.04358603 -0.16941571  0.40295485]
 [ 0.44873795  0.2187379   0.02574951  0.23945     0.06744612  0.19187552
  -0.01384477  0.01816006  0.27253857 -0.31797966]
 [ 0.11941462  0.21255875  0.19956623  0.01415141  0.16031359  0.12341658
   0.04612262  0.14418416  0.2664166  -0.1454217 ]
 [ 0.4731414  -0.11399914  0.37849194  0.3218276  -0.30571923 -0.10423059
   0.17143367 -0.01698504 -0.00302297 -0.4332772 ]
 [ 0.0595035   0.23856626  0.44230545 -0.18016629  0.43874127 -0.3545144
   0.23033732 -0.43692264  0.40361986  0.38883808]
 [ 0.6878462  -1.1954793   1.9496286   0.05916709 -0.62744176 -0.60336083
  -0.80676425 -0.3329702  -1.1337135  -0.13409767]
 [ 0.05498386  0.12193768 -0.12819786  0.17785999 -0.24517016  0.5178799
  -0.21885818  0.07533843 -0.04146309  0.03598292]
 [ 0.4268534   0.37845534  0.09277457  0.04225012  0.18109973 -0.07537578
  -0.20821115  0.36887154  0.37120408 -0.1377618 ]
 [-0.4213735  -0.01024567 -0.5182239  -0.07151017  0.43005478  0.08104675
   0.5134025  -0.07607824  0.80038583  0.52109265]
 [-0.24345036  0.19321385  0.0460378   0.27816707  0.43396878  0.33257246
  -0.20191894  0.21844766 -0.13625698  0.41550097]
 [-0.16400485  0.0709216  -0.1504122   0.28216764 -0.25763112  0.08370505
  -0.2944479   0.06378179  0.10861864 -0.11048444]
 [ 0.24236085  0.07766218  0.4851424   0.21370602  0.13569212 -0.36582422
   0.3280131   0.17252286 -0.25030115 -0.0318213 ]
 [-0.19736733  0.17443848  0.22387262  0.23849191 -0.1077324   0.34806305
   0.06266031 -0.16332261  0.21062632 -0.30737945]
 [ 0.31310508  0.20659044  0.0812287  -0.33971822  0.1584318   0.35179588
   0.43050236 -0.09901045 -0.04060186  0.38704777]
 [ 0.00656895  0.7728121  -0.1267397   0.16189107  0.17483854  0.2919262
  -0.24776621  0.06618629  0.97628176 -0.06326234]
 [-0.04974045  0.292478    0.06653602 -0.4375945  -0.2801356  -0.15652363
   0.11192041 -0.43349737  0.14209837 -0.4332236 ]
 [ 0.16014314 -0.02886811 -0.03078806  0.40858108  0.19285259  0.44253862
   0.40401757 -0.39755008 -0.02450528 -0.08467443]
 [-0.04828542 -0.18846513  0.18432361 -0.21660745  0.24661264 -0.272399
  -0.28832    -0.23071519  0.57878983  0.34537822]]
Peso 2:
[-0.20722166  0.7182248  -0.5534342  -0.02176151  0.27312753  0.25026363
  0.36573073 -0.14919917  0.9223944   0.08023911]
Camada: saida
Peso 1:
[[ 0.66134995 -0.63090897]
 [-1.3071935   0.80111283]
 [ 1.626283   -1.5308377 ]
 [-0.41548803 -0.47478288]
 [-0.16183649  0.6888369 ]
 [-0.15588118  0.69138247]
 [-0.12260933  1.0589522 ]
 [ 0.16425373 -0.14796136]
 [-1.2976346   1.3959163 ]
 [ 0.17849629  0.81076413]]
Peso 2:
[-0.28454247  0.2845427 ]



pesos modelo: 
Test loss: 0.3315, Test accuracy: 0.8703
Camada: meio
Peso 1:
[[-1.79488242e-01 -4.49371338e-03  2.41465449e-01  4.08852220e-01
   3.38658750e-01  3.92468095e-01 -8.92760158e-02  3.77354324e-01
   4.28135514e-01  1.25281751e-01]
 [-1.45422993e-02  1.22938886e-01 -3.65606517e-01  1.28731325e-01
  -1.09706884e-02  4.31889683e-01  3.42104346e-01 -2.24772707e-01
  -1.29116625e-01  2.82864332e-01]
 [-3.08796354e-02 -1.08607925e-01  2.88138598e-01  8.39520767e-02
   2.46678703e-02  2.70682961e-01  4.89307225e-01  1.28396034e-01
   4.03380126e-01 -7.99925104e-02]
 [ 4.27235901e-01  4.03501511e-01 -3.42441142e-01 -1.95759580e-01
  -3.08945775e-01  6.26763627e-02  3.89025658e-01  2.56557405e-01
  -2.53742695e-01  2.93281168e-01]
 [ 4.93809998e-01  3.79359663e-01  7.52458954e-03  7.47174859e-01
   2.99262434e-01  2.13623866e-01  6.62781671e-02  1.25732109e-01
  -1.63514763e-01 -6.21965481e-03]
 [ 3.72720987e-01  2.73970068e-02 -2.68277526e-01 -1.09071925e-01
   2.67534167e-01  1.12909287e-01 -8.51614177e-02  4.25035954e-01
   8.95642266e-02  1.56267688e-01]
 [ 1.29641962e+00 -5.77225626e-01  7.38543645e-02  1.07503116e+00
  -3.06738555e-01  1.15834486e+00 -8.06063831e-01 -1.86296475e+00
   5.12668788e-01  7.16948748e-01]
 [ 2.31193937e-02  2.50389390e-02 -3.06551963e-01 -3.15724947e-02
  -6.26995862e-02  8.76083896e-02 -3.25170249e-01  3.82787317e-01
   4.50449497e-01  7.79619887e-02]
 [ 4.11750197e-01  3.57370019e-01 -4.16667432e-01 -2.81351395e-02
   3.80751163e-01  2.29447082e-01  3.02763820e-01  3.39953572e-01
  -3.59611720e-01  1.93037480e-01]
 [ 1.19921133e-01  1.05347164e-01  5.91302693e-01 -5.76724291e-01
  -1.92994326e-01  1.32432446e-01  1.85545266e-01  6.77150190e-01
   2.80641556e-01 -3.15373123e-01]
 [ 2.36728072e-01 -2.23805457e-01  7.56178349e-02  1.97714821e-01
   4.37445879e-01  1.80583566e-01 -2.92329967e-01  6.09596133e-01
   1.73199624e-01  1.87100530e-01]
 [-2.81800777e-01 -1.94732383e-01  4.96023357e-01  3.33623201e-01
   3.01591903e-01 -2.50485361e-01  1.93801388e-01 -1.24348000e-01
  -1.41312793e-01 -3.56510609e-01]
 [-1.01849429e-01 -4.08781841e-02 -1.78112358e-01  2.79947340e-01
  -3.57203931e-01  6.63092360e-02 -4.02955204e-01  3.99022438e-02
  -6.20544815e-05  5.06257415e-01]
 [-3.87272239e-02  1.94840461e-01 -2.85222977e-01  1.79607794e-01
  -1.45061761e-01  1.34460419e-01  5.21768071e-02  3.73616219e-01
   2.88661152e-01  1.40879825e-01]
 [ 9.01082903e-02 -3.68169695e-02  1.35299265e-01  2.48748854e-01
   4.74242955e-01 -2.86348253e-01 -2.39608616e-01  1.98388800e-01
   4.09379005e-01 -1.50663033e-01]
 [-5.26323378e-01  9.51583032e-03 -1.90026641e-01 -5.46672761e-01
  -2.33640566e-01 -3.44709963e-01  1.18185356e-02  7.74279356e-01
   2.29258537e-02  1.98881328e-01]
 [ 1.29498929e-01 -8.08364153e-02  2.15835631e-01 -1.50372103e-01
  -2.72990465e-01  2.09420294e-01  3.43985409e-01  5.77363037e-02
  -2.03163281e-01 -2.83287972e-01]
 [-7.55738243e-02 -2.39906907e-01  3.65783274e-01  2.39909142e-01
   1.10363485e-02  2.36867756e-01  3.32067132e-01  4.53575820e-01
   3.20324987e-01  4.19115722e-01]
 [ 1.33193851e-01  4.28959936e-01  3.31336677e-01  3.95742863e-01
  -1.10300206e-01 -1.40182823e-01  4.50594157e-01  2.18044609e-01
   1.79150790e-01  1.21069938e-01]]
Peso 2:
[-0.12226022  0.2193455   0.20598975 -0.36516842  0.11394437 -0.22791871
  0.35791284  1.0246471  -0.04573538 -0.2121573 ]
Camada: saida
Peso 1:
[[ 1.1003109  -0.63510346]
 [-0.36845696  0.4573849 ]
 [-0.31554276  0.5552043 ]
 [ 0.6615835  -1.3342311 ]
 [-0.6286886  -0.05621577]
 [ 0.91141266 -0.67035943]
 [-1.12227     0.05123918]
 [-1.1040432   2.255539  ]
 [ 0.21455444 -0.06233069]
 [ 0.86860853 -0.30910876]]
Peso 2:
[-0.4830984   0.48309895]



pesos modelo: 
Test loss: 0.6677, Test accuracy: 0.8076
Camada: meio
Peso 1:
[[ 2.90148079e-01 -1.04039729e-01  1.22891963e-02 -5.44579625e-02
   3.94789100e-01  3.81166637e-02 -8.08418691e-02 -3.93918574e-01
  -2.67801881e-01  1.03808880e-01]
 [-6.44558743e-02 -3.59099388e-01  1.21212460e-01  4.83385295e-01
   3.79341662e-01  6.19738027e-02  3.50874215e-01  2.26533964e-01
  -4.56202686e-01  3.41495216e-01]
 [ 3.25016499e-01 -9.32154339e-03  3.26458663e-01  1.53260782e-01
  -2.51326382e-01 -2.58035548e-02 -3.65424156e-01  1.46010086e-01
   1.84742123e-01  6.66564032e-02]
 [-2.86964420e-03  3.91152084e-01  2.34526962e-01  2.69852370e-01
  -1.01472810e-03  3.33379686e-01  2.84682006e-01 -8.30304995e-03
  -3.93845960e-02  1.72576696e-01]
 [-4.55576748e-01 -3.08445901e-01 -1.39059186e-01  1.29986972e-01
   3.80867153e-01  3.49932313e-01 -1.08805761e-01 -2.29238704e-01
   2.87864655e-01  2.25375041e-01]
 [ 2.84345239e-01  5.31625390e-01  2.94597864e-01  1.41019970e-01
   2.84134805e-01 -3.10911238e-01  2.10730299e-01  2.13910192e-01
  -1.42907441e-01 -2.49740392e-01]
 [ 1.89931765e-01 -4.98906225e-01 -1.23504269e+00  2.21867394e+00
   1.04698789e+00  3.45509797e-02 -5.33742234e-02  1.12109065e-01
  -3.48832428e-01 -8.48763347e-01]
 [ 3.11418414e-01  1.78083092e-01  1.63786769e-01 -1.21372551e-01
   1.71048254e-01  2.01820880e-01  1.55367866e-01  3.01661402e-01
  -4.31930572e-01 -1.85426757e-01]
 [-2.18151957e-01 -2.85611413e-02  4.99017477e-01  2.15871438e-01
   1.16989225e-01  1.69948727e-01 -3.86984169e-01 -1.12325400e-01
  -2.52417415e-01  3.92060637e-01]
 [-3.67649853e-01  3.31653357e-01  4.54127133e-01 -6.78211629e-01
  -5.86169004e-01 -1.14885800e-01  4.19588834e-01 -2.48649091e-01
   1.53677151e-01  1.04931675e-01]
 [ 2.33975753e-01  2.76405662e-01  9.87140089e-02  1.84697717e-01
  -1.87399015e-01 -3.81579101e-01 -8.10055211e-02  4.32212383e-01
   9.00172740e-02  1.40515149e-01]
 [ 7.41273612e-02 -6.61889538e-02  3.27092439e-01  1.47554472e-01
   1.05970755e-01  9.13845003e-02  3.22943062e-01  1.27307355e-01
   9.49711204e-02  3.55651766e-01]
 [ 3.06675196e-01 -3.28064352e-01 -8.68664533e-02  4.41675246e-01
   2.74413228e-01  1.21627644e-01  1.81224972e-01  3.53746623e-01
  -4.90706898e-02  2.74416715e-01]
 [ 3.96499515e-01  3.51713836e-01 -2.93911751e-02  5.38606057e-03
   1.01890691e-01 -3.95603806e-01 -2.58567363e-01 -3.62766117e-01
  -4.59818423e-01  2.82566309e-01]
 [ 8.10369104e-02  5.68028986e-01 -2.78837115e-01 -1.34878635e-01
   3.55896592e-01 -3.12190950e-01  1.92460507e-01 -3.19226146e-01
  -9.17076599e-03  2.71985620e-01]
 [ 6.80356026e-02  3.03808242e-01  4.70711827e-01 -4.77907836e-01
  -6.19121671e-01 -4.30227786e-01  5.61184287e-01 -1.22250400e-01
  -4.68278825e-01  3.19449693e-01]
 [ 3.07934374e-01 -1.00383982e-01  5.56532025e-01 -2.91830935e-02
   2.92118371e-01  2.87080985e-02 -4.45902407e-01  4.55631465e-02
   9.40343812e-02  6.77603707e-02]
 [ 1.11221187e-01  1.22122012e-01  1.65104434e-01  8.32674280e-02
  -4.23887335e-02  4.32736799e-02  1.98389515e-01  1.10179894e-01
  -4.56586689e-01  8.75836909e-02]
 [ 1.86804328e-02  6.00618184e-01  2.49746025e-01  1.90317377e-01
   2.66063213e-01 -1.84307292e-01  2.45818913e-01 -1.44834161e-01
  -4.47285026e-01 -1.25098586e-01]]
Peso 2:
[-0.00551439  0.6727429   0.8533775  -0.59104764 -0.4699103  -0.13956332
  0.11243349 -0.02971737 -0.2116295   0.28449473]
Camada: saida
Peso 1:
[[-0.24487165 -0.26920938]
 [-0.41712803  1.2118522 ]
 [-1.4658996   1.0776838 ]
 [ 1.438167   -1.8871913 ]
 [ 1.3545426  -0.48195633]
 [ 0.42899838 -0.4148384 ]
 [-0.48050937  0.15305911]
 [ 0.40558657  0.3489136 ]
 [ 0.5487578  -0.6058283 ]
 [-0.57294434  0.58776194]]
Peso 2:
[-0.5239736  0.523977 ]



pesos modelo: 
Test loss: 0.8639, Test accuracy: 0.7641
Camada: meio
Peso 1:
[[ 1.31184518e-01 -4.52795416e-01 -9.20965970e-02  5.04477024e-02
   3.56207490e-02 -7.53171742e-02  4.02370095e-03 -3.52552533e-01
   3.03905249e-01 -3.89676452e-01]
 [ 4.20258552e-01  1.57132134e-01 -3.13149602e-03 -5.21705627e-01
  -5.63564599e-01 -1.27898172e-01  1.76472127e-01 -1.87238380e-01
  -9.46676284e-02  4.03101087e-01]
 [-8.97853822e-02 -3.32919671e-03 -1.10598274e-01  3.28857243e-01
  -1.54295996e-01  1.41978800e-01  4.65830900e-02  2.51788408e-01
  -2.54971147e-01 -2.20731162e-02]
 [-4.34769094e-01 -1.85926676e-01  3.50812614e-01  2.50900358e-01
  -4.00871746e-02  5.43976389e-02  2.30586231e-01  2.86970794e-01
   2.11569950e-01  3.17423999e-01]
 [-3.51246923e-01  2.03061029e-01 -2.96334326e-01 -2.21024632e-01
   4.94748026e-01 -1.47779956e-01 -3.10319901e-01  4.21077102e-01
  -3.97385582e-02  6.77601874e-01]
 [ 3.47890332e-02  3.52927446e-01  2.77464122e-01  1.41275182e-01
   2.34382555e-01 -3.73551667e-01  2.24912971e-01 -8.35083053e-02
  -2.67195523e-01  5.59470505e-02]
 [-1.51833579e-01  8.20286632e-01 -4.09977883e-01 -4.66655880e-01
  -4.90423143e-01  1.80514238e-03 -1.83501697e+00 -7.29814470e-01
  -1.99693948e-01  1.72150338e+00]
 [-3.00689954e-02  1.16935290e-01  1.40694037e-01  6.06905930e-02
   1.28227293e-01 -3.09097677e-01 -9.49499831e-02  3.72698426e-01
   1.26374036e-01 -6.87300339e-02]
 [-1.12923384e-01 -3.00360829e-01 -8.28756317e-02  2.90385246e-01
   1.00589097e-01  2.84939528e-01  1.51958153e-01  2.50548065e-01
  -1.46046564e-01  3.71188194e-01]
 [-3.02123517e-01 -4.04793829e-01  5.02106547e-02  3.71534586e-01
   6.09522939e-01 -3.95001888e-01  8.51122379e-01  8.01458284e-02
  -3.15656990e-01 -3.19945514e-01]
 [ 3.98221284e-01 -8.68126974e-02 -1.20672956e-01 -2.91157179e-02
   1.86207548e-01  3.75696748e-01  2.52007574e-01  1.01966225e-01
   1.40239537e-01  3.14356983e-01]
 [-4.02081132e-01 -2.93687712e-02  2.85752624e-01 -1.63541034e-01
   2.60843098e-01  1.47345304e-01 -6.64258376e-02  1.29199758e-01
  -3.99511814e-01 -9.02309120e-02]
 [ 2.96991885e-01  1.36734605e-01 -4.63619381e-01  5.29162049e-01
  -4.60487008e-01 -2.53014952e-01  1.54582724e-01 -6.01185679e-01
  -3.14200222e-02  3.51521045e-01]
 [ 9.03056562e-02  4.84866887e-01 -4.62730974e-01  1.98076323e-01
   1.83745041e-01 -2.25939631e-01  4.32098098e-02  1.58511758e-01
   8.21602419e-02 -1.95167348e-01]
 [-1.72779247e-01  4.55575854e-01 -1.29185095e-01  3.56362075e-01
   3.18769038e-01 -2.70121545e-01  4.33175862e-01 -7.05348626e-02
  -5.42270243e-02  3.57337981e-01]
 [ 8.62146243e-02  8.63394737e-02  5.01073599e-02 -1.27232030e-01
   4.50521410e-01 -8.20446387e-02  8.59411180e-01  3.27253491e-01
   4.68946621e-02 -3.73885959e-01]
 [-3.54953974e-01  2.98465729e-01 -2.23291218e-01 -3.42710644e-01
   3.03636968e-01  3.73510569e-01  4.30102907e-02 -5.51891774e-02
  -3.57840993e-02 -1.67779937e-01]
 [-2.52707034e-01 -1.39788374e-01  2.89799422e-01  1.17790990e-01
  -1.92027450e-01 -2.86034852e-01  2.17943773e-01 -2.62824353e-02
  -5.19186258e-02  4.06927168e-02]
 [-7.96320885e-02 -2.71993037e-02 -4.11229841e-02 -1.63340122e-01
  -5.74004687e-02 -3.36320668e-01  3.76268864e-01  7.02482760e-02
  -9.70229283e-02  2.64153540e-01]]
Peso 2:
[ 0.01425415 -0.01715471 -0.12590796  0.1674744   0.4889912   0.02714931
  1.2061638   0.51427263 -0.19327869 -0.30219018]
Camada: saida
Peso 1:
[[-0.2215498  -0.06846556]
 [ 0.18469076 -0.9816851 ]
 [-0.34247836 -0.4659123 ]
 [-0.24492294  0.5508338 ]
 [-0.7816221   0.82625276]
 [ 0.03913834  0.65554094]
 [-1.920946    1.6451626 ]
 [-0.7858436   0.84420824]
 [ 0.52622867 -0.59756136]
 [ 1.2140347  -1.5249032 ]]
Peso 2:
[-0.0683241   0.06832562]



pesos modelo: 
Test loss: 0.3742, Test accuracy: 0.8667
Camada: meio
Peso 1:
[[-3.43661308e-02  2.46016741e-01 -3.31131995e-01 -3.28424931e-01
   2.66439795e-01 -1.72002792e-01  6.17651343e-02 -4.49877441e-01
  -2.42941871e-01 -4.49187845e-01]
 [-1.41261026e-01  3.93318653e-01  5.97978495e-02 -3.75280455e-02
  -9.45169628e-02 -3.03604245e-01  2.03100264e-01  2.30128109e-01
   2.29326859e-01 -3.51621360e-01]
 [-1.28991976e-01 -1.55446067e-01  3.29409868e-01  9.60656926e-02
  -9.62900147e-02  3.99237871e-02  3.76516253e-01 -2.50136048e-01
  -1.73135370e-01  2.57244885e-01]
 [ 1.34408593e-01 -8.03928301e-02  2.72665888e-01 -2.49058038e-01
   7.35894665e-02 -8.32133889e-02  1.51698634e-01  3.07783842e-01
  -1.88550130e-01  2.34283820e-01]
 [-3.00551474e-01  5.04867435e-01  6.51324838e-02  3.60362202e-01
  -2.95852065e-01  4.63865370e-01  4.77082431e-01  3.03302854e-01
   3.96632940e-01 -4.77049142e-01]
 [ 2.53436297e-01 -1.93318635e-01  3.60142797e-01 -3.68306577e-01
   1.96869925e-01 -7.46157989e-02  1.45698220e-01 -1.45520478e-01
   4.56252992e-01 -4.98131484e-01]
 [ 1.77051380e-01  1.15286887e+00 -1.87028778e+00  1.32770523e-01
   4.34942842e-01 -5.71009994e-01  1.54305768e+00  4.89495248e-01
   8.21486592e-01 -1.54841449e-02]
 [-4.81346160e-01 -2.76760962e-02  3.83107275e-01 -1.99586794e-01
  -2.02316955e-01  3.96254718e-01  2.05972284e-01  1.32727012e-01
   3.35802436e-01 -4.31840807e-01]
 [ 1.40039846e-01  1.78548858e-01 -9.52692144e-03  1.15055665e-01
   1.69780493e-01  4.05316442e-01 -1.00798994e-01 -3.15612495e-01
   7.39279464e-02  1.00271203e-01]
 [ 2.47687563e-01 -1.27129853e-01  7.68354237e-01 -1.54707685e-01
  -2.41982818e-01 -1.86276093e-01 -4.63503301e-01 -9.85897928e-02
  -4.38149601e-01 -2.59230554e-01]
 [ 4.35730040e-01  2.51748506e-02 -4.06198204e-02 -1.36755049e-01
   1.48888722e-01  4.44158256e-01 -2.67302711e-02 -2.08975509e-01
   5.20282984e-02 -1.28207415e-01]
 [-3.86613399e-01  1.39994115e-01  1.55483618e-01  3.25711906e-01
  -2.07349747e-01  3.41475964e-01 -1.18860053e-02  9.13114026e-02
   3.70071381e-02 -3.64337713e-02]
 [ 6.49644732e-02  6.16164207e-01  1.81188300e-01  4.25983742e-02
  -4.19328451e-01 -1.27884492e-01  5.16813457e-01  2.21792370e-01
   1.55956056e-02  2.22592980e-01]
 [ 1.35411203e-01  7.12255132e-04  2.10529864e-01 -2.53619134e-01
   1.92754262e-03 -2.31504560e-01 -3.70627008e-02  2.04010412e-01
   4.04176349e-03  1.75742224e-01]
 [-2.01228708e-01 -4.43975106e-02  2.96192169e-01 -2.09296748e-01
   1.75565109e-01 -1.71810940e-01  1.23003073e-01  1.95875227e-01
  -5.79959229e-02 -3.48565429e-01]
 [-2.23044261e-01 -5.41835316e-02  7.08390892e-01 -2.13646144e-01
  -2.37177998e-01 -1.15917772e-02 -8.02896023e-01  2.46528104e-01
   1.76560596e-01  1.30661726e-01]
 [-3.90150771e-02 -1.38436526e-01  1.01433598e-01  9.74931009e-03
  -2.53084153e-01  3.86328757e-01  1.40326396e-01 -6.37767836e-02
   7.47800544e-02  1.54310763e-01]
 [ 3.26427519e-01 -2.57698506e-01 -2.95209438e-02 -3.71596187e-01
   1.45507872e-01  2.57480852e-02 -2.57716253e-02  5.92308864e-02
  -1.04210965e-01 -1.28478944e-01]
 [ 6.96777329e-02  1.34165853e-01  4.67715681e-01 -4.56899375e-01
  -4.33338553e-01 -2.54121780e-01  1.30757347e-01 -4.24812064e-02
   2.01897800e-01  1.77027419e-01]]
Peso 2:
[ 0.01287897 -0.33347318  1.0475186   0.00222286  0.00124973  0.35324088
 -0.5482429  -0.09090775 -0.21358472 -0.27962786]
Camada: saida
Peso 1:
[[-0.20269158  0.05248326]
 [ 0.92648506 -0.7680112 ]
 [-1.9693649   1.3854789 ]
 [-0.21612635 -0.0754007 ]
 [ 0.34273577  0.5109511 ]
 [-0.33740854  0.9015979 ]
 [ 1.5759333  -1.2950897 ]
 [-0.28789037 -0.77745557]
 [ 0.72526413 -0.39325494]
 [ 0.4602164  -0.5105194 ]]
Peso 2:
[-0.59879464  0.5987956 ]



pesos modelo: 
Test loss: 0.3235, Test accuracy: 0.8755
Camada: meio
Peso 1:
[[-0.24965625 -0.00543588 -0.4095759   0.2825601  -0.39277923 -0.42447227
   0.19693506 -0.28560472  0.43148172  0.41725338]
 [-0.17989045  0.6702032   0.11144112  0.28205225  0.15746595  0.49624893
  -0.30445182  0.05241783  0.33266693 -0.2128229 ]
 [ 0.38938525  0.04707203 -0.29670897  0.09801701  0.17544584 -0.0950091
  -0.18418278 -0.30242845  0.34611142  0.12287838]
 [-0.08199917 -0.14813447 -0.30650803  0.40795368  0.13163559 -0.29326102
   0.02545804 -0.32428268  0.16531065 -0.07586633]
 [-0.22446834  0.50628936 -0.32677907 -0.01312565 -0.22085889  0.10393561
   0.4447381  -0.16001378  0.0347015   0.01704688]
 [ 0.3028892   0.05848484  0.06577576 -0.40488353  0.09992055 -0.15445662
   0.22933766  0.18990624 -0.04149501 -0.41591564]
 [-0.97138387  2.3527794  -0.1920064  -0.29637307 -1.1760567  -0.687907
  -0.5091027  -0.18162583  0.12122323  0.2024784 ]
 [ 0.39702743 -0.03175132 -0.46751213 -0.3871471  -0.21704228 -0.20651731
   0.48683003  0.2697518  -0.45740446  0.32842588]
 [-0.25646043  0.1332696  -0.08494164  0.43892688  0.33602917  0.1551766
   0.19843763  0.41788796 -0.44179317  0.33585346]
 [ 0.29487225 -0.5739647   0.25499135 -0.15297695  0.48548803  0.03226768
   0.15610133 -0.31474292  0.52327687 -0.08534379]
 [ 0.448423    0.2776524  -0.0521655  -0.28962252  0.32382277  0.01389126
   0.15349734 -0.00525944 -0.4555461   0.08505224]
 [ 0.3671797  -0.07715808  0.22666459 -0.24015903 -0.08953156 -0.05764777
   0.06256439  0.39553684 -0.18967155 -0.10280887]
 [ 0.18889803  0.46424922 -0.21937619 -0.4600319  -0.10244952  0.27558604
  -0.2167107  -0.25882527  0.29319215 -0.06241367]
 [-0.11991204 -0.10410888  0.08054977 -0.3273102   0.10519072  0.28264934
   0.01946986 -0.25328967 -0.31601697 -0.09432969]
 [-0.15464951  0.01756928 -0.23929031  0.01461955  0.56308824 -0.2992532
  -0.13973899 -0.26840276 -0.3799609  -0.03749949]
 [-0.11049183 -0.56081957 -0.31339097 -0.41015556  0.6947602   0.24497493
   0.20492949 -0.17813839  0.06162071  0.25934327]
 [ 0.3100965   0.3168467   0.18550985  0.273925   -0.01071909  0.43189356
   0.5240366  -0.11973221 -0.03122205 -0.42358026]
 [ 0.40021917  0.19070442 -0.10988599  0.4277948   0.29738116  0.2393592
  -0.26139182  0.16719586 -0.12519518 -0.15342632]
 [ 0.36036065  0.11338819  0.3014402  -0.09928496  0.34976283 -0.16269149
  -0.18526891 -0.3439986   0.16929398 -0.14369206]]
Peso 2:
[ 0.4561151  -0.60047436 -0.10028929  0.08504483  0.83507574  0.30362457
  0.5130392   0.00736112  0.01122044 -0.0041282 ]
Camada: saida
Peso 1:
[[-0.5751112   0.8941576 ]
 [ 2.243847   -1.4191909 ]
 [ 0.23749772 -0.12009399]
 [-0.49971724  0.6697631 ]
 [-1.1642017   1.3319467 ]
 [-0.3766734   0.76482606]
 [-0.96306944  0.72268915]
 [-0.42647287 -0.3302817 ]
 [-0.02641496  0.49914807]
 [-0.6449147  -0.28047457]]
Peso 2:
[-0.44817588  0.44817808]
