


pesos modelo: 
Test loss: 0.4003, Test accuracy: 0.8658
Camada: meio
Peso 1:
[[ 4.00524586e-01  4.30757731e-01 -3.73034775e-02 -1.04758143e-03
   3.03272277e-01  1.99821562e-01]
 [ 5.93932748e-01  4.14613336e-01 -9.56409648e-02  2.45400071e-02
  -3.95033032e-01  3.27222437e-01]
 [-1.84642404e-01  2.08754793e-01 -2.93292284e-01 -3.49159658e-01
  -2.33312491e-02  3.95631194e-01]
 [-2.45114733e-02  1.29680932e-01 -4.74365354e-01  2.14686662e-01
   1.19136661e-01  6.36469245e-01]
 [ 5.51092207e-01  5.47660351e-01  4.37238008e-01 -2.34246925e-01
  -3.26917201e-01  4.26315963e-01]
 [ 3.13211270e-02 -4.28152010e-02 -3.26195717e-01 -1.01305321e-01
  -3.90378416e-01  3.20084989e-01]
 [ 2.17482972e+00  1.98380244e+00 -3.56191576e-01 -4.07748580e-01
   2.19799988e-02 -8.09007585e-01]
 [-9.11668986e-02  1.49668172e-01  5.23725510e-01  1.53546810e-01
  -1.21982023e-01  2.57150590e-01]
 [ 2.42446233e-02 -1.76819801e-01  1.68667898e-01 -2.65027344e-01
  -3.25522304e-01  3.44865918e-02]
 [-7.68856406e-01 -5.28150797e-01 -4.22297001e-01  3.12117308e-01
   1.29435420e-01 -8.98018852e-03]
 [ 5.50260115e-03 -1.56083345e-01 -2.58253574e-01  1.95483848e-01
  -2.00747699e-01  5.44499420e-02]
 [ 5.87720685e-02  1.99189648e-01  2.16029122e-01 -3.22354585e-01
  -4.21665013e-01  6.50971889e-01]
 [ 4.79950875e-01  4.10483181e-01  1.86470583e-01 -2.66727984e-01
   1.34713650e-01  6.38135243e-03]
 [ 5.39053604e-02 -1.79818884e-01  5.75214207e-01  5.74401617e-02
  -4.63774562e-01 -3.91615778e-02]
 [-9.43524539e-02  3.50648630e-03  4.09076661e-01 -4.83827174e-01
   2.64085323e-01  2.35227738e-02]
 [-4.27610070e-01 -5.68850935e-01 -2.80644506e-01 -1.70024753e-01
  -1.96427986e-01  8.04056883e-01]
 [-1.98132694e-01  1.34360611e-01 -8.56078230e-03 -2.73158886e-02
  -2.05280006e-01  1.82231888e-01]
 [ 2.40149558e-01 -1.03851072e-01 -4.41720903e-01 -3.62235367e-01
   3.80456746e-01  6.42770767e-01]
 [-1.86847270e-01 -1.15382589e-01 -3.52399349e-01 -3.32449794e-01
  -4.68443573e-01 -1.15050144e-01]]
Peso 2:
[-0.48689076 -0.48013294  0.14684765 -0.1417075  -0.02246747  0.806084  ]
Camada: saida
Peso 1:
[[ 2.2691255  -0.83914715]
 [ 1.0668428  -1.8192703 ]
 [ 0.350359    0.90583   ]
 [ 0.24450028 -0.47685012]
 [ 0.07846288 -0.20139076]
 [-1.3658724   0.56801754]]
Peso 2:
[-1.9798098  1.9798129]



pesos modelo: 
Test loss: 0.5477, Test accuracy: 0.8274
Camada: meio
Peso 1:
[[ 0.10754082  0.20810756 -0.36121     0.23369917  0.4560285   0.08985481]
 [ 0.40556774 -0.20835333 -0.48116538 -0.42083263  0.27780733 -0.19552681]
 [ 0.13673916  0.25654235 -0.11888555  0.15145667 -0.08643324  0.01671176]
 [ 0.25034022  0.3401292  -0.30798447  0.01838109  0.35274017  0.3384898 ]
 [ 0.49915078 -0.03954724 -0.15068491 -0.02691976  0.31185025  0.05651923]
 [ 0.2072029   0.33553737 -0.12500867 -0.21417129 -0.01508002 -0.12425253]
 [ 2.0777407  -2.0035293  -0.47325101  0.32906964  0.06402428  0.02454211]
 [ 0.28558642  0.4619352   0.31613046 -0.42072254 -0.16310085 -0.05592554]
 [ 0.40556777  0.53023857  0.29740608 -0.33299178 -0.17248535 -0.37013623]
 [-0.9667006   0.46426246 -0.31687927  0.27856812 -0.13714649  0.1286788 ]
 [ 0.11555216  0.23615547  0.36118194  0.28131184 -0.07309981  0.30352458]
 [ 0.23759308  0.35216355 -0.2714283  -0.3044242  -0.3655327  -0.2426927 ]
 [ 0.42604035 -0.03322925  0.08114589 -0.22016625 -0.37797448 -0.3320693 ]
 [ 0.00393649  0.14883836 -0.08896412 -0.46678317 -0.06363574 -0.15758584]
 [ 0.147963    0.31368005 -0.22513749  0.23818082 -0.0211525  -0.18622144]
 [-0.6942718   0.6408789  -0.416335   -0.16452855  0.41969243  0.06719156]
 [ 0.00738155  0.15325221 -0.23191294  0.28373143 -0.23885226  0.07014849]
 [-0.09736522  0.02142728 -0.20917587 -0.17552327 -0.0359787   0.00933696]
 [ 0.34690478  0.46278664 -0.35658643 -0.10228609  0.17373542 -0.12372915]]
Peso 2:
[-0.70415545  1.1216857  -0.04957326 -0.06897293  0.03144824 -0.12778635]
Camada: saida
Peso 1:
[[ 1.8386711  -1.6086011 ]
 [-1.9298929   1.6786828 ]
 [ 0.39710182 -0.11700698]
 [-0.13995196 -0.80728084]
 [ 0.3246551   0.70228773]
 [ 0.06117523 -0.26808783]]
Peso 2:
[-0.5188201   0.51882046]



pesos modelo: 
Test loss: 0.3858, Test accuracy: 0.8642
Camada: meio
Peso 1:
[[ 0.13985959 -0.25021026  0.4848803  -0.34790674  0.10038933  0.35505447]
 [ 0.24583182 -0.31431323  0.28420758 -0.18076847 -0.30624375  0.13025829]
 [ 0.07025435  0.12652405  0.46847326  0.22212224 -0.09941412 -0.33381212]
 [ 0.34522483  0.36890322 -0.05736269 -0.43850696  0.16671823 -0.23752229]
 [ 0.5582463  -0.1633444   0.18841167 -0.3315176  -0.12971458 -0.33636388]
 [-0.0731307   0.09034878  0.12964039  0.07418804  0.16834569 -0.28967667]
 [ 2.0647328  -1.9779714  -0.52727246 -0.48114303  0.528124   -0.45126736]
 [-0.07626197  0.03266519  0.14253223 -0.15055285  0.26234245 -0.31777203]
 [ 0.27434945  0.3355323  -0.31554943 -0.38018015 -0.30112532  0.4505827 ]
 [ 0.18117714  1.2171168  -0.09777476 -0.20307729  0.01999829  0.222082  ]
 [-0.15571178 -0.03515258  0.5155528   0.03536472 -0.36894396 -0.2855017 ]
 [-0.07257726  0.19689447 -0.44731247 -0.13889584 -0.15637656  0.17157882]
 [ 0.34600273 -0.19186997 -0.24897595 -0.48171237 -0.10146517  0.22456741]
 [ 0.18620454  0.30139855 -0.15948623  0.30391097  0.14291836 -0.41701907]
 [ 0.22955094  0.31133023 -0.13736582  0.42305392 -0.274809   -0.21563885]
 [ 0.15873408  1.1373787   0.5749841  -0.12378725  0.11738133 -0.42918998]
 [ 0.4799471   0.4552481  -0.23168014 -0.34368938 -0.14626113  0.37692773]
 [ 0.21212205  0.26444745  0.36123285  0.04294483 -0.40609276 -0.06277725]
 [ 0.2598876   0.31028363 -0.18376169 -0.39894885 -0.18777874 -0.42937297]]
Peso 2:
[-0.19547471  1.6022556   0.32210407 -0.05133262 -0.07644782 -0.01103232]
Camada: saida
Peso 1:
[[ 0.8311378  -2.0031104 ]
 [-2.0381734   2.2011936 ]
 [-0.07556093  0.87994117]
 [ 0.258673   -0.17336683]
 [ 0.66492605 -0.7930018 ]
 [-0.4078028  -0.42349857]]
Peso 2:
[ 0.16542023 -0.16541986]



pesos modelo: 
Test loss: 0.1984, Test accuracy: 0.9134
Camada: meio
Peso 1:
[[ 0.20945331 -0.1280362  -0.35007548  0.06934872  0.12718853  0.14650986]
 [ 0.3355036   0.690692   -0.10493928  0.0586903   0.43647093  0.07729666]
 [ 0.35052708  0.01260606 -0.02047547  0.13080877 -0.04455331  0.06368189]
 [ 0.37720954  0.51903665  0.38401374  0.2161407  -0.47281623 -0.03364594]
 [-0.35461992  0.56135815  0.4576278  -0.08209193 -0.23269977  0.3017825 ]
 [-0.20835659 -0.32443222  0.24202502  0.07962454 -0.4010586   0.17753735]
 [-1.2195948   1.6761345  -1.2854844  -0.46155548 -0.43565032  1.776814  ]
 [ 0.5300328   0.09507623  0.07183768 -0.31744337  0.31258413  0.13441035]
 [ 0.3798089  -0.02012108  0.16896212 -0.31149262  0.44338128  0.22557533]
 [ 0.8509115  -0.08164634  0.40483168  0.5121052  -0.42016664 -0.2050202 ]
 [ 0.2994798  -0.0826544   0.24039437 -0.3867758   0.42476365  0.24767146]
 [ 0.1681362   0.16305068  0.41527528  0.47761914  0.29409775  0.21194135]
 [ 0.03029138  0.674573    0.12863213  0.08613526  0.359687    0.08997826]
 [ 0.22763874 -0.12751503  0.01577359  0.193707   -0.14449163  0.0933302 ]
 [ 0.1188755  -0.24962878 -0.12335218 -0.01794295  0.00992655  0.00427132]
 [ 0.03618611 -0.80577767  0.3870988  -0.37096128 -0.48462576 -0.34746993]
 [ 0.24045     0.1084224   0.19096078  0.07198639 -0.4402423   0.02617935]
 [ 0.4450469  -0.04262526 -0.18755272  0.32765272 -0.41420653  0.08506408]
 [-0.01797282  0.03046938  0.30378568  0.01475423 -0.40922576  0.02734768]]
Peso 2:
[ 0.68904966 -0.39250204  0.72471195  0.2624607   0.00095081 -0.40009588]
Camada: saida
Peso 1:
[[-1.5425411   0.6286763 ]
 [ 1.7307822  -0.964242  ]
 [-1.0837885   1.3349463 ]
 [-0.02381174  0.7591571 ]
 [-0.13646391 -0.06116869]
 [ 1.5123866  -0.9877362 ]]
Peso 2:
[-0.5989702  0.5989724]



pesos modelo: 
Test loss: 0.4971, Test accuracy: 0.8333
Camada: meio
Peso 1:
[[ 0.43848386  0.04799542 -0.47560957 -0.29214606 -0.03198427 -0.15760207]
 [ 0.48985428 -0.05877024  0.27102834 -0.01918784  0.06084045 -0.10296222]
 [-0.09441356  0.09092505  0.25965077  0.22569577  0.34780186 -0.00403736]
 [-0.19233893  0.1923699   0.10893851 -0.46773174 -0.04089376  0.11855859]
 [ 0.5349403   0.41220376  0.5223086  -0.05601916  0.04807463 -0.19480674]
 [ 0.14731641  0.36147007  0.3152577   0.25767612  0.5576333  -0.26955807]
 [ 2.0796669  -0.8478375   1.6395653  -0.38768893 -0.86949104 -0.27950728]
 [ 0.19790626  0.33809325 -0.12987927  0.11644124  0.09678318  0.18936768]
 [ 0.184854    0.37521803  0.22234417 -0.49479616  0.4727995   0.04119102]
 [-0.38503012 -0.11248268 -0.5518412  -0.01804714  0.85257673 -0.4063103 ]
 [-0.10427953 -0.09061826  0.06102774 -0.36812133  0.24909328  0.36295965]
 [ 0.01222782 -0.22690514  0.01391098  0.12630938  0.41573897 -0.42485586]
 [ 0.40384492  0.03867032  0.1396023  -0.3714259  -0.19452655 -0.36849955]
 [ 0.12580349  0.01402092 -0.2975054  -0.48531383  0.05742474 -0.22255208]
 [-0.08438262  0.27992597  0.10490795 -0.13472968  0.02344872 -0.3502515 ]
 [-0.2549294   0.742988   -0.64798045 -0.26254585  0.3558716  -0.09935014]
 [-0.04419513 -0.20061454 -0.20313625 -0.37969434  0.10075263 -0.32923537]
 [ 0.01958422  0.44855565  0.26466486 -0.49394536  0.2011836  -0.4255019 ]
 [-0.08344284  0.28700057  0.27801648  0.25008306  0.28045088 -0.28004682]]
Peso 2:
[-5.7332456e-01  6.0143036e-01 -3.9508274e-01 -1.0202883e-01
  9.3634045e-01  2.7239573e-04]
Camada: saida
Peso 1:
[[ 1.8132131  -1.2539095 ]
 [-1.2716472   0.402952  ]
 [ 1.1575288  -1.5157578 ]
 [ 0.7319017  -0.39929402]
 [-1.3002536   1.0144111 ]
 [ 0.7345361   0.77319354]]
Peso 2:
[-0.91906685  0.91907156]



pesos modelo: 
Test loss: 0.2405, Test accuracy: 0.8977
Camada: meio
Peso 1:
[[-2.8514314e-01  2.5836632e-01  3.8651139e-02  4.1862220e-02
   1.4169183e-01 -3.5172239e-01]
 [-1.4270152e-01  4.2708093e-01  9.4876967e-02 -2.9058090e-01
   9.2617428e-01 -4.8323226e-01]
 [ 2.8657517e-01 -1.9620116e-01  4.0914163e-01 -3.2243225e-01
   4.9831861e-01  7.6584980e-02]
 [ 3.3940521e-01 -3.4516767e-01  2.6783666e-01  3.8769293e-01
   3.2420653e-01 -4.4605404e-01]
 [-5.7637239e-01  7.3988445e-02  2.8331686e-02  3.2748258e-01
   6.6153961e-01 -4.4157112e-01]
 [ 4.5160432e-03 -2.6530060e-01  1.1797617e-01  3.1552944e-01
  -5.2472416e-02 -2.1495622e-01]
 [-3.2855767e-01 -6.3139576e-01 -2.5011089e+00 -4.0616143e-01
   1.2124538e+00  2.3909637e-01]
 [ 3.1750789e-01 -2.2116464e-01  2.7342224e-01 -1.2674268e-01
   2.8610072e-01 -9.0390578e-02]
 [ 3.2840103e-01 -3.7660491e-01  3.1259906e-01 -2.7477077e-01
   2.6435798e-01  7.2122373e-02]
 [ 4.7315359e-01  1.2452580e-01  5.2261019e-01  6.1611843e-01
  -3.0009702e-01  7.1765594e-02]
 [ 3.4596735e-01  4.3079668e-01  2.2723033e-01  7.5505815e-02
   4.4932920e-01  2.2917549e-01]
 [-1.2450167e-01  3.2459405e-01  2.5631160e-01 -1.3335972e-01
   3.3751482e-01 -4.7067082e-01]
 [ 2.0071159e-01  3.7038359e-01 -3.6569631e-01  6.0161415e-02
   1.6238211e-01 -6.9087044e-05]
 [ 8.4872745e-02  3.3113238e-01  1.2857920e-01 -2.3330377e-02
   1.0351583e-01 -1.1797520e-01]
 [ 1.0011761e-01 -1.6537493e-01  2.8870991e-01  1.2468917e-01
   2.5463325e-01 -5.7907064e-02]
 [ 2.2581002e-01  6.8118477e-01  6.8953747e-01 -3.1318623e-01
  -3.2093886e-01  9.6728556e-02]
 [ 3.4768581e-01  2.0304484e-02  2.8585866e-01  4.2449921e-02
   3.8292778e-01  3.3957876e-02]
 [ 1.6740480e-01 -6.4689361e-02  1.8176998e-01 -2.0686559e-01
   9.6494123e-02  2.6478243e-01]
 [-2.5773755e-01 -8.7781191e-02  3.9818880e-01  4.7418195e-01
   4.7433808e-01  6.7131281e-02]]
Peso 2:
[ 0.01728705  0.25755817  1.4512954   0.09473728 -0.08621342 -0.14260626]
Camada: saida
Peso 1:
[[-0.47838417  0.26634553]
 [-0.8349618   0.28634036]
 [-2.1974332   2.2558846 ]
 [ 0.396465    1.0210681 ]
 [ 0.8148563  -1.6267436 ]
 [ 0.31640357 -0.68483144]]
Peso 2:
[ 0.1097485  -0.10974815]



pesos modelo: 
Test loss: 0.7813, Test accuracy: 0.7752
Camada: meio
Peso 1:
[[ 1.4379352e-02  1.3537446e-01 -4.3195236e-01  5.1247478e-03
   1.4961818e-01 -2.4814861e-01]
 [ 4.6453297e-01  2.9973881e-03  6.7537969e-01 -2.7101395e-01
  -4.4525054e-01  2.0329110e-02]
 [-1.2893762e-01 -4.7823772e-01 -2.2477351e-01  2.2887877e-01
   2.5494421e-01 -8.7530695e-02]
 [-2.9511219e-01 -3.4207204e-01  2.1253861e-01  3.9666280e-01
  -3.8027751e-01  2.2805232e-01]
 [ 1.8727356e-01 -2.5499988e-02  4.4983262e-01  1.9120865e-01
   6.7058496e-02 -2.1758056e-01]
 [ 3.7788749e-01  4.1711316e-01  9.7406566e-02 -9.2207499e-02
   1.7276007e-01  1.6734658e-01]
 [-5.1798916e-01 -3.0858302e-01  1.8284042e+00 -5.7751781e-01
  -4.4178236e-01 -1.9020481e+00]
 [-9.7272389e-02  4.2665792e-01 -9.1707103e-02  8.3158620e-02
   1.8929695e-01  5.3187393e-02]
 [-1.2760791e-01  2.2112370e-01  7.1040146e-02  4.1156000e-01
   3.5216752e-03  7.8452498e-02]
 [-6.6563256e-02 -8.7737385e-03 -6.9427055e-01 -2.0806995e-01
   2.1004330e-01  7.1399134e-01]
 [-2.8243652e-01 -7.5865075e-02  1.9840860e-01  3.6316249e-01
  -4.2993963e-01  2.5933036e-01]
 [-2.6679072e-01  3.9187682e-01  9.3669698e-02  1.1389498e-01
  -1.9307399e-01  1.7965378e-01]
 [-1.3756812e-01  3.1927145e-01  6.7988753e-01 -4.1196620e-01
   5.6865808e-02  9.2142418e-02]
 [-1.5299653e-01  1.5225141e-01  8.5914351e-02  5.5076733e-02
   3.7008516e-02  2.1514949e-01]
 [-3.2979289e-01 -2.4292167e-01  1.8395601e-01  4.9449891e-01
  -3.8901806e-02  1.9226140e-01]
 [-2.3698261e-01 -4.7940019e-01 -4.4474974e-01  5.1975824e-02
   5.1991183e-02  1.0200158e+00]
 [ 1.9845520e-01  1.2076080e-01  1.5965408e-01  7.7366702e-02
   1.4846451e-03  2.5112551e-01]
 [ 4.9277735e-01  1.8329248e-01  1.2380195e-01 -3.9824718e-01
  -2.8463686e-01  3.2732955e-01]
 [ 4.4639716e-01 -2.8598726e-01  2.1037969e-01  2.0961864e-01
  -2.2206596e-01  2.5426739e-01]]
Peso 2:
[ 0.08151614  0.01638829 -0.62140805  0.26852235 -0.31603518  1.2494397 ]
Camada: saida
Peso 1:
[[-0.4843792  -0.03464494]
 [ 0.36395293  0.5818618 ]
 [ 1.7782366  -1.5217451 ]
 [-1.0093758   0.09878467]
 [ 0.69588244 -0.33727223]
 [-2.1424296   1.6377451 ]]
Peso 2:
[-0.3688029   0.36880514]



pesos modelo: 
Test loss: 0.7752, Test accuracy: 0.7784
Camada: meio
Peso 1:
[[-0.25985938 -0.40815306  0.34342882  0.07631257  0.21097323  0.09412041]
 [-0.13565832 -0.5170797  -0.05569204  0.10874835  0.33664218  0.80958223]
 [-0.33108085 -0.335563    0.01690404  0.05531355  0.05183408 -0.20360532]
 [-0.21828781 -0.01535987  0.34102574  0.05953459 -0.05746805  0.09030132]
 [ 0.60506725  0.30992758 -0.11272152  0.23140219 -0.37968537  0.6914155 ]
 [ 0.6058264   0.15426387  0.44515175 -0.27090624 -0.28061575  0.05761606]
 [-0.59426     0.26163796 -1.7575494  -0.8701813  -0.57590586  1.8170686 ]
 [-0.26884538 -0.28519502  0.08512756  0.37360603  0.18119335  0.1285482 ]
 [ 0.25181776  0.3090994  -0.13587403  0.2752999   0.00399635 -0.06112033]
 [ 0.21169803 -0.08328517  0.4854998   0.41060117  0.59720397 -0.39318943]
 [-0.03701076 -0.22918242  0.44064337 -0.18674597 -0.13046214  0.03965539]
 [ 0.17730774 -0.14466129  0.5069779   0.1717226   0.17446099  0.45866516]
 [ 0.10978703 -0.3363475   0.0265761  -0.12363092  0.2619751   0.7198167 ]
 [-0.17227438  0.06187005 -0.08515957  0.13356747  0.2611538  -0.12692301]
 [-0.22861443  0.32488713  0.08433929  0.02828541  0.01771959 -0.12250981]
 [-0.40664214  0.18945302  0.72968006  0.6124644   0.23258656 -0.5074113 ]
 [-0.3844029  -0.02848842  0.07932767  0.19990158 -0.18596654 -0.13998787]
 [ 0.24655463 -0.1964277   0.1424051  -0.28189716  0.31526753 -0.00606759]
 [-0.06306219 -0.1101888   0.38826686  0.3499128   0.07247975  0.3635444 ]]
Peso 2:
[ 0.31068864  0.06179146  1.104347    0.541921    0.3630404  -0.36989975]
Camada: saida
Peso 1:
[[-0.6549003   0.45099026]
 [-0.22213607  0.5035696 ]
 [-1.4535162   1.7019479 ]
 [-0.73951787  1.127987  ]
 [-0.9072985   0.64986366]
 [ 1.6232643  -1.6145666 ]]
Peso 2:
[-0.23701277  0.23701279]



pesos modelo: 
Test loss: 0.2560, Test accuracy: 0.8976
Camada: meio
Peso 1:
[[-7.58668780e-02 -1.29883617e-01 -8.83848965e-02  9.99042690e-02
  -3.55824649e-01  2.80084878e-01]
 [-3.62982333e-01 -1.19771235e-01 -3.03692818e-01  4.36819792e-01
  -4.43492621e-01  2.58270293e-01]
 [ 1.02149494e-01  3.84991795e-01  4.98728096e-01  4.59907949e-01
  -2.22512573e-01  2.89148837e-01]
 [-1.83283508e-01  7.15671778e-02 -3.65768164e-01 -1.21220991e-01
  -4.42882860e-03  4.37015928e-02]
 [ 3.65396708e-01 -1.66997239e-01 -3.88149410e-01  4.05605018e-01
  -2.95160800e-01 -3.05200100e-01]
 [-5.34022823e-02  4.15305495e-01 -3.84938210e-01  4.54438508e-01
   5.77946343e-02 -1.87554657e-01]
 [-1.62089065e-01 -2.30238891e+00  1.40307352e-01  1.86764479e+00
   3.89664888e-01  3.37561995e-01]
 [-4.42857593e-01  1.32506311e-01  2.20974050e-02 -2.12283805e-02
   1.58772513e-01 -2.37217620e-01]
 [ 1.33895516e-01  3.22976291e-01 -3.38328212e-01  3.67860943e-01
  -1.85375251e-02 -4.75979894e-01]
 [ 3.35042700e-02  9.53215599e-01  7.01685175e-02 -6.13540821e-02
  -1.95837080e-01 -1.88801661e-01]
 [ 1.51143238e-01  3.32450688e-01 -1.09197341e-01  3.46110672e-01
  -4.74112451e-01  1.30855322e-01]
 [-2.47220308e-01  4.77832071e-02  3.62406254e-01 -1.80478111e-01
   4.67047304e-01 -2.39628524e-01]
 [-2.48076450e-02 -6.43165186e-02 -1.21192910e-01  6.14477873e-01
  -3.94811571e-01 -1.50767878e-01]
 [-1.64882243e-01  3.83839041e-01 -1.03862487e-01  3.98839533e-01
  -3.09737455e-02 -1.24266125e-01]
 [ 3.59918231e-05  9.92731526e-02 -6.55383989e-02 -6.74643368e-02
  -4.51522917e-02 -1.51369357e-02]
 [-1.67960510e-01  9.82866406e-01 -2.23087236e-01  7.27680698e-02
  -4.09608752e-01 -7.67579824e-02]
 [ 6.45220503e-02  9.41159502e-02 -2.90111959e-01 -8.43847319e-02
   1.27800718e-01  2.02910781e-01]
 [-3.14900309e-01  3.17062974e-01  4.79121536e-01  3.58301550e-01
   1.97611064e-01 -6.21331781e-02]
 [ 2.77692646e-01  4.79543269e-01  4.37736392e-01  5.59374988e-01
   1.47160277e-01 -2.91538656e-01]]
Peso 2:
[ 0.02906649  1.4836448   0.03246096 -0.1935786  -0.00203215 -0.08851814]
Camada: saida
Peso 1:
[[-0.8502273  -0.66934025]
 [-2.4098523   1.9303902 ]
 [ 0.3247518   0.676989  ]
 [ 1.255745   -1.3465526 ]
 [-0.2547896  -0.21098985]
 [-0.15354803 -0.03589889]]
Peso 2:
[-0.0402299   0.04023218]



pesos modelo: 
Test loss: 1.0791, Test accuracy: 0.7374
Camada: meio
Peso 1:
[[-0.19644314 -0.3290295   0.4655402   0.04737684  0.48371753 -0.1840744 ]
 [-0.47324845  0.5883947   0.32574597 -0.09141299 -0.01288938 -0.36139807]
 [-0.03931527  0.3449451   0.39134055 -0.41025513  0.23620157  0.40000597]
 [-0.4848308   0.43010506  0.11992598 -0.3773255   0.2875076   0.32205468]
 [ 0.218683    0.73968893 -0.15700987 -0.13669297 -0.04610564 -0.0513726 ]
 [ 0.23217195  0.10302401 -0.35288456 -0.01015337  0.23177776 -0.3764925 ]
 [-0.39885032  0.90033734  0.21202119 -0.21609412 -2.5990994  -0.7214953 ]
 [ 0.04276521  0.23105802  0.5263428   0.4875699   0.13487822  0.49583492]
 [ 0.21700528  0.31393218  0.50414777  0.2545613   0.23811245 -0.10719668]
 [-0.16843295 -0.28897315 -0.0670872  -0.08683155  1.0611432  -0.24034637]
 [ 0.36009228  0.3317451   0.48088676 -0.30070427  0.24801181  0.23905987]
 [-0.04403779  0.31878757  0.1362459  -0.28192148  0.21859337  0.45886743]
 [-0.34679964  0.56943744 -0.37899002  0.0646302  -0.14758769 -0.3296163 ]
 [ 0.19424194  0.01455038 -0.12144344  0.3818871   0.08305294  0.36532918]
 [-0.14534794 -0.05207289 -0.42703244 -0.17872901  0.16040668 -0.34427777]
 [-0.31596017 -0.31186643 -0.22993155  0.2334045   1.0455179   0.04655406]
 [-0.35176656  0.06592313 -0.35658497  0.11484154  0.13609675 -0.03217135]
 [-0.01519822  0.2401339   0.04803124 -0.4031815   0.22158907  0.33269736]
 [ 0.3846298  -0.09589703 -0.3064162  -0.12881729  0.05519101  0.2834478 ]]
Peso 2:
[0.02839652 0.06772972 0.03162285 0.06894108 1.7567955  0.24506184]
Camada: saida
Peso 1:
[[-0.804671   -0.56976587]
 [ 1.6690359  -0.41416252]
 [-0.04323053 -0.25523025]
 [-0.7596066   0.5802233 ]
 [-2.7519913   2.0023074 ]
 [-0.53377783  0.3588401 ]]
Peso 2:
[ 0.8476677 -0.8476645]



pesos modelo: 
Test loss: 1.3720, Test accuracy: 0.7038
Camada: meio
Peso 1:
[[-5.52867055e-02  4.47430819e-01 -1.01441115e-01 -2.65546679e-01
   2.71210223e-01 -2.35921681e-01]
 [-2.98334267e-02 -1.77738085e-01 -5.11126891e-02 -1.61012709e-01
   3.45038958e-02  5.65148354e-01]
 [-2.62934938e-02  4.71706003e-01  1.37922511e-01  1.95401430e-01
   3.63554478e-01  4.18319941e-01]
 [-4.06085588e-02  5.34689009e-01 -2.41686463e-01 -4.98611838e-01
   4.58485633e-01  3.13114971e-01]
 [-5.40201306e-01 -2.49137655e-01  3.39095116e-01  1.54115155e-01
   1.64708912e-01  4.84786063e-01]
 [ 2.17433259e-01  1.48026764e-01  3.94674033e-01 -4.64369059e-01
   3.14862549e-01  1.67942673e-01]
 [-1.16698451e-01 -1.89555645e+00 -8.71798038e-01  4.23496924e-02
   2.36602738e-01  1.79725420e+00]
 [-1.64613664e-01  4.99813735e-01 -2.94654340e-01  1.71993077e-01
  -2.42699519e-01  4.18702334e-01]
 [ 2.64026791e-01  4.10604030e-01  5.52131422e-02  3.38130563e-01
   3.35164964e-01  3.97831053e-01]
 [ 4.51915711e-01  9.25255001e-01  4.90639597e-01 -1.89753816e-01
   2.23858178e-01 -2.37603843e-01]
 [ 1.28866389e-01  2.62365341e-01  1.82644054e-01 -4.71668571e-01
  -2.57078499e-01  3.11976671e-01]
 [ 1.95276573e-01  2.99014628e-01 -1.15116850e-01  1.63271621e-01
   2.96373844e-01  1.22206017e-01]
 [ 3.62560779e-01 -5.86311579e-01  4.95343387e-01  4.12405521e-01
   5.25389850e-01  2.29138345e-01]
 [ 7.73133263e-02  3.19738030e-01  1.45460374e-03 -2.58851834e-02
   1.83105379e-01  2.18066379e-01]
 [-1.89258963e-01  1.59452811e-01  2.76324242e-01  2.17687413e-01
  -3.84033114e-01  1.82112783e-01]
 [ 6.49169683e-01  1.01124525e+00  3.99812669e-01 -1.61711425e-01
  -1.01152798e-02 -5.33906579e-01]
 [ 1.15424372e-01  1.32844105e-01 -1.53369963e-01 -2.57200509e-01
   2.14967340e-01 -1.01979524e-01]
 [-4.13512230e-01  3.25855404e-01 -2.30062857e-01 -4.76919323e-01
  -3.71553838e-01  1.50924742e-01]
 [ 1.47555083e-01  5.04905701e-01 -9.23629031e-02  3.16448212e-01
   2.37780437e-01  4.39998925e-01]]
Peso 2:
[ 0.18814193  1.3955436   0.49727467 -0.04557018 -0.07274103 -0.4224061 ]
Camada: saida
Peso 1:
[[-1.0949192  -0.23373048]
 [-1.5211012   2.4154851 ]
 [-1.2923198   0.0926419 ]
 [-0.29053056 -0.26152653]
 [ 0.20206809 -0.38629183]
 [ 2.2305877  -0.6032983 ]]
Peso 2:
[-0.20323542  0.20323579]



pesos modelo: 
Test loss: 0.4311, Test accuracy: 0.8644
Camada: meio
Peso 1:
[[-0.29382765 -0.26336598  0.16278896  0.28945485 -0.32745108 -0.12211543]
 [ 0.00623951 -0.16022824 -0.08163552  0.49153745 -0.19034062  0.24297439]
 [ 0.14360674  0.33186573  0.35194236  0.14357227 -0.11602437 -0.44251585]
 [-0.089997    0.27541167 -0.10564915 -0.08377288 -0.08756023 -0.39291003]
 [-0.02006405  0.33796224 -0.5834518   0.6401717  -0.4192916   0.1124559 ]
 [ 0.03671084  0.27087238  0.35860226  0.02942587  0.2948762  -0.09855963]
 [-1.6595069  -0.63934165  0.20245935  2.2699168  -0.04829642 -0.20010692]
 [ 0.22883843  0.5093526  -0.4038105   0.25750282  0.3842314   0.41538435]
 [ 0.08953773  0.18036146  0.24059205  0.02490746 -0.06371722  0.46343192]
 [ 0.06617656  0.684763    0.5096605  -0.84880865 -0.34861052 -0.5320599 ]
 [ 0.4406789  -0.22236031  0.09096844  0.12431612 -0.42196974  0.441906  ]
 [ 0.40650794 -0.08341395  0.05570275  0.17776424 -0.4819755   0.3055241 ]
 [-0.33970907 -0.3492236  -0.1811028   0.09451564 -0.41423374 -0.16448541]
 [ 0.4815582  -0.11239003 -0.03753499  0.20674759 -0.3525081   0.09817959]
 [ 0.19102146  0.2158071   0.40172753  0.14531852 -0.29255596 -0.04142173]
 [ 0.58283263  0.77798283 -0.33184224 -0.5866144  -0.19476002 -0.09875768]
 [ 0.59110045 -0.13337663  0.49432075  0.38071966 -0.20285836  0.39993778]
 [ 0.23772866  0.07021402 -0.47246888  0.06375955  0.18167675 -0.06587712]
 [ 0.14366817 -0.03472536 -0.081224   -0.07216619 -0.08475686  0.02106105]]
Peso 2:
[ 1.1600946   0.51510453  0.04908428 -0.48556903 -0.00878954 -0.037743  ]
Camada: saida
Peso 1:
[[-1.8261247   1.4170192 ]
 [-1.112041    0.80740064]
 [-0.7204421  -0.24656712]
 [ 1.399893   -2.1093962 ]
 [ 0.28429726 -0.3791848 ]
 [ 0.21343257  0.23629662]]
Peso 2:
[-0.3378301   0.33783022]



pesos modelo: 
Test loss: 0.7645, Test accuracy: 0.7691
Camada: meio
Peso 1:
[[-0.12151706 -0.23121342 -0.10577735  0.39382067  0.37128958  0.1951032 ]
 [ 0.34403342  0.40112188 -0.24757501 -0.2593343  -0.0084623  -0.23410666]
 [-0.07662573  0.28430918  0.13575955 -0.44056997  0.39874738  0.31546143]
 [ 0.02990875  0.07846172  0.05635796  0.33351013  0.4452015  -0.12872662]
 [ 0.48770708  0.6187306   0.19434972 -0.25623822  0.47992274 -0.32548434]
 [ 0.10759477 -0.01493411  0.23305856  0.12275252  0.4879491  -0.32623076]
 [ 2.62478     1.2420301  -0.35163903  0.27664974 -0.16918714 -0.27242023]
 [-0.04713987  0.16420916  0.51699555 -0.3155928   0.16243269 -0.2936115 ]
 [ 0.16726987  0.00262479  0.28217977  0.0161441   0.5954635  -0.29059663]
 [-0.5792618  -0.67831045 -0.10517218 -0.20812862  0.4433315  -0.3137671 ]
 [-0.11537965  0.12912107  0.08616015  0.05239863  0.14590712  0.21858154]
 [ 0.18318309 -0.13965757 -0.40642887 -0.36994258  0.585659    0.24742952]
 [ 0.439188    0.04639195 -0.40767047 -0.44496438 -0.1093934  -0.08652937]
 [-0.07154135 -0.17727798 -0.11353669 -0.29372028 -0.08163249 -0.46836895]
 [ 0.08145253  0.2003371   0.30677742  0.01853088  0.63011944 -0.23724079]
 [-0.608721   -0.7049885  -0.28774968 -0.02739947  0.29230866 -0.43609363]
 [ 0.05816071  0.1256186   0.03374888  0.07230363  0.53901166  0.14679389]
 [ 0.0169575   0.21304412  0.15511532  0.19618537  0.52091557 -0.3065463 ]
 [ 0.06042733 -0.17932361  0.4019745   0.20011538  0.08185583 -0.01294914]]
Peso 2:
[-0.63846695 -0.45781225  0.10901129 -0.0784482   0.86372226 -0.04444133]
Camada: saida
Peso 1:
[[ 1.8598926  -2.2309034 ]
 [ 0.99815196 -1.198008  ]
 [-0.33357668  0.2632843 ]
 [ 0.10424918 -0.33934206]
 [-0.54349995  1.369453  ]
 [ 0.6496402   0.0025855 ]]
Peso 2:
[-1.5294452  1.5294492]



pesos modelo: 
Test loss: 0.9049, Test accuracy: 0.7620
Camada: meio
Peso 1:
[[-0.38171017  0.14764473  0.1958206   0.07734314  0.27018854 -0.1927771 ]
 [-0.3786393   0.37396073  0.33278075 -0.30029312 -0.14638612 -0.24203253]
 [-0.29978472  0.14660542  0.38369152  0.27129257  0.26458466  0.28646636]
 [-0.34432134 -0.26585707  0.6091044   0.06848683  0.07975578  0.434724  ]
 [-0.22543365  0.3798014   0.4318112  -0.5574479  -0.08734836 -0.1376922 ]
 [-0.02966942  0.15977563  0.13044631 -0.10058685  0.08663855  0.4073865 ]
 [-0.3741558   1.0648943   1.2167434   0.20950957 -1.6110152  -1.5406317 ]
 [ 0.11952522  0.44380775  0.24418992  0.19301566  0.4590383   0.12956691]
 [ 0.27774075  0.2776911   0.16240661 -0.12641393  0.34737137  0.13496816]
 [-0.19340204 -0.3273539  -0.35918438 -0.02562214  1.1108003   0.0996494 ]
 [ 0.22601797  0.34688923 -0.07800196 -0.27808607  0.12835936  0.24403861]
 [-0.14343876  0.03611987  0.33194202  0.29220676  0.45145017 -0.10740486]
 [ 0.06734651  0.1802105   0.6169149  -0.08424643 -0.34283805  0.20345399]
 [ 0.23483066 -0.03674881 -0.01541116  0.03002177  0.08376686  0.0805508 ]
 [-0.32808194 -0.17146465  0.01427395 -0.24978283  0.15221654 -0.05239262]
 [-0.16690782 -0.5371122  -0.5714926  -0.3430349   0.8913752   0.0954073 ]
 [ 0.32584494  0.58457625 -0.12208693  0.43622944  0.11350074  0.3840762 ]
 [ 0.09623629  0.27475837 -0.19353788 -0.1752253   0.3065278  -0.12382502]
 [-0.01279323  0.03357597 -0.23334512  0.34415802 -0.1466254   0.2603006 ]]
Peso 2:
[-0.00264016 -0.21442594 -0.19032785 -0.01497808  1.3311279   0.96222466]
Camada: saida
Peso 1:
[[-0.5222164  -0.4487438 ]
 [ 1.2733492  -0.6175631 ]
 [ 0.5640704  -1.59809   ]
 [ 0.47207254  0.6747286 ]
 [-2.0305004   1.4408158 ]
 [-1.115799    1.417507  ]]
Peso 2:
[-0.05361009  0.05361325]



pesos modelo: 
Test loss: 1.1080, Test accuracy: 0.7277
Camada: meio
Peso 1:
[[ 3.3781996e-01  5.7356983e-02  5.7423025e-02 -1.6636786e-01
  -3.6492646e-02 -2.3225039e-01]
 [-8.2815595e-02 -3.6154294e-01  1.6198514e-01  5.0869703e-01
   5.4379326e-01  3.4480613e-01]
 [-1.5811457e-01 -1.0717302e-01  4.8402429e-01  3.1191364e-01
  -2.5691622e-01 -3.1489876e-01]
 [ 5.8997363e-01 -1.9662400e-01  6.2934256e-01  4.6656871e-01
   4.6172151e-01 -4.0317306e-01]
 [ 5.7987474e-02 -1.9076306e-02 -9.9164560e-02  7.2009641e-01
   7.4376874e-02 -3.5343330e-02]
 [ 6.2814429e-02  3.6157671e-01  1.9020300e-01 -3.2911441e-01
   3.8913408e-01  7.3005870e-02]
 [-9.4406337e-01 -9.3482919e-02 -1.0448717e+00  1.9266133e+00
   1.6608733e+00 -3.6256599e-01]
 [-1.4563684e-01 -4.9958524e-01 -1.3971785e-01 -2.3563612e-01
  -2.6961991e-01 -6.4958185e-02]
 [ 3.1868333e-01 -2.9864889e-01  2.7914879e-01  4.1152965e-02
   3.2988033e-01 -2.3266956e-01]
 [ 6.8627894e-01 -2.9391000e-01  6.8156475e-01 -1.8201566e-01
  -5.3766686e-01  7.9346068e-02]
 [ 5.2463692e-01 -1.8917726e-01 -1.0231246e-02  3.5983261e-01
  -1.5146181e-01  2.7991536e-01]
 [ 2.1445945e-01 -1.6382416e-03 -1.5005977e-01 -8.9729065e-03
  -1.6261679e-01 -1.5605713e-01]
 [-3.0596715e-01 -8.6543307e-02 -2.1593271e-01  2.5767878e-01
   1.9454437e-01 -6.2333368e-02]
 [ 4.7762200e-01 -3.2449993e-01  1.5696196e-01  1.8350020e-01
   2.6443341e-01  2.2868142e-01]
 [ 2.9160194e-02 -5.9417371e-02  3.8471779e-01 -7.6849476e-02
   3.2228622e-01 -2.2822964e-01]
 [ 6.9680482e-01 -4.8855752e-01  5.9701443e-01 -4.5468831e-01
  -6.3835615e-01  1.2432223e-02]
 [ 1.6976398e-01  1.8928045e-01  7.7210613e-02 -2.6418865e-01
   3.1378734e-01 -2.5113532e-01]
 [ 4.5266196e-01  2.6365787e-01  9.0283133e-02  2.7882132e-01
  -3.3207297e-02 -1.2509492e-01]
 [ 2.9553294e-02  8.0728993e-02  1.1663520e-01 -6.1408091e-02
   6.3331234e-03 -2.2070985e-01]]
Peso 2:
[ 0.9903033  -0.18597528  1.0604448  -0.5240309  -0.29392174 -0.14372638]
Camada: saida
Peso 1:
[[-0.9386833   1.3654612 ]
 [ 0.50337094 -0.78445256]
 [-1.2570012   1.2182562 ]
 [ 1.9026414  -0.90060383]
 [ 0.74444234 -1.5895352 ]
 [ 0.43768236  0.23311612]]
Peso 2:
[-0.7641583  0.7641609]



pesos modelo: 
Test loss: 1.2918, Test accuracy: 0.6998
Camada: meio
Peso 1:
[[ 0.24678949  0.20319763  0.1358402   0.10472462  0.42049983 -0.32528055]
 [-0.43641686 -0.07779278  0.02029342  0.35811555 -0.15606634  0.52094537]
 [-0.12106808  0.1977937  -0.28699014 -0.20221618 -0.20509923  0.02152325]
 [-0.24570991  0.36519966 -0.38316074  0.02502971 -0.28868866  0.08297306]
 [-0.1718773   0.23806685  0.03086037  0.4979283  -0.04261075  0.7100653 ]
 [ 0.44548497  0.03679383 -0.36756396 -0.00593439 -0.08139189 -0.08142403]
 [ 0.3785404  -0.66850525 -0.10987237  0.6775111  -0.15713882  2.5809247 ]
 [-0.3083166   0.5735072  -0.16517936 -0.11080877 -0.09584247  0.1918784 ]
 [ 0.38175595  0.20753647  0.24061811 -0.14173728  0.14793745  0.05238419]
 [-0.22299802  0.34801978 -0.13950428 -0.36887667 -0.11525014 -0.910877  ]
 [ 0.42009512  0.052133   -0.20053416 -0.37883148 -0.12171668 -0.04315592]
 [-0.36480168  0.41424724 -0.17242998 -0.13249531  0.01817284  0.11130372]
 [-0.3508431  -0.01673436  0.17100428 -0.07449412  0.2747349   0.64881474]
 [-0.41579384  0.53654057 -0.24319977  0.2017681   0.30789518  0.11487487]
 [-0.2556943   0.18386358 -0.47939524  0.28090182  0.23678063 -0.04267726]
 [-0.00958091  0.9960937   0.4210521  -0.19925453 -0.10146448 -0.64372784]
 [ 0.45609045  0.343588   -0.14027469  0.06892833  0.02055593  0.0407541 ]
 [ 0.33238685  0.695865    0.08625986  0.11392135  0.3643616   0.2370558 ]
 [-0.4576787  -0.02177965 -0.30234894  0.15931581 -0.4958967  -0.15533157]]
Peso 2:
[ 0.00407141  1.0961268  -0.01686107 -0.09026199 -0.22581425 -0.9256123 ]
Camada: saida
Peso 1:
[[-0.23365863 -0.14055417]
 [-1.1145905   1.3056123 ]
 [ 0.6917852   0.4696084 ]
 [ 0.6982308  -0.08206123]
 [ 0.09251414 -0.09102954]
 [ 2.1123905  -2.2488682 ]]
Peso 2:
[-1.190716   1.1907164]



pesos modelo: 
Test loss: 0.8657, Test accuracy: 0.7661
Camada: meio
Peso 1:
[[-0.24747491 -0.12843972 -0.4121642   0.47541198  0.01417181 -0.11497471]
 [ 0.48545796  0.34374237 -0.4539926  -0.14900163  0.36340022 -0.35429338]
 [ 0.09754949  0.12744889  0.49402386  0.21976501 -0.4740331   0.300234  ]
 [-0.19800358  0.03653086  0.2944515  -0.12420103  0.30270526  0.21831174]
 [-0.0076793   0.7314273   0.38089475 -0.39212486  0.13521828  0.13910502]
 [ 0.01610987 -0.10870315 -0.10434403 -0.42640966 -0.2843271   0.08651935]
 [-0.29726014  2.5033123  -0.37628552  0.2737735  -0.21734944 -1.1898199 ]
 [-0.09786701  0.17232111  0.10778586 -0.10300961 -0.46625152  0.43303683]
 [ 0.402882    0.13639815  0.22793223  0.3612601   0.25926593  0.22367382]
 [ 0.19428925 -0.64263207 -0.1978805   0.260107   -0.1190549   0.7000852 ]
 [ 0.40544483  0.19641468  0.15762742  0.20160134 -0.30094922  0.39671007]
 [-0.29511252 -0.0625567   0.0275443   0.24474725 -0.13537543  0.17855468]
 [ 0.08139573  0.38533646 -0.42862755  0.0592239   0.2381624  -0.28156954]
 [ 0.17731032  0.13293268  0.12182847  0.07068264 -0.27848703  0.3826209 ]
 [-0.28236362 -0.06270314 -0.4393101  -0.37593836  0.07789165  0.2297358 ]
 [ 0.34102073 -0.6974284  -0.00908971  0.39995715 -0.06311947  0.9698917 ]
 [ 0.2789809   0.03788599  0.00663654  0.2722685   0.281656    0.19462804]
 [-0.3449012   0.26047876  0.3235603  -0.26638663  0.27964112  0.6185225 ]
 [-0.18919572  0.03326139  0.28254646 -0.14821829 -0.07494895  0.25757787]]
Peso 2:
[ 0.11073897 -0.7969719   0.13528256  0.02554744  0.05831348  1.0897377 ]
Camada: saida
Peso 1:
[[ 0.06531611  0.696219  ]
 [ 2.1277997  -1.9303087 ]
 [-0.9838941  -0.34444988]
 [-0.4618919  -0.16918075]
 [ 0.29291272  0.65132904]
 [-1.093306    1.6930565 ]]
Peso 2:
[-0.71983165  0.7198307 ]



pesos modelo: 
Test loss: 0.6611, Test accuracy: 0.7936
Camada: meio
Peso 1:
[[-0.15090811  0.23011878 -0.21962118  0.27844647 -0.04301131  0.30364522]
 [ 0.3423579  -0.43269998  0.25918397  0.07141142 -0.25724632 -0.0903805 ]
 [-0.00455307  0.4069903   0.11347209 -0.19879757 -0.0746749  -0.02002502]
 [ 0.23548454 -0.0553288  -0.37705502 -0.23212865  0.2969002   0.40904343]
 [ 0.60864156  0.1842208  -0.31256378 -0.20428824  0.4551618  -0.0897963 ]
 [ 0.25432256 -0.09962601  0.35488307  0.3896113  -0.05463139  0.5053573 ]
 [ 2.221334   -0.516217    0.06401407 -0.22233957  0.05126393 -1.7679472 ]
 [ 0.29533032  0.2144599  -0.17500317  0.41036007  0.4405246   0.33822298]
 [ 0.16754867  0.17089592 -0.36095747 -0.21433444  0.09161919  0.26369634]
 [-0.5931179   0.6605211   0.1461286  -0.28306562  0.44993964  0.33156887]
 [ 0.3680503   0.35791323 -0.08040294 -0.02482552 -0.19660698  0.49668917]
 [ 0.00917736 -0.06326621 -0.46778303 -0.2530461  -0.19407511  0.27855408]
 [ 0.4281808  -0.36111012  0.28765666 -0.35720518  0.12304482  0.00586703]
 [ 0.07916173  0.1443445   0.3722574  -0.35419387 -0.31905392  0.22801898]
 [-0.19634302  0.49479827 -0.14258896  0.07492136  0.21270494 -0.2638206 ]
 [-0.7609719   0.27433947 -0.22558133 -0.01790263  0.657204    0.30786297]
 [ 0.40961656  0.36431772 -0.00276055  0.04379876 -0.17933986  0.55113095]
 [-0.07326689  0.06343546  0.43722236  0.05057788 -0.4402403   0.14186248]
 [ 0.07182722 -0.23826623 -0.4808269   0.0211609  -0.3015171   0.45431912]]
Peso 2:
[-0.668974    0.51182145  0.01160328 -0.01922886  0.12160922  1.0037892 ]
Camada: saida
Peso 1:
[[ 2.0497706  -1.5796949 ]
 [-0.92897147  0.6044656 ]
 [-0.73540884 -0.51129776]
 [ 0.08610357  0.04746725]
 [ 0.1315354   0.9250674 ]
 [-1.5335339   1.6306554 ]]
Peso 2:
[-0.42817363  0.4281751 ]



pesos modelo: 
Test loss: 0.5142, Test accuracy: 0.8471
Camada: meio
Peso 1:
[[-0.4885378   0.11646882 -0.3692071  -0.1163671   0.4058257   0.05553469]
 [ 0.02247317  0.33445638  0.35053086  0.08477355 -0.5192841   0.59182787]
 [ 0.28287733 -0.16327943  0.0920646  -0.20343533 -0.504583    0.03504208]
 [-0.09549431 -0.06870138  0.10625981 -0.41500553 -0.26505718 -0.2909797 ]
 [-0.02325352 -0.02888888 -0.41933802 -0.0820319   0.08555833  0.49756122]
 [ 0.2761039   0.46052152  0.10197729 -0.08175436  0.42487085 -0.04131475]
 [-1.5023386   1.2305249  -0.89832765  0.43158284 -0.33856606  1.9547665 ]
 [ 0.16222605  0.465665    0.3929963   0.04500673  0.2970278   0.01782012]
 [ 0.09984492  0.14924191  0.1999639  -0.37168157  0.353787    0.03819185]
 [ 0.4112202  -0.37410116  0.71851814 -0.34025657  0.29675582 -0.44830063]
 [ 0.20043717  0.28152213  0.05442514  0.20548993  0.06068441 -0.15865888]
 [-0.01674928  0.05047568 -0.14797896  0.44039643  0.50922847 -0.17477226]
 [-0.11347634  0.14076738 -0.30034414 -0.45380178 -0.16871607  0.26410362]
 [ 0.5423383   0.26005176  0.2399525  -0.24363469  0.38285938  0.43744868]
 [ 0.43911815  0.2729574   0.48873606 -0.00894913  0.15404683  0.44585955]
 [ 0.47794616 -0.04088467  0.6122064  -0.31809735  0.6067138  -0.65816957]
 [ 0.08646562 -0.05333386  0.13324131 -0.30647263  0.38335833  0.12237468]
 [ 0.07718387  0.07160963  0.36770028 -0.06607801  0.01438382  0.08993943]
 [ 0.31679896 -0.19771144 -0.13078265 -0.14920266  0.40251756  0.26607913]]
Peso 2:
[ 1.0565674  -0.28397188  0.75684804 -0.00714664  0.30789745 -0.4458492 ]
Camada: saida
Peso 1:
[[-1.4611995   1.2451934 ]
 [ 1.5086013  -0.3850206 ]
 [-0.7174352   1.3777297 ]
 [-0.20881289 -0.07190473]
 [-0.3991271   0.6858417 ]
 [ 0.9599217  -1.9819106 ]]
Peso 2:
[-0.42483184  0.42483354]



pesos modelo: 
Test loss: 0.5276, Test accuracy: 0.8259
Camada: meio
Peso 1:
[[ 0.1920512   0.1883528   0.0029282  -0.28335142  0.23485681  0.00654855]
 [ 0.2786744   0.05786577  0.04643378  0.50824714 -0.08995206 -0.2590621 ]
 [-0.32103863  0.22567298  0.06433014  0.02084995 -0.0332971  -0.1077285 ]
 [-0.2906912   0.27678144  0.17487447  0.07808086  0.3016592  -0.23305595]
 [ 0.25279677 -0.48796466 -0.02878164  0.36207977  0.59210634  0.19654354]
 [ 0.44854143  0.16533284  0.52918774  0.38246286 -0.18683954  0.11786354]
 [ 0.52420616 -0.08049049 -2.1665652   2.0320444   0.24846584  0.1685904 ]
 [-0.00633411  0.08688641  0.03644678 -0.152284    0.08413033 -0.17385201]
 [-0.1372325  -0.36348245  0.4224537   0.23373428  0.3193933   0.16984504]
 [ 0.32156348  0.5643247   0.867817   -0.43228123 -0.27366388  0.3161043 ]
 [-0.03539826 -0.04345958  0.5309867   0.3948936   0.20622236  0.15811588]
 [-0.0052227   0.11301777  0.05350044 -0.10127651 -0.38336173  0.36066723]
 [-0.2042521  -0.4468073  -0.2696596   0.30915627 -0.00992444 -0.11422482]
 [-0.19330366 -0.0604655   0.23480585  0.13903597 -0.40759438  0.43369097]
 [ 0.01907731  0.42715064  0.26083478  0.06657896  0.44983995 -0.475774  ]
 [-0.31406617  0.4970687   0.4615143  -0.8357524   0.2548855  -0.191577  ]
 [ 0.26353553  0.17156109  0.34625426  0.21575928  0.00465914 -0.04541831]
 [-0.38409787  0.08853785  0.20016308  0.16959935 -0.26232588 -0.46937814]
 [ 0.4607017   0.41350672  0.56209606  0.39386877  0.41723746  0.21115115]]
Peso 2:
[-0.00604591  0.16167028  1.2537963  -0.43949172 -0.01649     0.00625237]
Camada: saida
Peso 1:
[[ 0.60891753 -0.24397026]
 [-0.19721344  0.5173618 ]
 [-2.1441348   1.636369  ]
 [ 1.5126657  -1.5879523 ]
 [ 0.4828594   0.01632163]
 [ 0.1882771   0.32094523]]
Peso 2:
[-0.3130612   0.31306383]
