


pesos modelo: 
Test loss: 0.6404, Test accuracy: 0.8044
Camada: meio
Peso 1:
[[ 0.28862643 -0.0226377   0.47474533  0.41319    -0.21561319 -0.22750053
  -0.22634548]
 [-0.19514245  0.21508875 -0.35951483  0.45106778  0.23488545  0.13023835
   0.19309697]
 [-0.083722   -0.18313791  0.37227336  0.36417505 -0.0314726   0.15540001
  -0.06224169]
 [-0.21905048  0.1555894   0.26619178  0.19653943  0.31748825  0.36757955
   0.49392003]
 [-0.46925423  0.5051068  -0.128005    0.3046131   0.06096115  0.33371064
   0.13969016]
 [-0.03530869  0.32275262  0.24532728 -0.01300932  0.41374382 -0.21631117
   0.3403888 ]
 [-0.199595    1.376692   -1.4401547   0.8987046   0.8424193   0.945649
  -1.4790686 ]
 [-0.30658123 -0.24390885  0.07630199  0.35616505  0.49857074  0.19140294
   0.47385442]
 [ 0.37564495  0.36032525  0.4162837  -0.12299026  0.25223264 -0.06709427
   0.07208067]
 [ 0.4407716  -0.7647372   0.2846623  -0.7657303   0.16096872  0.04915724
   0.41756517]
 [-0.2664014   0.2639037   0.36541656 -0.09875265  0.34354195 -0.08456382
   0.0597775 ]
 [-0.12470531  0.2146283   0.2583421   0.28271085 -0.40815058  0.29376134
   0.27326903]
 [-0.03740677  0.5545845  -0.04379135  0.4059527   0.00494489 -0.11711359
   0.03450799]
 [-0.34342393 -0.06336427  0.3986794   0.00407025  0.01016987  0.19302435
  -0.14790668]
 [ 0.33661732  0.32460362  0.19714536  0.25473806 -0.29454005  0.25442946
   0.49608722]
 [ 0.04069998 -0.60785145  0.60323316 -0.15484105 -0.472358   -0.38000026
   0.39703444]
 [-0.3330446   0.2503024   0.347584   -0.04820457  0.23556136 -0.04212723
   0.10413766]
 [-0.11264972  0.13104266  0.5053504  -0.27421045  0.04158254  0.33174473
  -0.21796927]
 [-0.31738025  0.02885857  0.19127604 -0.08233756 -0.37162715 -0.16357145
  -0.15076998]]
Peso 2:
[ 0.03843905 -0.49107507  0.8088753  -0.32664242 -0.04967594 -0.17026053
  0.93344015]
Camada: saida
Peso 1:
[[-0.5603186   0.14442359]
 [ 0.76255083 -1.5800453 ]
 [-1.8836713   0.8163231 ]
 [ 0.9592729  -0.7107151 ]
 [-0.23130172 -1.2360108 ]
 [ 0.20593053 -0.9771015 ]
 [-1.0210496   1.535329  ]]
Peso 2:
[-0.5147255   0.51472896]



pesos modelo: 
Test loss: 0.5554, Test accuracy: 0.8164
Camada: meio
Peso 1:
[[ 0.15375656  0.40529025 -0.03894532 -0.14250636  0.20700908 -0.25433576
   0.294555  ]
 [-0.09994151 -0.21043788  0.5786387  -0.27181548  0.05126808 -0.2810268
  -0.01511551]
 [ 0.30481333  0.12822507  0.2374873  -0.39181757 -0.2126832  -0.31010816
  -0.0092224 ]
 [ 0.32356694 -0.04305961  0.25632784 -0.20996843 -0.0736766  -0.2817111
  -0.26085874]
 [-0.11172858  0.03566856  0.49803466 -0.2965855   0.17013295 -0.06231406
  -0.11510437]
 [ 0.28418556 -0.332305    0.33044872  0.0070587   0.4313527   0.08538643
  -0.28462768]
 [-2.3771207   0.02518219  1.4962914  -0.43872863 -0.54352695  0.12393171
  -0.0662441 ]
 [ 0.46869493 -0.18779474  0.46039706 -0.27019495 -0.04751234 -0.47675997
  -0.20392235]
 [ 0.24636057  0.03853205  0.16153497  0.24025477 -0.05762292  0.30929977
   0.11420995]
 [ 0.8627644   0.26776096 -0.5710043  -0.19309269 -0.22202386 -0.31506786
   0.22344276]
 [ 0.0135323  -0.44651347 -0.17561615 -0.03718754 -0.15728438  0.3034405
  -0.04945393]
 [ 0.20148344 -0.05493042  0.18918905 -0.43354294  0.41326374 -0.22865702
   0.10225429]
 [-0.31531984 -0.38272306  0.29300725 -0.24116632  0.06175886  0.08886507
  -0.0198726 ]
 [ 0.4257342  -0.168014    0.3349969   0.3128057  -0.21686544 -0.4055624
   0.14560041]
 [ 0.40786195 -0.06219261  0.43997097 -0.47028852  0.29078963  0.38264093
   0.1564168 ]
 [ 0.343187   -0.20935924 -0.8324912  -0.3394403   0.57643586 -0.3626137
   0.34517136]
 [ 0.24115999 -0.23754077  0.19544171 -0.00975701  0.35019848 -0.24388805
   0.05603743]
 [ 0.3909787   0.2052889   0.36970454 -0.40685114 -0.13470703 -0.36017743
  -0.0336085 ]
 [ 0.40779787 -0.01278568  0.34964895 -0.34954816 -0.21393624  0.08908577
  -0.49165192]]
Peso 2:
[ 1.4592696  -0.01130656 -0.30666512  0.00157164  0.20852195 -0.1016541
 -0.07096653]
Camada: saida
Peso 1:
[[-2.353207    1.8253677 ]
 [-0.20604022 -0.41597536]
 [ 1.2315007  -1.6195061 ]
 [-0.09055612  0.36954206]
 [-0.78661305  0.07733162]
 [ 0.00506268  0.45337012]
 [-0.5430272  -0.6023197 ]]
Peso 2:
[-0.13655989  0.13655962]



pesos modelo: 
Test loss: 0.5884, Test accuracy: 0.8100
Camada: meio
Peso 1:
[[-3.59866977e-01 -2.80334055e-01  1.52390301e-01 -2.20161408e-01
  -1.65823609e-01  7.97247291e-02 -2.46336684e-01]
 [ 4.20254618e-01  2.45173290e-01 -2.97209203e-01  3.08068842e-01
  -1.63747326e-01  2.96559513e-01  3.79136801e-01]
 [ 2.23809749e-01  2.51157910e-01  2.98841625e-01  2.10780457e-01
   4.60554212e-01  4.43239719e-01  2.50981212e-01]
 [-1.82175025e-01 -3.92941058e-01  1.05043530e-01  2.19801620e-01
   7.33143010e-04 -3.71822603e-02 -1.35793388e-01]
 [-5.40523008e-02 -4.52174395e-01  4.55318838e-02 -5.44277430e-01
   4.49678510e-01 -1.31114691e-01  7.33074069e-01]
 [-1.81641728e-02 -5.67016043e-02  3.51427555e-01 -3.74481350e-01
  -8.76444429e-02  3.77798140e-01  1.00977674e-01]
 [-7.05875576e-01 -4.51374985e-02 -1.92143786e+00  9.15466174e-02
  -5.32166421e-01  5.85236013e-01  1.94442248e+00]
 [ 4.32192683e-01  1.45817995e-01  3.86848062e-01 -5.13685048e-01
  -1.74510896e-01  1.85210198e-01  3.75570297e-01]
 [-3.60887915e-01 -2.52574533e-01 -3.08787767e-02 -1.77495003e-01
   4.84989077e-01 -4.05686557e-01 -1.86656013e-01]
 [ 2.64180362e-01  5.08984268e-01  7.63285756e-01 -4.25880969e-01
  -1.01703778e-01 -5.04313648e-01 -3.65679115e-01]
 [-1.11456074e-01 -4.35633630e-01  5.11724114e-01  2.35396147e-01
  -2.29016095e-01  4.16514814e-01  2.74481744e-01]
 [-4.20199901e-01  1.43027806e-03  3.26110214e-01  3.57753694e-01
   3.97272170e-01 -1.24463908e-01  1.66037083e-01]
 [ 5.18180728e-01 -3.88610363e-01 -1.37899175e-01 -6.20934814e-02
  -4.88935113e-01  5.67069471e-01  3.68702024e-01]
 [ 1.67498857e-01  3.04494083e-01  3.26134861e-02 -3.58331352e-01
   2.51434714e-01 -7.18228752e-03 -9.67147574e-03]
 [ 2.51326531e-01 -2.46533647e-01  1.28930211e-01 -4.80441123e-01
   1.78388860e-02 -5.10219298e-02  3.14755030e-02]
 [-3.26052099e-01  8.08809791e-03  1.10863364e+00 -6.73674047e-02
  -1.38637573e-01 -3.00128566e-04 -1.65932104e-01]
 [ 1.14646487e-01  3.33885014e-01  5.12418211e-01  2.30236679e-01
  -4.36037540e-01  4.13907111e-01  3.59917939e-01]
 [-3.21453094e-01  3.71879160e-01  4.38766450e-01  4.26430702e-02
  -2.01988831e-01 -3.78302276e-01  3.44224036e-01]
 [ 1.67476404e-02  3.35554302e-01  2.30873302e-02  2.64903456e-01
   4.62581187e-01  4.48210686e-01 -1.89894125e-01]]
Peso 2:
[ 0.2924445   0.11729579  1.2722342  -0.07086451  0.11691175 -0.08888501
 -0.42726701]
Camada: saida
Peso 1:
[[-0.6399925   0.68391126]
 [-0.81425697 -0.3503762 ]
 [-2.1753771   1.6101966 ]
 [-0.6605633   0.11183726]
 [-0.82900625 -0.12076249]
 [ 1.1117564   0.15113826]
 [ 1.9299879  -1.023207  ]]
Peso 2:
[-0.25956306  0.25956413]



pesos modelo: 
Test loss: 0.6123, Test accuracy: 0.8122
Camada: meio
Peso 1:
[[ 0.4304642   0.35112506  0.1289038  -0.4592445   0.3598885  -0.00435555
   0.18361658]
 [-0.20728181  0.01424461 -0.16836344  0.00607103  0.16077761  0.23812552
  -0.2810228 ]
 [-0.08635268  0.2309359   0.30254045  0.44601244  0.01218149 -0.35129923
   0.43308604]
 [ 0.30077618 -0.03626239 -0.03752317  0.39950565  0.16576158  0.06246607
   0.2799243 ]
 [-0.01834611  0.01180387 -0.18553306  0.5888625   0.4017943  -0.40162635
   0.21976662]
 [ 0.1663191  -0.29431653  0.5265359  -0.02168887  0.1574937  -0.27935603
  -0.28149492]
 [-1.3400741   0.17881651 -0.9614386   0.36226976  1.9625015  -0.3628994
  -1.1886814 ]
 [ 0.25696853 -0.05419685  0.18483368  0.4235986   0.15387109 -0.2655832
   0.14866172]
 [ 0.1410314   0.00422344 -0.14424005  0.08500646 -0.15730323  0.24568087
   0.05089246]
 [ 0.21988375  0.12081656  0.71195894 -0.11720584 -0.57286674 -0.13255
   0.40558642]
 [ 0.16018322 -0.34607416  0.2260326  -0.381354    0.25795272  0.21773383
  -0.06029316]
 [ 0.1692991   0.37596303  0.12882516  0.19303624  0.28424957 -0.12714918
   0.46424904]
 [ 0.10212325  0.35460457  0.2003464   0.07726044  0.74092966 -0.11024287
  -0.13208294]
 [-0.11635289 -0.17875418 -0.19081925 -0.02752101 -0.10822025  0.45586276
   0.35963663]
 [ 0.5783786   0.11301328 -0.06715554  0.17340285  0.25156188  0.4196852
  -0.06322736]
 [ 0.8264107  -0.37473962  0.33632416  0.08563849 -0.30726308 -0.21455263
   0.52955145]
 [-0.01966138  0.16948904  0.07826427 -0.11725943  0.10832491  0.4174392
   0.3230172 ]
 [ 0.26609197  0.2801314   0.2334961   0.40158775  0.01935136 -0.26116624
  -0.06445096]
 [-0.01006774 -0.00966782  0.10012961  0.3020265   0.14870651  0.27523267
   0.49277538]]
Peso 2:
[ 0.9081376   0.00643876  0.77872515 -0.1212494  -0.2598197   0.12530613
  0.6758881 ]
Camada: saida
Peso 1:
[[-1.4148166   1.3930416 ]
 [ 0.679308    0.35803625]
 [-1.2410234   0.9530323 ]
 [ 0.7591439  -0.07583162]
 [ 1.7928871  -1.176396  ]
 [-0.403807    0.29378015]
 [-1.2645631   0.858342  ]]
Peso 2:
[-0.16701743  0.16701847]



pesos modelo: 
Test loss: 0.6577, Test accuracy: 0.7995
Camada: meio
Peso 1:
[[ 0.23423952  0.15383822  0.18738312  0.30848926 -0.01801071  0.06986737
  -0.16946024]
 [ 0.1263503   0.19987832 -0.43584472  0.11773881  0.643729   -0.01818455
   0.69746846]
 [ 0.2098918   0.23391165 -0.24546148  0.49492773  0.30746374 -0.39490435
   0.37984097]
 [-0.25067124  0.22298475  0.23262821  0.05928836  0.5265     -0.085234
  -0.27267727]
 [-0.4140292  -0.15832804 -0.32294518 -0.18522513  0.29513747 -0.37580448
   0.13904627]
 [-0.47016415 -0.05611992 -0.33159727  0.05971015 -0.07238381  0.1599416
  -0.29847136]
 [-0.15952717 -2.027165    0.3431496  -0.95703244  1.2733086   0.20325169
   1.3530353 ]
 [-0.20407875  0.3314815   0.31564385 -0.00227773  0.22438715 -0.18458168
   0.05540153]
 [-0.10008065  0.2877276  -0.1932959  -0.06354409  0.1183694  -0.3030489
   0.06730398]
 [-0.34585336  0.66181177  0.39361537  0.7986934  -0.23460358 -0.18780124
  -0.05848778]
 [-0.1129714   0.05080019  0.31027117  0.3314176  -0.19387494  0.44979155
   0.37332296]
 [-0.00634123  0.19947645  0.40941373 -0.05390233  0.12001427  0.14015226
  -0.04942803]
 [ 0.01813402 -0.08040679 -0.19370888 -0.29715404 -0.02570042 -0.33786398
   0.31196594]
 [-0.16920064  0.31834555  0.2768495   0.03726658  0.41814926 -0.01719496
  -0.03281455]
 [-0.09063628  0.07705355  0.00880862  0.65223825  0.16237345  0.23577057
   0.39268377]
 [-0.30558485  0.75886196  0.4978189   0.6976538   0.20616522 -0.34267944
  -0.39710417]
 [-0.20251712  0.42700538  0.12674798  0.09629101  0.12831545 -0.20446166
   0.47236922]
 [ 0.4210123   0.27338582  0.47039276  0.11237069  0.42443988 -0.15274267
  -0.05834932]
 [-0.18285729  0.22772454 -0.45518202  0.2501833   0.3463926   0.03083741
   0.04685806]]
Peso 2:
[-0.01387388  1.0941701   0.02487348  0.7472957  -0.25362605  0.03681616
 -0.13841137]
Camada: saida
Peso 1:
[[ 0.2998559   0.06379085]
 [-1.8588616   1.8073453 ]
 [-0.7512464  -0.42848486]
 [-0.7933399   1.4469863 ]
 [ 1.6240871  -0.2706403 ]
 [-0.62952316  0.55715376]
 [ 1.153967   -0.9378846 ]]
Peso 2:
[-0.14955403  0.14955498]



pesos modelo: 
Test loss: 0.3542, Test accuracy: 0.8722
Camada: meio
Peso 1:
[[-2.35671401e-01  9.67070460e-02 -3.50156337e-01  3.69861126e-01
  -1.03651881e-02 -2.28737384e-01  1.62202537e-01]
 [-3.61447155e-01  4.27876003e-02  2.68318802e-02 -1.05212718e-01
  -2.12428898e-01 -3.95643294e-01  7.49419630e-02]
 [-4.54336166e-01 -1.07012205e-02 -2.10868895e-01 -4.01705712e-01
   8.32594931e-02  3.27497691e-01 -3.81211042e-02]
 [ 4.54722166e-01 -4.12480772e-01  5.76226413e-01 -2.73445308e-01
   2.14402363e-01 -1.22857675e-01  1.18342645e-01]
 [-1.57190231e-03 -1.41906098e-01  7.30120361e-01 -4.00027901e-01
   1.53427348e-01 -3.27384263e-01 -5.14510870e-01]
 [-4.22084108e-02 -3.12296778e-01  2.02196956e-01  2.21224412e-01
   1.78871527e-01 -3.83228719e-01 -1.53360944e-02]
 [-4.42509145e-01  3.93286720e-02  4.34051424e-01  1.79458842e-01
  -2.80161786e+00 -9.37647447e-02 -8.86676073e-01]
 [-3.93929958e-01 -1.20918520e-01  3.36319834e-01  2.18536004e-01
   2.47716680e-01 -2.93384939e-01 -1.89719453e-01]
 [-4.14804220e-01  2.76452303e-01  3.74479704e-02 -2.11111069e-01
   1.43125743e-01 -1.47446394e-01 -8.43324065e-02]
 [-1.37134612e-01 -9.65838209e-02 -9.69709828e-02 -4.07689571e-01
   9.60589290e-01 -2.90596247e-01 -1.23882115e-01]
 [ 1.34602115e-01 -2.84447223e-01 -2.42463741e-02 -2.23091900e-01
   6.49538189e-02  3.80896777e-01  3.74145657e-01]
 [ 1.91149667e-01 -9.54935178e-02  3.05519372e-01  1.87001243e-01
   1.72502726e-01  1.42264649e-01  9.09061078e-03]
 [ 1.10511608e-01  2.67066956e-02  3.83314639e-01 -6.72177076e-02
  -1.36543214e-01 -1.74097851e-01  3.29807997e-01]
 [ 4.19900268e-01  9.92151201e-02  4.10133600e-01  2.23648906e-01
   1.91592783e-01  4.32361782e-01  1.36054307e-01]
 [-4.62712616e-01 -1.70741547e-02  1.61870178e-02 -7.28233233e-02
   1.08023703e-01  3.74555409e-01  1.03555091e-01]
 [-3.98727387e-01  3.78908589e-02  1.67720998e-03  3.96076262e-01
   1.06450748e+00 -3.46310139e-01 -1.96631566e-01]
 [-8.09201896e-02  1.70632362e-01  1.03240728e-01  4.66923743e-01
   1.87992811e-01 -4.24080521e-01 -9.14139673e-03]
 [-1.47475779e-01 -2.58455485e-01  1.31393641e-01 -2.30565518e-01
   9.84769166e-02 -3.23469698e-01  2.28426665e-01]
 [-1.97514907e-01 -2.11847112e-01  2.55237609e-01  2.81687453e-02
   1.86565325e-01 -2.39964545e-01  2.27856301e-02]]
Peso 2:
[-0.01967935 -0.0654048   0.2687218  -0.02508283  1.9353352   0.0333587
  0.49985346]
Camada: saida
Peso 1:
[[-0.10402411 -0.11588904]
 [ 0.1708467   0.34178674]
 [ 0.32814628 -1.0717014 ]
 [ 0.23883872  0.13871974]
 [-2.2782984   2.7538636 ]
 [-0.7718309   0.07671557]
 [-0.96491814  0.7486701 ]]
Peso 2:
[ 2.4339712 -2.4339721]



pesos modelo: 
Test loss: 0.3804, Test accuracy: 0.8640
Camada: meio
Peso 1:
[[ 0.27551967 -0.05769396 -0.17699477 -0.36813715  0.18298423 -0.19446889
   0.19854122]
 [ 0.0545379   0.35776323  0.28165427  0.00564725  0.03900168 -0.03945962
   0.07788983]
 [ 0.39436302  0.33584768  0.02377804  0.14890297 -0.1790525   0.5499478
  -0.00763487]
 [-0.10036317 -0.00830679 -0.33796397 -0.04843051 -0.30034226  0.08250435
  -0.19514039]
 [ 0.04605571  0.53636426  0.23595865  0.35411474 -0.40207747 -0.05587262
  -0.03748361]
 [-0.16271403  0.00407582  0.0526127  -0.15654597  0.47603056  0.27370897
  -0.08504628]
 [ 0.23206878  2.3735309   0.82239485 -0.97567916 -0.1809848  -1.3889103
  -0.22987656]
 [-0.19905803  0.07222568  0.12797195  0.1961306   0.21845253  0.20523377
  -0.38545033]
 [ 0.20398918  0.21641178  0.23014225  0.46519828 -0.03755674  0.34451613
  -0.08181895]
 [ 0.01574489 -0.53671926  0.05148725  0.36520943 -0.14648624  0.76054764
   0.4959619 ]
 [-0.24175051 -0.1172746   0.3167583   0.43840048  0.13447556 -0.04497573
  -0.43685117]
 [-0.42795452  0.21309757  0.15128303  0.34412968  0.39607683  0.31983674
  -0.15995735]
 [ 0.19180515  0.4568138   0.21868135  0.13038911 -0.31242198  0.04159484
   0.04899675]
 [ 0.2164289  -0.16116925  0.01850626  0.15804654  0.23699091 -0.07950148
  -0.25909573]
 [-0.10261025  0.06987544 -0.33080557  0.01573008 -0.00301414  0.18633366
  -0.4170424 ]
 [-0.14424719 -0.7891699  -0.02361069  0.05954282 -0.26783535  0.665057
   0.04712716]
 [ 0.27473497 -0.18355158  0.33391005 -0.3281164  -0.2212939   0.28002572
  -0.3882759 ]
 [-0.3673801   0.07035407 -0.0933413   0.42246154 -0.41287547  0.0288241
   0.20305294]
 [-0.06354327  0.21140853 -0.02243197  0.12734884 -0.03731705  0.38924757
  -0.09464531]]
Peso 2:
[-0.05370843 -0.54002273 -0.18675275  0.42497045  0.01719851  1.0278549
  0.04204518]
Camada: saida
Peso 1:
[[ 0.6559046   0.23311533]
 [ 1.8832252  -1.7267281 ]
 [ 0.03863193 -0.90542966]
 [-0.9521612   0.5032066 ]
 [ 0.20881431  0.35036612]
 [-1.3795453   1.4890357 ]
 [-0.5828819   0.21548052]]
Peso 2:
[-0.6030572  0.6030577]



pesos modelo: 
Test loss: 0.3293, Test accuracy: 0.8796
Camada: meio
Peso 1:
[[ 4.29890811e-01 -1.12234950e-01 -4.69704539e-01 -4.57676083e-01
  -4.35899496e-02 -1.82228565e-01 -4.63205963e-01]
 [ 3.43935788e-01  4.20509636e-01  1.94338262e-01  7.94321895e-02
  -2.02119395e-01 -2.15555087e-01  5.09105682e-01]
 [ 2.68671393e-01 -1.37107581e-01  3.77424806e-01 -3.90096605e-01
  -1.15458034e-01  1.53725252e-01  2.76031613e-01]
 [-4.89185601e-02 -7.36533012e-03  3.91446829e-01 -1.71929687e-01
  -3.46411824e-01  3.99446964e-01  4.63764340e-01]
 [-9.41992104e-02  2.91515619e-01 -3.56036216e-01 -3.25878650e-01
   1.54017314e-01  3.02288264e-01  8.88259262e-02]
 [ 3.40344846e-01 -6.07856251e-02  3.36247236e-01 -7.33156651e-02
  -1.66810498e-01  4.63608913e-02  7.69349709e-02]
 [ 9.92639840e-01  1.74387777e+00 -1.81984794e+00  4.01314488e-03
   1.50111923e-02 -2.87227184e-01  1.30632508e+00]
 [-6.97185621e-02  1.50984019e-01  3.59904647e-01 -1.20623089e-01
  -2.39878207e-01  4.18971151e-01  2.52312452e-01]
 [-8.23668838e-02  1.68001786e-01  4.74949092e-01 -1.39272377e-01
  -3.66680652e-01 -4.05758232e-01  2.14631900e-01]
 [ 1.00788288e-02 -6.12692952e-01  6.51290536e-01 -2.21821383e-01
  -3.96848083e-01 -8.99058208e-02 -4.71219718e-01]
 [ 2.99097062e-03  2.43604168e-01  1.81786895e-01 -1.51927203e-01
  -1.54768825e-01 -7.53297880e-02 -3.53533208e-01]
 [ 3.00483584e-01  1.47547916e-01  3.30182791e-01  3.57669830e-01
  -1.61478447e-03  8.64103809e-02 -1.48746610e-01]
 [ 1.44386202e-01  3.53356063e-01 -1.26254857e-01 -4.37305659e-01
  -3.16866845e-01 -2.05489665e-01  1.21430740e-01]
 [ 3.67933333e-01  3.53657812e-01  5.35048068e-01  2.82354683e-01
   3.91569465e-01 -3.05994660e-01 -1.87184766e-01]
 [-2.45835289e-01  3.35037857e-01  2.62572110e-01  3.35845739e-01
  -1.50295854e-01  1.56367064e-01 -5.16060442e-02]
 [-4.57638234e-01 -3.89098227e-01  6.31416798e-01 -2.16448501e-01
  -7.19536990e-02 -6.84427992e-02 -2.43237257e-01]
 [-1.16622128e-01 -2.11440489e-01 -3.53477746e-02  2.95267791e-01
  -8.72318447e-02  2.93697208e-01  6.44512549e-02]
 [ 1.22838624e-01  2.04370916e-01  4.56815332e-01 -4.95567471e-02
  -5.36108762e-02  4.44636494e-02  2.27477327e-02]
 [-1.98615849e-01 -8.16570967e-02  1.10615507e-01 -8.31315760e-03
   1.77616209e-01  1.86766937e-01  1.18351787e-01]]
Peso 2:
[-0.04224705 -0.5245023   1.1822785   0.1035398  -0.07939296  0.0879307
 -0.17195776]
Camada: saida
Peso 1:
[[ 0.6491439  -0.7398679 ]
 [ 1.6925551  -0.9865227 ]
 [-1.4759592   1.9005371 ]
 [-0.04624538  0.71066177]
 [ 0.12139326 -0.6909934 ]
 [ 0.44677097  0.8833347 ]
 [ 0.5357487  -1.3872037 ]]
Peso 2:
[-0.54525095  0.545252  ]



pesos modelo: 
Test loss: 0.5832, Test accuracy: 0.8161
Camada: meio
Peso 1:
[[ 0.27042335 -0.23872106  0.41018182  0.20823133  0.15005189 -0.03895265
  -0.22428206]
 [-0.4626081   0.7652862  -0.42122567 -0.3136657  -0.03514477  0.5233814
   0.06319053]
 [ 0.23790361  0.3766748  -0.3390144   0.1494336   0.19430727 -0.11171781
   0.31453878]
 [-0.40247646  0.2574327  -0.3705225   0.42069268  0.16561219  0.43168747
   0.19974734]
 [-0.35580778  0.432924    0.4261284   0.06502028 -0.32505932 -0.4686906
   0.07187282]
 [-0.12218592 -0.06159965  0.18440603  0.22282869  0.19865939 -0.16924329
  -0.06313054]
 [-0.32081127  1.8772959  -0.317918   -0.28748375 -1.452683   -0.22698167
  -1.565423  ]
 [-0.33214357 -0.19158809 -0.17964047 -0.2879137   0.02528239 -0.37262854
   0.10789137]
 [-0.46439448  0.10866535  0.3469892   0.10153446  0.09115447  0.13504304
   0.18365598]
 [-0.32966924 -0.20320337  0.07583308 -0.39769447  1.0530689   0.07210835
   0.43040997]
 [-0.31661853  0.21206354  0.43722692 -0.17292562  0.2434558   0.2851332
   0.05262094]
 [ 0.3967494   0.5371849   0.34819594  0.40267873  0.53481114 -0.22657408
   0.11317835]
 [-0.33138368  0.04118967 -0.47612116  0.1778276  -0.19978799 -0.34139678
  -0.409837  ]
 [-0.35153252  0.26275384 -0.253312   -0.25120786  0.47823948 -0.14129648
   0.03494402]
 [-0.2362223   0.38152912 -0.3590596  -0.03488605  0.1369034   0.29300436
   0.39337042]
 [ 0.20881642 -0.13817663 -0.23655415  0.54615486  0.7356475  -0.19974606
   0.6686477 ]
 [-0.05018594  0.49235332  0.32092732 -0.13873762  0.5002114   0.44095019
   0.06748383]
 [ 0.19099201 -0.1537746   0.38575274 -0.00653293 -0.20145257 -0.34511107
   0.2971791 ]
 [ 0.08647333  0.42088315 -0.02445636 -0.11460236  0.13984986  0.34004825
   0.38592803]]
Peso 2:
[-0.04320655 -0.18302763  0.01619314  0.20160691  1.1363039   0.20144118
  1.0388064 ]
Camada: saida
Peso 1:
[[ 0.31784037 -0.7850467 ]
 [ 1.981738   -0.7434079 ]
 [-0.6122604  -0.34338248]
 [-0.21775073  0.55986494]
 [-2.04286     0.9562083 ]
 [-0.46843874  0.26187745]
 [-1.0833269   1.9197496 ]]
Peso 2:
[ 0.10604239 -0.10604281]



pesos modelo: 
Test loss: 0.3407, Test accuracy: 0.8843
Camada: meio
Peso 1:
[[ 4.42595482e-01 -4.60349917e-02 -3.13105404e-01  3.95803630e-01
  -3.03339541e-01 -2.90300250e-01 -3.12659860e-01]
 [ 5.39962590e-01  1.79097101e-01  1.26334578e-01 -1.17467701e-01
  -1.92739129e-01  4.11773115e-01 -3.34215723e-02]
 [ 1.11886337e-01  1.55324519e-01  2.47005254e-01  4.10567485e-02
   1.61562800e-01 -1.51441634e-01  3.11674178e-01]
 [ 6.18876554e-02  3.72835040e-01 -4.72838581e-01  4.96452093e-01
   2.52470016e-01  3.61978918e-01 -3.82146806e-01]
 [ 4.49923366e-01  6.87427446e-02 -2.40458995e-01 -2.72709988e-02
   1.57989144e-01  1.88453987e-01 -4.97414261e-01]
 [-6.46258295e-02 -1.17253922e-02 -2.67186433e-01  5.12800634e-01
  -1.86173096e-01 -4.58701432e-01  4.10346031e-01]
 [ 2.39152360e+00 -1.51698065e+00 -6.67500198e-02 -4.80436414e-01
  -7.69961655e-01  2.83614874e-01 -3.61280918e-01]
 [ 7.64739886e-02  4.21270877e-01 -4.33187246e-01  5.70323281e-02
  -3.05684686e-01 -3.05701375e-01  2.81543970e-01]
 [ 2.37081483e-01  6.03842318e-01  2.21364141e-01 -4.03562561e-03
   1.28180549e-01  2.52042323e-01 -1.63960069e-01]
 [-7.69744933e-01  2.91257232e-01 -4.33818519e-01 -2.77456790e-01
   5.63112786e-03  4.28445131e-01  7.43582174e-02]
 [-4.54493128e-02 -5.10337465e-02 -4.76135939e-01 -4.45669025e-01
  -1.77357450e-01  4.60877180e-01  5.06032884e-01]
 [ 7.69094331e-03  2.33204827e-01  2.24811167e-01 -9.28610936e-02
   3.29688460e-01  5.30314669e-02 -2.92460829e-01]
 [ 7.08887577e-01  6.80666566e-02  3.13506611e-02 -3.88160914e-01
   3.51473242e-01 -1.69423953e-01  3.34785461e-01]
 [ 7.46243075e-02 -1.73847601e-01 -1.29468232e-01  4.54167485e-01
   5.97594738e-01 -4.57996428e-01  4.24341351e-01]
 [ 6.52071908e-02  3.49528223e-01 -4.51912880e-01 -2.33028710e-01
  -2.28973523e-01 -7.24477842e-02  3.34753454e-01]
 [-7.98892736e-01  3.75140160e-01 -3.75278860e-01 -4.13831353e-01
   4.93527739e-04  3.92710716e-01  8.17242980e-01]
 [-5.86320907e-02  2.25940675e-01 -3.73266816e-01  1.89986169e-01
   1.12098061e-01 -2.81284809e-01 -2.06176087e-01]
 [-6.44738600e-02  1.09456405e-02  4.50146586e-01 -1.46548361e-01
   3.09988409e-01 -2.49173306e-02 -1.73808113e-01]
 [ 1.08638145e-01  3.61157686e-01 -2.00166792e-01  8.75179470e-02
   1.08547360e-01 -1.14406474e-01 -1.52805308e-02]]
Peso 2:
[-0.5798316   0.8446051   0.0224797   0.06469635  0.4312225   0.01344184
  0.48410296]
Camada: saida
Peso 1:
[[ 2.0826602  -1.8221793 ]
 [-1.737573    0.7560958 ]
 [-0.18249364  0.61685526]
 [ 0.18897149  0.53994435]
 [-1.0929786   0.18282107]
 [-0.7618963  -0.5548114 ]
 [-0.48243338  1.0146916 ]]
Peso 2:
[-0.68261737  0.6826222 ]



pesos modelo: 
Test loss: 0.4148, Test accuracy: 0.8560
Camada: meio
Peso 1:
[[-0.07615593  0.1352961   0.37203526 -0.18149543  0.3785903  -0.42745265
  -0.32439214]
 [ 0.15551883 -0.47203508  0.332187    0.22168279 -0.3910851   0.28714383
  -0.22462164]
 [ 0.2061592  -0.19852455 -0.2552173   0.08664971  0.04106724  0.41195107
   0.15662232]
 [-0.32069165 -0.15062724 -0.07052708 -0.1254832   0.12717609  0.05229768
   0.04643454]
 [-0.3180232  -0.19153562  0.40050188  0.756006    0.03133728  0.01395092
  -0.09639884]
 [-0.25745326  0.1234901  -0.05388586  0.336804    0.33528125  0.13470444
   0.17894009]
 [ 0.2774944  -0.40940496 -0.39496386  1.4705613  -1.0816107  -0.23867665
  -2.1609066 ]
 [-0.06484383 -0.29996544 -0.0145666   0.32352737 -0.11403479  0.06176463
   0.31383505]
 [ 0.35294673  0.114971    0.10125887  0.20428564 -0.1921403  -0.00327854
   0.31050333]
 [-0.3257389  -0.22848271  0.5233924   0.35256028  0.6695685  -0.34717917
   0.89016473]
 [-0.07228383  0.27210715 -0.01119892  0.50440496  0.2133802  -0.08908972
   0.30717754]
 [-0.0046878   0.1238486   0.27673635  0.00622839  0.10005494  0.2652257
   0.0682755 ]
 [-0.01838784  0.25316572 -0.45953497  0.5337171   0.50617284 -0.42845243
  -0.242611  ]
 [-0.2936092  -0.39977175 -0.00723357  0.1829761   0.071762   -0.1504338
   0.21337864]
 [ 0.15975189 -0.29850027  0.23403397  0.45266968  0.19087812  0.02752094
   0.2438094 ]
 [ 0.29486874  0.25981045 -0.26300776  0.1130768   0.7087345   0.05686587
   0.9307954 ]
 [-0.19111425 -0.24550971 -0.03486006 -0.07906996  0.19947894 -0.19826595
   0.06752212]
 [-0.19273202 -0.28149527 -0.2593448  -0.13514493 -0.22899213 -0.15782252
   0.1882346 ]
 [-0.36254486  0.23594317  0.09600587  0.16134451  0.15442815 -0.11655772
   0.15846494]]
Peso 2:
[-0.09437446 -0.1577273   0.11792617  0.06718294  0.5949169   0.06242988
  1.6989672 ]
Camada: saida
Peso 1:
[[-0.40426642 -0.24958526]
 [-0.01120912 -0.42220187]
 [-0.29651853  0.4775018 ]
 [ 1.2427944  -0.97377   ]
 [-0.16034567  1.6743727 ]
 [-0.4659618   0.00795633]
 [-2.407095    1.9376253 ]]
Peso 2:
[ 0.8120071  -0.81200683]



pesos modelo: 
Test loss: 0.2199, Test accuracy: 0.9058
Camada: meio
Peso 1:
[[-0.24888045  0.39360315 -0.4036898   0.39538056 -0.3227275  -0.27238253
  -0.05651176]
 [-0.15809186  0.36719579 -0.09877702  0.43624112 -0.16383116  0.40379894
  -0.2613765 ]
 [ 0.19482933  0.08117381 -0.2993316  -0.02033903 -0.13330421  0.18045528
   0.5523894 ]
 [ 0.19873261  0.2959244   0.44915757  0.23235357 -0.4768109   0.05504039
   0.1823876 ]
 [ 0.2514569  -0.28815618 -0.17782858  0.1912588  -0.5255805   0.6724517
  -0.34097344]
 [ 0.47745222  0.3011724  -0.02219836 -0.16240005 -0.11517892  0.07025328
  -0.09478381]
 [-1.5445428   0.81425685  0.25549594 -0.8154414   0.26864263  2.30424
  -0.7085109 ]
 [ 0.01186257  0.22120821 -0.41722605 -0.01019676  0.01384564  0.024784
   0.53855616]
 [ 0.27847016  0.32532594  0.44060028  0.4741926   0.29697162  0.10429645
   0.16313   ]
 [ 0.45445576 -0.38848588 -0.19979228 -0.16133323 -0.3770565  -0.57665515
  -0.06693242]
 [ 0.40285918  0.10416312  0.35405627 -0.33369324 -0.03244475 -0.02574265
  -0.05821168]
 [-0.22199939 -0.34915894 -0.2996306   0.4733459   0.02403547  0.11624729
   0.5271339 ]
 [ 0.03844183  0.30061722  0.14529018 -0.17384076 -0.20147878  0.28020456
  -0.31393892]
 [ 0.5961947   0.14393161  0.43224928 -0.10937335  0.07414941  0.19090155
   0.02089097]
 [ 0.44321907  0.09125038 -0.09808163  0.42557582 -0.2755385   0.28843617
   0.06959403]
 [ 0.5528532   0.2476978  -0.3847428   0.47877082 -0.3548709  -0.63051254
  -0.29867226]
 [ 0.4000842   0.13036007 -0.38000506  0.03929507  0.20518124  0.2770172
   0.4890576 ]
 [ 0.1400564   0.03031419  0.0914427  -0.2616391   0.38785315 -0.07238289
   0.1986439 ]
 [ 0.09821004 -0.4241779   0.190935   -0.12068813 -0.08024658 -0.03077129
  -0.1415952 ]]
Peso 2:
[ 8.4657204e-01 -1.0184410e-01 -5.5320119e-04  4.2225152e-01
 -5.2390818e-02 -6.5719926e-01  5.7518381e-01]
Camada: saida
Peso 1:
[[-1.6021689   1.0339024 ]
 [ 0.79244787 -0.10129347]
 [ 0.51786804  0.25021136]
 [-0.7805097   0.41359213]
 [-0.38079473  0.44537723]
 [ 1.7211545  -1.8686775 ]
 [-0.7314747   0.84510934]]
Peso 2:
[-0.67492366  0.6749275 ]



pesos modelo: 
Test loss: 0.4168, Test accuracy: 0.8446
Camada: meio
Peso 1:
[[ 0.14556724 -0.31186786  0.2611903  -0.35837737 -0.22974366  0.12441397
  -0.02761301]
 [ 0.27390584  0.29681665  0.32569155  0.4132998   0.55522543 -0.2317792
   0.27643135]
 [-0.00412595 -0.00660933 -0.47657254 -0.00443584 -0.10551394  0.0845876
  -0.19201562]
 [-0.09619667 -0.18647762  0.40940234  0.08053616  0.23463847  0.43679
   0.48060662]
 [ 0.06231089  0.1303617   0.3117974   0.05617344  0.6184358   0.09746373
   0.42261   ]
 [-0.20101711  0.2588181  -0.06727712  0.06598884  0.14255472  0.40525216
  -0.20313059]
 [ 0.4049414  -0.3405228   0.22885409 -0.69278586  2.3575282  -1.5281795
  -0.55985636]
 [ 0.36762732 -0.37513706 -0.18820667  0.46881008  0.06164556  0.11607427
  -0.29555818]
 [ 0.2936338  -0.3902391  -0.2568374   0.21101445  0.00595213  0.17578325
  -0.38194215]
 [-0.02094454  0.14138246  0.26807147 -0.16764781 -0.7634936   0.2584488
   0.18657702]
 [-0.3407823  -0.10957389  0.02003453 -0.36864895 -0.13772574  0.1512525
  -0.28621936]
 [-0.44896063 -0.14418304  0.2792998   0.24266423  0.05089876  0.24705394
  -0.36697575]
 [-0.24474353 -0.4486948   0.20362343 -0.1090105   0.6742835   0.28661335
   0.24346393]
 [ 0.17680335 -0.44331113  0.38898957  0.31711197  0.0681441   0.14303674
   0.5757298 ]
 [ 0.1060484  -0.12923928  0.11878854  0.05185138 -0.03081546  0.20698553
  -0.39252412]
 [ 0.30693117 -0.25223774 -0.16362523  0.1030553  -0.757965    0.4261145
  -0.3329529 ]
 [ 0.19941737 -0.4824261  -0.22625494 -0.16588436  0.02279849  0.28040516
  -0.05577252]
 [-0.08005966 -0.29961395  0.00302577 -0.25704524  0.10244013  0.5400228
  -0.22422093]
 [-0.13765542  0.0149074  -0.17252354  0.1752975   0.26773617  0.52495396
   0.07678975]]
Peso 2:
[-0.01709625 -0.12088763 -0.00304453  0.4210057  -0.6461414   0.951526
  0.24274038]
Camada: saida
Peso 1:
[[ 0.7068195   0.6586055 ]
 [ 0.5625501  -0.6130157 ]
 [-0.47039908 -0.57036704]
 [-1.1953624  -0.0299702 ]
 [ 2.0893059  -1.8459908 ]
 [-1.1432769   1.577996  ]
 [-0.45220223  0.62492675]]
Peso 2:
[-0.8614015   0.86140436]



pesos modelo: 
Test loss: 0.2724, Test accuracy: 0.8981
Camada: meio
Peso 1:
[[-2.14740574e-01  3.69944572e-01 -1.22306377e-01 -3.49530518e-01
   4.42782283e-01  9.15976763e-02 -8.70527923e-02]
 [-4.59719123e-03  7.05822885e-01 -8.99946541e-02 -3.66073132e-01
   3.83332491e-01  3.07270974e-01 -4.09993887e-01]
 [ 1.31971583e-01  3.84561606e-02  3.01719969e-03 -3.50211352e-01
  -1.51315972e-01  1.15400143e-01 -1.97156385e-01]
 [ 9.82276052e-02 -4.64311764e-02 -5.76042756e-02  2.42420584e-02
  -3.25612754e-01  3.24794054e-01  2.92189866e-01]
 [-2.24703237e-01  3.43064338e-01  2.16899723e-01  2.14104983e-03
  -3.29363704e-01  8.10951740e-02 -3.90414089e-01]
 [ 2.05046222e-01  1.21068463e-01  1.40606552e-01 -4.52423185e-01
   1.23563474e-02  2.75149018e-01  6.31272867e-02]
 [-2.23349404e+00  1.88774383e+00 -2.28309020e-01 -2.43195713e-01
   1.54868975e-01 -4.19125050e-01 -3.81616384e-01]
 [ 4.64307845e-01  4.69754934e-01 -5.08115925e-02  1.61315009e-01
   2.91894644e-01  1.21716149e-01 -4.47667465e-02]
 [ 2.19138101e-01  5.47903031e-02  3.18303108e-01  2.99184114e-01
  -2.98870541e-02 -3.60475749e-01 -3.85772794e-01]
 [ 8.69442463e-01 -3.10612649e-01  1.55691564e-01 -4.11149472e-01
   4.73672450e-01  2.74762899e-01 -3.80117953e-01]
 [ 2.84424663e-01  1.06078930e-01 -4.02772993e-01 -4.51828450e-01
  -1.00167744e-01 -1.96925346e-02 -3.39156799e-02]
 [ 3.44390981e-02 -1.45832866e-01 -4.46240634e-01  3.59665990e-01
  -2.15873733e-01  4.62053686e-01 -4.36131090e-01]
 [ 9.66273025e-02  7.71785617e-01 -2.90186882e-01 -1.78942248e-01
  -1.31617963e-01  9.25064832e-02 -1.68848380e-01]
 [ 4.05915320e-01  3.00110251e-01 -1.58249661e-01  5.30112498e-02
  -2.28307527e-02 -1.60347238e-01 -2.93665260e-01]
 [ 1.51034415e-01 -9.48105752e-02 -1.55061230e-01 -3.08294982e-01
   3.97571236e-01 -4.00541753e-01 -2.11467668e-01]
 [ 8.84128451e-01 -1.98732346e-01 -2.75464565e-01 -3.40196937e-01
  -1.43930390e-01 -1.18480317e-01  3.31718713e-01]
 [ 1.71915665e-01  3.27286660e-03  4.58372563e-01 -2.98177063e-01
  -3.62711966e-01 -2.92884648e-01  2.47587547e-01]
 [ 3.45410138e-01  3.26764077e-01  5.30910909e-01 -1.87368184e-01
   3.28436047e-02  1.73196197e-01 -2.04066470e-01]
 [ 2.16987118e-01  9.50421616e-02 -7.09394692e-03 -5.40344752e-02
   4.18576896e-01 -4.41154186e-03 -3.71065676e-01]]
Peso 2:
[ 1.2811971  -0.3973191   0.13881429  0.01020444 -0.02475506  0.0896716
  0.00450659]
Camada: saida
Peso 1:
[[-1.7464107   2.2569358 ]
 [ 1.7627761  -1.1834073 ]
 [-0.60940635  0.07811598]
 [ 0.10387295  0.35948998]
 [-0.72112054 -0.64355063]
 [ 0.26383704  0.83111   ]
 [-0.16655307 -0.02860401]]
Peso 2:
[-0.24528106  0.24528189]



pesos modelo: 
Test loss: 0.4418, Test accuracy: 0.8518
Camada: meio
Peso 1:
[[ 0.34508187  0.15327805  0.323775   -0.01472625 -0.02145389 -0.44353062
   0.33590633]
 [-0.3142279  -0.20000537 -0.33057153  0.56483674  0.4494015  -0.05648893
  -0.3053614 ]
 [-0.29784635 -0.19294186  0.4090185   0.10832666  0.44689935  0.3061581
   0.38742888]
 [-0.0105439  -0.37657818 -0.20658104 -0.13067006 -0.17927139  0.05300105
   0.09925485]
 [ 0.0435527  -0.03714499 -0.13844436  0.65825856 -0.3550943  -0.01232627
   0.066045  ]
 [-0.29554367  0.26999474 -0.12088059  0.11828958  0.4025695   0.30643392
  -0.1412351 ]
 [-0.22748381  0.10522036  0.20237602  1.7902011   0.6224435  -2.1764627
  -0.20049472]
 [-0.13923527 -0.3138839  -0.09393916  0.10215954  0.08388941  0.26452136
  -0.03420439]
 [-0.48418358 -0.46225193 -0.19789313  0.13191298 -0.15948541  0.25780642
  -0.36631462]
 [-0.33903372 -0.29800555 -0.10432342 -0.4809795   0.25683293  0.7477085
   0.08970686]
 [ 0.14326571  0.42891103  0.14633584  0.07973275  0.5314354   0.28110975
  -0.32775334]
 [-0.40293297 -0.29751924  0.34313422  0.2413463   0.42194924  0.40599018
   0.15411164]
 [-0.14469951  0.15218884  0.15672036  0.6764138   0.4925954   0.0870671
   0.4366287 ]
 [ 0.38681328 -0.02687973 -0.24933001 -0.02991423 -0.28499267  0.08605479
  -0.07130416]
 [-0.2911838  -0.40700722 -0.47388417 -0.05945582  0.03252609  0.12102853
  -0.08149334]
 [ 0.42533648  0.53273594  0.11148102 -0.8267015   0.35474518  0.6975
  -0.28360572]
 [-0.31656557 -0.34381613  0.01339719  0.105785   -0.3605704   0.21478371
   0.29648256]
 [-0.25253817  0.3690759   0.25757867 -0.06087844 -0.34772655  0.04982984
  -0.35784695]
 [ 0.01514559  0.41191983 -0.11656991  0.13786219 -0.3441125   0.2072758
  -0.04663407]]
Peso 2:
[-0.04277476  0.00689488 -0.00280861 -0.6508701  -0.01247308  1.2246583
  0.03337143]
Camada: saida
Peso 1:
[[ 0.75182956 -0.03959433]
 [-0.2118552   0.45950642]
 [-0.04026629 -0.2073879 ]
 [ 1.5908344  -1.6621245 ]
 [ 0.78485835  0.25574052]
 [-1.9996618   1.7537683 ]
 [ 0.46622202  0.71047777]]
Peso 2:
[-0.44665796  0.44665956]



pesos modelo: 
Test loss: 0.3409, Test accuracy: 0.8658
Camada: meio
Peso 1:
[[ 0.00743088 -0.2765993   0.23341066 -0.11828214 -0.28194988  0.0602172
   0.35195166]
 [-0.02042699  0.41166273  0.12946431  0.72147775 -0.1363645   0.21057293
  -0.36468917]
 [ 0.35383138 -0.24368711  0.32804877  0.3117019   0.29412416 -0.5031388
  -0.01894664]
 [ 0.29592916 -0.3178535  -0.04517863  0.33777755 -0.48971173 -0.3495388
  -0.31403756]
 [-0.21841164 -0.09071928  0.03454917  0.30397418 -0.44318908 -0.04577515
   0.28645676]
 [ 0.0089279  -0.28432968 -0.08021677 -0.21421508  0.23252045 -0.26519188
   0.10061382]
 [-2.1815739  -0.12058505  0.540964    1.8064321  -0.46181566  0.12280343
   0.5057515 ]
 [ 0.30553684  0.4119106  -0.29074213  0.24790098 -0.23047452 -0.45301738
   0.4296153 ]
 [ 0.27533925 -0.30732942  0.30573493  0.07344984  0.15476748 -0.47694868
   0.47291714]
 [ 0.7864606  -0.3043108   0.05913118 -0.34113374  0.10813674  0.2051672
  -0.04405075]
 [ 0.1400841  -0.01806897  0.19957972 -0.07092267 -0.50821984  0.04562614
   0.14944407]
 [ 0.04263151 -0.36510924 -0.30018705 -0.04515667 -0.31441975  0.06647474
  -0.3597273 ]
 [ 0.00746862  0.38602138 -0.19733398  0.66364926 -0.12365156 -0.33275077
   0.34628245]
 [ 0.3996753  -0.02871609  0.01369429  0.3401429  -0.4007813   0.16463603
   0.47070822]
 [ 0.16835973 -0.17752102  0.38489306 -0.04554084  0.29684424 -0.26534846
   0.01683657]
 [ 1.1350332   0.50911385 -0.06683892  0.16584705  0.27818125 -0.20003727
   0.3768722 ]
 [ 0.30829906 -0.01793744 -0.20568009  0.29211438 -0.25612584  0.27355853
   0.2920828 ]
 [ 0.13795173 -0.36565828  0.1933919  -0.00603621 -0.37997472  0.27350658
  -0.16221577]
 [ 0.00441654  0.08267781 -0.10973279 -0.18488342 -0.27341166 -0.21251646
   0.08691091]]
Peso 2:
[ 1.5101968   0.04422754 -0.01366032 -0.24991757 -0.18413381 -0.20493406
 -0.03486869]
Camada: saida
Peso 1:
[[-2.2160313   2.0760639 ]
 [ 0.44940737  0.7927094 ]
 [ 0.31963545 -0.32719383]
 [ 0.881954   -1.7676371 ]
 [ 0.5404201  -0.7466327 ]
 [ 0.47224987 -0.5327685 ]
 [ 0.61389107  0.0055528 ]]
Peso 2:
[-0.11820379  0.11820304]



pesos modelo: 
Test loss: 0.2454, Test accuracy: 0.8970
Camada: meio
Peso 1:
[[ 4.39637780e-01  1.37712002e-01  7.77156353e-02 -9.12196934e-02
  -3.09391677e-01 -3.64731252e-02  3.91586423e-01]
 [-2.81881779e-01 -2.67323971e-01  7.05506429e-02  3.59229743e-01
  -2.52618253e-01  2.03512579e-01 -7.05215186e-02]
 [ 1.86937228e-01  3.78759056e-01  5.80267347e-02 -6.62122294e-02
   1.28944486e-01 -4.15434718e-01 -2.53429383e-01]
 [-3.45523953e-01 -4.18405235e-01  1.92800522e-01 -4.19498160e-02
   2.03363933e-02 -3.57622176e-01  2.57365346e-01]
 [ 6.11186847e-02  2.40898848e-01 -1.41331062e-01  3.66813362e-01
   5.59722595e-02 -1.69206843e-01  1.72867730e-01]
 [-3.78304459e-02  4.22199488e-01  2.35450864e-01  1.82831392e-01
   2.18740225e-01  3.77041876e-01 -1.67195708e-01]
 [ 1.67817418e-02  1.56123817e-01 -1.50613499e+00  2.08373022e+00
  -1.60842907e+00 -2.09794909e-01 -4.48164083e-02]
 [ 2.12344062e-02 -3.08288783e-01  2.62148172e-01  3.24953049e-01
   4.30002183e-01 -4.35486764e-01 -3.22739810e-01]
 [-2.54065484e-01 -3.40481341e-01 -1.09219320e-01 -5.58472052e-02
   3.00512105e-01 -3.06771398e-01 -6.13072235e-03]
 [-4.63294148e-01  2.67460018e-01  7.86898613e-01 -5.18342435e-01
   1.33355364e-01  4.41265181e-02  2.98925847e-01]
 [-1.11975804e-01  1.88756764e-01  3.00617684e-02  1.13628753e-01
   2.68332154e-01  2.53467947e-01  3.00164819e-01]
 [-3.98271263e-01 -2.40023360e-01  1.03377149e-01 -1.89148977e-01
  -1.61174163e-01  3.39777201e-01 -2.05168352e-01]
 [ 1.85372025e-01  4.09737051e-01 -2.07653686e-01  6.41172945e-01
   4.08355713e-01  2.10436046e-01 -4.17085975e-01]
 [ 3.61186624e-01 -7.92606845e-02  2.93430567e-01  2.95367926e-01
   2.87565976e-01  1.27848715e-03  4.49197561e-01]
 [-2.46543765e-01  1.15595497e-01  2.83730894e-01  2.42619812e-01
   1.96100101e-01  1.13949560e-01 -3.53733599e-01]
 [ 6.79301023e-02  3.46214890e-01  5.43680727e-01 -3.27270925e-01
   6.02383316e-01  3.83033961e-01  7.02436194e-02]
 [-7.28458986e-02  3.73072088e-01  2.66343117e-01 -6.66891485e-02
  -1.03064753e-01 -3.12586948e-02 -2.18614921e-01]
 [-3.65281314e-01 -4.37587589e-01  3.65245640e-01  1.04207598e-01
  -6.98342323e-02  4.38952118e-01  9.51944217e-02]
 [ 1.61259070e-01  1.27921358e-01  3.18184704e-01  1.64951757e-01
   1.94203064e-01 -4.60461378e-01 -4.09628630e-01]]
Peso 2:
[-0.01558654 -0.01161602  0.8851396  -0.30506536  0.8619539   0.08901657
  0.08979838]
Camada: saida
Peso 1:
[[ 0.6245319   0.51988035]
 [-0.4716918  -0.40045872]
 [-0.9250021   1.7961301 ]
 [ 1.9527048  -1.2686394 ]
 [-1.5318472   1.2065632 ]
 [ 0.07664921  0.55888575]
 [-0.80610603 -0.33279052]]
Peso 2:
[-0.18104987  0.1810499 ]



pesos modelo: 
Test loss: 0.7690, Test accuracy: 0.7728
Camada: meio
Peso 1:
[[-4.01575863e-01 -1.73477232e-01 -3.51204872e-01 -1.28074110e-01
   4.05878723e-01 -3.06625724e-01 -4.17646945e-01]
 [ 2.69335359e-01  2.48060554e-01 -4.42425013e-01  2.86491007e-01
  -3.86687696e-01 -2.00348109e-01  1.53044075e-01]
 [ 3.78900081e-01 -1.49819553e-01  2.36200333e-01 -3.96402806e-01
   1.46293372e-01  1.83468640e-01 -1.34520382e-01]
 [ 8.74552131e-02  5.98410070e-01 -9.20633227e-02  2.42940202e-01
   9.51957181e-02  3.49692017e-01  2.56463975e-01]
 [ 2.62452602e-01 -3.45624089e-01 -4.99717258e-02  8.96642730e-02
   3.45664233e-01 -2.04399198e-01  4.30433720e-01]
 [-5.04242703e-02  4.25784111e-01  3.03722829e-01 -3.68469119e-01
  -3.25520754e-01  4.74327177e-01  1.38395131e-01]
 [ 9.16304469e-01 -7.16197312e-01 -1.49131417e-01 -2.10339978e-01
  -8.54808390e-01 -1.03424394e+00  2.31597471e+00]
 [-3.65662366e-01  3.20716918e-01 -2.61323303e-02  1.65493220e-01
   4.23032761e-01 -3.89082640e-01  5.33494279e-02]
 [-1.41259253e-01 -2.21177891e-01  4.10286248e-01 -1.03759624e-01
   4.49259967e-01 -3.08454782e-01 -8.82734954e-02]
 [ 7.56239891e-02 -3.25188428e-01  2.33705461e-01 -1.67617232e-01
   7.25998640e-01  8.85838687e-01 -4.16391969e-01]
 [ 2.14614004e-01  2.92607516e-01  2.46014044e-01  1.22726493e-01
  -1.67905018e-01  4.10440326e-01  2.61487626e-02]
 [ 1.25582755e-01 -2.56791055e-01  3.97533000e-01 -2.66904652e-01
   3.98179382e-01  3.06853771e-01  2.25358874e-01]
 [ 2.25272536e-01  1.63282171e-01 -4.37532142e-02  2.00148821e-01
  -1.89773947e-01  3.05411667e-01  6.52904987e-01]
 [-8.48159660e-03 -2.69950211e-01 -4.15827066e-01 -4.50442374e-01
  -9.24120247e-02  4.00547653e-01 -7.37278312e-02]
 [ 1.69303432e-01  2.92574465e-01  3.80758882e-01 -4.76225466e-02
   1.87705029e-02 -4.43518534e-02 -1.66162506e-01]
 [-4.55015242e-01  2.39937052e-01  7.19819739e-02 -1.29215345e-01
   2.93930531e-01  5.02510011e-01 -5.68570435e-01]
 [ 3.14520270e-01  5.44567645e-01 -4.56612289e-01 -1.87985107e-01
   4.53231037e-01  3.78038287e-01  3.79522115e-01]
 [ 2.81891692e-02 -2.77347177e-01  2.15071484e-01 -3.12803537e-01
   5.71086779e-02  5.75209200e-01  2.19745487e-01]
 [ 1.84258878e-01 -6.07949644e-02 -1.97552428e-01  1.07597068e-01
   3.73712003e-01  1.22704178e-01 -2.26979703e-03]]
Peso 2:
[-0.33450115  0.41458258  0.12005719 -0.05803308  0.72733563  0.7914257
 -0.5176665 ]
Camada: saida
Peso 1:
[[ 0.5025354  -1.0007448 ]
 [-0.81258625  0.4054006 ]
 [ 0.2534543   0.79336154]
 [-0.32325426 -0.53677434]
 [-1.2165877   0.9422227 ]
 [-1.2338322   1.172382  ]
 [ 1.8511381  -1.6107323 ]]
Peso 2:
[-0.5123116   0.51231396]



pesos modelo: 
Test loss: 0.2642, Test accuracy: 0.8904
Camada: meio
Peso 1:
[[-1.14172250e-01  1.20687425e-01  3.14786851e-01  1.67588592e-02
   3.22337508e-01 -3.37388813e-01  2.64522970e-01]
 [-9.36990306e-02 -2.52102286e-01  8.03793907e-01  2.47217491e-01
  -6.89748302e-02  1.33527458e-01 -3.50813240e-01]
 [-2.46869043e-01  2.92569041e-01  1.88779354e-01  1.12675235e-01
   2.82060206e-01 -2.48386860e-01  2.93534845e-01]
 [-2.95389265e-01  2.13146448e-01  4.16559458e-01  2.16400951e-01
   1.34759948e-01  1.04916885e-01 -1.06466003e-01]
 [-2.63063610e-02  2.94752466e-03  6.49744093e-01 -1.17922850e-01
   1.34994715e-01 -1.01546630e-01 -4.25819010e-01]
 [ 1.77271128e-01  1.93034649e-01  2.32349202e-01  1.35436103e-01
  -7.80618712e-02  3.67777407e-01 -4.14463252e-01]
 [ 1.23317763e-01 -1.04493117e+00  9.79403913e-01 -2.27728796e+00
  -1.11218798e+00 -1.04482615e+00 -1.82516485e-01]
 [-2.14574605e-01  1.34289518e-01  6.28321409e-01  2.48937011e-01
   2.81391799e-01  3.47035319e-01 -4.60907102e-01]
 [-9.29600522e-02  2.44868904e-01  4.33214575e-01  3.58762182e-02
   4.10283983e-01  2.26555035e-01 -1.59213752e-01]
 [-2.75850266e-01  8.52688491e-01  5.98768257e-02  1.99608326e-01
   7.76540697e-01  5.24390996e-01 -1.20309636e-01]
 [-6.78874701e-02  1.63935926e-02  3.45664591e-01  2.08874568e-01
   4.08093482e-01 -6.19902685e-02 -4.32912588e-01]
 [-1.59865655e-02  3.02099556e-01  4.05388772e-01  1.96457103e-01
   2.57763062e-02  1.65311947e-01  1.46152407e-01]
 [-3.59422833e-01 -4.68913198e-01  5.48971295e-01  2.96914220e-01
  -2.90733725e-01  2.89875656e-01 -1.37663737e-01]
 [-1.08527802e-02  3.05164069e-01  8.84395763e-02  5.97600266e-02
  -8.71193111e-02  1.05443239e-01 -5.70733100e-02]
 [-2.89746076e-01 -1.79928029e-03 -1.10859714e-01  1.28516600e-01
   1.57827914e-01 -2.37268806e-01 -3.64017347e-03]
 [-1.61888435e-01  4.54281986e-01 -2.37135485e-01  7.21165836e-01
   1.73560321e-01  2.18670815e-02 -2.75284168e-03]
 [ 8.72768089e-02  1.46489158e-01  7.95448497e-02  5.80223911e-02
   2.35405073e-01 -3.58651653e-02  1.10535085e-01]
 [ 3.46257120e-01  2.49986127e-01  2.37745404e-01  1.19437948e-01
   1.41014503e-02  2.36229688e-01 -1.75027698e-01]
 [ 3.02972347e-01 -1.23994313e-01 -7.18255353e-04  1.34906352e-01
   1.04592897e-01  2.77122647e-01  3.19830984e-01]]
Peso 2:
[-0.15865053  0.8694075  -0.0354455   1.0922647   0.5061836   0.24163075
 -0.04255269]
Camada: saida
Peso 1:
[[-0.07678957  0.44435737]
 [-0.34411767  1.8087218 ]
 [ 1.9133079  -0.34068918]
 [-1.6589073   1.7708089 ]
 [-0.70529217  1.2114534 ]
 [-0.9315273   0.33529875]
 [-0.1422238  -0.58544654]]
Peso 2:
[ 0.44728115 -0.4472797 ]



pesos modelo: 
Test loss: 0.8027, Test accuracy: 0.7857
Camada: meio
Peso 1:
[[ 4.54915166e-01 -2.21231699e-01 -5.09681404e-02 -3.83307338e-01
   1.95314229e-01 -2.54656374e-02  1.71544969e-01]
 [-2.88789153e-01 -1.16995551e-01 -2.93999761e-01 -2.96308935e-01
   4.61814106e-01  2.32707515e-01 -3.37224841e-01]
 [-2.28520498e-01  2.78751642e-01  5.56749165e-01 -4.39492553e-01
   6.65391758e-02 -3.52371752e-01 -1.46180943e-01]
 [-1.04101405e-01  3.62579226e-01 -6.78427592e-02  3.73754487e-03
  -2.26122532e-02 -1.27171457e-01 -1.73978254e-01]
 [ 2.60939568e-01 -1.96030647e-01 -5.28120846e-02 -3.27545047e-01
   6.43877327e-01  2.42735237e-01  2.30803877e-01]
 [ 3.38050514e-01  2.42526785e-01  2.70687819e-01  4.82992172e-01
   1.74949035e-01 -3.06775063e-01  2.23947719e-01]
 [-5.92205077e-02 -1.32556283e+00 -1.32621363e-01  2.41999164e-01
   2.32985973e+00 -2.25946054e-01 -9.79305983e-01]
 [-1.18973970e-01 -8.11004266e-02 -2.15257466e-01 -3.07201982e-01
  -7.31934011e-02  3.96488488e-01  3.01844120e-01]
 [ 2.92636633e-01 -1.73530698e-01  1.27138346e-01 -2.94519782e-01
  -1.96541101e-01 -1.87265389e-02  1.56891555e-01]
 [ 9.63788386e-03  6.96388602e-01  4.30056810e-01 -3.67705107e-01
  -5.39413810e-01  1.56011865e-01  6.42849743e-01]
 [-1.27158299e-01  1.69688225e-01  5.27513564e-01  4.27072227e-01
   1.34421512e-01 -5.36055528e-02  1.70874253e-01]
 [ 1.01642676e-01  3.44538122e-01 -3.69022816e-01  3.25997137e-02
  -1.45722076e-03  4.03864324e-01 -1.71135500e-01]
 [-3.93140018e-01  1.67430922e-01 -4.23187196e-01 -1.10881425e-01
   8.53814662e-01 -5.46416104e-01  3.71385098e-01]
 [-4.64189321e-01 -3.82619500e-02  2.32505649e-01  2.53629368e-02
  -3.56448703e-02  4.43658233e-01  1.66600361e-01]
 [-2.71121621e-01  1.22797437e-01 -1.63818356e-02  2.06810877e-01
   6.25302047e-02 -2.91907430e-01  3.58103186e-01]
 [-2.98902571e-01  9.62400615e-01 -1.84224367e-01  4.84254152e-01
  -6.67824149e-01 -9.14840251e-02  9.85797048e-02]
 [ 4.92516719e-02  5.15574872e-01  6.17978632e-01 -3.90650146e-02
   1.94269031e-01 -2.95156445e-02 -2.21712872e-01]
 [-3.44553113e-01  1.75061971e-01 -3.35501969e-01 -3.89422208e-01
   7.78916031e-02  3.48502249e-01  3.13950688e-01]
 [ 3.13771456e-01  2.07246691e-01 -1.66317627e-01  3.88954610e-01
   4.75132018e-02  2.34904930e-01  1.41548291e-01]]
Peso 2:
[-0.14562477  0.9716924   0.39387333  0.08750635 -0.7972002   0.07737978
  0.6105283 ]
Camada: saida
Peso 1:
[[-0.15973614 -0.5547822 ]
 [-1.5377009   1.113109  ]
 [-0.6074597   0.37372294]
 [-0.7688725  -0.32086498]
 [ 1.831956   -1.8210504 ]
 [-0.13592368  0.3184725 ]
 [-0.89476764  0.9312762 ]]
Peso 2:
[-0.60518914  0.6051919 ]
