


pesos modelo: 
Test loss: 1.5894, Test accuracy: 0.6975
Camada: meio
Peso 1:
[[-1.7839730e-01  1.6450882e-04 -2.0526206e-01 -1.8033969e-01]
 [ 2.8881061e-01  1.3664679e-01  3.9153969e-01  4.8313382e-01]
 [ 3.9071319e-01  1.5106960e-01 -1.4536062e-01 -1.7228412e-02]
 [ 2.2458291e-01  1.4582351e-01  4.5522290e-01  4.8900619e-01]
 [ 4.2679808e-01  1.9691195e-01 -3.8096645e-01  2.6890072e-01]
 [ 1.4161961e-01 -1.0031835e-02  4.2657900e-01  2.4444534e-02]
 [ 3.9262708e-02 -1.1685022e-01 -4.6589333e-01 -4.4409832e-01]
 [ 8.5100263e-02 -3.6670543e-02  4.7018328e-01 -3.4508538e-01]
 [ 1.2210034e-01 -3.1269599e-02 -4.2172983e-01  9.2373893e-02]
 [ 2.5468594e-01  5.3688049e-02 -2.4687958e-01 -2.5511923e-01]
 [ 2.5872058e-01  1.2445365e-01  2.0277604e-01  4.1140532e-01]
 [ 4.0936333e-01  1.7139329e-01 -2.1280962e-01 -1.9032802e-01]
 [ 5.9220248e-01  3.2714322e-01 -2.6264903e-01 -4.0910745e-01]
 [-2.4935736e-01  4.9061954e-01 -3.8550428e-01 -1.5119022e-01]
 [-5.8403075e-01  3.0726054e-01  4.6727175e-01  1.3902868e-01]
 [ 8.3445466e-01 -7.1166706e-01  3.1410384e-01 -2.0526442e-01]
 [ 1.2689303e-01  8.7950337e-01  3.0602589e-01  1.2896008e-02]
 [ 7.5134051e-01 -9.3778372e-01 -1.5569453e-01 -1.7853022e-01]
 [-1.1029620e+00  1.9527067e+00 -3.9786091e-01 -4.7446755e-01]
 [-8.5998470e-01  2.1487761e+00 -1.4534785e-01 -4.6113366e-01]]
Peso 2:
[ 1.3291577  -0.9069616   0.06110901  0.08313831]
Camada: saida
Peso 1:
[[-1.8300232   1.5207918 ]
 [ 2.2327528  -2.3112094 ]
 [ 0.14387654  0.64085114]
 [ 0.4723521   0.8453149 ]]
Peso 2:
[-0.57209027  0.57209355]



pesos modelo: 
Test loss: 1.5494, Test accuracy: 0.6818
Camada: meio
Peso 1:
[[-0.17482913  0.36646092 -0.4914626  -0.42124534]
 [ 0.2741003  -0.03534639  0.4413064   0.09618308]
 [ 0.09153374 -0.06488754  0.21693267 -0.02151779]
 [-0.03914876 -0.50736934  0.08003982 -0.01023232]
 [ 0.10579772 -0.12708738  0.36993417  0.14942272]
 [ 0.2678086  -0.33588022  0.5717341   0.19066218]
 [ 0.25488392 -0.0561988   0.5159344   0.14611961]
 [ 0.06319777  0.08251273  0.0610013  -0.14294077]
 [-0.34290418  0.28933045 -0.01092859  0.16022952]
 [ 0.1719784  -0.15659752  0.33850655  0.02777226]
 [ 0.17037289 -0.14526865  0.4784207   0.1559507 ]
 [ 0.15008456 -0.47978702  0.6378287   0.32542688]
 [ 0.11831351  0.11906284  0.32257202  0.04714383]
 [ 0.41100264  0.19845991 -0.11523701  0.47150746]
 [ 0.47681236 -0.34330514 -0.2615852   0.24229768]
 [-0.465323    0.1304243   0.34314728 -0.96894455]
 [ 0.43612778 -0.24045914  0.08071299  0.61713284]
 [-0.7099973   0.31754547  0.78150076 -0.64040416]
 [ 1.1127816  -0.4106309  -1.2879393   1.6157266 ]
 [ 1.411945    0.35287982 -1.1406069   1.5007172 ]]
Peso 2:
[-0.80610794 -0.14026864  1.1861213  -0.75372297]
Camada: saida
Peso 1:
[[ 0.8630232  -2.0350213 ]
 [-0.26339063 -0.8006753 ]
 [-1.4883641   1.6702032 ]
 [ 1.3395014  -2.1874876 ]]
Peso 2:
[-0.7657607  0.7657655]



pesos modelo: 
Test loss: 2.2083, Test accuracy: 0.6351
Camada: meio
Peso 1:
[[ 0.37109423  0.09642863 -0.0938983   0.34350944]
 [ 0.29572013  0.31735274  0.21240439  0.31655592]
 [ 0.15806231  0.1479279  -0.08745626  0.38196516]
 [ 0.05740511 -0.08628286 -0.07351484 -0.01636881]
 [ 0.09224743  0.0332175  -0.20274222  0.22757047]
 [ 0.43211085  0.39717647  0.4092799   0.20997655]
 [ 0.3731235   0.22499073 -0.2919933  -0.00402556]
 [ 0.31399322  0.27813324 -0.03627466  0.24419113]
 [ 0.19538514 -0.00560438 -0.09794753 -0.2938576 ]
 [ 0.18020841 -0.02784914 -0.5016526  -0.12500727]
 [ 0.28906706  0.20273766 -0.11954305  0.21294871]
 [ 0.38516337  0.37030703  0.12228572  0.09392039]
 [ 0.125793    0.08771767  0.25841233  0.09152175]
 [-0.40777516  0.24793561 -0.4693253  -0.51886475]
 [-0.31688562  0.46210736  0.11689284 -0.36928898]
 [ 1.094159   -0.6126936   0.28496835 -0.12630725]
 [-0.38532826  0.5729403   0.39398935  0.3834266 ]
 [ 1.209928   -0.38873035 -0.00953657  0.2896955 ]
 [-1.433495    1.6025932  -0.45402595 -0.448568  ]
 [-1.2314599   1.9579287   0.16695158 -0.04787519]]
Peso 2:
[ 1.5993229  -0.76421267  0.17532904  0.29617348]
Camada: saida
Peso 1:
[[-2.5338683   1.6321286 ]
 [ 2.0347428  -1.8648305 ]
 [-0.45224717  0.76647717]
 [-1.1128244  -0.1874453 ]]
Peso 2:
[ 0.00476034 -0.00475669]



pesos modelo: 
Test loss: 1.1490, Test accuracy: 0.7437
Camada: meio
Peso 1:
[[ 0.073753   -0.48945618 -0.04205012 -0.17148042]
 [-0.38728517  0.1490781  -0.06851541  0.08320775]
 [-0.4063988   0.12545896  0.18756998  0.08464448]
 [ 0.24572568  0.14581534  0.0487396   0.06998746]
 [-0.09059868  0.10071308  0.12109359  0.04906704]
 [ 0.31365564  0.40491912 -0.37503827  0.40176338]
 [-0.17548539  0.2551665  -0.39294478  0.20252638]
 [-0.35380256  0.44777086  0.11230955  0.5458648 ]
 [-0.43270412  0.37713343 -0.38203907  0.38073757]
 [ 0.41556358  0.01766323  0.29536378 -0.09806198]
 [ 0.25444886  0.10510916 -0.26825815 -0.01697378]
 [-0.36561576  0.21986786  0.3721611   0.26763687]
 [-0.5062305   0.01555489  0.41529277 -0.0755664 ]
 [-0.49221745 -0.11914705  0.12067279  0.82962525]
 [ 0.060022   -0.43579143 -0.27705786  0.24571352]
 [-0.46210223  1.1869389  -0.2203268  -0.26689532]
 [-0.1945932  -0.12086797  0.4166348   0.83124644]
 [-0.5020657   0.78255606  0.30364177 -0.42013454]
 [-0.20850527 -1.7922851  -0.28264245  1.3524896 ]
 [ 0.06977178 -1.7050184  -0.4780608   1.4618489 ]]
Peso 2:
[-0.06463496  1.7413675   0.16451658 -0.52592707]
Camada: saida
Peso 1:
[[ 0.1950271  -0.2874788 ]
 [-2.1067493   2.6176224 ]
 [ 0.32106966  0.9522998 ]
 [ 2.33214    -0.9228575 ]]
Peso 2:
[ 0.02293868 -0.02293134]



pesos modelo: 
Test loss: 1.5748, Test accuracy: 0.6941
Camada: meio
Peso 1:
[[ 0.17330873  0.4535792   0.08508122  0.28421855]
 [-0.00277712  0.44996     0.04606535  0.01736504]
 [ 0.38606036 -0.3504333   0.3224243  -0.02248693]
 [ 0.05575987 -0.14575487  0.29416203  0.1341253 ]
 [-0.14362371  0.3996944   0.13083647  0.09288389]
 [-0.12909393 -0.44176728  0.05588607 -0.08891411]
 [ 0.46297413  0.09545528  0.33659244  0.07757127]
 [ 0.0584466   0.3004776   0.09948719  0.02572803]
 [ 0.32322922  0.41724613 -0.01147145 -0.18245949]
 [-0.3199033  -0.12702368  0.36607903  0.31578165]
 [-0.26059833  0.22443828  0.4713795   0.46667224]
 [-0.09430497  0.21089244  0.06139569 -0.00989608]
 [-0.2946054   0.49570507  0.12502335  0.21578665]
 [ 0.54011464 -0.43897328 -0.29562998  0.2560683 ]
 [ 0.31090304  0.06854913  0.07922401  0.8036753 ]
 [-0.4408141  -0.36348945  0.6923896  -0.8927585 ]
 [ 0.6175475  -0.39332643  0.28462186  0.7650746 ]
 [-0.01600278  0.24037284  0.9273985  -0.73983896]
 [ 0.7438436   0.1417284  -1.491503    1.6142086 ]
 [ 0.53972864 -0.34405845 -1.4314027   1.6558734 ]]
Peso 2:
[-0.2957009   0.36908033  1.315951   -0.8349279 ]
Camada: saida
Peso 1:
[[ 0.28450266 -1.2293066 ]
 [-1.2297468  -0.28114372]
 [-2.4190207   1.23206   ]
 [ 2.5356848  -1.4122169 ]]
Peso 2:
[-0.60744137  0.607445  ]



pesos modelo: 
Test loss: 1.1518, Test accuracy: 0.7148
Camada: meio
Peso 1:
[[ 2.90981531e-02  1.53720379e-01 -2.62703776e-01  2.26013303e-01]
 [ 5.10916300e-02  6.61106408e-01  2.04008937e-01 -4.15950567e-01]
 [ 1.97442532e-01  2.15564519e-01 -1.91907417e-02  1.88618138e-01]
 [-4.22247909e-02  6.61584437e-02  1.15704387e-01  3.63255143e-01]
 [-7.81811960e-03  1.77962735e-01  1.43816665e-01  2.28679970e-01]
 [ 1.67486984e-02  3.04054469e-01  6.65179044e-02 -1.20944254e-01]
 [ 3.19784313e-01  5.63059390e-01  1.18824944e-01  1.04389533e-01]
 [-1.24333024e-01  4.40131009e-01  2.38399923e-01 -3.09023201e-01]
 [ 9.88509655e-02  5.22282600e-01  1.71268642e-01 -1.68341473e-01]
 [-5.25225997e-02 -8.45226285e-04 -1.55244023e-01 -2.18242779e-01]
 [ 4.08488233e-03  2.71482579e-02 -4.91197854e-02  1.78407803e-01]
 [-1.53127283e-01 -1.26679584e-01 -1.73323721e-01 -1.64487481e-01]
 [-1.59443751e-01  6.18419088e-02  5.25258221e-02 -3.85390073e-02]
 [ 7.15574026e-01  8.63597915e-02  4.87167120e-01  5.24555504e-01]
 [ 3.53643090e-01  6.90526590e-02  4.20824111e-01 -1.43308163e-01]
 [-4.77028400e-01  5.45696378e-01 -4.69428211e-01  1.78572237e-01]
 [ 6.13366246e-01 -6.76367953e-02  4.05645847e-01  4.82921392e-01]
 [-6.87062144e-01  3.77578288e-01 -4.94340509e-01  6.23376608e-01]
 [ 7.92500019e-01 -1.26436281e+00  1.74347937e+00 -7.19580293e-01]
 [ 1.42227471e+00 -9.03961539e-01  1.72011328e+00 -3.02827090e-01]]
Peso 2:
[-0.46966487  1.049721   -0.6393744   0.54819685]
Camada: saida
Peso 1:
[[ 0.9413637  -1.9079503 ]
 [-1.7120119   1.3016448 ]
 [ 2.1614244  -1.4664562 ]
 [-0.9727711   0.66617876]]
Peso 2:
[-0.6991648  0.6991693]



pesos modelo: 
Test loss: 1.1488, Test accuracy: 0.7282
Camada: meio
Peso 1:
[[-0.336015    0.04923892  0.29115117 -0.30328143]
 [ 0.33195177 -0.02403926 -0.1909035  -0.37907642]
 [-0.1496122  -0.03369682 -0.10725148  0.13142593]
 [-0.12108378 -0.05067315  0.05356794  0.03182402]
 [-0.47706258 -0.06197305  0.04005082 -0.19414982]
 [ 0.10706067 -0.07139888  0.05537828 -0.10170834]
 [-0.18621786 -0.03439922 -0.08087371  0.38364753]
 [-0.01888922 -0.03674206 -0.12413762 -0.15987642]
 [-0.09956998 -0.0380673  -0.0136902   0.15701869]
 [-0.12979837 -0.02437252 -0.12862591 -0.32146987]
 [ 0.2632685  -0.02088658 -0.16576013  0.22530623]
 [ 0.02588543 -0.09167966  0.11716502 -0.19293185]
 [-0.2140144  -0.01427201 -0.17046666 -0.18019898]
 [-0.20496158  0.68350863  0.23395963  0.4177223 ]
 [ 0.03592091  0.6270487   0.44755968 -0.22457679]
 [-0.14653227 -0.8861657  -0.487742    0.24088044]
 [-0.43926883  0.61974555  0.36815822  0.13714208]
 [-0.17064586 -0.8574131  -0.31025028 -0.2701352 ]
 [ 0.00261344  2.293125    0.3448894   0.13354205]
 [ 0.18205051  2.0999777   0.93356943  0.40494153]]
Peso 2:
[-0.24068542 -0.95094275 -0.32721144 -0.02377795]
Camada: saida
Peso 1:
[[ 0.3487032  -0.50706476]
 [ 2.4650748  -2.5137665 ]
 [ 0.5860973  -1.0562534 ]
 [-0.13421136  0.02349919]]
Peso 2:
[-3.3387783  3.3387823]



pesos modelo: 
Test loss: 1.6246, Test accuracy: 0.6766
Camada: meio
Peso 1:
[[-3.24685574e-01 -4.91077423e-01  4.65772986e-01 -1.42035842e-01]
 [ 1.68109119e-01  3.61502528e-01 -1.91378832e-01  3.93988520e-01]
 [ 7.98896924e-02  4.83235329e-01 -2.83077955e-01  2.28227600e-01]
 [ 3.36450368e-01  1.26804367e-01  3.75656694e-01  5.07829010e-01]
 [ 1.72248110e-01 -4.93253380e-01  3.97449106e-01  4.95244354e-01]
 [-1.91043928e-01 -6.50244430e-02  1.63991109e-01 -2.14301512e-01]
 [ 1.89217672e-01  1.54523358e-01  1.64607897e-01  3.47290665e-01]
 [-1.70621648e-01  4.54688387e-04  2.89886862e-01 -2.20134780e-01]
 [-4.93441150e-02  2.80073099e-03 -3.11379194e-01  1.89623415e-01]
 [-9.50665921e-02  3.12108368e-01 -3.70474532e-02 -1.06633477e-01]
 [ 2.50354201e-01  4.60758597e-01  4.16068345e-01  2.46895716e-01]
 [ 1.57545507e-01  1.17440503e-02 -2.70258579e-02  4.05708939e-01]
 [ 2.01318040e-01  2.26435252e-02  2.99634725e-01  3.54089737e-01]
 [ 4.97878194e-01  1.01981476e-01 -3.81954938e-01 -2.14701667e-01]
 [ 7.44394124e-01 -6.61662102e-01  2.56083190e-01  1.84458032e-01]
 [-5.95125258e-01 -9.07273442e-02  4.64130193e-01  9.21995282e-01]
 [ 7.46251285e-01  2.07375631e-01 -4.24393564e-01  2.19992414e-01]
 [-9.83123302e-01  1.42604262e-01  3.34933370e-01  3.81565332e-01]
 [ 2.00044799e+00 -5.00826299e-01 -4.43351835e-01 -9.65676546e-01]
 [ 2.09699154e+00 -1.56665400e-01  5.02457954e-02 -1.12949944e+00]]
Peso 2:
[-0.969938    0.33615303  0.622829    1.1077707 ]
Camada: saida
Peso 1:
[[ 2.1960618  -2.4162226 ]
 [-0.06420396  1.0959344 ]
 [-0.21252798  1.0493848 ]
 [-1.8758705   0.90891635]]
Peso 2:
[-0.6270714  0.6270716]



pesos modelo: 
Test loss: 1.2362, Test accuracy: 0.7310
Camada: meio
Peso 1:
[[ 0.18946445 -0.36210167  0.0173223   0.31264544]
 [-0.55370843  0.04921216  0.02276608  0.08569086]
 [ 0.18125911  0.05459433  0.04873276  0.00525112]
 [ 0.14659044  0.03935235  0.03369656  0.07713307]
 [ 0.02768808  0.06456232  0.14012937  0.0169331 ]
 [ 0.09229264  0.03995696 -0.09320925  0.09468871]
 [ 0.02454167  0.04663008  0.4034571   0.04584092]
 [-0.32474154  0.04959194 -0.18683882  0.04828534]
 [-0.50609714  0.05493477 -0.4595725   0.00529493]
 [-0.04745737  0.02731201 -0.28737184  0.12882003]
 [ 0.08441224  0.05076671 -0.46531332 -0.0048249 ]
 [ 0.00363025  0.02587836  0.30766407  0.23541942]
 [ 0.04338888  0.04482351 -0.35234895  0.10466502]
 [-0.5539215  -0.291302   -0.24129404  0.1201365 ]
 [-0.5730778  -0.19375828 -0.27760372 -0.22416624]
 [ 0.187359    0.9921646  -0.24729402  0.89191437]
 [ 0.3008518  -0.06956346 -0.3826214  -0.67969304]
 [-0.0766309   1.2220218  -0.2979497   0.1771745 ]
 [-0.25144747 -2.1938822   0.0496299  -0.5855855 ]
 [-0.37530905 -2.194115   -0.37874424 -0.5888029 ]]
Peso 2:
[-0.28458968  2.3677094  -0.01210551  0.7334775 ]
Camada: saida
Peso 1:
[[ 0.20990832 -0.27817038]
 [-3.3340487   2.3500211 ]
 [-0.04436226 -0.13245809]
 [-1.3755906   0.43164662]]
Peso 2:
[ 3.809561  -3.8095536]



pesos modelo: 
Test loss: 1.3714, Test accuracy: 0.7053
Camada: meio
Peso 1:
[[ 0.43747973 -0.12325263 -0.14339459  0.07300043]
 [ 0.01184023 -0.14071241 -0.140295    0.05174905]
 [-0.41100618  0.53365403  0.10452189 -0.29379636]
 [-0.16101527 -0.00743525 -0.13896184 -0.12077674]
 [-0.22975749  0.5865231   0.16444674 -0.41781488]
 [ 0.503309   -0.04382522 -0.01155967 -0.1301994 ]
 [-0.26362178  0.5590043   0.13845597 -0.00855879]
 [ 0.12919874  0.05171119 -0.03487235  0.30906755]
 [ 0.3016354   0.53034925  0.19341008 -0.40296382]
 [-0.34600914  0.51773006  0.12275671 -0.48848605]
 [ 0.1807094   0.33120644  0.10670299 -0.48677298]
 [-0.37904546  0.35226056  0.03967985 -0.05766064]
 [-0.02531091  0.35373122  0.0949664   0.27035323]
 [-0.19294244  0.51192147  0.83512324  0.09792054]
 [ 0.2646738  -0.1260523   0.5637732  -0.26387525]
 [ 0.25743762  0.64087737 -0.74843425 -0.16891104]
 [ 0.65534556 -0.07587049  0.6903326   0.11406234]
 [ 0.317298    0.26161656 -1.0383084   0.29320705]
 [-0.23806192 -0.99543744  2.1028223  -0.3366525 ]
 [-0.213312   -0.69280666  2.251094   -0.1102689 ]]
Peso 2:
[ 0.35435137  1.0373814  -0.95110404 -0.0947772 ]
Camada: saida
Peso 1:
[[-1.2307243  -0.27532056]
 [-1.3211495   1.141141  ]
 [ 2.3517067  -2.615245  ]
 [-0.2660006  -0.5321199 ]]
Peso 2:
[-1.0601676  1.0601702]



pesos modelo: 
Test loss: 2.4345, Test accuracy: 0.6103
Camada: meio
Peso 1:
[[-0.23977852  0.40389442  0.3802786   0.3014115 ]
 [ 0.1312142  -0.11224612 -0.31450745  0.29470038]
 [-0.02389777  0.31846502  0.39345178  0.07631646]
 [ 0.08940875 -0.3547259  -0.41974902  0.2748032 ]
 [-0.10036299 -0.20549712 -0.24010411  0.0217383 ]
 [ 0.03329983  0.14970136 -0.4029464   0.17524023]
 [ 0.05697281 -0.37057206  0.42851573  0.18482403]
 [ 0.07142846 -0.4583927  -0.06945843  0.18818249]
 [ 0.14785287 -0.22236907 -0.22407046  0.29362863]
 [-0.08521462 -0.3076868   0.36892083  0.01309317]
 [ 0.26690844  0.09348228 -0.23646413  0.50680643]
 [-0.09482568 -0.3441213   0.44143194 -0.00450416]
 [ 0.15494439 -0.24042992  0.33920068  0.33871013]
 [ 0.5795856  -0.18630898 -0.37598768 -0.27547207]
 [ 0.61196715 -0.23661527  0.33485526 -0.22751991]
 [-0.80997276  0.39224544 -0.33582553  1.0155323 ]
 [ 0.87571627  0.10764812 -0.2463383   0.16985786]
 [-0.63855696 -0.29037985 -0.40710214  1.1375083 ]
 [ 2.0526419  -0.01269264  0.10198215 -0.9085951 ]
 [ 1.7565378   0.10917562 -0.23374158 -1.3026046 ]]
Peso 2:
[-1.0678977  -0.11895183 -0.02098496  1.3708068 ]
Camada: saida
Peso 1:
[[ 2.2052467  -2.3467948 ]
 [ 0.34124604 -0.8019564 ]
 [ 0.5663234   0.66601807]
 [-1.6774421   1.7404865 ]]
Peso 2:
[-0.58451873  0.58452255]



pesos modelo: 
Test loss: 1.4212, Test accuracy: 0.6854
Camada: meio
Peso 1:
[[ 0.44594002  0.35619307 -0.26497746 -0.49291515]
 [-0.13830242  0.09188508  0.15556082 -0.33600876]
 [-0.14873868  0.30871487  0.24279946 -0.23835008]
 [-0.23265763 -0.03677549  0.007975    0.3929389 ]
 [-0.42661127  0.36187366  0.2645412  -0.10555036]
 [ 0.05423293  0.44776326  0.29485577  0.30429095]
 [-0.43910003  0.26433283  0.15950863  0.4280021 ]
 [ 0.01624267  0.04097922  0.11612404 -0.04364838]
 [ 0.03368893  0.34494427  0.28504738 -0.21611124]
 [-0.04226026  0.48589423  0.29314056  0.05764204]
 [ 0.11134928  0.4464185   0.26209503  0.24437593]
 [ 0.31209618  0.34690702  0.22936313  0.16804704]
 [ 0.01323746  0.48295987  0.25670058  0.206363  ]
 [ 0.11381873  0.26863906 -0.5021245   0.06177983]
 [-0.16928507  0.91810095 -0.10398844 -0.02972495]
 [-0.41159865 -0.11607419  1.1509649   0.01706869]
 [-0.21614231  0.43225786 -0.38108492 -0.1734395 ]
 [ 0.48555908 -0.1263559   1.1335269  -0.24718697]
 [ 0.27970067  0.9596496  -1.8700111  -0.20069711]
 [-0.43293312  1.0702844  -1.7865089  -0.5342727 ]]
Peso 2:
[ 0.02797516 -0.16604482  1.9281688   0.16553514]
Camada: saida
Peso 1:
[[-0.31396043 -0.08911698]
 [ 1.0002524  -1.6651378 ]
 [-2.7252645   2.6874092 ]
 [ 0.03416659  0.8162942 ]]
Peso 2:
[ 0.3562749  -0.35627276]



pesos modelo: 
Test loss: 1.3322, Test accuracy: 0.7191
Camada: meio
Peso 1:
[[ 0.4494027  -0.40334868 -0.1358391  -0.33356357]
 [ 0.4400244  -0.13413572  0.3879503   0.44889447]
 [ 0.14649034  0.18098274  0.25124958 -0.21035334]
 [-0.05213911 -0.2774031  -0.0688099  -0.45283124]
 [ 0.4828758   0.24795829  0.5472663  -0.31277236]
 [-0.03081552  0.43134406  0.19442931  0.15469882]
 [ 0.23029539  0.29997933  0.38825032 -0.22542389]
 [ 0.41224805  0.41247535  0.49636656  0.00920799]
 [-0.2178224   0.35281974  0.03070785 -0.04427841]
 [ 0.0029556  -0.11802094  0.05905957 -0.00662664]
 [ 0.02213025 -0.24342003  0.04107919 -0.30992916]
 [ 0.14970511 -0.11010172  0.1708152  -0.3049928 ]
 [ 0.0139107   0.3663907   0.2024653   0.05985442]
 [ 0.64668703  0.44436434 -0.07542446  0.04129026]
 [ 0.69335574 -0.00515943 -0.2238702   0.40929303]
 [-0.28770703 -0.29767293  1.1813241  -0.42648914]
 [ 0.2979511   0.02069153 -0.48919076 -0.47222582]
 [-0.4122432  -0.36669776  0.9232385  -0.21296123]
 [ 1.5677642   0.6023733  -1.5415989  -0.00918313]
 [ 1.5788431   0.2986001  -1.6100651   0.3170905 ]]
Peso 2:
[-0.6947985  -0.13252918  1.7135     -0.05052374]
Camada: saida
Peso 1:
[[ 0.90016216 -2.51435   ]
 [ 0.36032832 -0.7404479 ]
 [-3.0030084   1.4280863 ]
 [ 0.5638739   0.6522852 ]]
Peso 2:
[-0.0603415   0.06034699]



pesos modelo: 
Test loss: 1.4539, Test accuracy: 0.6747
Camada: meio
Peso 1:
[[-3.32323074e-01  1.95920467e-03  4.58477378e-01 -4.20032859e-01]
 [-2.60935515e-01  6.38684034e-02 -1.23821527e-01  6.72317818e-02]
 [ 1.82748154e-01  5.93113340e-02 -3.40769827e-01 -2.11097702e-01]
 [-1.64187416e-01  6.33402094e-02  2.59972632e-01 -2.48701245e-01]
 [-4.53281522e-01  7.01374859e-02 -2.94556946e-01 -4.31042910e-01]
 [-2.52141356e-01  6.58301711e-02 -5.55351563e-02 -4.71726656e-01]
 [-1.04020596e-01  6.64994642e-02 -5.00564158e-01 -3.32899034e-01]
 [-1.61671489e-02  6.12787977e-02 -6.38483018e-02 -4.53299731e-01]
 [ 6.78430200e-02  5.44679016e-02  8.65095481e-02 -3.90356749e-01]
 [ 3.35394353e-01  5.58004603e-02 -3.73678952e-01  1.12729274e-01]
 [ 1.89811096e-01  5.62033467e-02 -3.20830375e-01 -4.67827290e-01]
 [ 1.49664253e-01  5.35236001e-02 -3.75410914e-01  8.85348618e-02]
 [ 3.00985247e-01  5.31603508e-02  1.94027707e-01  1.50210187e-01]
 [-4.96020764e-02 -2.66754359e-01  7.87338093e-02  3.25262964e-01]
 [-7.54057825e-01 -2.58432180e-01 -4.51730713e-02  2.94785649e-01]
 [-2.84370333e-01  1.16562593e+00 -3.95724922e-01 -1.92085534e-01]
 [ 2.35788943e-03 -2.67497599e-01 -3.14784236e-02 -5.95308065e-01]
 [ 4.42442656e-01  1.20379293e+00  4.96623307e-01 -1.57201558e-01]
 [-4.60562222e-02 -2.21293354e+00 -3.67173791e-01  1.56731367e-01]
 [ 9.40328017e-02 -2.21364498e+00  1.51484996e-01 -2.30916098e-01]]
Peso 2:
[-0.07874583  2.5120943  -0.2365486  -0.06739925]
Camada: saida
Peso 1:
[[-0.3817844   0.48467782]
 [-3.4403815   2.4862502 ]
 [-0.8761576   0.27678648]
 [-0.12959987  0.856078  ]]
Peso 2:
[ 3.8106577 -3.810649 ]



pesos modelo: 
Test loss: 1.8741, Test accuracy: 0.6605
Camada: meio
Peso 1:
[[ 6.93364143e-02  1.67113900e-01  1.02674365e-01  1.65301919e-01]
 [-1.22938260e-01  3.44464332e-01 -4.00572121e-01 -1.48636967e-01]
 [ 5.37823975e-01  7.50568062e-02 -5.99522293e-02  1.02060117e-01]
 [ 5.09317994e-01 -4.20474797e-01  3.08863044e-01  9.99591351e-02]
 [ 6.46916866e-01 -4.74749893e-01 -2.00993583e-01  1.04051992e-01]
 [ 5.39085507e-01 -2.69086093e-01  1.41910508e-01  1.03286095e-01]
 [ 6.48000002e-01  2.93765485e-01 -3.26813787e-01  1.46162063e-01]
 [ 4.93180603e-02  2.11726036e-02  2.29755595e-01 -4.18111160e-02]
 [ 6.72380626e-01 -8.98844302e-02  5.09336054e-01  1.59686774e-01]
 [-8.33437741e-02  1.05470657e-01 -1.79429129e-01 -1.16456851e-01]
 [ 3.86091679e-01 -2.26531163e-01  2.50691205e-01  5.27561940e-02]
 [ 2.78263509e-01  4.33471471e-01 -3.90735865e-01 -1.39406435e-02]
 [ 2.63863325e-01 -3.41490746e-01  4.62900363e-02 -1.81973241e-02]
 [ 9.42696184e-02 -5.72609790e-02 -2.31203213e-01  7.63261914e-01]
 [-5.94973937e-02  3.73545080e-01 -3.43268722e-01  6.72948241e-01]
 [ 6.45514250e-01 -1.67304724e-02  1.13140605e-01 -1.01531732e+00]
 [-1.85806230e-02 -4.91832495e-01  3.01030338e-01  7.42435932e-01]
 [ 3.57654035e-01 -4.68425930e-01  3.79679859e-01 -1.00338197e+00]
 [ 6.88537955e-04  4.56330180e-01 -9.82013345e-02  2.28333735e+00]
 [ 9.94175002e-02  3.18227589e-01 -3.52291852e-01  2.31412148e+00]]
Peso 2:
[ 0.90885603 -0.02728982  0.07898063 -1.141609  ]
Camada: saida
Peso 1:
[[-0.48943084  1.3805442 ]
 [-0.78656024 -0.69700676]
 [-0.37922454  0.06694239]
 [ 3.056553   -2.2838767 ]]
Peso 2:
[-1.6540371  1.6540362]



pesos modelo: 
Test loss: 2.2942, Test accuracy: 0.6236
Camada: meio
Peso 1:
[[-0.1646024   0.21686625 -0.28713465  0.06645513]
 [ 0.14371686  0.29985753  0.01103531 -0.36494547]
 [ 0.14463767  0.36005384  0.05055209 -0.12630472]
 [ 0.09167346  0.24127981  0.3133806  -0.09410301]
 [-0.01339656  0.19572866  0.4403361   0.3065538 ]
 [ 0.08921532  0.22009295 -0.02805213 -0.06811908]
 [ 0.02149618  0.1763357  -0.20376362 -0.03453848]
 [ 0.18685828  0.3960328  -0.43451497  0.11667576]
 [ 0.00966707  0.21517728  0.44942683  0.05160145]
 [-0.00983016  0.08782265  0.15432025 -0.29459947]
 [-0.11852755  0.10093346  0.48077014  0.39765465]
 [-0.1068498   0.05560919  0.3827503   0.26533857]
 [ 0.18642357  0.2969943  -0.37770596 -0.3075534 ]
 [ 0.46549857 -0.38293326 -0.29707837  0.34317786]
 [ 0.68223095 -0.11966345  0.45313028  0.07485136]
 [-0.94210327  0.74943334  0.12121909 -0.15158246]
 [ 0.72158176 -0.04191079 -0.22776711  0.58632797]
 [-0.55460274  1.1687188   0.19700512 -0.18989071]
 [ 2.032545   -0.8557585   0.5154979   0.06970979]
 [ 2.0064633  -0.760869    0.4636575   0.65746003]]
Peso 2:
[-1.0488569   1.3708165  -0.0413768  -0.16641821]
Camada: saida
Peso 1:
[[ 2.4039674  -2.2277963 ]
 [-1.9411404   1.3031807 ]
 [-0.29929626 -0.53802097]
 [-0.13878353 -0.880896  ]]
Peso 2:
[-0.81464726  0.81465113]



pesos modelo: 
Test loss: 1.3359, Test accuracy: 0.7131
Camada: meio
Peso 1:
[[-0.493132   -0.01341903 -0.17509174 -0.4561175 ]
 [-0.4275995  -0.16642334 -0.06047172 -0.01424665]
 [-0.48902643 -0.03959497  0.19796774  0.16676556]
 [-0.32803026 -0.0892361   0.19677162  0.30251047]
 [-0.23762642  0.46394473  0.37832513 -0.1937042 ]
 [-0.3067268  -0.2159281  -0.24473242 -0.3438511 ]
 [ 0.11710005  0.12635106  0.29345092  0.16497579]
 [-0.1201722   0.3022269   0.3520256   0.06583861]
 [-0.0933435  -0.20109062  0.09759882  0.24842271]
 [-0.4460546   0.34937474  0.379178   -0.02521948]
 [ 0.04780475  0.17219885  0.1614232  -0.08131272]
 [-0.17960016  0.04227021  0.1827451   0.12189682]
 [ 0.18375453  0.06218946  0.3074155   0.26171803]
 [ 0.34513083  0.622155    0.1257619   0.6470884 ]
 [-0.17155509  0.36539355 -0.03731751  0.7977031 ]
 [ 0.36113504 -0.41913474  0.7668676  -0.6691665 ]
 [-0.475726    0.8396841   0.04838504  0.18711166]
 [-0.23428985 -0.76949596  0.7324501  -0.33387452]
 [ 0.2734437   1.339117   -1.6553507   0.9281683 ]
 [ 0.03790421  1.4869243  -1.6070032   0.79914576]]
Peso 2:
[-0.12428758 -0.71543616  1.3500266  -0.53224206]
Camada: saida
Peso 1:
[[ 0.24684046 -0.96466064]
 [ 2.0378494  -1.25241   ]
 [-2.521049    1.4551045 ]
 [ 1.0436554  -1.1616595 ]]
Peso 2:
[-0.5704595  0.5704634]



pesos modelo: 
Test loss: 1.0473, Test accuracy: 0.7405
Camada: meio
Peso 1:
[[-0.2671696  -0.2125963   0.33935547  0.13619494]
 [ 0.23312771  0.00562714  0.3839627   0.01776254]
 [-0.01873771  0.02511202 -0.26445597  0.1185694 ]
 [ 0.0213511   0.02226137 -0.17798372  0.077142  ]
 [ 0.14895679  0.01203112  0.23029372  0.02481698]
 [ 0.09417246  0.01375166  0.24197851  0.01608508]
 [ 0.08822393  0.01363477  0.07549552  0.03849936]
 [ 0.03744552  0.01707966  0.3992693   0.05418217]
 [ 0.08704416  0.01955075 -0.25161737  0.05054594]
 [-0.06802788  0.01391986  0.4746326   0.09583218]
 [ 0.19448882  0.00831978  0.12294695  0.0094204 ]
 [ 0.07975485  0.02453559  0.20417853  0.03864703]
 [ 0.19768901  0.01166838 -0.29643783  0.04328491]
 [-0.5804254  -0.09594212 -0.4789365   0.19421545]
 [ 0.46096343 -0.24362943 -0.06551158 -0.4505865 ]
 [-0.24381079  1.0370166   0.03293511  0.6844913 ]
 [-0.6187684  -0.03463554 -0.798806    0.10981295]
 [-0.04066867  1.091411    0.21778297  0.35172522]
 [-0.868261   -1.8399373  -0.2916277  -1.0921627 ]
 [-0.8826091  -1.8392377  -0.19645442 -1.0936042 ]]
Peso 2:
[0.7661173  2.0788927  0.15062462 0.81792   ]
Camada: saida
Peso 1:
[[-1.3995997   1.0055825 ]
 [-2.5900342   2.4976003 ]
 [-1.113775   -0.20109232]
 [-1.6421182   0.64073694]]
Peso 2:
[ 3.820351 -3.820342]



pesos modelo: 
Test loss: 1.3984, Test accuracy: 0.7134
Camada: meio
Peso 1:
[[-4.94960546e-01  4.11925197e-01 -1.28666759e-01 -3.69477272e-02]
 [-2.13165447e-01  9.01463479e-02  1.33142412e-01 -5.04372902e-02]
 [-1.21205393e-02  1.32760033e-01  1.60915643e-01  2.95212448e-01]
 [-2.70959765e-01  4.40851413e-02  9.13312361e-02 -2.97898259e-02]
 [ 9.02717486e-02  5.47943711e-01  3.49173754e-01 -2.81082094e-02]
 [-1.80494983e-03 -2.87739076e-02  7.73317665e-02  2.74563096e-02]
 [ 3.35842520e-01  2.00808793e-01  2.16706544e-01 -5.62340803e-02]
 [ 2.77336314e-02  3.69574368e-01  2.72913367e-01  2.14037105e-01]
 [ 1.40225023e-01 -9.34073552e-02  3.41809765e-02 -3.72646749e-01]
 [ 2.11837262e-01  1.54139906e-01  1.75748959e-01 -4.36234713e-01]
 [-3.15505356e-01  9.02056694e-02  1.55917823e-01 -4.17931199e-01]
 [-3.70487183e-01  3.81984621e-01  3.09332430e-01 -2.72913754e-01]
 [-1.99968696e-01  4.92477557e-03  1.00139216e-01 -4.05421764e-01]
 [-3.04142237e-01  5.42389989e-01 -3.16796392e-01  2.02680275e-01]
 [-1.61855012e-01  8.95389497e-01 -1.33953065e-01 -5.50730526e-01]
 [ 3.38184625e-01 -3.16072375e-01  1.03109205e+00 -3.53762925e-01]
 [-5.43347955e-01  4.31272864e-01 -3.65467310e-01  1.92577153e-01]
 [-3.60150576e-01 -1.60479650e-01  1.23114538e+00 -1.40735358e-01]
 [-6.06825352e-02  1.27584291e+00 -1.83344972e+00  3.51818800e-01]
 [-4.79709744e-01  1.04953754e+00 -1.94865966e+00  2.54969388e-01]]
Peso 2:
[-0.18390226 -0.22956425  1.9709328  -0.05344651]
Camada: saida
Peso 1:
[[ 0.06571393 -0.8231689 ]
 [ 2.0954745  -0.65611553]
 [-2.9401512   2.2477663 ]
 [ 0.489598    0.64463   ]]
Peso 2:
[ 0.5239085 -0.5239018]



pesos modelo: 
Test loss: 1.9456, Test accuracy: 0.6488
Camada: meio
Peso 1:
[[-0.30219543  0.45104086 -0.02261841  0.45759642]
 [ 0.04268764  0.5133586   0.31176108  0.20610803]
 [ 0.10224296  0.551775    0.39043367 -0.04739884]
 [ 0.12897484  0.29745105  0.24082538 -0.31922817]
 [-0.04197068  0.1977373  -0.02224445 -0.06784897]
 [ 0.3658684   0.15248866  0.42845315  0.12778632]
 [ 0.2158689  -0.19263324 -0.06471133 -0.06811828]
 [ 0.3590691  -0.20114093  0.12611441  0.35344088]
 [ 0.40696377  0.04119613  0.33368486 -0.12274049]
 [ 0.11910886  0.21613118  0.14668627  0.21776882]
 [ 0.06875379  0.24308078  0.11114123  0.4580969 ]
 [ 0.33599728  0.20382468  0.4007565   0.4737155 ]
 [ 0.5407609  -0.1368399   0.34291977 -0.48445705]
 [-0.06446841 -0.3813215   0.6778092  -0.46535733]
 [-0.14431693  0.20461905  1.0266808  -0.13078475]
 [ 1.0433282   0.17608948 -0.71684223 -0.24274401]
 [-0.54409724 -0.06089084  0.30703297 -0.11127826]
 [ 1.0213209   0.77672833 -0.26269147  0.09833747]
 [-1.4682437  -0.75378907  1.5288763   0.39535624]
 [-1.4038144  -1.2135648   1.2566365  -0.19289625]]
Peso 2:
[ 1.4022958   0.9301047  -0.6796803  -0.02541112]
Camada: saida
Peso 1:
[[-2.391646    1.4262202 ]
 [-1.2242305   1.3622425 ]
 [ 1.660752   -1.7299535 ]
 [-0.2734265  -0.17027338]]
Peso 2:
[-0.18017808  0.18017797]
