


pesos modelo: 
Test loss: 1.0972, Test accuracy: 0.7446
Camada: meio
Peso 1:
[[ 0.34603345  0.19343507 -0.01442257]
 [-0.05400337  0.0628881   0.18086667]
 [ 0.08129147  0.46632856 -0.30107242]
 [ 0.12655263  0.58821064 -0.0774537 ]
 [-0.04594901  0.05905508  0.19783908]
 [-0.04732425  0.15898713 -0.32427293]
 [ 0.1203331   0.47295782  0.14088644]
 [ 0.06420859  0.43217024 -0.24515128]
 [-0.02060061  0.23346218 -0.22449473]
 [ 0.11545549  0.5752923   0.06399838]
 [ 0.03874326  0.34220904 -0.10415037]
 [-0.05195311  0.00897805  0.05489803]
 [ 0.09327926  0.4336045   0.44647574]
 [ 0.56338805 -0.23142427  0.50592864]
 [ 0.671417    0.22867587 -0.4016848 ]
 [-0.85520935  0.5984847  -0.37946427]
 [ 0.68369645  0.15698019  0.29216903]
 [-0.97846454  0.03042377 -0.15769508]
 [ 2.3827612  -0.07786503 -0.03984281]
 [ 2.2709339  -0.3602811  -0.5123099 ]]
Peso 2:
[-0.9253688   0.85626227  0.06591339]
Camada: saida
Peso 1:
[[ 2.619882   -2.6791925 ]
 [-1.348467    0.5527495 ]
 [-0.5484653  -0.14822175]]
Peso 2:
[-1.8890243  1.8890256]



pesos modelo: 
Test loss: 1.4303, Test accuracy: 0.6812
Camada: meio
Peso 1:
[[ 0.24312562  0.13049525  0.05247539]
 [-0.04614583 -0.511071   -0.3314822 ]
 [-0.05408169 -0.392711   -0.50455374]
 [-0.05103353 -0.4906977   0.19111443]
 [-0.06416428  0.3359991  -0.26836017]
 [-0.04659328 -0.32801074 -0.07828388]
 [-0.06232405  0.11676181 -0.08355326]
 [-0.05925896 -0.08716985 -0.15461887]
 [-0.06577451  0.02794223 -0.05792122]
 [-0.06413919 -0.35049567 -0.34539127]
 [-0.05174878  0.42157105  0.24755001]
 [-0.05954425  0.41269264 -0.3483533 ]
 [-0.06936772 -0.02900387  0.01841802]
 [ 0.7761522  -0.27431244 -0.50962937]
 [ 0.7865895  -0.17186154 -0.5213727 ]
 [-1.0972846  -0.48459962 -0.02174587]
 [ 0.75141937 -0.22646837  0.30546248]
 [-1.1180627  -0.05595608 -0.06665653]
 [ 2.2496026   0.09070208  0.22454876]
 [ 2.2480645  -0.09992351 -0.3220691 ]]
Peso 2:
[-1.0794339  -0.03420269 -0.07821622]
Camada: saida
Peso 1:
[[ 3.2855594  -1.8707834 ]
 [-0.57000655 -0.5740729 ]
 [ 1.0500119   0.39777616]]
Peso 2:
[-3.3348455  3.3348455]



pesos modelo: 
Test loss: 1.8812, Test accuracy: 0.6559
Camada: meio
Peso 1:
[[ 0.09602499 -0.49962908 -0.00665003]
 [-0.46599743  0.31475803  0.35801157]
 [-0.13627166  0.3825756   0.43103525]
 [-0.13569257  0.37076637  0.43626633]
 [-0.32182536 -0.12339688  0.003251  ]
 [ 0.41637936 -0.15024567 -0.01386978]
 [-0.2836606   0.22552752  0.2597778 ]
 [ 0.45408267  0.34953222  0.40585884]
 [-0.40328705  0.1155381   0.20735715]
 [ 0.31093645  0.24683033  0.31312528]
 [-0.39006054  0.26060054  0.31109485]
 [-0.3230115  -0.05301052  0.05935801]
 [-0.24507226 -0.24368086 -0.11463114]
 [-0.16168082  0.39052865 -0.389371  ]
 [-0.21754754  0.5859024  -0.28436753]
 [ 0.20295984 -0.7460797   0.6844772 ]
 [-0.2295444   1.0654955   0.16386397]
 [-0.24048354 -0.803217    0.87186533]
 [-0.20159699  1.3870169  -1.7656426 ]
 [ 0.2648831   1.558826   -1.6143873 ]]
Peso 2:
[-0.01607776 -0.81694895  1.6093459 ]
Camada: saida
Peso 1:
[[-0.37624413 -0.5060649 ]
 [ 1.4859668  -2.2798262 ]
 [-2.496242    1.82783   ]]
Peso 2:
[-0.22176762  0.22176705]



pesos modelo: 
Test loss: 1.4135, Test accuracy: 0.6888
Camada: meio
Peso 1:
[[ 0.3078131  -0.2989015   0.28950584]
 [ 0.04876226 -0.05977688  0.07769549]
 [ 0.02460315  0.3805761   0.07902951]
 [ 0.02820423  0.20808153  0.07446656]
 [ 0.02500734 -0.34297484  0.07056511]
 [ 0.00397152 -0.5348186   0.08404727]
 [ 0.02707109 -0.1542287   0.08104236]
 [ 0.01071295  0.34934714  0.08470556]
 [ 0.06677064  0.1712789   0.07683301]
 [ 0.0478342   0.3083519   0.07242057]
 [ 0.01781811 -0.18334009  0.09031072]
 [ 0.02445384  0.2458848   0.06531272]
 [ 0.03696942 -0.24941432  0.06546416]
 [-0.27532783 -0.4348037  -0.12961306]
 [-0.04164235 -0.3647069  -0.2787842 ]
 [ 0.9782375  -0.21134503  0.661062  ]
 [ 0.12938558 -0.0838026  -0.402689  ]
 [ 0.97415125  0.1661922   0.79801357]
 [-1.009061   -0.2018729  -2.0862114 ]
 [-1.0079325   0.13999224 -2.0871937 ]]
Peso 2:
[ 0.93180937 -0.16765387  2.2632806 ]
Camada: saida
Peso 1:
[[-1.6329036   0.93563205]
 [-0.23884086 -0.26497656]
 [-2.8800533   2.3944967 ]]
Peso 2:
[ 3.8163018 -3.8163042]



pesos modelo: 
Test loss: 1.0721, Test accuracy: 0.7305
Camada: meio
Peso 1:
[[-0.49519703  0.50700027 -0.2209988 ]
 [-0.01515247  0.03846603  0.21592805]
 [ 0.12556435 -0.03950828  0.11644585]
 [-0.30653998 -0.03948544  0.06642115]
 [-0.46416602  0.21090685  0.5531133 ]
 [-0.07137746 -0.12428963 -0.09380708]
 [ 0.06150344  0.03588578  0.22977553]
 [ 0.3549129   0.02771437  0.21128874]
 [-0.42719182  0.14176399  0.4423639 ]
 [-0.4383766   0.18506092  0.51201594]
 [-0.20769697 -0.08149403  0.0053166 ]
 [ 0.01399152  0.22306086  0.59029937]
 [-0.04715086  0.11191635  0.35876757]
 [-0.31936923  0.6769213   0.13750151]
 [-0.43782848  0.60546154 -0.03456833]
 [-0.42683575 -0.6512382   1.0495368 ]
 [-0.26968208  0.7782921   0.40048236]
 [ 0.43537298 -1.0350496   0.33779916]
 [ 0.38339227  2.2276752  -0.7107675 ]
 [ 0.10387658  2.0579154  -1.0392689 ]]
Peso 2:
[-0.03686797 -0.9733978   1.1069849 ]
Camada: saida
Peso 1:
[[ 0.3679983  -0.02015016]
 [ 2.3599842  -2.6496446 ]
 [-1.7942524   0.8835932 ]]
Peso 2:
[-0.9843733  0.9843746]



pesos modelo: 
Test loss: 1.8296, Test accuracy: 0.6602
Camada: meio
Peso 1:
[[-0.3743556   0.34181732  0.17704731]
 [ 0.18525873  0.03861983  0.06330647]
 [-0.21122515  0.0235707   0.06237484]
 [-0.0733101   0.04033566  0.06228989]
 [ 0.01618139  0.0348431   0.05095517]
 [-0.2182012   0.04409329  0.05660423]
 [ 0.2299141   0.04106276  0.06540921]
 [-0.31571123  0.01535569  0.08788484]
 [ 0.18686545  0.00991934  0.06200361]
 [-0.47846222  0.04928049  0.06419819]
 [-0.0557444   0.03822138  0.0540679 ]
 [-0.36511275  0.01867462  0.06420373]
 [-0.37103915  0.00765095  0.07014722]
 [-0.19779181 -0.10275111 -0.31721532]
 [ 0.06156537  0.26489294 -0.4845654 ]
 [ 0.37706193  1.1649913   0.8837556 ]
 [-0.06466325 -0.53659123 -0.0793613 ]
 [ 0.03127731  0.17971165  1.0475357 ]
 [-0.05365644 -1.1739544  -1.8985153 ]
 [-0.2326483  -1.1738585  -1.8990935 ]]
Peso 2:
[-0.01416826  1.2940032   2.258041  ]
Camada: saida
Peso 1:
[[-0.26249066 -0.27118057]
 [-1.3201506   1.8016335 ]
 [-3.0108383   1.9789919 ]]
Peso 2:
[ 3.8139806 -3.8139849]



pesos modelo: 
Test loss: 1.0885, Test accuracy: 0.7542
Camada: meio
Peso 1:
[[-0.22034988  0.06235546 -0.05058458]
 [ 0.04787687  0.36601052  0.12786712]
 [ 0.05265303 -0.27025455 -0.04677114]
 [ 0.06879959  0.14374837 -0.05149147]
 [ 0.0946827  -0.23896657 -0.25275573]
 [ 0.0598425  -0.47104642  0.02492884]
 [ 0.03447932  0.20545414  0.43332672]
 [ 0.03890956 -0.3282858   0.39045048]
 [ 0.06835578 -0.04743392 -0.13182208]
 [ 0.06839542 -0.4267895  -0.09679027]
 [ 0.09284894 -0.28353783 -0.14690275]
 [ 0.08385722  0.35199374 -0.19273187]
 [ 0.07631477 -0.32862282 -0.09583274]
 [-0.15930597 -0.49546266 -0.5805583 ]
 [-0.31057277 -0.43684486  0.5264963 ]
 [ 1.0224856   0.3245968   0.63066137]
 [-0.13864967 -0.46104035 -0.48636737]
 [ 1.2870826   0.4723283  -0.01987427]
 [-2.2926066  -0.32510638 -0.5679197 ]
 [-2.293627    0.17540461 -0.44023952]]
Peso 2:
[2.355614   0.01149065 0.5355232 ]
Camada: saida
Peso 1:
[[-2.7797687   3.0210352 ]
 [ 1.0028844   1.1178889 ]
 [-1.2288927   0.41791138]]
Peso 2:
[ 3.8186805 -3.818674 ]



pesos modelo: 
Test loss: 2.2843, Test accuracy: 0.6156
Camada: meio
Peso 1:
[[-0.38062513 -0.16517174 -0.02152756]
 [ 0.32046157 -0.08879056  0.32217744]
 [ 0.26282233  0.05711996  0.19478023]
 [ 0.5413439   0.01991176  0.394231  ]
 [ 0.39838517  0.26537523  0.15042628]
 [ 0.00544701 -0.03695003  0.12080741]
 [ 0.6081019   0.35061768  0.26073998]
 [ 0.05252418 -0.06324585  0.14661904]
 [-0.10335112 -0.2101257   0.16185053]
 [ 0.52175707  0.44772387  0.1619202 ]
 [ 0.31989056  0.05311862  0.25815296]
 [ 0.35334432  0.14449772  0.22229157]
 [ 0.10878423  0.21423592  0.02307811]
 [ 0.38002065 -0.24951027 -0.42892998]
 [ 0.78930944  0.275235   -0.51055384]
 [-0.09654332 -0.12133764  1.5084369 ]
 [ 0.5114675  -0.27337253 -0.36682424]
 [-0.65385777  0.35773098  0.8471754 ]
 [ 1.4123659  -0.7677826  -1.3886948 ]
 [ 0.875062   -1.0101534  -1.5793177 ]]
Peso 2:
[-0.26660243  1.0192053   1.9781578 ]
Camada: saida
Peso 1:
[[ 0.85109675 -1.9226698 ]
 [-1.6952837   0.8403943 ]
 [-2.373231    2.26523   ]]
Peso 2:
[ 0.47174945 -0.47174636]



pesos modelo: 
Test loss: 1.5404, Test accuracy: 0.6849
Camada: meio
Peso 1:
[[ 0.3575772   0.41590875 -0.2371273 ]
 [ 0.42609394 -0.48608783  0.13666958]
 [-0.09288102 -0.48451176 -0.15643379]
 [ 0.37260807 -0.4879411   0.10459906]
 [ 0.42074788  0.31616923  0.1595946 ]
 [ 0.5900062   0.25539616  0.23637591]
 [ 0.15198968  0.43339607 -0.0079906 ]
 [ 0.34380367 -0.47054037  0.07583164]
 [ 0.33629447  0.4596294   0.08241645]
 [ 0.44330457 -0.35155776  0.14965615]
 [-0.02355571 -0.339865   -0.11191463]
 [ 0.26274088 -0.3921081   0.07034298]
 [ 0.6217927  -0.35422876  0.25810516]
 [ 0.14108376 -0.35214123  0.67252535]
 [-0.12539512 -0.04395138  0.55845386]
 [ 0.7354632  -0.4414214  -0.78886205]
 [ 0.06310605  0.09380348  0.6874388 ]
 [ 0.41708475 -0.29365307 -0.9047034 ]
 [-0.6011509  -0.41299084  2.3442106 ]
 [-1.1977772   0.36261865  2.0217252 ]]
Peso 2:
[ 1.0921719  0.0045299 -1.0057245]
Camada: saida
Peso 1:
[[-0.89119256  1.8338888 ]
 [-0.9555341  -0.05640193]
 [ 1.5415769  -3.3369    ]]
Peso 2:
[-0.8369709  0.8369749]



pesos modelo: 
Test loss: 1.9572, Test accuracy: 0.5719
Camada: meio
Peso 1:
[[ 8.24393630e-02  1.58905923e-01 -3.76353562e-02]
 [-8.44897795e-03 -6.98517039e-02 -2.05961876e-02]
 [-9.55164607e-04 -7.08237067e-02 -4.96409655e-01]
 [-1.28900139e-02 -8.56410787e-02 -2.31947780e-01]
 [-1.40914530e-01  6.06775396e-02  1.50177166e-01]
 [-5.11619002e-02 -4.83175069e-02 -1.27083749e-01]
 [ 4.13945764e-02 -1.18190646e-01  1.72731400e-01]
 [ 1.85534377e-02 -7.86074102e-02 -5.33683598e-02]
 [-1.44482767e-02 -6.99496940e-02 -1.90557525e-01]
 [-1.75965540e-02 -8.31975192e-02 -1.55109745e-02]
 [-8.99926350e-02 -3.48956673e-03 -2.08695114e-01]
 [-1.34383395e-01  1.39729185e-02 -3.63256156e-01]
 [-5.51027767e-02 -5.24715334e-02 -4.36490208e-01]
 [ 5.31272829e-01  7.25408196e-01 -2.41687149e-01]
 [ 5.52898824e-01  7.24064529e-01 -1.97796315e-01]
 [-9.07257974e-01 -8.70079100e-01 -3.97558600e-01]
 [ 5.97768426e-01  6.72622621e-01  3.25589240e-01]
 [-9.51249123e-01 -8.59090805e-01 -3.29789817e-01]
 [ 1.53044546e+00  1.50874221e+00 -4.16959077e-01]
 [ 1.33523393e+00  1.68592107e+00 -4.29561764e-01]]
Peso 2:
[-0.77413833 -1.0374451  -0.13844666]
Camada: saida
Peso 1:
[[ 2.3690393  -1.0474088 ]
 [ 1.5099827  -2.2735415 ]
 [ 0.9994547  -0.31933856]]
Peso 2:
[-3.3514676  3.351469 ]



pesos modelo: 
Test loss: 1.9043, Test accuracy: 0.6493
Camada: meio
Peso 1:
[[ 0.33970904 -0.43418926 -0.34304687]
 [-0.02657647 -0.14092886  0.08401506]
 [ 0.35702977  0.24553779  0.51400983]
 [-0.02293788 -0.1481034  -0.15698422]
 [ 0.05136956 -0.06497057 -0.01420552]
 [ 0.06700613 -0.0683147   0.25432935]
 [ 0.43779844  0.2821201   0.2190997 ]
 [ 0.11842681 -0.00347133 -0.03476765]
 [ 0.20483112  0.08156476  0.11204844]
 [ 0.18908656  0.08470726  0.04017181]
 [ 0.3635298   0.17462601 -0.04354787]
 [ 0.32420772  0.176428   -0.03437642]
 [ 0.01018411 -0.0789865   0.08760209]
 [ 0.06667534  0.74981725 -0.7202568 ]
 [ 0.31954572  1.0597794  -0.01681111]
 [ 0.57048345 -0.9342525   0.21045125]
 [-0.20421973  0.6000361  -0.11213172]
 [ 0.7836761  -0.7045594  -0.05946686]
 [-1.4502242   1.799356    0.1789098 ]
 [-1.5314858   1.6999513  -0.15658817]]
Peso 2:
[ 1.2984282  -0.91370183  0.15234199]
Camada: saida
Peso 1:
[[-2.2538984  1.3747563]
 [ 1.9007474 -2.3151536]
 [-0.5603632  0.1761515]]
Peso 2:
[-0.64485687  0.64486045]



pesos modelo: 
Test loss: 1.5387, Test accuracy: 0.6989
Camada: meio
Peso 1:
[[ 0.34742963 -0.25351226 -0.11279902]
 [ 0.4108287   0.06345198  0.22129619]
 [-0.11882719  0.50909084  0.3559163 ]
 [-0.06012371  0.381211    0.24634004]
 [ 0.02304149  0.22941324  0.14847025]
 [-0.11316061  0.12079269 -0.03850454]
 [ 0.2920338   0.08029842  0.18935727]
 [-0.2037016   0.30257234  0.07604572]
 [-0.02240111  0.35185125  0.2059157 ]
 [ 0.45992398  0.08251456  0.28409615]
 [-0.26441318  0.01497605 -0.28337926]
 [ 0.65995175  0.0919629   0.40093812]
 [ 0.5904973   0.04088822  0.36602563]
 [ 0.05410594  0.2678385   1.1837825 ]
 [-0.27632046 -0.13083923  0.5046788 ]
 [ 0.60135967  0.80788547 -0.34919712]
 [ 0.2087434  -0.6395097   0.319615  ]
 [ 0.73261684  0.5087121  -0.90391546]
 [-1.142386   -1.5508766   1.2478038 ]
 [-0.804854   -1.3580898   1.6954966 ]]
Peso 2:
[ 0.9703244  1.3074741 -0.5397198]
Camada: saida
Peso 1:
[[-0.54381526  1.9516052 ]
 [-1.9221343   1.9871647 ]
 [ 2.3178778  -1.1295183 ]]
Peso 2:
[-0.09057886  0.09058041]



pesos modelo: 
Test loss: 0.9630, Test accuracy: 0.7614
Camada: meio
Peso 1:
[[ 0.25129235 -0.28822577  0.16102964]
 [ 0.40549943 -0.03012679  0.02767684]
 [-0.20357995  0.2561731   0.01367769]
 [ 0.45272905  0.2275934   0.24909122]
 [-0.21635026  0.11203043 -0.09421135]
 [ 0.40846196 -0.22105241 -0.06593644]
 [ 0.03830926  0.38428888  0.18627489]
 [ 0.4304709  -0.06048354  0.04156283]
 [ 0.0625397  -0.04923533 -0.14903216]
 [-0.04624274  0.49325857  0.23934154]
 [ 0.14113338  0.09595243  0.00414352]
 [ 0.45041656  0.13816659  0.15260024]
 [-0.19736046  0.31903026  0.04828243]
 [ 0.0413831   0.04287902  0.7033225 ]
 [-0.29973924  0.02289701  0.5126464 ]
 [ 0.4194358   0.79848725 -0.62761325]
 [-0.08211759  0.25677097  0.7938629 ]
 [ 0.02578917  0.8072543  -0.6724427 ]
 [-0.8068211  -1.2599468   1.8558484 ]
 [-0.2931609  -1.3448249   2.003475  ]]
Peso 2:
[ 0.7643937  1.0202229 -0.8343031]
Camada: saida
Peso 1:
[[-0.5532525  1.290196 ]
 [-2.5510461  0.5835206]
 [ 2.8476036 -1.4688766]]
Peso 2:
[-0.46936285  0.46936652]



pesos modelo: 
Test loss: 2.1043, Test accuracy: 0.6331
Camada: meio
Peso 1:
[[-0.27095032  0.2721941  -0.17508689]
 [ 0.19949505  0.58240575  0.15762831]
 [-0.15476221  0.3834873   0.20900029]
 [-0.21679793  0.15555336  0.12432371]
 [ 0.12450555  0.12817425 -0.08513445]
 [-0.16397162  0.06812019  0.02554927]
 [-0.15326619  0.02095942  0.02104485]
 [-0.07320255  0.43517005  0.18687458]
 [-0.01067219  0.5392501   0.19420487]
 [ 0.14314051  0.5299999   0.10517477]
 [ 0.22970597  0.2279284  -0.10751541]
 [-0.0633176   0.2983108   0.10948533]
 [ 0.18953653  0.5180972   0.1151635 ]
 [ 0.5330414  -0.14951898  0.47305033]
 [ 0.2527355  -0.27000836  0.46321347]
 [-0.62225366  0.47477925 -0.8372286 ]
 [ 0.64040244  0.26749578  0.5910292 ]
 [-0.48624647  0.6271508  -0.7916458 ]
 [ 1.2248191  -0.16213499  2.0775354 ]
 [ 1.1956863  -0.60668534  1.838331  ]]
Peso 2:
[-0.48683816  1.2097614  -0.99646086]
Camada: saida
Peso 1:
[[ 1.2874354 -1.2802322]
 [-1.0456574  1.4436504]
 [ 2.6764407 -1.6235491]]
Peso 2:
[-1.158339   1.1583419]



pesos modelo: 
Test loss: 1.0497, Test accuracy: 0.7477
Camada: meio
Peso 1:
[[-0.04094625  0.02710718  0.2277152 ]
 [ 0.38757205  0.3513544  -0.18567492]
 [ 0.17594327  0.08790981  0.32110414]
 [ 0.19821426  0.15759584 -0.43842614]
 [ 0.4546813   0.46127263 -0.15808807]
 [ 0.18061943  0.08766281 -0.28616923]
 [ 0.02725627 -0.10862792 -0.50336707]
 [ 0.35219634  0.2949691  -0.08504087]
 [ 0.05948127 -0.06775732 -0.45042303]
 [ 0.11545595  0.01213126 -0.45117286]
 [ 0.24959484  0.16724625 -0.4187248 ]
 [ 0.19770029  0.08446418  0.25605243]
 [ 0.376567    0.3010922  -0.00932951]
 [-0.362563    0.40388954  0.05322811]
 [-0.38332447  0.31476822 -0.40740514]
 [ 0.82296795 -0.56594217  0.27577242]
 [-0.1463851   0.5437492   0.00234065]
 [ 0.7385612  -0.66546786  0.08038534]
 [-1.7202772   1.6394598  -0.40205795]
 [-1.653287    1.724403   -0.45734748]]
Peso 2:
[ 1.700762   -0.51091933 -0.03525327]
Camada: saida
Peso 1:
[[-1.6725031   2.7824352 ]
 [ 1.106359   -2.4086158 ]
 [-0.49981558 -0.8392474 ]]
Peso 2:
[ 0.16039039 -0.16039088]



pesos modelo: 
Test loss: 1.4598, Test accuracy: 0.6589
Camada: meio
Peso 1:
[[-0.36250538  0.41607815  0.28882176]
 [ 0.10724631 -0.03515134 -0.399215  ]
 [ 0.11867917  0.02202876  0.37371406]
 [ 0.25743854  0.1414588  -0.49478105]
 [ 0.508686    0.4139169   0.03645257]
 [ 0.04592409 -0.07596865  0.24762847]
 [ 0.19656445  0.0936242  -0.11654916]
 [ 0.15785348  0.05194795 -0.2718051 ]
 [ 0.15271324  0.02698334  0.05789514]
 [ 0.4022558   0.29374686 -0.15228479]
 [ 0.24059232  0.10809097 -0.07530013]
 [ 0.30929306  0.19178946  0.03036175]
 [ 0.11433518 -0.02644484 -0.13693549]
 [-0.43564433  0.38274342 -0.03524463]
 [-0.18757002  0.6177108  -0.10968869]
 [ 0.6564678  -0.9205713   0.18416195]
 [ 0.18295896  0.96966213 -0.2150503 ]
 [ 1.1354034  -0.69531244  0.15550867]
 [-1.6931927   1.5139776   0.16199584]
 [-1.3142016   1.8845456  -0.24407   ]]
Peso 2:
[ 1.4161712  -0.9481357  -0.10232159]
Camada: saida
Peso 1:
[[-1.904335    2.0452554 ]
 [ 2.1724694  -1.8719856 ]
 [ 0.27241403  0.1445748 ]]
Peso 2:
[-0.33175245  0.33175418]



pesos modelo: 
Test loss: 1.7020, Test accuracy: 0.6746
Camada: meio
Peso 1:
[[ 9.8794401e-02  2.9347897e-01  3.8638204e-01]
 [ 6.2924631e-02 -4.4851799e-02 -3.0903605e-01]
 [ 6.4531082e-01  1.1457388e-01  2.6098394e-01]
 [ 2.9923522e-01  2.3302460e-02 -4.8471087e-01]
 [-1.3406856e-01 -1.0932427e-01 -3.7850946e-01]
 [-3.5020050e-03 -8.4284313e-02 -3.0312863e-01]
 [ 9.7825706e-02 -5.5170432e-02 -1.4877565e-02]
 [ 4.7881341e-01  8.3495229e-02 -5.0620764e-01]
 [-6.8663858e-02 -1.1811443e-01 -2.1950485e-01]
 [ 6.2138611e-01  8.9203522e-02 -1.4385597e-01]
 [-4.5946080e-02 -8.2726382e-02  4.1866609e-01]
 [ 1.3335823e-01 -3.8416043e-02 -1.2298369e-01]
 [-1.3236193e-01 -1.0797817e-01 -3.2702067e-01]
 [ 2.6769993e-01  7.7734739e-01 -1.5913592e-01]
 [ 5.4031640e-01  8.5144675e-01 -4.2723519e-01]
 [ 4.0414074e-01 -1.0587276e+00 -2.8388453e-01]
 [-3.0753936e-04  7.3449808e-01  2.2220589e-02]
 [ 8.5313416e-01 -1.0181417e+00  3.3512568e-01]
 [-6.8466052e-02  2.3285141e+00  1.0284869e-01]
 [-4.6692291e-01  2.2101738e+00  2.6150349e-01]]
Peso 2:
[ 0.8156102  -0.95040995 -0.0158201 ]
Camada: saida
Peso 1:
[[-1.6787113   0.03622256]
 [ 2.4883087  -2.7163692 ]
 [ 0.8994132   0.72871476]]
Peso 2:
[-2.337881  2.337885]



pesos modelo: 
Test loss: 1.9392, Test accuracy: 0.6555
Camada: meio
Peso 1:
[[ 0.47154832  0.3901059   0.4130482 ]
 [-0.06901927  0.06639796  0.27943096]
 [ 0.14325108  0.22538207  0.27106357]
 [ 0.56464577  0.28405663 -0.07236634]
 [-0.05823637  0.05751999  0.24212144]
 [ 0.09846441  0.02656766  0.06061118]
 [ 0.5058398   0.48115134  0.18080045]
 [ 0.18463019  0.18069614  0.16317305]
 [ 0.3392864   0.31405887  0.18266201]
 [-0.22629511 -0.32053992 -0.00890074]
 [-0.1463576   0.10167693  0.37584868]
 [-0.24641041 -0.13884294  0.25328243]
 [ 0.42549625  0.312098    0.09724284]
 [ 0.21514021  0.69199586 -0.37752217]
 [-0.08763534  0.64251393 -0.09681059]
 [ 0.7614502  -0.71669173  0.7563898 ]
 [ 0.12345768  1.0991658   0.11810225]
 [ 0.7324214  -0.4731243   0.6521412 ]
 [-1.1667664   1.5109953  -1.2194232 ]
 [-1.30849     1.1530943  -1.4899514 ]]
Peso 2:
[ 0.97677356 -0.702352    1.1131194 ]
Camada: saida
Peso 1:
[[-1.5060171  1.5545171]
 [ 2.4330559 -1.1435485]
 [-1.7993529  1.4859064]]
Peso 2:
[-0.20229952  0.2023002 ]



pesos modelo: 
Test loss: 2.0469, Test accuracy: 0.6489
Camada: meio
Peso 1:
[[-0.26511943  0.23091197 -0.3834225 ]
 [-0.4982202   0.21760418  0.16896096]
 [-0.4913147   0.4609868   0.41301027]
 [ 0.32244113 -0.05781812 -0.16644754]
 [-0.11088488  0.15437478  0.08200385]
 [-0.48960784  0.2153144   0.14645027]
 [-0.42594776  0.47424638  0.44041097]
 [ 0.26383436  0.05907179 -0.04896567]
 [ 0.24351257  0.04274134 -0.05091977]
 [-0.12715949  0.36595625  0.33501878]
 [-0.49888074  0.25900608  0.17304745]
 [-0.19195466  0.06906324 -0.0240044 ]
 [-0.15193318  0.40466312  0.35546076]
 [ 0.12913947  0.14864008  1.0645914 ]
 [-0.0159892  -0.34752247  0.44251543]
 [-0.17515525  1.0555981  -0.53347313]
 [ 0.22629477 -0.3378296   0.4265312 ]
 [-0.43436706  0.87061214 -0.66388744]
 [ 0.41132858 -1.6633652   1.5013034 ]
 [-0.08585647 -1.6473142   1.5193771 ]]
Peso 2:
[-0.05992188  1.52032    -0.7954038 ]
Camada: saida
Peso 1:
[[-0.74003243 -0.6606283 ]
 [-2.3552194   2.042001  ]
 [ 2.6412437  -1.0341122 ]]
Peso 2:
[-0.24442606  0.2444275 ]



pesos modelo: 
Test loss: 1.8944, Test accuracy: 0.6574
Camada: meio
Peso 1:
[[ 0.24255764  0.0515846   0.15001768]
 [ 0.08151699 -0.22744489  0.15756972]
 [ 0.38995475  0.22371556  0.41310135]
 [-0.0453521  -0.2043696   0.06227663]
 [ 0.4166189   0.2771798   0.45852202]
 [ 0.30990934 -0.08471901  0.36026636]
 [ 0.08707689 -0.44303137  0.19770584]
 [ 0.33021978  0.3282485   0.38906366]
 [ 0.06832786  0.27696908  0.17668979]
 [ 0.09662049 -0.19090809  0.14491108]
 [-0.1245864   0.08656812 -0.01750633]
 [-0.06124449 -0.2644146   0.07773244]
 [ 0.03892338 -0.31120202  0.14913085]
 [ 0.5251921   0.22994709 -0.33384487]
 [ 0.8210164  -0.20411041 -0.10008987]
 [-0.54867417 -0.15509336  1.0673897 ]
 [ 0.4768011  -0.4210667  -0.40658754]
 [-0.4458297  -0.15469027  1.0444213 ]
 [ 1.5933168  -0.45367655 -1.4466023 ]
 [ 1.4869882  -0.47291908 -1.5389395 ]]
Peso 2:
[-0.8043367  -0.05577674  1.6245459 ]
Camada: saida
Peso 1:
[[ 2.3033047  -1.489713  ]
 [-0.09850232 -0.19508114]
 [-2.535395    1.8974298 ]]
Peso 2:
[-0.22191831  0.2219195 ]
