


pesos modelo: 
Test loss: 1.5942, Test accuracy: 0.6782
Camada: meio
Peso 1:
[[-2.92097062e-01  3.12594473e-01  1.03192866e-01 -2.78963447e-01
  -4.72331643e-02  2.61428654e-01  2.53424764e-01  2.16179371e-01
  -1.46469116e-01  1.23655081e-01]
 [-6.72552064e-02 -6.39651567e-02 -1.34191085e-02  3.69080156e-01
   3.41400415e-01 -6.01868294e-02 -8.37061182e-02 -3.44790041e-01
   1.42519668e-01  9.54587013e-02]
 [-2.52551436e-01  3.13809365e-01  3.67792487e-01 -5.33614606e-02
  -2.76965322e-04 -2.82654852e-01  2.88621664e-01 -4.34242606e-01
  -2.19055295e-01  1.31261488e-02]
 [-2.22014174e-01 -1.68124229e-01  5.06945848e-02  4.76754829e-02
   1.51902512e-01 -2.90479749e-01 -1.50538087e-01  2.67565828e-02
   1.27694264e-01  6.62537888e-02]
 [ 1.90625966e-01  5.05706429e-01  2.44001582e-01 -3.47753793e-01
  -2.16694593e-01  2.38156408e-01  4.20915276e-01 -2.92591453e-01
  -2.03732729e-01  3.47303867e-01]
 [ 8.04159194e-02 -4.88753840e-02 -2.01936215e-01  1.35245308e-01
   4.26794738e-01 -3.91619772e-01  5.44692218e-01 -3.83995399e-02
   3.44681382e-01 -6.75483644e-02]
 [-2.60610599e-02  3.15506339e-01 -1.40752226e-01 -5.81920892e-02
  -1.68035433e-01 -3.18329811e-01  1.62606046e-01  1.39747083e-01
   1.29315168e-01  4.75970387e-01]
 [ 9.28389728e-02 -1.06529295e-01  3.39555256e-02 -5.24317613e-03
   3.32448274e-01  3.33051801e-01 -1.18915476e-01  2.98686862e-01
   8.84160548e-02  1.17281623e-01]
 [ 4.70656306e-01 -8.07280019e-02 -4.26568054e-02 -3.87863934e-01
   3.34109992e-01 -4.30824548e-01 -3.22167963e-01  3.38554233e-02
   1.28121376e-01  3.69993836e-01]
 [ 2.84004301e-01 -1.41580045e-01 -5.99320531e-02  2.76756197e-01
   2.57039666e-01 -6.47928864e-02  8.62673745e-02  2.00349674e-01
   4.13834192e-02 -1.02970950e-01]
 [ 9.24758315e-02  4.33683246e-01 -2.34538302e-01 -2.12817833e-01
   4.04829502e-01  8.23508799e-02 -1.40428647e-01 -2.31670588e-01
   5.32839336e-02  4.35356408e-01]
 [ 3.42691600e-01 -2.49780733e-02  3.77322473e-02  1.25917628e-01
   3.38776290e-01  1.77583039e-01 -3.13766927e-01 -3.72740805e-01
   1.33500844e-01  3.52118045e-01]
 [-1.88100591e-01 -1.60977155e-01  8.36217254e-02  1.93799790e-02
  -8.16409811e-02 -3.49964440e-01  3.21182400e-01 -2.56722689e-01
   3.35896909e-01  1.50502637e-01]
 [ 9.63196680e-02  5.97603977e-01 -6.01833127e-02  1.64838850e-01
  -1.69906002e-02 -1.99118018e-01 -3.01556766e-01 -7.47130215e-02
   4.39046979e-01  5.61504066e-02]
 [ 4.07109886e-01  6.41341031e-01  5.95565476e-02  3.08164656e-01
   1.73419416e-01 -1.83018267e-01 -2.31975634e-02  2.25700095e-01
   4.89819914e-01 -4.67487350e-02]
 [-4.89087462e-01 -7.84181416e-01 -1.26591772e-01  4.36783880e-01
   1.42710507e-01 -1.79958612e-01  2.70336956e-01 -1.28234616e-02
  -6.37408495e-01  3.21076185e-01]
 [ 2.09116042e-01  3.42776746e-01  5.24207354e-01 -1.59398347e-01
  -3.97498608e-01  1.41642988e-01  5.45252085e-01 -1.26737431e-01
   5.27290881e-01 -2.30987191e-01]
 [-1.98907971e-01 -6.75482392e-01 -2.13770717e-02 -2.03457892e-01
   2.55039841e-01  2.00349510e-01  6.21473193e-01  6.65268004e-02
  -3.78412485e-01  6.92914665e-01]
 [ 2.94159446e-02  5.92662275e-01  5.19841492e-01  1.12413526e-01
  -9.20069575e-01  1.02848792e-02 -5.32916367e-01 -3.47476065e-01
   1.37121928e+00 -1.44835007e+00]
 [ 4.40359086e-01  1.28614128e+00  5.82938075e-01 -1.19592533e-01
  -3.95847112e-01 -4.11330909e-01 -5.28782308e-01  5.24465263e-01
   1.20775282e+00 -1.17634249e+00]]
Peso 2:
[-0.15379894 -0.43524864  0.01703867  0.01696035  0.49352154 -0.11824854
  0.5908977  -0.04427281 -0.7609191   1.1705062 ]
Camada: saida
Peso 1:
[[ 0.33581942 -0.49458063]
 [ 0.8133914  -1.6176603 ]
 [-0.23279698 -0.97922933]
 [-0.2699851  -0.05497568]
 [-0.91845053  0.623636  ]
 [ 0.25165045 -0.4020232 ]
 [-0.9545394   0.7877967 ]
 [ 0.5885602   0.21097425]
 [ 1.8141875  -1.1590533 ]
 [-1.7683849   1.5073519 ]]
Peso 2:
[-0.4465544   0.44655842]



pesos modelo: 
Test loss: 1.3477, Test accuracy: 0.7111
Camada: meio
Peso 1:
[[ 2.55211890e-01 -2.68763125e-01  4.24144745e-01  1.91725552e-01
   2.76073277e-01 -3.67746383e-01  3.06011617e-01 -9.04699564e-02
   1.18770599e-02  3.41175556e-01]
 [-3.22514385e-01 -5.60406549e-03 -1.82749882e-01  2.54367232e-01
  -1.32472217e-01  1.33197442e-01  1.82905182e-01  3.02036881e-01
  -2.02933714e-01  8.10089484e-02]
 [-9.81955137e-03  1.88222274e-01 -1.38985708e-01  3.05647403e-01
   8.28302056e-02  8.26390758e-02  2.81759743e-02  2.00340793e-01
  -1.30973697e-01 -1.01579919e-01]
 [-1.68025121e-01  2.67652154e-01  1.37789622e-01 -1.61877736e-01
  -2.49640003e-01  2.55578935e-01 -5.06021827e-02  3.34285468e-01
  -1.23642832e-01 -7.36249564e-03]
 [ 2.26087257e-01 -1.42036796e-01 -3.24886769e-01  1.36537015e-01
  -3.20426464e-01 -1.27486318e-01  2.67816573e-01  2.94464797e-01
   1.19287886e-01 -4.10964191e-01]
 [-1.02575310e-01  4.89322320e-02  1.00224838e-01  2.93620497e-01
  -2.55644411e-01 -8.41468200e-02  1.24796085e-01  2.35203072e-01
   2.08559662e-01 -3.17975968e-01]
 [ 5.56185879e-02  2.26958826e-01 -2.60171980e-01 -2.05970392e-01
   6.03354014e-02 -8.52574594e-03 -1.28342375e-01  2.75836140e-01
  -3.54773521e-01 -2.85137504e-01]
 [-3.76587301e-01  1.46328077e-01  2.66733587e-01  2.27515213e-02
   2.54693806e-01 -2.95847416e-01 -2.70830840e-01 -5.88116422e-02
   2.73509860e-01  2.47094423e-01]
 [-3.97826016e-01 -3.19176316e-02  2.61614472e-01 -2.08656967e-01
   1.80226579e-01 -4.16176230e-01  1.86288147e-03  2.12599009e-01
  -7.32387453e-02 -1.50806736e-02]
 [-3.12861025e-01  1.87615141e-01 -4.07486036e-02  3.99740189e-01
  -8.65526423e-02  2.97194958e-01 -1.28081143e-01 -1.96708236e-02
   1.73648566e-01  6.31422698e-02]
 [ 4.22450691e-01 -5.50197400e-02  6.52525574e-02 -1.48709178e-01
  -5.33558615e-02 -4.25635338e-01  7.41852149e-02  1.93764716e-01
   1.59099892e-01 -2.99044043e-01]
 [-2.27565438e-01 -1.20983087e-01 -2.03503922e-01  3.97445500e-01
  -3.13504308e-01  8.64726081e-02  3.02356258e-02 -5.86387515e-02
  -1.97700158e-01 -1.12386376e-01]
 [-4.06099200e-01 -1.24629818e-01  4.35053915e-01 -2.47642905e-01
  -3.92672747e-01 -3.27723175e-01  6.32861406e-02  2.49053225e-01
  -2.66172141e-01  1.66797534e-01]
 [ 3.18023592e-01  1.89215273e-01  6.70957640e-02  6.38113022e-02
  -1.95093229e-01 -1.48661390e-01  6.51472270e-01 -1.72174498e-01
   3.70217502e-01  1.43544361e-01]
 [ 5.85446358e-01  4.92562413e-01 -3.88346791e-01 -9.32134688e-02
  -3.89851451e-01 -3.54467034e-01  5.64539492e-01 -3.98434140e-02
  -2.75006980e-01 -3.83968949e-01]
 [-3.83660704e-01 -4.32516873e-01  3.04955751e-01  2.68281221e-01
   1.65379107e-01  3.42608839e-01 -9.09107566e-01  2.78606147e-01
  -4.11386341e-01 -1.84682846e-01]
 [-3.66281360e-01  6.41912401e-01  9.91766155e-02 -5.00183702e-01
  -1.38842881e-01 -1.88669637e-01  6.02813184e-01  4.66068983e-01
   1.54770575e-02 -4.12663996e-01]
 [-9.07719955e-02 -7.82578647e-01  3.11674178e-01  2.81067312e-01
  -1.77455097e-01  3.80050167e-02 -5.44383407e-01  4.95803624e-01
  -2.68998414e-01 -1.11940116e-01]
 [-9.78488773e-02  1.34007084e+00  2.71668613e-01 -1.31229669e-01
   2.04585165e-01  2.70361632e-01  1.39743769e+00 -1.22172916e+00
   3.00522372e-02  6.72981143e-02]
 [-1.62066728e-01  8.68787825e-01  4.51510608e-01 -8.68330523e-03
  -3.50572646e-01 -4.34554130e-01  1.88497138e+00 -1.04921460e+00
  -4.80067581e-02 -4.35497463e-02]]
Peso 2:
[ 0.17165564 -0.54953945 -0.00849156  0.46886736 -0.00286111 -0.00465942
 -0.6401506   1.2213757   0.00168027 -0.04614199]
Camada: saida
Peso 1:
[[-0.36275667  0.59721804]
 [ 1.6785856  -0.8318876 ]
 [ 0.07823773  0.08802125]
 [-0.79012626  0.74440837]
 [ 0.5411277   0.49846324]
 [-0.09014679 -0.08367822]
 [ 1.6909076  -2.1187246 ]
 [-1.5892112   1.542481  ]
 [ 0.5742987   0.6109845 ]
 [ 0.2032585  -0.4203948 ]]
Peso 2:
[-0.88863647  0.88864154]



pesos modelo: 
Test loss: 1.8624, Test accuracy: 0.6519
Camada: meio
Peso 1:
[[ 0.34288484  0.41698885 -0.25485286  0.13727832 -0.09084004 -0.27395412
   0.29707664 -0.28333247  0.25896674  0.08531523]
 [-0.12959468 -0.04023174 -0.20111427  0.30379072 -0.08743686  0.06297843
  -0.02823111  0.10645853  0.13012223 -0.23546861]
 [ 0.00251998  0.17770454  0.11153368  0.15088548  0.26417345  0.42182523
   0.08473185  0.24570048  0.19728786  0.20891674]
 [ 0.16178875  0.2569982   0.00152342 -0.15267332  0.01352302  0.45226464
  -0.00350277  0.27749076  0.26627973 -0.33962643]
 [-0.22097331  0.23738706  0.11798875 -0.02471487 -0.00435086 -0.06884655
  -0.2236581   0.23122446 -0.22845522 -0.2308253 ]
 [ 0.4782139   0.24055216 -0.00822812  0.14685044 -0.06812803  0.47605532
  -0.00179393  0.0843008   0.11260583 -0.34184042]
 [ 0.00791751 -0.12319337 -0.1560013  -0.36177891 -0.0877926   0.40479925
   0.46230128  0.20399609  0.12017506 -0.20311584]
 [ 0.05568438  0.28764972 -0.09512535  0.05002044  0.2377249   0.04628706
   0.42325667  0.02251352  0.32709974  0.07663423]
 [ 0.11242349  0.47007704  0.3241664   0.36492267 -0.38410783 -0.07398544
   0.01103604 -0.1286872   0.20587552  0.35541454]
 [ 0.19911955  0.04033078 -0.03735425  0.4771793   0.21303308  0.04349711
   0.08268388 -0.2292662  -0.11109002  0.3340499 ]
 [ 0.24140412  0.18584323  0.31427783 -0.41984352 -0.11239855  0.4693992
  -0.01001415  0.0705225  -0.10511597  0.07483259]
 [ 0.35907918  0.64524734  0.19193374 -0.35993502 -0.16343822 -0.06788368
   0.32133895  0.05110972 -0.25850204 -0.1508358 ]
 [-0.01253763 -0.17062452  0.21340956 -0.14866306  0.20346652  0.44910532
  -0.13051733 -0.14218393  0.0067127  -0.06553141]
 [ 0.38995382 -0.14199719  0.23284377 -0.34514815  0.24611834 -0.0592095
  -0.13812415  0.28276038  0.4804185  -0.37592128]
 [ 0.1972285   0.37748852  0.28921115 -0.32711887 -0.05008626 -0.45581225
   0.27510867  0.5087287   0.5493496  -0.38414526]
 [-0.5750016   0.20728286 -0.04171096  0.26161832 -0.16200633  0.83303213
  -0.17676508 -0.6742742  -0.23865157  0.42030632]
 [ 0.32181028 -0.45569628  0.25521898 -0.21200766  0.12497605  0.10068794
   0.0362199   0.33039898 -0.15681152 -0.07048272]
 [-0.64864755  0.47417971 -0.4828414   0.42550606  0.19216989  0.63195944
  -0.29703844 -0.24042438 -0.27944052 -0.2019626 ]
 [ 1.0404094  -1.0167685   0.84558773  0.30570918  0.25797537 -0.7256748
   0.11333027  1.1987503   0.28043458  0.13993958]
 [ 1.2978032  -0.6921103   0.9267493   0.22872955  0.2740739  -0.84663963
  -0.19849361  0.894269    0.68269765 -0.28056648]]
Peso 2:
[-0.4777971   1.0318271  -0.39197177  0.0874119  -0.1196553   0.9833383
  0.05230707 -0.55967283 -0.21628013  0.13281967]
Camada: saida
Peso 1:
[[ 1.4140453  -1.3351007 ]
 [-1.3287302   1.403594  ]
 [ 1.1781927  -0.88950956]
 [-0.5276188  -0.15826693]
 [ 0.6402069  -0.07517739]
 [-1.4129844   1.1796842 ]
 [-0.49480715 -0.31966728]
 [ 1.4066935  -1.2134858 ]
 [ 0.93839335 -0.1253511 ]
 [-0.62281835  0.6781042 ]]
Peso 2:
[-0.5710709   0.57107395]



pesos modelo: 
Test loss: 1.7209, Test accuracy: 0.6733
Camada: meio
Peso 1:
[[ 0.12779826 -0.31744063 -0.3271498   0.24430412 -0.39919108  0.07723629
   0.2254898  -0.05020446 -0.23107485 -0.1964134 ]
 [ 0.26663855  0.3434859   0.31310785 -0.29553458  0.20180628  0.43599546
   0.28002623 -0.40065724  0.05066857  0.17263518]
 [-0.15249528 -0.07028907 -0.02824503 -0.41550463  0.30082765  0.2815615
   0.42668277 -0.30396372  0.25647357 -0.40471393]
 [-0.20955503  0.18227345  0.1328248  -0.10988339  0.13387097  0.12313224
   0.20006672  0.2724725  -0.15735123  0.06343874]
 [-0.23194881  0.41204572 -0.06493867  0.22980247 -0.35650063 -0.01856202
  -0.05929333  0.31510374 -0.4034345   0.14194252]
 [ 0.16861549 -0.2750558  -0.01729186 -0.10855849  0.10862081  0.45210534
   0.29771668  0.3124936   0.30979535 -0.01950868]
 [ 0.4926081  -0.04534561  0.15392911  0.32755977 -0.35406846  0.3834654
  -0.16009176 -0.37337717 -0.3556994   0.00581159]
 [ 0.05583973  0.05778445 -0.05291714  0.25610295  0.0147801   0.120821
  -0.06423514  0.37380853 -0.13542557  0.20268002]
 [ 0.04722835 -0.2033538   0.38338485 -0.25486553 -0.10797097  0.14174396
   0.05553817  0.05805605  0.25204736 -0.14586353]
 [ 0.0811577   0.18472157  0.39648739 -0.1526472  -0.4256284   0.18539517
  -0.07775053 -0.40710282 -0.28566802  0.38784504]
 [ 0.09757461  0.22489786 -0.07828364 -0.41085315 -0.23755132  0.16834857
  -0.06007304  0.3387052   0.4909586   0.02266229]
 [-0.12422562  0.42288128  0.22341803  0.29078338  0.30020985  0.16167885
   0.24784102  0.24190257 -0.3537393   0.16001824]
 [ 0.20153746 -0.36067516  0.11751024 -0.43388382 -0.09924804  0.24162434
  -0.00651526  0.14872703 -0.068929   -0.36586437]
 [ 0.61845076 -0.425427   -0.264647   -0.26928627 -0.4542846   0.09974892
   0.5196755   0.44020984 -0.32531577  0.34413832]
 [ 0.4369163   0.01831396 -0.2973255  -0.19085085  0.45399785 -0.16692175
   0.60125196 -0.08977964 -0.21584769  0.04205614]
 [-0.6406612   0.2926216   0.02173861 -0.06280077  0.2414493   0.7168644
  -0.58537704 -0.26496437 -0.05586036  0.05941098]
 [ 0.5715755  -0.2633763   0.1155841  -0.33930394  0.47132775 -0.2689808
   0.5241073  -0.286467    0.37673348 -0.02817284]
 [-0.7157558   0.04390189 -0.40128753  0.30840793 -0.12591653  0.9130861
  -0.57540154 -0.25585636  0.37531728 -0.08112036]
 [ 1.2534649   0.29777467 -0.39169854 -0.42197463 -0.05826394 -1.5343109
   1.0227853  -0.00842508 -0.2841496   0.1560157 ]
 [ 0.68654627  0.2946758  -0.35045296 -0.33896515 -0.32720622 -1.6263192
   1.3238479   0.09528606  0.10707696  0.43539974]]
Peso 2:
[-0.55350155 -0.00304757  0.14899382 -0.0346383   0.19316085  1.2826076
 -0.8351239  -0.02272405  0.18344867 -0.03550689]
Camada: saida
Peso 1:
[[ 1.0192081  -1.4834042 ]
 [ 0.4050203   0.42318478]
 [-0.32025337  0.30912587]
 [ 0.00706361 -0.42578968]
 [-0.28710368  0.6297294 ]
 [-2.2756124   1.5579517 ]
 [ 1.712128   -1.3497677 ]
 [ 0.43061125  0.40527168]
 [ 0.28456867  0.87555766]
 [-0.22457388 -0.5190804 ]]
Peso 2:
[-0.5330305  0.5330349]



pesos modelo: 
Test loss: 1.5171, Test accuracy: 0.6834
Camada: meio
Peso 1:
[[-0.36101425  0.31466585 -0.39535338  0.18467677 -0.00832531 -0.1851215
   0.1853311   0.43285477  0.31177002 -0.14276871]
 [ 0.47748142  0.23524822  0.3394762   0.05439645 -0.01417981  0.4787499
   0.3994235   0.36971718  0.0053068  -0.15202262]
 [ 0.07793327  0.04677991 -0.24137464  0.28433922  0.0292804  -0.2846667
   0.3195063  -0.42071968  0.16932258 -0.30504528]
 [ 0.15259074  0.3459162  -0.02858077  0.31169176  0.33890063  0.22973055
   0.48669735  0.28602177  0.01886613  0.3712868 ]
 [ 0.519445    0.2858378  -0.02288235 -0.13921331 -0.03544202  0.04384758
   0.01065988 -0.08511505 -0.40246966 -0.36779895]
 [-0.20798899  0.12502414 -0.06728621  0.06993423  0.18385667  0.21474074
   0.31497076  0.02719739 -0.06968194 -0.3660784 ]
 [ 0.25139323  0.09334825  0.3842392  -0.24615262  0.26479346  0.33306152
   0.24962713 -0.05112521 -0.18693313  0.08810947]
 [-0.32783452  0.22642386 -0.13450724  0.0143525   0.08979867  0.30188778
   0.17123142  0.06827979  0.09779064 -0.31774542]
 [ 0.17248677  0.24588318  0.11833296  0.25905234 -0.16253091  0.10189111
   0.15254384 -0.22487485 -0.19080597 -0.17900115]
 [-0.11979587  0.32072002  0.0552993   0.19620088 -0.14969929 -0.18761268
  -0.32671613  0.35479996 -0.11090662  0.2003074 ]
 [ 0.00451022  0.46549296 -0.15857224  0.2006252   0.3710781  -0.21589658
  -0.05332383 -0.2341116  -0.42639467 -0.01549752]
 [ 0.08220407  0.24144848 -0.00697396 -0.02936855  0.08579461 -0.09835622
  -0.11569696 -0.31708065 -0.31472626 -0.08458614]
 [ 0.50081533  0.15507501  0.40530074 -0.01163379  0.29610652 -0.06438855
   0.21655229 -0.18004999  0.32468078 -0.41627115]
 [ 0.23252079 -0.37188768  0.32667303  0.22475828  0.4262643   0.48204052
   0.13284403  0.10961443 -0.3056787  -0.17655374]
 [ 0.62567437  0.17700802 -0.16470507  0.38051793  0.11375816  0.21061558
  -0.45026734  0.135499   -0.12743619  0.0551351 ]
 [-0.58688265  0.48415118  0.00782654 -0.3667543  -0.4850843  -0.5290365
   0.41315195  0.3487821   0.02357037 -0.12443838]
 [-0.14943948 -0.26957005 -0.10663596  0.58544093  0.08289195  0.6168114
   0.24790576 -0.523728    0.11205763 -0.19506215]
 [-0.34162995  0.44459075  0.48619255 -0.18895756 -0.55890834 -0.58158445
   0.44489527 -0.33677593  0.01716363  0.39255258]
 [ 0.44236553 -1.293882   -0.2308244   0.98336285  0.8089063   0.8912258
  -1.1082151  -0.11485787 -0.07311092 -0.04159504]
 [ 0.19798337 -1.3865793  -0.41121396  1.1864295   0.5442322   0.8269938
  -1.0815877   0.17003562 -0.4456365  -0.07808816]]
Peso 2:
[-0.14469326  1.0013108   0.2637421  -0.5019197  -0.24499425 -0.3430787
  0.94603086 -0.06131259 -0.05222179 -0.01331341]
Camada: saida
Peso 1:
[[ 0.935537   -0.23750032]
 [-1.2461966   1.8264328 ]
 [-0.3576246   0.68807715]
 [ 1.558487   -0.8099026 ]
 [ 0.87790227 -0.6195828 ]
 [ 1.5374961  -0.609032  ]
 [-1.1177151   1.6180753 ]
 [-0.3226177   0.5145402 ]
 [ 0.39571118  0.12681521]
 [-0.46278644 -0.5454676 ]]
Peso 2:
[-0.38067272  0.3806761 ]



pesos modelo: 
Test loss: 1.4747, Test accuracy: 0.7004
Camada: meio
Peso 1:
[[-0.0080902  -0.01063138 -0.35094756 -0.42754477 -0.13466573  0.40165603
   0.00571239  0.08513564  0.21487653  0.03644398]
 [-0.3631591   0.41585487 -0.17592323  0.3093233  -0.20624395 -0.04280505
   0.25700197  0.2700866   0.2775463   0.3548616 ]
 [-0.19342794  0.3470534   0.03658149  0.1571267   0.16189413 -0.34106246
  -0.20193584  0.33338892  0.38662463  0.27436808]
 [ 0.05564405 -0.08167148 -0.06107257  0.15759495 -0.08132514 -0.39347902
   0.05227881 -0.03418578 -0.11359075 -0.41886425]
 [-0.20102988 -0.07094451  0.3364188   0.40655527  0.18317473  0.20574982
   0.09788689  0.38725626 -0.15174067  0.38737532]
 [ 0.15411387  0.3181905  -0.05172219  0.05448785  0.32457235  0.29881793
   0.10344938  0.13884725  0.22201885 -0.23453987]
 [ 0.27119973 -0.08308597  0.27245274  0.04176266  0.0717354  -0.03901044
  -0.3759953   0.1129823   0.31347883  0.02643561]
 [-0.13084552  0.06912129 -0.212453    0.25514516 -0.30749565 -0.2327833
   0.2438169   0.0749473  -0.07774672 -0.05751943]
 [ 0.41523552  0.31118116 -0.26611072 -0.03234772 -0.33306944 -0.03289789
  -0.04181463 -0.2871773   0.40132928  0.01756905]
 [ 0.20769188  0.32766095 -0.08995127  0.2172881  -0.02637555 -0.33327493
   0.00310791  0.18946463  0.21023256 -0.26107854]
 [ 0.39548343 -0.07082748  0.06834446 -0.23386094  0.20133011  0.24525177
   0.17393662  0.26652434  0.42102492  0.11735447]
 [-0.34663704 -0.05585321  0.084172    0.07489147  0.2750264  -0.22337423
  -0.36870334  0.253903    0.13081703 -0.2214059 ]
 [ 0.00406131  0.11408669  0.30136544  0.33702922 -0.29954636 -0.26957545
  -0.3523255   0.2469025   0.48074913  0.3753479 ]
 [ 0.3868732   0.31824395  0.61670953 -0.1200468  -0.03875122 -0.18483628
  -0.3522797   0.15077205 -0.1612781   0.4504074 ]
 [ 0.08229548  0.20535286  0.6000247  -0.1207021   0.28418022 -0.38501444
   0.03787322  0.10857887 -0.39067253 -0.26820973]
 [-0.10948851 -0.5084296  -0.093887    0.8390979   0.16722459 -0.02203597
  -0.43682015 -0.43552434  0.6591055   0.23784824]
 [-0.04506063  0.48231778  0.5736108  -0.1510394   0.5660575  -0.08369265
   0.33843488 -0.2570527  -0.3368929  -0.28179765]
 [ 0.15897939 -0.6085641  -0.2440495   0.8733005  -0.32300147 -0.44024158
  -0.347384   -0.4871151   0.3001138   0.13302886]
 [-0.45196462  0.80060565  1.307982   -1.1676078  -0.79786485 -0.21229888
  -0.1126945   0.54453    -0.719234   -0.04968593]
 [-0.43465286  1.4217503   1.153083   -1.0414103  -0.7470299   0.39642254
  -0.1781921  -0.02186925 -0.5378647  -0.14362188]]
Peso 2:
[ 0.1384605  -0.4413867  -0.43818802  1.1788069   0.5400235   0.00331252
  0.04780207 -0.09724899  0.8431061   0.08204348]
Camada: saida
Peso 1:
[[-0.09801487  0.60652673]
 [ 1.3745058  -1.2433465 ]
 [ 1.406318   -1.327476  ]
 [-1.7122583   1.6418132 ]
 [-1.026171    0.6689559 ]
 [-0.29740405  0.20805733]
 [-0.19812556  0.2161746 ]
 [ 0.20609336 -0.45489272]
 [-0.60686743  1.4482839 ]
 [ 0.36355898  0.8073973 ]]
Peso 2:
[-0.24434648  0.24434793]



pesos modelo: 
Test loss: 1.7552, Test accuracy: 0.6668
Camada: meio
Peso 1:
[[ 0.445113   -0.079633   -0.1700905   0.02996254  0.3846413  -0.1227251
  -0.2200417   0.22841501  0.23910469 -0.13094476]
 [ 0.11328483 -0.17036986 -0.1948065   0.2570305   0.30911562 -0.203433
  -0.19103695  0.3384488  -0.19129358  0.1756635 ]
 [ 0.37637794 -0.36210078  0.00600516  0.18299827 -0.10266811  0.2802586
  -0.195405    0.28663504  0.05572042  0.05538631]
 [ 0.2333791   0.11478158  0.2382156   0.09152022  0.16103734 -0.19923893
   0.24652356 -0.16066848  0.3096917   0.25544596]
 [ 0.10235032 -0.12153339 -0.25000778  0.2714302  -0.4216302   0.19123909
   0.2819461   0.30505064  0.11571648  0.24733491]
 [ 0.34088296 -0.28651536  0.36672434  0.2141429  -0.208802    0.18302067
  -0.07781874 -0.16768903  0.33110464  0.08951726]
 [ 0.27746946  0.23351909  0.3773119  -0.18094182 -0.2207613   0.1007344
   0.31272408 -0.02960891  0.466662   -0.04328651]
 [-0.12629373 -0.32961795  0.11706012  0.4332307   0.29994312 -0.09250201
  -0.07294476  0.36385265  0.2274189   0.36189458]
 [-0.3426169   0.04864408  0.04061437 -0.17081803 -0.00656447  0.08249825
   0.04918981  0.5057512   0.5130192   0.13965172]
 [-0.20379193  0.05271031 -0.28205454  0.29989988 -0.39255792 -0.08624415
  -0.17020507  0.24062064 -0.12801306  0.15273985]
 [-0.4271268  -0.3793459   0.33168575  0.31839052 -0.17466617 -0.11493982
   0.16271415 -0.37659314  0.32329425  0.0492505 ]
 [ 0.24288459  0.11654565  0.26020908 -0.18773273  0.04758726  0.21449436
   0.30016828 -0.30723047  0.24047619 -0.25751716]
 [-0.03987995 -0.05402689  0.47734615  0.24412476  0.16077945 -0.06178318
  -0.25909546  0.15274401  0.25725955  0.02796896]
 [ 0.05794775 -0.31375957  0.2120927  -0.32171255 -0.00381939  0.24512583
   0.31823304 -0.38895828  0.02077392  0.4633853 ]
 [-0.00494796  0.07878952  0.3485255   0.05693092 -0.23678751  0.3654287
  -0.04624671 -0.01195633 -0.10685127  0.4789504 ]
 [-0.06746382 -0.08766988 -0.10820038  0.07918266 -0.44098997 -0.48308975
  -0.3312423   0.48745164  0.85135895 -0.8225965 ]
 [ 0.39715764  0.0369882   0.12627105 -0.27211657  0.3688107   0.30144262
  -0.31270632 -0.37677214 -0.2718315   0.36455277]
 [ 0.24901591  0.09229277 -0.09031707  0.8441566  -0.29899082  0.08515882
  -0.09048379 -0.31969732  0.7837131  -0.29794997]
 [-0.18148154 -0.22634253  0.9262275  -0.50299156 -0.21962471  0.9010524
   0.5258963  -0.22696643 -1.267145    1.3813621 ]
 [-0.6659201  -0.3738978   0.8658964  -0.7093921   0.24882413  0.9739644
   0.02524823 -0.04522262 -1.201407    1.2103252 ]]
Peso 2:
[ 0.23029174 -0.04321225 -0.30331057  0.85401154 -0.00979347 -0.22237869
  0.01016107  0.20885919  1.1136855  -0.67782426]
Camada: saida
Peso 1:
[[-0.5405852   0.5057132 ]
 [ 0.40430117  0.15638924]
 [ 1.1771082  -0.8276424 ]
 [-1.0802293   1.1546057 ]
 [-0.06650804 -0.05773991]
 [ 1.1480846  -0.5973033 ]
 [ 0.30339566  0.03821328]
 [-0.36855763  0.27122238]
 [-1.4246206   1.7282206 ]
 [ 1.618153   -1.4387931 ]]
Peso 2:
[-0.39942345  0.39942592]



pesos modelo: 
Test loss: 1.7826, Test accuracy: 0.6582
Camada: meio
Peso 1:
[[-3.83259237e-01 -3.24410319e-01  1.12805784e-01 -3.95053327e-01
  -4.48225141e-02 -2.65993685e-01  3.86074960e-01 -3.23603809e-01
  -1.89711332e-01 -3.68119776e-01]
 [ 1.99590549e-02 -1.59549356e-01 -8.73562600e-03 -3.57795477e-01
   1.15183808e-01 -2.01299980e-01 -1.58703536e-01 -1.97373964e-02
  -4.31963988e-02  2.20385060e-01]
 [-9.84499753e-02 -1.65283993e-01 -2.82798588e-01  3.44648063e-02
   2.31392652e-01  4.05922949e-01 -1.51582226e-01 -1.67509895e-02
  -3.88628989e-02  9.62242037e-02]
 [ 1.44870743e-01 -1.59902990e-01  3.88094932e-01 -1.70943677e-01
   3.90851229e-01  8.02231953e-02 -1.69911042e-01 -3.05776060e-01
   1.68076187e-01 -1.25144258e-01]
 [ 1.60423219e-01  2.66801119e-01  1.77563727e-02  2.82579333e-01
   1.24662720e-01  2.79888958e-01  3.10821772e-01  1.30215108e-01
  -1.89705670e-01  3.82876061e-02]
 [ 1.62619114e-01  3.86855930e-01  1.03190392e-01 -3.68692726e-01
   5.09276800e-03 -1.60701662e-01 -1.93855673e-01  7.63233677e-02
  -1.68159634e-01 -3.49663827e-03]
 [-3.22768122e-01  2.37775862e-01  2.29751229e-01  3.85113686e-01
   4.82255146e-02 -2.37882778e-01 -2.55035788e-01  6.55975789e-02
   4.43635643e-01  1.65494666e-01]
 [-2.34923735e-01  3.87137771e-01  1.22275457e-01 -4.05879438e-01
  -1.19866155e-01 -1.14289977e-01  1.64922141e-02 -1.72942746e-02
   3.45544279e-01  3.05378810e-02]
 [-3.89034480e-01 -3.38048376e-02 -1.78047389e-01  1.33546934e-01
   1.56457841e-01  5.12330681e-02 -3.25603038e-01  2.14167103e-01
   1.63828731e-01  4.00654316e-01]
 [ 1.36266336e-01  1.28256842e-01 -3.70776325e-01  1.25931978e-01
  -3.15994829e-01 -6.37371317e-02 -4.15966362e-01  1.59711853e-01
   3.48562449e-01  4.38588887e-01]
 [ 2.46323898e-01  1.19534999e-01  3.51090968e-01  8.79329368e-02
   3.65608364e-01  1.75535999e-04  3.09070677e-01  1.69135228e-01
   1.57440215e-01  2.40101978e-01]
 [ 2.90576786e-01 -3.47026344e-03 -6.33899216e-03 -9.73400623e-02
   4.43991065e-01 -3.97186190e-01  1.56565774e-02 -2.45380178e-02
   2.67836303e-01  2.99663860e-02]
 [-2.52785057e-01 -4.90802005e-02  7.50899874e-03  3.75771336e-02
   1.53072715e-01 -1.97476074e-01 -1.38631761e-01  1.93065226e-01
  -2.65260994e-01  3.75792086e-01]
 [-2.24976078e-01 -1.95288464e-01  6.50670230e-02  1.98060796e-01
  -3.31621677e-01 -6.58753440e-02  2.02189073e-01  6.75633550e-01
   1.74046874e-01  8.90879855e-02]
 [-3.46356422e-01  2.58922100e-01  4.48640883e-01 -1.07554972e-01
   8.81356653e-03  9.65627432e-02  3.71797979e-01  8.09880555e-01
   4.71891254e-01 -1.30315004e-02]
 [-7.20812567e-03  1.84168309e-01  2.30262011e-01 -2.38840684e-01
   7.63305798e-02  2.46362686e-01 -2.78527528e-01 -8.11661601e-01
  -4.05336082e-01  9.24699306e-01]
 [-4.50303346e-01  1.67523637e-01  4.28167760e-01 -5.17778397e-02
   1.38006071e-02  2.02640593e-01 -1.61490873e-01  7.02276409e-01
  -5.94956651e-02 -1.74176127e-01]
 [-1.78054899e-01  6.62735343e-01  6.32391497e-02 -1.20745659e-01
   1.39766738e-01  1.99353546e-02  5.39044976e-01 -7.30755508e-01
   1.81204736e-01  8.22002590e-01]
 [ 1.24977224e-01 -9.41830397e-01 -1.12297237e-01  3.07374541e-02
  -2.93970108e-01  5.97452641e-01  5.51942326e-02  1.51265585e+00
   2.08754122e-01 -1.35431862e+00]
 [ 1.69511706e-01 -6.94871426e-01  5.30093729e-01 -1.76340654e-01
  -4.25642669e-01 -4.22830656e-02 -5.36278524e-02  1.82366061e+00
   7.33776867e-01 -8.42488945e-01]]
Peso 2:
[-2.1377932e-01  7.7004838e-01 -1.4415081e-01  2.1813912e-04
  3.0448157e-01 -6.4355321e-02  4.8693120e-02 -9.4475627e-01
 -1.7544399e-01  1.0576540e+00]
Camada: saida
Peso 1:
[[ 0.20417824 -0.62305164]
 [-0.6970178   1.3407401 ]
 [-0.2501095  -0.7454538 ]
 [-0.5694075  -0.13366598]
 [-0.9617501   0.00448208]
 [ 0.39798212 -0.08996052]
 [-0.5963692   0.22611374]
 [ 1.9638182  -2.11203   ]
 [ 1.0750335   0.14565183]
 [-1.3323243   1.7370073 ]]
Peso 2:
[-0.54006934  0.5400727 ]



pesos modelo: 
Test loss: 1.7462, Test accuracy: 0.6642
Camada: meio
Peso 1:
[[ 0.1532104   0.31464696 -0.02770156 -0.00712815  0.23552501 -0.4194069
  -0.21773267  0.16757244  0.43712634  0.3163389 ]
 [-0.15995198 -0.08714743 -0.36291283  0.15759091  0.36542007  0.03869263
   0.02680086  0.3785165   0.4253436   0.05923702]
 [-0.20339268  0.04512117 -0.36966982  0.02667165  0.23895204  0.3641596
  -0.33700618 -0.15883234 -0.4420688  -0.27276906]
 [-0.2233887   0.16400756  0.26375604 -0.19871433  0.49830395  0.20162079
   0.32074094  0.10611581 -0.36866036  0.31663668]
 [-0.01794777  0.313497    0.3652536  -0.02659421  0.4470274  -0.19731809
  -0.30830228 -0.04291651  0.00614719 -0.02910362]
 [-0.23899412  0.05569828 -0.39816344 -0.25387275  0.20391735 -0.28608766
   0.15813184  0.11542531  0.27079174 -0.14038807]
 [-0.0767542  -0.12473353 -0.41729322  0.30991518  0.10202257 -0.10061176
   0.26673695  0.1475063   0.04137352 -0.3821856 ]
 [-0.22518778 -0.13403368 -0.30654943 -0.30077767  0.16904911  0.2772232
  -0.03718952  0.07226794 -0.1922718   0.03844537]
 [-0.13931689  0.1685107  -0.34731233 -0.43236548  0.2732893   0.20094444
   0.04806099 -0.12986803 -0.11917259  0.40541166]
 [ 0.2644683  -0.14393166  0.41339096  0.23614515  0.23613526  0.12083474
  -0.4532668   0.1997128   0.28036273 -0.1411836 ]
 [ 0.30121613 -0.11294641 -0.02837131  0.3070141   0.30486077  0.25853676
   0.20206955  0.2318218   0.15176888 -0.34385458]
 [ 0.17868792  0.1978132  -0.39856344  0.30044946  0.41079453 -0.04867316
  -0.3640331   0.02116269  0.19686197  0.24131732]
 [-0.04490833 -0.17663603 -0.40019763  0.03417177 -0.04579825  0.1157451
  -0.00300592 -0.0433824  -0.1801915   0.40397328]
 [-0.33584347  0.6266135   0.1823389   0.1916304  -0.11440921  0.1331692
   0.39779082  0.31177443 -0.05318052  0.3097727 ]
 [-0.3173934   0.60108674 -0.03041339 -0.1741458   0.07987864  0.05177662
  -0.0292323   0.54696614  0.14346227 -0.14135838]
 [-0.44875464 -0.73641074 -0.06652564  0.22791235  0.46781263 -0.46542677
  -0.23286688 -0.7291133  -0.26297322 -0.09606801]
 [ 0.3521885   0.57613295  0.057124   -0.25693142 -0.19370468  0.03956679
  -0.47761032  0.25417876  0.00274737  0.3010294 ]
 [-0.2581502  -0.8366317  -0.0424298  -0.15390275  0.83292115 -0.3627057
  -0.42172655 -0.32641324 -0.21440087 -0.48323283]
 [ 0.28285152  1.2443517  -0.09137402  0.2268767  -1.0953237   0.14848143
  -0.26672405  1.4945045  -0.47253546 -0.19950567]
 [-0.23200104  1.5996133  -0.40415394  0.08002423 -0.6466994   0.93352896
   0.21910298  1.285823   -0.10446192 -0.26578715]]
Peso 2:
[-0.053665   -0.7052684  -0.00164037  0.00903113  1.3636773  -0.11311477
 -0.01928589 -0.6431601   0.09084427  0.02434309]
Camada: saida
Peso 1:
[[ 0.38559258  0.07295835]
 [ 1.6655042  -1.9172353 ]
 [-0.6168041  -0.56237775]
 [-0.0175421   0.10523143]
 [-1.3466482   1.6131767 ]
 [ 0.9826935  -0.04380469]
 [-0.5354847   0.3289562 ]
 [ 1.8159542  -1.1403251 ]
 [-0.52550006  0.1980948 ]
 [-0.47146335 -0.20489031]]
Peso 2:
[-0.8932731  0.8932747]



pesos modelo: 
Test loss: 1.1427, Test accuracy: 0.7363
Camada: meio
Peso 1:
[[ 0.3222769   0.35218     0.22848082  0.27297753  0.17998648  0.22858143
   0.4264859   0.22047949  0.33439416 -0.44318938]
 [ 0.06134133  0.19923519 -0.04702792  0.29733357 -0.13367444 -0.07461768
   0.10759881  0.19808927 -0.21863869  0.43421817]
 [-0.22371918  0.3559523   0.18388309  0.3343342   0.35840154 -0.25453258
   0.20001571 -0.1333604  -0.37968788 -0.14317398]
 [ 0.424622    0.03819736  0.37438166 -0.2942921   0.2179822   0.29376143
  -0.07289107  0.1320115  -0.04915583  0.22891231]
 [ 0.44276828 -0.30296955  0.26016897  0.06528822 -0.18072206  0.20634328
  -0.3172853  -0.06151135 -0.34772545  0.41571432]
 [ 0.33468696  0.35396326 -0.09479828 -0.27345482  0.05980762  0.10341757
   0.24961244  0.5334619   0.31356195  0.33078238]
 [ 0.07510184 -0.22973624 -0.17275356  0.04945003  0.00561359 -0.39640626
   0.39280507 -0.19428375 -0.22975317 -0.13280192]
 [ 0.04669954  0.08958534  0.03980246  0.2921812  -0.12475099 -0.05510017
  -0.31855214 -0.17580345 -0.0274221   0.13305259]
 [-0.08109903  0.33319518  0.07187589  0.2059812   0.32807726 -0.1954847
  -0.192428    0.08601209 -0.20336245  0.00471536]
 [ 0.34303197 -0.22249457  0.24016379  0.42419127  0.30339408 -0.22920194
  -0.3751852   0.15658203 -0.22835872  0.35743874]
 [ 0.216214   -0.19643448 -0.10873879 -0.40524033  0.06683854 -0.26232854
  -0.14797448  0.23174998 -0.4252375   0.33621025]
 [-0.18030277 -0.02079543  0.03870893  0.27078488  0.19953759  0.08238137
  -0.04240461 -0.1955597   0.0898836  -0.21716525]
 [-0.23712729 -0.22711971  0.20805907 -0.28718317  0.47653198 -0.24009655
   0.21854118  0.13341983 -0.07901545  0.38211617]
 [-0.12899038  0.193585    0.2422007   0.01111274  0.32959875  0.18568222
   0.28889307  0.6763783   0.06807897 -0.619445  ]
 [ 0.03020786  0.24477117  0.33103228  0.01736452 -0.4223954   0.34777918
  -0.20329545  0.55177015 -0.11969855  0.08167875]
 [ 0.18922473  0.39005524 -0.47068787  0.18662769  0.83500344  0.42511952
  -0.34243485 -0.3666396  -0.15668115  0.09494393]
 [ 0.07089902  0.02639908  0.3960569  -0.40257874 -0.37743074  0.14255206
  -0.04597013  0.49904257 -0.415544    0.17935167]
 [ 0.4675508   0.44705853 -0.22717728 -0.16615357  0.73472494  0.18873678
  -0.21711905 -0.33308047  0.26224154  0.1543299 ]
 [-0.3220893  -0.3569313   1.3576057  -0.3489462  -0.7177658  -0.22334988
  -0.3058506   1.2896426  -0.21991462 -0.9931597 ]
 [-0.68916136 -0.5372734   1.5112627  -0.17083903 -0.63467336 -0.06974225
   0.17358564  1.2300957  -0.34324333 -0.76283705]]
Peso 2:
[ 0.47614127  0.397055   -0.46840692  0.0324423   0.88819605  0.16673997
 -0.0119116  -0.60081273 -0.00521093  0.8471357 ]
Camada: saida
Peso 1:
[[-0.7561898   0.5700701 ]
 [-0.8395616   0.34177774]
 [ 1.794172   -1.0817022 ]
 [ 0.13643165  0.45969933]
 [-1.4717737   1.1620479 ]
 [-0.5497359   0.638527  ]
 [ 0.23278508  0.40907755]
 [ 1.5840063  -1.4559107 ]
 [ 0.43828246  0.19651678]
 [-1.126652    1.2924725 ]]
Peso 2:
[-0.39390334  0.39390677]



pesos modelo: 
Test loss: 2.3014, Test accuracy: 0.6212
Camada: meio
Peso 1:
[[-2.70355463e-01  3.04780006e-01 -3.85268867e-01  3.35228205e-01
  -4.36241448e-01  3.52196753e-01  4.41621780e-01  5.35881519e-02
  -2.42470711e-01  8.08240175e-02]
 [-1.52967438e-01 -3.25283498e-01 -1.81078821e-01  2.52516478e-01
   3.66772979e-01 -2.67778128e-01  3.16288114e-01 -1.52694955e-01
  -3.43366712e-01 -4.57584262e-02]
 [-3.56539220e-01  2.94613630e-01  3.42513829e-01 -3.21434975e-01
   2.94753641e-01 -2.34502479e-01 -2.70706296e-01 -1.80644795e-01
   1.60994157e-01  4.21624929e-01]
 [-1.86462700e-01 -4.26394865e-02  3.57144624e-02  7.65684322e-02
   2.31491297e-01 -1.01429775e-01  2.97125906e-01 -5.46591729e-03
   6.24433905e-02  2.90761981e-02]
 [ 5.00293076e-03  4.48866367e-01  3.77238959e-01  3.55416276e-02
   1.71504125e-01  3.50559086e-01 -1.74530461e-01  4.72639412e-01
   2.90151507e-01  2.02344388e-01]
 [ 3.47623348e-01  1.67426899e-01  3.18250299e-01  5.55323251e-02
  -2.54235864e-01  2.05090865e-01 -1.18306622e-01  2.82733172e-01
   5.44564463e-02 -5.59704565e-03]
 [-2.22232714e-01  8.69102031e-02 -1.67558134e-01  4.53304708e-01
  -2.89041907e-01  4.80779260e-01  9.03104097e-02  6.88958019e-02
   1.40340656e-01  2.74823487e-01]
 [ 3.07279229e-01  2.58007079e-01  1.91603646e-01  3.73035610e-01
  -1.23992912e-01  5.02213895e-01  4.66127694e-01 -3.11971694e-01
  -2.76644886e-01  1.28113866e-01]
 [-3.74131143e-01  1.83767483e-01  1.28639368e-02  4.60376628e-02
   3.78611416e-01 -1.41499311e-01 -2.24641591e-01 -3.81638855e-01
   1.68344066e-01  4.90044475e-01]
 [ 9.80707631e-02 -3.74224223e-02 -2.58192390e-01  9.28052515e-02
  -1.33807108e-01  3.07555348e-01 -1.24514662e-02  1.09903388e-01
   2.52381533e-01  1.80674687e-01]
 [ 3.04040998e-01  1.57480612e-01  3.26986551e-01 -1.21051341e-01
  -3.74305934e-01  3.01200032e-01  3.30397487e-01 -2.49466941e-01
   3.30068201e-01 -1.25894211e-02]
 [ 1.91283643e-01  2.43324995e-01  2.66800404e-01  1.67601138e-01
   3.24781239e-01 -2.88430452e-01 -3.40867847e-01  2.27838203e-01
  -2.77109712e-01  4.27399844e-01]
 [-4.11061607e-02  1.12377271e-01  9.66577232e-02 -1.67032525e-01
   3.04793954e-01  2.51897842e-01 -2.05270797e-01  1.46737516e-01
   3.17959823e-02  1.08555585e-01]
 [-1.42850026e-01  7.27759302e-01 -4.25284564e-01 -1.39908686e-01
   3.45391892e-02 -1.43875733e-01 -3.20361674e-01 -2.99389720e-01
   1.27125025e-01  2.80487180e-01]
 [ 2.47162580e-01  7.68716276e-01 -6.13315636e-03 -3.41095418e-01
   6.34611212e-03  5.01991212e-01  7.74553884e-03 -4.32710424e-02
  -3.36938798e-01 -4.85590786e-01]
 [ 2.39028692e-01 -8.75906587e-01  7.45314181e-01 -1.98041111e-01
  -2.70312540e-02  6.01090610e-01  1.63619190e-01  1.75475389e-01
   4.52483028e-01  4.89995569e-01]
 [-2.18667001e-01  7.91313708e-01  3.79442275e-01 -3.01282912e-01
  -2.15889663e-01 -4.80308235e-01 -3.48909467e-01 -4.27648544e-01
  -3.30687463e-01 -1.54252127e-01]
 [ 5.39872408e-01 -7.92259216e-01  5.06582081e-01 -1.66565422e-02
  -2.88822144e-01  5.67520261e-01 -3.58335853e-01 -9.49895084e-02
   2.63280869e-01  7.33013391e-01]
 [-2.73083430e-02  1.59322429e+00 -1.05822110e+00 -1.54791109e-03
  -2.37071708e-01 -7.84957051e-01  2.86278605e-01  3.53553206e-01
   4.20534797e-02 -7.62633622e-01]
 [ 9.03748944e-02  1.55389965e+00 -9.52970743e-01  9.05204788e-02
  -4.02043819e-01 -3.23554486e-01 -3.88839543e-01 -2.89190263e-01
  -7.50536993e-02 -1.13110590e+00]]
Peso 2:
[-0.04726898 -0.9518457   0.9735019   0.07451287  0.25493655  0.55123717
  0.11282891  0.0609101   0.11674507  0.8142043 ]
Camada: saida
Peso 1:
[[-0.541715   -0.20876004]
 [ 2.1574872  -1.8855435 ]
 [-1.3797166   1.3039712 ]
 [-0.1133429   0.2626639 ]
 [-0.93095034 -0.186433  ]
 [-1.1336449   0.4740277 ]
 [-0.20046271  0.4548624 ]
 [ 0.05215726  0.6020394 ]
 [-0.7691809  -0.33008882]
 [-1.3376428   1.2122546 ]]
Peso 2:
[-0.32257408  0.32257646]



pesos modelo: 
Test loss: 1.3017, Test accuracy: 0.7216
Camada: meio
Peso 1:
[[ 2.69178331e-01 -6.04706407e-02  8.17961097e-02 -1.73299551e-01
   1.34557486e-01  1.58517003e-01  3.49807739e-02 -4.25514102e-01
  -9.44538414e-02 -4.53855693e-02]
 [ 1.62555069e-01  6.93898201e-02 -1.28813833e-01  1.65756196e-01
   3.51025909e-01 -1.98075804e-03 -3.37529987e-01  2.93907434e-01
   2.66638607e-01  4.07329388e-02]
 [ 2.03713506e-01  2.60222197e-01 -2.59353638e-01  1.15221769e-01
  -3.93585593e-01 -2.05511123e-01 -3.36062729e-01  2.35488430e-01
  -8.16411600e-02  3.59637529e-01]
 [ 2.90996373e-01  3.68478328e-01 -1.33655563e-01  3.73308480e-01
   3.36140722e-01  9.73313823e-02  3.34396213e-01 -2.09836379e-01
  -1.77794784e-01  1.96656987e-01]
 [ 2.44398698e-01  1.23127475e-02 -2.15685479e-02  1.72372892e-01
  -5.82039938e-04 -3.64910439e-02  1.56774074e-01  4.19841379e-01
  -3.06235343e-01  2.55643696e-01]
 [ 1.37642995e-01 -1.44652292e-01  2.35990062e-01  1.44155473e-01
  -1.69010401e-01  1.82113543e-01  2.35967413e-01  3.33835661e-01
   1.15316868e-01  9.13144425e-02]
 [-1.32412553e-01  1.24753371e-01 -2.58439600e-01 -1.33458123e-01
   6.95533454e-02 -8.65544975e-02  1.82969004e-01 -6.18068352e-02
   8.21988508e-02  1.67171448e-01]
 [ 6.40745610e-02 -1.95973322e-01  3.64994615e-01  1.81699634e-01
   1.15384251e-01  1.13215737e-01  2.26454809e-01 -1.61998481e-01
  -2.12427184e-01  7.11308047e-02]
 [ 1.30475909e-01  2.39105467e-02 -1.36029184e-01  4.08603460e-01
   2.51151353e-01  2.44069368e-01 -3.60576868e-01  9.26023722e-03
  -1.53948694e-01 -9.93879959e-02]
 [ 2.63974607e-01  2.83776462e-01  5.65224811e-02  4.19175297e-01
  -1.97183132e-01  1.12017363e-01  1.72490373e-01  3.57694060e-01
   3.78769338e-01 -1.78376995e-02]
 [ 1.18461356e-01  2.38407478e-01 -1.42488688e-01  4.17228907e-01
  -8.60562623e-02 -4.38028514e-01 -1.64997131e-01 -4.61527199e-01
  -1.38942733e-01 -3.51623222e-02]
 [ 1.72718272e-01  1.67681530e-01  3.33635300e-01  2.57718295e-01
   1.45406127e-01 -3.60528916e-01 -2.72929132e-01 -3.88774186e-01
   2.01136440e-01  1.28204271e-01]
 [ 2.72324327e-02 -3.15756083e-01 -4.36702549e-01  1.71870232e-01
   1.74000636e-01 -1.68625474e-01 -1.58300951e-01 -2.92587250e-01
   4.19498622e-01 -1.29189625e-01]
 [ 7.73708522e-01  9.32262838e-02  1.32592350e-01 -4.46275324e-01
  -9.70610827e-02 -1.25244558e-01 -4.46304768e-01  9.63839586e-04
   4.32487130e-02  4.11808491e-01]
 [ 2.18256727e-01  5.16844273e-01  1.55816227e-01 -2.38513455e-01
   2.74647534e-01 -3.03921044e-01 -2.64768451e-01 -1.45230785e-01
  -1.86051056e-02 -4.84551460e-01]
 [-5.80229521e-01 -8.92001390e-03  1.96065739e-01  4.32880938e-01
   4.61365134e-01  9.50854197e-02 -3.39177728e-01  5.77213168e-01
   6.16716743e-01  5.89674711e-01]
 [ 8.35530698e-01 -1.73766270e-01 -2.86050916e-01  1.53215360e-02
  -3.50151449e-01 -2.68887013e-01 -3.98686796e-01  5.55899069e-02
  -5.49425364e-01  7.56345689e-02]
 [-7.22263634e-01  1.07668243e-01 -1.73296228e-01  7.10757196e-01
   2.29096562e-01 -3.54082175e-02  1.78580895e-01 -1.26884818e-01
  -3.53045523e-01  5.21496058e-01]
 [ 1.35553277e+00  6.17794454e-01 -1.15315445e-01 -1.35336530e+00
  -3.64871174e-02 -1.71143621e-01  2.20776930e-01 -6.90230876e-02
   4.28259633e-02 -1.14626932e+00]
 [ 1.71900463e+00  5.16980002e-03  1.25939488e-01 -9.66999352e-01
  -3.92643362e-01 -2.27128714e-01 -3.13350111e-01 -8.27956274e-02
  -4.48908359e-02 -1.14403737e+00]]
Peso 2:
[-0.7372652  -0.0677107  -0.011808    1.1012921   0.16203634 -0.15409143
 -0.09189395  0.03346277  0.13913676  1.006957  ]
Camada: saida
Peso 1:
[[ 2.004827   -1.6981317 ]
 [ 0.5640273   0.01252889]
 [ 0.2962561   0.29777893]
 [-1.5102775   1.6334181 ]
 [-0.15752618  0.47015044]
 [ 0.61253107 -0.5746926 ]
 [ 0.26502874 -0.24466754]
 [-0.6414596   0.18724221]
 [-0.7057673   0.5459355 ]
 [-1.726592    1.1587504 ]]
Peso 2:
[-0.14535213  0.14535116]



pesos modelo: 
Test loss: 1.0566, Test accuracy: 0.7431
Camada: meio
Peso 1:
[[-0.17650488 -0.09343079  0.23293555  0.03493014 -0.38730282  0.3852051
   0.37173826 -0.1995555   0.3573535   0.29415607]
 [ 0.12342951 -0.35263216  0.17698567  0.35034806  0.07499822 -0.42260152
   0.04655472  0.36989293 -0.08870117 -0.43942937]
 [ 0.04108884 -0.15610412  0.27463642 -0.16076992  0.04909066 -0.41507968
  -0.27259153 -0.26511288  0.3348765  -0.33640638]
 [-0.09409817 -0.2837653   0.12400638  0.345864   -0.28036094 -0.3979299
   0.3754335  -0.43850863  0.33266464  0.19049071]
 [-0.24702989  0.29812342  0.04581565 -0.1018675  -0.00924313  0.13848026
   0.23484711 -0.36970666 -0.03545256 -0.30634212]
 [-0.03357322  0.24918602  0.26334664 -0.01908219  0.21478409 -0.11726074
   0.2724692  -0.36612976 -0.0136191   0.30302128]
 [ 0.13895535  0.39584368  0.06897831  0.08711736  0.2546099  -0.07672592
   0.0525351   0.19999984  0.06515215 -0.3748386 ]
 [ 0.30229402 -0.16700836  0.37039703  0.0811362   0.33415124  0.4438204
   0.15270294  0.3234582   0.28915477  0.10018465]
 [ 0.17251192 -0.34088135 -0.06519157 -0.18481155  0.47747487 -0.37421522
   0.04966998  0.41504204  0.18706326 -0.42061847]
 [ 0.01898471 -0.28423876  0.0449182   0.2750806  -0.01373044 -0.18101211
  -0.01446627 -0.34676823 -0.05233039 -0.37432927]
 [ 0.35382125 -0.2320205   0.3590358   0.33802694  0.01404142 -0.1914325
  -0.23421872  0.28879973  0.37178126 -0.24732515]
 [ 0.2767535   0.33415946 -0.3514873   0.40327898  0.5114397  -0.43257052
   0.2236635  -0.27201837 -0.20637436 -0.2255755 ]
 [ 0.21893696 -0.30172053  0.2928148   0.27442303  0.31210312  0.18128273
   0.28093636  0.20860562  0.01349021  0.38786995]
 [ 0.6887164   0.3327168  -0.42938796 -0.08605118  0.14724828  0.23903544
   0.6383195  -0.3243683   0.35280174 -0.24521421]
 [ 0.70273703 -0.22453557  0.36096302  0.08605232 -0.18284412 -0.41961968
   0.13452993  0.07766633  0.04084212 -0.33778727]
 [-0.718957   -0.41869423  0.24425602  0.55856675  0.14769518 -0.07123508
   0.00315902  0.43550658  0.48455825  0.17188647]
 [ 0.2143382  -0.19177678 -0.09236913 -0.40042686  0.10103653 -0.32480767
   0.43757707  0.15893702 -0.30486724 -0.19921128]
 [-0.6311281   0.4484864   0.04918618  0.7260024   0.49615252  0.19936861
  -0.0473445   0.11402409 -0.02931873  0.2823975 ]
 [ 1.6989601  -0.38364434 -0.4639266  -0.69865    -1.0679123   0.08741082
   0.64199084  0.04129503 -0.74257344 -0.23671377]
 [ 1.8505536   0.30434296 -0.15624891 -0.65357834 -1.1585784   0.07465581
   0.10219757  0.20077625 -0.7611234   0.03861159]]
Peso 2:
[-6.7181855e-01 -3.2057678e-03  1.6228530e-01  8.5126048e-01
  8.2546878e-01 -5.2950170e-05 -2.6773992e-01  3.0017933e-02
  5.3270960e-01 -6.7136675e-02]
Camada: saida
Peso 1:
[[ 1.7633648  -2.2591012 ]
 [-0.5985508  -0.11950404]
 [-0.74756557 -0.04346783]
 [-1.0334454   1.2373317 ]
 [-1.2821064   1.4596282 ]
 [-0.31196183 -0.29951483]
 [ 0.23532586 -0.7320361 ]
 [-0.71458787 -0.46546853]
 [-1.1277219   0.57076675]
 [ 0.5795563  -0.25799027]]
Peso 2:
[-0.37831107  0.37831467]



pesos modelo: 
Test loss: 1.9235, Test accuracy: 0.6484
Camada: meio
Peso 1:
[[-3.66652101e-01  2.66503692e-01 -2.30279639e-01  4.43208814e-01
  -2.11591333e-01  2.72278190e-02 -4.18254197e-01 -2.50118226e-01
  -5.23290336e-02  8.12311172e-02]
 [ 6.02421276e-02  5.02162218e-01  1.08542718e-01 -2.78760910e-01
   9.70816761e-02 -3.61669554e-05 -3.23409557e-01  2.82895416e-01
  -2.50828594e-01 -4.22583312e-01]
 [ 2.86728889e-01  3.00500244e-01  2.00479731e-01  2.71002203e-01
   1.81106359e-01  3.61231446e-01 -1.85123965e-01  7.25226030e-02
   1.46126226e-01 -2.95826674e-01]
 [-1.19683079e-01  5.42481959e-01  3.65829140e-01 -3.03686261e-01
   9.67901796e-02 -2.83812672e-01 -9.37660560e-02  5.61346412e-02
   5.84067171e-03  1.98154729e-02]
 [-3.06732565e-01  2.45005757e-01  4.14925478e-02  2.58399725e-01
  -1.21000342e-01 -1.85126349e-01  2.78303176e-01  3.14149946e-01
  -3.22079033e-01 -1.86603907e-02]
 [ 2.90164620e-01  8.87805149e-02 -6.80786464e-03  1.56541809e-01
   1.23844162e-01  3.07501674e-01 -3.82911772e-01 -2.63347656e-01
   2.36714501e-02  3.83980393e-01]
 [ 3.61731499e-01  3.91430140e-01 -2.35668451e-01  1.71394795e-01
   2.11923331e-01  4.30591166e-01 -3.10816169e-01  3.01120430e-01
  -1.52440190e-01  9.61301252e-02]
 [-2.92784691e-01  4.72493887e-01  1.04131490e-01  3.35162878e-01
   1.53715447e-01  1.37016505e-01 -2.57097054e-02  3.26268315e-01
  -4.27852094e-01 -1.04529135e-01]
 [-2.95265913e-01  7.13403225e-02  2.36682922e-01 -4.20292646e-01
   4.45527956e-02  4.20598090e-01 -3.26770660e-03  1.70928210e-01
   6.55340916e-03 -4.32108402e-01]
 [-1.64951250e-01 -1.09958366e-01 -7.03082234e-02  1.00343205e-01
  -1.03718325e-01 -2.31445264e-02 -1.02312833e-01 -2.19257221e-01
   2.70937443e-01 -4.07745212e-01]
 [-3.77958506e-01  3.38646412e-01 -3.95761609e-01 -3.07478160e-01
   1.53515544e-02 -9.74163413e-02  4.12902564e-01  7.60513172e-02
  -1.52355447e-01 -3.80615681e-01]
 [ 4.03894544e-01  2.44590878e-01  7.91810006e-02  3.72824520e-01
   2.00514391e-01  2.08497986e-01  8.08731541e-02 -1.38764560e-01
  -1.54170886e-01 -3.46074671e-01]
 [-2.91412100e-02 -4.50046472e-02  2.05900058e-01  1.23220449e-03
  -4.21165898e-02  3.08410618e-02 -2.70951092e-01 -3.20990115e-01
  -2.25288913e-01 -3.09074283e-01]
 [ 2.93715775e-01  4.71760556e-02 -1.09185405e-01 -1.86755463e-01
   6.20615065e-01  4.24593454e-03  2.93606101e-03  3.48295629e-01
  -4.93827313e-02  1.55686185e-01]
 [-4.22538877e-01  2.70128012e-01 -3.99961561e-01 -2.04504356e-01
   7.91390002e-01 -1.20705783e-01  1.76483229e-01  2.78478146e-01
  -3.46223950e-01  1.86283112e-01]
 [-5.84818907e-02  8.62862349e-01  2.04606459e-01  7.01336265e-02
  -6.78211570e-01  2.94644386e-01  1.39705509e-01 -4.45090324e-01
   1.35419741e-02  1.41436607e-01]
 [ 1.42018348e-01 -1.64444894e-01 -3.99079174e-01 -3.63727719e-01
   7.52147019e-01  4.26938444e-01 -2.21946329e-01  4.40200716e-02
  -8.20550323e-03 -3.17794830e-01]
 [-1.65724248e-01  1.13380186e-01  3.08076292e-01  2.24163517e-01
  -1.04934061e+00  4.81525272e-01  4.31791171e-02 -1.59069970e-01
   5.80782518e-02 -4.37128805e-02]
 [ 1.17282212e-01 -7.58601725e-01 -1.48195639e-01  1.87416241e-01
   1.95799494e+00 -6.55189693e-01  2.80037266e-03  6.39782846e-01
  -2.84781158e-01  6.67378902e-02]
 [-3.90174627e-01 -1.19723344e+00  1.80879965e-01  2.64071912e-01
   1.77046859e+00 -6.33812845e-01  2.30430603e-01  3.63495052e-01
  -1.61788195e-01  4.57054079e-01]]
Peso 2:
[ 0.09838568  0.92415607  0.03650851  0.03994941 -1.0780072   0.56537694
  0.03300377 -0.13678111 -0.09116767 -0.05694735]
Camada: saida
Peso 1:
[[-0.27596274  0.19467586]
 [-0.9040994   1.6832317 ]
 [-0.1060876   0.14808887]
 [-0.46225467  0.00547494]
 [ 2.2414107  -2.3684556 ]
 [-0.33170143  1.2957728 ]
 [-0.45802942 -0.02127971]
 [ 0.09761084 -0.94632405]
 [ 0.4401479  -0.4359566 ]
 [ 0.5453105  -0.40872553]]
Peso 2:
[-0.7543106  0.7543149]



pesos modelo: 
Test loss: 1.0171, Test accuracy: 0.7514
Camada: meio
Peso 1:
[[-3.52809519e-01 -4.42323387e-01  1.54413044e-01 -3.89711350e-01
  -3.98978382e-01  4.41028655e-01  3.77169490e-01 -1.76939905e-01
  -6.73216581e-02 -1.22909367e-01]
 [-1.10355124e-01 -4.89369221e-02  7.59439543e-02 -1.15474038e-01
   1.95319384e-01 -3.49691570e-01  1.65144093e-02  2.06362411e-01
  -1.71881706e-01 -3.72589193e-02]
 [ 2.48584881e-01 -4.08578403e-02  2.88866848e-01 -1.08701311e-01
   1.97959870e-01 -1.85826525e-01 -8.05548057e-02  4.31042798e-02
  -1.21350750e-01 -1.87063530e-01]
 [-3.89669150e-01  3.52624536e-01  1.59332022e-01  2.24675298e-01
  -7.30277598e-03  1.81635544e-01  2.36626863e-01  3.60199869e-01
   3.21825624e-01  3.74750674e-01]
 [ 1.27502885e-02 -2.44521812e-01 -6.13176152e-02 -3.08993667e-01
   4.61938322e-01  4.41969723e-01 -1.92392588e-01 -8.87473077e-02
   4.77530211e-02 -6.93171993e-02]
 [-2.30724618e-01  2.17524037e-01  2.30533585e-01 -3.90480936e-01
  -4.26265866e-01  1.14941984e-01  1.87448606e-01  3.26787591e-01
   8.10344145e-02  2.53832698e-01]
 [-2.62707263e-01 -3.42988670e-01  2.89530933e-01  1.40270323e-01
   1.40954465e-01 -1.26635972e-02 -1.06108561e-01  1.79633185e-01
   1.10140845e-01 -1.44318268e-01]
 [-3.33117455e-01  5.60552962e-02 -3.61840278e-01 -3.26344550e-01
  -2.77715802e-01  4.54010189e-01  1.37362018e-01  3.39053333e-01
   1.66296557e-01  3.41599323e-02]
 [-4.36887741e-01  5.19561023e-02  2.65991300e-01  8.05880427e-02
  -5.71055673e-02  3.57674897e-01  1.95665449e-01  3.80558997e-01
   1.62758082e-01  1.97236434e-01]
 [ 2.41644189e-01 -1.11554749e-01  3.86216432e-01  5.86967841e-02
  -4.16512817e-01  3.80671144e-01  1.01079665e-01  3.26761603e-01
   1.18143931e-01  6.11236431e-02]
 [-2.48993322e-01  1.50308445e-01 -3.85587811e-01 -3.04563493e-01
   1.19584762e-01 -2.33230501e-01  6.69834018e-02  2.10404649e-01
  -1.89036846e-01 -1.15784809e-01]
 [-1.19652666e-01  1.04389690e-01  3.77460659e-01  8.41955319e-02
   6.98981807e-02  1.06658630e-01  5.28614707e-02  2.60627925e-01
   2.58585036e-01  6.38639182e-02]
 [-2.35824864e-02 -1.42538995e-01 -2.87804287e-02 -4.38370198e-01
  -9.49287713e-02 -2.56663680e-01 -1.09951459e-01 -4.83529754e-02
  -2.98075050e-01  1.26373172e-01]
 [-1.16590209e-01 -3.10658127e-01 -3.71797383e-01  1.84677139e-01
   3.06603402e-01 -3.79295349e-01  5.96088231e-01  4.25480366e-01
   5.08415699e-01 -1.61183983e-01]
 [ 1.56128660e-01  3.40222925e-01 -4.35058028e-01 -3.59895170e-01
  -5.08796751e-01 -1.64851621e-01  6.92873240e-01 -5.57051226e-02
   1.64822832e-01  3.09854746e-01]
 [-3.70067954e-01  5.22824883e-01  3.63096222e-02 -3.00148712e-03
   3.52857590e-01 -2.36757845e-01 -6.71462834e-01  5.36774039e-01
  -3.68272513e-01  4.02718544e-01]
 [ 1.75312817e-01  3.41884851e-01 -1.15048319e-01  1.82998031e-01
  -1.68160170e-01  1.95569038e-01  7.40595460e-01  5.96653961e-04
   1.79449037e-01  3.14152718e-01]
 [ 3.31454843e-01 -2.26020023e-01 -3.28560829e-01 -2.82592595e-01
  -4.15389501e-02  4.50379610e-01 -8.80352914e-01  5.86318016e-01
  -4.35118340e-02 -1.26490995e-01]
 [-1.20002300e-01 -3.24877113e-01 -2.54407197e-01 -2.30281681e-01
   5.03060184e-02 -1.89202055e-01  1.85422027e+00 -1.07391024e+00
   7.45469809e-01 -3.22240561e-01]
 [-2.04441130e-01 -3.89827520e-01  2.64752835e-01 -3.41824591e-01
   3.13056648e-01 -1.84480861e-01  1.98320425e+00 -9.27109063e-01
   6.77142441e-01 -1.97510108e-01]]
Peso 2:
[-0.09753884  0.39785329  0.04618201 -0.22087415  0.09496784  0.2871318
 -0.8985851   1.0478512  -0.2086001   0.12218104]
Camada: saida
Peso 1:
[[-0.06086651 -0.31340587]
 [-0.6834909   0.75270826]
 [ 0.38126028  0.6715359 ]
 [ 0.41584852 -0.5214083 ]
 [-0.67700857 -0.24259233]
 [-1.0626085  -0.24121429]
 [ 2.6493957  -1.8347232 ]
 [-1.0047338   1.750821  ]
 [ 0.4901399  -0.94871813]
 [ 0.1064281   0.58966637]]
Peso 2:
[-0.7776206   0.77762425]



pesos modelo: 
Test loss: 1.3088, Test accuracy: 0.7125
Camada: meio
Peso 1:
[[ 1.03087187e-01 -4.29097533e-01  3.86579394e-01 -2.84377694e-01
  -3.61670077e-01  4.06885505e-01 -3.12808573e-01 -3.43141705e-01
   1.24202490e-01 -1.10826522e-01]
 [-2.48522356e-01 -3.20608467e-01 -3.51062745e-01 -3.98468941e-01
   1.29605561e-01 -1.55105561e-01 -1.81203485e-02  9.30382833e-02
  -2.84990370e-01 -4.39817868e-02]
 [ 7.33048767e-02 -1.90112879e-03 -1.09584585e-01 -9.08497628e-03
   3.17457676e-01 -2.67821670e-01 -8.09498131e-02 -3.74544263e-01
   7.13868216e-02 -5.16954921e-02]
 [ 1.26260161e-01 -3.04193646e-01 -2.52130449e-01 -3.97342473e-01
   9.97650847e-02  9.89131629e-02  2.05586925e-01 -2.55874336e-01
   3.31666321e-02  1.39126405e-02]
 [-3.54507029e-01  4.45895381e-02  1.41431287e-01 -2.90507019e-01
  -3.54766220e-01 -4.12442833e-01  3.03597245e-02  3.07491571e-01
  -6.69988096e-02 -7.03724548e-02]
 [-4.06221718e-01 -9.04882997e-02 -2.27772593e-01 -3.56023274e-02
  -4.22618359e-01 -2.68417060e-01  3.40096384e-01  6.24183826e-02
   2.13856220e-01  4.37473804e-02]
 [ 2.29793470e-02 -2.86077917e-01 -1.07680209e-01 -2.92989582e-01
  -3.99460554e-01  7.76753649e-02  4.33196425e-01  1.32033378e-01
  -1.80996835e-01  4.42186445e-02]
 [-2.81542838e-01  2.75210291e-01  4.27426733e-02  1.60902619e-01
  -3.62045854e-01  8.06606635e-02  6.92229122e-02 -2.18835369e-01
   3.24934840e-01 -4.39937264e-02]
 [-4.29977775e-01 -3.85436535e-01 -2.15545252e-01 -4.10083622e-01
  -8.65551680e-02  1.84550792e-01  2.76687741e-02  1.84762433e-01
   1.65966853e-01 -4.96448092e-02]
 [ 1.62533343e-01 -2.80998796e-01  1.66460499e-01 -9.81319845e-02
   3.53634149e-01  1.18821382e-03  5.22301376e-01 -3.03521454e-01
  -2.00065985e-01  6.28970191e-02]
 [ 3.47025335e-01 -1.99472934e-01 -7.00819939e-02  1.35493308e-01
  -1.57913968e-01  1.48179337e-01 -9.27281156e-02 -1.58080578e-01
   4.77042645e-02 -9.72952545e-02]
 [-1.72476247e-01 -1.69542655e-01 -6.29661605e-02  1.99478850e-01
  -3.65919143e-01  2.75780886e-01 -1.66954860e-01 -3.51468235e-01
   4.05341350e-02 -1.04165956e-01]
 [-1.80401048e-03 -3.07692677e-01  3.11973244e-01 -4.37144041e-01
  -6.45249558e-04 -7.03396425e-02  3.04970294e-01 -1.89255491e-01
  -1.53241739e-01 -7.98603147e-03]
 [ 3.72044951e-01  1.04139283e-01  4.26295042e-01 -1.97147250e-01
  -3.13788980e-01  1.52461395e-01  2.14120463e-01 -1.19510107e-02
  -1.93481475e-01  6.79049075e-01]
 [-3.28117400e-01  9.29709300e-02  1.12291373e-01 -2.94902083e-02
  -4.60053742e-01 -1.98517501e-01  6.06387794e-01  2.87416399e-01
   3.41328859e-01  7.79859424e-01]
 [ 4.41510901e-02 -4.20864463e-01 -1.73936263e-01  2.52723783e-01
   2.49240279e-01 -4.71938342e-01  1.78896695e-01 -9.26029757e-02
  -2.60198534e-01 -9.07692432e-01]
 [ 1.13012396e-01 -2.57294923e-01  5.90618886e-02 -3.45520288e-01
  -3.59975129e-01  1.14776239e-01  4.83845621e-01  3.44001472e-01
  -1.47159889e-01  7.39174664e-01]
 [ 1.45610541e-01  2.17794538e-01 -1.95953146e-01  8.92859474e-02
  -3.45642090e-01 -2.86296993e-01  6.73519671e-01 -2.76281118e-01
  -4.00707781e-01 -9.05394077e-01]
 [ 5.76928258e-02  1.91126391e-01  3.74884516e-01  1.82565734e-01
  -2.40111560e-01  4.43251520e-01  4.58213501e-03  5.55932939e-01
   4.60711688e-01  2.32078028e+00]
 [ 3.06438208e-01  8.89937859e-03  2.62804627e-01 -1.56696811e-01
  -3.40475917e-01 -2.69458741e-01 -2.02733934e-01  2.92821288e-01
   9.11428258e-02  2.33670330e+00]]
Peso 2:
[ 0.03824425 -0.00795412 -0.11867794 -0.13993451 -0.1328673  -0.10162717
  0.6606356   0.00546124 -0.05230819 -0.8890203 ]
Camada: saida
Peso 1:
[[-0.1955495   0.01260073]
 [-0.37203404 -0.53511614]
 [ 0.65169626 -0.33214095]
 [ 0.33960202 -0.52898455]
 [ 0.28776303 -0.60322464]
 [-0.1527367  -0.5238773 ]
 [-1.2037966   0.30714494]
 [-0.01141393 -0.38008407]
 [-0.1895095  -0.39651197]
 [ 2.6433504  -2.5536656 ]]
Peso 2:
[-2.6024637  2.6024659]



pesos modelo: 
Test loss: 0.7149, Test accuracy: 0.7869
Camada: meio
Peso 1:
[[ 0.08932191 -0.29523438 -0.2823081   0.11439258 -0.37012774 -0.44697306
   0.126831    0.22499752  0.05141294 -0.04741058]
 [-0.39265347 -0.2946495   0.2565003  -0.21289718  0.00478546 -0.1608515
  -0.14277051 -0.20016946 -0.307821    0.16070408]
 [-0.0514492  -0.22678186 -0.35052702  0.02405854  0.13757762  0.16279806
   0.35624346  0.03097831 -0.22573856 -0.19112681]
 [ 0.06192952  0.31174615  0.4218221   0.2780901   0.33768108  0.4772526
  -0.2943289   0.1927532   0.27040073 -0.33194345]
 [ 0.39057067  0.24606866 -0.29722846  0.06727812  0.01201051  0.14489006
  -0.38477778  0.09035743 -0.03570312  0.323812  ]
 [ 0.18315326  0.16628636 -0.3261479   0.21202812  0.5275348  -0.01419946
   0.3788114  -0.1516944   0.17875707 -0.44458237]
 [ 0.38684765 -0.2664878  -0.3529281  -0.20212378  0.16492341 -0.08230008
   0.32047603  0.02638953 -0.03211898  0.19662161]
 [ 0.45196474  0.12073995  0.22401752  0.12136697  0.21884485  0.16239817
  -0.36797085  0.01275523  0.34281495  0.07676298]
 [ 0.11267535 -0.13143711 -0.08012582  0.04175757 -0.32353154  0.48405913
  -0.40093705 -0.08810541  0.43246627  0.31487057]
 [-0.31640047 -0.23040125 -0.08512732 -0.21283023  0.32790574  0.2515078
   0.2397899   0.26732394 -0.06245532 -0.35693538]
 [ 0.17123595  0.4058612   0.18766077 -0.04865178 -0.2598787   0.4623229
   0.19767036  0.42982814 -0.26595435 -0.2912329 ]
 [-0.36334527 -0.15097044  0.06769589  0.17463696  0.38405052  0.48035
  -0.3033848   0.05744812  0.28573525  0.18198645]
 [ 0.32185125  0.27858216  0.06699606  0.0933196  -0.32017043  0.20393103
   0.43966314  0.06405699 -0.22660328 -0.26391873]
 [-0.1611468  -0.00923915 -0.20954296  0.47909904 -0.23614964  0.24556951
   0.09781802  0.29408187  0.30071044 -0.21558633]
 [ 0.27330524  0.45248446  0.04015421  0.4263948   0.3843639  -0.2624123
   0.13276897  0.41149613  0.55705774 -0.26801547]
 [ 0.56805444  0.61905485 -0.36994335 -0.37791252 -0.10727315  0.6957659
  -0.04111511 -0.37427175 -0.4087374   0.04963612]
 [ 0.07054888 -0.11652175 -0.42023948  0.5882937   0.17275752  0.1632578
   0.20822425  0.47309977  0.21785711  0.34206796]
 [ 0.07064333 -0.332168    0.4249297  -0.7026211   0.48883167  0.410361
  -0.25289834 -0.63019764  0.00372306 -0.25202462]
 [-0.0712535  -0.52318233 -0.40736967  1.274676   -0.646417   -1.0868723
  -0.10240447  1.5549589   0.6668186   0.2307419 ]
 [-0.3047885  -0.2906472  -0.33819333  1.143775   -0.56091124 -1.2490634
  -0.2259685   1.4947939   0.8638468   0.00819724]]
Peso 2:
[ 0.23133972  0.3742256   0.02621699 -0.43456754  0.4494242   1.0169569
 -0.03149399 -0.49074447 -0.16576687 -0.1156046 ]
Camada: saida
Peso 1:
[[-0.09883042  0.7086938 ]
 [-0.56029564  0.59511346]
 [-0.02237925  0.15853526]
 [ 1.0613207  -1.581421  ]
 [-1.2919722   0.15817936]
 [-0.9665839   1.9451493 ]
 [ 0.0447518   0.02955469]
 [ 1.3553786  -1.8314648 ]
 [ 1.0494313  -0.22404729]
 [-0.02183054 -0.36044297]]
Peso 2:
[-0.5661145   0.56611735]



pesos modelo: 
Test loss: 1.6350, Test accuracy: 0.6904
Camada: meio
Peso 1:
[[ 0.36037737  0.27302808 -0.3507872   0.28503442 -0.06778944  0.20539135
  -0.26663053  0.10725576 -0.2368465  -0.02574053]
 [-0.39984837  0.44450313  0.26677462 -0.40187737  0.34334087 -0.24691868
  -0.3467953   0.1777628   0.06854856 -0.30514613]
 [-0.34669197  0.3555667  -0.26892453  0.27175468  0.4709361  -0.13376157
   0.37604222 -0.0171997   0.163353    0.04304133]
 [-0.4254077  -0.04272017  0.24893437  0.33316314  0.36917698  0.18753324
   0.05401952  0.15739816  0.30528164 -0.19592626]
 [ 0.1074446  -0.20738877  0.41778365  0.04779379  0.21803783  0.01544905
  -0.33862555  0.03774543 -0.13467392 -0.21325016]
 [ 0.5293508  -0.00567438 -0.07138286 -0.3930945   0.06983814 -0.06735755
  -0.3630991  -0.08863883  0.09657196 -0.43928227]
 [-0.28076217  0.44262195  0.03372671 -0.24881744  0.08780347 -0.18214825
   0.07837027  0.01576433 -0.15953942  0.2506056 ]
 [-0.15516664  0.04282296  0.15862556 -0.3134612   0.03944263 -0.2936791
   0.127611   -0.05719889 -0.22300433 -0.22164577]
 [ 0.19996957 -0.18670596  0.08053459 -0.01340657  0.39035916  0.05815304
  -0.42524874  0.05836572  0.3719845  -0.02393946]
 [ 0.4738231  -0.19477372 -0.22181998  0.08190624  0.12166519  0.3477869
   0.21930091 -0.09593218  0.3844998  -0.30768484]
 [-0.16899051 -0.2238643   0.36659294 -0.3360813  -0.19435918  0.328065
   0.40871504  0.00647438 -0.01096479  0.3775472 ]
 [-0.35737348 -0.18834709  0.29253647 -0.41794413  0.45708814  0.08345169
  -0.24497706  0.06002184 -0.03123265  0.11694195]
 [-0.15498298 -0.14340453 -0.04915861  0.2521091   0.47948807  0.4779213
  -0.00584138 -0.00280968  0.13558514  0.18776496]
 [-0.10757957  0.382189    0.07550152 -0.1977119  -0.39585748 -0.09036499
   0.18312685  0.7311963  -0.25773743 -0.45008668]
 [ 0.20770656  0.3588799   0.19369787  0.30490634 -0.05190755 -0.30032566
  -0.19199088  0.9760417   0.2791219   0.26343435]
 [-0.17085744  0.320754    0.64741874 -0.43458048 -0.02718632  0.47270417
   0.3227377  -0.76526433  0.60514694 -0.12355971]
 [-0.20372075  0.17336044 -0.33338493 -0.11637685 -0.5072238  -0.2846397
   0.07838178  0.6247816   0.31835067  0.19813192]
 [-0.39452082  0.3138882   0.85762846  0.3208123   0.14057122 -0.07009795
  -0.2563779  -0.74554783  0.22743253 -0.09613462]
 [-0.41516733 -0.7243961  -0.47683913 -0.20645745  0.08359884 -0.02895543
  -0.02277636  1.9883057  -0.63064504 -0.04089317]
 [-0.212821   -0.41641894 -0.4347444   0.41197926 -0.16614576  0.3184081
   0.1979837   2.1284688  -0.42613238 -0.03224733]]
Peso 2:
[ 0.13168234  0.4592299   0.9290214  -0.00187255  0.2816172   0.08119883
 -0.04139747 -1.0368525   0.58362085  0.04677021]
Camada: saida
Peso 1:
[[-0.23876232  0.5153744 ]
 [-1.0965087   0.27149552]
 [-1.3079569   0.8742477 ]
 [ 0.4078151   0.41683385]
 [-0.15227072  0.6720349 ]
 [-0.42095175 -0.04716007]
 [ 0.30376765  0.5010546 ]
 [ 2.3198879  -2.48678   ]
 [-0.47431287  1.0539726 ]
 [-0.11057868  0.43308142]]
Peso 2:
[-0.7557372  0.7557417]



pesos modelo: 
Test loss: 1.5469, Test accuracy: 0.6975
Camada: meio
Peso 1:
[[ 3.06302607e-01 -3.30361664e-01 -1.29252315e-01  2.15864718e-01
   2.79362857e-01 -3.70837301e-01 -1.22822225e-02 -1.97827667e-01
   8.86805058e-02  3.89558375e-01]
 [-1.76890776e-01  6.06278181e-02  2.74265796e-01  1.76149160e-01
   4.37421091e-02 -2.15214342e-01  1.47850782e-01 -1.54731810e-01
  -2.49577984e-01 -1.27957135e-01]
 [-9.59508028e-03  1.74948320e-01  7.91729912e-02  3.46933514e-01
   1.53822750e-01 -4.06610727e-01  2.44249955e-01  1.51523769e-01
  -3.58691692e-01 -1.44032377e-03]
 [ 2.85042971e-01  2.81931013e-01  2.15112507e-01  3.58698040e-01
   3.88956010e-01  2.43280455e-03 -1.57405715e-02  3.96515638e-01
  -3.14173251e-01 -4.02445614e-01]
 [-3.53444189e-01  1.29703760e-01 -2.81077027e-01 -6.16870187e-02
   6.16200343e-02 -3.29580963e-01 -1.82163790e-01 -1.58933669e-01
   2.71488219e-01 -2.78134406e-01]
 [-1.23152353e-01  3.75792563e-01  6.92507923e-02  3.09142292e-01
   3.81624967e-01 -1.83906347e-01 -3.97828549e-01  3.21286507e-02
   1.93121359e-01  4.05010581e-01]
 [-4.67240214e-02  1.77256092e-01 -2.27789376e-02  2.71409214e-01
   4.98040318e-01 -1.63566157e-01  1.84780732e-01 -2.54581809e-01
   9.02173892e-02  2.27163047e-01]
 [ 2.38943055e-01 -5.69568342e-03  4.39878143e-02  1.99927121e-01
   1.43192574e-01  2.94715554e-01  1.53673723e-01  3.28818381e-01
  -3.04832518e-01 -3.21194649e-01]
 [ 7.30580389e-02  1.14309654e-01 -1.76507697e-01  2.14966446e-01
  -1.26242012e-01 -3.83656621e-01  1.61024511e-01  5.61794937e-01
  -2.70898908e-01  2.88024247e-01]
 [ 1.05812892e-01 -5.59463575e-02 -3.06286991e-01 -1.06658354e-01
   5.83333150e-02  4.50836457e-02 -5.40922843e-02  2.62384981e-01
  -3.12314808e-01 -2.91102767e-01]
 [ 7.68954083e-02  1.56720988e-02  1.80689812e-01  3.01945508e-01
  -2.63616621e-01  7.77225196e-02 -7.21832737e-02  4.99743968e-01
  -4.11578268e-01 -3.44789326e-01]
 [ 2.53862858e-01 -2.99239933e-01 -8.01419765e-02 -4.48638588e-01
   2.84260809e-01  1.40065700e-01 -3.87316495e-01  7.31078908e-02
   6.94517344e-02 -3.90904874e-01]
 [ 2.60629922e-01  1.87707782e-01  8.53779614e-02 -1.64468959e-02
   4.58831847e-01  1.09461397e-01  2.08964631e-01  3.08634073e-01
  -2.46838793e-01 -1.18136860e-01]
 [ 7.27510571e-01  3.15109104e-01 -2.05402732e-01 -4.41456497e-01
   3.78168166e-01 -2.43332520e-01 -2.54459411e-01 -6.83487505e-02
   3.28387290e-01 -1.18454665e-01]
 [ 4.14874434e-01  4.80251461e-01 -5.52897193e-02 -9.65514332e-02
  -3.95421922e-01 -1.81210458e-01 -9.75430161e-02  3.98835093e-01
  -4.37981665e-01 -4.14278507e-02]
 [-5.08543432e-01 -3.20250064e-01  5.80202699e-01  3.86013389e-01
   4.04809147e-01  6.77524656e-02 -2.60645926e-01  6.82075024e-01
   9.94922221e-02  1.28381878e-01]
 [ 5.63340783e-01  2.48793721e-01  4.53356564e-01  2.54828691e-01
  -2.29796216e-01 -1.30512267e-01 -4.35818434e-01 -1.39252543e-01
  -3.76695871e-01  6.96141645e-02]
 [-3.35766286e-01 -6.58125877e-01  9.74519327e-02 -6.38159215e-02
   7.40221500e-01  2.99164236e-01 -1.34623535e-02  7.23301709e-01
   2.36352280e-01  1.97285563e-01]
 [ 1.58750820e+00  1.24621105e+00 -4.17237043e-01 -3.86375070e-01
  -6.69427335e-01 -3.65699828e-01 -1.13825433e-01 -7.35981882e-01
   4.42672282e-01  7.20140189e-02]
 [ 1.42955601e+00  1.42473423e+00  1.25365749e-01 -1.44141153e-01
  -8.86196136e-01 -3.24673295e-01  3.47973071e-02 -7.48890162e-01
  -1.91536397e-01  8.19086432e-02]]
Peso 2:
[-0.6811441  -0.5889625   0.2738885   0.18036738  0.98059577 -0.13584296
 -0.20077015  0.7983316  -0.01150271 -0.00749154]
Camada: saida
Peso 1:
[[ 1.6867002  -1.7957432 ]
 [ 1.4421623  -1.5404797 ]
 [-0.73170274  0.04469654]
 [-0.5369306   0.20202084]
 [-1.1974374   1.2199354 ]
 [ 0.44576415 -0.36056077]
 [ 0.1975868  -0.44828725]
 [-0.6008967   1.6773726 ]
 [ 0.25894466 -0.02204228]
 [ 0.6055001   0.6196857 ]]
Peso 2:
[-0.60881025  0.6088149 ]



pesos modelo: 
Test loss: 1.6254, Test accuracy: 0.6738
Camada: meio
Peso 1:
[[-2.8618050e-01 -1.0109803e-01 -4.2734110e-01 -3.4144014e-02
  -2.4923058e-01  4.1933405e-01 -6.4184904e-02  1.0914481e-01
   1.1038178e-01  2.0572424e-01]
 [ 2.4197066e-01 -5.6373881e-04  3.1515437e-01  3.7950411e-01
  -2.7149862e-01 -2.6054382e-01  3.3311909e-01  2.8532895e-01
  -2.6761270e-01 -2.1733376e-01]
 [-1.3997342e-02 -1.1555508e-01 -1.3382980e-01  3.3446664e-01
   2.1178152e-01 -1.9251311e-02 -1.4559884e-01  2.0099375e-01
  -2.0130625e-01 -1.8121247e-01]
 [ 2.6614124e-01 -2.8939156e-02 -8.7288441e-03 -1.5315530e-01
   4.7531363e-01  4.2787004e-01  1.0820941e-01  1.4467053e-01
  -2.6361492e-01 -1.3424195e-01]
 [-2.3393427e-01  1.8378633e-01 -6.0388941e-02  4.7432768e-01
   3.7653387e-02  2.9329744e-01  5.9885789e-02  3.1804085e-02
   1.2193765e-01 -1.8879731e-01]
 [ 2.1550843e-01  3.1364706e-01 -1.7749168e-01  3.7060046e-01
   2.5743926e-01  4.5617744e-01 -3.4743065e-01 -4.2388248e-01
   2.6413634e-01 -3.1231084e-01]
 [ 3.5723200e-01  8.2671337e-02 -2.3001632e-01  1.4409278e-01
   9.2218190e-02  3.7292796e-01  2.7123091e-01  1.6526882e-01
  -2.7625242e-01 -2.6575601e-01]
 [ 2.4848400e-01  1.7907344e-01  5.1798272e-01  4.4443154e-01
   3.0241773e-01  1.6720660e-01  3.8100764e-01  2.4894066e-01
  -3.2366773e-01  2.5472370e-01]
 [-6.5438345e-02  2.4367434e-01 -2.6934613e-02  1.4124674e-02
  -3.0155763e-01  4.3865424e-01  4.0755242e-01 -1.7436500e-01
   2.1754155e-01 -8.9688420e-02]
 [ 2.9337022e-01 -1.9017944e-01 -1.7288657e-01  3.6645320e-01
  -8.9862205e-02 -1.3406631e-01  3.9249009e-01 -6.7960881e-02
   1.5062121e-01  8.6897731e-02]
 [ 2.9750693e-01  1.8456849e-01  1.9870639e-01  3.0938244e-01
  -6.5159120e-02  6.0127698e-02 -3.0184759e-02 -2.6465914e-01
   2.7433237e-01 -4.0949735e-01]
 [ 1.6086793e-01 -1.1407552e-01  3.1909308e-01 -2.6341036e-01
  -4.9726758e-02  4.2572420e-02  1.1414846e-01 -2.1615747e-01
   1.2594186e-01 -1.9546399e-01]
 [-1.7102544e-01  2.1006736e-01  1.4512819e-01  2.7383620e-01
  -1.7512634e-02  3.2009500e-01  1.5221681e-01 -1.1565580e-01
   8.8400561e-03  2.9986072e-01]
 [ 3.8231763e-01  3.1869438e-01  2.6145148e-01 -6.4171202e-02
   5.0129348e-01 -3.9102402e-01 -1.6694581e-02 -7.4325018e-02
   3.6918327e-01 -2.9280710e-01]
 [ 2.1336845e-01  4.6866006e-01  1.2079317e-01 -3.1668350e-01
   2.6372993e-01 -1.4150171e-01  1.6355386e-01 -1.6814126e-01
  -1.8427983e-01 -2.2859459e-01]
 [-3.9093342e-01 -5.8944440e-01 -3.3965158e-01  3.1623927e-01
  -6.4390886e-01  8.3238882e-01 -5.5024678e-01 -2.7419004e-01
   2.5623038e-02  4.2284679e-01]
 [ 4.1108036e-01  6.8348259e-01 -1.6322367e-01 -1.4840141e-01
   4.4799060e-01  2.2855078e-01  2.5661266e-01 -8.0812454e-02
   9.7215824e-02 -2.5484309e-01]
 [ 2.5547169e-02 -5.1567560e-01  2.9012972e-01  4.0836224e-01
  -7.8358665e-02  9.2697877e-01 -2.3899733e-01 -2.4482499e-01
   2.8605449e-01 -2.6909527e-01]
 [-4.5216146e-01  1.5681236e+00 -5.9047043e-01 -8.5626537e-01
   8.7970275e-01 -9.6558255e-01  4.6351919e-01  1.5223204e-01
  -2.0288229e-01  1.3776727e-01]
 [-5.4164356e-01  1.7662724e+00 -6.1847413e-01 -1.4780520e-01
   9.6565676e-01 -8.8868868e-01  5.6231803e-01 -4.0151125e-01
   5.5346286e-01 -3.3046305e-02]]
Peso 2:
[ 0.11149973 -0.7023294   0.5566413   0.5897053  -0.3675169   1.0667019
 -0.23284687 -0.00548513 -0.08487304  0.0225542 ]
Camada: saida
Peso 1:
[[ 0.20421614  0.83542275]
 [ 1.7383602  -1.9043254 ]
 [-0.9174607   0.62566525]
 [-1.3952976   0.15980254]
 [ 1.149432   -0.7592187 ]
 [-1.6843302   1.189803  ]
 [ 0.8240837  -0.4015855 ]
 [-0.05523377 -0.02739052]
 [-0.2905663  -0.647779  ]
 [-0.03107931  0.62948996]]
Peso 2:
[-0.53479606  0.53480095]
