


pesos modelo: 
Test loss: 1.3143, Test accuracy: 0.7217
Camada: meio
Peso 1:
[[-0.2581215   0.17211074 -0.14056435 -0.35942167 -0.3277933  -0.24805672]
 [ 0.18470865  0.28020942  0.33175758  0.3661253  -0.07475832 -0.3100093 ]
 [ 0.18834247  0.10871612  0.03757569  0.31758738  0.1316201   0.45382482]
 [-0.17392993  0.39787483 -0.41413912 -0.28901455 -0.10339548 -0.21853253]
 [ 0.10458765  0.16873825 -0.2869193   0.26822048  0.10049599  0.01761272]
 [ 0.03888968 -0.2869389   0.46502185  0.19172098  0.22663733 -0.29560626]
 [ 0.14798129  0.33839095 -0.27628982  0.09953611  0.09920818 -0.07631103]
 [ 0.24556637 -0.1015007  -0.09211522  0.4267237   0.34078655 -0.13238125]
 [ 0.27678087  0.1381627  -0.28028166 -0.01608131  0.48023474 -0.07112953]
 [ 0.11434489  0.01235776 -0.10069042 -0.13505842  0.3697084  -0.16237842]
 [-0.10301737 -0.12729214 -0.26888883 -0.10642168  0.2244019  -0.09047482]
 [ 0.21100643 -0.13273473  0.5558806  -0.01160845  0.4253942   0.02322765]
 [-0.03902378  0.26337335 -0.25906008  0.3195077  -0.15968019  0.45560282]
 [ 0.81096166  0.37846854 -0.28321448  0.2226837  -0.26801854  0.03274605]
 [ 0.70348346 -0.43010384  0.3638528  -0.1540812   0.1886397  -0.15801963]
 [-0.5340377   0.54404587 -0.22795154  0.28525105  0.7725159  -0.34539032]
 [ 0.2885424  -0.03510461  0.2933308  -0.39897448 -0.4367658   0.25729474]
 [-0.84934914 -0.05743554 -0.15755755  0.7617712   0.47467214  0.22600561]
 [ 1.8486015  -0.70287615 -0.27041805 -0.30291525 -1.1590666   0.21888007]
 [ 1.7563145  -0.7355624  -0.48520434 -0.5846836  -1.0851626  -0.36440042]]
Peso 2:
[-0.64558107  0.7808401   0.33171386  0.5209993   1.2125733  -0.03253398]
Camada: saida
Peso 1:
[[ 2.1444352  -1.848386  ]
 [-0.9827402   1.2029853 ]
 [-0.4453956   0.9240328 ]
 [-0.4333824   1.1650009 ]
 [-1.9330969   1.091236  ]
 [ 0.25788894  0.17117375]]
Peso 2:
[-0.18253818  0.18253781]



pesos modelo: 
Test loss: 1.3639, Test accuracy: 0.7201
Camada: meio
Peso 1:
[[-1.56452417e-01 -4.42938626e-01 -9.22577083e-02  3.30942810e-01
  -1.41575456e-01 -3.62605453e-01]
 [ 5.08021176e-01  2.53189960e-03  2.57858038e-01 -3.77364188e-01
  -5.18988408e-02  5.62620014e-02]
 [ 4.26473588e-01  1.07831836e-01  2.60395139e-01  2.54631817e-01
  -2.71564752e-01 -5.43299876e-02]
 [ 2.01876372e-01  3.84551167e-01  1.99892446e-01  2.05833405e-01
   1.94121599e-01 -2.64419287e-01]
 [-2.14370355e-01 -3.54927927e-01 -2.49256358e-01 -3.26786101e-01
   3.83000404e-01 -3.61111194e-01]
 [ 4.84080404e-01  5.11728585e-01  3.14040452e-01 -4.95643802e-02
  -1.74993306e-01  2.42035598e-01]
 [ 8.36137161e-02  2.20711619e-01 -3.19610387e-02 -9.65866596e-02
   1.88003629e-01  4.71595943e-01]
 [ 2.37816781e-01 -8.62922445e-02  6.74820170e-02  3.81111413e-01
  -4.17872727e-01 -2.47839794e-01]
 [ 4.54468966e-01 -1.11335881e-01  3.37469399e-01 -2.80993044e-01
   4.86643076e-01  2.86075175e-01]
 [ 1.92796603e-01 -1.15235984e-01  1.84435561e-01 -6.82890788e-02
   4.47544634e-01 -2.04404995e-01]
 [ 3.56320292e-01  4.21314150e-01  2.62234032e-01  3.03294092e-01
   2.08844915e-02  1.29583254e-02]
 [ 1.33043781e-01 -3.75547320e-01 -9.32488814e-02 -6.42931908e-02
  -2.93706745e-01 -2.95113828e-02]
 [-4.34587821e-02 -8.73864666e-02 -4.46973294e-02  8.51435587e-02
   2.25959495e-01 -3.98099512e-01]
 [-3.59754443e-01 -1.71129853e-01  4.96115178e-01  1.37043715e-01
   1.76647305e-01  4.10921007e-01]
 [-6.77651539e-02 -3.80122900e-01  6.39050543e-01 -4.00263250e-01
   2.70886153e-01  5.40051125e-02]
 [ 8.97209287e-01  9.57144948e-04 -4.30056453e-01  4.90341097e-01
   5.88542104e-01 -3.25336277e-01]
 [-5.50379492e-02  2.38348633e-01  7.07181990e-01  3.40348572e-01
  -5.23747921e-01 -2.33184427e-01]
 [ 9.94512856e-01 -3.36868495e-01 -5.13682783e-01  8.46926495e-02
  -9.25802737e-02 -2.51595259e-01]
 [-1.23002577e+00 -2.08928943e-01  1.79621816e+00 -1.79700017e-01
  -5.12624800e-01  5.53935707e-01]
 [-1.42170000e+00 -2.24509612e-01  1.77023947e+00 -1.95603549e-01
  -7.91735873e-02 -6.39080033e-02]]
Peso 2:
[ 1.2750905   0.22226332 -0.9426551   0.22472009  0.38589457 -0.01944948]
Camada: saida
Peso 1:
[[-2.060557    1.5112078 ]
 [-0.9568363  -0.11018359]
 [ 2.0338852  -2.1742887 ]
 [-0.07303642  0.6322383 ]
 [-0.23232572  0.9342631 ]
 [ 0.15672638 -0.28633925]]
Peso 2:
[-0.40536842  0.40537128]



pesos modelo: 
Test loss: 1.8693, Test accuracy: 0.6700
Camada: meio
Peso 1:
[[ 0.3157211   0.2547965  -0.00322399 -0.28138193  0.22904432  0.0100286 ]
 [ 0.5343245   0.14686489  0.31257138 -0.19465822  0.3080532   0.09966115]
 [-0.31972897  0.0337368   0.19544989 -0.2433623  -0.00544663  0.27948418]
 [ 0.4879244   0.37948287 -0.19928783 -0.00743935  0.41796064  0.09715462]
 [-0.1966632   0.08311897 -0.17764316 -0.29472685 -0.19186328  0.03432539]
 [ 0.1854409   0.01929856  0.38465986  0.17127395  0.15747628  0.09608419]
 [ 0.55916137 -0.08149233  0.33780792 -0.2515864   0.34542206  0.255125  ]
 [ 0.08106613  0.27271736 -0.47953233  0.31692988 -0.07904725 -0.18752588]
 [-0.02606779 -0.00442554  0.0973341   0.45444918 -0.09661258 -0.06253612]
 [-0.0264769   0.3665826   0.25403926 -0.16264899  0.28339854  0.17293039]
 [-0.12372521  0.14594343 -0.10570845 -0.39411253  0.2506239   0.41727582]
 [ 0.05354361  0.40848297  0.02076833 -0.0675251   0.23542462  0.0712077 ]
 [ 0.19181676 -0.06077898 -0.44212726  0.07547133  0.173242    0.2763441 ]
 [-0.35737285 -0.32457176 -0.1790229   0.44053552  0.5486695   0.00328319]
 [-0.33678198 -0.21300684  0.20050149  0.04834875  0.50150067 -0.19678922]
 [ 0.4846575   0.6044769  -0.21981281 -0.3724164  -0.8204806   0.8267451 ]
 [ 0.47930396  0.13205099  0.23944402 -0.00546349  1.0494123  -0.20791307]
 [ 0.37068582  0.18362148  0.10307653 -0.11734312 -0.49324316  0.7899574 ]
 [-0.6210875  -0.92499024 -0.19957754 -0.48834443  1.5146141  -1.1806616 ]
 [-0.47771215 -0.9421287  -0.21453914 -0.19088623  1.5869485  -1.1923118 ]]
Peso 2:
[ 0.5951201   0.9220225  -0.04078658  0.0889764  -0.61295253  1.2637147 ]
Camada: saida
Peso 1:
[[-1.5107886   0.22597024]
 [-1.3799124   0.99782634]
 [-0.1644772   0.43445954]
 [-0.8388165   0.36140198]
 [ 1.7192931  -1.8079572 ]
 [-1.3790741   2.0087676 ]]
Peso 2:
[-0.14806116  0.1480589 ]



pesos modelo: 
Test loss: 1.4573, Test accuracy: 0.7080
Camada: meio
Peso 1:
[[-0.09802914  0.21457505 -0.07497624 -0.36304298 -0.23901427  0.03028333]
 [-0.16054742  0.18942676  0.15693654  0.05375103  0.33764663  0.06470735]
 [-0.23913774  0.41697872 -0.06617188 -0.0902895   0.19801879  0.18716776]
 [-0.31346035  0.0376378   0.26398528  0.25279284  0.305733    0.05049676]
 [-0.25942382  0.44666833 -0.18526168  0.1561525  -0.11956031  0.48600566]
 [ 0.03003082  0.09317754  0.1840871  -0.02695612  0.3312477  -0.3341863 ]
 [-0.1534485  -0.09910664  0.10283681  0.0350895   0.45531145  0.3156556 ]
 [-0.39787272 -0.3812708   0.2114815   0.01992245  0.42052233 -0.22242193]
 [ 0.16026738 -0.23019105  0.0875757   0.05581143  0.33359027  0.10777529]
 [ 0.31841806  0.478005   -0.01834909  0.28672326 -0.19480944 -0.15210177]
 [ 0.172843    0.11766777 -0.1037448  -0.09304152  0.07630517  0.08551585]
 [-0.25766    -0.03542681 -0.14406241 -0.35207295  0.39550567  0.43827328]
 [ 0.34781522 -0.16574131  0.07823     0.19398035  0.13413659  0.25052932]
 [ 0.16332665 -0.44010806  0.7428244   0.26569676 -0.27452117  0.2980252 ]
 [-0.07105026  0.09624054  0.8740639   0.06394047  0.05477815  0.11756158]
 [-0.08619398 -0.11631098 -0.68275744  0.34425884  0.86245877 -0.44012937]
 [-0.47749946 -0.0448027   0.6075633  -0.16305706 -0.22190501 -0.21096236]
 [ 0.3846434  -0.25050482 -0.65675473  1.0430856   0.22212575  0.1334468 ]
 [-0.28222325  0.12588947  1.8807874  -0.5381128  -1.1092999   0.5001319 ]
 [-0.1929808  -0.4132388   1.6750134  -0.9160578  -0.9727274   0.6453607 ]]
Peso 2:
[-0.09966712  0.06365453 -0.9248496   1.0059843   0.9845623  -0.07647465]
Camada: saida
Peso 1:
[[-0.41587463 -0.46864867]
 [ 0.39459917  0.74159473]
 [ 1.7366611  -2.373071  ]
 [-1.480924    1.1141545 ]
 [-0.9332405   1.843579  ]
 [-0.12804134 -1.0166752 ]]
Peso 2:
[-0.52987957  0.52988386]



pesos modelo: 
Test loss: 1.0929, Test accuracy: 0.7320
Camada: meio
Peso 1:
[[-0.22760877  0.12230742  0.31874704 -0.14187998  0.3508268   0.43525004]
 [ 0.0826719   0.26744112 -0.01708862  0.24756922 -0.03630182 -0.06300497]
 [-0.07391438  0.06660324 -0.01985324 -0.19064432 -0.37073165  0.13959302]
 [-0.20673116 -0.13944454 -0.02477412  0.47964954 -0.01744542 -0.11294083]
 [-0.2380427   0.03728248 -0.05027255 -0.13055302 -0.38997042 -0.22382851]
 [-0.23916261  0.19475812  0.17516911  0.04776054 -0.5114303   0.2303656 ]
 [-0.21176533 -0.15910125 -0.00705387 -0.06125272 -0.04712189  0.22494635]
 [ 0.30957612  0.5733706   0.09676554 -0.38858104  0.04031171  0.4890051 ]
 [ 0.11024585  0.02673214 -0.06949919  0.37746203  0.27658615 -0.07839268]
 [ 0.15789439 -0.03773115 -0.04418381  0.28154045 -0.05817369  0.3729451 ]
 [-0.09207205  0.6206098   0.0861889  -0.30728206  0.18423995 -0.32863992]
 [ 0.13000286  0.5534568  -0.0305396  -0.26267737 -0.2567724  -0.21248452]
 [-0.06822272  0.2637238   0.08148667 -0.02746996 -0.42490748  0.2194423 ]
 [ 0.4473523   0.12810184  0.6012253   0.23821606  0.05624196  0.34186104]
 [ 0.5674291  -0.06256466  0.48726198 -0.18970197 -0.32605302  0.445277  ]
 [-0.63020885  0.73993194 -0.5178391  -0.43556854  0.11695856  0.71224236]
 [ 0.6388757   0.20557335  0.5733508   0.38821396  0.10366823  0.2851371 ]
 [-0.36798757  0.7405502  -0.6146916  -0.01247488  0.12157898  0.17984647]
 [ 0.8336809  -0.04448444  2.2232099  -0.3939067  -0.17548005 -0.73011357]
 [ 1.0883183  -0.6531882   2.0840645  -0.29133263 -0.19223535  0.0167085 ]]
Peso 2:
[-0.43389615  0.8259097  -0.7553484   0.26454073 -0.22627531  0.588151  ]
Camada: saida
Peso 1:
[[ 1.7775269  -0.46829462]
 [-1.2530591   0.6444463 ]
 [ 1.7266484  -2.7396085 ]
 [-0.58117586  0.210993  ]
 [ 0.39074194 -0.28601155]
 [-0.48594737  0.900917  ]]
Peso 2:
[-1.3565978  1.3566011]



pesos modelo: 
Test loss: 1.5446, Test accuracy: 0.6931
Camada: meio
Peso 1:
[[ 2.65666783e-01 -4.36436594e-01  4.68378246e-01  3.13022614e-01
  -2.61829734e-01  2.79665411e-01]
 [ 9.05014202e-02  8.38161970e-04  5.30167520e-01 -1.43256143e-01
  -2.70188928e-01  2.34106287e-01]
 [-2.24665388e-01  1.66798666e-01 -2.33030364e-01 -3.26197892e-01
   2.41626427e-01 -8.78890008e-02]
 [ 1.91431969e-01 -2.63724953e-01 -2.49019608e-01  3.68825525e-01
   3.46364141e-01  3.35914820e-01]
 [ 3.12380418e-02 -3.33244503e-01 -1.62043959e-01  2.65742451e-01
   4.22332346e-01  4.28255163e-02]
 [ 2.46068135e-01  8.24590996e-02  3.53425324e-01 -2.17969552e-01
   2.98792362e-01  5.33173323e-01]
 [ 6.25580028e-02 -7.20018148e-02 -3.06804210e-01 -2.16759473e-01
  -7.03368336e-02  4.99664009e-01]
 [-6.61661401e-02 -4.80821311e-01  5.06578445e-01 -1.96256757e-01
  -1.23259500e-02  8.08374062e-02]
 [-1.48067355e-01  3.00350219e-01  1.30019531e-01  1.93974867e-01
  -6.83802441e-02 -2.27224022e-01]
 [ 1.15533154e-02  2.03925669e-01 -7.35094249e-02 -1.23880886e-01
  -2.68712163e-01  3.99043560e-01]
 [ 4.21251990e-02 -1.72123000e-01  3.86132121e-01 -1.14170313e-01
   4.72319901e-01  2.77625304e-02]
 [ 1.70306191e-01 -1.25320554e-01 -2.55516320e-02 -2.64335759e-02
   4.51128706e-02  4.99880880e-01]
 [ 1.00779146e-01  2.94265866e-01 -2.35981911e-01 -1.05305985e-01
   2.50587314e-01  4.36172336e-01]
 [ 8.43164980e-01 -4.88275379e-01 -2.12191284e-01  5.11620700e-01
   1.40046999e-01  1.65620133e-01]
 [ 6.84753656e-01  4.04140279e-02  2.68595666e-01  4.83919568e-02
   1.09873511e-01 -1.15340501e-01]
 [-9.02216554e-01  1.75942257e-01  5.67299873e-03  2.86928236e-01
   3.93748283e-01  5.13022661e-01]
 [ 6.79087400e-01  1.97823286e-01 -3.11962128e-01  2.66022831e-01
  -4.19664025e-01  1.31011456e-01]
 [-7.48253286e-01 -2.86765754e-01  1.05843827e-01 -2.63374388e-01
   2.16861457e-01  9.15983975e-01]
 [ 2.03644156e+00 -1.61480471e-01 -7.43394420e-02 -3.73530298e-01
   1.07426673e-01 -9.67090547e-01]
 [ 2.15499210e+00  3.63725007e-01 -4.39567305e-02 -4.99111950e-01
  -9.71455425e-02 -6.55002713e-01]]
Peso 2:
[-0.9804888   0.00149587  0.34642076  0.45073313  0.23346592  0.96778697]
Camada: saida
Peso 1:
[[ 2.7375731  -2.1258223 ]
 [ 0.07975914  0.42454648]
 [-0.47480536  0.64677936]
 [-0.512714    0.89197165]
 [ 0.3301239   1.0226687 ]
 [-0.95443463  1.606312  ]]
Peso 2:
[-0.72732496  0.7273285 ]



pesos modelo: 
Test loss: 1.5139, Test accuracy: 0.6560
Camada: meio
Peso 1:
[[-1.03330493e-01  2.20519900e-02  3.77984047e-02 -1.23829246e-02
  -1.41645879e-01  2.60130167e-01]
 [ 3.54364365e-02 -4.75258559e-01  1.60270944e-01  7.47709423e-02
   1.49919614e-01 -9.41354334e-02]
 [-1.71461739e-02 -3.95549119e-01 -2.24594682e-01 -2.53325313e-01
  -2.67552912e-01  1.19283507e-02]
 [-4.80082899e-01 -4.71113354e-01 -1.86842889e-01  9.72273275e-02
  -4.92829755e-02 -8.56754854e-02]
 [ 1.85574636e-01  2.97618300e-01 -1.76812224e-02 -1.89307317e-01
  -1.89873174e-01  1.50372833e-02]
 [-1.06041491e-01  1.62313506e-02 -3.63919497e-01  1.43607229e-01
   8.24345946e-02 -8.96124467e-02]
 [ 2.41324902e-01  1.34258538e-01  5.27040780e-01 -1.99992105e-01
   1.07110515e-01 -9.73779592e-04]
 [ 1.34148598e-01 -4.59608287e-01 -1.05691396e-01 -2.55428165e-01
   2.25353837e-01 -1.16144205e-02]
 [-5.85382655e-02 -4.10544388e-02 -9.16702766e-03 -2.81558841e-01
  -3.07090342e-01  4.45702113e-02]
 [-5.41727602e-01 -4.64962572e-01 -3.87811691e-01 -2.96735018e-02
   1.70249373e-01 -7.29005560e-02]
 [ 5.80976717e-02 -1.17940024e-01  2.11945146e-01 -1.87762469e-01
  -1.10407956e-01 -9.96726472e-03]
 [ 1.89750463e-01  9.21366587e-02  1.77038983e-01  6.96453676e-02
   9.51068699e-02 -5.68380319e-02]
 [ 9.74438936e-02  2.87492484e-01 -2.76756436e-01 -1.09052241e-01
  -9.73131433e-02 -1.58328339e-02]
 [-2.03758270e-01 -3.08953494e-01 -4.16439235e-01  5.13491571e-01
   4.21097577e-01  6.66840553e-01]
 [-3.53016526e-01 -6.47009239e-02  5.61826766e-01  5.49788952e-01
   9.18746591e-02  7.12031126e-01]
 [-2.06571653e-01  3.89379740e-01 -2.77324289e-01 -7.19838619e-01
  -5.73130548e-01 -8.75044584e-01]
 [-4.16705966e-01 -2.85592258e-01  3.39724240e-03  5.40362358e-01
   5.85628999e-03  7.00728416e-01]
 [-5.61869264e-01  1.00586101e-01  3.69861633e-01 -7.11812139e-01
  -4.62758213e-01 -1.03076339e+00]
 [-2.59918571e-01  2.86805987e-01  3.65222305e-01  3.66572171e-01
   6.30623698e-01  2.19653654e+00]
 [-2.21759021e-01 -3.19779754e-01 -7.12699536e-03  1.11831748e+00
   3.25763732e-01  1.96349204e+00]]
Peso 2:
[-0.39209032 -0.00817672  0.13865781 -0.43375736 -0.25688243 -1.1106229 ]
Camada: saida
Peso 1:
[[ 0.5769055  -0.52283365]
 [-0.05449466  0.01069496]
 [-0.13288602  0.39902526]
 [ 0.7718722  -0.86288774]
 [ 0.31329405 -0.40446594]
 [ 2.9626923  -1.79798   ]]
Peso 2:
[-3.340222   3.3402271]



pesos modelo: 
Test loss: 1.5164, Test accuracy: 0.7015
Camada: meio
Peso 1:
[[ 3.19776773e-01  4.20046389e-01  1.92222238e-01  3.25525403e-02
   4.68214810e-01  3.98355722e-02]
 [ 2.32487306e-01 -2.90745914e-01  5.11865497e-01  3.36322159e-01
  -1.04589574e-02  2.17925757e-01]
 [ 5.92879616e-02  5.06107137e-02  2.13837445e-01  4.47877944e-01
   1.05607145e-01 -1.46249399e-01]
 [ 6.46704063e-02 -1.61788046e-01  2.68586516e-01  3.12461078e-01
   7.42334574e-02 -7.65711367e-02]
 [-1.05899900e-01  3.91034395e-01  3.69083472e-02 -2.67191175e-02
   3.05777848e-01  4.16087925e-01]
 [ 6.35813996e-02  2.55656302e-01  2.10296482e-01 -1.90211341e-01
  -2.09593043e-01  2.14141935e-01]
 [ 1.70639724e-01 -1.46749437e-01  4.57747400e-01 -1.70521796e-01
  -2.51429647e-01 -4.82141554e-01]
 [ 2.10948855e-01 -6.71063364e-02  5.86758196e-01 -2.45690152e-01
   1.84667602e-01 -5.12655973e-01]
 [-1.42850369e-01 -2.31691152e-01  1.64156333e-02 -4.49951231e-01
   2.78739423e-01  1.00331023e-01]
 [-2.77801184e-03 -3.76997232e-01  2.23691568e-01  1.50537401e-01
   3.22931379e-01  3.21372002e-02]
 [-1.13224097e-01  4.77283537e-01 -7.37265171e-03 -1.86717838e-01
   1.78789064e-01 -1.30320236e-01]
 [ 1.73261568e-01 -2.11094871e-01  4.96093005e-01 -1.03396095e-01
   2.53393173e-01 -8.85178149e-03]
 [-7.86315352e-02 -2.78700978e-01  6.05666228e-02 -1.66967511e-01
   1.60200953e-01  2.16360927e-01]
 [ 5.96821308e-01 -1.98556885e-01 -3.48287746e-02 -1.41495824e-01
   5.28306007e-01 -1.70624942e-01]
 [ 5.50038993e-01  8.45876709e-03 -3.22500378e-01 -2.24721700e-01
  -2.43694395e-01 -2.95127213e-01]
 [-7.95165122e-01 -8.01805481e-02  8.45328093e-01 -2.94849128e-01
  -6.71438813e-01  3.11597973e-01]
 [ 6.40700758e-01 -3.69432867e-01  1.09788566e-03  2.40866929e-01
   4.68245655e-01  2.88259357e-01]
 [-6.52058899e-01  7.50683621e-02  8.88785779e-01  4.11586851e-01
  -6.40458107e-01 -2.31654607e-02]
 [ 2.22778130e+00  2.83552051e-01 -6.56962931e-01  1.24109589e-01
   2.86168456e-01 -3.09970707e-01]
 [ 2.04312205e+00  1.49657637e-01 -9.99027312e-01 -1.89611595e-02
   3.25151607e-02  3.35643172e-01]]
Peso 2:
[-0.88933235 -0.00264886  1.289621    0.07976937 -0.25550815 -0.09686209]
Camada: saida
Peso 1:
[[ 2.5195293  -2.2271905 ]
 [ 0.01443164  0.01855413]
 [-2.162616    0.8030176 ]
 [ 0.01158079  0.5104068 ]
 [ 0.06092354 -0.49591738]
 [-0.02450844  0.05280778]]
Peso 2:
[-0.8751777   0.87518346]



pesos modelo: 
Test loss: 2.1762, Test accuracy: 0.6185
Camada: meio
Peso 1:
[[ 4.21721220e-01 -3.83488059e-01  3.89808297e-01  9.95349884e-02
  -3.69584858e-01  3.36394012e-01]
 [ 4.36072052e-01 -9.93519053e-02  1.46725729e-01 -6.15008324e-02
  -9.87698957e-02  3.45842749e-01]
 [-3.92336637e-01 -2.99116701e-01  2.16747802e-02  9.41071380e-03
  -4.36184525e-01  2.93593317e-01]
 [-2.98019767e-01 -9.81577635e-02  3.71401161e-02  6.79368526e-02
   1.87928434e-02  3.79776627e-01]
 [ 3.92888010e-01 -3.25771391e-01  8.92180204e-03  5.61685748e-02
  -5.28937101e-01  2.40254119e-01]
 [-6.11650497e-02 -7.26086348e-02 -5.30401710e-03  2.38218140e-02
   8.28319862e-02  2.25729868e-01]
 [-2.94245481e-01  1.09395996e-01 -1.51118279e-01  2.10415274e-01
  -3.92320573e-01  4.32164460e-01]
 [-5.48398495e-02  2.90405840e-01  1.78476200e-01  1.30790090e-02
  -3.53805602e-01  5.30246139e-01]
 [-3.54656339e-01 -2.36818030e-01 -3.55688110e-02  6.63025957e-03
  -5.18643916e-01  3.19163114e-01]
 [-2.11453855e-01  1.35487840e-01  2.34090202e-02  1.04184091e-01
   2.50753790e-01  5.55822015e-01]
 [-2.21368670e-01 -3.49297434e-01 -1.36693418e-02  9.74718481e-03
   5.49246818e-02  1.52460426e-01]
 [ 5.29854655e-01 -4.85992610e-01 -1.11828804e-01 -8.37303174e-04
   1.80409923e-01 -2.08213292e-02]
 [-4.96016741e-02 -3.33124310e-01 -1.15835115e-01 -1.88687090e-02
  -4.95490909e-01 -3.49808373e-02]
 [ 1.23084866e-01 -2.47009143e-01  7.30214298e-01  5.28596699e-01
   3.39883626e-01  4.57322955e-01]
 [ 2.61728346e-01  1.76392838e-01  5.59728622e-01  6.59544230e-01
   3.26169372e-01  3.00969094e-01]
 [ 2.58354485e-01 -2.96899140e-01 -7.93896437e-01 -8.21675777e-01
  -3.65236998e-01  6.05425775e-01]
 [-4.52824861e-01 -4.36082453e-01  4.06726599e-01  5.65781415e-01
   3.88294347e-02 -9.11112577e-02]
 [ 2.66338259e-01 -3.80223960e-01 -5.77163100e-01 -9.70439553e-01
   1.12746313e-01  6.59287870e-01]
 [ 9.21399519e-03 -2.70646095e-01  1.45740867e+00  1.78302574e+00
  -3.29162836e-01  5.17303199e-02]
 [-7.02723414e-02  2.37626463e-01  1.38103557e+00  1.76703250e+00
   2.01832697e-01 -1.00558400e-01]]
Peso 2:
[ 0.10490467 -0.07727847 -0.71772194 -0.9884229  -0.26778787  0.8959761 ]
Camada: saida
Peso 1:
[[-0.27721125  0.20175104]
 [ 0.8462603  -0.78713715]
 [ 2.423123   -0.7870771 ]
 [ 1.8100568  -2.3610768 ]
 [-0.03152208 -0.6012872 ]
 [-1.7172774   0.23378055]]
Peso 2:
[-1.5753769  1.5753764]



pesos modelo: 
Test loss: 1.5847, Test accuracy: 0.7066
Camada: meio
Peso 1:
[[ 0.47176313 -0.23913635  0.11738664  0.03965288 -0.38359034 -0.39471823]
 [-0.10167807 -0.07222902  0.20000204  0.22381377 -0.00892838  0.03050356]
 [-0.16614917  0.03500218  0.15494709 -0.04951963  0.09217332  0.04009038]
 [-0.05744312  0.07997254 -0.02589091  0.17428137  0.02631658  0.0396557 ]
 [-0.11561992  0.07214157 -0.19750576  0.28661358  0.03251009  0.03373789]
 [ 0.00628946  0.11912774 -0.09419285 -0.00381525  0.07183085  0.04982891]
 [ 0.41064033 -0.22325937 -0.00816705 -0.1032862   0.09440638  0.03997061]
 [ 0.05196042  0.20430167 -0.12093826  0.11366443  0.03518587  0.02941143]
 [ 0.19978322  0.39307415  0.22496575 -0.17576094 -0.00890609  0.04102352]
 [ 0.18102825  0.04993178 -0.05490958  0.09578942  0.02542234  0.02110662]
 [ 0.13903256 -0.0654266  -0.08873475  0.14901015  0.02582359  0.04736315]
 [ 0.35734966  0.01403371 -0.04253687  0.01110674  0.06671552  0.03921415]
 [-0.16975385  0.26794657  0.01339591  0.06597088  0.07885761  0.0331913 ]
 [ 0.32469177 -0.8379828   0.15861394 -0.3048152  -0.39268354 -0.07885208]
 [-0.6582985   0.15560216  0.3365954  -0.42126736 -0.15828414 -0.32718888]
 [ 0.38729027 -0.15985297  0.41747683  0.6242992   0.9536546   0.74188876]
 [-0.36400357 -0.2244583  -0.48319766 -0.13815263 -0.2003401  -0.13038795]
 [-0.01571982  0.54262304  0.677295    0.45723215  0.9973148   0.49970865]
 [-0.5247188  -0.5407381  -0.83999974 -0.66929823 -1.0791636  -1.6772144 ]
 [-0.48613524 -0.29458338 -0.86511135 -0.6411123  -1.0827261  -1.6804106 ]]
Peso 2:
[0.35773796 0.4029584  0.6126583  0.8185371  1.4506091  1.9164132 ]
Camada: saida
Peso 1:
[[-0.8147438   0.36782452]
 [-0.43178242  0.82241774]
 [-0.55534726  1.1717414 ]
 [-1.2902842   0.45050502]
 [-1.5856351   1.5554814 ]
 [-1.9414058   2.2035396 ]]
Peso 2:
[ 3.8407257 -3.8407207]



pesos modelo: 
Test loss: 1.1446, Test accuracy: 0.7353
Camada: meio
Peso 1:
[[-0.2995611   0.37809712  0.01556212 -0.23277213 -0.12057108  0.3681398 ]
 [ 0.1544482   0.3206903   0.3710097  -0.14716476  0.16957586  0.10800326]
 [ 0.31043288 -0.26767477  0.16704081 -0.04391539  0.23225357  0.189524  ]
 [ 0.38975194  0.03249752  0.02897082 -0.33158886  0.04528094 -0.47036415]
 [ 0.3977589   0.47441208 -0.03616349  0.33532342 -0.00586269  0.09828047]
 [ 0.24272513 -0.31170025  0.0744687  -0.39222062  0.07421187 -0.2172256 ]
 [ 0.3995606   0.3497085   0.00546967  0.03713618  0.01470749 -0.08072633]
 [ 0.11552972  0.31429008  0.17826958 -0.08189913 -0.02694002  0.34205648]
 [ 0.02651132  0.4513295  -0.16570912  0.44911355 -0.23788908 -0.23167485]
 [ 0.21422054 -0.13685353  0.500273    0.38440245  0.46619445 -0.20195659]
 [-0.0686189   0.32056385  0.2643109   0.3404258   0.01706706  0.06830345]
 [ 0.22988987 -0.356648   -0.02903643  0.04833747  0.08204104  0.00530368]
 [ 0.1612311  -0.2904574   0.20674865  0.4505782   0.2714886   0.10511867]
 [-0.6114271   0.29012117 -0.08078261 -0.23796852  0.23926796 -0.42013216]
 [-0.41133222  0.09924682  0.03579307  0.5249445   0.6549216  -0.17534474]
 [ 0.08239033  0.09656947  0.9089765   0.12659442 -0.6769888  -0.01275531]
 [ 0.17389552  0.29252732  0.23471834 -0.38157514  0.846222   -0.06576221]
 [ 0.5012777  -0.03205303  0.8382399  -0.19651568 -0.53657955 -0.22726227]
 [-0.7916513   0.80587614 -1.3054627  -0.53317165  1.5893     -0.16515076]
 [-0.5122073   0.6304107  -1.0596741  -0.2948649   2.0080123  -0.24952744]]
Peso 2:
[ 0.8020197  -0.11992453  1.0788381   0.26989368 -0.8203165   0.05713563]
Camada: saida
Peso 1:
[[-1.3017086   0.76886183]
 [ 1.0355191  -0.04700869]
 [-1.9116889   1.1466912 ]
 [-1.0141706  -0.08416786]
 [ 2.4441352  -1.5589794 ]
 [-0.01682929  0.50552666]]
Peso 2:
[-0.48203143  0.4820346 ]



pesos modelo: 
Test loss: 2.0424, Test accuracy: 0.6377
Camada: meio
Peso 1:
[[-0.32153833  0.29583466 -0.4603122   0.44165885  0.10834521 -0.4326229 ]
 [-0.40749913 -0.20544742  0.24926743 -0.1574572   0.61057264  0.15047893]
 [-0.4410426  -0.3713997   0.14170997 -0.47754514  0.16585296 -0.06766035]
 [-0.41565233 -0.07000779  0.10056423  0.04700561  0.28956264  0.01059111]
 [-0.25609806  0.31195325 -0.01894755 -0.09757908  0.06742731 -0.05806226]
 [ 0.09398865  0.22775216  0.1192435   0.26146498  0.4249878   0.12273886]
 [-0.38684812 -0.12104823 -0.13965738  0.15601893 -0.03387127 -0.05446018]
 [ 0.28848872  0.22757494 -0.09933943 -0.4704097   0.46404573  0.27048817]
 [ 0.42326805 -0.30829167  0.05345529 -0.36913317  0.30837196  0.10702997]
 [-0.4606492  -0.33333474 -0.02249141 -0.01205012  0.46093464  0.19504327]
 [-0.16287415  0.14353304 -0.06959722 -0.41232455  0.13874604  0.07312717]
 [ 0.4271803  -0.24560143  0.12445897  0.0996955   0.03001313 -0.15435293]
 [-0.07893011  0.16987251  0.1597146   0.205231    0.32663205  0.02364749]
 [ 0.38226417 -0.50851387  0.31175864  0.02249257  0.07695964  0.6988795 ]
 [ 0.43741214  0.02956663  0.5327238  -0.1129369  -0.09469664  0.43165293]
 [ 0.06392349  0.13910721 -0.46512154 -0.4359334   0.630351   -0.7128282 ]
 [ 0.19891912 -0.28547332  0.11527701 -0.14966257 -0.14298159  0.5791066 ]
 [-0.03577822 -0.27546188 -0.4337535   0.1507454   0.79651016 -0.5880066 ]
 [-0.43752652  0.368279    0.98093975 -0.32551304 -0.886996    1.8550045 ]
 [-0.39439633  0.30322197  1.2559823  -0.33416376 -0.71762884  1.80738   ]]
Peso 2:
[ 0.07335469  0.01073814 -0.45736077 -0.181307    1.2133732  -0.88172364]
Camada: saida
Peso 1:
[[-0.10454077  0.29910898]
 [-0.5406778   0.46893722]
 [ 1.4068094  -1.1377747 ]
 [ 0.7243361  -0.22248334]
 [-1.0456923   1.8986869 ]
 [ 1.9730328  -2.1332762 ]]
Peso 2:
[-0.8665677   0.86657226]



pesos modelo: 
Test loss: 1.7523, Test accuracy: 0.6691
Camada: meio
Peso 1:
[[ 0.19071633  0.00309283  0.04472953 -0.25863358  0.3975709  -0.26117724]
 [ 0.31911728  0.11405682  0.14359598  0.05184538  0.1155582   0.3778376 ]
 [-0.08498633  0.10830206 -0.07069651  0.5875724   0.06644676  0.2882437 ]
 [ 0.08662035  0.11695299  0.26532176  0.4746709   0.07328536 -0.29727936]
 [-0.24649434 -0.26407924  0.29850215 -0.22045425  0.31948897 -0.14906918]
 [ 0.43160713 -0.4884281   0.02168212 -0.318846   -0.2336585   0.22717442]
 [ 0.23927642 -0.32825732  0.07320035 -0.12834693  0.02464873  0.34393802]
 [ 0.31666574 -0.3307888   0.02074815 -0.24919997 -0.23177512  0.1565738 ]
 [-0.18218985  0.13961264  0.30073556  0.24614182  0.5079512   0.27644548]
 [ 0.28555372 -0.4087492   0.34822267 -0.22933735  0.05773174 -0.14675261]
 [-0.21156193 -0.3395871   0.16521208 -0.23927444  0.36500043  0.32594398]
 [ 0.2860655  -0.10780036  0.5100326   0.28381762  0.32246527 -0.10396519]
 [-0.00789561  0.07488679  0.03325242  0.16510011  0.06610089  0.24173996]
 [ 0.3666648   0.12047899 -0.37002888  0.12825486  0.75569975  0.41000423]
 [ 0.48260567  0.20789035 -0.20459643 -0.23819862  0.31192383 -0.49013758]
 [-0.5014229  -0.04276339  1.20952     0.21705154 -0.3123036  -0.21766438]
 [ 0.35772297 -0.45509642 -0.08846322 -0.27142468  0.8791334   0.01572223]
 [-0.3135291  -0.20405014  1.1552869   0.01290407 -0.15563463  0.55621743]
 [ 0.58445597 -0.2636778  -1.5045755  -0.07894986  1.1977458  -0.91162837]
 [ 0.562548   -0.40830442 -1.3909744  -0.27619496  1.4308261  -0.745275  ]]
Peso 2:
[-0.31925675 -0.21654911  1.568749    0.2919597  -0.7024962   0.6090756 ]
Camada: saida
Peso 1:
[[ 0.6397487  -0.8968308 ]
 [ 0.5967554  -0.33272362]
 [-2.5981407   1.5867181 ]
 [-0.54138803  0.22071385]
 [ 0.8053612  -2.266805  ]
 [-1.1105647   0.6936496 ]]
Peso 2:
[-0.17210858  0.17210865]



pesos modelo: 
Test loss: 0.7374, Test accuracy: 0.7959
Camada: meio
Peso 1:
[[ 2.91536033e-01  1.89739168e-01  3.13802123e-01 -1.69674158e-02
   2.14609325e-01 -9.00253654e-02]
 [ 9.78752896e-02  1.97917476e-01 -3.49770397e-01  5.10343388e-02
  -4.15098459e-01  3.05725366e-01]
 [ 1.94207042e-01  1.28143579e-01  5.46187349e-02 -2.32717246e-01
  -3.58939230e-01  4.33413178e-01]
 [-1.28293484e-02  2.12758914e-01 -3.76501709e-01  1.86295524e-01
  -3.21064234e-01  1.84969336e-01]
 [ 9.66856927e-02 -1.87945273e-02  1.64607555e-01 -6.50259107e-02
  -3.41523260e-01  2.75721729e-01]
 [-1.00410625e-01 -3.17061424e-01  3.44473779e-01  3.17129403e-01
   2.06093714e-01 -2.44508758e-02]
 [ 2.07389638e-01 -3.60011876e-01 -3.24472755e-01 -3.15543979e-01
  -4.06860083e-01  4.09151554e-01]
 [ 7.01548764e-03 -4.20102417e-01  1.72799259e-01  1.49060622e-01
   1.82551503e-01  1.80547416e-01]
 [ 4.53917459e-02 -2.48783343e-02  4.30309922e-01  3.17436755e-01
  -3.17834258e-01  1.93643302e-01]
 [ 2.18121521e-02 -3.88256073e-01  4.81460392e-01  1.97005384e-02
  -2.74547905e-01  1.67297661e-01]
 [-5.38754053e-02 -2.34277576e-01 -2.68510044e-01  1.99940145e-01
   2.72798270e-01  5.93475141e-02]
 [ 1.50182426e-01 -2.72768706e-01  1.68158484e-04  1.83904335e-01
  -1.71797618e-01  3.85376722e-01]
 [ 1.37156457e-01  4.71247822e-01 -2.52668560e-01  3.21542054e-01
  -1.99226514e-01  3.93919200e-01]
 [ 8.21191132e-01  1.24278121e-01 -2.47822091e-01 -2.54647344e-01
   3.70589137e-01  3.28296572e-01]
 [ 6.00575209e-01  1.84936821e-02  1.18440747e-01  3.71965766e-01
   3.24460752e-02 -5.07775927e-04]
 [-7.20236778e-01  1.59060150e-01 -1.92929298e-01 -1.51314780e-01
  -4.18226331e-01  4.88109916e-01]
 [ 5.37356675e-01 -3.97060215e-01  4.43332016e-01  5.55424020e-02
  -3.47064704e-01 -4.61320169e-02]
 [-9.38635051e-01 -4.72120523e-01 -2.11125046e-01  3.77699941e-01
  -2.70286471e-01  4.14064705e-01]
 [ 2.00025988e+00  3.34999651e-01 -1.15789816e-01  3.63097042e-01
  -2.06905335e-01 -1.29142499e+00]
 [ 1.92863441e+00 -6.57065362e-02 -4.69147623e-01  4.17499006e-01
   3.76115680e-01 -1.36008096e+00]]
Peso 2:
[-0.8242466   0.0058703   0.06273663 -0.05524591 -0.02345975  1.1112776 ]
Camada: saida
Peso 1:
[[ 2.5146954  -2.1053824 ]
 [-0.44826278  0.14208062]
 [ 0.5672178   0.9968458 ]
 [ 0.8280595   0.6640272 ]
 [-0.14966522 -0.7386812 ]
 [-1.4507282   1.7448176 ]]
Peso 2:
[-0.7129396  0.7129411]



pesos modelo: 
Test loss: 2.0218, Test accuracy: 0.6430
Camada: meio
Peso 1:
[[ 0.16913587 -0.09518197  0.03841972 -0.25407094  0.32464224  0.27669388]
 [-0.21516263  0.3332298  -0.12242083  0.30469152  0.5934065  -0.02801662]
 [ 0.06640626  0.51708263 -0.1352632  -0.15288122 -0.14643453 -0.00651253]
 [-0.06051208 -0.09579562 -0.18133557 -0.01877208  0.4418984   0.24580981]
 [ 0.192686    0.57084644  0.10181653 -0.04967906 -0.14810029 -0.15035145]
 [-0.41362023 -0.2305309   0.42594856  0.24818726  0.52010125 -0.18766741]
 [-0.26854104 -0.1978596  -0.42239496 -0.07765611  0.4046454   0.14012006]
 [ 0.43966907  0.3595923  -0.32736176  0.00799855  0.42789486  0.40388557]
 [ 0.36718124 -0.37317073 -0.17698021 -0.21221945 -0.06982779  0.13388067]
 [ 0.4464086  -0.33099887  0.48324886  0.1469405  -0.09511457 -0.23733784]
 [-0.18834347 -0.28838292 -0.28379473 -0.1299996   0.22771735  0.09424101]
 [ 0.3341507  -0.35776597 -0.21698605 -0.13751048  0.1634215   0.27109405]
 [ 0.11502559 -0.41728863 -0.14423548  0.16647932  0.3339566  -0.01124601]
 [-0.1450238  -0.39676294 -0.09572149  0.605008    0.06372207  0.415134  ]
 [ 0.32583442  0.3770719  -0.01747434  0.6845132   0.07530342  0.6219796 ]
 [ 0.29875877  0.17225878  0.10167717 -0.63019633  0.78803325 -0.64290637]
 [ 0.34694028  0.04278613  0.06416106  0.66079533 -0.17302698  0.51520634]
 [ 0.53857553  0.44072732 -0.15419962 -0.36964363  0.868556   -0.5606961 ]
 [-0.41069803  0.16956003 -0.1549046   1.8589416  -0.7305269   1.1629568 ]
 [-0.6384289  -0.48712146 -0.34926024  1.221497   -1.2164111   1.2940949 ]]
Peso 2:
[ 0.4721288   0.22560927  0.04792691 -0.765626    1.1350176  -0.7132079 ]
Camada: saida
Peso 1:
[[-0.27913496  1.1208726 ]
 [-0.01961393  0.6355164 ]
 [-0.5072722  -0.27076662]
 [ 1.1251673  -2.335359  ]
 [-1.7194997   1.097072  ]
 [ 1.675048   -1.323604  ]]
Peso 2:
[-0.7518952  0.751898 ]



pesos modelo: 
Test loss: 1.3999, Test accuracy: 0.7118
Camada: meio
Peso 1:
[[ 0.09773308 -0.32077163  0.38082498 -0.36233494 -0.4298834  -0.33625644]
 [ 0.23617083  0.16960746 -0.01020745  0.1584791  -0.03414299  0.24626322]
 [ 0.09225464  0.09431149  0.08626122  0.0465044  -0.38290605  0.4371838 ]
 [ 0.3650188   0.25398993  0.08911555  0.2579404   0.04454923 -0.30600524]
 [-0.00596129  0.14878926  0.14273511  0.16802296 -0.01397563  0.3718688 ]
 [-0.35295302  0.2168349  -0.13516763  0.04032302 -0.06585371 -0.4668364 ]
 [-0.32234114  0.16661744 -0.27107602 -0.00431755 -0.06700429 -0.00418441]
 [-0.3341463   0.2543198   0.19529106  0.33137888 -0.34000698  0.42368177]
 [-0.01662254  0.31720668  0.42663234  0.5285199  -0.34632707  0.16469269]
 [-0.1106723   0.46388355 -0.14090586  0.4407152   0.21283792 -0.06774788]
 [-0.01391573  0.09642301  0.44555527  0.14322944  0.03825351 -0.44932154]
 [ 0.45020464 -0.00690791  0.01356733 -0.12623385 -0.35826227 -0.11997225]
 [-0.21813549  0.29277763  0.33114982  0.39884567 -0.34940994 -0.22969839]
 [ 0.02086511 -0.25493178  0.52057153  0.76773566  0.3119896  -0.4086481 ]
 [ 0.2649786  -0.36771786 -0.3120327   0.32006952 -0.21013653  0.32479316]
 [ 0.50951105  0.82254255  0.11526334 -0.5372694  -0.10853835  0.30118924]
 [-0.51905715  0.02083259 -0.11230438  0.95639706 -0.46823007  0.00437758]
 [-0.33387744  0.78758186  0.5283387  -0.62089974 -0.08768659  0.22890887]
 [-0.05485614 -1.8742878  -0.76764315  1.0743634   0.08995433  0.01784938]
 [ 0.11548271 -1.7362076  -0.7374642   1.2939845   0.15841609 -0.20826554]]
Peso 2:
[ 0.04322962  1.5848618   0.44059694 -0.44814757 -0.00192216  0.04858211]
Camada: saida
Peso 1:
[[-0.7508711  -0.2702215 ]
 [-2.2590067   2.4330227 ]
 [-1.2159454   0.24348103]
 [ 1.0772429  -1.9996984 ]
 [ 0.12913449  0.05910424]
 [-0.5040603  -0.02903988]]
Peso 2:
[ 0.10156575 -0.10157128]



pesos modelo: 
Test loss: 2.0092, Test accuracy: 0.6471
Camada: meio
Peso 1:
[[-0.40495825  0.28019458 -0.10717764  0.1938147   0.42243373  0.46372378]
 [-0.02449386 -0.44834703 -0.3938722  -0.28866655 -0.34476668  0.14428794]
 [ 0.3912892   0.03226697 -0.40472192  0.38287652 -0.29919022  0.39934286]
 [ 0.39151576 -0.23199783  0.26027182 -0.20541897 -0.30465817  0.37433183]
 [ 0.43777466  0.2964354  -0.20646586 -0.3510176  -0.27443227  0.43946874]
 [-0.05717791  0.08189233 -0.04291543 -0.46695969 -0.42524597  0.06495044]
 [ 0.16905284  0.36293647  0.1640499  -0.10474386 -0.24587537  0.2507913 ]
 [ 0.17736928  0.17189343  0.25254732  0.20769586  0.12324698  0.21531346]
 [ 0.14710392  0.21660903  0.3990671  -0.08603884  0.29655224  0.19714898]
 [-0.20632909  0.10882381  0.07689085  0.11748742 -0.17956923 -0.07492553]
 [ 0.08787161 -0.4189131  -0.11808005 -0.12346336 -0.36683625  0.20103559]
 [ 0.22511879  0.28389198  0.3067946  -0.13702226 -0.03292301  0.26669642]
 [ 0.12137164 -0.01415383 -0.3787247   0.30747953  0.05725727  0.1839938 ]
 [ 0.6629457   0.12785065 -0.5823653   0.23158953  0.25082892 -0.15162265]
 [ 0.6500654   0.1589702   0.14847355  0.06746227  0.19167268 -0.22378995]
 [-0.43167394  0.23787604 -0.02025487 -0.31629547 -0.2642001   0.9802919 ]
 [ 0.718974   -0.3300542   0.3128178  -0.0932733  -0.01907533 -0.19073102]
 [-0.43041217  0.02059482  0.15655813  0.09610821 -0.4059499   0.92314744]
 [ 1.4444464  -0.05441893  0.13918024  0.21460702  0.19368057 -1.7693805 ]
 [ 1.4412625   0.18006112 -0.40036672 -0.2725381  -0.03469902 -1.7430578 ]]
Peso 2:
[-0.66161066 -0.01335559  0.0886198  -0.0922379  -0.15763505  1.5310782 ]
Camada: saida
Peso 1:
[[ 2.1592317  -1.2783659 ]
 [ 0.4245777   0.56192744]
 [-0.0922258   0.516754  ]
 [ 0.02592999  0.40440297]
 [-0.2679583   0.2763931 ]
 [-2.4760609   2.0549161 ]]
Peso 2:
[-0.25181478  0.2518146 ]



pesos modelo: 
Test loss: 1.4964, Test accuracy: 0.6971
Camada: meio
Peso 1:
[[ 0.34583604 -0.00829354 -0.24889052 -0.36143607  0.42896527  0.34241372]
 [-0.1527693   0.16152559 -0.13397153  0.37572727  0.09667149 -0.39928466]
 [-0.13779947  0.25828257 -0.07377873  0.4666907  -0.14371265 -0.0904189 ]
 [-0.36405945  0.20428322 -0.44867676  0.45934457  0.22741032 -0.11480752]
 [-0.00589669  0.17942414  0.10631257  0.28500658 -0.13259642  0.16327357]
 [-0.00503126  0.09358805  0.1714669   0.2736735   0.04003602 -0.12282162]
 [-0.32673877  0.10313533  0.00710794  0.17072707 -0.2790499  -0.2262442 ]
 [-0.3604056  -0.10079716  0.13028766  0.00891587 -0.02937202 -0.3807187 ]
 [ 0.03212379 -0.19404934 -0.44306433 -0.15116215 -0.2896362   0.14235342]
 [ 0.28983328  0.06517923 -0.09492823  0.26371825  0.15528038 -0.24800053]
 [ 0.18605596  0.29612765 -0.06651483  0.57200456  0.29709947  0.12476075]
 [-0.35700804  0.15936674 -0.12237623  0.29322854 -0.19400917  0.17272913]
 [ 0.11344832  0.02792425  0.16721417  0.20513245  0.13753511 -0.31722572]
 [-0.27660632  0.7057194  -0.2646639  -0.06898871  0.3702242  -0.10818428]
 [-0.173604    0.5782042  -0.01569781 -0.30519265  0.13327497  0.08924685]
 [-0.17456536 -0.96785015  0.06343281  0.65042895 -0.1270676   0.18216614]
 [-0.05857439  0.53886783 -0.08878137 -0.20885761  0.38311645 -0.4846666 ]
 [ 0.2897168  -0.8340641   0.29211432  0.685195   -0.20585823 -0.05739827]
 [ 0.15600619  1.7674565  -0.30802515 -1.2852383   0.6994029  -0.47889325]
 [ 0.00538417  1.8785685  -0.06209015 -1.2702603   0.26305556  0.32856005]]
Peso 2:
[-0.10815066 -1.0325854  -0.2026775   1.3750865  -0.07617471 -0.16182306]
Camada: saida
Peso 1:
[[ 0.7664478   0.0777693 ]
 [ 2.0972588  -2.1696    ]
 [ 0.27349526 -0.17631   ]
 [-2.1682045   1.2600534 ]
 [ 1.050247    0.12576656]
 [ 0.8039094  -0.62530965]]
Peso 2:
[-0.66692126  0.66692305]



pesos modelo: 
Test loss: 1.3864, Test accuracy: 0.7033
Camada: meio
Peso 1:
[[-0.15343094 -0.17573673 -0.07231233  0.10109758  0.30338913  0.20550811]
 [-0.29541105 -0.2858957   0.03944512  0.19221821 -0.2946169   0.15047555]
 [-0.46563342  0.36280861  0.14120479  0.16897921  0.14348185  0.2867356 ]
 [ 0.1905254  -0.15024258  0.0497746   0.15479352  0.16432907  0.15071006]
 [-0.16058362  0.20327306  0.4355305   0.07020401  0.19129235  0.26214865]
 [-0.20341572  0.11648823 -0.21945821  0.02033499  0.1284325   0.11011626]
 [ 0.05203724 -0.16748795  0.24845846  0.29710603  0.33528727  0.22800247]
 [ 0.03358082 -0.13035354  0.09416847  0.05613492  0.2188848   0.07891982]
 [-0.3476073   0.02957055 -0.17349927 -0.02883483  0.2536904   0.05236194]
 [ 0.46117806  0.4974132   0.414026    0.02669187 -0.21521758  0.27772352]
 [ 0.06262638  0.38104942 -0.05063282  0.14594465 -0.5057193   0.28356117]
 [ 0.29966074 -0.03143028 -0.08448042  0.3300414   0.0276181   0.27057582]
 [-0.39075422 -0.21194445 -0.42772952  0.25804684 -0.38879383  0.15620609]
 [-0.31089213  0.465198    0.09781048  0.67018837 -0.22477746 -0.0751087 ]
 [ 0.14159425  0.5525598   0.265047    0.67433894 -0.7172656  -0.02907909]
 [-0.11200907 -0.33915976 -0.13451284 -0.60198337 -0.32804295  0.6621453 ]
 [ 0.03104471  0.5996988   0.17710477  0.402414    0.08057167 -0.1694951 ]
 [ 0.2969395  -0.41290978 -0.04244744 -0.69957775 -0.2777244   0.8464955 ]
 [ 0.03037441  0.35535344  0.4831663   0.7985488   0.19680436 -2.1328132 ]
 [ 0.04527241  0.3540551  -0.25204548  1.3373082   0.27680114 -1.9161589 ]]
Peso 2:
[ 0.01114142 -0.20557904 -0.04256826 -0.5288908  -0.21287797  1.536497  ]
Camada: saida
Peso 1:
[[-0.06514544  0.06904258]
 [ 1.0149393  -0.29661104]
 [ 0.08118616 -0.49521035]
 [ 0.69706017 -2.082156  ]
 [-0.3362042   0.47063828]
 [-2.3222888   2.5311918 ]]
Peso 2:
[-0.10660916  0.10660324]



pesos modelo: 
Test loss: 1.5424, Test accuracy: 0.6924
Camada: meio
Peso 1:
[[-0.09899843  0.15707779  0.11435062 -0.20364499 -0.04241246 -0.25263083]
 [ 0.48942798  0.10921379 -0.46696243  0.04712003 -0.13899285  0.0306716 ]
 [ 0.35851455 -0.1365677   0.05058992 -0.14056365  0.34257787 -0.43002698]
 [-0.05617739  0.03464205  0.54466635 -0.02693283  0.22092204 -0.110665  ]
 [ 0.31837344 -0.15007138  0.32952097  0.11491824  0.25128913  0.00616809]
 [ 0.05445102 -0.1720267  -0.13862759  0.04653611 -0.16530892  0.40978417]
 [-0.11999294 -0.16447583  0.3589686   0.21940178 -0.13180512 -0.03785513]
 [ 0.02806924  0.3489898   0.60242057 -0.17569114  0.26237807  0.16247484]
 [ 0.06034877  0.24763007  0.00846775 -0.18944502 -0.00499839  0.19704045]
 [-0.11697054  0.18743955  0.33051082  0.03826473 -0.1236985  -0.19201584]
 [ 0.5838075   0.18289025 -0.26363826  0.18068169 -0.1158113  -0.3104124 ]
 [ 0.1838056   0.3805843   0.4421589   0.04758153  0.07289194 -0.368048  ]
 [ 0.06839329 -0.21421155  0.41413048  0.1585773   0.13372093 -0.28991443]
 [ 0.5195583   0.46926478 -0.20729634  0.45675135  0.6453224  -0.05535436]
 [-0.35975814 -0.11391629 -0.11819966  0.37619558  0.33104748 -0.1882004 ]
 [ 0.68106073 -0.2776208   0.7733721  -0.35944164 -0.2006607  -0.06567418]
 [ 0.0701008   0.5913377   0.02422885  0.4546258   0.38950318  0.41306284]
 [ 0.6949122  -0.402674    0.70433    -0.27733582 -0.59389347 -0.12616277]
 [-1.095422    0.6789894  -0.43475866  1.1627156   1.4896498   0.00801548]
 [-0.5881648   0.8071441  -0.42435762  1.2657851   1.744563    0.02906344]]
Peso 2:
[ 1.0471243  -0.25135022  0.83483255 -0.5760681  -0.6281272   0.05072063]
Camada: saida
Peso 1:
[[-1.1502062   1.4347694 ]
 [ 0.7579997  -0.6649274 ]
 [-0.9272692   1.2810473 ]
 [ 1.0875316  -1.6903076 ]
 [ 1.9521424  -1.4189487 ]
 [-0.53614044 -0.21211155]]
Peso 2:
[-0.6303508   0.63035244]
