


pesos modelo: 
Test loss: 2.3493, Test accuracy: 0.5940
Camada: meio
Peso 1:
[[-0.08296207  0.0633778   0.4532987  -0.3354399   0.12913436 -0.28348976]
 [ 0.38249052  0.01595273  0.5011217   0.17090842  0.23780663  0.04438543]
 [ 0.197034   -0.04143493  0.45626134 -0.21199776  0.35781837 -0.21663968]
 [ 0.13702446 -0.3146264   0.376723    0.16462313  0.0470961  -0.0192908 ]
 [ 0.23766151 -0.13914284  0.09358434 -0.03227106  0.31714514 -0.01744322]
 [ 0.16570611  0.17515771 -0.16593271 -0.17017193  0.19347897 -0.03374525]
 [-0.08435386 -0.05668316 -0.1696929  -0.11503434 -0.01801839 -0.13595861]
 [ 0.18001471 -0.29438987  0.2040529  -0.35474738  0.3086254  -0.18170975]
 [ 0.16425245  0.19629458 -0.05115863  0.02940351 -0.15423308  0.15569042]
 [ 0.19062504  0.04769241 -0.19271977 -0.07681957 -0.2255198   0.26657665]
 [ 0.31615958 -0.12762804 -0.1566767  -0.0641664   0.03736225  0.29212776]
 [ 0.31585255  0.02721278 -0.16275519  0.22146378  0.21626127  0.1505129 ]
 [ 0.31839874 -0.14436395 -0.03423715  0.24399322  0.00535274  0.28847268]
 [ 0.59617627 -0.24098317 -0.15367973  0.01261242 -0.514075   -0.68336874]
 [ 0.9572885  -0.03379605 -0.41443783  0.49724197 -0.50050044 -0.34372577]
 [-0.25881225 -0.29158777 -0.10641436 -0.05458105  0.07665545  0.37348107]
 [-0.02781127 -0.28959453  0.23822615  0.18936835 -0.12962317  0.6702251 ]
 [ 0.3212064  -0.01251869 -0.0716479  -0.25443003 -0.421017   -0.9164903 ]
 [ 0.04026438  0.32824862  0.14385913 -0.48752424  0.46398667  0.4114139 ]
 [ 0.19932187 -0.3234775  -0.02815342  0.38786176  0.496855    0.6437372 ]
 [-1.5421612  -0.3550914   0.6889258   0.06312576  0.58338016  1.3361927 ]
 [-1.3533286  -0.20905694  0.4567489  -0.22667463  0.9145377   1.3907421 ]]
Peso 2:
[ 1.3388681  -0.1354892   0.01418282  0.15744212 -0.41733518 -0.8736928 ]
Camada: saida
Peso 1:
[[-2.3008265   1.4611223 ]
 [ 0.14999586 -0.7219062 ]
 [-0.02840017 -0.88463557]
 [-0.7854516  -0.11409472]
 [ 0.5805236  -1.284749  ]
 [ 1.7879239  -1.8349111 ]]
Peso 2:
[-0.6473884   0.64739144]



pesos modelo: 
Test loss: 1.7851, Test accuracy: 0.6455
Camada: meio
Peso 1:
[[ 1.26416981e-02 -3.56599331e-01 -1.07764244e-01  1.34987414e-01
   2.04009235e-01  3.37555707e-01]
 [ 3.07850480e-01  3.36093754e-01 -7.33449683e-02  1.93418581e-02
   2.41883755e-01 -1.10376917e-01]
 [ 2.62876004e-01  3.32235128e-01  1.17327183e-01  8.05677995e-02
  -1.97958976e-01 -2.71376520e-01]
 [-5.58862202e-02  3.39346498e-01  1.59572035e-01 -1.87161997e-01
   1.61415219e-01  2.17274636e-01]
 [ 3.70994776e-01  2.10218251e-01  5.78354753e-04 -1.73858404e-01
  -1.03452042e-01 -2.85781950e-01]
 [ 2.00766221e-01 -1.48658082e-01 -3.18834744e-02  1.43358915e-03
  -8.40364099e-02  2.50635087e-01]
 [-4.38622028e-01 -1.12270676e-01 -9.67124552e-02  1.12899125e-01
   1.39194457e-02  3.00159484e-01]
 [-4.11353648e-01 -2.11676165e-01  8.07143003e-02 -2.16796234e-01
  -4.51134667e-02  4.45780516e-01]
 [ 1.89001660e-03  4.39987600e-01  2.43507609e-01  3.37103367e-01
  -1.12230346e-01  6.12526275e-02]
 [-8.18688329e-03  3.12496036e-01  8.77468586e-02  7.97131211e-02
   2.49121085e-01  2.29792833e-01]
 [ 2.25847870e-01  1.89679980e-01  1.11506231e-01  1.03826029e-02
  -3.82289290e-02  1.05421960e-01]
 [ 2.14076325e-01  1.36242777e-01 -2.32024580e-01  2.29021385e-01
   2.79131204e-01  8.20947811e-02]
 [-3.32479849e-02  1.63406238e-01 -1.59615651e-02 -4.48509753e-02
   8.30777287e-02  1.40898556e-01]
 [-1.62350595e-01  3.18500668e-01 -4.76620823e-01 -1.66636094e-01
  -5.65865517e-01  7.46801198e-01]
 [-3.02780140e-02  4.74948525e-01 -7.90376246e-01  1.20592766e-01
  -3.09073299e-01  5.71139634e-01]
 [-3.50640535e-01 -2.32448995e-01  2.59834528e-01  1.71453923e-01
   2.77646929e-01  2.53401995e-01]
 [-2.11312264e-01  5.05638003e-01  5.79078913e-01  4.72907245e-01
   4.27278101e-01  8.78054872e-02]
 [-2.33783856e-01  3.41683209e-01 -8.67840946e-01 -8.99671242e-02
  -3.91765743e-01 -5.22150584e-02]
 [ 2.30469674e-01 -2.71079928e-01  5.36483526e-01 -8.26318115e-02
   9.32641700e-02  3.57597679e-01]
 [-3.80207330e-01  4.27851915e-01  5.39219618e-01  1.91992316e-02
   3.35919708e-01 -1.92952976e-01]
 [ 1.31319180e-01 -5.91198266e-01  1.86445880e+00  8.26201677e-01
   9.68586504e-01 -4.28395867e-01]
 [-2.32772753e-01 -1.12605131e+00  1.17200756e+00  8.37330401e-01
   1.28673995e+00 -6.77539051e-01]]
Peso 2:
[ 0.05038813  0.9617883  -0.7501914  -0.06577388 -0.44065824  0.6632383 ]
Camada: saida
Peso 1:
[[ 0.517371    0.78942823]
 [-1.3778453   1.1561879 ]
 [ 2.1040266  -1.6567175 ]
 [ 0.250429   -0.8609971 ]
 [ 1.039626   -1.4244435 ]
 [-1.6269954   0.22565201]]
Peso 2:
[-0.8707665   0.87076914]



pesos modelo: 
Test loss: 2.9234, Test accuracy: 0.5649
Camada: meio
Peso 1:
[[ 3.58557105e-01  1.66288316e-01  8.52898955e-02 -3.66770685e-01
  -2.77047694e-01  2.55166888e-02]
 [ 8.02267641e-02  3.35934609e-01  3.13567519e-01 -3.51875007e-01
   2.16290712e-01 -2.61837244e-01]
 [-1.57814458e-01  9.57785398e-02  3.34018394e-02 -3.39636356e-01
  -1.20590953e-03 -2.48656616e-01]
 [ 4.54607368e-01  3.13105792e-01  6.91877529e-02  1.42785832e-01
   1.18464135e-01 -7.86881149e-02]
 [-4.29597825e-01  3.00680637e-01 -4.43552107e-01  2.26471707e-01
   2.71184474e-01 -1.14918396e-01]
 [-3.36006343e-01  1.94198519e-01  2.86439449e-01  3.44030075e-02
   1.32902741e-01  3.57716680e-01]
 [-1.56472430e-01  1.55494437e-01 -3.56140405e-01  5.53454412e-03
   4.02852446e-02 -3.84021521e-01]
 [ 1.43830866e-01  2.62996018e-01 -4.19583440e-01  2.68289655e-01
   1.54258087e-01 -1.99651226e-01]
 [ 4.34224695e-01  2.27011278e-01  3.44339688e-03  1.18626915e-01
   5.61723411e-02 -2.59736776e-01]
 [ 3.51061642e-01  3.10140282e-01 -2.48850048e-01 -1.32361785e-01
   1.49666354e-01 -8.68980587e-02]
 [-1.11767121e-01  3.41653615e-01 -1.26648471e-01 -6.14198968e-02
   2.83685237e-01  3.21653157e-01]
 [-2.64997959e-01  1.27627149e-01 -4.65664193e-02 -2.74434537e-01
   4.33243923e-02 -1.94123507e-01]
 [ 1.44601867e-01  5.62891550e-02  1.44889697e-01 -4.73118842e-01
  -7.78655186e-02 -5.40472791e-02]
 [-2.45364845e-01  7.12258041e-01 -4.60339844e-01  3.20355892e-01
  -6.66255713e-01 -2.14413390e-01]
 [ 8.23234767e-02  5.47583580e-01 -2.80340403e-01  2.94910967e-01
  -9.03501213e-01  2.81114817e-01]
 [ 2.63959944e-01  1.64765604e-02 -4.63184752e-02  1.32402256e-01
   5.33034921e-01 -2.67098695e-01]
 [ 4.63977784e-01 -3.68011951e-01 -2.46780291e-01 -3.65030080e-01
   2.75256872e-01 -1.64045066e-01]
 [-2.20032949e-02  8.66384923e-01 -1.92542132e-02  3.21131647e-01
  -7.55472481e-01 -3.42087448e-02]
 [ 2.57685006e-01 -1.36144072e-01  3.41237575e-01 -4.79954690e-01
   3.69410336e-01 -3.64829659e-01]
 [-4.94546369e-02 -1.40243441e-01 -4.69687641e-01 -2.64682621e-01
   4.95384634e-01  3.88895124e-02]
 [ 8.98640081e-02 -1.43574679e+00 -2.99135625e-01 -2.16490895e-01
   1.55504858e+00  2.31205821e-01]
 [ 7.11069331e-02 -1.33703911e+00 -5.03999032e-02 -4.40147221e-01
   1.65159535e+00 -3.34915757e-01]]
Peso 2:
[-0.06983615  1.3314892  -0.04514966 -0.1306491  -0.882164   -0.03820783]
Camada: saida
Peso 1:
[[-0.13888209 -0.44539165]
 [-2.1007133   1.8539668 ]
 [-0.44881374 -0.7437957 ]
 [ 0.25824022 -0.3894896 ]
 [ 2.0629656  -2.0718777 ]
 [ 0.29468688 -0.7762385 ]]
Peso 2:
[-0.41366133  0.41366363]



pesos modelo: 
Test loss: 1.5738, Test accuracy: 0.6793
Camada: meio
Peso 1:
[[-0.42885298 -0.44869763 -0.24565311 -0.0475882   0.2869221   0.35740018]
 [ 0.18851343 -0.09901076  0.10475983 -0.02730225  0.14502764  0.132247  ]
 [ 0.49980938  0.49363613  0.20716187  0.26283443  0.1380593  -0.10829789]
 [ 0.41946366  0.27552867  0.16461901  0.00265841 -0.04197297  0.08165538]
 [ 0.30222356 -0.18037519  0.22451562  0.31133217  0.04999665  0.19117494]
 [ 0.51195765  0.36885148  0.12494069  0.4319001   0.04015754  0.4037049 ]
 [-0.06606267 -0.28629506 -0.23148452 -0.40855673 -0.08571368  0.34098828]
 [ 0.30528447  0.5220917  -0.06088748 -0.44619605  0.20929183 -0.16350488]
 [ 0.13028458  0.04363362  0.09394108  0.2702614   0.08389861 -0.2609662 ]
 [ 0.09954461  0.45407853 -0.16283508  0.32676867  0.35932672 -0.10741223]
 [ 0.14887123 -0.21862222  0.07224467 -0.13259345  0.18812567  0.224838  ]
 [ 0.2936346  -0.13741672  0.3253178  -0.09297271  0.03379818 -0.17008471]
 [ 0.14647093  0.00606908  0.07809335 -0.28929964 -0.09905463 -0.19137983]
 [ 0.98691934 -0.24510777 -0.35840163 -0.14426643  0.05701622 -0.10635611]
 [ 0.5635123  -0.40604442 -0.6995131  -0.42500195  0.1533104  -0.0563283 ]
 [-0.14991197  0.26668102  0.20652579 -0.3457026  -0.3711116  -0.12587623]
 [ 0.01669474  0.00476267  0.51761806  0.2645575   0.14550404  0.30761114]
 [ 0.3734488  -0.5562743  -0.5111083   0.12935749 -0.086885   -0.31853867]
 [ 0.13907814  0.58102113  0.20525052 -0.41245154  0.01522223  0.3524244 ]
 [ 0.0180995   0.08767398  0.35665125  0.2238785  -0.3029646   0.41455898]
 [-1.5115038   0.97729427  1.5106814  -0.0626019   0.0148036   0.3697281 ]
 [-1.3992453   0.85653055  1.4553814  -0.14897966 -0.27676883  0.84943336]]
Peso 2:
[ 1.2467428  -0.18947597 -0.61631864  0.10829958  0.06897924 -0.14269382]
Camada: saida
Peso 1:
[[-2.2294621   1.4883274 ]
 [ 1.4087752  -0.51369745]
 [ 1.5985714  -1.7861311 ]
 [-0.5019603   0.2362854 ]
 [-0.23070256  0.53781635]
 [ 1.1145899  -0.28040177]]
Peso 2:
[-0.4439083   0.44390976]



pesos modelo: 
Test loss: 2.2226, Test accuracy: 0.6274
Camada: meio
Peso 1:
[[ 1.20956004e-02 -2.03250915e-01  1.31274045e-01 -1.64795816e-02
  -4.26320076e-01  1.61624551e-01]
 [-1.59476623e-01 -3.47549319e-01 -1.48050696e-01  2.84888476e-01
  -7.14007691e-02 -7.84867555e-02]
 [-2.71965086e-01  3.25848788e-01  1.46775931e-01  4.52528328e-01
   3.42742801e-01  1.99168250e-01]
 [ 4.94136699e-02  3.64762336e-01  4.41930955e-03  4.87911813e-02
   3.85264196e-02  1.29265428e-01]
 [-2.66130805e-01 -1.15568921e-01 -4.67348956e-02  1.33859649e-01
   9.08494648e-03 -1.46515444e-01]
 [ 3.21551085e-01  3.85267317e-01  6.36120420e-03 -9.93421152e-02
  -3.99576835e-02  2.04413041e-01]
 [-3.05266410e-01  5.35245895e-01 -3.34943831e-02  8.77767354e-02
   8.33838899e-03  2.22105727e-01]
 [ 8.63075405e-02  3.87891054e-01  1.29189655e-01  1.69842765e-01
  -1.53858557e-01  1.97336182e-01]
 [-6.66901795e-03  3.68990660e-01  7.82611594e-02  2.71992773e-01
  -3.14706832e-01  2.66879469e-01]
 [-2.89690793e-01  7.46808425e-02  1.95325003e-04  1.76503703e-01
   9.43296179e-02 -1.03061676e-01]
 [-2.72253044e-02  2.32823104e-01 -4.71877754e-02 -1.26517445e-01
   3.26074839e-01 -6.46019354e-02]
 [ 3.50331277e-01 -3.01553726e-01  1.30558774e-01  9.23265591e-02
  -6.04386162e-03 -1.95744798e-01]
 [-2.42780417e-01 -2.61699229e-01 -5.04035242e-02  2.03884572e-01
   2.46001035e-01 -1.28361806e-01]
 [-6.20832331e-02  8.29606116e-01 -6.06148064e-01  1.87509000e-01
  -9.84263122e-02 -4.78835464e-01]
 [ 5.60742855e-01  6.85852885e-01 -4.98282373e-01  6.34976625e-01
  -2.58727759e-01 -3.61958236e-01]
 [ 5.75139999e-01 -4.09409970e-01  4.23389375e-01  1.37993351e-01
  -4.08641607e-01  4.78184462e-01]
 [-4.19529468e-01  4.89147827e-02  6.04528725e-01  1.68450370e-01
  -2.52439380e-01  1.72993705e-01]
 [ 4.06772047e-01  6.85723647e-02 -1.51774213e-01  9.06776845e-01
   3.67878973e-01 -6.34030044e-01]
 [ 4.61065143e-01  3.69693339e-01  3.23780954e-01 -1.23297572e-01
  -3.92160594e-01  8.19345474e-01]
 [ 2.93451339e-01 -5.07768393e-02  2.93952465e-01 -1.74962297e-01
   2.09365368e-01  3.43665838e-01]
 [-5.58678687e-01 -8.70957077e-01  9.17933166e-01 -5.92337608e-01
   8.32667574e-02  1.73332846e+00]
 [-1.93846211e-01 -4.61434752e-01  1.04649055e+00 -1.32825160e+00
  -2.96158075e-01  1.39668667e+00]]
Peso 2:
[ 0.37937796  0.74073964 -0.56011146  1.04167     0.00248548 -0.62855715]
Camada: saida
Peso 1:
[[-0.5038793   0.8964092 ]
 [-1.3093834   0.7326798 ]
 [ 1.7214429  -0.6907369 ]
 [-1.3357819   1.4764376 ]
 [ 0.25149482  0.3977566 ]
 [ 2.0811777  -1.4144161 ]]
Peso 2:
[-0.46304032  0.46304482]



pesos modelo: 
Test loss: 1.8282, Test accuracy: 0.6543
Camada: meio
Peso 1:
[[ 0.19724786 -0.15343517  0.10644007 -0.38099438 -0.13567081 -0.15794209]
 [ 0.20476419  0.23922686 -0.23021477  0.13446712  0.34687805 -0.05298444]
 [ 0.13369194  0.17111363 -0.19919166  0.1467038   0.10934077  0.22528513]
 [ 0.1379775   0.01025315  0.00473138 -0.05764053  0.371433    0.32849455]
 [ 0.14346975  0.45340234  0.39359286  0.03879016 -0.37506145  0.4464302 ]
 [ 0.19978754  0.13003029  0.38453856 -0.1789694  -0.19831158  0.4183942 ]
 [-0.20897959 -0.0310463   0.2472786  -0.04973449  0.02436364  0.17707266]
 [ 0.17595933  0.1384949   0.23541203 -0.31106555  0.00169411 -0.03874565]
 [ 0.3108293   0.48204595 -0.08304164  0.17620373 -0.16493292  0.06459894]
 [-0.04051181  0.49064213  0.39143202  0.3920079   0.39628223  0.15025954]
 [-0.23978488  0.05226265 -0.14725022  0.13824315  0.28779867 -0.32502714]
 [-0.07912974 -0.0108713  -0.12171308  0.12906611 -0.36057523  0.47906172]
 [ 0.3335162  -0.04289348 -0.20338169 -0.1482      0.16461001  0.3344986 ]
 [-0.28608248  0.55746585 -0.18479727 -0.55827457 -0.3720305   0.53324807]
 [-0.5471843   0.5536493  -0.51906705 -0.20311458  0.4859491   0.54344773]
 [ 0.28774825 -0.03633452  0.00712601  0.33609757 -0.3599335  -0.02124836]
 [ 0.25042436  0.22209944  0.15088299  0.75078124  0.06183332  0.16294235]
 [-0.18192011  0.8066503  -0.5016192  -0.32165962  0.17872077  0.10709383]
 [ 0.08288923 -0.21789002  0.61138284  0.0522786   0.3428648  -0.31141967]
 [ 0.1895369   0.09834074  0.52925503  0.4253351   0.38145655 -0.17734353]
 [ 1.0260915  -1.2626181   0.6301847   1.2062902  -0.43294403 -0.7458837 ]
 [ 1.1000652  -1.0019058   0.9715892   1.4358463  -0.58187455 -0.1916025 ]]
Peso 2:
[-0.4216277   1.2034018  -0.311271   -0.44740906  0.2823272   0.51300466]
Camada: saida
Peso 1:
[[ 1.1725888  -1.1351345 ]
 [-1.1663158   2.0599575 ]
 [ 0.67301667 -1.1090024 ]
 [ 1.5617296  -1.4453673 ]
 [-0.36382034  0.6683804 ]
 [-1.0035866   0.41263247]]
Peso 2:
[-0.5363781  0.5363821]



pesos modelo: 
Test loss: 1.9617, Test accuracy: 0.6409
Camada: meio
Peso 1:
[[ 0.07579684  0.03385156  0.28560847  0.0314033  -0.2459948   0.24309987]
 [-0.3605173   0.10161842  0.157879   -0.10690068  0.27560315 -0.39552474]
 [ 0.4054331  -0.14487964 -0.03089006  0.36554113 -0.1906398  -0.39704922]
 [-0.40008357  0.089069    0.14629571  0.04484006  0.49022308 -0.23569568]
 [-0.05329205  0.16685845  0.24654762  0.14504844  0.2390195  -0.03662599]
 [-0.3477474  -0.10779126 -0.00984777  0.08590444 -0.26601923 -0.17628258]
 [-0.3541926   0.34457883  0.429224    0.42206013 -0.00257369 -0.27816164]
 [-0.3884266   0.21191743  0.3242272   0.18461056  0.11371291 -0.2582089 ]
 [ 0.03961994  0.19491665  0.23386104 -0.28456727  0.23450056 -0.4269336 ]
 [-0.28374067 -0.26386365 -0.09881813 -0.09580887 -0.33036998 -0.43261194]
 [-0.32945967  0.01878223  0.07630643  0.30351928  0.5207961   0.34146258]
 [ 0.15595862 -0.11860687  0.06286235 -0.00917361 -0.36222517  0.16892882]
 [-0.20336476  0.10574624  0.19565023  0.32539308 -0.4092469   0.17517428]
 [ 0.11957655 -0.36650303  0.8201315  -0.29554367  0.43300027 -0.24812286]
 [-0.31686765 -0.4977086   0.87769896  0.07637823  0.06762487  0.12914856]
 [ 0.185487    0.48594216 -0.05703237 -0.4467313   0.19564833 -0.36541054]
 [ 0.06012724  0.8606774   0.25997227  0.14774232  0.13939095 -0.10904755]
 [-0.42907432 -0.450254    0.88989925  0.2328896   0.12000316 -0.42249167]
 [ 0.06905302  0.5961221   0.08966652  0.39975    -0.2057524  -0.01461996]
 [-0.44889224  0.5070828  -0.04652121  0.04666219 -0.1961767   0.33380654]
 [-0.33488694  1.5239813  -1.7406198   0.0424738  -0.24575149 -0.10859302]
 [ 0.37905952  1.7535545  -1.542588   -0.29687285  0.02590106  0.10969532]]
Peso 2:
[-0.03568527 -0.8192643   1.2061787   0.0197884   0.20501193 -0.04900575]
Camada: saida
Peso 1:
[[ 0.5784786   0.09596076]
 [ 1.7883093  -2.0186498 ]
 [-1.9582008   2.061114  ]
 [-0.48890588 -0.2812119 ]
 [-0.27464125  0.45265487]
 [ 0.47165367 -0.08941568]]
Peso 2:
[-0.3992965   0.39929876]



pesos modelo: 
Test loss: 1.7074, Test accuracy: 0.6442
Camada: meio
Peso 1:
[[ 0.3769052   0.20532227 -0.3677907  -0.04729718  0.11358851  0.11331874]
 [ 0.15765423  0.4156783   0.2952233   0.3902157  -0.02939084 -0.33326063]
 [ 0.05537115  0.20333579 -0.16727336  0.11386725 -0.1990061  -0.41802752]
 [ 0.00310082 -0.04180482  0.4100512   0.17948662  0.12161946 -0.13063814]
 [ 0.13498709 -0.12051962 -0.24801917  0.2566655  -0.07072695  0.21367976]
 [ 0.10978246 -0.24140759 -0.32622933  0.17302692 -0.09564965 -0.11395818]
 [-0.18553469  0.299846    0.06342985  0.14109455  0.03702198  0.08096742]
 [ 0.08661584 -0.04804651  0.31936315  0.23263481  0.08223806 -0.46446773]
 [ 0.1311254   0.30196947  0.3920347   0.4361668   0.05530332 -0.15392002]
 [ 0.130622   -0.27994704 -0.02318307  0.3498976   0.12483039  0.13656476]
 [-0.07755911 -0.12187929  0.4293416   0.09153353  0.1750718  -0.42577574]
 [ 0.21253636 -0.04685174 -0.07215551  0.31997347 -0.04416202  0.25009626]
 [ 0.00590808 -0.14421196 -0.38329527  0.47521004  0.27281725  0.3479159 ]
 [-0.5880426   0.20658809  0.14266367  0.6000824  -0.6966986  -0.3066706 ]
 [-0.44818175 -0.12902541  0.5868975   0.7604058  -0.30639064  0.2642421 ]
 [ 0.29471943 -0.10975584  0.09746313  0.01544176  0.5531467  -0.41684493]
 [ 0.3556113   0.10666399  0.35743362  0.12602194  0.47583947 -0.21140903]
 [-0.5365234  -0.5332874   0.10750202  0.3576957  -0.6370551   0.28699496]
 [ 0.31517032  0.4657644  -0.42498797  0.3259429   0.2491114  -0.21986347]
 [ 0.28959003  0.527205    0.13050643  0.0310507   0.38083315  0.06065828]
 [ 1.4209172   0.94757736 -0.39483282 -0.5087554   1.553381    0.3567001 ]
 [ 1.38531     0.81059486 -0.09005098 -1.0922028   1.253384    0.30414683]]
Peso 2:
[-0.718054   -0.10004612  0.2967151   1.0224503  -0.7022542  -0.09620244]
Camada: saida
Peso 1:
[[ 1.0537729  -1.9847963 ]
 [ 0.56606174 -0.8091679 ]
 [ 0.13471773  1.1245887 ]
 [-1.7337384   0.97848   ]
 [ 1.501867   -1.7842239 ]
 [ 0.62712514  0.14217685]]
Peso 2:
[-0.7903759  0.7903788]



pesos modelo: 
Test loss: 2.1645, Test accuracy: 0.6015
Camada: meio
Peso 1:
[[-2.91172624e-01  1.23499513e-01 -4.29056942e-01 -2.39807218e-01
  -1.20487392e-01  3.18537176e-01]
 [-1.45600274e-01  1.30895510e-01 -2.18679175e-01  1.49887025e-01
  -1.66815147e-02 -2.88106296e-02]
 [ 1.95902169e-01 -5.37683442e-03  1.24866597e-01  4.28754658e-01
   3.99615876e-02  1.57610193e-01]
 [-1.72963738e-01  2.56090194e-01 -4.44205672e-01 -2.29863435e-01
   3.91878366e-01  7.49251172e-02]
 [-1.99496210e-01 -1.00282416e-01 -4.28379834e-01  3.74936521e-01
   1.76547945e-01  7.47939497e-02]
 [ 2.65933037e-01 -3.22717190e-01 -4.56553310e-01 -1.12315834e-01
   5.18652260e-01  8.88229012e-02]
 [ 5.93897812e-02 -3.46882761e-01 -1.36905387e-01 -2.36775354e-02
   1.04546994e-01 -6.55449331e-02]
 [-3.12749535e-01  3.92924733e-02 -1.41938776e-01 -1.91909850e-01
   3.49998891e-01 -4.38634353e-03]
 [-3.70643824e-01 -4.07513440e-01 -8.17594677e-02  3.34573001e-01
   4.83040154e-01  1.64643690e-01]
 [ 1.62480757e-01  3.89610976e-01 -1.39935613e-01  1.06139056e-01
   3.33890080e-01  1.97658107e-01]
 [-2.73192167e-01 -2.08737068e-02  1.83433622e-01  5.04721284e-01
   7.76376575e-02  7.81683996e-02]
 [-2.72200972e-01  1.38022393e-01  3.07668336e-02 -1.05724737e-01
   3.47676873e-01 -6.71855407e-03]
 [ 1.43887594e-01  2.26974756e-01 -1.46223977e-01  1.31046146e-01
   1.18831418e-01  5.20622730e-02]
 [-2.44892135e-01  1.26683131e-01 -3.21739763e-01 -2.09931880e-02
   8.29358339e-01 -7.82801270e-01]
 [ 6.61608577e-01 -2.43085951e-01  9.37423855e-02  5.69569647e-01
   3.04688245e-01 -7.70889640e-01]
 [ 4.24763530e-01  2.42877200e-01  1.17764227e-01 -2.07683183e-02
  -3.20909351e-01  4.39999878e-01]
 [ 1.96232021e-01  4.15484846e-01 -5.67135252e-02  2.44889498e-01
   1.03983089e-01  6.92603171e-01]
 [ 6.18179619e-01  4.66430128e-01  1.79835945e-01  6.81681693e-01
   9.37724411e-02 -9.07774389e-01]
 [-1.96468294e-01  1.51780218e-01  1.07918806e-01 -4.12866510e-02
  -4.39423531e-01  3.19537848e-01]
 [ 2.33551152e-02 -9.80994105e-02 -3.65824066e-03  2.87628882e-05
   2.87510782e-01  6.59812689e-01]
 [-3.71714421e-02 -4.48523611e-01  1.35797923e-02 -7.92485535e-01
  -5.27393997e-01  1.99321854e+00]
 [ 4.66952957e-02 -5.15991211e-01 -2.28903830e-01 -6.58000231e-01
  -7.88373470e-01  1.92132473e+00]]
Peso 2:
[ 0.16161266  0.19430809 -0.04218305  0.7235954   0.8065758  -1.0310148 ]
Camada: saida
Peso 1:
[[-0.44550076  0.62778974]
 [ 0.02117017  0.7468886 ]
 [ 0.05619843 -0.29198727]
 [-1.3722261   0.45007855]
 [-1.3900675   0.85153735]
 [ 2.3478603  -2.3098073 ]]
Peso 2:
[-0.7498882  0.7498938]



pesos modelo: 
Test loss: 1.9284, Test accuracy: 0.6541
Camada: meio
Peso 1:
[[-2.39452392e-01  1.41142130e-01  4.42507267e-01  1.53185189e-01
  -3.06449831e-02  1.56059563e-01]
 [ 4.01452303e-01 -4.86163273e-02 -1.97756186e-01  4.24156457e-01
  -2.74110317e-01  2.94714142e-03]
 [ 2.68843193e-02 -1.24519527e-01  2.23494843e-01  2.67181814e-01
  -2.57282257e-01 -1.28843188e-01]
 [-1.35448456e-01 -2.93025017e-01  9.55424458e-02 -1.67646348e-01
   5.77758737e-02 -8.95318463e-02]
 [ 4.57091361e-01 -3.25498134e-01 -2.77490973e-01 -5.38357459e-02
   1.33018196e-02  2.88868815e-01]
 [ 3.09279621e-01 -2.20100611e-01  1.34211747e-04  8.35101604e-02
   3.62069994e-01  1.43371493e-01]
 [-6.88186511e-02 -1.78801581e-01 -1.22000784e-01  1.37196273e-01
  -3.84377986e-01 -2.14063972e-01]
 [ 4.83805299e-01 -4.44315284e-01 -3.72616500e-01  8.87369737e-02
   3.59678179e-01  2.24009022e-01]
 [ 1.64434493e-01 -1.25328720e-01  2.23395526e-01  9.26642045e-02
  -4.53357995e-01  5.39179742e-02]
 [ 4.22100127e-01 -2.96896815e-01  2.15131998e-01 -2.43804991e-01
   2.37339675e-01  4.40771997e-01]
 [ 2.37429112e-01  1.60831124e-01  2.32420653e-01  2.01874927e-01
   2.23207265e-01  1.22934803e-01]
 [ 1.72198609e-01 -1.44908562e-01  3.00846130e-01 -1.88795447e-01
  -1.17209349e-02  2.12490439e-01]
 [ 4.76914108e-01  1.44541338e-01  3.24460179e-01  2.96242982e-01
   3.25999677e-01  2.71591216e-01]
 [ 8.13392580e-01  2.07620502e-01  2.51669347e-01  1.87244930e-03
   3.43721174e-02 -7.26990640e-01]
 [ 8.65773022e-01 -1.34246890e-02 -2.90415883e-01  7.71004856e-02
  -1.95457697e-01 -7.78272271e-01]
 [-2.85268784e-01  8.92511234e-02  3.59551430e-01  3.80511642e-01
   2.72479743e-01  1.90298989e-01]
 [ 6.32508425e-03 -4.15528417e-01  7.49760419e-02  3.56495887e-01
   1.18920274e-01  4.25468028e-01]
 [ 6.11309111e-01  2.77386516e-01  5.97509265e-01 -6.96209967e-01
   2.69596398e-01 -2.93026954e-01]
 [-4.79452349e-02  2.19652951e-01 -6.36504054e-01  4.94851097e-02
  -2.05011845e-01  3.54533821e-01]
 [ 7.89676383e-02 -4.23385613e-02  3.97397727e-01  4.36672151e-01
  -2.95811474e-01  5.63772380e-01]
 [-1.44260573e+00 -3.38453203e-02 -4.43649262e-01  6.99792266e-01
  -6.07642382e-02  1.51945722e+00]
 [-1.08729804e+00  1.76881552e-02 -1.70150623e-01  9.17789161e-01
   2.54037380e-01  1.80960119e+00]]
Peso 2:
[ 1.2302303  -0.07799432  0.24953556 -0.4997387  -0.04613702 -0.80464333]
Camada: saida
Peso 1:
[[-1.882214    1.6213477 ]
 [ 0.3265778  -0.8087237 ]
 [ 0.04865684  1.1181906 ]
 [ 1.1039149  -0.7444241 ]
 [-0.5908522  -0.67073804]
 [ 1.6835159  -2.110317  ]]
Peso 2:
[-0.5512592  0.5512586]



pesos modelo: 
Test loss: 2.5865, Test accuracy: 0.5869
Camada: meio
Peso 1:
[[ 0.21374255  0.09540123  0.226632   -0.11960259 -0.25981057  0.29085422]
 [-0.05740741  0.08763304  0.10138137  0.27335244  0.07324836  0.21222878]
 [-0.22799285 -0.23964843  0.23091364 -0.23327017  0.43369165 -0.03761666]
 [-0.0586633  -0.3854366   0.1944909   0.2525697  -0.2474477   0.16363673]
 [ 0.18950036  0.10481467  0.3503585   0.2685298   0.01605045  0.3749634 ]
 [ 0.46821454  0.27295     0.2861561  -0.18213977 -0.13386418  0.19596529]
 [-0.19059408  0.02613867 -0.40116984 -0.02910269  0.08397079  0.02754903]
 [-0.05627426  0.03263311 -0.36122423  0.25463083 -0.41812155  0.09825885]
 [ 0.27972528  0.35963947  0.34332883  0.16429977  0.22434917  0.37634456]
 [ 0.00180775 -0.22669211 -0.4425596   0.04224889  0.07493708  0.09884682]
 [-0.15138325  0.42883062 -0.46524498 -0.23590432  0.2417275  -0.00507931]
 [-0.1320369   0.12433059 -0.15911692  0.09556271 -0.29505816  0.00856484]
 [ 0.0368554   0.06892084 -0.04295587  0.15994148 -0.17118272  0.16107023]
 [-0.38125437 -0.3774973  -0.32942918 -0.7507559   0.18957375  0.9307186 ]
 [-0.19962017  0.29317448 -0.19858359 -0.31188363 -0.1172925   0.9938424 ]
 [ 0.19304405  0.26358086 -0.12796812  0.59567493  0.3615668  -0.01112833]
 [ 0.59023416  0.12098414  0.23497066  0.60972404  0.35359937  0.21788879]
 [-0.3299006   0.25467023  0.31401396 -0.34902468 -0.20537886  0.7096083 ]
 [ 0.5961797   0.36638647 -0.39840072  0.26438868  0.35493192  0.00709898]
 [ 0.19082905 -0.2272456   0.33151162  0.15726355  0.4999054  -0.22192854]
 [ 1.0345854   0.4218327  -0.11166995  0.9439215   0.7769516  -1.5597088 ]
 [ 1.0389016   0.26733083  0.20289126  1.0502294   0.0284133  -1.6898453 ]]
Peso 2:
[-0.35793886 -0.05999579  0.01014746 -0.5955005  -0.23432484  1.4511509 ]
Camada: saida
Peso 1:
[[ 0.47159398 -1.7116741 ]
 [ 0.13624075 -0.2952414 ]
 [-0.37415114 -0.21902066]
 [ 1.47634    -1.0415324 ]
 [-0.13838744 -1.1390944 ]
 [-2.49173     1.8394275 ]]
Peso 2:
[-0.48421168  0.48421466]



pesos modelo: 
Test loss: 2.6335, Test accuracy: 0.5819
Camada: meio
Peso 1:
[[-0.46063387  0.327286   -0.30387622 -0.02830786 -0.1595605   0.38820648]
 [-0.38328794 -0.04060455  0.00976979  0.03969726 -0.18729506  0.3669151 ]
 [ 0.24272339  0.2628926  -0.31147468  0.19718118  0.40530565  0.29574582]
 [ 0.37959036 -0.30154422  0.1955551   0.27046087  0.4056284   0.4583801 ]
 [-0.27985927  0.02647844 -0.3528971   0.10039186  0.16209719  0.1286589 ]
 [ 0.213467    0.00210703 -0.3728775  -0.10404566 -0.34545028  0.15364283]
 [ 0.3327014   0.33394203  0.19238669  0.1626296   0.33836702  0.32703134]
 [-0.32654348 -0.27723464 -0.1724292   0.15509368 -0.09024376  0.5194291 ]
 [ 0.05803011  0.3253824   0.20999327  0.07216178  0.50691503  0.05533547]
 [ 0.32177097 -0.4037636   0.1745645   0.09235149 -0.00822703  0.4299873 ]
 [-0.25946522  0.16335581  0.42130417 -0.03608866 -0.02882579  0.18898797]
 [ 0.13508697  0.2961322   0.35629073 -0.13186234 -0.27447885  0.18734194]
 [ 0.15868483 -0.45486775 -0.33653885  0.07395311 -0.11989292  0.3356101 ]
 [-0.13109617 -0.42833504 -0.33127725 -0.98196614  0.17386584  0.20480207]
 [-0.34234342 -0.09601145 -0.01021943 -0.7979571   0.5165922   0.437516  ]
 [-0.4455494  -0.33656946  0.06105023  0.6400387   0.19211522  0.33204138]
 [-0.22350594 -0.24099769  0.48184896  0.44601122 -0.18512927  0.00749307]
 [ 0.1491762   0.20254487  0.17311503 -0.907287    0.4021115   0.53188723]
 [-0.04054432 -0.41284978 -0.1977922   0.72974336 -0.0183642   0.29397842]
 [-0.30847132 -0.4433044   0.05221166  0.5400104   0.51984537 -0.27903837]
 [-0.19803023 -0.4124755   0.49590293  1.7962637  -0.46382153 -1.0168581 ]
 [ 0.2840368  -0.10544948  0.347721    2.0726478  -0.42325938 -0.50689447]]
Peso 2:
[ 0.05181481 -0.16310988 -0.04981538 -1.1319441   0.545349    0.8815208 ]
Camada: saida
Peso 1:
[[ 0.3089019   0.5781975 ]
 [ 0.6845295   0.10698754]
 [ 0.12987822 -0.4450124 ]
 [ 2.6710894  -2.2040884 ]
 [-0.65818936  0.85346437]
 [-1.2009563   1.1541741 ]]
Peso 2:
[-0.8576363  0.8576402]



pesos modelo: 
Test loss: 3.4305, Test accuracy: 0.5430
Camada: meio
Peso 1:
[[ 2.41197050e-01  3.97661805e-01  1.79116726e-02  2.73059726e-01
  -5.17203212e-02 -2.83670783e-01]
 [ 7.45294092e-04  8.16371590e-02 -1.37821093e-01 -1.18507996e-01
  -2.24563107e-01 -3.42590004e-01]
 [-2.44373568e-05  6.19926192e-02 -1.13362059e-01 -1.10635661e-01
  -1.50655493e-01  2.01133862e-01]
 [ 6.97852054e-04  5.76594993e-02  3.15592289e-01  2.44612172e-01
   2.88848281e-01  2.95632303e-01]
 [-7.06219143e-05  7.82344863e-02 -3.90545189e-01 -1.26711503e-01
   2.85693765e-01 -2.20151305e-01]
 [-1.70451807e-04  6.64004758e-02  2.49283329e-01 -3.17927122e-01
   6.81373328e-02 -5.57040572e-02]
 [ 3.00935557e-04  6.12577200e-02 -1.67874321e-01 -4.37290547e-03
  -4.53098744e-01  5.98670021e-02]
 [ 7.81033712e-04  8.18434209e-02 -2.96531141e-01 -3.61447901e-01
   1.29519016e-01 -1.13754228e-01]
 [ 3.48871225e-04  6.27298728e-02  2.94028878e-01 -3.36292773e-01
   2.35848218e-01 -2.23119110e-01]
 [ 3.23974818e-04  7.62990117e-02 -3.98578614e-01  1.98847115e-01
  -1.67607918e-01 -3.74571592e-01]
 [ 4.17676405e-04  7.14266896e-02  1.55325592e-01  3.74728709e-01
   3.12573761e-02 -2.74058402e-01]
 [ 7.12221954e-04  7.93480277e-02  3.43466885e-02 -6.06453605e-02
  -4.59244251e-01 -2.26972982e-01]
 [ 2.96955666e-04  7.12072179e-02 -2.22391486e-01  7.96982795e-02
  -1.12132996e-01  4.71808650e-02]
 [ 8.36447299e-01  9.27614212e-01 -3.13736163e-02 -3.07000428e-01
   4.62583125e-01 -2.57170618e-01]
 [ 8.22002351e-01  8.32099199e-01 -4.05409515e-01  1.39135778e-01
  -7.30620548e-02  3.89217049e-01]
 [-1.85850896e-02 -2.49118924e-01  5.12259603e-01 -5.78987971e-02
  -6.48614287e-01 -3.22062284e-01]
 [-9.55705941e-02 -1.95776060e-01 -4.06228751e-01  2.27228954e-01
  -1.52729943e-01 -4.48600650e-01]
 [ 9.91311312e-01  5.26572883e-01  4.26875770e-01  4.87260371e-01
  -5.80400825e-02  2.97486484e-01]
 [ 5.76475188e-02 -3.71318579e-01  2.20416576e-01  3.24884266e-01
   2.80765921e-01 -1.34084269e-01]
 [-1.80009738e-01 -1.06361836e-01 -5.37447751e-01 -5.95502853e-01
   5.57034761e-02 -3.21933061e-01]
 [-1.16380596e+00 -1.66787624e+00 -4.20255542e-01 -3.27314109e-01
   1.62637234e-02 -1.39722377e-01]
 [-1.16383529e+00 -1.66839409e+00 -1.89968094e-01 -2.13847563e-01
  -2.29802638e-01  3.32171381e-01]]
Peso 2:
[ 1.3969336   2.0258832   0.10867992  0.01763444 -0.08949853 -0.00802871]
Camada: saida
Peso 1:
[[-2.0855675   1.4044173 ]
 [-2.369534    2.3693554 ]
 [-0.48245043  0.57244205]
 [ 0.25987276  0.87821317]
 [-0.51110786  0.6898963 ]
 [ 0.04336873 -0.3309048 ]]
Peso 2:
[ 3.810637  -3.8106287]



pesos modelo: 
Test loss: 2.5190, Test accuracy: 0.6066
Camada: meio
Peso 1:
[[ 3.30234230e-01  1.78760946e-01 -4.04335529e-01 -4.87900972e-02
  -3.30862999e-02 -4.18792546e-01]
 [-3.53406161e-01  5.35662053e-03  2.40646139e-01  2.99363136e-01
   8.32264349e-02 -3.42170596e-01]
 [-2.56551892e-01 -4.29268360e-01  1.23345613e-01  1.04230061e-01
   3.11346110e-02 -4.55650061e-01]
 [-1.69073716e-01  4.97715503e-01  3.64228450e-02 -6.62489310e-02
  -3.57307494e-02  7.06220716e-02]
 [-7.65613690e-02 -3.28975081e-01  2.27648020e-01  3.63895327e-01
  -2.28877380e-01  6.54347911e-02]
 [-5.27329519e-02 -1.31576687e-01  2.53305852e-01  5.06377339e-01
   3.25475156e-01 -1.80620328e-01]
 [ 1.19257063e-01  1.11320004e-01  4.09821495e-02 -9.57263410e-02
   7.24651590e-02 -4.15911317e-01]
 [-1.74688697e-01  3.70138884e-01  2.01477781e-01  3.04296583e-01
   1.59950256e-01 -1.58499077e-01]
 [ 6.07696511e-02  7.86700398e-02  1.84467852e-01  2.42390573e-01
  -4.10710663e-01 -3.38038564e-01]
 [ 4.19160463e-02 -3.92765075e-01  9.48181897e-02  1.50598329e-03
  -3.59626502e-01  5.00964224e-02]
 [ 2.62049168e-01 -1.77782655e-01  5.31351678e-02 -1.04583815e-01
  -2.21693069e-02  1.53766751e-01]
 [-5.03585115e-02  2.59069443e-01  1.51481688e-01  2.02134743e-01
   3.92691821e-01 -4.58041698e-01]
 [ 2.49664485e-01 -3.01968068e-01  1.60213992e-01  1.87805116e-01
  -2.64972776e-01 -1.54831886e-01]
 [-1.10165654e-02 -9.86332595e-02  9.75114465e-01 -3.31146300e-01
   1.21941201e-01  9.70926881e-03]
 [-3.90674621e-01  4.73723084e-01  1.17417300e+00 -3.74302417e-01
  -6.09698482e-02 -3.19110423e-01]
 [-1.48850486e-01 -1.96239918e-01 -2.14638367e-01  5.55251360e-01
   1.93800718e-01 -2.70753056e-01]
 [-1.33385047e-01  1.43152148e-01 -3.05074632e-01  2.82712966e-01
   3.59849840e-01  9.52019915e-02]
 [-1.88665614e-01 -7.70138800e-02  9.34427321e-01 -4.86377627e-01
   3.67771424e-02 -2.64413923e-01]
 [-4.95952293e-02 -9.65364799e-02 -9.14601162e-02  7.55995333e-01
  -2.84075707e-01 -1.85382813e-01]
 [-2.63052508e-02 -1.61039218e-01 -6.86054528e-02  7.03076184e-01
  -3.35836530e-01 -7.44828656e-02]
 [ 3.31856087e-02 -4.32244688e-01 -1.99408209e+00  7.50090361e-01
   1.27163231e-01  3.37574296e-02]
 [-3.93650323e-01 -1.86646253e-01 -2.00557852e+00  7.06280529e-01
  -3.60410064e-01  3.38901788e-01]]
Peso 2:
[-1.3152750e-01  5.8809098e-02  2.0238760e+00 -2.2003321e-02
  1.1362703e-02  3.2556974e-04]
Camada: saida
Peso 1:
[[ 0.3120401  -0.41597462]
 [ 0.26660487  0.55824465]
 [-2.8806608   2.5832539 ]
 [ 0.4928799  -1.7383435 ]
 [-0.863829   -0.51308286]
 [-0.18650463 -0.01986235]]
Peso 2:
[ 1.0351402 -1.0351274]



pesos modelo: 
Test loss: 1.9525, Test accuracy: 0.6474
Camada: meio
Peso 1:
[[ 0.17992353 -0.08907041 -0.26916653 -0.10415119 -0.30927324  0.16019332]
 [-0.33535707 -0.00746175 -0.40119302 -0.34294674  0.48898026  0.06938627]
 [ 0.10911702  0.18707107  0.36109895 -0.15568562  0.31388265  0.01832136]
 [-0.26908907 -0.09243225 -0.30605173 -0.04046186  0.01843561 -0.13114795]
 [-0.16319302 -0.03731637 -0.3666843  -0.05729522  0.23883766 -0.01457096]
 [-0.1271103   0.3788117  -0.14792758  0.16980204  0.35670257 -0.03454273]
 [ 0.08329924 -0.19452414 -0.0961325   0.4080808  -0.08575752 -0.03997583]
 [-0.17921737  0.26344988  0.03137123  0.31365746  0.44563538  0.0809619 ]
 [ 0.4302992  -0.29772285 -0.3682931  -0.3248586   0.15327074  0.20433182]
 [ 0.16952133  0.20613202  0.26222554 -0.29531497  0.46603072  0.1740186 ]
 [-0.32282272  0.03808619  0.30265364  0.12009689  0.43286777  0.14964175]
 [ 0.18514912 -0.2630818  -0.02049353 -0.09569375 -0.15950829 -0.03512379]
 [ 0.38778642  0.2241996   0.16365331  0.36394095  0.45304105  0.3268597 ]
 [ 0.63163716 -0.46048415  0.17620216 -0.07466718  0.4671858  -0.7915507 ]
 [ 0.2948778  -0.5144545   0.28437915 -0.14844103  0.36713845 -0.57320195]
 [ 0.0126896   0.25782007  0.21740717 -0.48905167  0.3937467   0.5770101 ]
 [-0.08392698  0.04496643  0.4076436  -0.09858107 -0.1760833   0.43425062]
 [ 0.14540021 -0.2637601  -0.21046369  0.54869616  0.81148744 -0.58966345]
 [ 0.3578371   0.50928324  0.05997099  0.03130322 -0.15978654  0.3313678 ]
 [ 0.38691714  0.39319193  0.48779112  0.37135962 -0.16465844  0.44950432]
 [-0.2941617   0.91353816 -0.09004796 -0.27415732 -1.0547194   1.7329541 ]
 [-0.36814052  0.7182523  -0.16016579  0.01919344 -0.9921487   1.8733529 ]]
Peso 2:
[ 0.2983504  -0.24799104  0.0162565   0.20808174  1.0980903  -0.8792448 ]
Camada: saida
Peso 1:
[[-0.04371499  1.0809401 ]
 [ 1.3176459  -0.430473  ]
 [-0.669817   -0.41105834]
 [-0.6657455   0.6372358 ]
 [-0.8440879   2.0888767 ]
 [ 1.8833468  -2.313375  ]]
Peso 2:
[-0.6069851   0.60698783]



pesos modelo: 
Test loss: 2.3758, Test accuracy: 0.5933
Camada: meio
Peso 1:
[[-3.46646935e-01  3.55692863e-01 -2.85961568e-01 -1.68909848e-01
   2.38168180e-01  4.36403036e-01]
 [-3.66272390e-01  1.80756599e-01 -1.29538447e-01  6.78254291e-02
   2.77038246e-01  1.72996312e-01]
 [-4.09689434e-02  5.41776061e-01  1.15452260e-01  1.62830099e-01
   1.80898190e-01  3.75667393e-01]
 [-4.33936007e-02  3.67808610e-01  3.33340347e-01 -1.44889325e-01
  -3.61404151e-01  1.86111704e-01]
 [-3.32612902e-01  5.81054389e-02 -1.00529440e-01 -1.76530555e-01
  -1.43320471e-01  1.77456856e-01]
 [-4.34254557e-01  2.47649804e-01 -9.06908959e-02 -1.20822312e-02
  -3.12990546e-01  2.37662137e-01]
 [-5.70730306e-02  3.01299155e-01  2.05517396e-01 -4.54985872e-02
   4.91776228e-01  2.08974719e-01]
 [ 3.24653208e-01  3.36921245e-01  1.21551156e-01  2.30232656e-01
  -2.62134671e-02 -9.85431448e-02]
 [-1.09267443e-01  3.04827988e-01  1.94358185e-01  2.86606520e-01
  -2.61761963e-01 -3.05245966e-01]
 [-3.20590198e-01  2.40570098e-01  2.76805699e-01  1.99215144e-01
   9.77937579e-02 -2.81036258e-01]
 [ 2.56650805e-01  2.15421170e-01  3.27968448e-02  1.19007178e-01
   1.14523470e-02  2.09318306e-02]
 [-1.22678146e-01  3.47981274e-01 -8.36603492e-02  1.76747277e-01
  -2.64620394e-01  1.91737935e-01]
 [ 1.11609162e-03  1.68924794e-01  1.61505669e-01 -2.35774983e-02
   1.01685666e-01 -6.67377710e-02]
 [ 2.03632504e-01  7.25690007e-01 -2.30801210e-01 -4.51552600e-01
   1.30447730e-01 -3.87373269e-01]
 [-7.76250362e-02  2.70922065e-01 -3.78092587e-01 -6.46811366e-01
   4.19096410e-01 -7.92744040e-01]
 [-1.07827753e-01  3.18163186e-01  2.47556478e-01  4.91481304e-01
   3.36534709e-01  6.67364001e-01]
 [-3.36289138e-01 -6.85600564e-02  8.58914927e-02  3.62623692e-01
   3.52149419e-02  2.94197947e-01]
 [-1.93503782e-01  4.84215140e-01 -5.91040552e-01 -6.37764633e-01
   4.27787364e-01 -1.78318620e-01]
 [-3.58072072e-01 -1.07714973e-01  1.59334078e-01  4.25023049e-01
  -4.11556929e-01  2.26868227e-01]
 [-1.45831332e-01 -2.94279426e-01  1.17713608e-01  3.66076708e-01
  -3.72880511e-02  1.44364432e-01]
 [-1.77439511e-01 -1.29594028e+00  9.55992758e-01  1.09719861e+00
  -4.29953396e-01  1.10182285e+00]
 [ 3.85274380e-01 -1.36542463e+00  9.72356379e-01  1.07030773e+00
   2.84350127e-01  1.09304845e+00]]
Peso 2:
[ 9.4952964e-05  1.2043146e+00 -3.0760911e-01 -8.6300761e-01
  1.9988751e-01 -5.2644420e-01]
Camada: saida
Peso 1:
[[ 0.6780494   0.68670404]
 [-1.6953924   1.7136955 ]
 [ 0.529913   -1.588085  ]
 [ 1.257615   -1.6658942 ]
 [-0.9035254  -0.35079888]
 [ 1.2407004  -1.1384662 ]]
Peso 2:
[-0.79113287  0.7911355 ]



pesos modelo: 
Test loss: 2.0372, Test accuracy: 0.6391
Camada: meio
Peso 1:
[[ 0.20261252 -0.04883158  0.05619699 -0.2326802  -0.36325917 -0.1037032 ]
 [-0.42627257  0.02647872  0.14192224  0.16073725 -0.385797    0.25985575]
 [-0.43115523  0.0200505   0.19488743  0.31969368 -0.3454258   0.29859504]
 [-0.31238922  0.17805395  0.08613664  0.10872691  0.09463824  0.20406157]
 [-0.0466503  -0.05907905  0.33305866  0.57654434  0.17615391 -0.18000464]
 [-0.22739697  0.20695479  0.04003562  0.11573597  0.016984    0.25317878]
 [ 0.2786904  -0.09594863  0.28487656  0.38590884 -0.05095846 -0.15190154]
 [-0.27446836  0.16779588  0.06622683  0.0166012  -0.10089154  0.01054539]
 [-0.09951266 -0.13333693  0.0830209  -0.042923    0.13715053  0.14807105]
 [-0.43345627 -0.20518754  0.01321908 -0.14421137 -0.03445677  0.0670948 ]
 [ 0.35604405  0.05623868  0.02020389 -0.13795209 -0.39524376 -0.3498516 ]
 [ 0.0337414  -0.0224875   0.2525397   0.41775042 -0.12079319 -0.04827183]
 [-0.23937869  0.19657828  0.16525455  0.2752648   0.45756978 -0.270998  ]
 [-0.02744682  0.62413156  0.7617063  -0.3763809   0.44087544 -0.09898712]
 [ 0.1464161   0.46338126  0.8722678  -0.22451238 -0.34638003 -0.23289767]
 [ 0.02195886  0.04341087  0.03764018  0.8851237  -0.05515041 -0.4212638 ]
 [ 0.09156835  0.5487286  -0.2808229   0.4185975  -0.10627179 -0.081429  ]
 [-0.15075712  0.52701455  1.0067711   0.19677615 -0.25677586 -0.34986773]
 [ 0.0075514  -0.24246244 -0.04296273  0.6980834  -0.4274814   0.4617943 ]
 [ 0.06293169 -0.37471253 -0.22700417  0.06713303 -0.3639035   0.0395849 ]
 [-0.45695037 -0.37637925 -1.9133643   1.0391275  -0.16361623 -0.23378576]
 [ 0.19245727 -0.45792305 -1.987631    0.8427765   0.3715902  -0.26206952]]
Peso 2:
[-0.05767864  0.39469343  1.926666   -0.05117568  0.02170273  0.03141623]
Camada: saida
Peso 1:
[[-0.37292036  0.3229387 ]
 [-0.29192528  0.93378496]
 [-2.5881681   2.6001482 ]
 [ 0.5582293  -1.861638  ]
 [-0.79989386 -0.3503923 ]
 [-0.7649011  -0.4054665 ]]
Peso 2:
[ 0.8819483  -0.88194466]



pesos modelo: 
Test loss: 2.2128, Test accuracy: 0.6023
Camada: meio
Peso 1:
[[-5.5866003e-02 -3.0757517e-01 -4.0122905e-01 -1.5640536e-01
  -3.7772754e-01 -2.6222408e-01]
 [ 4.1557416e-01 -2.8416997e-02 -3.4859350e-01  3.4223416e-01
   5.5836361e-02  1.9964635e-01]
 [-1.3901104e-01 -5.8705295e-03 -2.2888975e-02  8.9505520e-03
  -1.6229844e-01 -1.7206994e-01]
 [-2.2943597e-01  9.0004206e-03 -1.0564135e-01  2.3422866e-01
   2.5980648e-01 -3.8152882e-01]
 [-2.2007397e-01  3.0859334e-02  2.6377847e-02  5.1972307e-03
  -1.6746566e-02  4.1293690e-01]
 [ 1.2521678e-01 -1.8713214e-01 -9.0538457e-02  2.8710524e-02
   1.8183827e-01  2.6949790e-01]
 [ 1.8795754e-01 -2.2203127e-02 -6.6123933e-02  1.3342220e-01
  -2.8654325e-01  4.6380404e-01]
 [-2.7032420e-01  8.3583444e-02  2.6819730e-01  8.8906035e-02
   1.1934320e-01 -1.5303452e-02]
 [ 3.2210535e-01 -4.8797637e-02 -2.3874708e-01  3.0872530e-01
   1.4675334e-01 -1.4575142e-01]
 [ 3.3309677e-01  1.2271911e-01  3.4368603e-04  3.7293634e-01
  -2.7976927e-01 -1.3101244e-01]
 [-4.5517910e-02  1.7215206e-01 -1.9639039e-03  3.5228673e-01
   7.4715793e-02  2.2230212e-02]
 [ 5.0861962e-02  9.7585045e-02  1.8464848e-02  2.6814461e-01
  -3.6962599e-02 -2.4370636e-01]
 [ 1.6516285e-01 -1.8652333e-01 -3.8431522e-01  1.4622309e-02
   1.5004642e-01  4.5123941e-01]
 [-7.0631063e-01 -8.7689203e-01 -3.1297767e-01  2.7478334e-01
  -2.6212296e-01 -1.8111842e-02]
 [-3.8174120e-01 -6.2443042e-01  3.1617576e-01  6.0487556e-01
  -3.9637342e-02 -3.4069988e-01]
 [ 2.9233429e-01  3.0648407e-01 -3.2724732e-01 -1.1687767e-01
  -3.2854680e-02  1.2258864e-01]
 [ 5.2496165e-02  7.0003819e-01 -2.1331524e-02  4.0743992e-01
   3.4485918e-01 -4.4437838e-01]
 [-1.8911289e-01 -6.1241180e-01 -1.7559884e-01  5.8850783e-01
  -2.1240860e-01  4.7018737e-02]
 [ 2.9348683e-01  4.9584946e-01 -3.4729514e-01  8.0874719e-02
   2.4770232e-01 -7.7295877e-02]
 [ 3.8836563e-01  4.6600434e-01  1.8040895e-01  1.5582427e-01
   2.3321493e-01 -3.3566189e-01]
 [ 1.2800120e+00  1.6023914e+00  1.3080476e-01 -9.1967481e-01
   4.9808112e-01  1.5200512e-01]
 [ 5.5783051e-01  2.0793297e+00 -2.3860356e-01 -6.1229110e-01
   7.4278551e-01 -4.1136697e-02]]
Peso 2:
[-0.3407499  -0.7378102  -0.04551862  1.2168796  -0.20538844  0.08842974]
Camada: saida
Peso 1:
[[ 1.4630919  -0.43334302]
 [ 2.37672    -1.7448763 ]
 [-0.13685058 -0.38123748]
 [-1.4922317   1.4545394 ]
 [ 0.89603454 -0.24856147]
 [-0.6323153  -0.23046255]]
Peso 2:
[-1.1643875  1.1643869]



pesos modelo: 
Test loss: 2.5536, Test accuracy: 0.6005
Camada: meio
Peso 1:
[[ 0.28575772 -0.16913864  0.24490362 -0.28686225 -0.46133238 -0.07373101]
 [-0.12507159  0.23353933 -0.05798818 -0.24360713 -0.04337601  0.14956917]
 [ 0.3472012   0.16612782  0.07644075  0.2071686  -0.0965051  -0.04694974]
 [ 0.2295068   0.44129536  0.08894257  0.16708207  0.48138317 -0.2373737 ]
 [-0.06929845  0.2794174  -0.03631601  0.3637072   0.10218044 -0.3276809 ]
 [ 0.36443883  0.21730375  0.29027888 -0.03280579  0.5253536   0.19755244]
 [ 0.49483943  0.19111516  0.24003252 -0.39075992  0.06310287  0.3169456 ]
 [ 0.25818446  0.0375233   0.09539221 -0.3002182  -0.16525458  0.02638268]
 [ 0.17653526  0.11782787  0.13545133 -0.4603497   0.147298    0.0626003 ]
 [ 0.41037336 -0.08806275  0.21068461 -0.4623861  -0.11852053 -0.32032228]
 [ 0.11918611 -0.08256042  0.15176307 -0.1547654  -0.06516975 -0.38121375]
 [ 0.27488765  0.2667354   0.09644622  0.09940951  0.05071674 -0.41904113]
 [ 0.21083109  0.5041468  -0.04924962  0.27180603  0.07914839 -0.15942582]
 [-0.3157374  -0.11056916  1.125853   -0.08592349  0.15809156  0.04678244]
 [-0.24946499  0.34064385  1.0415015   0.08414429 -0.434857   -0.3384148 ]
 [ 0.04747361 -0.50198495  0.07613612 -0.23646192  0.5603335  -0.15814567]
 [ 0.3441456  -0.18701638 -0.12146191 -0.04245628  0.35385272 -0.14787702]
 [-0.5325456   0.16650042  0.8882275   0.34073046 -0.10496499  0.26173323]
 [ 0.40421882  0.0866487  -0.33400115  0.20823233  0.20689654  0.14915843]
 [ 0.6507256  -0.10821785  0.06364698  0.32216454  0.54484785 -0.35497424]
 [ 0.569175   -1.014588   -1.6466079   0.0893679   0.8818017  -0.3257085 ]
 [ 0.37020588 -1.1108052  -1.700345   -0.06440622  0.7942308   0.2905604 ]]
Peso 2:
[-0.10048109  0.99511373  1.6306081  -0.06167521 -0.12128902 -0.18960826]
Camada: saida
Peso 1:
[[ 0.04655137 -1.59786   ]
 [-1.455949    1.0989317 ]
 [-2.3226564   2.3039422 ]
 [ 0.17265317  0.2537948 ]
 [ 0.8519415  -1.0228641 ]
 [ 0.52802867 -0.51503664]]
Peso 2:
[ 0.6648353  -0.66483164]



pesos modelo: 
Test loss: 1.7005, Test accuracy: 0.6581
Camada: meio
Peso 1:
[[ 1.43614769e-01  1.44477189e-02 -1.61447674e-01 -3.85423481e-01
  -1.07577056e-01 -2.59325624e-01]
 [-1.24965988e-01 -9.16616917e-02 -2.35264704e-01  1.11800499e-01
   2.51481146e-01  1.40274033e-01]
 [-9.40736532e-02 -4.64867847e-03 -2.87346840e-01  1.42308846e-01
  -4.09604281e-01 -4.03656512e-01]
 [ 1.40534043e-01  3.13533604e-01  1.71273202e-01  1.04010582e-01
  -3.89300227e-01  1.99951038e-01]
 [ 4.97621894e-02  5.66411614e-01  2.97991455e-01 -1.48534864e-01
   3.67402673e-01 -3.69734228e-01]
 [ 3.77017349e-01  3.66472453e-01 -1.98112682e-01  5.07955730e-01
  -1.72248751e-01  4.15818691e-01]
 [-1.31880865e-01  4.58633393e-01 -1.01801582e-01 -2.53413767e-01
   2.09536791e-01  3.10584903e-01]
 [ 1.86279520e-01  4.53752160e-01  1.94877237e-01  1.67779922e-01
  -2.13143066e-01 -5.42942472e-02]
 [-1.32017713e-02 -3.90436769e-01  2.24033326e-01  2.94530123e-01
  -3.93837929e-01 -3.30231130e-01]
 [ 6.93816468e-02 -1.77563801e-01  1.90937072e-01  3.26642692e-01
  -1.93771780e-01 -1.41526908e-01]
 [-7.98830166e-02 -2.01082721e-01  5.45485988e-02  1.47337019e-01
  -2.65193969e-01  2.95816928e-01]
 [ 7.56810158e-02 -1.03992082e-01 -6.22469187e-02  4.35669899e-01
  -4.30228949e-01 -2.98558682e-01]
 [ 8.25528055e-02 -9.91614014e-02 -5.40282065e-03  4.09533203e-01
  -3.03274095e-01 -3.21329385e-01]
 [-6.44945800e-01  2.84578413e-01 -2.18693197e-01  4.95298058e-01
  -2.45564252e-01 -4.04367894e-01]
 [-5.19862473e-01  2.36986727e-01  3.49782705e-01  8.78074706e-01
   1.76467627e-01 -9.75432768e-02]
 [ 4.40823197e-01  1.17872208e-01 -4.07894403e-01 -8.18482041e-02
  -4.04929549e-01 -1.46678150e-01]
 [ 4.04985905e-01 -5.68487048e-01 -1.79651856e-01  1.87756523e-01
   3.48865211e-01 -4.24820781e-01]
 [-8.73401344e-01  3.70285511e-02 -2.31518477e-01  6.56176686e-01
  -1.35194406e-01 -1.60260230e-01]
 [ 6.83881283e-01  5.67562103e-01  4.91501719e-01 -1.68130293e-01
  -3.88066113e-01  1.22653404e-02]
 [ 4.69562739e-01 -2.41054684e-01  5.08533537e-01  3.13602504e-04
   2.15140164e-01  8.02284852e-02]
 [ 1.90847993e+00 -2.45986328e-01 -5.49733162e-01 -1.14671171e+00
   7.85393566e-02  2.25395411e-01]
 [ 2.01703763e+00 -3.66823465e-01 -4.34108555e-01 -9.53766167e-01
   1.95155531e-01  5.55244610e-02]]
Peso 2:
[-7.3867369e-01  5.3875685e-01  2.5250739e-01  1.0271820e+00
  2.2901634e-02 -7.8051671e-04]
Camada: saida
Peso 1:
[[ 1.9364905  -2.4202971 ]
 [-1.057801    0.6138806 ]
 [-1.1201302  -0.14603738]
 [-1.416577    1.6012847 ]
 [-0.3674164   0.09614938]
 [-0.7851461   0.4257252 ]]
Peso 2:
[-0.4366735  0.4366779]
