


pesos modelo: 
Test loss: 2.3926, Test accuracy: 0.6062
Camada: meio
Peso 1:
[[ 0.0658626  -0.08916432 -0.06153581  0.22530434  0.04918242  0.3523157
   0.25364003 -0.16852492 -0.17382619 -0.08918753]
 [ 0.14284971  0.24213092  0.18030408  0.3036991   0.02346813 -0.20876002
   0.10866489  0.15296143 -0.42227727  0.09090026]
 [ 0.21584448  0.02055174 -0.29879364 -0.39751613 -0.08197144 -0.14923361
  -0.07981822 -0.20565194 -0.33871475 -0.24125376]
 [-0.14985207 -0.10706038 -0.16325812  0.0269819   0.05306623 -0.12278058
   0.40875533  0.15284243 -0.23570195  0.22539246]
 [-0.06711601  0.03700199  0.22342174 -0.37369573 -0.0312548  -0.09950344
   0.20449245  0.40234333  0.2864177  -0.14243738]
 [ 0.34360647  0.35780206 -0.03483004 -0.4042406  -0.06968528 -0.09862962
   0.29800153 -0.3529775   0.12115875 -0.3449411 ]
 [ 0.3659603   0.34342256  0.368878    0.12179478  0.08186151 -0.20562463
  -0.15439664 -0.20361619 -0.32755038  0.44485167]
 [ 0.04059441  0.30941007 -0.19265686 -0.02843523 -0.09545547 -0.08546607
   0.18561271  0.5162957   0.01686052 -0.34876123]
 [ 0.37287304 -0.12156238  0.07204933  0.17443423  0.084796    0.01327745
  -0.11715083 -0.2068202  -0.05768124 -0.20031182]
 [ 0.20156683  0.32200044  0.2660189  -0.06552603  0.01597015  0.20918016
   0.28779835 -0.0501094  -0.32801408 -0.12125845]
 [ 0.09130714 -0.06458545  0.4060583  -0.00358565  0.24422814 -0.33113164
   0.3686961   0.37211895  0.37602735  0.2787526 ]
 [ 0.3033231  -0.20183247  0.39716086 -0.13250726  0.14548473 -0.20586541
   0.08625156  0.08466212 -0.1309747  -0.18123989]
 [ 0.3719288   0.2843319  -0.31181464 -0.35442677 -0.01764513 -0.07759078
  -0.09324256 -0.40453118 -0.33386475  0.12126242]
 [ 0.88734466 -0.2191737   0.24822818  0.23870358 -0.48511192 -0.0085905
   0.07471952  0.5226155  -0.02358545 -0.2734478 ]
 [ 0.7349276  -0.20045596  0.45842358  0.06915759 -0.53655165  0.18380336
   0.46066338  0.15647084  0.21496695  0.20723175]
 [-0.28009892  0.3306505  -0.13113199 -0.44176173  0.38686106  0.03205289
   0.13179557 -0.2228492  -0.03842898  0.27973026]
 [-0.19628744  0.16436623 -0.2955391  -0.43950465  0.49855152 -0.18197417
  -0.01226148  0.57126063 -0.43088058  0.16825391]
 [ 0.53593284 -0.3074313  -0.11105017  0.08431287 -0.81965965  0.08533771
   0.21475843  0.41309276  0.32446945  0.21097508]
 [ 0.12930112 -0.13944656 -0.13767233 -0.15423957  0.68484133 -0.31057417
   0.10642602 -0.17634521 -0.3727255   0.26867047]
 [ 0.19430047  0.2083854  -0.3402532   0.32209083  0.6945432   0.06428079
   0.23590079  0.10540339 -0.12334523  0.08797198]
 [-1.0494055   0.7934345   0.18787159  0.07509767  1.7653861   0.24808136
  -0.45948374  0.02345489  0.17216894 -0.40598702]
 [-1.1555613   0.33559915 -0.16110383  0.10726193  1.7741611  -0.15153283
  -0.3001348  -0.4168929  -0.21807939 -0.35057494]]
Peso 2:
[ 1.00568986e+00 -2.97427654e-01  1.04044624e-01 -1.10041045e-01
 -9.13465261e-01  2.47808464e-04  2.84250826e-01  3.63460422e-01
 -5.24055958e-02  2.79608727e-01]
Camada: saida
Peso 1:
[[-1.3978604   1.6411297 ]
 [ 1.0112531  -0.30748063]
 [-0.16251187  0.2828282 ]
 [ 0.2654087  -0.1630274 ]
 [ 1.6795335  -2.438132  ]
 [ 0.34507257  0.3662483 ]
 [-0.31489012  0.6746869 ]
 [-1.1701105  -0.09742385]
 [ 0.48524702 -0.12641314]
 [-0.4524016   0.7407416 ]]
Peso 2:
[-0.5388655  0.5388663]



pesos modelo: 
Test loss: 2.0544, Test accuracy: 0.6336
Camada: meio
Peso 1:
[[-0.39711097 -0.3113343   0.38345334  0.22944984  0.35256818  0.2420825
   0.19539765  0.12442556  0.34137842 -0.09117889]
 [ 0.26785707  0.5436536  -0.37748814 -0.2860939   0.07547183  0.08650282
   0.37804362  0.2710486  -0.19853458  0.3779756 ]
 [ 0.26658395  0.2912108  -0.04341729 -0.31549126 -0.10214899  0.07135258
  -0.07018395 -0.10514172  0.3197161   0.10786035]
 [ 0.28846827  0.35306883 -0.3999254   0.14625359  0.2022706   0.19149679
  -0.00734935 -0.41277137  0.15813904 -0.39082646]
 [ 0.12189587  0.22669946 -0.21081965  0.3775194  -0.04250761  0.12712805
   0.20550112  0.26642016 -0.06220958 -0.162072  ]
 [-0.29708314 -0.14699605 -0.42526004  0.27001798 -0.00764531 -0.3926246
   0.06278681  0.01501224 -0.2311874   0.49359226]
 [ 0.25940645  0.21023501 -0.24713609  0.14130646  0.3858171  -0.31110904
  -0.04979707  0.29041958 -0.32831553  0.25258583]
 [ 0.07870986  0.18547767 -0.11974633 -0.36722913 -0.3245747  -0.06810167
  -0.05050871 -0.3730084   0.3526903   0.23640528]
 [ 0.1772839   0.25328085  0.07632303 -0.09986827  0.01850899  0.04652065
   0.03840799 -0.32570744 -0.39904281  0.0053169 ]
 [ 0.2293095   0.38279778 -0.4298725   0.18536264  0.18413478 -0.3707862
   0.19366224 -0.42344117 -0.30269557 -0.22326271]
 [ 0.23350157  0.2821952  -0.076955   -0.05170895 -0.2867062   0.14939067
   0.04692592 -0.38323644  0.08373771  0.23953402]
 [ 0.37745845  0.32277223  0.339433   -0.08539595  0.38234198 -0.42194128
  -0.19355148 -0.3686348   0.3460345   0.05170106]
 [ 0.0744299   0.18137628 -0.20903379  0.03408477 -0.11477453  0.36285344
   0.05136761 -0.23597261  0.00338941 -0.34604582]
 [-0.39096388  0.51112014  0.29033768  0.49173948 -0.14061528  0.2746639
  -0.5649494   0.45075318 -0.4386443   0.32058218]
 [-0.48349246  0.8310011   0.03923249  0.39752373 -0.2072571   0.2044875
  -0.49384627 -0.36419415 -0.39946002 -0.39813453]
 [ 0.1461547   0.04704685  0.3122036  -0.09395469  0.14542308  0.16260087
   0.65884346 -0.07717645  0.25226295 -0.35733184]
 [ 0.22731741  0.04703778 -0.06820701  0.4389828  -0.28859246 -0.3114122
   0.83006585 -0.24655111 -0.27280802 -0.15212104]
 [-0.575724    0.8235385   0.25220692 -0.3408558   0.29998884 -0.10055266
  -0.26271635 -0.02527808 -0.1051625   0.05622268]
 [ 0.42024833 -0.27089366 -0.11386234  0.217371    0.05024187  0.03706192
  -0.01057259 -0.3983587   0.3089141   0.01864428]
 [ 0.38825262 -0.21219121 -0.3466619  -0.38630912 -0.02931515  0.23659614
   0.12040729 -0.12270498 -0.27591842  0.3070575 ]
 [ 1.230624   -1.2159514   0.36035126 -0.10435211  0.03225883 -0.35678613
   1.4564589  -0.3143087   0.11936935 -0.3855309 ]
 [ 1.3072146  -1.6516948  -0.1733015  -0.21800433  0.5062472   0.28684032
   0.72483975 -0.0184276   0.20796339 -0.35457435]]
Peso 2:
[-0.7060614   1.3769398  -0.01680746  0.19602713 -0.00916846  0.03733308
 -0.46598908  0.02841945  0.01215724  0.15741268]
Camada: saida
Peso 1:
[[ 1.1906682  -1.68066   ]
 [-1.9719027   1.8791715 ]
 [ 0.4160283   0.2939872 ]
 [-0.24921817  0.6241264 ]
 [ 0.22978687 -0.04826022]
 [-0.48513368 -0.21431653]
 [ 1.3048666  -1.40436   ]
 [-0.58113754  0.20072445]
 [-0.13765699 -0.28160632]
 [-0.8365027  -0.28244135]]
Peso 2:
[-0.43111557  0.43111944]



pesos modelo: 
Test loss: 2.0111, Test accuracy: 0.6235
Camada: meio
Peso 1:
[[-4.08848345e-01 -1.17695540e-01  4.26621407e-01 -3.14533889e-01
  -5.23366332e-02 -2.43424699e-01 -7.13454783e-02  2.88459927e-01
  -4.22660470e-01 -3.84810448e-01]
 [-2.93083377e-02  2.62507975e-01  1.09562345e-01  4.31342065e-01
   1.55118853e-01  3.53292853e-01  1.85279787e-01  1.70790285e-01
   5.21878481e-01 -3.99600379e-02]
 [ 6.85532903e-03  2.14845881e-01  4.04318333e-01 -1.37524933e-01
   1.88980803e-01  3.14939409e-01  4.19305786e-02 -2.46199802e-01
  -1.48326159e-01  4.15081531e-01]
 [ 3.54347676e-01  8.37781876e-02  4.79604723e-03  1.44664690e-01
   2.38763601e-01  3.31160218e-01  1.26532177e-02 -2.09459022e-01
   3.89088750e-01 -9.77661833e-02]
 [ 2.81022280e-01 -2.01883644e-01  4.04868573e-02 -3.30479920e-01
   2.61268169e-01  3.62273678e-02  1.07451856e-01  2.17387378e-01
  -1.22322343e-01  3.00334394e-01]
 [ 1.02865420e-01 -1.43295303e-01 -3.48357588e-01  1.10555120e-01
   2.22352907e-01 -6.00584224e-02  1.22564472e-01 -3.80469143e-01
  -3.09847087e-01  4.23081994e-01]
 [ 1.72850430e-01  1.66937813e-01 -3.47742200e-01  1.91021096e-02
   1.17336407e-01 -5.14661409e-02 -1.53670639e-01  8.30963701e-02
  -1.06629878e-01  3.30406010e-01]
 [-5.37161306e-02 -1.03740379e-01  1.48859307e-01 -3.80533263e-02
   1.86046466e-01  4.17802989e-01  1.65331766e-01 -2.11255267e-01
   1.38650760e-01 -2.22083256e-01]
 [-2.73755074e-01  3.45743448e-01  3.66870880e-01 -3.33200991e-01
   2.68034816e-01  3.38870555e-01  1.78114697e-02  1.92061961e-01
  -2.70132929e-01 -2.78869897e-01]
 [-2.34032840e-01  1.33106396e-01 -3.32677454e-01  1.93085968e-01
  -6.73558388e-04  9.10724923e-02 -2.14265496e-01 -2.03916267e-01
  -2.00986207e-01 -2.60961771e-01]
 [-2.31044903e-01 -2.20190495e-01 -3.95740032e-01 -2.66857296e-01
   4.24179956e-02  4.58619818e-02  2.59069175e-01 -1.24785639e-01
   3.30105275e-02  2.30148807e-01]
 [-1.53491214e-01  1.56549394e-01  1.81279823e-01  3.75181288e-01
   1.10306516e-02  1.42847970e-01 -5.75616509e-02  1.48552939e-01
  -1.17946751e-01  4.41786423e-02]
 [-1.72306895e-02 -3.35350409e-02  3.21747452e-01  4.39014792e-01
  -1.06163025e-02  2.05069885e-01 -1.12941958e-01  3.88489038e-01
   8.69704708e-02 -1.24485850e-01]
 [-4.05272514e-01 -2.43330836e-01 -4.33454886e-02  9.70188007e-02
   8.34193408e-01 -4.21931475e-01 -6.24716878e-01 -3.30583513e-01
   3.32275815e-02 -1.22754097e-01]
 [-4.48892623e-01 -4.76301014e-01 -1.18393265e-01 -1.15987368e-01
   2.25199178e-01 -3.05345207e-01 -3.85833442e-01  6.83082454e-03
   5.45169055e-01  1.63660884e-01]
 [ 5.34230709e-01 -5.94518855e-02 -3.08441697e-03 -3.06458384e-01
   2.63133496e-01 -8.14904124e-02  6.87158108e-01 -3.56544852e-02
   3.17079090e-02 -2.10553985e-02]
 [ 4.89352942e-01  4.83205259e-01 -2.78400481e-01 -6.08593188e-02
   2.26534396e-01 -1.29216835e-01  5.09612679e-01 -3.57201211e-02
  -3.50139052e-01  4.16251212e-01]
 [-5.96662641e-01 -3.24188024e-01 -2.21305981e-01 -9.44968127e-03
   6.61050558e-01  2.22261548e-01 -4.61741984e-01 -9.32383165e-02
   1.86603487e-01 -7.14351535e-02]
 [ 4.11501348e-01  2.14373469e-01  1.48069948e-01  3.65992412e-02
  -3.15908641e-01  3.46531361e-01  6.40644580e-02 -2.15624943e-01
   3.70121568e-01 -8.55882987e-02]
 [ 4.59984750e-01  2.18282998e-01  1.20509475e-01  3.47070396e-02
   1.46854699e-01  1.07401676e-01  6.37911320e-01  8.82809386e-02
   4.37830150e-01 -2.45927230e-01]
 [ 6.95327938e-01  4.12621617e-01 -2.48130038e-01 -3.64118218e-01
  -1.61913133e+00  2.91562974e-01  1.27677202e+00  1.27153173e-01
  -2.69916564e-01 -2.94813097e-01]
 [ 1.13668728e+00  4.63384181e-01 -4.08713669e-01  7.09177703e-02
  -1.30958176e+00  1.78959761e-02  1.17976320e+00  6.04778714e-02
  -4.54523116e-01 -4.57634270e-01]]
Peso 2:
[-0.38101792 -0.20174736  0.07564127  0.08290796  1.156816   -0.02623033
 -0.60715    -0.01771554  0.45603243  0.4208045 ]
Camada: saida
Peso 1:
[[ 1.0417912  -1.224281  ]
 [ 0.96014863 -0.2259799 ]
 [-0.21862237  0.17053089]
 [-0.18961404  0.19553748]
 [-1.7783363   1.824738  ]
 [ 0.64429283  0.4316423 ]
 [ 1.5589774  -1.3432157 ]
 [ 0.08472698 -0.1408425 ]
 [-0.86173797  0.8025304 ]
 [-0.7231655   0.5714771 ]]
Peso 2:
[-0.54676443  0.5467683 ]



pesos modelo: 
Test loss: 2.0094, Test accuracy: 0.6343
Camada: meio
Peso 1:
[[-1.15526527e-01  9.41539109e-02 -1.08140111e-02  2.04602450e-01
   1.25841647e-01 -9.82749760e-02 -4.06903952e-01 -4.10944700e-01
  -2.64397234e-01 -8.59128237e-02]
 [-1.67615294e-01  3.13263804e-01  9.41110551e-02 -3.05707425e-01
  -4.30013612e-02  1.49948463e-01 -2.14171663e-01 -2.43438363e-01
  -1.60394043e-01  1.15747638e-01]
 [ 1.00457549e-01  7.96628296e-02 -5.16141839e-02  3.91744338e-02
   1.15638234e-01  1.90877259e-01  1.63486898e-01 -3.04202020e-01
   2.99039006e-01 -2.27453798e-01]
 [ 3.14349771e-01  3.85828882e-01  1.72765344e-01 -3.74949187e-01
   1.68005988e-01  2.43510187e-01  3.41663241e-01 -2.67768782e-02
   6.31999597e-03  1.17888153e-01]
 [ 2.29198992e-01  4.00060177e-01  4.28051442e-01  1.55689269e-01
   4.07050699e-01 -4.03465539e-01 -1.27089426e-01  2.63512850e-01
   2.45829672e-02  2.44598925e-01]
 [ 8.81778914e-03  1.17368005e-01  2.35953405e-01  2.68049151e-01
  -1.64782241e-01  1.64542552e-02 -3.24153870e-01 -3.73849481e-01
   8.31163675e-02  9.10133570e-02]
 [-6.43182546e-02 -5.17997555e-02  5.35769910e-02 -3.76290590e-01
  -8.87220167e-03 -2.35113710e-01  1.00701444e-01 -3.85329157e-01
   9.18278545e-02 -5.97971939e-02]
 [ 2.67090112e-01 -1.15780376e-01  4.13609922e-01 -2.66376555e-01
   3.17503884e-02 -1.19161941e-01  2.00757444e-01  2.32227847e-01
  -2.80438155e-01  1.44721925e-01]
 [-3.58163863e-02  1.16548780e-02  1.15079693e-01 -1.36178344e-01
   7.37689212e-02 -4.90740910e-02 -3.11442137e-01 -1.05543070e-01
  -2.89479673e-01 -1.08866625e-01]
 [ 2.78428406e-01 -1.55493066e-01  3.36863279e-01  3.71657252e-01
   1.42880917e-01 -1.85411543e-01  4.34325516e-01 -2.00137883e-01
   4.47214767e-02  3.90110277e-02]
 [-1.85770094e-01 -2.29123950e-01  2.69412279e-01  1.92702413e-01
   6.35655746e-02 -2.55672075e-02 -1.89035498e-02  1.92050841e-02
  -3.03452432e-01  7.72303045e-02]
 [ 3.70352328e-01 -3.88305724e-01  3.93150598e-01 -3.92859787e-01
  -2.10511714e-01  2.58122861e-01  1.02851942e-01  3.70613247e-01
   1.27233922e-01  6.65414333e-03]
 [-1.95252616e-02 -3.53378132e-02  4.29594219e-01  2.92468429e-01
   1.87352821e-02 -1.90486878e-01  3.43301862e-01 -3.94602001e-01
  -1.30983487e-01  2.70538539e-01]
 [-1.40115649e-01 -7.79362023e-02  4.50673252e-01  4.69357148e-02
  -4.02555048e-01  1.12522908e-01  5.19868374e-01  4.95772719e-01
  -3.11834991e-01 -7.48907030e-01]
 [-3.08489174e-01  6.62762105e-01  6.69910312e-01 -2.95674384e-01
   1.96967766e-01 -2.14618132e-01  3.53224993e-01  1.66838728e-02
  -3.57315600e-01 -6.00466251e-01]
 [ 2.90606499e-01 -6.24209866e-02  9.40387510e-03 -7.83981010e-02
   2.71139890e-01  1.36387110e-01 -4.13069576e-01 -3.67693529e-02
   2.37677857e-01  4.63149577e-01]
 [ 5.75718544e-02  5.32554567e-01 -3.71642619e-01 -1.77673772e-01
   4.25313801e-01  4.60133970e-01 -4.19495791e-01 -2.11992785e-01
   2.43874326e-01  2.10394636e-01]
 [-2.40526244e-01  7.99179375e-01  4.32877123e-01 -8.85706991e-02
   3.27868648e-02 -1.62077680e-01 -3.10765579e-02 -3.53741378e-01
   1.00380054e-03 -5.86289525e-01]
 [-3.97051275e-02 -1.96489558e-01 -1.41677201e-01 -3.66177738e-01
  -2.09315158e-02  1.80566162e-01  2.76024686e-03  2.93752611e-01
  -1.59084186e-01  4.57706958e-01]
 [ 5.22414386e-01  3.92722376e-02  2.83664256e-01  3.07146102e-01
  -6.33328333e-02  1.69585273e-01  1.34222850e-01  4.31125224e-01
  -3.53003830e-01  6.56099260e-01]
 [ 4.08737093e-01 -4.51016098e-01 -1.29230511e+00  4.10413682e-01
   7.13642180e-01 -1.83971196e-01  7.56593123e-02 -2.88048416e-01
  -3.64754379e-01  1.64342475e+00]
 [ 8.33138287e-01 -4.80383754e-01 -1.34226310e+00 -9.96665806e-02
   7.22991705e-01 -3.42793494e-01  8.47867578e-02  1.33734614e-01
  -2.21053317e-01  1.47386682e+00]]
Peso 2:
[-0.2806876   0.6001556   1.0787462  -0.01455184 -0.17239134 -0.00756121
  0.19482179  0.1042737  -0.02953676 -0.6598756 ]
Camada: saida
Peso 1:
[[ 0.5672349  -0.6713618 ]
 [-0.9918861   0.7154156 ]
 [-1.9958172   1.2510257 ]
 [ 0.33497387  0.2203668 ]
 [ 0.35900915 -0.8665481 ]
 [ 0.48526585  0.6145111 ]
 [-0.85558283 -0.12780072]
 [-0.49029633  0.22741078]
 [ 0.26557255  0.2801036 ]
 [ 1.7392578  -1.9467206 ]]
Peso 2:
[-0.49125734  0.49126157]



pesos modelo: 
Test loss: 1.8645, Test accuracy: 0.6463
Camada: meio
Peso 1:
[[ 0.1761308   0.24117997  0.16647223 -0.15809804 -0.33507282 -0.36950123
   0.02118048 -0.28396243  0.2076836  -0.21072717]
 [ 0.26944378  0.11052821 -0.3764472   0.01327344  0.15413052  0.27398694
  -0.32899088 -0.07394354  0.00998485  0.2797051 ]
 [ 0.3354556   0.3125277  -0.12060706  0.41343194 -0.30794808  0.21476768
   0.2422436   0.10672904 -0.07889097  0.24082683]
 [-0.1626738  -0.02172879 -0.3761646   0.16064672  0.07356005  0.42939726
   0.04764177  0.3360697  -0.03535197 -0.36073825]
 [-0.17855947 -0.09459569 -0.04238828 -0.21498601 -0.15140912  0.24112327
  -0.37591794  0.1404144  -0.01039782 -0.00693302]
 [-0.01041438  0.53516275  0.33826444  0.24302931 -0.06275672 -0.2931549
  -0.41275278  0.2098014   0.23337606  0.2483928 ]
 [ 0.28069046  0.22436778  0.24478094  0.07313712 -0.27259856 -0.06986987
  -0.40040964  0.17388332 -0.04593678  0.30119377]
 [-0.11428542  0.552646   -0.0306866   0.3004623   0.28462178 -0.2877267
   0.07272657  0.13913366  0.18603432 -0.07599901]
 [ 0.06837197  0.09477339 -0.20135576 -0.19070393 -0.16306365 -0.13897815
  -0.2604664  -0.32913694 -0.00508562  0.22297908]
 [-0.36949512  0.28644145 -0.29981628  0.00724495  0.4312689  -0.18090096
   0.01817686  0.02323017  0.18370862  0.05024342]
 [-0.42521635  0.27873832  0.15692662 -0.13891986  0.19879113 -0.11938965
  -0.2591194  -0.1211338   0.32847136 -0.16070713]
 [-0.02666236  0.14445229  0.0830145   0.08691858  0.29665706 -0.02979976
  -0.20289515 -0.04676016 -0.03407221 -0.20150524]
 [-0.34318984  0.02897192 -0.13960928 -0.11955739 -0.03985581 -0.027945
   0.3831968  -0.29463413 -0.11799388  0.2318042 ]
 [ 0.08353007  0.37685233  0.25494066 -0.5881803  -0.14025113  0.6793675
   0.09913569  0.47175816 -0.2613865  -0.32717562]
 [-0.28862968  0.7705619  -0.3261966  -0.16929556  0.47276753  0.469781
  -0.23426567 -0.01307098 -0.5088347  -0.32751793]
 [-0.15511551  0.06938559  0.14603369  0.5293471   0.15066451  0.27291065
  -0.41697463 -0.3268067   0.34507623 -0.21252638]
 [-0.24406314  0.15274057 -0.3269619   0.57341355 -0.38184547  0.21271081
  -0.0925282   0.11940555  0.41067398  0.26259688]
 [-0.03410035  0.87388355 -0.09164336 -0.22070812 -0.16714422 -0.23092318
   0.24393009  0.17614467 -0.5720086   0.08482665]
 [-0.09765097 -0.31111443 -0.39291337  0.08134566 -0.18657456 -0.37483433
  -0.13607047  0.20026244  0.19800144 -0.11829831]
 [ 0.24494925  0.07049813 -0.09214944  0.37303486  0.13162217  0.14201558
  -0.12224526  0.34601018  0.54377574  0.41850397]
 [ 0.24513902 -1.3778137  -0.3515639   1.3994547   0.04286742 -0.08659735
  -0.0420962  -0.44946113  1.0834283   0.43340325]
 [-0.0729934  -1.2798712   0.12199347  1.281305   -0.19955352 -0.28681868
   0.40667525 -0.15375839  1.4217484  -0.1782343 ]]
Peso 2:
[-0.04871382  1.1785789  -0.02418881 -0.49897826  0.1876328   0.23001164
 -0.03276195  0.29823917 -0.6376314  -0.07995291]
Camada: saida
Peso 1:
[[-0.32771814  0.09145755]
 [-1.7979428   1.6446685 ]
 [ 0.23214042 -0.01826561]
 [ 1.4278338  -1.477831  ]
 [-0.7481507   0.10973582]
 [-0.27513272  0.8270752 ]
 [ 0.43933177 -0.12344754]
 [-0.09061692  0.91528493]
 [ 0.96712005 -1.8916823 ]
 [-0.13321346 -0.6455311 ]]
Peso 2:
[-0.46432856  0.46433076]



pesos modelo: 
Test loss: 1.9989, Test accuracy: 0.6389
Camada: meio
Peso 1:
[[ 0.23716637 -0.1574871   0.013071   -0.39452526 -0.33238357 -0.26066643
  -0.21734175  0.28338555  0.03169662  0.087136  ]
 [ 0.0608141  -0.28673452  0.3878918   0.09429919 -0.38333204  0.43396932
  -0.1505304  -0.01975879  0.39443266  0.22773498]
 [ 0.09596292 -0.13834743 -0.3359814   0.37404636  0.3916635   0.20925726
   0.2799784  -0.22430986 -0.32597652  0.12976341]
 [-0.04047386  0.17713508  0.09437668 -0.07682119  0.324101   -0.27106714
   0.02401472  0.21762443  0.2319246   0.10445999]
 [ 0.07741567 -0.37778184 -0.08418094  0.29526728 -0.32512447 -0.35422057
  -0.20964375  0.05943033  0.31691357 -0.2530768 ]
 [-0.02187671 -0.4010648  -0.23182993  0.34183437 -0.07297657  0.22152446
   0.15376337 -0.1368749  -0.13700359  0.07028463]
 [ 0.28757736 -0.20083904 -0.28125098  0.29729053 -0.04185319  0.39367276
   0.07100559  0.30142418 -0.3908746  -0.40060222]
 [ 0.15264352  0.03845085  0.2874943   0.36105448  0.01444634  0.4230146
   0.01833898 -0.15659614  0.23110676  0.24872646]
 [ 0.07645122 -0.3836929   0.27391574  0.08644722  0.16127224  0.2639235
   0.30693427  0.35137787 -0.15036272  0.1405908 ]
 [-0.02637194  0.01547562 -0.11138965  0.24290153  0.24946925 -0.1397208
  -0.08985213 -0.34411547  0.21202287 -0.4218412 ]
 [ 0.33197933  0.36667654  0.1445829   0.38691202 -0.04019959  0.33399197
   0.2624057   0.30172077  0.08602612  0.31376234]
 [ 0.0406854   0.203289   -0.30940422 -0.23625253  0.35135752  0.25268704
   0.0247006   0.23916252  0.03896283  0.11430111]
 [ 0.18120383  0.10737858  0.02739496  0.39998776  0.10011296  0.30592006
   0.21221639 -0.13308199  0.1654103  -0.06694689]
 [-0.77054167 -0.07753322 -0.08324377  0.76590014 -0.28603888  0.5432391
  -0.25860056 -0.00589189  0.04589666 -0.41398326]
 [-0.43656993 -0.24585132  0.02498578  0.45469582  0.63485706 -0.14535317
  -0.02007215  0.8434173   0.34039816 -0.34367844]
 [ 0.6747452  -0.21188717 -0.21069509 -0.31168854  0.44519064 -0.14789993
  -0.06660713  0.2973921   0.14075367 -0.29816866]
 [ 0.43735802  0.19371141  0.03165183 -0.15550615 -0.4350466  -0.20692898
   0.06738233  0.3083352  -0.25613457  0.05675938]
 [-0.6688616   0.32379138  0.02047459  0.44433066 -0.02903576  0.0294289
  -0.03631084  0.673966    0.08202075  0.12567677]
 [ 0.4381366  -0.13903235  0.04786523  0.09416773 -0.048598    0.20753078
   0.36704415 -0.19756445 -0.22704601  0.40984252]
 [ 0.31330436 -0.30574563  0.35309747 -0.09299681  0.01435775 -0.355367
   0.49078918  0.05213222  0.2566458  -0.09942421]
 [ 1.3473312  -0.14030735 -0.14943182 -1.1623107  -0.19369411 -0.69726956
   0.7185566  -0.81943625 -0.4526907  -0.19316785]
 [ 1.6551012   0.08062921  0.5747199  -0.79053277 -0.50907576 -0.21459667
   0.8993712  -0.7685228  -0.09621307 -0.31990844]]
Peso 2:
[-0.7498995  -0.08486157 -0.02732034  0.923697    0.2819668   0.38208908
 -0.22876781  0.72596914  0.24805649  0.03517418]
Camada: saida
Peso 1:
[[ 1.8601028  -1.8530169 ]
 [ 0.07877076 -0.43411705]
 [ 0.306295   -0.04988885]
 [-1.5654483   1.2678909 ]
 [-0.3714106   0.7141932 ]
 [-0.56509304  0.61846983]
 [ 0.28203046 -1.257897  ]
 [-1.1014622   1.2190143 ]
 [-0.03384273  0.76003665]
 [-0.473886   -0.19464104]]
Peso 2:
[-0.24542454  0.24542557]



pesos modelo: 
Test loss: 1.8282, Test accuracy: 0.6455
Camada: meio
Peso 1:
[[-0.09261981 -0.04841834 -0.26577342 -0.1485132   0.26979133  0.31084755
  -0.05193567 -0.22005464  0.3444449  -0.11890417]
 [-0.0095801  -0.2116324   0.3025007   0.33764955 -0.24740209 -0.22562495
  -0.09889811 -0.24663398  0.20183334  0.15378943]
 [-0.31493846 -0.1836484   0.00603852 -0.17533     0.35832223  0.18079865
   0.3600573  -0.3600943  -0.08653113 -0.11665404]
 [ 0.15616558  0.18431547  0.12122993  0.38828677  0.02097837 -0.23223302
  -0.08715995 -0.23722363  0.02021174  0.07372431]
 [-0.4162432   0.1973527   0.16918467  0.23552872  0.28321332  0.19116263
   0.12364954 -0.34187958  0.16089275  0.13194777]
 [-0.39942726 -0.1534744  -0.13254982  0.22051986  0.18149456  0.21006054
  -0.153299    0.14504814  0.10414542 -0.15914375]
 [-0.36052042  0.3256051  -0.08693706 -0.1502928   0.5235962  -0.29867902
  -0.29460272 -0.3800229   0.35438466  0.279422  ]
 [ 0.32797596  0.38095984  0.01425776  0.18052134  0.4155861   0.28744897
  -0.11343817 -0.42286733  0.38706544  0.08407476]
 [-0.19027285  0.35335058  0.00363835 -0.06802489 -0.22128159 -0.31089613
   0.14103575 -0.17152311  0.32086062 -0.01374716]
 [ 0.17313907  0.26373735  0.2094129  -0.4203845   0.29347545  0.07545984
  -0.01666804  0.2695087  -0.35106695 -0.02395201]
 [-0.01860045  0.1580613   0.05707105 -0.18987282  0.396359    0.19594991
  -0.26432005  0.1703768   0.39136812  0.15479803]
 [-0.07696646 -0.2107458   0.3564367  -0.29834005  0.01072342  0.2181154
  -0.12834206  0.09874903  0.06944438  0.01889173]
 [-0.02149921  0.06404017 -0.22609468  0.14177737  0.37268662  0.13488153
   0.4156554   0.30490407 -0.1263992  -0.18705587]
 [ 0.36886865  0.12073153  0.2556001   0.09673166  0.06281763 -0.20933488
  -0.22439592  0.2228585   0.11206782 -0.7599983 ]
 [-0.30347842 -0.3291616   0.65333927 -0.34510574  0.14945017 -0.23949547
  -0.02087501  0.34991845  0.42558035 -0.68830854]
 [-0.18036039 -0.31312773  0.07363725  0.18173736 -0.15766315  0.37292382
   0.07951374 -0.3690959   0.42205444  0.5396797 ]
 [ 0.19382437 -0.06949817  0.4121096   0.31466234 -0.15257159  0.04698622
   0.25580874  0.27275413 -0.55782074  0.56899196]
 [ 0.14768061  0.23403354  0.51236224  0.31160793  0.21996419 -0.12395345
  -0.21772408  0.05541092  0.09748106 -0.6914699 ]
 [-0.03882139 -0.3510835   0.10158905 -0.2785607   0.40508145  0.35097113
  -0.1319462   0.12030949  0.1620347   0.6748448 ]
 [ 0.13468693 -0.01643309  0.22223614  0.20438237 -0.3783119   0.36976346
   0.00924416  0.3086758  -0.46400386  0.3516935 ]
 [ 0.22347279  0.05842369 -1.2009604  -0.5279748  -0.8023584   0.77029014
   0.23627631  0.02335563 -0.16572995  1.5502658 ]
 [-0.02330414 -0.01889245 -0.90165937 -0.04557351 -0.7407575   0.59482706
   0.30361354  0.38473985 -0.5028045   1.8055615 ]]
Peso 2:
[-0.0291139   0.09153917  0.8346943   0.19472085  0.621926   -0.3599792
 -0.00150692 -0.02017081  0.4223913  -0.7128178 ]
Camada: saida
Peso 1:
[[ 0.129839    0.12486038]
 [ 0.01501255  0.42585573]
 [-1.668228    0.9530061 ]
 [ 0.03162917  0.76224536]
 [-0.68299407  1.1496383 ]
 [ 0.57776237 -0.9968513 ]
 [ 0.23234546 -0.01010684]
 [-0.25401264 -0.203146  ]
 [-0.9627692   0.37710217]
 [ 2.1562855  -1.8523779 ]]
Peso 2:
[-0.67218775  0.672188  ]



pesos modelo: 
Test loss: 2.2641, Test accuracy: 0.6074
Camada: meio
Peso 1:
[[ 0.17224553 -0.40262553  0.3974724   0.38410482 -0.0157429  -0.22875835
  -0.30357245  0.4190342   0.17991099 -0.030213  ]
 [ 0.3549886   0.31901163  0.18025981  0.30459362  0.54201853  0.12665747
  -0.09499611  0.04124885 -0.06688304  0.35593656]
 [ 0.3552069   0.3719298  -0.1316813  -0.17992657  0.12387842 -0.0547177
   0.00680557  0.34391737  0.14157598  0.12580857]
 [ 0.29209334 -0.1861831   0.16561076 -0.01107831  0.1558997   0.04339391
  -0.4148938   0.4173665  -0.41323283  0.04808405]
 [-0.32196212 -0.17022718  0.25114256 -0.42761448  0.380196   -0.17717266
  -0.24524142  0.29994133 -0.00339144  0.23867795]
 [ 0.42773423 -0.32398316  0.01012872  0.18622646  0.35758767  0.4301306
   0.09245316  0.18396264 -0.28513092  0.21400149]
 [-0.22491911  0.14900945 -0.23542143 -0.0939658   0.11157518  0.0425126
  -0.4143982   0.11268958  0.03399149 -0.07173091]
 [ 0.26447588 -0.11353502 -0.148537   -0.42706966 -0.04069613  0.22994621
   0.22419609  0.05592064  0.04184851 -0.08735266]
 [-0.16200864  0.28372255  0.06767996 -0.07234534  0.39370885 -0.00306727
  -0.3347315   0.00923528  0.15941273  0.09460284]
 [ 0.2121243   0.11620009  0.21180768 -0.3106319  -0.01992368 -0.2670444
  -0.19329116  0.34181795 -0.14569637  0.03269201]
 [ 0.06630534 -0.17283428 -0.13062382  0.25830746  0.21135063  0.07595985
   0.40211564  0.13746008 -0.21636651  0.16876727]
 [-0.00969301  0.42850757 -0.18654144  0.19494723  0.39660195 -0.09003134
   0.19690181 -0.18925141  0.2251199   0.25359055]
 [ 0.21192993  0.0254031   0.14495285 -0.08981221  0.18253852  0.4307079
  -0.13169284  0.23825294  0.2683895  -0.08581528]
 [-0.14214133  0.18349957 -0.16268551 -0.3430885   0.5735759  -0.24947716
  -0.01502872 -0.37627125 -0.23998903 -0.91498053]
 [-0.01436568  0.03184886  0.10914969 -0.40414703  0.38424993 -0.23053595
  -0.08112098  0.21369667 -0.18114485 -0.89970857]
 [ 0.16507615  0.3352215   0.42990842 -0.00990904  0.17411418  0.10720202
   0.24035949  0.2788481  -0.09758821  0.6666215 ]
 [-0.25567114  0.24361724  0.0197986   0.26635396 -0.11071655 -0.06118294
   0.21726073 -0.20399587 -0.21562117  0.4373443 ]
 [ 0.52837884  0.08497941  0.16437382  0.16604961  0.88093925 -0.25094822
   0.15510553 -0.20895934 -0.256399   -0.465498  ]
 [ 0.02976768  0.04153749  0.06423368 -0.3009945  -0.38406578  0.3260336
  -0.10876428 -0.12327963 -0.1968887   0.17026588]
 [-0.05770756 -0.21126416  0.34976384  0.29870176  0.2474587   0.47761753
  -0.10074611 -0.32738465  0.1313666   0.60754776]
 [-0.5838415   0.35803124  0.40739214 -0.00193575 -1.1356632   0.858182
  -0.03474463  0.05784993 -0.30243286  1.5185523 ]
 [-0.3977476   0.4520109   0.36519822  0.28349307 -1.446812    0.5239926
   0.02728878  0.14871661 -0.24481773  1.4522344 ]]
Peso 2:
[ 0.47326902 -0.09850525 -0.16015333 -0.04648815  1.2663188  -0.23958126
  0.08031335  0.04271407 -0.05585755 -0.89027137]
Camada: saida
Peso 1:
[[-0.55147254  0.6842208 ]
 [ 0.3359803  -0.25056896]
 [-0.17185988 -0.83388895]
 [ 0.16230465  0.2474333 ]
 [-1.763583    1.6514289 ]
 [ 0.61950713 -1.1092114 ]
 [-0.38156953  0.25006032]
 [-0.33560264 -0.26819083]
 [ 0.06310283 -0.13538837]
 [ 1.6594015  -2.144545  ]]
Peso 2:
[-0.65182793  0.6518291 ]



pesos modelo: 
Test loss: 2.3804, Test accuracy: 0.6027
Camada: meio
Peso 1:
[[ 0.21793142  0.12424901 -0.03654933  0.02583671  0.06346244  0.35830936
   0.2793421  -0.2563674   0.18969175 -0.13969532]
 [ 0.27957463 -0.4262827   0.06293566  0.12358604  0.11891025 -0.1667617
  -0.17841078 -0.34224448 -0.3792855  -0.16986284]
 [ 0.2691861  -0.23185831  0.00518031 -0.17057015  0.08010223 -0.29990104
   0.00916268  0.2316676   0.49628192  0.04375282]
 [ 0.3401435   0.09812807 -0.3447757  -0.04599489  0.15445714  0.01186343
   0.04267974 -0.26747096  0.4601864  -0.23793322]
 [ 0.10970785 -0.40289304  0.00648926  0.25203875 -0.06629632  0.32305703
  -0.15035947  0.29683095 -0.08879203  0.4371757 ]
 [ 0.3831285  -0.01784073 -0.29238907 -0.20059277  0.07526356 -0.08357971
   0.25120547  0.37823826 -0.07809059 -0.10325297]
 [ 0.10543811 -0.21014404  0.36454508  0.11256876 -0.02862805  0.35069975
  -0.31297162 -0.2742106  -0.18860029 -0.3160062 ]
 [ 0.11905918  0.06720713  0.3436708   0.2393997  -0.01274844 -0.32776445
   0.13672596  0.14549488  0.11030602 -0.06881078]
 [ 0.19915944 -0.12138691 -0.34818318 -0.17381333 -0.05902667  0.14568031
  -0.37066102  0.13638245  0.03947927  0.4153931 ]
 [ 0.06448223 -0.11668342 -0.4344682  -0.06264868 -0.02824956  0.39859125
  -0.43146464 -0.29585472 -0.20245948 -0.20430928]
 [ 0.07486661  0.3101981  -0.20860684 -0.34274536 -0.04708764  0.07801414
  -0.4283096  -0.2317878  -0.11221389  0.09954489]
 [ 0.3659021  -0.07854142  0.1182666  -0.3989642   0.11393131  0.15294506
  -0.19870676  0.3215886   0.3968125  -0.2679007 ]
 [ 0.3154485  -0.3629694   0.13861354 -0.26949716  0.07797596  0.00428665
   0.03554451  0.19887185  0.12543085 -0.04368207]
 [ 0.52876925  0.043778   -0.32532078 -0.03710591 -0.9307883  -0.25170785
  -0.11800544  0.15067223 -0.38566867 -0.24817023]
 [ 0.5860793   0.16140106  0.02185941  0.35442826 -0.82484007 -0.00283729
   0.02807735 -0.11761203  0.1202818  -0.15950333]
 [ 0.14301358  0.01950447  0.21381822 -0.13335715  0.5513351  -0.3901777
   0.01771816  0.46403295  0.27709496  0.13635932]
 [ 0.2155915   0.08464422  0.17638198 -0.26869425  0.6817853  -0.09039759
   0.11893813  0.24394822 -0.29675815 -0.43310305]
 [ 0.8770119   0.02503438  0.23292227  0.05203555 -0.63766843 -0.3330214
  -0.25064415 -0.0663223  -0.09466445 -0.34724468]
 [-0.00606254  0.20478816  0.2170908  -0.33980054  0.5350317   0.05826246
   0.08997844  0.10511644 -0.35089672  0.00513374]
 [-0.15699695  0.37621608  0.2355999  -0.29407007  0.43003023 -0.2973751
  -0.3458119  -0.01379765  0.26300398 -0.23732126]
 [-1.0232857  -0.3853317   0.26353472  0.36911485  1.957915   -0.25046104
   0.27436918  0.270141   -0.45239893  0.10139371]
 [-0.9850448   0.21743105 -0.18805057  0.42319906  1.9499182  -0.18267967
  -0.28166896  0.49052158 -0.40255105  0.32551506]]
Peso 2:
[ 1.0996310e+00 -6.4834148e-02 -2.8813984e-02 -3.1016508e-02
 -9.3616664e-01  7.3394971e-03  4.7131261e-04 -1.5871528e-01
  1.7989995e-01  3.3126276e-02]
Camada: saida
Peso 1:
[[-1.4266803   1.5404584 ]
 [-0.08366892 -0.18094745]
 [ 0.43134272  0.47491178]
 [ 0.6426289   0.3779285 ]
 [ 2.3653157  -2.1852648 ]
 [-0.1630438  -0.03041383]
 [ 0.49958137  0.5394021 ]
 [ 0.01924496 -0.65239745]
 [-0.74115443 -0.13094975]
 [-0.50756997 -0.0742503 ]]
Peso 2:
[-0.83721983  0.8372256 ]



pesos modelo: 
Test loss: 1.8434, Test accuracy: 0.6454
Camada: meio
Peso 1:
[[-0.01630288 -0.25442833 -0.38463452 -0.34086737  0.20703092 -0.39040843
   0.1554474   0.06171831  0.03654212 -0.34527606]
 [ 0.1241837  -0.1436725   0.10498226  0.20882481  0.23623796  0.25654894
  -0.10889519 -0.25632927 -0.29924002 -0.08433741]
 [-0.10885516 -0.22670722 -0.0972982  -0.181196   -0.23366821  0.47824013
   0.01003782 -0.1002057  -0.1865182  -0.23265097]
 [ 0.21189538  0.02666807  0.21479598  0.14295813 -0.39075568  0.29150358
  -0.04050754  0.38547176  0.25260168 -0.14841433]
 [ 0.17038663  0.43866107  0.3576937   0.27141964  0.42907822 -0.10589433
   0.13133383 -0.16739006  0.24597898  0.4077585 ]
 [ 0.21420112  0.13471067  0.17395695 -0.24278133 -0.3356071  -0.12932725
   0.4060981  -0.24855848 -0.02409694 -0.13545127]
 [ 0.03084215 -0.12965558  0.31890437 -0.08079331 -0.34260607 -0.2908723
   0.06368879  0.28175372 -0.06011586  0.04060766]
 [-0.07538637  0.35467222  0.26127657 -0.2001338  -0.08208415  0.09393048
  -0.1450363  -0.20421924  0.3106296   0.36717528]
 [-0.123689   -0.18459988 -0.13840757 -0.15194927  0.23301741 -0.26565653
  -0.2591139   0.39942825 -0.30913293 -0.28218898]
 [ 0.09443303  0.02498777 -0.13034712  0.4129655   0.33601797  0.00284835
   0.43288437  0.40513346  0.2976011  -0.19370033]
 [ 0.22826594  0.14313902  0.17217077 -0.1662957   0.42042732 -0.24074116
   0.00470111 -0.1353372  -0.03302534 -0.16410266]
 [ 0.05362698  0.17703962  0.0931615  -0.37251306 -0.12023934 -0.19328147
   0.4181525  -0.11782824  0.3646399   0.04866474]
 [-0.1983874   0.09215643 -0.06147191  0.30075976  0.3141553   0.04723471
   0.10357963  0.44192758 -0.30348584  0.34566957]
 [-0.39694223  0.38497746  0.59541196  0.30777082  0.28948578  0.2134813
   0.11753682 -0.1895477   0.22283956 -0.3843967 ]
 [-0.66625243  0.5423311   0.4351027   0.08945949 -0.23279722 -0.31633645
   0.07299293  0.3304105  -0.44044054 -0.14570399]
 [ 0.63271683  0.4008358   0.07560004  0.21101405 -0.17324851 -0.042616
  -0.28407833  0.28432155 -0.08795322  0.4107688 ]
 [ 0.32643673 -0.2242257  -0.03430859  0.39380634 -0.10746851  0.54724085
   0.2766417  -0.27247873 -0.26034403  0.5743806 ]
 [-0.46669632 -0.08488871  0.92824936  0.312898   -0.27542874 -0.2606379
  -0.14781305  0.52147835 -0.00908551 -0.42880177]
 [ 0.3123058  -0.20403707  0.20050435 -0.17735346  0.40196997 -0.46257904
  -0.15669934 -0.33367553  0.02421921  0.47943434]
 [ 0.6180932   0.02290851  0.08311506 -0.20092061 -0.3312188   0.02333839
   0.30772623 -0.34541407  0.49961063  0.22214001]
 [ 1.3051213  -0.3447508  -1.3892783   0.33446896 -0.373945   -0.19162123
  -0.47421533  0.2271286   0.37719932  0.9166678 ]
 [ 1.2334254  -0.48277658 -1.2808038   0.09481803 -0.02125355 -0.11297911
  -0.46744555 -0.05867791  0.5024537   1.1195792 ]]
Peso 2:
[-0.753184    0.50498676  1.1375525  -0.00375092  0.24515821  0.20198202
  0.26394704  0.18198009  0.03198919 -0.37235475]
Camada: saida
Peso 1:
[[ 1.7177559  -1.5647494 ]
 [-0.8072929   0.6455278 ]
 [-1.522614    1.844959  ]
 [-0.15004623 -0.1171951 ]
 [-0.04908619  0.8493174 ]
 [-0.40117055  0.6957819 ]
 [ 0.06764441  1.0326526 ]
 [-0.3601915   0.29534414]
 [ 0.08514176 -0.38480034]
 [ 1.2941338  -1.0550448 ]]
Peso 2:
[-0.4854435   0.48544645]



pesos modelo: 
Test loss: 2.5381, Test accuracy: 0.5955
Camada: meio
Peso 1:
[[ 1.23670489e-01 -4.20852244e-01  1.74309343e-01  3.62508565e-01
   3.34297925e-01  3.85729045e-01 -3.03401172e-01 -3.47502232e-02
   3.11192781e-01 -3.57749939e-01]
 [ 2.30804548e-01 -2.87330061e-01  1.89507395e-01  3.14000845e-01
  -1.57601252e-01 -1.08375832e-01  5.40311523e-02 -3.04360688e-01
  -2.51923084e-01 -4.64273021e-02]
 [-1.05274133e-01  4.16363925e-01  1.43825844e-01 -2.18516111e-01
   1.52934074e-01 -1.31854042e-01  7.07790777e-02 -2.63091475e-01
   3.69935513e-01  2.61890501e-01]
 [ 3.09207678e-01  4.21319813e-01  2.96793436e-03  1.37552097e-01
   1.88698858e-01 -2.71706909e-01  1.64463028e-01  6.08089492e-02
   1.75482064e-01  1.64791241e-01]
 [ 2.56225653e-02  1.12208454e-02 -6.01835288e-02  3.83348554e-01
   3.37522864e-01 -6.81714118e-02  1.90736160e-01  1.44865364e-01
   3.82229269e-01 -2.89654642e-01]
 [ 2.70786166e-01 -2.06877708e-01  3.57058048e-01  3.13730329e-01
   1.81543991e-01  2.63917387e-01  3.33961338e-01  7.64226466e-02
  -2.90687770e-01  1.95482314e-01]
 [-1.74103603e-01 -3.08260113e-01  3.48487586e-01 -2.05901489e-01
   4.52107191e-03  2.68170118e-01 -6.37876987e-02  4.23549209e-03
  -5.22200353e-02  3.33827943e-01]
 [-3.29299092e-01 -2.82363534e-01 -2.74417847e-01 -3.35814297e-01
   3.74947898e-02  1.07599244e-01 -3.12368751e-01 -2.46788487e-01
  -2.08290055e-01  3.97421330e-01]
 [ 3.79930556e-01 -6.06784597e-02 -2.29925662e-01  1.64764762e-01
   3.70829433e-01 -7.14879632e-02 -1.16823487e-01  3.62498946e-02
   3.81600171e-01 -4.00541782e-01]
 [ 2.47521371e-01  4.33039904e-01 -2.05877438e-01 -9.84400436e-02
   5.39549053e-01  5.97616620e-02 -6.00968115e-02 -2.38914066e-03
   2.86865532e-01  3.50270033e-01]
 [ 1.59291118e-01 -1.81363717e-01  1.35486405e-02  3.91367190e-02
   5.20287633e-01  2.31117129e-01  2.73682326e-01 -3.48734945e-01
   2.19353512e-01 -1.04720965e-01]
 [ 3.95120054e-01 -2.15676352e-01  1.25815690e-01 -1.57330662e-01
   3.46967250e-01  1.02735482e-01  1.98927358e-01 -3.51414829e-01
   1.40180498e-01  2.26830542e-01]
 [-1.14900820e-01 -3.49352866e-01  4.11590725e-01  2.30999321e-01
   3.84244204e-01  3.80731910e-01  3.53212446e-01 -3.34532037e-02
   2.75200516e-01 -3.76542300e-01]
 [ 2.35335261e-01 -1.91504434e-01  5.89231968e-01  2.75824338e-01
   9.72645700e-01 -3.55403334e-01  1.57906368e-01 -1.85484663e-01
   1.77849993e-01  2.21021459e-01]
 [-2.37788975e-01 -1.52924538e-01  5.91304719e-01 -3.50208819e-01
   7.83956528e-01 -5.24472833e-01 -3.85762870e-01 -2.77781010e-01
  -1.06356204e-01  1.90441623e-01]
 [ 2.85717756e-01  3.13451469e-01 -3.34558845e-01 -4.40537393e-01
   7.86890090e-02  3.91523957e-01  2.04120949e-01 -9.97578949e-02
   1.64555565e-01 -1.27499208e-01]
 [ 3.06201905e-01  1.94227651e-01  2.37969339e-01 -2.73465544e-01
  -3.35630625e-01  3.89534861e-01  1.53988644e-01  3.07296485e-01
  -1.03517182e-01  1.17121346e-01]
 [-1.14221841e-01  2.36561954e-01  3.77516657e-01 -2.82685041e-01
   3.46533835e-01 -7.01268852e-01 -3.45841616e-01  1.26400515e-01
  -4.77892607e-01 -4.16928321e-01]
 [-3.04039195e-02  3.79171610e-01  5.34436107e-01 -1.61462769e-01
  -2.59296089e-01  4.38066602e-01  3.69486958e-01 -1.01127930e-01
   4.28416938e-01  7.36234859e-02]
 [-8.69019423e-03  2.64586844e-02 -1.08350970e-01 -1.82619587e-01
  -2.30133921e-01  2.85189152e-01  1.31137331e-03 -2.60667354e-01
   2.81566381e-01  5.41175269e-02]
 [ 2.70402491e-01  5.99166989e-01 -6.34322047e-01  1.71625584e-01
  -9.24465597e-01  1.31441259e+00  1.05530167e+00  2.60045379e-01
   8.94510984e-01  5.43528736e-01]
 [ 6.87019944e-01  9.32809114e-02 -8.62915754e-01 -2.63556570e-01
  -1.16699517e+00  1.08983052e+00  8.35544288e-01  1.60023630e-01
   7.07623959e-01 -3.27510536e-01]]
Peso 2:
[-0.20043743 -0.01362235  0.76381904 -0.04990621  1.3282056  -0.5820654
 -0.31728655 -0.01991192 -0.21896544 -0.04438115]
Camada: saida
Peso 1:
[[ 0.97903913  0.12481011]
 [ 0.6078786   0.11745717]
 [-1.0226917   1.2693847 ]
 [-0.27957153 -0.32702035]
 [-1.7338729   1.7558241 ]
 [ 1.2816105  -1.5936475 ]
 [ 0.92604905 -0.8843343 ]
 [ 0.43444002 -0.06772171]
 [ 0.3450707  -1.1646696 ]
 [ 0.43702006  0.23797476]]
Peso 2:
[-0.42512837  0.42512998]



pesos modelo: 
Test loss: 2.3828, Test accuracy: 0.5977
Camada: meio
Peso 1:
[[ 1.43698901e-01 -7.85249472e-03  1.39335304e-01  9.57357585e-02
  -3.93980056e-01  3.87537777e-02 -7.79942572e-02 -1.81320369e-01
   4.74680364e-02  3.64328355e-01]
 [ 3.13243330e-01 -1.97868794e-01  3.31659675e-01  2.69349106e-02
  -7.74489194e-02 -2.14193948e-02  2.93846160e-01 -2.06895202e-01
  -2.84691542e-01 -4.11760509e-01]
 [ 7.78670236e-02 -1.24568529e-01  3.82770509e-01  6.88951537e-02
   9.84954927e-03  3.34502667e-01  7.13899657e-02 -2.96457350e-01
  -1.17132209e-01 -3.74669522e-01]
 [ 1.24188125e-01  6.52612448e-02  3.82952362e-01 -6.69016242e-02
  -1.02557622e-01  2.51611531e-01  2.76555806e-01 -2.20988929e-01
  -1.10387221e-01  2.57158011e-01]
 [-1.92933694e-01  1.83855295e-01  9.75832418e-02  2.43106224e-02
   1.49130717e-01 -7.64445513e-02  2.70094909e-03 -3.05946082e-01
  -2.06843644e-01  6.79267496e-02]
 [ 1.15285804e-02  2.39543021e-01  2.58444786e-01 -2.93427765e-01
   1.78880215e-01  1.66011192e-02  6.41323552e-02 -3.54281008e-01
   5.26076742e-02  3.86208445e-02]
 [ 3.32071900e-01  1.09569337e-02  3.11095566e-01  3.44259173e-01
   1.36126429e-01 -1.35462716e-01 -1.15847543e-01 -2.54582047e-01
   2.38321364e-01  1.63292229e-01]
 [ 5.40568940e-02  3.10556859e-01  2.63082862e-01 -3.94310504e-01
   1.24563850e-01  8.07037354e-02  6.57749772e-02  2.17766594e-03
  -2.66669571e-01 -3.85756731e-01]
 [ 1.95758447e-01 -1.76114872e-01  3.70274603e-01 -4.16251183e-01
   2.44892448e-01 -1.55904600e-02  2.66848169e-02  2.47118697e-01
  -4.08835918e-01 -1.58468977e-01]
 [ 1.65536731e-01  1.72100902e-01  2.27780163e-01  8.37008208e-02
  -2.04446912e-01  2.37611577e-01  5.58836497e-02  3.95260990e-01
   1.73379466e-01 -3.56001675e-01]
 [ 1.67671710e-01 -3.27374578e-01  4.14150357e-01  6.61157370e-02
   2.91117698e-01 -8.02244842e-02  1.07348174e-01 -1.45227358e-01
   2.23049968e-01 -1.33196175e-01]
 [-1.41462862e-01 -2.07972333e-01  3.94698493e-02 -1.26324907e-01
   3.00197631e-01 -1.62994698e-01 -6.26775399e-02  3.49743187e-01
  -5.95340244e-02  2.61698425e-01]
 [ 4.44072075e-02 -1.53264537e-01  1.81094736e-01 -2.41121143e-01
  -3.80688086e-02  1.82790145e-01  1.08946085e-01  2.35001922e-01
   1.21880911e-01 -3.20708901e-02]
 [-4.52173382e-01 -1.37496203e-01  6.70272589e-01 -1.94414273e-01
  -1.12514876e-01 -3.30737799e-01 -3.14823270e-01  4.30499166e-01
  -1.85146004e-01 -3.29327852e-01]
 [-4.95906085e-01  5.55623695e-02  6.77742660e-01  2.26703569e-01
  -2.31995940e-01 -3.97338510e-01 -4.21652049e-01 -3.03784609e-01
  -4.32697058e-01  1.42055795e-01]
 [ 2.75265902e-01 -3.33152056e-01 -3.93071890e-01 -4.32302475e-01
  -3.98581512e-02  2.32678592e-01  4.87337895e-02  4.46239680e-01
  -3.11390132e-01 -2.30359375e-01]
 [ 3.41497362e-01  1.26655186e-05 -6.17874674e-02 -6.95254132e-02
   3.42750698e-01  1.34876147e-01  3.97146009e-02 -3.69637311e-01
  -2.04434976e-01  1.82504550e-01]
 [-4.00341332e-01 -4.00966406e-02  6.20943844e-01  1.65009141e-01
  -5.94768941e-01 -2.48688474e-01 -1.85433581e-01  6.24821186e-02
  -1.86514094e-01  2.50452012e-01]
 [ 9.31939483e-02 -6.36404827e-02 -1.89206585e-01 -2.81700850e-01
   3.89378786e-01  2.81571358e-01  3.10566157e-01  3.54052186e-01
   5.78470118e-02 -1.32893011e-01]
 [ 5.82963645e-01  1.62380904e-01  1.94105655e-01  6.59570694e-02
   3.43666404e-01  3.40911478e-01  1.77861765e-01 -8.27120394e-02
  -3.92515659e-01 -2.68296301e-01]
 [ 8.89991879e-01 -1.11366995e-01 -1.46097589e+00 -3.25730473e-01
   1.07663500e+00  7.85669684e-01  1.72607079e-01 -1.02870256e-01
   1.99409388e-03 -3.03082794e-01]
 [ 1.22844112e+00  1.53784469e-01 -1.22636974e+00  1.60864308e-01
   1.00704789e+00  7.34058499e-01  3.58619601e-01 -1.15695603e-01
   8.93170983e-02  7.44785275e-03]]
Peso 2:
[-0.65984005 -0.01922891  1.3200548  -0.11059523 -0.5621606  -0.4155329
 -0.3294599   0.08833334 -0.01998954 -0.18805918]
Camada: saida
Peso 1:
[[ 1.0964779  -1.6123323 ]
 [ 0.09564888  0.06555462]
 [-1.8964638   1.8027632 ]
 [ 0.5335764  -0.30797908]
 [ 1.4147955  -0.97741085]
 [ 0.79790395 -1.0627562 ]
 [ 0.33950648 -0.74914783]
 [ 0.2949849   0.7430832 ]
 [ 0.54084456  0.00533519]
 [ 0.38771576 -0.33736563]]
Peso 2:
[-0.6069221   0.60692567]



pesos modelo: 
Test loss: 1.9902, Test accuracy: 0.6392
Camada: meio
Peso 1:
[[ 2.85122603e-01 -2.87811875e-01 -2.71647036e-01 -7.64449537e-02
   3.15021366e-01 -8.72581303e-02 -1.64202213e-01  2.17903763e-01
   2.89269120e-01  3.53528410e-01]
 [ 8.68032277e-02 -3.57997492e-02  1.84690595e-01 -4.20085222e-01
   3.69353861e-01 -3.94566625e-01 -4.09144871e-02 -3.96164417e-01
  -1.24554902e-01  2.94338703e-01]
 [ 4.76813950e-02 -2.80761480e-01 -3.11869532e-01  4.27605629e-01
   1.39304221e-01  2.06280366e-01  2.39035636e-02  3.60467464e-01
   2.30236463e-02  3.30412120e-01]
 [ 1.76143616e-01  2.64067948e-01  2.35555708e-01 -9.27408487e-02
   3.73801440e-01 -4.02175516e-01 -1.00230776e-01  1.93467721e-01
   6.30259067e-02 -3.49621654e-01]
 [-1.93888232e-01  4.59237164e-03  1.64286524e-01 -1.01390071e-01
  -4.21088859e-02 -2.72572041e-02 -3.14044893e-01 -3.33697826e-01
  -2.74019033e-01 -5.57122305e-02]
 [ 1.62701502e-01  2.08231390e-01 -5.81153929e-02  3.34721476e-01
   2.27791339e-01 -3.34372818e-01 -2.82123834e-01 -5.55454157e-02
  -1.00033455e-01 -2.20983177e-01]
 [ 2.73324072e-01  3.33074003e-01  3.37553829e-01  2.28109136e-01
   5.59257448e-01 -3.85111123e-01  1.30016863e-01 -2.26483196e-01
  -7.44436607e-02  1.88101381e-01]
 [ 1.08867124e-01  2.79491782e-01 -3.98444645e-02  3.78050692e-02
   2.11841777e-01 -6.52713552e-02 -7.25593194e-02 -1.82835996e-01
  -2.29937613e-01  8.61330852e-02]
 [-9.43823680e-02 -4.58491147e-01  3.03129941e-01  1.83138177e-01
   1.28741115e-01  8.59874338e-02 -2.34927282e-01 -2.29277432e-01
  -2.47043520e-01 -2.92857885e-02]
 [-2.10522767e-02  2.21713111e-01  8.54287595e-02  2.11876780e-01
   2.60708909e-02 -6.49996027e-02 -3.79249811e-01 -8.02928358e-02
  -3.98842901e-01 -4.93378416e-02]
 [ 1.30310491e-01 -4.03408110e-01  1.30423218e-01 -3.33526045e-01
   3.61510873e-01  3.08512837e-01  3.45551968e-01 -4.06163484e-01
  -4.04401869e-02 -4.25228208e-01]
 [ 1.27629995e-01  3.75787079e-01 -2.33686700e-01 -1.42875025e-02
   1.84879035e-01  1.12048283e-01 -2.70040721e-01  2.42490605e-01
  -3.07806104e-01 -1.04394674e-01]
 [ 2.09241450e-01  4.11063939e-01  1.66547000e-01 -1.71906307e-01
   3.74593735e-01 -3.02480012e-01 -2.80080587e-02  3.07370514e-01
  -1.96784660e-01 -3.89734596e-01]
 [-7.14976668e-01 -2.53914654e-01  1.05840780e-01  2.41846621e-01
   6.70719743e-01  3.88410985e-01  2.31662795e-01  1.69404119e-01
  -4.27001953e-01 -4.16121300e-04]
 [-6.30536199e-01  4.38760780e-02 -2.34939735e-02  5.01627266e-01
   7.70375311e-01 -2.81678081e-01 -6.23728558e-02 -5.79384714e-02
   7.86843449e-02  1.70127064e-01]
 [ 3.28986138e-01  2.72894770e-01  4.20707166e-01 -5.34282178e-02
  -1.55950889e-01 -2.25451112e-01 -1.70267243e-02 -4.04867113e-01
  -1.09592967e-01  4.58079502e-02]
 [ 4.81192261e-01 -2.29602888e-01 -2.23207474e-01 -4.42114055e-01
  -4.16617393e-02 -4.16060388e-02 -3.99370603e-02 -4.19252783e-01
   2.11652771e-01 -8.50861445e-02]
 [-6.45578206e-01  5.53944409e-02 -2.32057944e-01 -8.96099433e-02
   6.03775084e-01 -4.01991278e-01 -4.06753629e-01 -1.39256567e-01
  -3.03657383e-01  3.34986925e-01]
 [ 4.15037274e-01  1.03241183e-01  4.97444391e-01  3.05140615e-01
  -2.30035424e-01 -2.28859395e-01 -2.20723227e-01 -2.75034815e-01
   3.07903379e-01 -6.28437698e-02]
 [ 5.24656236e-01 -3.84004444e-01  1.25062570e-01 -4.33324352e-02
   1.86867729e-01  2.25536600e-02  8.16213042e-02 -3.29167247e-02
   1.38460146e-02  7.18115419e-02]
 [ 2.00475955e+00  3.10015026e-02  7.21245259e-02 -5.52744940e-02
  -1.18354857e+00  3.61278951e-01 -1.89193457e-01 -3.01108241e-01
   7.38656446e-02  3.21266413e-01]
 [ 1.70861363e+00 -3.19314778e-01  7.76167393e-01 -2.48342454e-02
  -1.30482364e+00 -1.32584590e-02  1.74013928e-01 -1.15310848e-02
   2.71434158e-01 -3.83893788e-01]]
Peso 2:
[-0.9046807   0.17773542 -0.28680527  0.13602172  1.1616396   0.01519361
 -0.08678111 -0.03272904 -0.1108875  -0.07679758]
Camada: saida
Peso 1:
[[ 2.0479436  -2.1654663 ]
 [-0.40446353  0.35107318]
 [ 0.14362477 -0.81462705]
 [-0.651856    0.05568604]
 [-1.2782397   2.0880275 ]
 [-0.02932261  0.37934804]
 [ 0.6002671  -0.37574348]
 [ 0.52720296  0.0159615 ]
 [-0.5421919   0.26813236]
 [-0.28762758 -0.41225338]]
Peso 2:
[-0.5332362   0.53323686]



pesos modelo: 
Test loss: 2.1199, Test accuracy: 0.6288
Camada: meio
Peso 1:
[[ 0.34660813  0.1472188   0.39698127 -0.3750382  -0.01677725 -0.14623567
   0.42575112 -0.01786104  0.15170243  0.03688279]
 [-0.19480652  0.22055489  0.00777162  0.0685128   0.14461012  0.2970282
   0.4224047   0.36632937  0.11495776  0.00221272]
 [-0.2398936   0.5677139  -0.07157551  0.40149516  0.20486905  0.19273028
  -0.2667845  -0.31928742  0.07229372  0.21956359]
 [-0.22469008  0.24373452  0.05897351  0.11279202 -0.09233642  0.38570434
   0.13146491 -0.42864832 -0.35526457  0.05717098]
 [-0.3182109   0.4713109   0.35226178 -0.36116484 -0.04174971 -0.06729832
   0.47385848 -0.16629782 -0.12617122  0.12996975]
 [ 0.16396254  0.5310705   0.07785717  0.03637732 -0.0802817   0.26393387
  -0.27901047  0.00394369  0.082673    0.36042398]
 [ 0.2072541   0.4985375   0.31067735 -0.19919635 -0.19680381 -0.0205025
  -0.14204709 -0.2574088  -0.09508052  0.24577866]
 [ 0.09844325  0.15527076  0.1535351  -0.1597983  -0.27384934  0.24854226
   0.31928876  0.19535448 -0.38066894  0.20874657]
 [-0.40970832  0.38551235  0.20041962 -0.24351145  0.12238128 -0.26197338
  -0.18797302 -0.1089136  -0.10445672 -0.24719068]
 [-0.24366966 -0.00567829 -0.04840159 -0.3617753  -0.0528039  -0.14379233
   0.30995944  0.2054219   0.15817855  0.22288416]
 [-0.26094344  0.298562    0.06511243  0.21892944 -0.10360785  0.24157317
  -0.3134302  -0.3052024  -0.2550602  -0.22518757]
 [-0.31107506  0.05801348 -0.24946278  0.04128663  0.0611392   0.23687735
   0.09874029  0.19574893 -0.42244935  0.2709114 ]
 [ 0.05314432  0.18962611  0.08835932 -0.35938168  0.1236795   0.22226316
   0.31409943  0.03850846  0.29753682 -0.35924208]
 [-0.19466424  0.676971   -0.45223787 -0.22997274 -0.46683887 -0.3173271
  -0.13739003 -0.06506374  0.10363027 -0.5379239 ]
 [-0.12403159  0.73090357 -0.6480273  -0.09472483 -0.07476285 -0.5259825
   0.34679827 -0.42071667 -0.29890054 -0.36554542]
 [-0.3687996  -0.3129682   0.24423908  0.07727704  0.24162458  0.20957483
   0.376108    0.29965258 -0.14215288  0.23894837]
 [-0.183386    0.01036934  0.19064252  0.05287785  0.3430444   0.3248773
  -0.32533163 -0.13224669 -0.23391062  0.02798488]
 [ 0.3376573   0.59088016 -0.501827    0.19146094 -0.26061776 -0.37607294
   0.2130005  -0.27906108 -0.3584888  -0.26817715]
 [ 0.19944611 -0.29597035  0.3125456  -0.02950314  0.39967316 -0.2410337
   0.28020483 -0.24844214 -0.30916098  0.00694782]
 [-0.40429503  0.3020134   0.32478622 -0.05468882  0.49404114  0.23491487
  -0.20359851 -0.19875932  0.17393652  0.4462568 ]
 [-0.38654214 -0.6782679   1.610326    0.4353914   1.2916456   0.75091213
  -0.5115897  -0.3238961  -0.33809692  0.11086351]
 [ 0.06622115 -0.6671955   1.6296235  -0.05079741  1.3072834   0.25609392
  -0.3162494  -0.22154352  0.184915    0.7341141 ]]
Peso 2:
[-0.0539795   1.1152005  -0.6598214  -0.00526088 -0.5492873  -0.34168226
  0.49500644 -0.12697601 -0.05484378 -0.22921441]
Camada: saida
Peso 1:
[[ 0.52708286 -0.67534   ]
 [-1.535804    1.2430669 ]
 [ 1.9987503  -1.5350904 ]
 [-0.48919082 -0.5306952 ]
 [ 1.6214333  -0.9917008 ]
 [ 0.4226737  -0.64317095]
 [-0.4335082   0.94805926]
 [ 0.21091753 -0.11106347]
 [ 0.6950098  -0.2840885 ]
 [ 0.11460917 -0.9928601 ]]
Peso 2:
[-0.8052673  0.8052709]



pesos modelo: 
Test loss: 2.4108, Test accuracy: 0.5903
Camada: meio
Peso 1:
[[ 0.2888644   0.30234608 -0.4101487   0.12773731 -0.07588714 -0.3410313
   0.28431734  0.13249382 -0.05116054 -0.38177514]
 [ 0.28606507  0.12545688 -0.3599751  -0.0833903   0.3362214  -0.20040855
  -0.41839463  0.20259969  0.09491112  0.20012462]
 [ 0.00343527  0.18663001  0.26433232  0.07114204  0.13509652 -0.12315797
   0.12473245 -0.23112218 -0.01056841 -0.01279515]
 [-0.07819254  0.3255827  -0.08309267 -0.14236978  0.2963074  -0.3800707
  -0.33704212  0.505467    0.02535536  0.00474357]
 [ 0.4479333  -0.34331465  0.34252474 -0.28623733  0.38203803  0.42958993
   0.20980074  0.2710234   0.2659381   0.12765369]
 [ 0.1852613  -0.12648408 -0.18203759 -0.14049196 -0.03174663 -0.20618612
   0.42310756 -0.35899913  0.00586229 -0.16764788]
 [-0.17003225 -0.13207547 -0.14094159  0.27852026  0.1381415  -0.37082785
   0.39002278 -0.10372947  0.21338227 -0.24966794]
 [-0.16167241  0.267605   -0.14710471  0.09805769  0.4084526   0.18956907
  -0.42170125 -0.4247325   0.06002929 -0.18961488]
 [ 0.2020828  -0.18072386  0.19524014  0.35694465  0.16773938 -0.02144052
  -0.2083857  -0.3740023   0.23146968 -0.00444526]
 [ 0.2106922  -0.28198186 -0.00608933  0.12730274  0.3956771  -0.12788741
   0.08440205 -0.10381801 -0.01717557  0.4048388 ]
 [-0.21911696  0.04855403  0.04466788  0.4646604   0.2686774   0.03691696
   0.28456765  0.17937186 -0.11399394  0.39534932]
 [-0.09072179 -0.06431572  0.10064456 -0.05206502 -0.09316427  0.22724216
   0.272049    0.2318464  -0.06405019 -0.11561871]
 [ 0.3326869  -0.21708713 -0.1805831   0.03216449  0.13908288  0.01577111
   0.13285188 -0.1944655   0.24168444 -0.012089  ]
 [ 0.506533   -0.15193185  0.48296222  0.43062425  0.56906956 -0.12127025
  -0.33541495  0.09745009 -0.3921236  -0.24828197]
 [ 0.68987226  0.17942812 -0.2604725   0.11981739  0.35292166  0.11371618
   0.24230498 -0.14199926 -0.3946368  -0.6606066 ]
 [-0.329434   -0.01007531 -0.2442497   0.05305147  0.09963972 -0.28488395
   0.28862128  0.33271405  0.18896176  0.5073884 ]
 [-0.37964424 -0.21735059 -0.03687638  0.30362546  0.0412508   0.15669182
  -0.40189353 -0.25079358  0.09986109  0.44996265]
 [ 0.51250774 -0.17851728  0.32377684 -0.09665107  0.24452843  0.1712388
   0.4404355   0.12217908 -0.44394338 -0.7086214 ]
 [ 0.4740249  -0.36473417  0.12719175 -0.02951381 -0.16918579 -0.00277621
  -0.30612156  0.18529123  0.57063496  0.41548845]
 [ 0.41467643 -0.20132177 -0.09078576 -0.15507053 -0.28576162 -0.40396324
   0.3487522   0.32600936  0.3472315   0.45502803]
 [-0.69734865 -0.22624688  0.18450929 -0.4430399  -0.3837529   0.15834542
   0.30906096 -0.07188729  1.6931909   1.2488296 ]
 [-0.7513859  -0.42206758  0.01295504 -0.56086475 -1.0003653   0.01148541
  -0.4064731  -0.27857548  1.4610333   0.8482487 ]]
Peso 2:
[ 0.77691424 -0.0418695   0.08661151  0.59959966  0.71178067  0.02067188
  0.07486197  0.20693931 -0.6131233  -0.62070924]
Camada: saida
Peso 1:
[[-1.3444374   1.1240002 ]
 [ 0.22019371 -0.08161584]
 [ 0.31096944  0.7110011 ]
 [-0.7969416   0.91833484]
 [-1.1523348   0.9005559 ]
 [-0.38440707 -0.20266731]
 [-0.20462064  0.18397346]
 [-0.65341836  0.1985359 ]
 [ 1.6732296  -1.8109634 ]
 [ 1.5037129  -1.3116835 ]]
Peso 2:
[-0.5196782  0.5196821]



pesos modelo: 
Test loss: 2.2898, Test accuracy: 0.6179
Camada: meio
Peso 1:
[[ 0.3001592   0.21602389 -0.3617055  -0.23902643 -0.20377325  0.02473611
  -0.2577367   0.3169069   0.33551458  0.04125929]
 [-0.24438235 -0.16236056  0.10506351  0.25884992  0.02720044 -0.1817619
  -0.11615625 -0.25288486 -0.23794878 -0.04664094]
 [ 0.2497305   0.29574826 -0.29813054  0.34788454  0.38001555 -0.27745026
   0.03465137  0.33842528 -0.3141199   0.35978732]
 [ 0.19388829 -0.1537691   0.02599356  0.0239697  -0.2188797   0.39110726
  -0.3283546  -0.18128832 -0.30984482 -0.00950924]
 [ 0.10931072  0.32633328  0.18426949  0.09586565  0.5428778   0.349119
   0.26843128 -0.27572218 -0.23709139  0.03689912]
 [ 0.01535179  0.07680216  0.08680939  0.09285562  0.34604266 -0.2641181
   0.11849122  0.19434199  0.32280746  0.16317685]
 [ 0.22067994  0.12658116  0.29864267 -0.35768566  0.00986046 -0.23477885
  -0.02660549 -0.33426073  0.04574048 -0.21589978]
 [-0.14694639 -0.16909008 -0.301789    0.2602515  -0.09191456  0.1804321
   0.05753973 -0.39655772  0.13604157 -0.25640395]
 [ 0.08936572  0.0048979  -0.41089648 -0.08089343  0.42916632  0.17461237
   0.25798672 -0.27001536 -0.45558926  0.27088705]
 [ 0.09139924 -0.02271244 -0.3109478   0.24417982  0.18528442  0.18481539
   0.27205056 -0.2587381  -0.24223411  0.2283184 ]
 [ 0.29132038 -0.14607722 -0.38826647 -0.11424644 -0.23112242 -0.10690313
   0.16901092  0.23855741  0.31081107 -0.07095526]
 [-0.11203761  0.12135205  0.08363728  0.02973642  0.38150042  0.4115649
   0.2462447  -0.00560154 -0.19705778 -0.04487916]
 [-0.09531673 -0.10592104 -0.38016412 -0.14626037  0.26074988 -0.1631687
  -0.0982415  -0.31977865  0.27438986  0.01914478]
 [-0.06720287 -0.61028874 -0.2263983   0.15202674  0.496136   -0.4274858
  -0.07733718 -0.36448348  0.31654787 -0.7854002 ]
 [ 0.69177186 -0.62619674  0.21397048  0.4905338   0.40866217 -0.39197934
  -0.04052872  0.19240992 -0.2750336  -0.06675892]
 [ 0.2404307   0.37191585 -0.01679589  0.25402725 -0.40089974  0.31370217
   0.05048136 -0.079524   -0.21821935  0.3894196 ]
 [-0.12668064  0.49672973 -0.06218889 -0.14881931  0.256141   -0.09386128
  -0.07395666 -0.38409036 -0.06643352  0.5288335 ]
 [ 0.6859125  -0.37388182 -0.09352108  0.32551223  0.5677368  -0.05711334
  -0.23840816  0.22702043  0.03764057 -0.52761936]
 [-0.19719991  0.63597536 -0.2118402   0.13541009  0.28890973 -0.17300366
  -0.2564062  -0.21348226 -0.42045984  0.45386326]
 [ 0.33243588  0.47287962 -0.20589544  0.24332939 -0.21054414  0.39441192
   0.15876608  0.2558474  -0.35015446  0.4101794 ]
 [-0.71617246  1.2882938   0.30960903 -0.7565812  -0.96630496  0.3906701
   0.5472387   0.05630077 -0.07204637  1.0161273 ]
 [-0.9567773   1.2968326   0.18568908 -0.5134279  -0.9590711   0.31140003
   0.25282755 -0.12145267 -0.41258287  0.99187636]]
Peso 2:
[ 0.8768129  -0.5796553  -0.04721946  0.4272666   0.9985001   0.00107772
  0.01485946 -0.05820733 -0.14402202 -0.53453565]
Camada: saida
Peso 1:
[[-1.2686808   1.1603223 ]
 [ 1.4444445  -1.5744425 ]
 [-0.5754609   0.2870634 ]
 [-0.9706916   0.49265325]
 [-1.1757414   1.5013326 ]
 [-0.09157083 -0.6906063 ]
 [ 0.61640334  0.16444844]
 [ 0.30006984 -0.4172653 ]
 [ 0.5995053  -0.45557454]
 [ 1.1482139  -1.3923248 ]]
Peso 2:
[-0.49884084  0.49884328]



pesos modelo: 
Test loss: 1.6814, Test accuracy: 0.6696
Camada: meio
Peso 1:
[[ 9.85626876e-02 -3.45837772e-01 -6.94780052e-02  2.90633291e-01
  -2.39447340e-01  3.27183992e-01 -1.10636741e-01  4.94731069e-02
  -3.46161425e-01 -3.85298848e-01]
 [-2.27545187e-01  1.57631844e-01 -1.05418868e-01  1.13107786e-01
   1.31421149e-01  2.66281933e-01 -1.92149818e-01  3.20476949e-01
   1.25987023e-01  4.76086102e-02]
 [-1.31052330e-01  3.87927771e-01 -2.41872389e-02  1.80178463e-01
   4.08539534e-01 -3.52773428e-01 -7.02725202e-02  2.61455119e-01
  -2.14678064e-01  3.63501012e-01]
 [-6.98956028e-02  2.68900305e-01  1.58795014e-01 -2.55573243e-01
   4.58571672e-01  6.13540737e-03  1.21494923e-02  8.44293833e-02
  -1.27768433e-02  3.69247675e-01]
 [ 2.12481856e-01  1.91385120e-01 -1.65254865e-02  6.07451275e-02
  -1.27940908e-01  1.71624541e-01 -2.27515504e-01  9.23857391e-02
   1.03739448e-01  1.71746969e-01]
 [ 1.08168818e-01  1.85345829e-01 -1.03189424e-01  7.12317079e-02
  -1.14229210e-01  4.68426496e-02 -3.82317930e-01  1.43649295e-01
   4.38664146e-02 -1.54611081e-01]
 [-1.01282381e-01 -3.27249765e-01 -4.46871445e-02  1.70785412e-01
   1.09371901e-01  8.87662023e-02  4.33341175e-01  3.36278640e-02
  -4.55918401e-01 -5.23566129e-03]
 [ 1.94025591e-01 -2.58578330e-01  3.05740237e-01 -3.45994681e-02
  -2.05084547e-01  7.64959231e-02 -2.13867933e-01  1.98092118e-01
   9.74730253e-02 -1.35856271e-01]
 [ 1.34294525e-01 -1.05274655e-01  4.27784592e-01 -3.24489832e-01
   2.73428857e-01  4.22309488e-01 -2.80116379e-01  1.60451427e-01
  -2.42996827e-01  3.33777517e-01]
 [ 1.34728558e-03  4.43263687e-02 -3.21372896e-02  2.78882086e-01
  -2.15286806e-01 -2.92088658e-01 -1.40923277e-01  3.16403806e-01
  -2.60238033e-02 -1.69729963e-01]
 [ 2.40686968e-01  3.80160302e-01  2.82239676e-01 -1.89805552e-01
  -4.13075909e-02 -2.26945225e-02 -3.15416269e-02  2.83508033e-01
  -3.54549795e-01  1.69791564e-01]
 [ 3.33653986e-01  2.55475551e-01  4.49320763e-01  1.38068378e-01
   6.50525838e-02 -1.07685037e-01 -1.62621617e-01  3.70196819e-01
  -1.17613837e-01  3.19526583e-01]
 [-4.35395241e-02  2.63571948e-01 -2.47229427e-01  1.75585940e-01
   3.34440142e-01 -2.00248241e-01 -3.78353626e-01 -1.67884901e-02
  -1.39419347e-01  1.86764568e-01]
 [ 7.77947843e-01 -4.26890641e-01 -5.51016815e-02  1.77874893e-01
   4.55964327e-01 -3.50606441e-01  2.22201645e-01  5.75926781e-01
  -1.82725921e-01 -2.80056298e-01]
 [ 9.58853006e-01 -9.81701538e-02  2.51269713e-02  9.09512937e-02
  -9.49452296e-02  2.04351589e-01 -3.27765882e-01  8.68531048e-01
  -2.21966371e-01  1.16239525e-01]
 [-3.28709334e-01 -1.09355219e-01  2.27833584e-01  1.29846811e-01
  -1.69407725e-01  1.27678022e-01  4.21833724e-01 -3.63138318e-02
   2.27546841e-01 -1.99326605e-01]
 [ 5.36671914e-02  5.01894988e-02  3.33992034e-01  5.07201850e-01
   1.23152845e-01  3.99023861e-01  4.20156308e-02 -9.24258232e-02
   1.94907382e-01 -4.10281777e-01]
 [ 8.72680008e-01 -6.32665530e-02 -3.89269918e-01  7.49465674e-02
   3.32296282e-01  1.75138816e-01 -3.24191004e-01  2.52797812e-01
  -3.46187204e-02 -3.41083050e-01]
 [ 2.29431957e-01  3.52574676e-01  6.77544475e-01  2.95763433e-01
   3.21544439e-01  2.48025894e-01  2.20211238e-01 -1.18182689e-01
  -2.22071812e-01  2.27582425e-01]
 [ 1.97111398e-01  4.49126810e-01  3.87011111e-01  2.41379946e-01
  -2.97432323e-03  6.16491914e-01  2.00884808e-02  2.26711463e-02
   1.34893060e-01  4.16722566e-01]
 [-8.22529554e-01  8.10869873e-01  1.12200534e+00  5.45173526e-01
  -8.59409988e-01 -4.68155108e-02 -1.96275532e-01 -1.31658936e+00
  -9.30249840e-02 -3.54334116e-02]
 [-8.29943538e-01  7.05093086e-01  1.39833748e+00  9.61939096e-01
  -5.64233780e-01 -4.83693555e-02  6.11687005e-02 -1.08951175e+00
  -8.30830559e-02 -1.56060830e-01]]
Peso 2:
[ 0.8698835  -0.17728025 -0.53173363 -0.21135014  0.5484272  -0.07548399
  0.00711484  0.8736497  -0.07329846 -0.01505073]
Camada: saida
Peso 1:
[[-1.4152796   1.3879032 ]
 [ 0.63302374 -0.99395645]
 [ 1.9387527  -0.8288049 ]
 [ 0.597266   -0.8065886 ]
 [-0.50077     1.1976042 ]
 [-0.1383505  -0.53305584]
 [ 0.53206205  0.6687803 ]
 [-1.5056925   1.5893904 ]
 [-0.57861626  0.23279366]
 [-0.5245422  -0.5216169 ]]
Peso 2:
[-0.27560812  0.27560934]



pesos modelo: 
Test loss: 1.7804, Test accuracy: 0.6601
Camada: meio
Peso 1:
[[-3.48224550e-01 -4.23944652e-01  9.24658477e-02  2.58484453e-01
  -4.10752237e-01 -1.01912886e-01 -3.52513194e-02 -3.08210313e-01
   3.47516030e-01 -1.34046853e-01]
 [ 7.79247135e-02 -2.10854430e-02  1.66428283e-01  2.56048977e-01
   6.58488944e-02 -6.21853359e-02  2.80866444e-01  4.69100535e-01
  -5.94877116e-02  1.13855854e-01]
 [ 3.75735052e-02  3.71533096e-01  9.99596715e-03 -3.19036603e-01
   1.19896606e-01 -5.03767431e-02  3.17865819e-01 -3.87981459e-02
   4.06201065e-01  2.27296725e-01]
 [ 8.25340226e-02  4.33275193e-01  1.62973300e-01  1.68921441e-01
   3.48959655e-01 -3.14227700e-01 -1.93083689e-01  3.93584341e-01
  -5.35673574e-02  1.33917481e-01]
 [-3.53897363e-01  2.75193632e-01 -5.03781252e-02 -2.91035265e-01
  -1.80946544e-01  2.61589438e-01  2.20131114e-01 -2.25467235e-01
   5.13314158e-02  1.67428926e-01]
 [-2.16294006e-01 -1.33008629e-01 -1.38871059e-01 -3.61771911e-01
   2.71350890e-01 -1.54954761e-01  1.02945685e-01  4.40154284e-01
   3.71015340e-01  2.50959098e-01]
 [-2.93959916e-01  3.64324331e-01  9.16921943e-02  3.46225530e-01
  -1.50771812e-01  2.89289474e-01 -2.79746771e-01  3.73710878e-04
   2.31642991e-01 -4.25902940e-03]
 [-6.29143119e-02 -2.48957751e-03 -1.69198006e-01 -3.30188334e-01
  -1.28428951e-01  3.95991296e-01 -2.81016916e-01  2.39080608e-01
   3.07720810e-01  2.18912601e-01]
 [ 2.07871407e-01 -6.86607063e-02 -5.96547872e-02  3.23029876e-01
   1.73460856e-01  2.33941585e-01 -8.36654007e-02  4.70050871e-01
  -2.38603890e-01  2.15544894e-01]
 [ 3.76925945e-01  4.61962491e-01  1.56936765e-01  4.07357700e-02
   1.60863131e-01  3.01757783e-01 -2.55689919e-01  2.90218472e-01
  -7.01807961e-02  1.30985782e-01]
 [-2.88808793e-01  5.83799854e-02  2.36251175e-01 -4.10736740e-01
  -3.05294514e-01 -8.29469115e-02  2.47640267e-01  2.26284385e-01
  -1.76002413e-01  6.34512082e-02]
 [-1.66637927e-01  2.86670685e-01  2.02322956e-02 -3.61412555e-01
   7.01892450e-02  2.96070606e-01  5.80410697e-02 -1.90786660e-01
   2.89974958e-01 -2.65938580e-01]
 [-3.49228114e-01  2.46732056e-01  2.34960794e-01 -2.62109309e-01
  -4.52534519e-02 -3.05762827e-01 -1.58209056e-01  3.94776970e-01
   8.57601091e-02 -1.22964494e-01]
 [ 2.15025246e-01  6.89191997e-01 -6.60712421e-01 -4.17035632e-02
  -4.15972888e-01  2.80691296e-01  3.69063497e-01 -4.27231155e-02
   8.38315487e-02 -3.73888612e-01]
 [-3.18959653e-01  2.22170144e-01 -6.88258111e-01 -2.95010626e-01
  -1.53448641e-01  2.13512883e-01  5.82078040e-01  3.78431022e-01
   2.64895052e-01 -5.14762640e-01]
 [ 3.13052744e-01  9.46367253e-03  3.57510984e-01  2.64490664e-01
   4.65497673e-01  1.11919858e-01 -2.85640396e-02  2.21643955e-01
   1.15124986e-01  1.93459034e-01]
 [-2.15055093e-01 -4.23860736e-02  6.75883770e-01  6.66744262e-02
   3.41130227e-01 -1.08039817e-02  5.30320883e-01  2.48651892e-01
  -1.79360703e-01  2.08245158e-01]
 [-2.45241597e-01  2.37984896e-01 -5.92903972e-01 -1.76911250e-01
  -2.27337375e-01 -4.31360513e-01  6.45683110e-01  2.17070982e-01
  -2.01011926e-01 -4.44033474e-01]
 [-4.23987180e-01  1.62689731e-01  3.42797428e-01  1.49823397e-01
   1.68757811e-01 -2.79288799e-01 -2.55366772e-01 -8.35306421e-02
  -2.55614758e-01  2.93922126e-01]
 [ 2.76179731e-01 -1.48845330e-01  2.72489130e-01  3.09582531e-01
   7.46419579e-02  1.62816525e-01  1.23545341e-01 -2.06181079e-01
   4.69175577e-01  3.91255356e-02]
 [ 1.21646978e-01 -6.50448501e-01  1.71713948e+00  2.51348823e-01
   5.18292248e-01  4.28939104e-01 -4.43566084e-01 -8.12629759e-01
   8.50084275e-02  7.58059263e-01]
 [ 2.56751120e-01 -7.74700046e-01  1.62158000e+00 -1.78559706e-01
   7.20264375e-01  3.38214189e-01 -1.00019284e-01 -1.05945575e+00
   4.60764080e-01  4.45360154e-01]]
Peso 2:
[ 0.0018123   0.78532964 -0.744749   -0.05722019 -0.2781603  -0.0424776
  0.48686385  0.748784   -0.10778975 -0.3733284 ]
Camada: saida
Peso 1:
[[ 0.58772016  0.6640936 ]
 [-0.96513146  1.2790698 ]
 [ 1.8074425  -2.101475  ]
 [-0.4553782  -0.33382675]
 [ 0.5269535  -1.0235715 ]
 [ 0.18654081 -0.19552758]
 [-0.12993751  1.1665326 ]
 [-1.2760756   1.0049706 ]
 [ 0.32394364 -0.11790574]
 [ 0.789554   -0.868696  ]]
Peso 2:
[-0.63754654  0.6375494 ]



pesos modelo: 
Test loss: 2.7506, Test accuracy: 0.5825
Camada: meio
Peso 1:
[[ 4.16066855e-01  7.79103935e-02 -3.79925191e-01  2.92840928e-01
  -4.06793267e-01 -3.72417092e-01  2.19129324e-02 -1.90826550e-01
   4.09042627e-01  1.59011513e-01]
 [ 6.20946884e-02 -3.71154606e-01  1.00461096e-01  7.26062208e-02
  -4.62818891e-01 -2.50020713e-01  1.34998277e-01  2.64908344e-01
  -2.22449273e-01 -3.24395061e-01]
 [ 2.43077353e-01  8.78721774e-02 -2.01936528e-01 -2.24768057e-01
  -9.38668549e-02  3.57054204e-01  7.23971426e-02 -1.77184969e-01
  -3.00065041e-01  2.70449072e-01]
 [ 1.72306657e-01  5.49964048e-02  1.25299409e-01  1.44792363e-01
  -1.50290072e-01  4.11012545e-02 -1.66685849e-01  5.86077757e-02
   7.74944052e-02  2.67847776e-01]
 [-2.62062937e-01 -3.09295505e-01 -8.07662383e-02 -7.47153834e-02
  -2.26616010e-01 -2.76763022e-01  3.04207295e-01  3.33654791e-01
   6.60648644e-02 -3.83132845e-01]
 [ 5.41518927e-01  2.54594237e-01  2.76597112e-01 -2.18283311e-02
   1.84787124e-01  4.96638715e-02  2.37147629e-01  2.30947256e-01
  -2.32174508e-02 -2.73677647e-01]
 [ 3.21800560e-01 -2.52798945e-01  1.82868138e-01  1.49230123e-01
   2.03101933e-01 -1.14269160e-01  1.97404772e-02  3.04329604e-01
   1.18665189e-01 -2.32781515e-01]
 [ 1.27935395e-01  1.44956574e-01  4.78306562e-02 -1.86021477e-01
   4.02748615e-01  2.93669552e-01  1.00893594e-01  1.55382261e-01
  -2.02336614e-05  3.59189540e-01]
 [ 7.73232579e-02  1.73824355e-01  4.07385349e-01  1.48189008e-01
   3.31767678e-01  6.47979751e-02  1.42077252e-01  5.10984063e-01
   1.73996612e-01 -3.11435908e-01]
 [-7.74982125e-02 -1.50151312e-01 -1.89491108e-01  2.15823546e-01
  -5.58465812e-03  1.52207658e-01  4.74755824e-01  4.26184028e-01
   1.69933647e-01  3.81224215e-01]
 [-2.93949753e-01  6.73053265e-02 -2.82843947e-01 -6.87285662e-02
  -5.33098765e-02  7.68463910e-02 -1.54113978e-01  7.54964054e-02
  -3.62092137e-01 -1.46684781e-01]
 [-1.79790035e-02 -3.58033836e-01 -8.73700157e-03  3.03317219e-01
   4.67141837e-01  3.05934429e-01 -1.36745945e-01  2.91896760e-01
   2.19011277e-01 -3.84279490e-01]
 [-7.56415948e-02  8.79989415e-02  2.16303691e-01  2.63296545e-01
  -3.14662099e-01  3.51764917e-01  1.57094072e-03  3.80436741e-02
   2.83831537e-01 -2.66876519e-01]
 [ 6.36324108e-01 -1.64655849e-01 -4.08785224e-01 -7.51431346e-01
   3.31939273e-02  1.39784152e-02 -6.75838888e-02  5.89657366e-01
   2.34402493e-01 -1.48483619e-01]
 [ 6.00686610e-01 -1.71221942e-01 -2.47519925e-01 -4.07402545e-01
  -4.49176967e-01  5.17176688e-01 -4.90011632e-01  6.60707712e-01
   2.45983720e-01  3.67083669e-01]
 [-4.77894872e-01 -1.87970713e-01  2.58387625e-01  2.47399822e-01
   6.39525652e-01 -5.45194864e-01  4.19021070e-01  4.69461501e-01
  -4.74124774e-03  4.21036988e-01]
 [ 3.18630755e-01  8.11751112e-02 -3.23378891e-02  4.00965750e-01
   5.64130664e-01  1.20666642e-02  1.50979804e-02 -2.11360171e-01
  -5.70745990e-02  3.67675960e-01]
 [-6.71896562e-02 -4.46375925e-03 -8.40469971e-02 -4.96060789e-01
  -5.49795091e-01  6.20308518e-01 -6.40848875e-01  3.33397478e-01
   5.03843665e-01 -1.64633811e-01]
 [ 3.31867903e-01 -1.65262073e-01  4.82444376e-01  4.89557832e-01
   2.98022687e-01  2.09890947e-01  5.00721514e-01 -1.16760768e-01
   4.95319098e-01  3.55547190e-01]
 [-3.13451082e-01 -2.00098947e-01  1.48808226e-01  1.48246497e-01
   9.70647335e-02 -3.34338769e-02  9.64625850e-02 -3.84330124e-01
   1.22462310e-01 -8.08527402e-04]
 [-2.04295427e-01 -3.86617184e-01  5.85787177e-01  7.70875871e-01
   4.61915314e-01 -1.28436998e-01  1.38533235e+00 -1.37233567e+00
  -4.51000839e-01 -1.59674078e-01]
 [-3.76701206e-01 -3.59401822e-01  9.79566336e-01  1.14914346e+00
   3.14818263e-01 -3.28688085e-01  7.42141008e-01 -1.31916368e+00
  -4.87962842e-01  3.95848081e-02]]
Peso 2:
[ 0.41673788 -0.13756515 -0.15955569 -0.4735462  -0.2889216   0.36597496
 -0.46278945  1.2426363   0.37705204 -0.01368736]
Camada: saida
Peso 1:
[[-0.2662731   1.1420867 ]
 [ 0.02259228 -0.61227405]
 [ 0.80316764 -0.6589241 ]
 [ 1.3794413  -0.9693101 ]
 [ 0.728495   -0.71424174]
 [-0.261878    0.89826417]
 [ 1.298119   -1.0878313 ]
 [-1.7242489   1.6622698 ]
 [-0.93800086  0.35648128]
 [ 0.5686937   0.5398491 ]]
Peso 2:
[-0.50943154  0.509435  ]



pesos modelo: 
Test loss: 1.6564, Test accuracy: 0.6673
Camada: meio
Peso 1:
[[ 0.4019365   0.16360077  0.08720568 -0.13046944 -0.22729103  0.3902124
   0.37038276 -0.02054495 -0.02060139  0.32184467]
 [-0.23121144  0.27962196  0.11850411  0.14021523  0.08186281 -0.03148049
  -0.10337655 -0.00810083  0.38401854 -0.28406534]
 [ 0.42822304 -0.2364239   0.25001955  0.30895337  0.08721913 -0.03486054
  -0.13858634  0.24952231  0.34466618 -0.00414785]
 [-0.3801718   0.18245926  0.04317803  0.24432084  0.19606154  0.18704434
   0.28870964  0.08699445 -0.34701172 -0.02236374]
 [-0.41780758 -0.03548513  0.04497873 -0.21103346  0.36146358 -0.16661578
   0.3185877   0.10331117 -0.01208713  0.3535288 ]
 [ 0.09053559  0.25951982  0.36399502  0.29662988  0.29194462  0.07813415
  -0.2275012   0.2515071   0.3495527  -0.15105379]
 [-0.3313157  -0.10258113 -0.17901146  0.22742602 -0.16075642  0.1677929
   0.33502373  0.13380125  0.23442096  0.31450495]
 [-0.19818589 -0.36929458 -0.07197371  0.16643308  0.09635509  0.09217369
   0.35628182  0.00768119  0.21590999 -0.06594843]
 [-0.05129273  0.41216    -0.09024329 -0.12426945  0.20975962 -0.01698925
   0.0872767   0.07695322 -0.33867148  0.19785365]
 [ 0.08499297 -0.15721701  0.0989283   0.13771686  0.24772689 -0.28320792
   0.34804714 -0.10745871 -0.01752784  0.0980595 ]
 [-0.19786127  0.08994683  0.19569124  0.34033787  0.09073569  0.05568911
  -0.1591429  -0.46696556  0.04667385  0.4477344 ]
 [ 0.43138194  0.27176434  0.29640317  0.06173017  0.30623826 -0.07336897
  -0.07838417  0.34827587  0.40074    -0.338764  ]
 [ 0.09592283 -0.26996833  0.20725597  0.38439748  0.3271619   0.12567721
   0.3009555   0.06717728  0.00962362 -0.30300292]
 [-0.38087258  0.28791663 -0.7460471   0.5856457   0.43458155 -0.23270082
   0.02369536 -0.38629508 -0.10983438 -0.07839565]
 [-0.32624027 -0.26169452 -0.4933182   0.46565232  0.7233143  -0.01522807
  -0.35792127  0.05908336  0.47980073 -0.02678879]
 [-0.34451357 -0.1730331   0.408617   -0.12419109  0.22800498  0.27433747
   0.19389887 -0.37073362 -0.17684178 -0.05769401]
 [-0.37857494 -0.23623782  0.4792437  -0.06963556  0.3307314   0.43598115
   0.15678392 -0.07473028 -0.31583893 -0.37120634]
 [ 0.23888806  0.09952956 -0.8999259   0.14335497  0.15822773 -0.5814144
  -0.27296746 -0.2025944  -0.10470642 -0.31694427]
 [ 0.33999985 -0.361343    0.4512031   0.30467835 -0.18172388  0.28716573
   0.30827084  0.29216993 -0.07520395  0.2659734 ]
 [ 0.35731387  0.2440871   0.1828644   0.16697991 -0.42579687  0.51190716
   0.02166529 -0.22636716  0.07968149 -0.02238658]
 [-0.232712   -0.03284458  1.474025   -1.1628846  -1.1454159   0.5064828
   0.5710231  -0.07941885 -0.23184703  0.06336495]
 [ 0.22651464  0.20619738  1.5299156  -0.97963125 -1.1290491   0.8699161
   0.28046373 -0.13619569 -0.10056693 -0.30300608]]
Peso 2:
[ 0.00186307  0.08786476 -0.7365671   0.7359561   0.8397489  -0.46708572
 -0.25373375 -0.03897138  0.10911446  0.06606297]
Camada: saida
Peso 1:
[[-0.03809592  0.02871199]
 [-0.6237344   0.05178206]
 [ 1.5334736  -2.1754239 ]
 [-1.433818    0.9981147 ]
 [-1.7985816   0.84188414]
 [ 1.0057187  -0.6202784 ]
 [-0.15483236 -1.0493171 ]
 [-0.21069692  0.14852475]
 [-0.8397153  -0.31988797]
 [-0.62624973 -0.28799048]]
Peso 2:
[-0.547662   0.5476636]
