


pesos modelo: 
Test loss: 1.8872, Test accuracy: 0.6446
Camada: meio
Peso 1:
[[-0.38360187  0.3721154   0.01173937 -0.36932474 -0.10718849  0.26825067
  -0.1601583  -0.06069124  0.04753667 -0.33710814  0.02481881 -0.1161305 ]
 [-0.2634972  -0.24880935  0.19041276  0.3840284  -0.11510946  0.07069276
   0.32751688  0.41825894  0.15784523  0.41386652  0.24840613 -0.38861805]
 [ 0.15617327  0.24387428  0.05582992 -0.0540049   0.151271    0.2875572
   0.22003786 -0.10097761  0.14203694  0.36362028 -0.04208231  0.26734543]
 [ 0.02157892  0.38523316 -0.37714568 -0.26073506  0.11668281  0.32403937
  -0.27313495  0.4233769   0.23506568  0.30544993  0.03096443  0.4043422 ]
 [-0.10450426  0.24583514 -0.17218752  0.36528665 -0.44639382 -0.05841202
   0.036986   -0.20275916 -0.04820051 -0.19231616  0.35195783  0.26423758]
 [-0.11071322  0.10873329  0.26563004  0.30487075 -0.3214497  -0.17382473
  -0.21625288  0.1561946  -0.19779043 -0.18885295 -0.03639108  0.34962672]
 [-0.22695869 -0.38908318  0.14849892 -0.12188903  0.23556721  0.07161275
   0.14325978 -0.21444169 -0.22927402  0.16252473 -0.1550423  -0.06225532]
 [ 0.25779983  0.08527016  0.32370996 -0.0621057  -0.07931197  0.03436264
   0.32436123  0.42604616  0.32044953 -0.16824357  0.46144935  0.38727   ]
 [ 0.3941639   0.18913889 -0.45883572 -0.27638972 -0.11337778  0.19544743
   0.03562655 -0.13198367 -0.02998911  0.11481302 -0.11347624 -0.0501487 ]
 [ 0.3968373  -0.09423063  0.31000108 -0.24812101 -0.05807627  0.33683336
   0.02010239 -0.06058913  0.24932528  0.07126907  0.01893783 -0.32709315]
 [ 0.03943491  0.3639632   0.27378526 -0.41506955 -0.14181535  0.17395596
   0.06600706 -0.2962639   0.07740443 -0.17445882  0.27006248 -0.13444158]
 [ 0.38758457 -0.3860283  -0.14061254 -0.25945288  0.26429126 -0.05472862
  -0.22428428 -0.34817117  0.0394946   0.32544562  0.01140216 -0.17608763]
 [ 0.2638281  -0.38607156  0.10919674  0.27050045  0.20313282 -0.06453369
   0.3677649  -0.25857997  0.01576927  0.4492321   0.07716998 -0.33664745]
 [ 0.31783903 -0.42160386 -0.30442733 -0.15371004  0.09465759  0.54773825
  -0.2788127  -0.02274312 -0.6285423  -0.04257828  0.28068277  0.00365223]
 [ 0.49810728  0.07381641  0.214491   -0.19249113 -0.08418228  0.34824958
  -0.15740971  0.34660527 -0.6777663  -0.32155734  0.49987015 -0.16584983]
 [-0.38123667 -0.04649352 -0.2600901  -0.34226915 -0.08504583  0.19577205
  -0.26193267 -0.2819434   0.6392053  -0.21560071  0.21013145 -0.0364773 ]
 [ 0.1079685   0.21064842  0.30467358 -0.09436978 -0.3354422  -0.08321559
   0.15048161  0.23040862  0.623703    0.03758525  0.19438098 -0.35193744]
 [ 0.14364289  0.3227444  -0.28189716 -0.04358855 -0.02034181  0.673859
  -0.36946735  0.03302395 -0.56898475  0.28214663  0.39917356  0.16271119]
 [-0.22790644 -0.04088463 -0.15098467 -0.13238215 -0.19368863 -0.2775035
  -0.14964944  0.49926093  0.5539794  -0.33112544  0.2886306   0.21722806]
 [ 0.40733737  0.21300912  0.07761195 -0.16433144 -0.20443289  0.36923888
   0.01977342 -0.4076158   0.5755146  -0.20056549 -0.29349098 -0.3916683 ]
 [-0.16807398 -0.13016488 -0.2367088   0.18104343 -0.17706883 -0.87549555
   0.504047   -0.16059595  1.7437752   0.01115354 -1.1615524  -0.04960713]
 [-0.4874243   0.3970391  -0.19326648 -0.1796612  -0.37082165 -1.0997083
   0.0621215  -0.0813396   1.4481939  -0.44478944 -1.1980363   0.16764393]]
Peso 2:
[ 0.2890464  -0.01457395  0.02544126  0.03415107 -0.1710635   0.78149736
  0.02046447  0.15419234 -0.79303914  0.26676434  0.7926897   0.08913445]
Camada: saida
Peso 1:
[[-0.2774525   0.754021  ]
 [ 0.4633234   0.19742431]
 [-0.5105266   0.1853424 ]
 [-0.04075526  0.43465072]
 [ 0.32545426 -0.41429546]
 [-1.3739755   1.2516886 ]
 [ 0.73454344  0.36662042]
 [-0.3587701   0.5147653 ]
 [ 2.0785089  -1.8340532 ]
 [-0.38073796  0.5925289 ]
 [-1.3869486   1.2639004 ]
 [-0.6744765   0.0767047 ]]
Peso 2:
[-0.28505614  0.2850587 ]



pesos modelo: 
Test loss: 2.6673, Test accuracy: 0.5901
Camada: meio
Peso 1:
[[-2.80280709e-01  1.13577217e-01 -8.61097872e-02  1.23642474e-01
   4.01216149e-02  3.08841616e-01  1.75116867e-01 -1.84258997e-01
   4.03294891e-01 -3.13733220e-02 -4.59343791e-02  4.13237900e-01]
 [ 1.10995255e-01 -2.96621602e-02  1.85215190e-01 -1.08467668e-01
   1.55072454e-02 -3.65758464e-02  2.26379856e-01 -3.90833646e-01
   1.84899658e-01 -9.49781463e-02 -2.44037434e-01 -2.34935448e-01]
 [ 4.09194589e-01  3.29465955e-01 -6.58688694e-02  2.53431469e-01
   3.01926225e-01 -1.90734923e-01 -2.85533607e-01  1.72143117e-01
  -8.28824416e-02  3.80841941e-01  4.24229383e-01  3.39057475e-01]
 [ 1.10096134e-01 -1.90601990e-01 -2.28705510e-01  1.44206703e-01
   3.82077098e-01 -2.91949570e-01  8.83959308e-02  2.93130547e-01
   2.22476378e-01  2.06052028e-02  9.09391493e-02  1.74708381e-01]
 [ 6.93226606e-02 -2.17877477e-02 -2.56567180e-01 -2.02984959e-01
   4.52823378e-02  4.82983179e-02  3.13734591e-01 -1.77316010e-01
   4.20430213e-01  5.06478958e-02 -2.26290509e-01  2.71529913e-01]
 [-1.47064924e-02  3.64339054e-01  2.10838243e-01  4.13017571e-01
  -1.71797976e-01 -2.70132989e-01  1.75359584e-02  8.66177827e-02
   2.84673601e-01 -2.81932592e-01 -2.79009014e-01 -2.83952594e-01]
 [ 1.27939180e-01 -2.63113290e-01  2.16899976e-01 -3.09190720e-01
   3.40391457e-01 -3.47481482e-02  7.22929761e-02  2.33368978e-01
  -1.35793106e-03 -2.69008636e-01  2.20762849e-01  4.53187227e-01]
 [ 1.74104050e-01  7.24733695e-02  2.19720080e-01  1.25490859e-01
   4.85192448e-01  3.35241914e-01  3.65253910e-02 -2.67220363e-02
   2.29144663e-01  2.05851391e-01  3.77641290e-01 -5.79721890e-02]
 [ 2.94266969e-01  4.66065764e-01  1.94534823e-01 -5.16526178e-02
   2.25812346e-01  4.06239271e-01  1.81009620e-01  3.08468997e-01
   3.87817115e-01  3.54974419e-01  2.13671267e-01  1.72354102e-01]
 [-1.01813890e-01  2.02430375e-02  1.65905684e-01 -1.57797635e-01
   2.84999579e-01 -4.12603438e-01  2.62646489e-02 -6.02588244e-02
   3.47609043e-01  3.47910821e-02 -1.22718282e-01  1.43493786e-01]
 [ 3.33085358e-01 -1.00650482e-01 -3.25863153e-01 -1.80093303e-01
   3.81736904e-01 -1.50426313e-01 -7.37529695e-02 -2.73898929e-01
   1.31618708e-01  5.04170880e-02  3.42891306e-01  1.09784212e-02]
 [ 4.65100139e-01  1.74944982e-01  9.89122391e-02  5.78612313e-02
  -2.22184315e-01  2.84446090e-01  2.14365363e-01 -1.10231310e-01
   1.72103811e-02 -4.92863059e-02 -9.16152745e-02  7.38231987e-02]
 [-1.06915474e-01 -2.63913069e-03 -2.18715388e-02 -1.90493882e-01
  -1.07055768e-01  3.38117629e-01  7.56989745e-03  1.18828632e-01
   1.24215305e-01  1.87261567e-01 -2.98017800e-01 -1.60088763e-01]
 [ 5.97352862e-01 -2.27101684e-01  5.03644288e-01 -3.02369982e-01
  -4.60886449e-01  1.24333963e-01 -5.98908961e-01 -1.12425976e-01
   5.34346402e-01  2.23142475e-01  2.76381820e-01  1.39331877e-01]
 [ 5.61170280e-01 -1.60380810e-01  1.29812479e-01  3.31565179e-02
  -3.21505427e-01  4.09123808e-01 -3.80211622e-01 -1.65315881e-01
   8.37643266e-01  1.59640968e-01 -1.98625222e-01 -1.59120664e-01]
 [-2.89184093e-01  1.30108148e-01 -2.57415980e-01  2.51055866e-01
   2.50662804e-01  6.91380501e-02  4.43370789e-01 -3.12354028e-01
   1.02563173e-01  3.56938434e-03 -3.77730638e-01 -1.75590739e-01]
 [ 1.76593602e-01  3.53444815e-01  6.50835559e-02  1.47609934e-01
   1.77034199e-01 -3.73688102e-01  3.79747331e-01 -1.45245060e-01
  -1.56056747e-01 -1.79150403e-01 -3.52632135e-01 -5.26404858e-01]
 [ 4.18867350e-01 -4.87810403e-01 -1.80542991e-01 -3.24399382e-01
  -2.95224518e-01  1.11025698e-01 -6.34388745e-01  2.70981014e-01
   4.55448538e-01 -1.59072027e-01  3.45082253e-01 -2.97252744e-01]
 [-8.83751288e-02  1.27737910e-01  3.23295206e-01 -2.54832536e-01
   2.27080975e-02  3.61160100e-01  5.94875872e-01 -2.27607116e-01
  -2.33724058e-01 -2.85115540e-01  1.65110752e-01  9.92550999e-02]
 [-1.01626255e-01  4.40659761e-01  4.59349602e-02  6.61638305e-02
   2.52599479e-03 -3.92310709e-01  3.80991518e-01 -3.41419905e-01
  -1.96350943e-02 -7.84546584e-02 -2.56770670e-01 -6.88831732e-02]
 [-5.23762524e-01  8.83050799e-01 -3.04128498e-01 -2.43064970e-01
   1.02189898e+00  2.89736897e-01  1.07946920e+00 -2.41078392e-01
  -1.30125415e+00 -3.74263287e-01 -5.78226484e-02 -8.07131231e-02]
 [-9.63056087e-01  7.86302805e-01 -3.55478734e-01 -1.53950006e-01
   5.88715494e-01  7.64034241e-02  9.84657943e-01  7.51738548e-02
  -1.36249006e+00  3.58274609e-01  3.33438784e-01 -8.84405449e-02]]
Peso 2:
[ 0.7938098  -0.34007198  0.27898607  0.07694454 -0.1998071   0.00991809
 -0.6343791  -0.03570653  1.1289504  -0.0404344   0.06244315  0.21309209]
Camada: saida
Peso 1:
[[-1.1455207   1.1043413 ]
 [ 0.9614663  -0.9444121 ]
 [-0.69347465  0.4227307 ]
 [-0.54605806 -0.13824698]
 [ 1.0429468  -0.7899697 ]
 [-0.12195418  0.05314708]
 [ 1.5115609  -1.1753588 ]
 [ 0.08406766 -0.06445859]
 [-1.6752304   1.6645181 ]
 [-0.17372979 -0.29914266]
 [-0.62990713 -0.25903958]
 [-0.40020478  0.5103294 ]]
Peso 2:
[-0.32167226  0.3216736 ]



pesos modelo: 
Test loss: 2.3117, Test accuracy: 0.6129
Camada: meio
Peso 1:
[[-0.1071319  -0.08629847 -0.00736246 -0.21376751 -0.11312473 -0.19431674
  -0.37850302  0.29077175  0.00562394 -0.27131736 -0.1971079   0.33584496]
 [ 0.20054458  0.14433224  0.10794665 -0.27455547 -0.03903112  0.00432014
  -0.2505973   0.5239548  -0.04660464 -0.10904181 -0.17735338 -0.05843088]
 [-0.01224478 -0.02657717  0.3098473  -0.22541955  0.28583348  0.4308603
  -0.40438068 -0.05762269 -0.2474085   0.26517892  0.12924094  0.22860919]
 [ 0.00959537 -0.13854672 -0.03507623 -0.23134147  0.02169714 -0.24539886
   0.2788594   0.11378284  0.2038729   0.12188793 -0.08016559  0.15851328]
 [-0.2864301  -0.21905248 -0.16968985  0.3188607   0.31019545  0.24885577
  -0.17752819  0.20198113  0.02015358  0.04742182 -0.19758204  0.3525402 ]
 [-0.33909854  0.17735691 -0.1580275   0.21143107 -0.04662016  0.10454774
  -0.08933588  0.27108362  0.10610446  0.15011747  0.48391855  0.25559694]
 [ 0.2873911  -0.27941853 -0.10495979  0.17416279  0.29677823  0.31488657
  -0.17455862  0.29225612  0.12034551  0.26485074  0.08370384 -0.27451786]
 [ 0.29224706 -0.21452078 -0.32263383  0.12715814  0.17301126  0.3877156
   0.37453762  0.23913181 -0.19239828  0.02601811  0.38784945 -0.38848528]
 [-0.19657007 -0.03922071  0.46733072  0.07144494 -0.05536931  0.1682584
  -0.1984385  -0.04716343 -0.02684712  0.19135483  0.33572057 -0.18833044]
 [ 0.31125066  0.29380852 -0.05539143 -0.23550661  0.3247257  -0.19371755
  -0.09359348 -0.29145887 -0.29918808  0.13316998 -0.26652887 -0.1038036 ]
 [-0.00967385  0.36092517 -0.20901293 -0.37759444  0.06592956 -0.10523237
   0.19105577 -0.06192585 -0.11309234 -0.02404423  0.2302563   0.27584234]
 [ 0.11803048  0.32139507 -0.11407453  0.17557618  0.4667235  -0.05329932
  -0.33257     0.2051519   0.3369844  -0.21058984  0.108934    0.20699653]
 [ 0.06997554  0.06138258 -0.3144168   0.06243005  0.17772593 -0.05641732
   0.3056933   0.27238056  0.05402551 -0.376695    0.03420205 -0.10466886]
 [ 0.17986535 -0.22001407  0.4573388  -0.05125855  0.6204982  -0.44800007
   0.18680495  0.64754367 -0.01353237  0.25593537  0.53125167  0.24633676]
 [ 0.10782635 -0.4358792   0.36119437  0.3301522   0.1784281  -0.27676794
   0.16143131  0.63859934 -0.5120894  -0.374404    0.59045374 -0.02754743]
 [-0.06473705  0.25834763  0.11236414 -0.2212169  -0.24558884  0.37747723
  -0.26225057 -0.20650074  0.13815399  0.34905556  0.2502403  -0.38723183]
 [ 0.17381163  0.18029135  0.0226479  -0.00177892 -0.03120991  0.28716478
  -0.37463894  0.3008836   0.42807943  0.22013068 -0.45616883 -0.35874343]
 [ 0.28636548 -0.25585917  0.00732828  0.04938224  0.69660676 -0.31225666
  -0.12956361  0.66775054 -0.20256928  0.2117237   0.3594788   0.06686686]
 [ 0.23522638 -0.06125578  0.4989448  -0.38552743 -0.12603447  0.2996144
  -0.2942215  -0.06201003  0.5328855   0.12110609 -0.10299805 -0.36460155]
 [ 0.2811839   0.5209947   0.36654148  0.10156468  0.23361963  0.32182193
   0.02143752 -0.5134708   0.5090674   0.30724287  0.3413764   0.1351521 ]
 [ 0.6447564   0.62539613 -0.5679116  -0.12279776 -0.9145606   1.3179461
   0.39320597 -0.3747631   1.1608924  -0.30969182 -0.24944001 -0.01650633]
 [ 0.62725776  0.48766196 -0.37468883 -0.14137578 -1.1836163   1.4387012
  -0.1287222  -0.37609562  0.6493537  -0.05595293 -0.55287653 -0.03569536]]
Peso 2:
[-0.08880874 -0.17256804  0.3361394  -0.05666648  1.0363752  -0.574866
 -0.02001866  0.61083835 -0.4210276   0.04029576  0.41644284 -0.07665119]
Camada: saida
Peso 1:
[[ 0.34492493 -0.66961354]
 [ 0.5785424  -0.74054474]
 [-0.5561295   0.6489617 ]
 [ 0.48511666  0.4314879 ]
 [-1.3694707   1.5564518 ]
 [ 1.6185335  -1.4659297 ]
 [ 0.46785492  0.31046465]
 [-0.7755637   1.1433456 ]
 [ 1.1834788  -1.0329632 ]
 [-0.5770999  -0.29959205]
 [-0.9036329   0.6527988 ]
 [ 0.42503393  0.38793018]]
Peso 2:
[-0.40679106  0.40679285]



pesos modelo: 
Test loss: 2.6053, Test accuracy: 0.5888
Camada: meio
Peso 1:
[[-3.48237336e-01  1.01298720e-01  2.96652049e-01 -1.18940860e-01
   1.43373579e-01  1.33789569e-01  4.11703616e-01 -1.73776790e-01
   4.04790312e-01  4.93128300e-02 -2.86053300e-01  3.16561550e-01]
 [ 3.69207144e-01  2.24312246e-02 -7.78260082e-02  3.15928131e-01
  -7.80806765e-02 -2.79968351e-01  4.89730120e-01  1.16856299e-01
  -3.73480320e-01  2.19345436e-01  8.50148648e-02  2.53161520e-01]
 [ 6.21447619e-03 -1.62044957e-01  1.34307727e-01  6.30419105e-02
   1.79552168e-01 -8.57418701e-02 -2.82719582e-02  7.88389239e-03
  -2.67748415e-01 -2.43138507e-01  1.94112763e-01 -2.47911587e-01]
 [-3.22669059e-01  2.12984625e-02  9.89921167e-02  3.91395912e-02
  -8.32259953e-02 -4.19689622e-03  3.30389231e-01  2.22761884e-01
  -2.12589260e-02 -1.20937988e-01 -1.33635715e-01 -2.02886522e-01]
 [ 2.73877591e-01  1.88785091e-01 -1.97355166e-01  8.77849311e-02
  -5.12656718e-02  1.88502192e-01 -4.65893969e-02  3.96298885e-01
  -2.10978523e-01  2.91390121e-01 -4.15359527e-01  4.22960855e-02]
 [-2.44981349e-01  2.50375748e-01 -2.51463592e-01 -2.26365134e-01
  -2.08791122e-01 -1.27638817e-01  3.98266643e-01  3.45947623e-01
   2.21552938e-01 -2.35016868e-01  3.85225177e-01 -9.54700261e-02]
 [ 3.78344327e-01  1.47472098e-01  4.11310852e-01 -3.62059474e-02
  -1.36032477e-01  3.95181060e-01 -1.98828533e-01  3.56487751e-01
   4.38402258e-02 -4.18966562e-01  2.84250915e-01 -3.63719285e-01]
 [ 3.84656310e-01  2.09619716e-01 -3.47974092e-01 -3.17487895e-01
  -2.60004967e-01 -1.87742054e-01  2.19175950e-01  1.18703529e-01
  -2.14641154e-01  1.72360569e-01  3.36883426e-01  4.70015630e-02]
 [ 5.76458648e-02 -1.97998345e-01  4.10208344e-01  2.84329653e-01
   5.70600368e-02 -1.49398342e-01  3.79566282e-01 -1.32259041e-01
  -3.40677977e-01 -3.70473683e-01 -3.07950258e-01  1.46958515e-01]
 [ 2.38511071e-01  3.55544500e-02  2.80004174e-01  2.93348163e-01
  -8.26166421e-02  2.33012050e-01 -5.24948798e-02  2.98982501e-01
   2.35325489e-02 -2.85318475e-02 -3.06163222e-01  2.45671377e-01]
 [ 5.66913299e-02  1.90535769e-01  2.19071433e-01  2.59267054e-02
   2.67538518e-01  4.67888504e-01  4.29604053e-01 -1.24392338e-01
   8.19795281e-02  2.16740027e-01 -2.34455287e-01 -3.00808460e-01]
 [ 9.96436365e-03  2.36285776e-02  3.79795820e-01  2.22187132e-01
  -3.37882251e-01  3.95588577e-01 -1.13456734e-01  8.01311061e-02
  -2.51090318e-01  4.16054487e-01 -3.13270748e-01 -2.95652330e-01]
 [ 8.22805166e-02  1.57691240e-02 -1.32081896e-01  9.46162343e-02
   6.97054937e-02  4.96079355e-01  1.36136254e-02 -1.71691999e-01
   1.68189436e-01  3.48317116e-01 -1.92135170e-01 -6.95893466e-02]
 [ 4.16533470e-01 -7.04246640e-01  3.35324764e-01 -8.55860561e-02
  -7.70767331e-02  3.88717204e-01  2.64200382e-02  6.40925765e-01
  -1.06359497e-01 -1.23001508e-01  2.61908352e-01 -2.03043353e-04]
 [ 1.99264690e-01 -7.60451496e-01 -4.22408044e-01 -1.06782816e-01
  -2.43697286e-01  2.69699275e-01  6.76138937e-01  2.62587160e-01
  -2.11913779e-01  4.05958146e-01 -1.69198923e-02  1.41751945e-01]
 [ 4.67390427e-03  4.52655822e-01 -1.86604574e-01  1.05986476e-01
  -4.23435867e-01  3.06644887e-01 -2.11597025e-01 -1.96214274e-01
  -3.15316439e-01  2.62218803e-01  8.95077363e-02  5.36455549e-02]
 [-1.56634554e-01  4.36317414e-01  1.69209540e-02  2.98046619e-01
   3.61369640e-01 -1.42148107e-01  7.27595761e-02 -8.20044279e-02
  -1.91689298e-01  4.61153656e-01  1.40137121e-01 -1.41611546e-01]
 [-2.89893955e-01 -8.53907526e-01 -2.97743320e-01 -5.56383431e-01
   1.09894097e-01 -9.98736992e-02  5.66901147e-01  5.55875182e-01
   2.68172473e-01 -1.71645418e-01 -2.43221417e-01 -1.53886005e-01]
 [ 1.53956175e-01  5.42893589e-01  7.01263770e-02  3.02987337e-01
   3.45151007e-01 -8.54308903e-03 -2.06453994e-01  7.13782459e-02
   2.17536435e-01 -3.32152903e-01 -1.04265481e-01  3.94407094e-01]
 [ 2.16537535e-01  6.30514145e-01  1.41537353e-01  3.90289798e-02
  -3.87055427e-01 -1.86405424e-02 -4.90091145e-02  2.57251143e-01
  -5.22551760e-02 -3.03326428e-01  2.19176397e-01 -2.61237979e-01]
 [ 1.07226640e-01  1.65744185e+00  2.58903474e-01  4.21557486e-01
   3.16093639e-02 -6.97373271e-01 -5.75859427e-01 -1.01307905e+00
  -1.06714562e-01 -2.45913222e-01  3.03149074e-01  2.28845820e-01]
 [-5.43089986e-01  1.80377269e+00 -3.38098854e-01  8.18751156e-01
   3.63114655e-01 -6.02878451e-01 -4.69186395e-01 -5.12668490e-01
  -3.17678273e-01 -3.10439076e-02 -2.34243795e-01 -1.68829098e-01]]
Peso 2:
[ 0.15341131 -0.9439401  -0.02049725 -0.26939332  0.02933829  0.5781033
  0.74406683  0.828281   -0.01201461  0.17895848 -0.00135535  0.01604513]
Camada: saida
Peso 1:
[[-0.81856006 -0.27437684]
 [ 1.9735115  -2.3097408 ]
 [ 0.32555133  0.2970801 ]
 [ 0.9212664  -0.47429898]
 [-0.21678095  0.10360441]
 [-0.8770373   0.6803661 ]
 [-0.61804515  1.1884549 ]
 [-1.3132588   0.85521626]
 [-0.48510885 -0.6149036 ]
 [-0.8474771  -0.11437721]
 [-0.37443784 -0.30310255]
 [ 0.0565723   0.34253234]]
Peso 2:
[-0.6341296  0.6341337]



pesos modelo: 
Test loss: 2.4231, Test accuracy: 0.5951
Camada: meio
Peso 1:
[[-0.39407566 -0.2818961  -0.39952976 -0.39290103  0.38054368 -0.2295055
  -0.21143177 -0.16441083 -0.18420121  0.32716402 -0.3305515   0.27183774]
 [ 0.17653117  0.09466912 -0.10624007 -0.33960074  0.05334762 -0.36276454
  -0.09982365  0.07120854  0.09635011 -0.28530592  0.28269845 -0.26585254]
 [ 0.15259446  0.39226952 -0.30503485  0.31255192 -0.33852988  0.06826566
  -0.28969005  0.1143185  -0.21982504  0.23060507  0.4138101  -0.30969706]
 [-0.3075461  -0.00263995  0.01681714 -0.2633018  -0.12875897  0.04199071
  -0.04269438  0.09059031  0.15741754 -0.07283369  0.37405643  0.24943715]
 [-0.2337584   0.09268103  0.32472694 -0.15574042 -0.3577545   0.2719234
   0.0638769  -0.02966687 -0.16240807 -0.12562828 -0.29296374  0.15528789]
 [-0.03762557  0.2503912  -0.22593753 -0.05716343 -0.13631967 -0.34150025
   0.1917914   0.05442227  0.11702498  0.32044423  0.39127034 -0.38094684]
 [ 0.08110281  0.16271907  0.19412827 -0.17816332 -0.40649697 -0.06322347
   0.23178115  0.10952212  0.3617841   0.2184432   0.18744184  0.14846615]
 [-0.25027367 -0.17882141  0.17652196  0.19928423 -0.3190418   0.21158578
   0.15315449 -0.1354862   0.3619009   0.00945497 -0.27051854 -0.12005956]
 [ 0.4589242   0.37333086 -0.4021257   0.38120702  0.03975713 -0.17843588
  -0.35954952  0.16377428  0.06845499 -0.1396065  -0.35098904  0.08646939]
 [-0.03337481  0.02576363 -0.13267872  0.25222224  0.02593189  0.10187175
  -0.11860811 -0.11051963 -0.25658706 -0.20171446  0.12649986  0.38024315]
 [ 0.38402516  0.34847346 -0.05443799 -0.13667752  0.18033569 -0.4220567
  -0.3675342   0.15421146 -0.05152566 -0.1756027  -0.06339425  0.23869309]
 [ 0.08543906  0.31379592 -0.09122732 -0.27040124  0.28109246  0.14847249
  -0.08734465  0.06641895 -0.2965277  -0.14980619 -0.2727509   0.04931716]
 [-0.21272047 -0.08631434  0.16074023  0.1285974  -0.22674356 -0.14437786
  -0.27979293 -0.08106313  0.32368246  0.22210726  0.31976965 -0.42952135]
 [ 0.12096358  0.6163174  -0.11404435 -0.19132501  0.39862502 -0.10470588
   0.20919159 -0.8273877  -0.07105327 -0.16730252  0.02449828  0.44315633]
 [-0.28910223  0.84538317 -0.05434052 -0.10932853 -0.20937723 -0.2471109
   0.05285664 -0.5731143   0.16425207 -0.34640682 -0.2728429  -0.17036152]
 [ 0.11989636  0.2116498   0.07840274 -0.20342313 -0.07609954 -0.35327482
  -0.30655628  0.70711124  0.14198747  0.5615378  -0.29386005  0.20366998]
 [-0.16067436 -0.04823038  0.29954094 -0.26182142  0.0604594   0.09580595
  -0.4011488   0.62548697 -0.409958   -0.09239161  0.10593186  0.17006575]
 [-0.33916545  0.6908777   0.02950377  0.2688017   0.13777804  0.27949747
   0.23186655 -0.835869    0.53808117 -0.20239207 -0.04302605  0.24016656]
 [ 0.25093335 -0.0341775   0.07772296 -0.36346638 -0.31853992 -0.31630823
  -0.24885927  0.41691184  0.4189614   0.56273997 -0.38210565 -0.24150078]
 [ 0.5594274   0.09672391  0.06597643 -0.20033945  0.07107244 -0.12380366
   0.2848005   0.631633    0.11819749  0.07082988  0.21456487 -0.13406444]
 [ 0.2844029  -1.3735799  -0.33327278 -0.31203762 -0.3472434   0.32635584
  -0.26861626  1.5211416  -0.59588784  0.3052631  -0.1211932   0.20177215]
 [ 0.6017696  -1.4495131  -0.20292889 -0.25909692 -0.08325911 -0.11640538
  -0.18395853  1.3613948  -0.24062239  0.71496785 -0.43303397  0.13637933]]
Peso 2:
[-1.3525383e-02  1.1811501e+00  1.1008786e-01 -2.1347335e-02
 -3.7528624e-04 -9.4266728e-02 -1.3092501e-01 -9.4204086e-01
  4.7225964e-01 -5.6993693e-02  1.4009826e-01  5.6025772e-03]
Camada: saida
Peso 1:
[[ 0.56733453 -0.2253829 ]
 [-1.3246186   2.2196887 ]
 [-0.24232244  0.18025644]
 [-0.5515032  -0.6091252 ]
 [-0.22518875 -0.19539921]
 [ 0.28246763 -0.3145499 ]
 [-0.0831444  -0.5445553 ]
 [ 1.6602528  -2.1977048 ]
 [-0.6062083   0.6835188 ]
 [ 0.4235472  -0.7062463 ]
 [ 0.31521618  0.8588243 ]
 [ 0.07685472  0.35431436]]
Peso 2:
[-0.5419871  0.5419887]



pesos modelo: 
Test loss: 1.5708, Test accuracy: 0.6887
Camada: meio
Peso 1:
[[-4.11239356e-01 -9.34714377e-02 -4.14761543e-01  2.20999867e-01
   2.55091220e-01 -2.54333138e-01 -9.51164067e-02 -1.79101273e-01
   3.94552082e-01 -1.97991565e-01 -3.26966941e-01  3.68917495e-01]
 [-6.54300526e-02 -1.58514485e-01  2.52487361e-01 -1.18321598e-01
   1.01535738e-01 -9.47423745e-03  4.09335613e-01 -6.36136234e-02
   1.31341424e-02  3.93516809e-01 -2.36653537e-01  3.97796221e-02]
 [ 7.80643821e-02  3.53667170e-01 -4.44076657e-01  1.65841818e-01
   2.93767542e-01  3.40278417e-01 -3.49127144e-01 -2.67994571e-02
   8.17624331e-02 -1.55585781e-01  4.11788464e-01  3.32230389e-01]
 [ 3.88081133e-01  6.95133060e-02  3.53644192e-01 -4.39615212e-02
  -3.88837814e-01 -2.71029383e-01 -3.62478226e-01  7.84806311e-02
  -1.71881571e-01  4.77017194e-01  1.62565544e-01  1.84294298e-01]
 [-3.89503896e-01  2.54966468e-01  3.42121691e-01  4.98177446e-02
   2.25451276e-01 -4.16557372e-01  5.36018312e-02  3.42826426e-01
   1.95460604e-03 -3.63006979e-01  7.92842954e-02  2.59998202e-01]
 [-2.56906778e-01  3.95032950e-02 -4.34497982e-01 -4.76035625e-02
  -3.01098138e-01  1.92091778e-01  7.71832019e-02 -1.50563896e-01
  -3.73539329e-01 -1.27681615e-02  2.96243459e-01  1.84334546e-01]
 [-3.07466149e-01  2.46095896e-01  2.18434781e-01  1.92748696e-01
   3.36992353e-01 -1.99412018e-01  2.12138265e-01  2.11239666e-01
  -4.20863964e-02  3.24245304e-01  2.78912216e-01 -1.01767378e-02]
 [-1.79843247e-01  2.73442358e-01  2.82415241e-01  1.43782049e-01
   1.69159546e-01  1.72642618e-02 -2.90084451e-01  1.97429553e-01
  -4.53887880e-02  3.67217250e-02 -3.42202932e-01  3.47686410e-01]
 [ 1.16911359e-01  9.87224802e-02  1.35854363e-01 -1.97955389e-02
   1.87037602e-01 -3.85125697e-01  1.34176478e-01  2.74131924e-01
  -3.69879812e-01 -1.26816049e-01 -9.50411186e-02 -8.59248862e-02]
 [ 1.45159230e-01  1.31211832e-01  9.64990482e-02  5.57735600e-02
  -3.12977970e-01  1.02116235e-01  7.74968490e-02 -2.29765788e-01
  -3.73824328e-01  1.57649919e-01  4.84491624e-02 -8.97697881e-02]
 [-3.42488259e-01  2.04762071e-01 -5.47384843e-02  1.45995915e-01
  -2.87895858e-01  1.35245502e-01  4.76998016e-02 -3.56931478e-01
  -3.43715139e-02  3.78789723e-01 -7.84420297e-02 -1.85206518e-01]
 [ 7.29972869e-02  2.02782631e-01  1.10293910e-01  4.69529666e-02
   2.41770465e-02 -6.82778731e-02 -1.02302395e-01  3.00814867e-01
  -1.01422951e-01 -8.05461928e-02 -3.91651660e-01 -2.95393497e-01]
 [ 3.22026521e-01  1.62448183e-01  2.76635289e-01  1.03459492e-01
   3.75865370e-01 -1.39237046e-01  2.61777431e-01  1.04900286e-01
  -7.93482701e-04  1.00256994e-01  2.91230367e-03  1.67222917e-01]
 [-1.19034372e-01  9.83726501e-01  3.39043379e-01 -3.96177620e-01
   1.30620614e-01  1.94455367e-02  2.90332139e-01  1.46246284e-01
  -4.12283033e-01 -3.15289587e-01  3.56839567e-01  1.53231382e-01]
 [-2.60422856e-01  8.47840190e-01 -1.28819346e-01 -4.21561182e-01
  -1.76884145e-01 -2.54412681e-01 -2.34566614e-01  1.29897505e-01
  -5.57904802e-02  3.37656438e-01 -1.17779538e-01 -7.37282932e-02]
 [-8.86009783e-02 -2.10454583e-01 -4.35570866e-01  2.09948033e-01
  -1.94397047e-01 -3.86033416e-01  1.90625042e-01  4.02859122e-01
   3.94605547e-01 -3.66114199e-01  3.49831551e-01 -3.43176275e-01]
 [ 1.02429911e-01  2.17700243e-01 -2.45089158e-01  5.26703119e-01
  -5.83074838e-02 -1.16751671e-01 -1.58099532e-01  1.78181157e-01
  -1.01945549e-01  3.18129025e-02 -4.40676790e-03 -2.30625764e-01]
 [-3.15436125e-01  7.99407184e-01 -2.56661743e-01 -6.83832467e-01
   3.99706662e-01  8.69154260e-02  1.77137077e-01 -1.81485698e-01
  -3.66502970e-01  1.47502452e-01 -3.71314317e-01 -1.82737365e-01]
 [-1.97723091e-01  8.06378871e-02  3.47617596e-01  5.69060028e-01
   3.85285348e-01 -2.73148298e-01 -4.60990727e-01 -2.17883572e-01
  -3.08019668e-01  1.54877946e-01  1.29364774e-01  1.85853988e-01]
 [ 9.77224857e-02 -1.41183082e-02 -4.35989738e-01  4.62265968e-01
  -3.29679430e-01  3.18142891e-01  7.94643834e-02  3.28410327e-01
   2.79645175e-01  5.35228588e-02 -6.64249714e-03 -3.90931189e-01]
 [-1.69813871e-01 -1.25871336e+00  1.20076902e-01  1.91276026e+00
   1.98198125e-01  2.48408020e-01  1.49245933e-01  2.39153951e-01
  -1.06271893e-01 -5.50146580e-01  4.10067797e-01  1.38643533e-01]
 [-3.63253832e-01 -1.31423652e+00  2.95838326e-01  1.96387339e+00
  -2.47090280e-01 -3.05325896e-01  5.32080643e-02 -2.71595269e-01
  -1.20157391e-01  5.28046787e-02 -2.82244027e-01 -3.77565384e-01]]
Peso 2:
[-0.02716159  1.1132708   0.01961478 -0.7950097   0.03203413 -0.006924
  0.04938279 -0.03760058 -0.02003533  0.21716984 -0.0206781   0.07916315]
Camada: saida
Peso 1:
[[ 0.1291391   0.13551982]
 [-1.6475506   1.8782113 ]
 [-0.41556248 -0.13185784]
 [ 2.3010724  -1.9371874 ]
 [-0.35412267 -0.03667501]
 [ 0.5953888   0.50930434]
 [-0.16285384  0.36023492]
 [ 0.09253629 -0.01671583]
 [ 0.1448515  -0.11117794]
 [-0.5093112   0.27145123]
 [ 0.6189427   0.55699325]
 [-0.5996301  -0.28535125]]
Peso 2:
[-0.37935382  0.37935543]



pesos modelo: 
Test loss: 2.1707, Test accuracy: 0.6295
Camada: meio
Peso 1:
[[-0.03886107 -0.39419124  0.21987942 -0.08797127  0.25788674 -0.18292552
  -0.3489841   0.40102145 -0.27253756  0.01790917 -0.16091758  0.15616098]
 [ 0.294988   -0.13597858  0.1559426  -0.15236264 -0.03148651 -0.35359564
  -0.1453595  -0.24486455  0.02947108 -0.16493556  0.18059696  0.06580849]
 [ 0.35869217 -0.3045825   0.10742217 -0.00416417 -0.03572319  0.09299876
  -0.36011118 -0.14340223 -0.18819317 -0.05604307 -0.15082121  0.1958845 ]
 [ 0.30786628  0.4409353   0.3606898   0.04824809  0.16532059  0.30563918
  -0.19160336 -0.02763052  0.18415353  0.20616391  0.09135418  0.391737  ]
 [-0.39948308  0.15543804 -0.18769196  0.43275204  0.23433879 -0.09306398
   0.05346034  0.14743496  0.17577712  0.07816642 -0.21783674  0.24617375]
 [-0.3276945  -0.38154665 -0.09216341  0.3030744   0.25202906  0.25762668
   0.22487085  0.48586985  0.01083283  0.36784002 -0.02116119 -0.29272386]
 [-0.32408765  0.3668716   0.43333817 -0.19710818  0.30133715  0.05804497
   0.35184923  0.12589416  0.08824628  0.2338254  -0.01522477  0.37779826]
 [ 0.08556486  0.31630793  0.36342975 -0.15355359  0.40787926  0.23802322
   0.19530828  0.22412501  0.306289    0.2510959  -0.37078568 -0.256616  ]
 [-0.01488224 -0.06061914  0.0710397   0.06414381  0.02601918  0.0257518
   0.18794592  0.06969948 -0.08556663  0.16388237 -0.09750407 -0.36648458]
 [ 0.12745427 -0.01221683 -0.29460916 -0.25493678 -0.02384376  0.24792059
  -0.14601491  0.07321552 -0.19358936  0.19150501 -0.06538818 -0.0480579 ]
 [-0.42039064 -0.20632006  0.16200945 -0.34426126  0.484873    0.13170896
   0.2763822   0.1835234  -0.36516365 -0.04950757 -0.17736852  0.18671076]
 [-0.11277469 -0.2870388  -0.27949145  0.11806325  0.24552666 -0.02492593
  -0.28681523  0.11504487  0.34868076 -0.01196338  0.3149487  -0.37560356]
 [ 0.04060612  0.3192984  -0.27344725  0.04650747  0.05925961 -0.02739762
  -0.34563679  0.16761912 -0.06705593  0.06740293  0.00479273 -0.35584253]
 [-0.3945657   0.00735174 -0.1639408  -0.26845077  0.7003832  -0.25101575
  -0.32824358 -0.72204924  0.13199951  0.4274876  -0.09838343  0.20858036]
 [-0.16758236  0.17570077  0.22480217 -0.18633103  0.50092745 -0.31267053
  -0.17014433 -0.7323044  -0.17333008  0.52206206  0.44878945  0.03732374]
 [-0.41719013 -0.04508852  0.46266258  0.10352473  0.18177825 -0.28816545
   0.0581851   0.44946665  0.27524814 -0.07125548 -0.37516963 -0.06450356]
 [-0.00169744 -0.10276245  0.08304391 -0.27390087 -0.26024082  0.273713
  -0.1706705   0.45352674  0.04992118  0.10975723 -0.06768942 -0.10237874]
 [ 0.29480648 -0.4074927  -0.46125942  0.03392591  0.1361666   0.15318975
   0.4307225  -0.65001947  0.16808182  0.8314466   0.36334813 -0.3119491 ]
 [ 0.25762665  0.1058253   0.35877177 -0.1530984  -0.13921437  0.10780341
   0.08193473  0.4995561   0.31611213  0.12672521  0.5205828  -0.02442148]
 [ 0.36743164 -0.10670255  0.0016851   0.01434778 -0.22182591  0.45117858
  -0.45807216  0.450418    0.47494084  0.05363521 -0.1563816  -0.00556867]
 [-0.19687048 -0.3070486   0.7798547   0.02969982 -0.99755675  0.02695969
   0.183589    1.1751968   0.5465001  -1.372746   -0.03840685  0.20428123]
 [ 0.23263419  0.4453963   0.42574447 -0.1670781  -0.93969953  0.09329161
   0.26593646  1.3455044   0.00393756 -1.4716172   0.25297    -0.15530412]]
Peso 2:
[-0.00808728 -0.04031561 -0.08523249  0.04127721  0.94134015 -0.04998868
 -0.06018664 -0.67033195 -0.13195583  1.0563302   0.15675427 -0.00764904]
Camada: saida
Peso 1:
[[-0.3368834  -0.24482498]
 [ 0.46601766  0.14016673]
 [ 1.1773639   0.00753527]
 [-0.46855572  0.4279475 ]
 [-1.3519373   1.3837456 ]
 [-0.06866771 -0.36831698]
 [-0.25296196  0.08957535]
 [ 1.6938578  -1.6677731 ]
 [ 0.3706819  -0.40058905]
 [-1.5208609   1.8303764 ]
 [-0.3120818   0.28120753]
 [ 0.4878716   0.46610227]]
Peso 2:
[-0.30552793  0.30553043]



pesos modelo: 
Test loss: 1.4677, Test accuracy: 0.6859
Camada: meio
Peso 1:
[[-5.93661666e-02  8.87268484e-02  3.18693072e-01 -9.82583761e-02
  -2.20080838e-01 -9.95892584e-02 -2.44038105e-01 -1.97791055e-01
  -3.98412049e-02 -2.53303230e-01  5.93889952e-02  3.20929676e-01]
 [-2.23584995e-01 -4.10454988e-01 -2.20986009e-02  3.84391755e-01
  -1.30113941e-02 -2.47204393e-01 -2.16977865e-01  3.41405645e-02
  -2.22662196e-01  4.92525756e-01 -1.88561648e-01 -3.69827598e-01]
 [ 3.63046199e-01 -1.45317897e-01  1.86640978e-01 -3.80274743e-01
   1.96638018e-01  5.37027977e-02  1.15569025e-01  1.33726031e-01
   4.12639022e-01  2.10221723e-01  3.51203918e-01  3.54261309e-01]
 [-2.66094387e-01  1.65369129e-03  2.06765577e-01 -1.61195993e-01
   4.06800091e-01 -1.70406863e-01  2.07096234e-01  2.54198343e-01
   2.46901721e-01  2.52294570e-01 -1.25310838e-01 -2.88174212e-01]
 [ 7.11330250e-02 -3.93355414e-02  5.13787055e-03  1.42786466e-02
  -8.08940232e-02 -4.02904898e-01  3.73722136e-01 -1.74562052e-01
  -2.46544674e-01 -6.64363801e-03 -2.86663413e-01 -2.51462698e-01]
 [-9.25485641e-02 -1.19339436e-01 -6.73859343e-02  2.60880619e-01
   9.18076932e-02 -1.20700017e-01  1.94201469e-01 -6.41593039e-02
   3.37635458e-01 -3.71934939e-03  1.27251521e-01  8.92895758e-02]
 [ 2.47800618e-01  3.38746965e-01  1.27879456e-01 -9.34508070e-02
   3.32615882e-01  2.28075251e-01 -2.24065989e-01 -3.00855547e-01
  -1.02957003e-01 -1.21047385e-01  2.38303632e-01 -3.56569946e-01]
 [-9.85725224e-02  1.07506730e-01  1.19885981e-01 -3.77616882e-02
   2.31905922e-01 -2.20848247e-01  3.89566690e-01 -2.87321359e-01
   3.27076316e-01  2.24107623e-01 -1.82899609e-01 -3.58823866e-01]
 [ 4.78073150e-01 -6.26223907e-02 -5.45065999e-02 -3.88680488e-01
   2.09665135e-01 -7.30045736e-02 -2.50260532e-01  4.09188658e-01
   2.86018550e-01 -2.22465158e-01  2.66265478e-02 -3.09970733e-02]
 [-8.03605914e-02 -3.95780742e-01  5.61653776e-03 -3.76531690e-01
  -5.44350408e-02 -2.50926375e-01  4.20935661e-01 -9.20153707e-02
  -6.18231148e-02  1.81565899e-02  1.54247731e-01 -1.65794477e-01]
 [ 5.18775545e-02  5.92848435e-02 -1.05108293e-02 -8.87196586e-02
   2.23587513e-01 -2.08854601e-02 -5.78178428e-02  3.73407930e-01
  -1.07080616e-01 -3.26942474e-01  4.45560962e-01 -3.05348158e-01]
 [ 1.72946855e-01  3.85930836e-01 -1.78411558e-01 -3.56720150e-01
  -8.32617804e-02 -2.01762155e-01  1.35736763e-01 -3.38131070e-01
   3.23897153e-01 -1.50435045e-01 -3.52744311e-01  2.66691446e-01]
 [-1.97515488e-01 -3.75632703e-01  1.10138826e-01  1.47649571e-01
  -1.18175028e-02  2.01438088e-02  4.17051554e-01 -2.77112335e-01
  -2.32956052e-01  3.02684814e-01 -2.60590136e-01 -1.07828967e-01]
 [ 1.14425853e-01 -2.08972350e-01 -6.54257178e-01  1.60425439e-01
   5.00806332e-01 -5.58454134e-02  5.88575363e-01 -1.20951444e-01
   1.17591210e-01  4.88344580e-01 -4.10528667e-02 -1.01865664e-01]
 [ 2.32762694e-01 -1.15811378e-02 -5.36943913e-01 -3.35234821e-01
   4.69792217e-01  3.31276149e-01 -7.76597634e-02 -3.27194899e-01
  -5.69200218e-01  3.80731881e-01  3.05893004e-01 -1.79198489e-01]
 [-1.72914892e-01 -1.83095470e-01  5.29662013e-01 -2.78891653e-01
   1.09156840e-01  3.29991102e-01  1.25450015e-01 -2.34824955e-01
   2.89735347e-01  8.87065083e-02  1.37299210e-01 -1.28313810e-01]
 [-2.94976145e-01 -2.40006119e-01  4.04148340e-01  1.73604712e-01
   4.16076109e-02 -3.37766141e-01  2.54424185e-01 -2.43095398e-01
   4.36805129e-01  1.76760420e-01 -2.69812703e-01 -6.86354283e-03]
 [-1.02839977e-01  9.19451490e-02 -6.80308044e-01  1.25021160e-01
   6.98507726e-01 -4.13879275e-01  4.45478708e-01  6.74977377e-02
  -1.05104178e-01  3.11171152e-02 -1.95519716e-01  2.42878914e-01]
 [ 4.78866786e-01 -2.47995302e-01  4.25810546e-01  2.10535273e-01
  -1.63817242e-01  8.22355524e-02 -4.99059930e-02 -3.72861624e-01
   3.85370195e-01  2.66887426e-01 -2.64474809e-01  3.55104476e-01]
 [ 2.62754709e-01  2.28415281e-01  7.68457115e-01 -3.05913419e-01
   2.86703676e-01  2.55667359e-01  1.32385865e-01 -3.77587914e-01
   1.38223395e-01  1.51615113e-01  3.32048237e-02  2.61226464e-02]
 [-1.18755683e-01 -3.60384881e-01  1.73668873e+00 -2.06305280e-01
  -1.27237892e+00 -3.95357087e-02 -3.53540480e-01  3.80398571e-01
   5.49059689e-01 -5.44045269e-01 -6.30035177e-02 -3.59563708e-01]
 [-5.68983495e-01 -3.21743190e-01  1.88170695e+00  3.45283449e-01
  -7.33742237e-01  2.03151271e-01 -7.42841363e-01 -1.20645389e-02
   1.34520665e-01 -7.98281312e-01  1.21261835e-01  3.43015641e-01]]
Peso 2:
[ 0.3299077  -0.03465756 -0.7628976  -0.04340652  0.9388356  -0.06348269
  0.36241513 -0.00930917 -0.2900506   0.4339003   0.08778731 -0.01168317]
Camada: saida
Peso 1:
[[-0.7109409   0.5028033 ]
 [ 0.5865604   0.51424193]
 [ 2.160879   -2.1302557 ]
 [ 0.5566788   0.29187188]
 [-1.1946009   1.6096399 ]
 [ 0.17562114 -0.13659549]
 [-0.49090484  0.8110973 ]
 [-0.290363   -0.45453843]
 [ 0.9867304  -0.03644334]
 [-0.91468847  0.589346  ]
 [-0.14080092  0.66365397]
 [-0.44628108 -0.4872968 ]]
Peso 2:
[-0.46279642  0.46279904]



pesos modelo: 
Test loss: 1.4400, Test accuracy: 0.6917
Camada: meio
Peso 1:
[[-0.21602632 -0.3651165  -0.06128344 -0.34316865 -0.33358485  0.13841394
   0.14471826 -0.35229746  0.1785272  -0.13129258  0.25806656  0.09465149]
 [ 0.06212794  0.34081003  0.37932703  0.25345784 -0.21490717 -0.00770744
  -0.11888237 -0.2981338   0.406893   -0.25216863  0.34594566 -0.2000356 ]
 [ 0.37136796  0.20793712 -0.13787708  0.23015842 -0.36681023  0.18434115
  -0.00679911  0.31090292 -0.28908083  0.42669207  0.10936977  0.24403948]
 [ 0.19074175 -0.15868144  0.38078785 -0.17248094  0.3102194   0.24399774
  -0.17459922  0.3607482   0.34965894  0.05644567 -0.04312237  0.09711363]
 [-0.07053907 -0.08165362  0.33636045 -0.05247036  0.5019867   0.3541108
   0.010954   -0.19797722  0.218238    0.13627617  0.10442773 -0.33975923]
 [ 0.18274501  0.3031678   0.39405867  0.25456813 -0.02412227 -0.08688927
  -0.12778029 -0.06768391 -0.39733875  0.18116952 -0.32045525 -0.24645716]
 [-0.02444306 -0.07969838  0.30571324 -0.20166227  0.36563075 -0.24418138
   0.0809348  -0.38465077  0.19269517 -0.1818335   0.20800051  0.49771348]
 [-0.0862104   0.30701354 -0.2609391   0.39409137 -0.03557143 -0.05381596
   0.29599762 -0.11634783  0.3565412  -0.08547043 -0.29746974  0.02182999]
 [-0.05932921  0.15955131 -0.0990258   0.29706222  0.06267513  0.06212631
   0.41992056 -0.24929987  0.4118437   0.12418857  0.29499698  0.17343432]
 [ 0.15250236  0.19618526  0.06763524  0.34822333 -0.32306153  0.2521492
   0.08690905 -0.11520767  0.16966668  0.13829488  0.02779375  0.11405008]
 [ 0.09684324  0.164927   -0.26080027 -0.41227257  0.06169727 -0.0523568
  -0.29013604 -0.1600617   0.14736998 -0.2099876   0.25374153  0.13721168]
 [-0.19506131 -0.17255098  0.07320209 -0.28848684 -0.20453872  0.08480379
   0.54460216  0.31289217 -0.05886512  0.3633953   0.06350046  0.33265454]
 [ 0.18203679 -0.05249431  0.40551895  0.11945919  0.5228354   0.18935943
   0.2810861   0.2274404  -0.32439852  0.42953017 -0.1750335   0.08404812]
 [-0.27427182  0.7992172  -0.11738991  0.14316855 -0.16764544  0.5289118
   0.20158824 -0.05215667 -0.13261585  0.22325547 -0.41816851  0.7557447 ]
 [-0.26906696  0.6130576   0.03171709 -0.01722768  0.08777585  0.5086789
  -0.28885978  0.07479703 -0.17515087  0.297365   -0.38136518  0.2873129 ]
 [ 0.54660785 -0.03085007 -0.5095761  -0.4849578  -0.13834406  0.35532954
   0.5554791   0.17189252  0.2021577   0.43444946 -0.35220703  0.16732009]
 [ 0.4839732   0.0812418   0.31212473  0.02441881 -0.14593047 -0.32552737
  -0.09242393  0.19921966 -0.27231735 -0.21706697 -0.33646724 -0.08957046]
 [-0.53801036  0.14116195 -0.01991693  0.0813023   0.14637047  0.09247802
  -0.4443443   0.36856747  0.16264634  0.5429046  -0.01782031  0.1924621 ]
 [ 0.41722625  0.06845963 -0.0586924   0.05512294 -0.08987374 -0.18052778
   0.12121286  0.37830725 -0.22783932 -0.11750326 -0.26506695 -0.2215968 ]
 [ 0.40774906  0.11243034 -0.22332112 -0.20308277 -0.01657327  0.22591016
   0.6266993  -0.06406228 -0.40416387 -0.3544827  -0.2525948   0.42364335]
 [ 1.3504157  -1.0851607  -0.0589474   0.28469184 -0.08007567 -0.68724585
   1.0966382  -0.02157721  0.005966   -0.4665333  -0.03562202 -0.7718432 ]
 [ 1.4753033  -1.1860995  -0.4519971  -0.04065195 -0.23866537 -0.38227838
   0.95375943 -0.39797604 -0.31114417 -0.33434042  0.3300355  -0.6204636 ]]
Peso 2:
[-6.27358913e-01  9.10426617e-01  1.10032745e-01 -7.71545013e-03
  2.60512918e-01  4.51695085e-01 -1.70681283e-01  6.46667182e-02
  1.04691505e-01  5.18045664e-01 -3.62369610e-04  6.06899917e-01]
Camada: saida
Peso 1:
[[ 1.5135891  -1.7004156 ]
 [-1.5097246   1.3368917 ]
 [-0.03711705  0.629051  ]
 [ 0.42160907  0.56887466]
 [-0.7645828   0.20300017]
 [-0.73206615  0.69513667]
 [ 1.4663439  -0.60881954]
 [-0.23848477  0.15945977]
 [-0.32904318  0.2325143 ]
 [-1.0520322   0.41710383]
 [-0.34787336 -0.34108   ]
 [-0.71922904  1.2757847 ]]
Peso 2:
[-0.2615166   0.26151782]



pesos modelo: 
Test loss: 2.3877, Test accuracy: 0.5841
Camada: meio
Peso 1:
[[ 1.27083153e-01  1.12214178e-01  3.59501243e-02 -2.50910521e-02
  -3.45837712e-01  1.51961416e-01 -2.29829907e-01 -3.34356338e-01
  -8.17806423e-02  6.68570399e-02  2.95457095e-01  1.62435442e-01]
 [ 2.95246989e-01  2.24739313e-01 -5.77583052e-02 -1.16883829e-01
   2.39366993e-01 -1.08998813e-01  3.71404625e-02 -3.26332338e-02
  -3.52148831e-01 -3.91756266e-01  3.76827776e-01  7.81813264e-02]
 [-2.71943621e-02  2.45641083e-01 -1.36086136e-01  1.21281460e-01
  -2.65145600e-01  2.32796445e-01  2.09818989e-01 -1.68656409e-01
   3.42994869e-01 -2.83562213e-01 -2.57203311e-01  1.27098560e-01]
 [-1.67037919e-01  8.73345956e-02 -3.36903095e-01  2.00075567e-01
   2.46895179e-01 -3.60458553e-01  5.29260188e-02 -1.26060233e-01
   3.28445077e-01 -1.37680322e-01 -1.85980380e-01  2.97350660e-02]
 [-5.42363198e-03 -7.75563717e-02 -3.88213813e-01  1.03351399e-01
  -1.19317428e-03 -2.80360937e-01  1.22029670e-01 -1.06604509e-01
  -2.82474935e-01  2.01151073e-01 -2.46228471e-01  2.93978155e-01]
 [ 1.26411125e-01  3.07633150e-02  3.87598097e-01  3.37855667e-02
   3.28952670e-01  4.34540838e-01  1.38886318e-01  1.10883294e-02
   2.85563543e-02 -1.42549366e-01 -2.16777027e-01  1.53417468e-01]
 [ 5.50982449e-03 -2.74874032e-01  1.66033357e-02 -6.07581586e-02
  -9.07914862e-02 -2.14312062e-01  9.63623896e-02  1.66699067e-01
   3.15543592e-01  1.36877269e-01 -3.49845976e-01  4.64362830e-01]
 [ 2.20761552e-01  9.41979662e-02  8.97706375e-02  2.44200289e-01
   1.46970719e-01  1.89223867e-02 -2.54937410e-01 -1.23359598e-01
   1.04554124e-01  1.33084496e-02 -1.68901742e-01  4.84116763e-01]
 [ 5.93301170e-02 -7.10470453e-02 -1.86873943e-01 -9.43786576e-02
  -2.77943105e-01  6.82038069e-02 -2.76388556e-01 -1.19220808e-01
   2.34980911e-01 -2.75764644e-01 -2.14332819e-01  1.90742671e-01]
 [ 3.96356313e-03  3.33819608e-03 -1.12395696e-01 -5.56579195e-02
   2.03408986e-01  3.91126961e-01 -4.42603350e-01  2.75523029e-02
   1.88809201e-01 -3.52530897e-01 -3.39754194e-01 -3.59829552e-02]
 [ 1.80503786e-01 -8.80062431e-02  4.73900974e-01 -2.17039421e-01
  -1.96163237e-01 -3.18816394e-01 -3.65595520e-01 -2.91564298e-04
  -3.89729232e-01  1.63283244e-01 -2.16133073e-01  2.30179787e-01]
 [ 5.36052734e-02  8.40156451e-02 -4.03294951e-01  1.31462678e-01
   2.99587369e-01 -2.83537418e-01  1.22648850e-02  1.68667570e-01
   9.98451486e-02  1.70960873e-01 -2.61785865e-01  5.32417953e-01]
 [ 1.89847544e-01  2.52732009e-01 -3.56038749e-01  2.33261704e-01
  -2.53742695e-01  4.41124700e-02 -2.85202295e-01 -1.64745256e-01
  -1.94614530e-01 -4.09898490e-01  1.95163012e-01  5.86328745e-01]
 [-4.38152820e-01 -3.57921988e-01 -1.27720147e-01 -4.81710225e-01
   5.39820135e-01  4.41726632e-02  9.80274938e-03 -6.42143369e-01
  -4.90752906e-02 -7.32775480e-02 -2.47318700e-01  6.74623847e-01]
 [-4.78682429e-01 -3.06602329e-01 -6.13070130e-02 -5.09358644e-01
   6.76345646e-01 -2.16524392e-01  1.19452529e-01 -5.06074131e-01
  -3.85582536e-01 -4.04280543e-01  1.21781252e-01  8.37049037e-02]
 [ 3.32055300e-01 -2.38004178e-02 -3.11841995e-01  2.04912215e-01
   2.50355333e-01  5.55839948e-02 -2.80489475e-01  4.37208503e-01
  -4.55636568e-02 -1.89438045e-01  2.39443555e-01 -2.16339249e-02]
 [ 2.59031981e-01  4.43670481e-01 -4.46275733e-02  3.82115632e-01
   1.07415348e-01  1.96339995e-01 -3.89202029e-01  4.38773602e-01
  -2.83980630e-02 -2.16523573e-01  3.01696290e-03  3.30940261e-02]
 [-6.96837366e-01  1.38532847e-01  3.15064311e-01 -7.03622401e-01
   4.41506840e-02 -3.39581013e-01 -2.25938097e-01 -3.49591583e-01
   1.71566561e-01 -1.35486782e-01  2.38131300e-01  2.22693861e-01]
 [ 3.04524213e-01  2.90119082e-01 -1.54741853e-01  4.06427503e-01
   5.32259345e-02  8.37923214e-02  2.19635040e-01  3.54976475e-01
  -1.43878832e-01 -1.78189948e-01 -6.73130527e-02  1.14358373e-01]
 [ 2.40237385e-01  6.76389486e-02 -7.80246183e-02  4.31086540e-01
   4.13264453e-01  1.50740713e-01 -2.40350291e-01  4.92499709e-01
   1.26015944e-02 -2.39992619e-01  1.71901703e-01  2.17997700e-01]
 [ 1.17182505e+00 -5.18813848e-01 -1.12692840e-01  9.79088426e-01
  -2.37939164e-01 -6.93088919e-02 -2.53256649e-01  1.28749275e+00
   4.79785562e-01 -1.10956341e-01  2.74766367e-02 -8.71647000e-01]
 [ 9.56340492e-01 -5.25227249e-01  1.49860248e-01  1.60796010e+00
   2.27315240e-02 -4.19811875e-01 -2.67386615e-01  1.20915675e+00
   4.69025284e-01  1.94445670e-01  1.95441395e-01 -4.50369954e-01]]
Peso 2:
[-0.6777741   0.17552635  0.06755425 -0.6353902   0.42840952  0.07571333
 -0.15149188 -0.51156694 -0.03621237 -0.00413979 -0.09870839  0.9203153 ]
Camada: saida
Peso 1:
[[ 1.3752898  -1.2997795 ]
 [-0.9273214  -0.16453168]
 [-0.18050514  0.351144  ]
 [ 1.5315335  -1.5148759 ]
 [-0.677739    0.36252126]
 [-0.5189523  -0.16266702]
 [ 0.2907116  -0.4162201 ]
 [ 1.4848135  -1.2495276 ]
 [ 0.27519977 -0.01545839]
 [ 0.328309   -0.4115968 ]
 [-0.5284568   0.4977282 ]
 [-0.74841577  1.4758582 ]]
Peso 2:
[-1.2278129  1.22782  ]



pesos modelo: 
Test loss: 3.0075, Test accuracy: 0.5675
Camada: meio
Peso 1:
[[-0.346665    0.3261685   0.31030843 -0.0678665   0.10161701  0.302722
   0.31165484 -0.04712021 -0.37206653 -0.07402366 -0.12895876  0.08992401]
 [-0.3106031   0.18895018  0.10319126  0.30629832  0.17698143 -0.39893603
   0.3290198  -0.28912938 -0.08066674 -0.1810806   0.0847991  -0.02066388]
 [-0.1822277   0.19723773 -0.03823713 -0.3178406   0.30229512  0.26637682
   0.2032092  -0.3213758  -0.25522617  0.08343161  0.02084661  0.25677764]
 [ 0.20240161  0.11408073  0.18766673 -0.12406214  0.02916443  0.01588058
   0.10324982  0.07881165 -0.15000004  0.11178539  0.0167607   0.14685425]
 [ 0.23152313 -0.2253972   0.5824553  -0.22129975 -0.2854647  -0.39776695
   0.13977201 -0.388951    0.23274863  0.33825     0.21846676  0.13655177]
 [ 0.26084727  0.4778422   0.26935753 -0.12491706 -0.20832804 -0.0629302
  -0.2271001  -0.16526875  0.4503566   0.0049981  -0.06987089  0.32380256]
 [ 0.0318654  -0.34682766 -0.04587294  0.2872081  -0.07938176 -0.38413283
  -0.07151858  0.50223887 -0.07239615 -0.41967326 -0.20023702  0.2409253 ]
 [ 0.35966048 -0.30236918  0.09316713 -0.0555841  -0.18464652 -0.16736299
   0.3185952  -0.07909471 -0.03059596 -0.39289203  0.07405579 -0.17174761]
 [-0.4069448  -0.20885055  0.01853359 -0.27350524  0.2792082   0.10025787
   0.03510416 -0.09635985  0.41187468 -0.25214702  0.0185799   0.16140717]
 [ 0.38419834  0.4914484   0.14100407  0.18078123 -0.26869476  0.03023059
   0.12614462 -0.29675537 -0.1647968   0.12511443  0.00635179 -0.22053152]
 [-0.23628257 -0.01476072  0.29158974  0.04397352 -0.28554648  0.06731829
   0.27094212 -0.01594625  0.24466644 -0.38994503  0.07600466  0.16518958]
 [ 0.02410756  0.00732735  0.10753736 -0.2315912   0.4113589   0.19191565
   0.1599871   0.17306264  0.43879896 -0.34002966  0.18296716  0.37756348]
 [-0.2886169  -0.12786806  0.20272267 -0.3351034   0.23940527 -0.00788644
  -0.14320654  0.1696385   0.12019148  0.13831407  0.03842524 -0.065923  ]
 [ 0.21580727  0.21540095  0.35304776  0.26472226  0.6847562   0.02884247
   0.58148354 -0.21861084 -0.34333178 -0.19672745 -0.64808524  0.00505479]
 [-0.10245582  0.25810897  0.69380915 -0.17133339  0.544385   -0.06717309
   0.20698756 -0.32992014 -0.02649864  0.21207908 -0.8056698  -0.3304651 ]
 [-0.2683344  -0.08323347  0.02944309 -0.27570862  0.11951647  0.10956587
  -0.1077971  -0.27265024 -0.02720394 -0.01540145  0.57526416  0.21799774]
 [-0.11523888 -0.36789083  0.21059938 -0.35827434  0.30312914 -0.41268837
  -0.35956547  0.3100838  -0.30039302 -0.36867487  0.61294353  0.25741065]
 [ 0.34776786 -0.35631573  0.81972635  0.12023351  0.13458993 -0.34522885
   0.6599093  -0.00803996  0.32678357 -0.0793165  -0.40245935 -0.5407382 ]
 [ 0.12202983 -0.32090726 -0.2023021   0.16111828  0.09001987 -0.30738297
  -0.03623295 -0.08754957 -0.08063585 -0.12098192  0.51714987 -0.24714041]
 [ 0.3803796  -0.05433437 -0.12048698 -0.23977685 -0.11390552 -0.16081557
   0.1267059   0.02803978 -0.12222295  0.06510375  0.405887    0.19406748]
 [-0.17320792 -0.2801181  -0.8205394   0.12457559 -0.35124314 -0.14163405
  -0.37955752 -0.10777866 -0.39817742  0.14839002  2.0285537   0.1344074 ]
 [ 0.00657267 -0.24413587 -1.3119398  -0.0478417  -0.42274073  0.2863081
  -0.3996989   0.07888765 -0.18265414  0.23052114  1.6931565   0.22354715]]
Peso 2:
[ 0.14039731  0.09410756  0.9946583  -0.03017009  0.47176737 -0.09305618
  0.57130975  0.13386177  0.19043817 -0.02766529 -0.91574967 -0.11807542]
Camada: saida
Peso 1:
[[ 8.5360058e-02  6.0689300e-01]
 [-3.6928815e-01 -1.7164404e-03]
 [-1.0371915e+00  1.8089962e+00]
 [ 4.2407113e-01  2.2706786e-01]
 [-7.7206188e-01  8.4479040e-01]
 [ 5.2170491e-01 -3.3447263e-01]
 [-9.7671264e-01  6.1423647e-01]
 [-4.2897022e-01  5.0384688e-01]
 [-5.0455505e-01  1.1132067e-01]
 [ 3.7589717e-01  5.4154277e-02]
 [ 1.8466407e+00 -2.3733037e+00]
 [ 6.5082204e-01  3.0569971e-02]]
Peso 2:
[-0.39399084  0.39399326]



pesos modelo: 
Test loss: 2.5520, Test accuracy: 0.5985
Camada: meio
Peso 1:
[[ 0.02559942 -0.02547184  0.02282703  0.19406834  0.04628021  0.19039276
   0.31338093 -0.14174625  0.162074   -0.3321444   0.25864175  0.27359417]
 [ 0.22147435 -0.29084408 -0.38470852 -0.39590424  0.22235326 -0.01246989
  -0.3427839   0.4132396   0.12829095  0.314008    0.25405198 -0.03216799]
 [ 0.04842027 -0.03981083 -0.07616155 -0.20770286 -0.35213625  0.18017071
   0.05895133  0.11537124 -0.27873367 -0.03762367  0.46699947  0.328362  ]
 [ 0.19482723  0.05670057  0.10811082 -0.30290335 -0.02288882  0.27277878
   0.37642586 -0.1883235   0.01154993 -0.06950996 -0.04565297  0.12191423]
 [-0.19192158  0.05836511 -0.34658992  0.29369462 -0.02882042 -0.06774425
   0.053269   -0.11436497 -0.1697695  -0.03073544 -0.1929545   0.19310911]
 [-0.14159058 -0.26536882 -0.19541082 -0.24604644  0.30334216  0.2857829
  -0.10721539 -0.1591212  -0.09226748  0.04093629 -0.09965125 -0.19895099]
 [ 0.28131375 -0.15526742 -0.07186158  0.00843421  0.19447881  0.24950916
   0.14117396 -0.15418087  0.43549448  0.1420977  -0.08311711 -0.10624521]
 [-0.43331242  0.03984519  0.3871354   0.11260644 -0.10155984 -0.00485954
  -0.16064408  0.23415937 -0.0288191  -0.10644028 -0.05822161 -0.12075486]
 [-0.36840189  0.42834643  0.38234445 -0.02590736  0.06379746  0.1823927
  -0.11076666  0.03964924 -0.24257128  0.33667514  0.34283596  0.04606509]
 [-0.4059933   0.02700858 -0.23325402 -0.16406885 -0.46965295  0.06922462
   0.13425058  0.15941145 -0.32191822 -0.1604485   0.10701127  0.30430168]
 [ 0.2862841   0.04764034  0.23850149  0.03632641  0.00724771  0.10339895
   0.36522827  0.09457326 -0.20081021 -0.18677028 -0.20043302  0.17059341]
 [-0.34384206  0.20609815  0.0060379  -0.12228955 -0.17543499  0.190289
   0.384959   -0.29139638  0.39985162  0.03358215 -0.0123073   0.19757336]
 [-0.09922908  0.08313283 -0.18148397  0.34009817  0.106774    0.14832667
   0.02391962 -0.16284095 -0.12570551 -0.09449554 -0.25711918 -0.18690127]
 [-0.13241139 -0.35935777 -0.03334977  0.38883308 -0.41318363  0.8489065
  -0.27727786 -0.12316842 -0.34932604 -0.20153706 -0.16344239  0.71360564]
 [ 0.13693196  0.11978534  0.07167064  0.10818601  0.14510828  0.814284
  -0.41914764 -0.18499382 -0.14322144  0.23477806 -0.61315405  0.6083135 ]
 [-0.10406499 -0.14184704  0.31208804 -0.2766438   0.09245283 -0.08296031
   0.5751404   0.06075744  0.34140208  0.11537344  0.7391913   0.29427806]
 [-0.35231784 -0.07507134  0.2126427   0.00976937 -0.2981143   0.41611058
   0.7250119  -0.31498528 -0.30944967  0.30860958  0.72506016 -0.04607271]
 [-0.32025233  0.14188056 -0.07204066 -0.31315058  0.07773572  0.514202
  -0.18377042 -0.240109    0.35806283  0.01511107 -0.13868648  0.99190795]
 [-0.08834577 -0.10937926  0.08685973 -0.26321864 -0.10663622 -0.10094705
   0.34772283  0.11845043  0.27893737  0.31344274  0.5451691  -0.0736516 ]
 [ 0.17839637  0.38243285  0.11296827  0.16760376  0.28027874 -0.300407
   0.443817    0.50649786  0.26938963  0.44709778  0.4926975  -0.01193524]
 [-0.26159745 -0.44861087  0.35058445  0.16903274  0.04051472 -1.6089214
   0.69924337 -0.35992384 -0.35534492 -0.0653579   0.64517057 -0.94826263]
 [-0.13809542 -0.13932636 -0.04460916  0.12009279 -0.35845083 -1.5809681
   1.1962111  -0.4608914  -0.31729198 -0.17555174  0.68774736 -0.5411217 ]]
Peso 2:
[-0.13418172  0.29614803 -0.06705552  0.01576788 -0.08237144  1.1834731
 -0.39042753  0.32062456  0.16890109 -0.03165352 -0.2961188   0.7741091 ]
Camada: saida
Peso 1:
[[ 0.5060383  -0.344499  ]
 [-0.5616736   0.5247671 ]
 [ 0.115463   -0.11589173]
 [-0.12078123  0.11994443]
 [ 0.03129222 -0.13409828]
 [-2.0851736   1.7479244 ]
 [ 1.4766903  -0.9374416 ]
 [-0.7217512   0.6872594 ]
 [-0.78936183 -0.00283706]
 [-0.27180797 -0.41657582]
 [ 0.75050944 -1.1910317 ]
 [-1.4163057   0.9658988 ]]
Peso 2:
[-0.20297496  0.20297343]



pesos modelo: 
Test loss: 1.9055, Test accuracy: 0.6362
Camada: meio
Peso 1:
[[ 0.17642453  0.07549876 -0.29204142  0.28121814 -0.04206085  0.11976895
   0.3525243   0.25221923  0.05031258 -0.3542504  -0.17694192  0.17381695]
 [-0.12395693 -0.19053362  0.32963148  0.36414465  0.13824849  0.2944912
  -0.38895243 -0.18672828 -0.4163891  -0.30742273 -0.05739421  0.1276267 ]
 [ 0.34961438  0.35688972 -0.28146547 -0.35967824 -0.01384325 -0.41074198
   0.2617069   0.13286965 -0.27603352  0.40147528  0.22578223  0.38588473]
 [ 0.21504116 -0.17715846  0.23840806 -0.27092737  0.0352297   0.3296687
   0.15321127  0.13110383  0.0554023  -0.07045607  0.21404058  0.24772754]
 [-0.14283893  0.36287305  0.12556332  0.37864143  0.19122173  0.04377142
  -0.34539208 -0.30692223 -0.3359973   0.15860179  0.28836676  0.3871684 ]
 [ 0.13228019  0.32214847  0.4125004   0.31767696  0.03504771  0.16676418
   0.15764083  0.05399834  0.18034892 -0.11184961  0.1274129  -0.04833636]
 [-0.37962824  0.00510816  0.12580487 -0.17172767 -0.08853028 -0.10786831
   0.0681846   0.34090814 -0.14250837 -0.11703099  0.03837389  0.17014869]
 [ 0.33559862  0.39539215  0.12772503  0.31992194  0.07636544  0.321531
   0.2967484  -0.3397278   0.19287238 -0.251231   -0.14956057 -0.00907374]
 [ 0.34776518  0.24709147  0.41984862  0.1965248   0.3251583  -0.09481633
   0.08146436  0.3365289  -0.20822953  0.13724785  0.20951524  0.36937124]
 [ 0.3856191  -0.35183567  0.20421264 -0.06661897  0.07377882 -0.18122502
  -0.12552695 -0.35578445 -0.09669269 -0.30669335  0.01658839  0.4877338 ]
 [ 0.3982479  -0.19320384 -0.03068932  0.23293813 -0.14746574 -0.357369
   0.04527905 -0.16673036  0.29667893  0.48212683  0.18850705 -0.17499855]
 [-0.02794698  0.2531214  -0.05559336 -0.3788289   0.13507102  0.38874194
  -0.24791998  0.31744316 -0.14035514  0.17023993 -0.02797653  0.23109297]
 [-0.2936691   0.13648392 -0.2047542   0.42761824  0.08799614 -0.38886678
  -0.20024669 -0.4016625   0.36813256  0.24613822 -0.3246662   0.23802577]
 [ 0.41357303 -0.29468268  0.5586938  -0.14647934 -0.62964886  0.6061267
   0.21039349  0.01196999  0.09746017 -0.10051683 -0.3400441   0.26332834]
 [ 0.4651576  -0.13972399  0.42191148 -0.07511979 -0.7569259  -0.04768377
  -0.38073486  0.09338415  0.13017383 -0.17144206  0.03012714  0.60779065]
 [ 0.10262548 -0.15525603  0.1817984   0.25172165  0.3206152   0.07891802
  -0.4269512   0.38403127 -0.23941252 -0.30278388  0.15565193 -0.33981502]
 [-0.20764747 -0.13277005 -0.30839437  0.09836547  0.3196576   0.15692306
   0.35443586 -0.12135669  0.39389682 -0.1443344   0.3609247   0.2039175 ]
 [-0.32917187 -0.01894125  0.28764856  0.3237107  -0.8016109   0.09785885
  -0.23986556  0.17832975 -0.15040962 -0.02776601 -0.10434438  0.37433663]
 [-0.22398882  0.02526311  0.41000828 -0.42836025  0.7501339   0.16742462
   0.11334614 -0.03406304  0.13447596  0.37744027  0.0313347  -0.0289192 ]
 [-0.3965536  -0.01467407 -0.12631832  0.08975778  0.601896    0.13717426
  -0.30691034  0.40492955  0.30346677  0.47547865  0.39765507  0.15885726]
 [ 0.18817554 -0.32519603 -0.39053038  0.03962791  1.9297016  -0.3762293
   0.09595193 -0.18212277 -0.04137131 -0.61584115  0.52938175 -0.9002594 ]
 [-0.21722753 -0.22989886 -0.88225156 -0.328254    1.4241836  -0.06430314
  -0.01067214 -0.28481534  0.04986786 -0.53144187  1.1997694  -0.8850118 ]]
Peso 2:
[ 0.17053434  0.15079673  0.6075896   0.11829597 -0.7819574   0.14230539
  0.04547003 -0.0101268   0.00341504  0.45961004 -0.39014873  0.68599117]
Camada: saida
Peso 1:
[[-0.426668    0.18876974]
 [-0.809254   -0.22583994]
 [-1.3348775   0.46254733]
 [-0.7415031  -0.15436482]
 [ 2.1727018  -1.8499486 ]
 [-0.72634465  0.08801141]
 [-0.15512446  0.20561898]
 [ 0.18253922  0.5264355 ]
 [-0.09651834  0.0217847 ]
 [-0.5759331   0.84585196]
 [ 1.0656875  -0.7040776 ]
 [-1.3975395   0.94838494]]
Peso 2:
[-0.55501765  0.5550203 ]



pesos modelo: 
Test loss: 1.7395, Test accuracy: 0.6605
Camada: meio
Peso 1:
[[ 1.75251573e-01  7.46468604e-02  3.63491267e-01  1.57930106e-01
   3.06259423e-01 -2.66978800e-01  2.54886597e-01  2.35934585e-01
   7.47109354e-02 -1.23682231e-01  2.06505924e-01 -2.97554672e-01]
 [ 1.25447333e-01  3.58715415e-01 -1.79220274e-01 -2.22570598e-01
   3.30472201e-01  3.67852420e-01  3.36447731e-02  2.59850025e-01
   1.75288245e-01  2.91688710e-01 -1.50471270e-01 -1.66079819e-01]
 [-1.93954520e-02 -3.02893460e-01 -3.12238485e-01 -1.01968125e-01
   2.85716671e-02  2.17668101e-01  3.53100270e-01 -3.33058149e-01
  -1.39483631e-01  5.13975583e-02 -4.18855309e-01  2.30851278e-01]
 [ 2.84668624e-01  2.07710788e-01 -4.24532086e-01 -3.37619156e-01
  -3.89610142e-01 -1.09512970e-01  2.70004898e-01 -3.69088054e-01
   3.34023267e-01 -6.50411770e-02  2.60690600e-01 -4.09575552e-01]
 [-4.00864989e-01 -1.29998803e-01 -2.19600290e-01  1.02168381e-01
  -1.27206311e-01  3.68489712e-01  1.80129528e-01  1.66812297e-02
   5.73032573e-02  5.39991260e-02 -3.43241781e-01 -5.89151680e-02]
 [-2.89449006e-01  2.18130216e-01  1.03423253e-01  3.22921947e-02
  -1.87659383e-01  3.03011060e-01  8.83908719e-02  3.08919907e-01
   1.30133048e-01  1.68595970e-01  2.00769641e-02  2.57421762e-01]
 [ 1.60288457e-02 -1.28455982e-01  1.39109373e-01  1.27880156e-01
  -1.61901474e-01  3.49252313e-01 -2.28477672e-01 -8.84174705e-02
   2.72045672e-01 -4.92147245e-02 -6.20739125e-02  3.99608463e-01]
 [ 1.47867620e-01 -5.95204085e-02  1.06701232e-01  1.28580704e-01
  -1.63073331e-01  8.38305354e-02 -2.99887866e-01  3.90644185e-02
  -2.89739102e-01 -9.56272557e-02 -5.52014331e-04 -6.45186082e-02]
 [-2.63115227e-01 -2.31145322e-01  2.60647655e-01  1.54508263e-01
  -1.78316534e-01  4.42249566e-01 -2.91486591e-01  4.37783092e-01
  -6.87348396e-02  2.10523214e-02 -1.70378029e-01 -2.57271618e-01]
 [ 3.46551478e-01 -1.97641075e-01 -4.77371931e-01 -1.67775184e-01
   7.27072209e-02 -5.37593737e-02  3.54074806e-01  4.23876256e-01
  -2.34042540e-01  5.63476654e-03 -1.07477233e-01 -5.65737002e-02]
 [ 1.27645299e-01 -1.67112023e-01 -8.12112242e-02  1.91503242e-01
  -1.22104354e-01  4.93757188e-01 -7.96025395e-02  3.82685512e-01
  -1.27565697e-01  1.25533953e-01 -2.44953647e-01  1.29199386e-01]
 [-3.14838946e-01 -4.21675779e-02 -4.65027243e-01  2.95500219e-01
  -1.61042158e-02  4.51151282e-01  1.99344367e-01 -3.43153059e-01
   1.29717425e-01  1.43629894e-01 -2.89805502e-01 -4.12497014e-01]
 [ 1.79508135e-01  2.64613092e-01  1.13792427e-01 -1.86009675e-01
   2.29827806e-01 -1.85551252e-02  2.47302160e-01  2.30818331e-01
   3.22657853e-01 -2.71129869e-02  3.09838563e-01  4.00070488e-01]
 [-2.87217200e-01  2.74316460e-01  2.30105311e-01 -2.21656710e-01
  -1.65862158e-01  2.18565568e-01  3.54035258e-01 -1.20822407e-01
  -3.16846609e-01 -6.82133257e-01  1.44509487e-02 -2.55322069e-01]
 [-3.16251279e-03  5.10756493e-01 -2.79773116e-01 -2.91702986e-01
   2.21513614e-01  5.55962920e-01  2.06089720e-01  4.11676288e-01
  -1.57969996e-01 -6.66172981e-01  2.95483589e-01  1.74429923e-01]
 [ 1.17802754e-01  5.17514288e-01  7.50290528e-02  2.09719837e-01
  -2.43239142e-02 -2.78373092e-01  1.44347668e-01 -1.61533371e-01
   1.05336830e-01  3.14370483e-01 -2.93438733e-01  3.05504091e-02]
 [-5.48375882e-02  2.74266332e-01  1.61719713e-02  1.48040161e-01
  -2.92291880e-01  2.19118848e-01  1.96352065e-01 -2.97485560e-01
   1.48614913e-01  6.43353522e-01 -7.66411349e-02  2.87292212e-01]
 [-2.92354256e-01  2.01463401e-01  2.04488650e-01 -3.31984460e-01
   3.78907859e-01  4.77302223e-01  1.38189554e-01 -3.77722323e-01
   1.03805304e-01 -7.45597839e-01 -1.13467202e-01  2.10638657e-01]
 [-1.28854066e-01 -1.84400827e-01 -2.53857583e-01  3.80091310e-01
   2.27784410e-01  2.27599725e-01  2.48363405e-01  1.58756822e-01
  -5.79480901e-02  5.66954553e-01 -5.90220690e-02 -2.93652117e-01]
 [-4.08061177e-01  3.18694621e-01 -1.75633103e-01  3.48121136e-01
  -2.53493786e-01 -1.28422230e-02  2.78756887e-01 -3.68239999e-01
   3.55104327e-01  4.70345795e-01 -1.55209601e-02 -2.36613840e-01]
 [ 6.67276904e-02 -6.48644149e-01 -3.65741104e-01  6.20815516e-01
  -1.61597744e-01 -1.00028312e+00 -4.84632432e-01  7.35351965e-02
   7.07122803e-01  1.69982851e+00  4.75484654e-02  3.08772743e-01]
 [ 3.57964039e-01 -3.44178855e-01 -2.15634763e-01  2.32660413e-01
   1.54263511e-01 -1.16078186e+00 -2.36480888e-02 -4.19639796e-02
   4.84340191e-01  1.91602945e+00 -3.86112481e-01 -6.79947510e-02]]
Peso 2:
[ 0.00135846  0.4270618  -0.23817013 -0.18179831  0.05086674  0.93094146
  0.24095188  0.06737026 -0.08900186 -0.8237731  -0.1186897   0.00620711]
Camada: saida
Peso 1:
[[-0.02446147  0.07593978]
 [-0.18418744  1.1100761 ]
 [ 0.5495474  -0.46249783]
 [ 1.0265688  -0.06935072]
 [ 0.40184748  0.65732217]
 [-1.3029382   1.4930826 ]
 [-0.7911777   0.05625856]
 [-0.5687275  -0.14808194]
 [-0.01176488 -1.0537367 ]
 [ 2.1490388  -2.206439  ]
 [ 0.30161253 -0.4461726 ]
 [-0.31693962 -0.2004566 ]]
Peso 2:
[-0.6500914  0.6500931]



pesos modelo: 
Test loss: 2.2461, Test accuracy: 0.6149
Camada: meio
Peso 1:
[[ 3.50666732e-01  1.57330126e-01 -1.68500870e-01  2.32436389e-01
   9.37673151e-02 -2.45199516e-01  1.89867109e-01 -2.37773463e-01
   3.16697091e-01 -1.03954345e-01  2.03004748e-01 -2.77330101e-01]
 [ 3.34382020e-02  7.04201357e-03  3.76287282e-01 -2.04182297e-01
  -7.03123659e-02  1.57829881e-01 -3.21460992e-01 -2.78812908e-02
  -7.92594329e-02 -2.79629856e-01  2.71571547e-01 -9.12786201e-02]
 [ 3.47823918e-01  2.35391662e-01 -2.25521132e-01 -2.35780105e-01
   3.37203369e-02 -4.45626415e-02  3.71266454e-01  1.97744831e-01
  -1.17914982e-01 -1.35197818e-01 -1.19036667e-01 -3.90999973e-01]
 [ 7.04888180e-02 -4.52250838e-02  1.53524786e-01  1.57666296e-01
   2.56692290e-01 -4.58839582e-03 -3.95227134e-01 -5.61497062e-02
   9.49694440e-02  1.28958598e-01  1.42097659e-02  1.12696953e-01]
 [ 2.93213934e-01 -1.58746004e-01  2.39653349e-01 -1.06001133e-02
   2.08755195e-01  9.90669057e-02 -2.76288867e-01  1.44154206e-01
   1.43229783e-01 -2.05949768e-01 -2.78010815e-01  1.35068849e-01]
 [ 2.94657350e-01  4.16443080e-01  9.56078544e-02  6.44305328e-05
   1.90427199e-01  2.77089566e-01 -4.59882915e-02  9.89131704e-02
  -1.47848740e-01  5.75140007e-02 -1.79529309e-01  5.32792509e-02]
 [-1.71161275e-02  2.62807876e-01  1.86631382e-01  2.03080863e-01
   1.91230267e-01  2.50032872e-01  1.99073061e-01  1.23815551e-01
  -1.66687787e-01  1.85515344e-01  1.50130749e-01  3.13771933e-01]
 [-3.89456719e-01  2.28155211e-01 -3.19067597e-01 -2.89185405e-01
  -7.02103600e-02 -8.45145062e-02  5.22897504e-02  4.01960313e-01
  -2.30462596e-01 -9.21138600e-02  3.96107286e-01 -4.19316173e-01]
 [ 1.06205335e-02  2.54880160e-01  3.88927609e-01 -9.20955613e-02
   1.77694097e-01  1.96944535e-01 -4.18569654e-01 -1.33382946e-01
   1.56128462e-02 -1.29205257e-01 -2.28965238e-01 -1.63038040e-03]
 [ 9.11817253e-02 -9.62536782e-02  2.53177017e-01  6.52874857e-02
  -1.23818345e-01  1.74532726e-01 -2.55083472e-01  1.81489334e-01
  -6.44186437e-02  2.42623270e-01 -1.80908799e-01 -1.04108259e-01]
 [ 3.66341174e-01  1.11289702e-01 -1.32939592e-01  4.94158044e-02
   2.75278866e-01 -6.85328757e-03 -2.70151228e-01  2.68964976e-01
  -1.82601050e-01 -2.76702434e-01  3.72599334e-01  1.82997379e-02]
 [ 1.45430863e-01  3.46741527e-01  3.70978713e-01  3.98285747e-01
  -3.11009437e-01 -2.01908313e-02 -2.34275624e-01  4.57537211e-02
   4.38240141e-01  1.72670513e-01 -9.43514854e-02 -3.15514237e-01]
 [-2.91034937e-01  2.87342161e-01  1.84667539e-02  1.70591965e-01
  -1.07215934e-01 -2.23240796e-02  1.19788505e-01  2.72301108e-01
   2.94933617e-01  1.65356442e-01 -2.59590060e-01 -1.95529401e-01]
 [-1.01814628e-01  2.12550342e-01  5.54191291e-01 -7.77654275e-02
   1.79251730e-01 -7.86111593e-01 -1.85633540e-01  4.09527779e-01
  -3.34849030e-01 -2.83409476e-01  8.40628892e-02  1.38016284e-01]
 [-3.69359702e-01  4.45376374e-02  7.17741966e-01  2.94696063e-01
   3.78215045e-01 -4.21566010e-01  1.38491571e-01  3.10192227e-01
  -3.61491948e-01  5.59700072e-01 -3.71095181e-01  2.65708596e-01]
 [ 1.69009596e-01  1.83959097e-01  1.94576219e-01  4.60427403e-01
   2.70177394e-01  5.20498335e-01  3.13382328e-01 -2.47565910e-01
   5.36584020e-01  1.15167961e-01  2.60885417e-01 -3.85702193e-01]
 [-3.88959467e-01 -3.11189860e-01 -1.41384393e-01 -1.35485440e-01
  -3.63052279e-01  3.78845096e-01  9.87690091e-02  1.84291273e-01
   1.49156585e-01  8.32330287e-02 -1.42436614e-02 -3.97587419e-01]
 [ 3.03673953e-01 -1.21585362e-01  4.34785903e-01  7.97265917e-02
   3.58121067e-01 -8.69674623e-01  3.24688286e-01  6.43344045e-01
  -7.43484944e-02  1.37569709e-02  4.98190448e-02  2.18456417e-01]
 [-1.36214912e-01 -1.73510715e-01 -5.04680835e-02  4.42964345e-01
   1.62898317e-01  4.18599486e-01 -3.69189471e-01  4.28492799e-02
   7.44550973e-02 -2.72126049e-01  6.10738769e-02 -2.01938562e-02]
 [-2.51914352e-01 -1.79226607e-01  4.32923168e-01  3.51024643e-02
  -8.80591795e-02  6.96227729e-01  1.14752099e-01 -2.32977301e-01
   4.44806755e-01  5.29277265e-01  7.77506530e-02 -1.44192114e-01]
 [-2.50261445e-02 -3.18308562e-01 -1.27900529e+00  5.83221197e-01
  -2.17644572e-01  1.40035319e+00 -5.71240932e-02 -4.84605163e-01
   9.25680041e-01 -3.60445529e-01  2.18339533e-01  1.46929622e-01]
 [-1.17498904e-03 -4.26473796e-01 -1.07160437e+00  6.74992859e-01
  -4.79638487e-01  1.59829581e+00  3.79361272e-01 -6.92347765e-01
   3.61937642e-01 -1.71501756e-01 -1.05622016e-01  9.54075381e-02]]
Peso 2:
[ 0.02666911  0.2250032   0.8951035  -0.0776722   0.48667872 -0.89906645
 -0.00288724  0.5890796  -0.1128372   0.31641257 -0.0092791  -0.12179592]
Camada: saida
Peso 1:
[[-0.61618096 -0.22545415]
 [-0.46789843  0.41228792]
 [-1.3456538   1.5551564 ]
 [ 0.71191597 -0.2079675 ]
 [-0.5188875   0.82342106]
 [ 2.1223989  -1.5899459 ]
 [ 0.48044148  0.47530633]
 [-0.92498696  0.7923828 ]
 [ 0.3101064  -1.0411973 ]
 [-0.14872994  0.8542136 ]
 [ 0.40879163  0.21413063]
 [ 0.08100558 -0.48504862]]
Peso 2:
[-0.48685434  0.48685744]



pesos modelo: 
Test loss: 1.6911, Test accuracy: 0.6611
Camada: meio
Peso 1:
[[ 1.23582095e-01 -1.10207766e-01  1.40139461e-03 -1.32000774e-01
  -4.15232092e-01  3.40760678e-01  1.90981358e-01  6.64820373e-02
   3.85006577e-01 -3.76226902e-01  1.52642399e-01 -1.74283370e-01]
 [-1.07654355e-01  4.54273134e-01  9.55983996e-02 -4.06815708e-01
  -4.18389469e-01  4.34379011e-01 -2.65636981e-01  1.62084207e-01
   7.76117295e-02  8.41724407e-03  6.62787929e-02 -4.49032784e-01]
 [ 2.15460062e-01  2.78764404e-02 -1.86393753e-01 -5.10307401e-02
  -4.33374882e-01 -6.08164221e-02 -1.53453097e-01 -5.95524944e-02
  -1.44675806e-01 -2.09862724e-01  2.99904138e-01 -4.15590107e-02]
 [-2.20931396e-01  3.17363381e-01  3.56110334e-01  2.57483125e-01
   2.35935032e-01 -7.71316215e-02  2.00517643e-02  1.58110544e-01
  -9.92635787e-02  2.54828066e-01  8.24443996e-03 -4.52650152e-02]
 [ 1.97397098e-01  1.62595659e-01 -5.89775741e-02  3.32308978e-01
   1.03441529e-01  8.25718716e-02  1.33842677e-01 -1.37359956e-02
  -1.74378797e-01 -3.05817962e-01  1.15363695e-01  1.89211249e-01]
 [ 4.76538278e-02 -1.64484866e-02  3.82974237e-01 -1.37601271e-01
  -9.77569297e-02  2.46453688e-01  2.60184705e-01  2.15027735e-01
   3.78572494e-01  2.34714955e-01  2.76968360e-01 -8.48810226e-02]
 [-6.12213723e-02  3.41820747e-01 -4.34648752e-01 -1.13488898e-01
  -5.72749553e-03  2.29973122e-01  2.49413289e-02  2.69491911e-01
   3.31336290e-01  1.32124022e-01  2.66007900e-01  6.32428750e-02]
 [-1.31987080e-01  1.98910266e-01 -2.18278378e-01 -3.86160582e-01
   6.88837618e-02  2.59092879e-02  2.73824662e-01  4.92780469e-02
  -2.86254942e-01 -3.01617414e-01  1.12223066e-01  6.51074573e-02]
 [ 3.86811525e-01  1.24395967e-01  4.01467919e-01  8.48888084e-02
   1.30212799e-01 -1.41366467e-01 -3.87703665e-02  1.08856410e-01
  -1.13793314e-01  4.66422528e-01  4.41903800e-01  1.33741587e-01]
 [-4.34145182e-02  1.11136027e-01 -3.37933972e-02 -2.18522102e-01
   2.51240671e-01 -2.43881911e-01 -2.38559786e-02 -6.47858456e-02
  -2.98911989e-01  3.11768949e-01  1.19523592e-02 -3.61410052e-01]
 [-1.16757855e-01 -3.01244050e-01 -3.45836312e-01 -3.14113438e-01
  -1.84631437e-01 -1.24441929e-01  2.32156180e-02  2.48236712e-02
  -2.60093715e-02 -7.94580057e-02  4.26805586e-01 -4.39007208e-03]
 [-2.27460608e-01  3.33118290e-01 -1.08872131e-01  3.24867755e-01
   2.64166504e-01 -3.72992039e-01 -2.06657812e-01  4.38972190e-02
  -5.42544201e-03 -2.68870175e-01  9.27043855e-02 -2.30445489e-01]
 [ 3.54135066e-01  3.77687603e-01 -3.12739521e-01 -7.24422485e-02
  -3.17971259e-01 -6.22572675e-02  4.00934190e-01  6.31327480e-02
  -2.85685658e-01 -9.93241295e-02  1.47112548e-01  3.10268521e-01]
 [-4.33515280e-01  2.29901075e-01  2.05637470e-01  2.37441853e-01
  -2.14077175e-01 -3.57186854e-01 -2.62484819e-01 -7.37937212e-01
   3.22132081e-01  5.98039091e-01  4.07823145e-01 -1.30454615e-01]
 [ 3.67482230e-02  6.05511442e-02 -4.88154963e-02 -3.37636799e-01
  -2.04137266e-01  1.79719821e-01 -1.13263123e-01 -7.01227546e-01
   1.66436702e-01  6.15336120e-01  3.81285548e-01 -3.19315016e-01]
 [ 2.32889310e-01 -2.81723678e-01  2.32912377e-01  1.59234881e-01
  -3.39522362e-01 -3.25009108e-01  4.61149544e-01  3.91917765e-01
  -1.52448535e-01 -2.78054714e-01  1.88292593e-01 -3.84119991e-03]
 [-1.44563496e-01 -3.39066148e-01 -3.07582140e-01 -2.74488866e-01
   2.74428904e-01 -3.83734256e-01 -7.18685538e-02  4.67780054e-01
   3.40291440e-01  3.15324605e-01  1.17224634e-01 -2.62117863e-01]
 [-3.96311939e-01  3.17963362e-01  2.84692883e-01  3.11473936e-01
   1.56802878e-01  5.87877750e-01 -1.16307274e-01 -7.66841829e-01
   9.80715007e-02 -3.06348860e-01  1.98133305e-01  1.38512477e-01]
 [ 4.08550799e-01  2.49366716e-01  2.22718880e-01  3.76812011e-01
  -3.61119300e-01  3.45937550e-01  4.55062449e-01  4.26705927e-01
  -9.81859118e-02  3.91587499e-04 -2.67267346e-01 -1.09053127e-01]
 [ 4.98074532e-01 -4.19565253e-02 -8.10849294e-02  9.50148851e-02
  -2.88574159e-01  1.71437725e-01 -2.80788749e-01  3.69103044e-01
   4.16529715e-01 -5.10759830e-01  3.03152204e-01 -3.15720618e-01]
 [ 7.83033907e-01 -5.05117834e-01  8.69209394e-02  2.14636222e-01
  -2.64263242e-01 -3.60469893e-03 -5.30910075e-01  1.88761282e+00
  -5.10407127e-02  1.54246196e-01 -1.04767179e+00 -2.77813882e-01]
 [ 7.30346799e-01 -6.27593935e-01  1.61315501e-01 -3.82822603e-01
   5.60224839e-02  1.16485558e-01 -5.16080737e-01  1.80475473e+00
  -2.40540639e-01 -2.91545987e-02 -1.09123230e+00 -7.86195695e-03]]
Peso 2:
[-0.16357116  0.64741486  0.05032581 -0.00915647 -0.14111678  0.1446503
  0.18794063 -0.79789054  0.13710938  0.23522826  0.7941554  -0.12186375]
Camada: saida
Peso 1:
[[ 0.669297   -0.6044134 ]
 [-0.73963237  0.9806326 ]
 [ 0.24278161  0.5956659 ]
 [-0.40886128 -0.2660927 ]
 [ 0.5034468  -0.0390747 ]
 [-0.3785145   0.45896488]
 [-0.6756146   0.19941156]
 [ 2.1992116  -2.1086946 ]
 [ 0.05191002  0.7426307 ]
 [-0.40443748  0.56616974]
 [-1.3530574   1.1922908 ]
 [ 0.34195712 -0.38089305]]
Peso 2:
[-0.55806684  0.55806816]



pesos modelo: 
Test loss: 1.8627, Test accuracy: 0.6420
Camada: meio
Peso 1:
[[-0.19812538  0.35333124  0.35734484 -0.3482009  -0.36047018  0.00852448
  -0.18746479  0.32414755 -0.36250335 -0.31930152 -0.17674461 -0.3335603 ]
 [-0.3463327   0.18839204 -0.03110644 -0.00929267  0.1521744   0.2715256
  -0.40522978 -0.11825678  0.31098568 -0.1728903  -0.00387799 -0.07719039]
 [ 0.35500857 -0.170397   -0.09054653 -0.19084105  0.25927803  0.15420456
  -0.37833422 -0.36914268  0.21355541 -0.16300394  0.2960372   0.09103066]
 [-0.3714319   0.32413492 -0.13603504 -0.29631522 -0.04127569  0.14428878
   0.32537708  0.2581607   0.06993271 -0.09449047 -0.08567831  0.35634562]
 [ 0.40857252  0.19586003  0.2998605   0.32375696  0.07859156  0.5509
   0.10102779  0.26839936  0.30719042 -0.2601773  -0.42688078  0.11546367]
 [-0.3613635  -0.17572843  0.14295204 -0.25303215 -0.16030493  0.00931635
  -0.3965768  -0.2296606   0.17654397  0.11016935 -0.3833855  -0.16212304]
 [-0.14250529  0.356898    0.09993184 -0.39737877  0.2221662   0.47503486
   0.31202623  0.2429655  -0.04358147  0.35296836  0.08429875  0.18305379]
 [-0.08867087  0.11324558  0.12757203 -0.29492027 -0.04715732  0.28940624
  -0.21823831  0.14486761 -0.29233745  0.30627006 -0.03733297 -0.41548738]
 [-0.31270635 -0.34158048  0.07660156 -0.17537321  0.12690514  0.28229985
  -0.02050493  0.09041215 -0.30494237 -0.15160905 -0.0139823  -0.35437405]
 [-0.36565635  0.21820521 -0.22639608 -0.2027097   0.17213878  0.11924584
   0.08152196 -0.12687291  0.16523765 -0.31479436 -0.32076028 -0.38044316]
 [ 0.1181597  -0.2720448  -0.05142467 -0.19195977 -0.19179441 -0.07700621
   0.35592094  0.26220798 -0.1881837   0.00536424 -0.14182429 -0.3556522 ]
 [ 0.03368203  0.05437029  0.09459506  0.06165101 -0.13380094  0.1550362
  -0.21351148  0.30212623 -0.2359747  -0.41582775 -0.09047469 -0.13815567]
 [ 0.392046    0.22538559  0.11352613 -0.12116743  0.00785597  0.27503002
  -0.18912204  0.13298847 -0.25748202 -0.09608398 -0.23872931  0.06530435]
 [ 0.25161567 -0.10366318 -0.61695886  0.16324234 -0.6261251   0.69193655
  -0.08014672 -0.1758659  -0.22392054  0.08524649  0.01594174 -0.08773354]
 [ 0.2740524  -0.28764346 -0.49478078  0.14874455 -0.57535136  0.52657324
   0.30166253  0.16695556  0.30892354  0.20927505 -0.2289872   0.14119117]
 [-0.33290905 -0.06837191  0.3518546  -0.03504797  0.38664478 -0.02819122
  -0.3231446   0.22784929 -0.1148187  -0.30159652 -0.09302398 -0.2610192 ]
 [-0.07292197  0.13391064  0.5605875   0.21719101  0.43774664  0.24225046
  -0.34704345 -0.02197533 -0.10282031  0.17748143 -0.23300636 -0.02986517]
 [ 0.14076336 -0.16449696 -0.6788552  -0.12354323 -0.5476733   0.3503664
  -0.1173398  -0.18296848 -0.42157137 -0.3531569   0.21874568 -0.08782691]
 [ 0.08680888  0.46701065  0.43002376  0.44202724  0.40318626  0.26457864
  -0.0374868   0.04876018 -0.09925593  0.30666184  0.28573346  0.0520743 ]
 [ 0.10189015  0.24990138  0.20304233  0.21261466  0.4158287   0.05250701
   0.11989878  0.33714658 -0.25094214  0.15641254 -0.1999572  -0.14683977]
 [ 0.09904335  0.22035056  0.8132774  -0.39877662  1.5679914  -1.3721105
   0.00232393  0.49480394 -0.251076   -0.20459197 -0.2168196  -0.16658337]
 [ 0.1638249   0.6718002   1.3361765   0.02172069  1.0368083  -1.365788
  -0.20504527  0.3515462  -0.03539716  0.09118751 -0.00891812 -0.3329923 ]]
Peso 2:
[ 0.03032971 -0.12925582 -0.5305654   0.10330387 -0.635525    1.1383965
 -0.06006299 -0.21733488 -0.08885358 -0.00349564 -0.09580395 -0.07201745]
Camada: saida
Peso 1:
[[ 0.07474818  0.31625488]
 [ 0.8014847  -0.11548877]
 [ 1.3174334  -1.4751102 ]
 [-0.6759223  -0.12355774]
 [ 1.5738472  -1.5966283 ]
 [-1.4142851   2.0333202 ]
 [ 0.09278465 -0.04780253]
 [ 0.5436841  -0.24874759]
 [-0.07808923 -0.2119709 ]
 [-0.35891813 -0.2791549 ]
 [ 0.14594711 -0.5181151 ]
 [ 0.4355751  -0.1665017 ]]
Peso 2:
[-0.7484561  0.7484576]



pesos modelo: 
Test loss: 2.0706, Test accuracy: 0.6319
Camada: meio
Peso 1:
[[ 6.15206361e-03  8.00143778e-02  3.75424832e-01  2.87616342e-01
   1.24722123e-02  2.31935352e-01  2.05245465e-01  1.13446802e-01
   3.45300466e-01 -1.64666414e-01  2.66281694e-01  3.08415800e-01]
 [ 1.94683716e-01  8.31667185e-02  2.18504772e-01  7.85391107e-02
   1.15134910e-01  1.77967697e-01 -6.33084849e-02  2.56868362e-01
   2.93139338e-01 -1.05660073e-01  8.35238993e-02  3.46408755e-01]
 [-2.61425614e-01 -3.88577402e-01 -3.83388162e-01 -1.89520523e-01
  -1.83397785e-01 -3.52176726e-01  1.79228157e-01  1.66168466e-01
  -5.58131598e-02  3.93128783e-01  2.69871950e-01  2.39498943e-01]
 [ 1.64349273e-01  1.72368698e-02 -1.90453783e-01  4.07586366e-01
  -4.65020798e-02 -3.19781840e-01  1.62072778e-01  1.94324985e-01
  -2.85045624e-01  6.06220290e-02  3.02536130e-01  3.34413350e-01]
 [ 4.39098716e-01  2.94640988e-01 -2.96860576e-01  2.03517005e-01
   3.28976601e-01 -7.11869076e-02  1.70280650e-01 -2.66974539e-01
  -2.69546568e-01  2.69578934e-01 -1.49251744e-01  1.57926917e-01]
 [ 3.93930525e-01 -2.35261798e-01 -1.00237630e-01  2.47053728e-01
   3.69003080e-02  1.74691565e-02  3.05005431e-01 -1.69076979e-01
  -1.25464574e-01  6.84542358e-02  3.10410559e-01 -2.55185306e-01]
 [-1.28816858e-01  2.19033137e-01 -4.08515036e-01  3.58555734e-01
   8.64462629e-02 -8.34336653e-02 -6.68540597e-02  4.08842921e-01
   2.90607363e-01  2.04602703e-01  2.66982049e-01 -3.09373140e-01]
 [ 1.54160380e-01  1.95749775e-01 -2.05112606e-01 -3.62981439e-01
   3.56774777e-01  3.84797633e-01 -6.68226853e-02  3.92375700e-02
  -1.83820620e-01  3.53365690e-01 -1.24300949e-01 -2.75128126e-01]
 [ 1.71403542e-01  4.51791376e-01 -1.48838207e-01  3.82610649e-01
  -1.88488755e-02 -8.42439830e-02 -1.22978427e-02  2.07705423e-01
   1.32676244e-01  4.58195135e-02  8.01595077e-02  1.90237105e-01]
 [-2.16543734e-01 -1.62940606e-01 -1.81508198e-01 -1.04047671e-01
   1.65308699e-01 -3.95241171e-01  3.02030556e-02 -3.03711712e-01
  -3.90567958e-01  1.61259577e-01 -8.11114013e-02  2.67245501e-01]
 [ 3.70600462e-01 -2.99835324e-01 -1.06647842e-01 -2.01567113e-01
  -3.39029312e-01 -1.34101868e-01  2.08893508e-01 -1.50124252e-01
   3.50207418e-01 -4.24493961e-02  7.79755116e-02  2.91234314e-01]
 [-5.25691546e-02  1.51820347e-01  9.75899249e-02 -1.63074315e-01
  -3.66562515e-01 -3.08956027e-01 -1.71966955e-01 -1.89381391e-02
  -1.99635848e-01 -8.80922750e-02  8.81852582e-03  9.85930092e-04]
 [ 2.71440089e-01  1.60949007e-02  3.75403762e-01 -4.38672155e-02
  -1.14850819e-01  2.05687612e-01 -8.15658569e-02  5.73588051e-02
  -2.14039430e-01 -1.56353235e-01  5.42043485e-02 -2.47123569e-01]
 [ 4.53890443e-01  2.83851296e-01 -2.47835532e-01 -1.41562983e-01
   2.60711163e-01 -3.59655887e-01 -5.60305715e-01 -2.15400696e-01
  -4.29307893e-02 -1.77758094e-02  7.53480792e-01 -1.99552357e-01]
 [ 3.46965790e-01 -4.02163535e-01  1.40808403e-01 -3.67529064e-01
  -3.42010766e-01 -6.22814633e-02 -4.02453572e-01 -1.92853794e-01
   1.20282628e-01  7.10181117e-01  4.96041358e-01  1.13926888e-01]
 [-1.28860369e-01  3.01233917e-01 -4.12770033e-01 -2.98221856e-01
   2.65340179e-01 -7.45006725e-02  2.87747353e-01  5.15440881e-01
   2.98076898e-01 -1.55080274e-01  1.48014873e-01 -4.54401255e-01]
 [ 1.70257241e-01 -4.27057296e-01 -5.52212223e-02 -3.85030031e-01
  -2.02273220e-01  7.93706998e-02  6.07533455e-01  7.75812864e-02
  -2.28566766e-01  1.96246579e-01 -1.59125507e-01 -1.00572302e-03]
 [-1.34559825e-01 -2.95646153e-02  1.12820968e-01 -3.32491070e-01
   2.39337221e-01  1.93027973e-01 -7.30861425e-01 -1.11895427e-01
   1.19611606e-01  4.06880438e-01  7.52098024e-01 -2.99086235e-02]
 [-2.91309506e-01 -4.03699666e-01  3.64242613e-01 -3.31668645e-01
  -4.62359905e-01 -3.66268128e-01  2.96778470e-01  3.01224709e-01
   3.79021704e-01  9.68936831e-03  1.05863502e-02 -1.02128133e-01]
 [ 2.41315052e-01 -1.28449976e-01 -4.18006144e-02  1.01596013e-01
  -4.91444692e-02  1.83031812e-01  8.51113737e-01  1.13766812e-01
  -1.62536681e-01  8.15879628e-02  6.23820089e-02  2.99059868e-01]
 [-5.89464128e-01  8.71405229e-02  5.85325295e-03  3.36777985e-01
   2.93273836e-01  2.03130305e-01  1.58724821e+00  6.61201179e-01
  -1.80347472e-01 -8.42641592e-01 -1.03363943e+00 -4.23832759e-02]
 [-7.11396158e-01  1.44053668e-01  2.32739270e-01  1.39946863e-01
   3.15475792e-01  9.78769809e-02  1.42596745e+00  7.20100999e-01
   7.09722415e-02 -7.48215437e-01 -1.12544954e+00 -3.96011740e-01]]
Peso 2:
[ 0.42969555  0.05656128  0.01161297 -0.00991843 -0.03129899 -0.01288134
 -0.6729082  -0.20229465  0.07922035  0.6019696   0.9942411   0.25977233]
Camada: saida
Peso 1:
[[-0.5929397   0.84736323]
 [-0.43550596 -0.0973098 ]
 [-0.66190565 -0.46279955]
 [ 0.37118995  0.35712087]
 [-0.44274282 -0.30561244]
 [-0.00766031  0.4833541 ]
 [ 1.9460813  -1.7214793 ]
 [ 0.97225195 -0.54507774]
 [ 0.07568046  0.53653306]
 [-0.89493614  1.1364099 ]
 [-1.4463013   1.5703428 ]
 [-0.504773    0.6839509 ]]
Peso 2:
[-0.37320322  0.37320486]



pesos modelo: 
Test loss: 2.1827, Test accuracy: 0.6167
Camada: meio
Peso 1:
[[-4.16510254e-01  1.40289396e-01  3.02737564e-01  9.67161953e-02
  -1.91735327e-01 -4.34094667e-03 -6.21690452e-02  1.05406195e-01
  -3.87434423e-01 -3.67386639e-01 -9.47358012e-02 -3.25961977e-01]
 [ 1.65753081e-01  3.10129404e-01  1.64610639e-01  1.06085353e-01
  -4.16624427e-01  1.52865648e-01  1.32335639e-02  2.70208955e-01
   1.18397303e-01  1.43090234e-04 -1.20093122e-01  2.64186680e-01]
 [ 1.42114267e-01 -3.59832972e-01  1.04024276e-01 -5.13593480e-02
   3.53849262e-01  3.84507477e-01 -2.36637816e-01  3.21250170e-01
   3.66024852e-01 -3.02625060e-01 -3.75205606e-01 -2.80890018e-01]
 [ 1.06410392e-01  1.39242500e-01 -3.60767305e-01  1.34530514e-01
   1.35732125e-02 -6.84580505e-02  5.09219468e-02  8.64015799e-03
   2.27655783e-01 -1.58199787e-01 -2.54818022e-01  3.57268482e-01]
 [-8.46581813e-03 -3.93280536e-01 -1.74149852e-02  1.47309199e-01
  -3.74774456e-01  9.38593596e-02  8.54381099e-02  2.77898073e-01
   4.15602595e-01 -7.37134591e-02  3.26325178e-01  2.73687094e-01]
 [ 7.02715069e-02 -3.45008343e-01  2.93181568e-01 -1.75367326e-01
  -3.77714723e-01  6.34194836e-02 -1.51786571e-02 -4.16355669e-01
  -3.00615102e-01  4.06210691e-01  2.95362175e-02 -2.88643893e-02]
 [ 8.93114656e-02 -1.19245179e-01  2.49541059e-01 -7.19621107e-02
  -1.04877455e-02 -1.24524154e-01 -5.22343554e-02 -1.92392781e-01
  -7.64922500e-02  4.09993082e-01  5.84939457e-02  2.42795572e-01]
 [-4.37064320e-02  1.49105102e-01  4.64602746e-02  4.56234254e-02
  -2.36893967e-01 -3.06636654e-02  1.32809684e-01  9.09352377e-02
   1.71724275e-01  3.30841511e-01 -1.77084461e-01  2.08821490e-01]
 [-1.61233872e-01 -1.21360704e-01  3.04148853e-01  3.91246140e-01
   9.80764329e-02 -5.79034574e-02 -3.70132849e-02  2.88782716e-01
   2.27238670e-01 -3.30923468e-01 -4.19406146e-01  3.54990244e-01]
 [-7.04290494e-02 -2.09602445e-01  2.94026107e-01  2.97936909e-02
  -2.00117365e-01 -1.14876732e-01  2.66926914e-01 -3.84594470e-01
  -2.00631618e-01  8.73902515e-02 -3.33586365e-01  4.73280847e-01]
 [ 1.45256579e-01  3.01413387e-01  2.11775541e-01 -3.19089949e-01
   2.13339195e-01  2.18062638e-03  2.40105763e-01 -3.45685750e-01
   2.88969696e-01  1.78833246e-01  8.22363049e-02  2.41912127e-01]
 [-1.93784520e-01 -3.44430655e-01 -2.47179538e-01 -3.74220088e-02
  -3.03017765e-01  1.83292776e-01  3.26261938e-01 -1.33145049e-01
  -5.35110496e-02  1.36050835e-01 -2.00055569e-01 -8.34959075e-02]
 [ 1.95927352e-01  3.36520910e-01 -1.91348903e-02  6.55524107e-03
   4.10369694e-01  5.38423583e-02  3.13044399e-01 -1.49612531e-01
   8.82135481e-02 -1.48358494e-01 -1.73726916e-01  5.44675052e-01]
 [-4.83902693e-01 -1.36173125e-02 -3.54402870e-01 -3.09468269e-01
   2.82705277e-01  4.73641545e-01 -2.06522480e-01 -1.20239757e-01
  -3.44942600e-01  3.91868740e-01 -2.65082251e-02  5.11966109e-01]
 [-3.40892375e-01 -2.94021904e-01  2.29633912e-01 -2.96865016e-01
   1.05454475e-01  7.95037866e-01 -3.97364080e-01  2.64867276e-01
  -4.29519825e-03 -1.61819942e-02  1.66770339e-01  5.59460878e-01]
 [ 5.84280968e-01 -2.38637000e-01 -1.01375863e-01  2.41704077e-01
  -3.38967025e-01  1.15536667e-01  7.89814144e-02  3.30335766e-01
  -4.04929787e-01  2.01204345e-01  3.91992271e-01 -1.56393737e-01]
 [ 2.65682429e-01 -2.60192633e-01  1.21805914e-01  4.60399240e-01
  -7.45393895e-03  2.78953046e-01  1.29053012e-01  3.55273843e-01
  -3.97396952e-01 -2.29321122e-01 -3.54787529e-01 -1.94723785e-01]
 [-7.19709575e-01 -1.35897443e-01 -4.45654631e-01 -3.57427537e-01
   1.15614966e-01  6.56975150e-01  1.72124393e-02 -3.36447716e-01
   2.91509777e-01 -8.71125534e-02  1.88600555e-01  3.99851352e-01]
 [ 4.48669463e-01 -2.27233753e-01  3.15150261e-01  5.36076486e-01
  -1.59416467e-01  1.58527851e-01  2.01887369e-01 -1.41566426e-01
  -3.13035518e-01  1.08126692e-01  1.79190472e-01  4.42756861e-02]
 [ 4.86129791e-01 -1.86920598e-01  2.77492451e-03  2.54812986e-01
  -3.84819686e-01 -3.05848211e-01  1.78802073e-01  1.42299056e-01
  -6.39592707e-02 -3.01949978e-01 -9.52396989e-02  3.22564960e-01]
 [ 1.07923234e+00  2.62679547e-01 -2.76802499e-02  5.90237975e-01
   3.70086044e-01 -9.97412324e-01  1.02906001e+00 -3.52134287e-01
  -9.88750011e-02 -3.78657132e-02 -7.83662219e-03 -1.27035022e+00]
 [ 1.19756389e+00 -1.35004222e-01  4.46845859e-01  8.67574632e-01
   7.13516697e-02 -9.94974375e-01  1.02647257e+00 -1.22981474e-01
   3.34230572e-01 -2.00342491e-01  3.50845486e-01 -8.34869862e-01]]
Peso 2:
[-0.6963952  -0.02647717 -0.09238902 -0.39563882 -0.00648047  0.98047566
 -0.3608462  -0.03038516  0.00818945  0.173461   -0.02147733  0.8158425 ]
Camada: saida
Peso 1:
[[ 1.1327283  -1.7844292 ]
 [ 0.56785667  0.1493809 ]
 [ 0.7510063   0.18592867]
 [ 0.6188567  -1.2924204 ]
 [ 0.40499675  0.3922869 ]
 [-1.3871725   1.4385791 ]
 [ 1.157651   -0.84174716]
 [ 0.25623217  0.37327468]
 [ 0.05307794  0.24089439]
 [-0.8056624  -0.08784334]
 [ 0.1123205  -0.07013036]
 [-1.4601314   1.2599561 ]]
Peso 2:
[-0.46722433  0.46722686]



pesos modelo: 
Test loss: 3.2585, Test accuracy: 0.5448
Camada: meio
Peso 1:
[[ 2.46910363e-01  2.25644112e-02 -2.01662570e-01 -3.39968473e-01
  -1.77505583e-01  3.69770437e-01  3.99435908e-01 -4.51853871e-03
  -2.54324198e-01 -2.07882553e-01 -2.37196967e-01  2.24616975e-01]
 [-2.27646992e-01  4.44490790e-01 -1.06725857e-01 -9.65120122e-02
  -1.94123685e-01  9.20722559e-02 -3.08690012e-01  3.46665502e-01
   3.80737394e-01 -1.83641594e-02 -1.31831914e-01  4.13360670e-02]
 [ 3.00672591e-01 -5.83382836e-03 -1.93157375e-01 -3.16317886e-01
   3.06913584e-01 -4.64634411e-02 -2.76669025e-01 -1.88370168e-01
  -1.13556474e-01  3.23730528e-01  1.88503101e-01 -2.00049087e-01]
 [ 2.82763153e-01  1.67132318e-02  3.54190439e-01  1.40581936e-01
  -2.00635135e-01 -2.75716215e-01  3.60194474e-01 -3.19066383e-02
   2.33070597e-01 -3.48883867e-01  3.56013089e-01  1.74663991e-01]
 [ 3.71624172e-01  1.01700827e-01 -2.14814737e-01 -1.46035239e-01
   2.90477544e-01 -7.35018253e-02 -3.48594487e-01 -8.06638077e-02
  -4.65515852e-02 -2.72132158e-01 -1.51402071e-01  1.48798645e-01]
 [ 1.92716226e-01  3.10096562e-01 -1.02180839e-01  1.75148010e-01
  -1.22973859e-01  3.50968093e-01 -4.92396248e-05  1.78918485e-02
  -2.07519397e-01 -5.33977011e-03  4.03786838e-01  2.44050488e-01]
 [-2.08613768e-01  4.03580517e-01 -1.61961600e-01  2.10152939e-01
   1.21627390e-01  2.50787228e-01 -3.15835416e-01 -1.27289342e-02
  -2.84525901e-01 -3.99357766e-01 -3.56509358e-01  1.01717077e-01]
 [ 2.84000099e-01  3.45564991e-01  2.81169843e-02 -3.34788680e-01
   3.67706642e-02  1.75337344e-01 -3.75761688e-01  1.73307762e-01
   2.17642888e-01 -3.77976656e-01  4.04400885e-01  6.87505454e-02]
 [ 3.81961644e-01  1.56554580e-01 -2.46807814e-01  4.27374803e-02
   3.07536602e-01 -2.79789548e-02 -3.28089356e-01  2.26911977e-01
   2.41125524e-02 -3.85251939e-01 -4.17669684e-01  3.96449059e-01]
 [ 4.25498068e-01  3.63105208e-01 -2.67354753e-02  3.65059942e-01
  -5.47788888e-02 -8.79232958e-02 -3.66765767e-01 -1.85266793e-01
   4.28954124e-01  2.93890923e-01 -7.37775564e-02 -2.01639652e-01]
 [ 1.00835107e-01  2.17077747e-01  5.62179498e-02 -2.40871772e-01
  -8.41371268e-02  8.45708922e-02 -1.04573946e-02  1.67246923e-01
   1.51997045e-01  8.74573812e-02 -1.13924608e-01 -5.53659946e-02]
 [-9.36602429e-02  2.41102070e-01 -4.22773324e-02  3.19328755e-01
   4.31247264e-01 -1.50072500e-01 -1.57876968e-01  1.55715838e-01
   1.00347698e-02 -4.06706274e-01  2.39452422e-01  2.70828575e-01]
 [ 4.11688201e-02 -4.57295887e-02  7.77097493e-02 -2.36782238e-01
   9.87032875e-02  1.71424910e-01  5.38262539e-04  5.15243948e-01
   7.45824277e-02 -2.81515747e-01 -3.84165823e-01 -2.25429580e-01]
 [-1.15814932e-01  3.99913490e-01  9.47458297e-03  5.46642467e-02
  -5.34362495e-01 -5.83290458e-01  9.31853503e-02  7.33914614e-01
  -5.90946496e-01 -1.43836349e-01  4.56783921e-01 -4.70364839e-01]
 [-1.26908869e-01  7.05420911e-01  1.39624074e-01 -4.93135974e-02
  -3.85253400e-01 -5.89081883e-01 -1.40174404e-01  6.23555064e-01
  -5.35598755e-01 -1.71857938e-01  3.33095968e-01 -3.13768446e-01]
 [ 3.00078064e-01  7.28022456e-02  5.11383414e-01  2.18434393e-01
   2.01360472e-02  6.93181992e-01 -2.44697347e-01  1.99685365e-01
   4.87460077e-01 -3.10523421e-01 -4.06407624e-01  1.20378703e-01]
 [ 3.03520173e-01 -1.91505149e-01  4.15349275e-01 -3.24282795e-01
   2.80377448e-01  1.45621985e-01  7.52497390e-02 -4.09612665e-03
   4.04337972e-01 -7.86343776e-03 -4.10808362e-02  2.55300909e-01]
 [ 2.83626735e-01  5.29923260e-01 -7.18804598e-02  1.92396581e-01
   1.75892025e-01 -6.62401438e-01  3.87422830e-01  5.82161188e-01
  -6.85434103e-01  8.02260637e-02 -1.51960403e-01  4.30111475e-02]
 [-2.97231197e-01 -2.15057507e-01  4.12414104e-01 -2.74141252e-01
   2.91454285e-01  2.60466307e-01 -5.19906208e-02  2.48991713e-01
   2.65707761e-01  1.24885580e-02  4.45446968e-01  1.29380494e-01]
 [-1.31385177e-01 -4.82131355e-02 -1.81639642e-01  3.83807033e-01
  -5.51768653e-02  3.84894282e-01  4.23285663e-02 -2.77107894e-01
   7.34373406e-02  2.29239166e-01 -2.32496634e-01  2.83085525e-01]
 [-7.80950665e-01 -5.54046988e-01  4.64685351e-01  2.26792768e-01
   7.20820725e-01  1.51809525e+00  2.60174274e-01 -5.22836208e-01
   7.29401708e-01 -7.78810754e-02  1.60080582e-01  5.99849939e-01]
 [-3.50053757e-01 -5.29038548e-01  5.99813819e-01 -2.87443310e-01
   8.00750792e-01  1.05533040e+00 -1.03621751e-01 -6.59538388e-01
   1.21526051e+00 -6.03632368e-02  2.08716720e-01  7.19360054e-01]]
Peso 2:
[ 0.46339616  0.8561727  -0.10323848  0.0483413  -0.25784314 -0.6403237
  0.02384107  1.0328002  -0.5365686  -0.07339092  0.07824866 -0.36105105]
Camada: saida
Peso 1:
[[-0.5078621   0.86409014]
 [-1.2597184   0.7899434 ]
 [ 0.8859057   0.10870682]
 [-0.6707036  -0.37973624]
 [ 0.7451877  -0.5728958 ]
 [ 1.5098556  -1.471269  ]
 [ 0.16752645  0.6265099 ]
 [-1.0357368   1.2841728 ]
 [ 1.3645958  -1.2214371 ]
 [ 0.33262116 -0.33595973]
 [ 0.22376694  0.63516515]
 [ 0.26997465 -1.0964906 ]]
Peso 2:
[-0.68232596  0.6823289 ]
