


pesos modelo: 
Test loss: 2.1505, Test accuracy: 0.6237
Camada: meio
Peso 1:
[[ 4.2540196e-01 -5.6991071e-02  1.4487311e-01]
 [-3.7500289e-01  2.6572064e-01  3.9659053e-02]
 [-1.5311459e-01  1.4052245e-01 -1.4773493e-03]
 [-4.7115806e-02  5.0104332e-01  1.9737169e-01]
 [ 2.0107655e-01  5.5037391e-01  2.1188803e-01]
 [-4.9986833e-01  5.2603185e-02 -3.9371543e-02]
 [ 1.7769739e-01  5.1069185e-02 -1.5304407e-02]
 [-1.4721407e-01  1.4028720e-02 -6.5049239e-02]
 [ 2.3188603e-01 -7.0772499e-02 -1.2181847e-01]
 [-4.2187441e-02  2.2926983e-01  3.4791190e-02]
 [ 1.0512231e-01  1.3382164e-01 -9.8871253e-04]
 [ 1.9603327e-01  6.7112315e-01  2.7468172e-01]
 [ 8.1758993e-03  5.8889139e-01  2.0461135e-01]
 [-4.1481459e-01  9.2144549e-01 -6.8927401e-01]
 [-7.3834226e-02  2.9391333e-01 -9.4485998e-01]
 [-3.2328072e-01 -4.9378160e-02  4.7430339e-01]
 [-2.6095885e-01  6.4849935e-02  6.2638980e-01]
 [-1.9712113e-01  1.5994076e-01 -1.0178421e+00]
 [-1.2580876e-01  2.6970237e-01  6.2136805e-01]
 [-8.9233495e-02 -1.5820748e-01  4.0540284e-01]
 [-4.8270267e-02 -6.2559390e-01  2.1599140e+00]
 [-3.2148200e-01 -7.2855687e-01  2.1046040e+00]]
Peso 2:
[-0.2754453   1.2267241  -0.97575676]
Camada: saida
Peso 1:
[[ 0.38595578 -0.972021  ]
 [-1.8721224   0.742037  ]
 [ 3.2109761  -1.6756533 ]]
Peso 2:
[-1.2030807  1.2030823]



pesos modelo: 
Test loss: 2.7248, Test accuracy: 0.5784
Camada: meio
Peso 1:
[[ 0.3288314   0.11328891  0.1238915 ]
 [ 0.24972622  0.0541301   0.3048618 ]
 [ 0.24475767  0.04407532 -0.42403305]
 [-0.04706153  0.05390681 -0.12814811]
 [ 0.28940135  0.04977176 -0.36888698]
 [-0.5199835   0.04508128 -0.02711681]
 [-0.51784116  0.04881286  0.05625426]
 [-0.45842096  0.04718274  0.3174478 ]
 [-0.19468015  0.05547775 -0.3898823 ]
 [-0.30512     0.04521396 -0.30374005]
 [-0.19873498  0.04573169  0.16785775]
 [ 0.10937242  0.04470386  0.1805651 ]
 [-0.49646485  0.0493664  -0.3453778 ]
 [ 0.2569807   0.96328604 -0.22751787]
 [-0.16854987  1.1182495  -0.15921476]
 [ 0.17115472 -0.23790409  0.31275985]
 [ 0.06555606 -0.20651105 -0.7990318 ]
 [-0.12376272  1.3416783  -0.26750803]
 [-0.4253414  -0.13274865  0.08573695]
 [ 0.0948446  -0.19810198 -0.01586729]
 [ 0.02743185 -2.1215668   0.00502766]
 [-0.43886793 -2.1215177   0.00399354]]
Peso 2:
[-0.12445062  2.4989028  -0.14310719]
Camada: saida
Peso 1:
[[-0.18507364  0.83711696]
 [-2.2303538   3.6130319 ]
 [-0.56042546  0.3668146 ]]
Peso 2:
[ 3.799779  -3.7997785]



pesos modelo: 
Test loss: 2.0864, Test accuracy: 0.6369
Camada: meio
Peso 1:
[[-7.7394187e-02 -1.3117650e-01  1.5261173e-03]
 [-1.0043515e-02 -1.6232757e-01 -8.6552344e-02]
 [ 3.8345182e-01  3.8570040e-01  1.0451578e-02]
 [ 1.6047196e-01  1.7684640e-01  8.8156886e-02]
 [ 3.2557735e-01  3.8571867e-01  1.5555041e-01]
 [ 2.5514984e-01  1.0466627e-01 -1.4433104e-01]
 [-1.5573248e-02 -4.0488571e-02  7.5519189e-02]
 [ 1.8657522e-01  3.0376425e-01  2.6515138e-01]
 [ 1.8211399e-01  3.9296168e-01  3.8765752e-01]
 [ 2.9577294e-01  5.0603032e-01  3.3167475e-01]
 [ 7.1101040e-02 -9.4183601e-02 -4.3164524e-03]
 [ 1.9987006e-01  1.3177122e-01  4.0342346e-02]
 [ 2.5165752e-01  2.2707367e-01  5.8871917e-02]
 [ 1.1133947e+00 -1.2349731e-02  3.6973616e-01]
 [ 6.9557291e-01 -6.3198328e-01  4.5359254e-01]
 [-1.9294690e-01  3.1908554e-01 -1.6646659e-01]
 [ 1.0133595e-01  8.3199900e-01 -1.4272103e-02]
 [ 3.6192831e-01 -5.8358610e-01  8.0309063e-01]
 [-2.7540815e-01  4.4299844e-01  2.7618846e-01]
 [-9.7369365e-02  3.1385401e-01 -2.7998549e-01]
 [-1.6759145e+00  1.1431454e+00 -9.2619699e-01]
 [-1.6080980e+00  1.4079318e+00 -6.9582456e-01]]
Peso 2:
[ 1.4070295 -0.5405546  0.8441093]
Camada: saida
Peso 1:
[[-2.0044892   2.1802843 ]
 [ 0.8070396  -2.3460677 ]
 [-1.5538795   0.83535445]]
Peso 2:
[ 0.2690648  -0.26906136]



pesos modelo: 
Test loss: 1.5142, Test accuracy: 0.6786
Camada: meio
Peso 1:
[[-3.59217852e-01 -1.05078757e-01  4.89573687e-01]
 [ 3.29377264e-01  1.50077090e-01 -8.30224133e-04]
 [-2.39829868e-01  1.84101537e-01  3.64778936e-02]
 [ 1.18128978e-01  1.28258362e-01 -1.35646071e-02]
 [-4.60359275e-01  2.01149195e-01  4.32006456e-02]
 [ 3.39506298e-01  1.87342137e-01  3.00481338e-02]
 [ 2.73325622e-01  5.41351140e-01  2.37609163e-01]
 [-7.79867843e-02  5.09295285e-01  2.22033888e-01]
 [-1.97265342e-01  3.53155956e-02 -6.51800185e-02]
 [-3.43550473e-01  2.58562993e-02 -4.69348058e-02]
 [-3.83167952e-01  3.82984102e-01  1.59726232e-01]
 [ 7.13724494e-02  5.56892335e-01  2.87760079e-01]
 [ 3.61206889e-01  1.97165951e-01  3.32225859e-02]
 [-6.53495491e-02  3.84711027e-01 -8.24006855e-01]
 [-3.38120043e-01  6.52533948e-01 -6.72774792e-01]
 [-3.20717245e-01 -3.00993651e-01  2.43842691e-01]
 [-7.26152286e-02  1.17350675e-01  4.73399967e-01]
 [ 2.64315736e-02  8.95783246e-01 -6.30069792e-01]
 [-3.79111230e-01  2.51093715e-01  6.03266180e-01]
 [-1.65469542e-01  1.66604757e-01  5.79666674e-01]
 [ 1.71445757e-02 -1.13332391e+00  1.97645617e+00]
 [-1.95135847e-01 -9.92655754e-01  2.06574774e+00]]
Peso 2:
[ 0.05028075  1.051985   -0.93206066]
Camada: saida
Peso 1:
[[-0.22275461  0.17731293]
 [-1.2549382   1.7959555 ]
 [ 2.66185    -2.0920093 ]]
Peso 2:
[-0.6703777   0.67038083]



pesos modelo: 
Test loss: 2.2690, Test accuracy: 0.6147
Camada: meio
Peso 1:
[[-3.94428372e-01  3.02243859e-01 -1.14828944e-01]
 [ 4.29190964e-01  3.17385107e-01  2.11510494e-01]
 [-1.19416073e-01 -8.42583030e-02 -2.05647990e-01]
 [ 1.88192561e-01  1.42738238e-01  1.18507836e-02]
 [ 7.73712099e-02  1.23608187e-01 -1.67793632e-02]
 [-3.36119413e-01  2.44021222e-01  3.87958646e-01]
 [ 7.63153583e-02  4.04102653e-01  4.25442278e-01]
 [ 5.02302684e-02  1.11122325e-01  3.19349766e-02]
 [ 1.43504431e-02  3.12263608e-01  3.19230467e-01]
 [ 2.55170465e-01  1.15268990e-01  1.48935411e-02]
 [ 1.64441913e-01  1.07247822e-01 -2.49541514e-02]
 [ 1.89914122e-01  6.49359003e-02 -1.17753625e-01]
 [ 1.93541348e-02  4.20921534e-01  5.24078190e-01]
 [ 1.46412522e-01  1.14048660e+00 -4.81408127e-02]
 [-3.43297958e-01  9.82214272e-01  3.71316099e-04]
 [ 6.75369561e-01 -7.57780522e-02  2.97424912e-01]
 [-7.17566609e-02 -2.29427457e-01  4.86151725e-01]
 [-3.27035338e-01  5.85250974e-01 -6.42537892e-01]
 [ 6.91640973e-01  1.01461634e-01  5.97258627e-01]
 [-1.06986478e-01 -1.09431274e-01  5.80505848e-01]
 [ 5.55973113e-01 -1.76318967e+00  1.30775690e+00]
 [ 5.02046704e-01 -1.91428936e+00  1.07202601e+00]]
Peso 2:
[-0.1390528  1.5457264 -0.5020276]
Camada: saida
Peso 1:
[[ 0.21081533 -1.1803722 ]
 [-2.0496414   2.718817  ]
 [ 1.7251642  -1.0341713 ]]
Peso 2:
[-0.10428269  0.10427763]



pesos modelo: 
Test loss: 1.9040, Test accuracy: 0.6463
Camada: meio
Peso 1:
[[ 0.29092726  0.08662519 -0.18497354]
 [ 0.02027075  0.00221784  0.20555063]
 [ 0.01609788  0.02168919  0.25939763]
 [ 0.02599729  0.01353129 -0.01811256]
 [ 0.02123948  0.03310749  0.05082155]
 [ 0.00894231  0.00848687  0.32333273]
 [ 0.01474798  0.00529593  0.41774797]
 [ 0.01383031  0.15951057 -0.24009588]
 [ 0.01785642  0.07450842 -0.03056246]
 [ 0.01783325  0.1065722  -0.13362534]
 [-0.00344526  0.14324796  0.40893948]
 [ 0.01600141 -0.0119898   0.3089229 ]
 [ 0.01170613  0.25035384 -0.16206874]
 [ 0.7910676   0.2765062  -0.05886311]
 [ 0.9703771   0.26346645 -0.12508404]
 [-0.08355726 -0.08212132 -0.5999768 ]
 [-0.3511269   0.3773954  -0.17715722]
 [ 0.85603076  0.25877804  0.56811136]
 [ 0.12928793 -0.55402493 -0.45936516]
 [-0.09488941 -0.19130485  0.06145328]
 [-1.9266126  -0.97601604 -0.65265334]
 [-1.9281437  -0.9675167  -0.44001645]]
Peso 2:
[2.206144  0.8041679 0.3618051]
Camada: saida
Peso 1:
[[-2.7469082   2.7081964 ]
 [-1.5227325   0.8001512 ]
 [-1.0666875   0.17302851]]
Peso 2:
[ 3.8164215 -3.8164248]



pesos modelo: 
Test loss: 3.2010, Test accuracy: 0.5563
Camada: meio
Peso 1:
[[ 3.8983974e-01 -3.8929987e-01  4.4305524e-01]
 [-4.8212741e-02  1.1736777e-01  5.3678576e-02]
 [ 3.5986239e-01 -2.3824714e-01  5.8468532e-02]
 [-3.3298782e-01  3.6666194e-01  5.4448869e-02]
 [ 2.4493150e-02  1.6011997e-01  5.1899642e-02]
 [ 1.3700840e-01 -2.9616204e-01  5.9121475e-02]
 [ 2.9831651e-01  2.7234060e-01  5.8069922e-02]
 [-2.9305762e-01 -2.8067183e-01  5.7515815e-02]
 [-2.7023545e-01 -4.7499841e-01  5.7046816e-02]
 [-6.3347034e-02 -3.2202882e-01  5.3215377e-02]
 [-3.8123149e-01  8.6150847e-02  5.8902234e-02]
 [-3.4365755e-01 -3.5378817e-01  5.7609174e-02]
 [-8.6204715e-02 -4.0984765e-01  5.9890404e-02]
 [ 9.0875722e-02 -2.2058974e-01  8.8298398e-01]
 [-8.7714985e-02  2.6292354e-03  1.2488128e+00]
 [ 4.8581485e-02 -2.7579111e-01 -2.0252635e-01]
 [-1.0003977e-03  3.1387115e-01 -1.5973243e-01]
 [-2.2371605e-01 -3.0857554e-01  1.2444789e+00]
 [-1.7631581e-01 -4.0038711e-01 -2.1613398e-01]
 [-4.1730642e-01 -2.0421852e-01 -2.3793434e-01]
 [ 4.7475033e-02  2.9374045e-01 -2.1108992e+00]
 [-2.4002278e-01 -2.8524923e-01 -2.1114652e+00]]
Peso 2:
[-0.14761308 -0.10621247  2.4813836 ]
Camada: saida
Peso 1:
[[ 0.4644977   0.03818042]
 [-0.2729789   0.49750653]
 [-2.1125393   3.7791188 ]]
Peso 2:
[ 3.8015947 -3.8015904]



pesos modelo: 
Test loss: 1.6483, Test accuracy: 0.6306
Camada: meio
Peso 1:
[[ 0.26579174 -0.16974598  0.07289043]
 [ 0.13088372  0.20220797 -0.06883694]
 [-0.3089121   0.10791798 -0.08879381]
 [ 0.17606887  0.01508895 -0.04821766]
 [-0.07983565 -0.37462902 -0.05438786]
 [ 0.02404644 -0.5259015  -0.0686483 ]
 [-0.40585473  0.21862088 -0.0604996 ]
 [-0.19859262  0.02634088 -0.08146239]
 [ 0.08978269 -0.23817258 -0.04295225]
 [-0.1699952  -0.31896698 -0.06530049]
 [-0.30111492  0.22782075 -0.02247724]
 [-0.31027594 -0.38277277 -0.0828845 ]
 [-0.39135477 -0.06884328 -0.03648077]
 [-0.44480395  0.21416439 -0.9166096 ]
 [-0.12378465 -0.02684558 -0.83422375]
 [-0.47708505 -0.50903404  0.5255488 ]
 [ 0.31449196 -0.25133008  0.49286345]
 [-0.35255295 -0.1191958  -0.89126235]
 [-0.00395507  0.04814705  0.5771025 ]
 [ 0.07159407 -0.22918914  0.52597165]
 [-0.0594108  -0.4322515   2.210299  ]
 [ 0.27908468 -0.46536827  2.2120187 ]]
Peso 2:
[ 0.05714383 -0.27251962 -0.8668076 ]
Camada: saida
Peso 1:
[[-1.0622542   0.14403695]
 [ 0.41320756 -0.48356205]
 [ 2.4360847  -2.725454  ]]
Peso 2:
[-3.3479156  3.3479254]



pesos modelo: 
Test loss: 1.6580, Test accuracy: 0.6717
Camada: meio
Peso 1:
[[-0.0288679  -0.10485157  0.02392289]
 [-0.13273762 -0.1368115  -0.3505021 ]
 [-0.05363312  0.08161331 -0.05303217]
 [ 0.17094077  0.35596254  0.16400214]
 [ 0.29924998  0.58215904  0.18038613]
 [-0.07282975  0.0164514  -0.1416624 ]
 [ 0.2683386   0.53120595 -0.26429322]
 [-0.04748936  0.06927893 -0.35272306]
 [ 0.10410582  0.28632388 -0.3584529 ]
 [ 0.03453905  0.25556606  0.29507458]
 [ 0.1678657   0.39258963 -0.40313026]
 [ 0.18301435  0.41159678 -0.26247865]
 [ 0.09928001  0.22197376  0.22399089]
 [-0.60726565  0.7812939   0.43591946]
 [-0.9824696   0.30356085 -0.4762474 ]
 [ 0.45137003 -0.022515   -0.17403582]
 [ 0.33584654 -0.15417777 -0.36588195]
 [-0.69601345  0.4279568  -0.12110759]
 [ 0.6428185   0.3544033   0.40596494]
 [ 0.54275703  0.14743316  0.1731522 ]
 [ 1.9929006  -1.1549563   0.39579356]
 [ 2.2000456  -0.83685464 -0.11247005]]
Peso 2:
[-0.89237523  1.091494    0.02133549]
Camada: saida
Peso 1:
[[ 1.7387861  -2.9191918 ]
 [-1.839749    1.2375051 ]
 [ 0.83534956  1.0560777 ]]
Peso 2:
[-0.77731574  0.77731496]



pesos modelo: 
Test loss: 1.4935, Test accuracy: 0.6874
Camada: meio
Peso 1:
[[ 0.09765002  0.29692903  0.16161475]
 [ 0.53942144  0.1543492   0.21202718]
 [ 0.12537552  0.06979047  0.01972904]
 [ 0.10183407 -0.04174904 -0.0271747 ]
 [ 0.02136619  0.04641589 -0.07810175]
 [ 0.5284046  -0.17524457  0.1320448 ]
 [ 0.3046201   0.20668957  0.08754849]
 [ 0.33214942  0.55144006  0.1560575 ]
 [ 0.15466529 -0.32651109 -0.07609613]
 [ 0.27403304  0.07967887  0.06518896]
 [ 0.45571646 -0.34058115  0.05077624]
 [ 0.14454554  0.29547045 -0.00730298]
 [-0.03221851 -0.05383636 -0.06404902]
 [ 0.50282973  0.18493703 -0.7224532 ]
 [ 0.6755955   0.32120752 -0.73119444]
 [-0.0332266   0.5686637   0.57947844]
 [ 0.14167279 -0.3246518   0.3836679 ]
 [ 0.3221519  -0.14194305 -0.6992586 ]
 [ 0.17122741 -0.06002774  0.49863982]
 [-0.01139796  0.3386393   0.5180555 ]
 [-0.80533683 -0.29737708  2.1672108 ]
 [-0.37916192 -0.47259516  2.3108819 ]]
Peso 2:
[ 0.8941512   0.45661741 -0.8580413 ]
Camada: saida
Peso 1:
[[-0.22825646  1.9512217 ]
 [-1.3975323  -0.26457778]
 [ 3.0504103  -1.839162  ]]
Peso 2:
[-1.2634287  1.2634289]



pesos modelo: 
Test loss: 2.3296, Test accuracy: 0.6026
Camada: meio
Peso 1:
[[-0.26025826 -0.44376466 -0.3398587 ]
 [ 0.03988016 -0.20485003 -0.13345188]
 [-0.09648329  0.38864157 -0.00946959]
 [ 0.31635007 -0.23786603  0.14045179]
 [ 0.10751544 -0.11543297  0.01988041]
 [-0.02098936  0.2641519  -0.01135164]
 [ 0.28413776 -0.30118498  0.07631109]
 [-0.03488734  0.5172557   0.1094512 ]
 [ 0.11999024  0.4662038   0.17229031]
 [ 0.40040675  0.10073328  0.3308631 ]
 [ 0.34927943  0.01645677  0.22832699]
 [ 0.37256745  0.46814954  0.4685385 ]
 [-0.04106094  0.0576892  -0.06631208]
 [ 1.166707    0.36921635 -0.23655008]
 [ 0.3835775   0.3660538  -0.84194505]
 [-0.2058189  -0.0678385   0.32550028]
 [-0.22943029  0.4574254   0.60855144]
 [ 0.14204413  0.34889117 -1.1214057 ]
 [-0.20561345 -0.23896681  0.32110515]
 [ 0.45601538 -0.34536943  0.8451996 ]
 [-1.3261906  -0.7041159   1.4905279 ]
 [-1.230025   -0.32924443  1.720782  ]]
Peso 2:
[ 1.2985486   0.71044004 -0.83617926]
Camada: saida
Peso 1:
[[-1.813667    1.9125372 ]
 [-0.22037837  1.4716085 ]
 [ 2.25617    -1.8434336 ]]
Peso 2:
[-0.51816183  0.51816636]



pesos modelo: 
Test loss: 1.9118, Test accuracy: 0.6452
Camada: meio
Peso 1:
[[ 1.07873112e-01  2.63576597e-01  1.91637009e-01]
 [-4.21775967e-01  2.76851237e-01  9.05799121e-02]
 [-1.16215624e-01  1.44487396e-02 -1.02317773e-01]
 [ 1.28913462e-01  1.20728277e-01 -1.79029237e-02]
 [-2.04050262e-03 -2.46499442e-02 -1.09866008e-01]
 [ 3.95037740e-01  5.44857681e-02 -6.66352957e-02]
 [-4.14863229e-01  4.12470609e-01  1.99609965e-01]
 [-3.28902900e-01  2.23782182e-01  5.17211296e-02]
 [ 2.95717925e-01  3.39566857e-01  1.59290418e-01]
 [-5.27069628e-01  1.57963634e-01  5.40675670e-02]
 [-3.34468454e-01  4.20651525e-01  2.07756177e-01]
 [ 1.00605287e-01  1.46284461e-01  3.98843400e-02]
 [-6.45449236e-02  2.55369723e-01  7.60974213e-02]
 [-2.77259856e-01  9.86652136e-01 -5.40819347e-01]
 [ 1.07050408e-03  8.62160087e-01 -5.38743734e-01]
 [ 2.84986794e-01  2.59214699e-01  7.00124502e-01]
 [-1.99528903e-01  1.69109643e-01  6.62608862e-01]
 [-2.59660065e-01  5.40398538e-01 -6.84725702e-01]
 [ 1.07599333e-01 -2.21939281e-01  3.45801175e-01]
 [ 3.54663581e-02 -1.14882603e-01  3.78723055e-01]
 [ 1.89888433e-01 -1.32723367e+00  1.92545104e+00]
 [-4.56156343e-01 -1.03386211e+00  2.13719201e+00]]
Peso 2:
[-0.14379309  1.2677121  -0.96485615]
Camada: saida
Peso 1:
[[ 0.34098136  0.8280974 ]
 [-1.4731789   1.7682328 ]
 [ 2.1238942  -2.2522426 ]]
Peso 2:
[-0.53485274  0.5348559 ]



pesos modelo: 
Test loss: 2.0057, Test accuracy: 0.6637
Camada: meio
Peso 1:
[[-0.35945576  0.3187354   0.09906176]
 [ 0.05015621 -0.27357715  0.16018738]
 [ 0.04887586 -0.15878348 -0.01206846]
 [ 0.04556956 -0.08090286 -0.31154522]
 [ 0.03599898 -0.18027245 -0.20725234]
 [ 0.03817074 -0.12778094 -0.38568002]
 [ 0.04162618 -0.39511526 -0.45347422]
 [ 0.04965348 -0.02208678 -0.2303985 ]
 [ 0.04561618 -0.35051563 -0.07581685]
 [ 0.03453657 -0.42768705  0.16170928]
 [ 0.04439586 -0.30181584 -0.44742772]
 [ 0.03905158  0.22894698 -0.03623733]
 [ 0.03887331 -0.12551571  0.33418518]
 [ 1.2125535  -0.18629944 -0.43600035]
 [ 1.0487359  -0.44767877 -0.43491542]
 [-0.19758557 -0.21645868 -0.1723917 ]
 [-0.18374641  0.28306317  0.32923624]
 [ 0.93370825 -0.31286478 -0.48329714]
 [-0.18031003 -0.32974496 -0.3705585 ]
 [-0.24093871  0.07963397 -0.04271756]
 [-2.0912697   0.01281935 -0.03749498]
 [-2.09034     0.30564538 -0.13792923]]
Peso 2:
[ 2.549862   -0.19072491  0.02433369]
Camada: saida
Peso 1:
[[-2.763566    3.1078234 ]
 [-0.62011236  0.7915227 ]
 [-0.26251918  0.27643472]]
Peso 2:
[ 3.7980618 -3.7980564]



pesos modelo: 
Test loss: 2.1647, Test accuracy: 0.6247
Camada: meio
Peso 1:
[[-0.45147094  0.06114438  0.15062723]
 [-0.08157239  0.28757578  0.37255156]
 [-0.46311352 -0.11147639 -0.02310586]
 [ 0.08558279 -0.08735224  0.06518288]
 [-0.15443066  0.4639277   0.58457637]
 [ 0.15814285 -0.17276058 -0.01050704]
 [-0.22061239 -0.00783012  0.04623625]
 [ 0.00399394  0.0039944   0.10144445]
 [-0.3351599   0.01398033  0.08314496]
 [-0.48467708 -0.14716442 -0.04530982]
 [-0.24107435  0.12988174  0.19868162]
 [-0.12103109  0.07718712  0.19897221]
 [-0.22280803 -0.12297764 -0.01372334]
 [ 0.3410004  -0.56255686  0.83549356]
 [-0.06681921 -0.76097846  0.4244711 ]
 [ 0.27696702  0.563495   -0.03184241]
 [-0.3317667   0.84663546  0.28609464]
 [-0.05683433 -0.5259781   1.030709  ]
 [ 0.36689094  0.55580646 -0.02175015]
 [-0.12298851  0.38319343 -0.19042668]
 [ 0.31250545  1.704929   -1.466996  ]
 [-0.39711806  1.6989472  -1.4762805 ]]
Peso 2:
[-0.09483828 -0.7390561   1.4718529 ]
Camada: saida
Peso 1:
[[-0.36062813 -0.95125586]
 [ 1.5506569  -2.388098  ]
 [-2.2540514   1.7130622 ]]
Peso 2:
[-0.44246584  0.44246873]



pesos modelo: 
Test loss: 1.3619, Test accuracy: 0.7037
Camada: meio
Peso 1:
[[-0.18832874 -0.4239022   0.12536171]
 [ 0.10225483  0.18373348 -0.1254687 ]
 [-0.08607133  0.23910882  0.38669056]
 [-0.12731317  0.1526879   0.40794495]
 [-0.01359108  0.14506689  0.12455087]
 [ 0.2370481   0.26735    -0.14518814]
 [ 0.19909321  0.3401642   0.04808677]
 [-0.0233256   0.14660004  0.13599472]
 [ 0.17727484  0.2606449  -0.07127865]
 [ 0.23876995  0.18007316 -0.29765818]
 [-0.04628124  0.2526978   0.30418813]
 [ 0.36831027  0.54274493  0.1075738 ]
 [ 0.15927458  0.2521667  -0.00830855]
 [-0.32268408  0.7713373  -0.6453012 ]
 [-0.3144929   0.99341846 -0.08211196]
 [ 0.16539463 -0.17942739  0.36896047]
 [ 0.50884813 -0.01326038 -0.0334728 ]
 [-0.62992316  0.5470843  -0.06131554]
 [ 0.5541929   0.3222568   0.5456431 ]
 [ 0.2683702  -0.30963293 -0.11264078]
 [ 1.7518141  -1.2110931   1.1014631 ]
 [ 1.6826568  -1.3506399   0.9725775 ]]
Peso 2:
[-0.7801518   1.2343519  -0.23211479]
Camada: saida
Peso 1:
[[ 1.9309196  -1.8613639 ]
 [-2.6174088   1.029913  ]
 [ 1.5218828  -0.31941172]]
Peso 2:
[-0.5079082   0.50791377]



pesos modelo: 
Test loss: 1.7100, Test accuracy: 0.6586
Camada: meio
Peso 1:
[[ 4.4427171e-01  2.1749410e-01  2.6317796e-01]
 [ 1.4782101e-01  9.5832177e-02 -2.2029404e-01]
 [ 5.2601798e-04 -9.1254465e-02 -2.4971923e-02]
 [ 9.7225972e-02 -1.5385502e-02  8.7012304e-03]
 [ 1.4638733e-02 -4.9758650e-02  7.8901472e-03]
 [-7.4988209e-02 -1.2756474e-01 -4.8695449e-03]
 [ 2.5057927e-01 -7.7902354e-02  2.2145735e-01]
 [ 5.7763571e-01  1.2373678e-01  9.4478682e-02]
 [ 1.8984237e-01  1.0707063e-01 -2.3795450e-01]
 [ 7.0059055e-01  1.2941788e-01  2.8402141e-01]
 [ 1.7992550e-01 -1.0771745e-01  2.5094819e-01]
 [ 7.2255361e-01  1.3608740e-01  2.8987205e-01]
 [-1.8104519e-03 -4.9150120e-02 -5.5461306e-02]
 [ 8.2001984e-02 -5.8172542e-01 -5.8301538e-01]
 [ 5.1017749e-01 -6.4619541e-01 -3.4906167e-01]
 [ 2.7724868e-01  5.4359257e-01  5.2506689e-02]
 [ 6.1089653e-01  6.1058027e-01  3.1822261e-01]
 [ 4.7877887e-01 -7.6134127e-01 -6.0866171e-01]
 [ 2.0779614e-01  4.0597680e-01  5.0523353e-01]
 [ 2.0468351e-01  4.7382405e-01  2.4367020e-01]
 [-3.9058226e-01  2.2462101e+00  4.0195730e-01]
 [-7.0717657e-01  1.8033500e+00  1.0361159e+00]]
Peso 2:
[ 0.9639542  -0.7870293  -0.40229592]
Camada: saida
Peso 1:
[[-0.71887773  1.4644315 ]
 [ 2.3792126  -2.3670657 ]
 [ 1.0167731  -1.2354273 ]]
Peso 2:
[-1.6223047  1.6223035]



pesos modelo: 
Test loss: 1.8846, Test accuracy: 0.6740
Camada: meio
Peso 1:
[[ 0.14969465 -0.18950295  0.02269241]
 [ 0.0579367   0.05757422 -0.12512678]
 [ 0.03938861  0.06559388 -0.26711327]
 [-0.11362685  0.05883322 -0.38215598]
 [-0.23070456  0.05902626  0.07786168]
 [-0.08084161  0.06015699  0.06910067]
 [ 0.07590943  0.06197054 -0.4441732 ]
 [-0.23873928  0.06096994 -0.37377045]
 [ 0.1512903   0.05687953  0.19543098]
 [ 0.11908182  0.06653819 -0.41322544]
 [-0.05876199  0.06645396 -0.47732872]
 [-0.31799266  0.05775954 -0.4530056 ]
 [-0.12517996  0.06507469  0.11845819]
 [-0.3332265   1.0725266  -0.17136955]
 [ 0.17725562  0.86804634 -0.2759035 ]
 [-0.38083658 -0.19620076 -0.29234305]
 [-0.03338576 -0.19366895  0.3553806 ]
 [-0.06272038  1.1802305   0.3234503 ]
 [-0.23590147 -0.14794795 -0.3165653 ]
 [-0.21154268 -0.18063264 -0.22241652]
 [-0.25176486 -2.182485   -0.48881167]
 [-0.39478973 -2.1829422   0.47344574]]
Peso 2:
[-0.32227892  2.414666   -0.05352383]
Camada: saida
Peso 1:
[[ 0.3462225 -0.6630426]
 [-2.6851263  3.1082892]
 [-0.5850371 -0.8807529]]
Peso 2:
[ 3.7755187 -3.7755148]



pesos modelo: 
Test loss: 2.3973, Test accuracy: 0.6175
Camada: meio
Peso 1:
[[ 0.294435   -0.28701383 -0.23830557]
 [ 0.06302577  0.12385256  0.02103334]
 [ 0.05301795 -0.3159151   0.034061  ]
 [ 0.05313834 -0.26475364  0.02331779]
 [ 0.04378447  0.09741361  0.02403713]
 [ 0.0762176  -0.17083482  0.02037288]
 [ 0.06105688 -0.12953898  0.0324867 ]
 [ 0.06894583 -0.48367473  0.03150959]
 [ 0.06143599 -0.06158699  0.02227346]
 [ 0.06907742 -0.45044303  0.02018793]
 [ 0.05308338  0.2801913   0.02200245]
 [ 0.08752883 -0.4674525   0.01956647]
 [ 0.09709047  0.3318866   0.01804985]
 [ 0.99924564 -0.16864643  0.73203886]
 [ 0.95911855 -0.45805806  0.7876464 ]
 [-0.35080597  0.0438757   0.03734787]
 [ 0.19959249 -0.1469681  -0.36160466]
 [ 0.17390119  0.27212325  1.1727011 ]
 [-0.33106115  0.00503685  0.06180517]
 [-0.30410597  0.12552983 -0.01251787]
 [-1.4174985  -0.0827943  -1.7164363 ]
 [-1.4199063  -0.45908108 -1.7161696 ]]
Peso 2:
[ 1.6649644  -0.00764923  1.7926844 ]
Camada: saida
Peso 1:
[[-1.2229276   2.408855  ]
 [ 0.3743942   0.35619825]
 [-2.7536275   1.7296975 ]]
Peso 2:
[ 3.8048859 -3.8048797]



pesos modelo: 
Test loss: 2.4947, Test accuracy: 0.5672
Camada: meio
Peso 1:
[[ 0.47161666 -0.3728242  -0.21614626]
 [ 0.14141488  0.11677426 -0.13237356]
 [ 0.30348307 -0.0174409   0.0702497 ]
 [ 0.22688483 -0.07261878  0.08514282]
 [ 0.15725416  0.03693574 -0.03120884]
 [ 0.31034964  0.1763781  -0.09596965]
 [ 0.62479615  0.13016595  0.09117136]
 [ 0.26864064  0.03031227  0.0478434 ]
 [ 0.21725862  0.01285862  0.02085875]
 [ 0.11146316 -0.13112386  0.03584936]
 [-0.08714897 -0.08283862 -0.11280094]
 [ 0.3320276   0.19608507 -0.11878125]
 [ 0.01077702 -0.06776877 -0.09133438]
 [ 0.407892   -0.5642182  -0.6647062 ]
 [ 0.00798486 -0.64860916 -0.71782607]
 [ 0.48278928  0.48305437  0.53970355]
 [ 0.23614977  0.37328574  0.4935933 ]
 [ 0.09261914 -0.6408947  -0.80029345]
 [ 0.27272448  0.22697164  0.6759606 ]
 [ 0.01706913  0.34895608  0.28725508]
 [-0.6632303   1.698565    1.3688059 ]
 [-0.21868147  1.3712659   1.8730597 ]]
Peso 2:
[ 0.8263243  -0.60659736 -0.6809435 ]
Camada: saida
Peso 1:
[[-0.9095641  1.0149045]
 [ 2.2467358 -1.0871084]
 [ 1.8284178 -1.9060556]]
Peso 2:
[-2.1532977  2.1532996]



pesos modelo: 
Test loss: 1.5699, Test accuracy: 0.6523
Camada: meio
Peso 1:
[[-0.3948297  -0.2670618   0.17631766]
 [ 0.04416402  0.32309738 -0.02089841]
 [-0.20774728 -0.2895949  -0.0451259 ]
 [-0.42908108  0.01885447 -0.06446467]
 [-0.40925327  0.23741308 -0.05047129]
 [-0.28743482 -0.147481   -0.05320732]
 [-0.00434269 -0.0792086  -0.06768498]
 [-0.00625603 -0.26657975 -0.07345566]
 [ 0.05011423  0.37578386 -0.02463698]
 [ 0.01184295 -0.46446905 -0.06752334]
 [ 0.37147072 -0.20382054 -0.03534203]
 [ 0.06965388 -0.06283335 -0.06017207]
 [-0.07566243  0.25890225 -0.02138344]
 [ 0.08088429 -0.39607015 -0.945951  ]
 [-0.40542516 -0.23801054 -0.9073844 ]
 [-0.09518366 -0.30944893  0.47517312]
 [-0.1081728  -0.13802704  0.4767608 ]
 [ 0.05914113 -0.27595842 -0.8628466 ]
 [-0.3026368  -0.11461267  0.4966392 ]
 [-0.09041811 -0.0826657   0.5605603 ]
 [-0.00948939 -0.26249027  2.2648056 ]
 [-0.1583744   0.23148479  2.2637973 ]]
Peso 2:
[-0.12480175  0.00992711 -0.8679803 ]
Camada: saida
Peso 1:
[[ 0.8537262   0.42948496]
 [ 0.7473544   0.8451871 ]
 [ 2.9197617  -2.2257693 ]]
Peso 2:
[-3.348361   3.3483665]
