


pesos modelo: 
Test loss: 2.7418, Test accuracy: 0.5766
Camada: meio
Peso 1:
[[-3.11369061e-01  2.15986371e-03  3.72032911e-01  2.84501404e-01
   2.99160510e-01  2.27243155e-01  2.33793646e-01  1.41891390e-01
  -8.59005153e-02  3.25606018e-01 -3.67298931e-01  2.39549607e-01
   7.58528709e-04]
 [-1.85279474e-01  1.11068986e-01  2.05919147e-01 -4.02019024e-02
  -7.51717836e-02  7.78347477e-02 -1.67547613e-01  1.52034327e-01
   1.27280504e-01 -6.59621656e-02  2.31742904e-01 -3.30712616e-01
  -3.03616732e-01]
 [ 3.68576527e-01 -6.92732707e-02 -2.42398858e-01  2.72289485e-01
   1.32551149e-01  3.51688236e-01  2.29675695e-01  2.06724599e-01
   1.04295865e-01  4.45387997e-02 -1.40413404e-01 -2.30558306e-01
  -3.58276516e-01]
 [ 1.09251864e-01  1.01538315e-01 -1.94849163e-01  4.80323751e-03
  -8.24515373e-02  3.38340461e-01 -2.44273186e-01 -2.03477070e-01
   1.42554790e-01 -1.15518153e-01  1.19135499e-01  4.45275217e-01
  -4.02224690e-01]
 [-1.19941048e-01 -2.35529393e-01  9.62038264e-02  3.03442597e-01
  -3.09533477e-01 -3.85902882e-01 -2.93586170e-03 -1.09131761e-01
   2.64630109e-01  7.10359514e-02  2.19737589e-01 -2.37566695e-01
  -5.07289767e-02]
 [ 1.54791564e-01 -2.57459223e-01 -2.41749850e-03 -2.79144645e-01
  -1.24299459e-01  3.84481996e-01  1.46656677e-01 -4.97683547e-02
   2.54728049e-01  5.28106131e-02  3.33915472e-01  9.15484950e-02
  -1.49832770e-01]
 [ 1.09984867e-01 -1.50034711e-01 -3.02738637e-01  2.04899058e-01
   2.87175208e-01  4.00625497e-01 -2.02608272e-01  1.00455292e-01
  -2.51152992e-01 -1.91960670e-02 -2.17949212e-01 -1.09407894e-01
  -3.57912660e-01]
 [ 9.58469659e-02  6.30940571e-02 -3.44570667e-01  9.25374627e-02
   2.17930362e-01  1.80466861e-01 -2.54657924e-01 -2.61195302e-01
   1.29505157e-01  1.56272575e-01 -2.18713671e-01 -3.31411749e-01
   6.69721514e-02]
 [ 1.40731633e-01  2.20752805e-01  6.29636645e-02  2.84248590e-01
   1.45613715e-01  4.89045024e-01  1.52397707e-01  1.41225964e-01
  -1.91892326e-01  9.60070193e-02 -3.96764874e-02 -2.54865587e-01
  -9.46472958e-03]
 [-8.01643804e-02 -1.18254036e-01 -1.87992096e-01  2.74466127e-01
  -3.01787674e-01  1.59807861e-01 -1.18661806e-01  1.69313326e-01
   1.92606896e-01  3.99028271e-01  4.36488718e-01 -2.60470510e-01
  -1.31227583e-01]
 [ 8.38446170e-02  2.30712488e-01 -1.60903305e-01 -2.21740574e-01
   1.64139178e-02  5.27063847e-01 -7.92404488e-02  1.88020751e-01
   1.71927407e-01 -3.26524004e-02  1.68082729e-01  3.20104301e-01
  -3.21548998e-01]
 [ 1.79107726e-01  7.79677182e-02  8.08760971e-02 -7.21209049e-02
   2.78993193e-02  2.19760627e-01  1.08812474e-01 -3.42198968e-01
   3.10597658e-01  1.38758451e-01  3.23908739e-02  4.33163308e-02
  -1.67771921e-01]
 [-4.75497544e-02  1.68542936e-01  3.13593775e-01 -1.08917654e-01
  -1.22034222e-01  2.24176750e-01  1.56950027e-01 -2.16304079e-01
  -2.39661738e-01 -3.62860151e-02 -1.07997313e-01  9.24887359e-02
  -2.24844828e-01]
 [-5.15326679e-01 -1.68985918e-01  3.61810982e-01  3.50492895e-01
  -3.01628083e-01  1.87082127e-01  5.39444864e-01 -1.58614844e-01
   6.49964631e-01  1.69639051e-01 -4.57266331e-01  2.57435113e-01
   2.51940936e-01]
 [-3.76309574e-01  3.67762111e-02 -7.70420954e-02  6.37998760e-01
  -1.37733385e-01  7.44078994e-01 -2.28854507e-01  1.86560526e-01
   4.96804893e-01 -6.93120956e-02 -1.84692800e-01  2.13452261e-02
   3.58368009e-01]
 [ 5.11813700e-01  2.50060439e-01  3.97582650e-01 -1.43739015e-01
  -1.04814097e-02 -5.46098799e-02  1.87897071e-01  8.28777775e-02
   1.56230226e-01 -7.60835633e-02  1.63835257e-01 -9.79248583e-02
   1.59434959e-01]
 [ 4.04474527e-01  4.59352583e-02  2.92582154e-01 -1.27538862e-02
  -2.40433678e-01  1.00236274e-02 -5.28401658e-02  2.63568699e-01
   5.46888486e-02 -1.37986496e-01  2.93601215e-01  3.02449055e-02
   1.20384276e-01]
 [-7.91194618e-01 -1.65135533e-01 -7.68764168e-02  3.68902504e-01
  -1.63016260e-01  1.41556442e-01  5.30059636e-01 -3.88514102e-01
   1.98622063e-01 -3.43217045e-01 -2.91537434e-01  1.99036784e-02
  -1.80432975e-01]
 [ 6.40995681e-01  2.55516283e-02  1.62890434e-01  3.91932905e-01
  -1.72228456e-01 -6.61669970e-02 -1.95755213e-01  3.13664436e-01
   4.10588868e-02 -5.49383909e-02  7.69925267e-02 -1.02930166e-01
   1.89075992e-01]
 [ 3.48754525e-01  3.45817298e-01 -2.89948098e-02 -9.84156504e-03
  -3.79148275e-01 -3.05025876e-01  4.28840071e-01  3.92956823e-01
   4.78686318e-02  3.17343414e-01  7.41099706e-03  1.39365792e-01
  -1.61571547e-01]
 [ 1.72779691e+00  6.85062110e-02  3.89728576e-01 -6.33188248e-01
   1.70706168e-01 -8.94913673e-01 -2.35355496e-01  2.58658789e-02
  -7.31486917e-01 -4.63898256e-02  6.34186327e-01  1.63650289e-01
  -3.03961694e-01]
 [ 1.54014778e+00  5.79249501e-01 -1.85029209e-01 -4.07976657e-01
  -1.79130197e-01 -6.73771024e-01 -2.91274428e-01  5.45549750e-01
  -7.17389405e-01  7.01453149e-01  7.45799541e-01 -5.27228825e-02
  -2.50009209e-01]]
Peso 2:
[-0.87598246 -0.13170256 -0.01354606  0.5298132  -0.06701574  0.7408552
  0.45047    -0.09082878  0.6014231  -0.06051346 -0.10981654  0.07198388
 -0.0818476 ]
Camada: saida
Peso 1:
[[ 2.1517231  -1.7041535 ]
 [ 0.16213857 -0.6960587 ]
 [ 0.24936472  0.2064093 ]
 [-0.92068094  0.7428713 ]
 [ 0.33376154 -0.31798095]
 [-1.1161553   1.30663   ]
 [-0.71221113  0.7353192 ]
 [ 0.17204173 -0.4578876 ]
 [-1.0640005   0.95775604]
 [ 0.31249285 -0.5763626 ]
 [ 0.88397545 -0.42745295]
 [-0.41707152  0.06616608]
 [ 0.5575123   0.03436886]]
Peso 2:
[-0.4398239   0.43982595]



pesos modelo: 
Test loss: 2.7167, Test accuracy: 0.5701
Camada: meio
Peso 1:
[[-0.03182679 -0.32456988  0.0324859   0.35478804 -0.098205    0.06158108
   0.30723616  0.3397294  -0.12900674 -0.05139983  0.41174993 -0.3988822
   0.08170277]
 [ 0.01867463 -0.05319592 -0.05633563 -0.40492457 -0.41228455  0.04561516
  -0.08580619 -0.27494484  0.15516627  0.39260393 -0.02737081 -0.05620862
   0.4619482 ]
 [-0.01258397  0.25277537  0.3568968  -0.3051318  -0.41336623 -0.09389838
   0.19761804  0.44400725  0.00881559 -0.40240812  0.39750314  0.35169625
   0.23419037]
 [ 0.23751     0.14833838  0.19759698  0.12289577 -0.13233638  0.14423914
   0.15546227  0.13183515  0.28869402 -0.392331    0.06230361  0.1752069
   0.44469416]
 [-0.27155405  0.05191511 -0.15201189 -0.15269274 -0.17055854 -0.13656156
  -0.31427488  0.15700585 -0.22446018  0.2856071  -0.09135094 -0.29505974
  -0.09613144]
 [-0.3742471   0.301033    0.40799436 -0.22268881 -0.0958429   0.30770278
   0.24273936  0.41881803 -0.12771235  0.25754854  0.10736506 -0.08985579
   0.45932364]
 [ 0.26350108  0.16042793  0.40397805 -0.08821372 -0.05679524  0.15828359
  -0.0770664   0.37014896 -0.14060886 -0.25160688 -0.3011866   0.0316174
  -0.3140079 ]
 [ 0.24790165  0.1428979  -0.34228602  0.08682074  0.14181809  0.35405168
   0.02103499  0.28291073 -0.17868939 -0.34735534 -0.04841136 -0.15243103
   0.4623016 ]
 [ 0.0542491   0.12265722  0.13386998  0.25270152  0.27863643  0.45804572
   0.09905275  0.0631279  -0.140697    0.22016048  0.2047731  -0.23132025
   0.02464126]
 [ 0.31026244  0.05099811  0.35214004 -0.11740106  0.0119921  -0.0790108
   0.16344205  0.3618881  -0.02666219 -0.25802463  0.0023949  -0.06959268
  -0.27095953]
 [ 0.30278116 -0.09846171 -0.07471618 -0.24268359 -0.41549614  0.31578377
   0.13848664 -0.11756249 -0.40830886 -0.06013261 -0.04081771  0.00859164
   0.18127455]
 [ 0.16069998 -0.16077164  0.38693997 -0.32772192  0.20859946  0.30459693
   0.3573279   0.23892684 -0.19573142 -0.16641267 -0.21578133  0.23513626
  -0.01186849]
 [-0.23028469 -0.15515727 -0.00162212  0.04731502  0.24010469 -0.2833856
   0.13956706 -0.10317907 -0.3956752   0.040668    0.42082745 -0.09392936
   0.09034415]
 [-0.25808266 -0.6656364   0.132356   -0.06326104 -0.2986376   0.4061891
  -0.76513004 -0.00764528 -0.19963424  0.0837894  -0.02400625 -0.2367018
   0.51408005]
 [-0.30695283 -0.4705263   0.5042194   0.38453674  0.08153745 -0.06862374
  -0.69641656  0.6662389   0.32471967  0.27053887 -0.29238978  0.084218
   0.03628345]
 [-0.17912072  0.42368042  0.06661564  0.29461008 -0.38898796  0.04077926
   0.16785648  0.07814157 -0.23880109  0.01375162 -0.14049356  0.2760594
  -0.15003015]
 [-0.21533342  0.28726396  0.33983287  0.04692253  0.2885329  -0.24427357
   0.35633975 -0.29972887  0.20809531  0.01676339  0.2721994   0.32126734
  -0.12472457]
 [-0.2931104  -0.49689588  0.3417975  -0.3568943  -0.09231497 -0.2964113
  -0.42323664  0.5608737  -0.25520998 -0.42378375  0.54776     0.15574874
   0.60907584]
 [-0.01146414  0.34224322 -0.2242297  -0.20215039  0.35748518 -0.39569
   0.38203332  0.12414146 -0.23074742  0.1295945   0.18451716 -0.01167918
   0.04631257]
 [ 0.17770079  0.6057601  -0.11875343  0.4618123  -0.35725948 -0.43783236
   0.24591237  0.3837823  -0.0495496   0.13298589 -0.1707825   0.3610734
   0.1794559 ]
 [-0.3083227   1.5412838  -0.38700017  0.10515179  0.06335686  0.04167993
   1.2205883  -0.45100838 -0.18001713  0.39322436 -0.36652493  0.73387206
  -0.41818893]
 [-0.1791918   1.554817   -0.64121526 -0.14808822 -0.00763094 -0.09833132
   0.9338703  -0.95494115  0.05794803 -0.1785837  -0.07335722  0.41841963
  -0.37568653]]
Peso 2:
[ 0.12459313 -0.81525     0.5635012   0.0668889  -0.0533983   0.19086362
 -0.5757736   0.75357854 -0.05175425 -0.06670339  0.3775079  -0.12980577
  0.5594984 ]
Camada: saida
Peso 1:
[[-2.9812706e-01  3.9535511e-01]
 [ 1.7191854e+00 -1.9189625e+00]
 [-9.7717577e-01  5.4337823e-01]
 [-4.3479952e-01  1.4002614e-03]
 [ 3.4401762e-01  2.6742846e-01]
 [-6.9481480e-01  1.0301900e-01]
 [ 1.4468765e+00 -1.2114246e+00]
 [-5.1962733e-01  1.4609071e+00]
 [ 4.3079230e-01 -3.3464780e-01]
 [-2.7818975e-01 -4.6370625e-01]
 [-4.0144408e-01  5.9302622e-01]
 [ 7.2050947e-01 -2.8428531e-01]
 [-2.3229039e-01  1.1920286e+00]]
Peso 2:
[-0.77327746  0.7732824 ]



pesos modelo: 
Test loss: 2.1849, Test accuracy: 0.6141
Camada: meio
Peso 1:
[[-0.11714578  0.02715167 -0.33913574  0.38371113 -0.25847715  0.0628475
  -0.3493982   0.30879954 -0.39309457  0.20818284 -0.264548   -0.16415243
  -0.2936582 ]
 [-0.13789429 -0.3491319  -0.35797018 -0.310855   -0.24327031  0.00670426
  -0.02581427  0.38553026  0.12538087  0.21759464  0.10023714  0.04383179
   0.08570775]
 [-0.15940952  0.25446638  0.3250845   0.3376151   0.01786567 -0.27027526
  -0.33453304 -0.28958192  0.10922776  0.02702137 -0.09471748 -0.12494961
  -0.16133563]
 [ 0.17229024 -0.14595331  0.32212216 -0.4011311  -0.10419334  0.05239007
   0.22168164 -0.20926732 -0.26543525 -0.18851647 -0.2625736   0.2755198
  -0.06938698]
 [-0.07620607 -0.06682059 -0.11727715 -0.33594668  0.00214251  0.22928697
   0.2589086  -0.09949818 -0.01675473  0.0205396   0.02330414 -0.04226452
   0.38937178]
 [ 0.32088578  0.13069108  0.10369153 -0.03390625  0.1662559   0.30512762
  -0.01311424 -0.07812445 -0.36026567 -0.07224028  0.29301575  0.34106272
   0.01557857]
 [-0.16525312  0.05876603  0.04455194  0.03977755 -0.10961909  0.25765905
   0.01227996  0.271454   -0.097152    0.23485874  0.21156003  0.1051725
  -0.28755364]
 [ 0.18209283  0.14591573 -0.18077524 -0.16811737 -0.16811025  0.01792836
  -0.02065171 -0.17295702 -0.11320218  0.16086489  0.41216797  0.11031124
   0.00245676]
 [ 0.12865396 -0.12982462 -0.4068025   0.19229777  0.23468783 -0.31572765
  -0.14828323  0.3614431   0.2138309  -0.09317801 -0.0838428   0.35104838
  -0.05215057]
 [-0.04688323  0.1998545  -0.07093785  0.24576564  0.19566728 -0.2602422
   0.01811167  0.21862295 -0.32197958 -0.32184902 -0.20999527  0.2733613
  -0.17029354]
 [-0.00398539  0.36505634  0.31157726 -0.32827812  0.17034517  0.4332589
   0.3164314   0.38572067  0.28519356  0.11091468 -0.13720888  0.3060401
   0.1838016 ]
 [ 0.26377115 -0.44429502 -0.3593657  -0.3728167   0.03954957 -0.35484308
  -0.09913959 -0.3590504   0.30101216 -0.20306641 -0.02818353  0.0461584
   0.4143579 ]
 [-0.18388432 -0.17169242 -0.19441034  0.04911925  0.10771998  0.3803725
  -0.06106329 -0.11703566 -0.37497097  0.10785864  0.18399006 -0.05751185
  -0.1390711 ]
 [-0.36881146 -0.33953807 -0.31262872  0.2249626  -0.4257857   0.17797191
  -0.549797   -0.31950384 -0.01039979 -0.36243147  0.10355049  0.6061843
   0.07493203]
 [-0.47978103 -0.2595417   0.19877577  0.20266291 -0.04008503 -0.26145983
  -0.03821056 -0.5637937  -0.31523877 -0.3132868   0.1599979   0.8256821
   0.5991241 ]
 [ 0.24441637  0.15577784 -0.21921927  0.384775    0.18992686 -0.16041976
   0.36026827  0.27806652  0.34764817  0.215199    0.10083459  0.11137227
  -0.22938469]
 [ 0.49864674 -0.0931123  -0.0969362  -0.01596125  0.05654491  0.06529599
   0.3071863   0.23889253 -0.45234314  0.4538529  -0.38508466  0.22307174
  -0.08870794]
 [-0.45241374 -0.20607257 -0.10939531  0.07411905  0.1661863   0.47626755
  -0.35071468  0.07101163  0.45048442 -0.5210332   0.40577558  0.47055548
   0.46709207]
 [ 0.38923973 -0.1201763  -0.2910289   0.02361204  0.4157035   0.04080969
   0.4536948   0.3066465   0.07152093  0.13130413  0.4152767  -0.1339578
   0.42775977]
 [ 0.53468204  0.29099652  0.15323429 -0.2670719   0.15134495  0.22176366
   0.55051523  0.4792078   0.33501354  0.3734517   0.09173309  0.18436278
   0.23274602]
 [ 1.2246884  -0.02319933  0.2051688   0.46008655  0.6610823  -0.18601917
   0.9138558   0.6145161  -0.1202905   0.40280297 -0.45577988 -1.2085173
  -0.30920368]
 [ 1.4371914  -0.27462083 -0.24040808 -0.00378326  0.41754642 -0.32402602
   0.5559543   0.12304428  0.00651154  0.19983979  0.05929708 -1.4881647
  -0.5032397 ]]
Peso 2:
[-0.5840452  -0.05209739 -0.06861848 -0.07077763 -0.20673768  0.20098881
 -0.506093   -0.2015979   0.02865014 -0.15908279  0.23294577  1.183149
  0.52717805]
Camada: saida
Peso 1:
[[ 1.4891087  -1.6132126 ]
 [-0.26273495  0.10763741]
 [ 0.21434881 -0.04630834]
 [-0.14368989 -0.35185796]
 [ 0.98455447 -0.05946996]
 [-0.41515008  0.317707  ]
 [ 1.0631428  -0.8361899 ]
 [ 0.45660478 -0.5578459 ]
 [-0.65840876 -0.22027877]
 [ 0.6809369  -0.33552334]
 [-0.5841204   0.13927145]
 [-1.6365814   1.8463143 ]
 [-0.94513214  0.6646309 ]]
Peso 2:
[-0.609606    0.60960925]



pesos modelo: 
Test loss: 1.5637, Test accuracy: 0.6836
Camada: meio
Peso 1:
[[ 3.32897156e-01 -1.74497724e-01  1.76699191e-01  3.70630026e-02
  -2.73752451e-01  2.41294295e-01  3.87229711e-01  3.72879058e-01
  -2.11870119e-01  4.10347790e-01  3.09236437e-01  1.43575579e-01
  -1.99621797e-01]
 [ 1.15988672e-01 -3.59624028e-01  1.03940852e-01  4.35637265e-01
  -7.03420937e-02  1.27667561e-01  3.79886419e-01  1.42717674e-01
  -2.10389972e-01 -1.10926948e-01 -1.53643548e-01  3.64798635e-01
   3.64806592e-01]
 [ 1.87728494e-01  4.06899415e-02  3.11511159e-01  1.12186849e-01
   1.29419953e-01 -2.45960191e-01  2.69012243e-01  2.18752027e-01
  -7.80111402e-02  3.10105622e-01 -2.05114391e-02  5.19362427e-02
   2.55974442e-01]
 [ 9.51121300e-02  1.10250086e-01  1.74239427e-01  7.66025931e-02
   3.22122984e-02 -2.22110257e-01  1.24870203e-01  2.51704097e-01
  -4.47148923e-03  2.16530383e-01 -1.22252889e-02  4.07260470e-02
  -1.47957159e-02]
 [-2.88251668e-01 -2.65820235e-01  7.36410022e-02 -1.31357938e-01
   1.66640691e-02  4.04410034e-01 -4.88519967e-02 -2.57008642e-01
  -3.05909634e-01  1.86121970e-01 -1.11083329e-01 -2.64201790e-01
   9.34408903e-02]
 [ 1.90298468e-01  1.35787204e-01  7.92523026e-02 -8.14328566e-02
   8.21034163e-02 -3.42025012e-01 -1.05308555e-01  3.37526858e-01
  -1.10617407e-01  1.32839397e-01 -3.85000408e-02 -3.51417065e-01
   2.44843185e-01]
 [ 2.80000269e-01  6.74405228e-03 -2.00152263e-01  2.00856864e-01
   2.99614310e-01 -3.18377495e-01 -2.88227145e-02  8.50110650e-02
   4.68459845e-01 -2.26340935e-01  7.24835042e-03  2.25855857e-01
   1.12999432e-01]
 [ 2.68357676e-02  1.00666866e-01  6.16151392e-02 -1.12948246e-01
  -2.56233305e-01  3.13606143e-01  2.32547581e-01  3.49101722e-01
  -8.50342214e-02  3.84543985e-01  1.01448804e-01  4.15494114e-01
   3.06533098e-01]
 [ 6.98013082e-02  3.61497819e-01  2.05282912e-01  2.77240593e-02
   3.00281733e-01  2.30395138e-01  2.15980083e-01  4.38689172e-01
  -2.38804147e-01 -3.39890331e-01 -3.86056304e-01  1.61976099e-01
  -7.77943656e-02]
 [ 9.26514063e-03 -2.30402529e-01  1.80479005e-01  2.50178397e-01
   2.31710523e-01  2.37983748e-01  4.08245921e-01  1.98020935e-01
   1.27459735e-01 -3.70297045e-01 -3.87084514e-01 -4.60605882e-02
   1.77682668e-01]
 [ 1.82125717e-02 -3.20313752e-01 -1.86104119e-01  2.59094357e-01
  -3.37727368e-02  3.77820730e-01  2.68953562e-01  3.15813541e-01
   9.65401456e-02  1.76596597e-01 -1.49821490e-01  3.76965135e-01
   3.82512689e-01]
 [-6.10976331e-02  5.39943427e-02  2.26352915e-01 -7.01760128e-02
  -5.06145321e-02 -1.93444729e-01 -7.89758414e-02 -3.29259813e-01
   6.75688460e-02 -2.73042768e-01 -2.83204019e-01  2.55289733e-01
  -2.16602817e-01]
 [ 5.37897423e-02 -2.89686918e-01  1.85737044e-01 -1.97880596e-01
   4.06734422e-02 -2.53293425e-01  2.31411815e-01  3.74545604e-01
   4.56753790e-01 -3.38219136e-01 -1.49747491e-01 -8.72495472e-02
   1.74204603e-01]
 [-4.36426580e-01  1.72809228e-01  6.32605135e-01  5.19473195e-01
   1.66102797e-01  1.11408144e-01 -3.46334338e-01  2.14247569e-01
   1.39821455e-01 -3.28704000e-01 -2.97083795e-01 -1.61698505e-01
   1.44815087e-01]
 [-5.30204058e-01  3.61904204e-02  5.90298891e-01 -3.23775887e-01
   5.64586520e-02  6.35429248e-02 -5.31845629e-01  2.86723495e-01
   5.16210854e-01 -2.97110587e-01  1.55531913e-01  1.37673020e-01
   2.79021040e-02]
 [ 5.48358202e-01 -2.69073755e-01  1.20252132e-01 -3.21502060e-01
   1.84509277e-01 -3.06403577e-01  1.85138747e-01 -4.62794811e-01
  -6.90895095e-02  8.03140253e-02 -1.85361773e-01  2.42092490e-01
  -2.02566445e-01]
 [ 5.97314537e-01 -7.88783729e-02 -6.51913136e-02  4.00801033e-01
   3.19930702e-01 -5.87055972e-03  3.06367368e-01 -5.91030009e-02
   4.44037348e-01  2.07933709e-01 -4.24542725e-02 -3.88750762e-01
   6.94584772e-02]
 [-9.81311500e-02 -1.82512977e-05  7.78542638e-01 -2.05449209e-01
   5.91003776e-01 -3.40749770e-01 -4.36089098e-01  2.45131314e-01
  -3.22670154e-02 -2.18280554e-01 -1.95556432e-01  2.85654724e-01
   5.28273046e-01]
 [ 3.23758930e-01 -3.30356285e-02 -7.20257983e-02 -1.51402637e-01
  -7.39661157e-02  3.20545375e-01  2.39394382e-01  4.37909305e-01
   4.42011980e-03 -2.34143183e-01 -7.97530711e-02  4.19373751e-01
  -2.30076835e-01]
 [ 1.55960470e-01 -3.47795069e-01 -6.59717992e-02  3.04496974e-01
  -1.62602305e-01  4.16326761e-01  4.67956305e-01 -9.71281454e-02
  -2.47227445e-01 -2.14365125e-01 -8.16722214e-02 -1.83524206e-01
   3.01759355e-02]
 [ 1.39438713e+00  3.86462271e-01 -8.70435774e-01 -5.92001796e-01
  -6.04237139e-01  1.96310997e-01  9.14533913e-01 -6.54200017e-01
  -3.60982329e-01 -2.51037449e-01 -1.60407096e-01 -7.12457836e-01
  -5.20836174e-01]
 [ 9.17788267e-01  4.00861323e-01 -8.94110918e-01 -5.99054396e-01
  -6.75526619e-01  2.12981686e-01  1.55604506e+00 -1.63822383e-01
  -8.94107390e-03 -1.28534779e-01 -1.23827994e-01 -2.55527198e-01
  -7.85214841e-01]]
Peso 2:
[-5.0840366e-01 -3.1596513e-03  8.2831538e-01  3.4990039e-01
  4.4431281e-01 -6.9584846e-03 -6.6170162e-01  2.7127320e-01
  2.6726556e-01  7.3192880e-02  4.4681181e-04  3.2673988e-01
  6.4943844e-01]
Camada: saida
Peso 1:
[[ 1.3598279  -1.3947612 ]
 [-0.3133586  -0.56850463]
 [-1.4103422   1.048821  ]
 [-0.14769974  1.0234047 ]
 [-1.099217    0.38805524]
 [-0.156456   -0.2594544 ]
 [ 1.6808938  -1.2506014 ]
 [-0.60478204  0.4475495 ]
 [-0.32125372  0.4397687 ]
 [-0.12278492  0.61641335]
 [-0.12472021  0.5683581 ]
 [-0.7557475   0.3695688 ]
 [-0.7804366   0.9454375 ]]
Peso 2:
[-0.3408336  0.3408372]



pesos modelo: 
Test loss: 1.9988, Test accuracy: 0.6359
Camada: meio
Peso 1:
[[-0.1530658  -0.11901358 -0.06853315  0.33788946  0.2551711  -0.39806128
   0.23681286 -0.35663092 -0.12398446 -0.3366121  -0.04532841  0.39804676
   0.32456276]
 [-0.08476125 -0.16227669 -0.01925234 -0.2639861  -0.08753078 -0.36638746
  -0.18625377  0.34431532  0.32169154  0.2790534  -0.1971667  -0.11888843
  -0.08387041]
 [ 0.37035894  0.24662843  0.17104506  0.39186206 -0.03419862  0.24632828
  -0.15809016  0.28729132 -0.10635853  0.34290057  0.05810167  0.12947887
  -0.31533635]
 [ 0.35005292 -0.41020682 -0.04603278 -0.15245512  0.01176905 -0.16813096
  -0.31161258 -0.3688859   0.23286188  0.15419115  0.23925139 -0.09148572
  -0.03553829]
 [-0.0286331  -0.31398335  0.18156627 -0.23374464  0.23107076  0.37369126
  -0.28467962  0.1306185   0.4822064   0.3276045  -0.1603226   0.1108301
   0.17456079]
 [ 0.05615527  0.09319771  0.17357875 -0.28386268 -0.18076238 -0.35700384
   0.12887529 -0.2840397   0.231171   -0.19047147  0.31900993  0.35964605
   0.24109402]
 [ 0.00701365 -0.12067287  0.28611565 -0.02985238 -0.11866748  0.0918676
   0.3290382   0.4006138   0.09604412  0.03262193  0.24107009  0.12964746
  -0.11139683]
 [-0.13536137 -0.36378977 -0.02340761 -0.04887039  0.19004172 -0.1297601
  -0.18279043 -0.0700123  -0.1295635   0.33879948 -0.37245232  0.4785364
   0.11197059]
 [ 0.14789361 -0.03379301 -0.11905196  0.313334    0.34584385 -0.1443869
  -0.02082297 -0.17430113 -0.24868172  0.18679912 -0.40422586  0.26661667
  -0.10150769]
 [ 0.23710512  0.31994173  0.29150644  0.09080639  0.00815093 -0.05049229
  -0.2906844   0.41111043  0.21324599 -0.27346843 -0.4286987   0.20020597
   0.31144035]
 [ 0.04588394 -0.01635205  0.08305054  0.00255877 -0.09555551 -0.12666084
   0.10918411  0.37034062  0.2732026  -0.02574062 -0.10932218  0.1709269
   0.3364755 ]
 [-0.04606337 -0.40501857 -0.02369234  0.29103857  0.3510529  -0.34349337
   0.13889211  0.17073022  0.11553655  0.30674377  0.11231736  0.27399877
   0.21146825]
 [ 0.34814194 -0.34503236 -0.17157714 -0.0174362   0.07218127  0.14344011
  -0.07067153  0.30080107 -0.07900932 -0.16231155 -0.30036053  0.01846985
   0.24239191]
 [ 0.4033091  -0.31730303 -0.36531064 -0.05229367 -0.305702    0.12620158
  -0.00428279 -0.26102075  0.23216331 -0.1672839  -0.05223794  0.9206221
  -0.2231528 ]
 [ 0.27417165 -0.14886616 -0.30805957  0.21759355 -0.02503056  0.17127918
  -0.07947545  0.3915675   0.5755226  -0.01742114  0.07759319  0.71883684
  -0.28346118]
 [ 0.19590093  0.16297144  0.4744342  -0.10979349 -0.00293053  0.0682531
  -0.12001593 -0.07184493  0.13838792  0.63129073 -0.38148582 -0.02104319
   0.33685574]
 [ 0.06571856  0.16055949  0.6190861   0.19812366  0.12306711 -0.312938
  -0.32155448 -0.44489598  0.23016089  0.5997964  -0.39771914  0.03382132
   0.25953636]
 [ 0.08088858  0.14203647 -0.30456755 -0.18595707  0.27942222 -0.05893757
  -0.38092142  0.38705856  0.41462374  0.11548567 -0.02018073  0.61549336
  -0.37374252]
 [-0.12042514 -0.3523643   0.28007323 -0.21491028 -0.56475514  0.15219466
   0.03780306 -0.37726468  0.00897734 -0.05495354  0.13678977 -0.06016223
   0.27579474]
 [-0.254594   -0.08253536 -0.00597662 -0.09228423  0.17115282  0.41498774
  -0.01707444  0.2909128  -0.3257556  -0.06359545 -0.01519457 -0.02825827
   0.55702794]
 [-0.19117935  0.34250543  1.2451195  -0.36501804 -0.02883397  0.25938377
  -0.04357236 -0.26942742 -0.99401146  0.40396333  0.38151434 -1.3637416
   0.7777521 ]
 [-0.4412961  -0.3336243   1.0663966  -0.41360262 -0.30583823 -0.37073892
  -0.07711964  0.03630715 -1.0366257   0.2767728  -0.27871993 -1.0195806
   1.3311125 ]]
Peso 2:
[ 0.2116033  -0.00331513 -0.40401202  0.05488332  0.03758828  0.06478307
 -0.08155378  0.09527792  0.90382886 -0.24054344 -0.08367437  0.9458938
 -0.4907477 ]
Camada: saida
Peso 1:
[[-0.87126595 -0.07324071]
 [-0.18101886  0.41143054]
 [ 1.069416   -1.5024308 ]
 [-0.3592681  -0.11913584]
 [-0.46920934  0.1009465 ]
 [ 0.19995004  0.5431713 ]
 [ 0.20423147 -0.4360043 ]
 [-0.7709045  -0.20092757]
 [-1.1746218   1.3921257 ]
 [ 0.3391789  -0.8042254 ]
 [ 0.3908453  -0.1765975 ]
 [-1.9379917   1.1749561 ]
 [ 1.0668609  -1.3526591 ]]
Peso 2:
[-0.31910574  0.31910798]



pesos modelo: 
Test loss: 2.2287, Test accuracy: 0.6290
Camada: meio
Peso 1:
[[-2.51951426e-01 -3.28411162e-01 -1.74654678e-01 -6.06966019e-03
  -8.94909799e-02  1.87627465e-01  1.15162879e-01 -1.88800395e-01
   2.07763404e-01  2.37171501e-01  6.54890835e-02 -3.03690463e-01
   2.47072071e-01]
 [ 2.47280374e-02 -8.30496252e-02  8.43774080e-02 -5.72780753e-03
   7.56916851e-02  3.80958557e-01 -2.78369367e-01  4.21162963e-01
  -5.69315962e-02 -2.96065539e-01 -1.48464382e-01  3.05083662e-01
   6.14611804e-02]
 [ 1.47250881e-02  1.89630195e-01  4.40234959e-01  1.22156963e-01
   3.95813376e-01  3.61607283e-01 -7.67784938e-02 -4.28443635e-03
  -1.98526949e-01 -3.49485725e-02 -9.58655775e-02  3.75738740e-01
   2.99226612e-01]
 [-5.57254516e-02  1.04703151e-01  4.01704311e-01  2.00085625e-01
  -1.34543806e-01 -1.57347724e-01 -2.16692284e-01  3.04889649e-01
   1.86768591e-01  3.75848383e-01  2.09064320e-01 -4.26195040e-02
  -1.37541637e-01]
 [-3.43273655e-02  4.05868411e-01 -2.37095341e-01  4.01184797e-01
   4.59243566e-01 -3.35100502e-01  8.17328840e-02 -2.23430127e-01
  -2.45572418e-01 -4.03874427e-01 -6.52241632e-02 -3.18656832e-01
   2.65355498e-01]
 [-7.29030743e-02 -3.29127252e-01 -3.20490688e-01  5.92315346e-02
   4.95005876e-01 -4.42397268e-03  1.05037294e-01  3.59882146e-01
   5.41603751e-02  9.26736519e-02 -2.43365869e-01  4.15021479e-01
   4.20691408e-02]
 [-5.83468787e-02  1.86264709e-01 -2.03614160e-01 -3.19096856e-02
   3.29746813e-01  8.46305862e-02 -1.40459657e-01 -4.96508032e-02
  -1.84627742e-01 -2.63644606e-01 -1.71579733e-01  9.61057991e-02
   1.52510107e-01]
 [-2.50680625e-01  3.94860357e-01  8.58166814e-02  6.60994695e-03
   3.81893255e-02  2.14521542e-01  1.02543458e-01 -1.02655530e-01
  -9.85132679e-02  2.37164333e-01 -2.28415743e-01 -2.09628001e-01
  -5.39424689e-03]
 [ 3.86920245e-03  2.16445237e-01 -3.00785750e-01  3.63010943e-01
  -1.44251525e-01  3.95085692e-01 -3.68803144e-02 -2.64808983e-01
  -2.46625125e-01 -1.78553477e-01  1.70585692e-01 -1.06878355e-01
   3.00088435e-01]
 [-1.26292706e-01 -3.21147479e-02 -1.50743127e-01  4.47761476e-01
   2.16077387e-01  3.89505982e-01  7.43111596e-02  8.46689641e-02
  -2.60418147e-01  1.40008122e-01  6.79311752e-02 -1.88926309e-01
   2.76569873e-01]
 [-2.82967329e-01 -3.83799613e-01  3.85969952e-02 -1.23331323e-01
   2.20250562e-01  1.41485974e-01 -4.59094718e-02 -2.22371235e-01
  -5.87233678e-02 -1.42288998e-01  1.26863927e-01  3.00680906e-01
   2.57950574e-02]
 [-3.54786724e-01  1.23944478e-02  3.36050093e-01  7.69406259e-02
   2.28372067e-01  1.88488469e-01  3.34427208e-01  5.07484265e-02
   3.34523380e-01 -1.99636787e-01 -3.43507022e-01  9.65120196e-02
  -2.40916368e-02]
 [ 4.86641191e-02 -2.27789834e-01  2.23393917e-01  6.91621099e-03
   1.28659338e-01  2.60137498e-01  2.56377667e-01 -1.62807658e-01
  -3.57130527e-01  2.32092068e-01 -5.88578917e-02  1.25783337e-02
   1.39962547e-02]
 [ 2.25574106e-01  1.72325686e-01 -4.02255893e-01  6.05910778e-01
   5.04730880e-01  1.68432042e-01 -2.92276949e-01 -2.64829159e-01
  -2.17888266e-01  2.96492964e-01  5.42671867e-02  4.47748929e-01
  -7.54553735e-01]
 [ 4.81338277e-02  2.41105929e-01 -4.25254434e-01  4.53188717e-01
   3.82222801e-01  3.87922466e-01  1.21095642e-01 -4.39800769e-01
   1.14128076e-01  2.77221799e-01 -3.96827489e-01  1.98598206e-02
  -7.15647936e-01]
 [ 4.13085192e-01  2.97067851e-01 -2.66563088e-01  1.46042421e-01
  -2.49383122e-01 -5.22336811e-02  3.87490362e-01  4.22018945e-01
   2.46655464e-01 -3.36092889e-01  3.88557203e-02 -4.11125898e-01
   4.54353303e-01]
 [ 2.34338585e-02 -3.27458531e-01  2.85195261e-01  2.87417859e-01
  -2.47578248e-01 -2.68679000e-02  2.56064922e-01 -8.17355607e-03
  -2.30971545e-01 -1.12796493e-01 -2.13547617e-01 -1.05138287e-01
   4.64635134e-01]
 [-2.84346309e-03  9.99686420e-02  4.44783643e-02  3.25866699e-01
   1.53354734e-01  4.57001984e-01  6.90955261e-04 -1.91112943e-02
  -1.44283488e-01 -3.89444828e-01  1.30822703e-01  3.51175517e-01
  -8.32168281e-01]
 [ 5.32741487e-01  3.62433374e-01  3.04615032e-02 -1.79344043e-01
  -1.70828979e-02  3.50168347e-01 -5.11478931e-02  3.35891575e-01
  -2.04628915e-01 -2.13307157e-01 -3.18190604e-01 -2.31497079e-01
   6.07537508e-01]
 [-3.38581502e-01 -1.18400753e-01  2.45033547e-01 -9.23891068e-02
   3.41143340e-01 -3.50762486e-01  3.36787701e-01  2.53215935e-02
  -3.06679681e-02 -4.31087196e-01  5.00529222e-02  4.37831581e-01
   2.89065510e-01]
 [ 2.04572201e-01 -4.61109072e-01  4.80428636e-01 -8.39423299e-01
  -7.33103275e-01 -5.20819485e-01  6.14902020e-01  5.08554757e-01
   1.04648367e-01 -2.00442612e-01  1.36486456e-01  5.34826592e-02
   1.73406219e+00]
 [-3.76965255e-01 -5.11979014e-02 -5.08782975e-02 -7.24480093e-01
  -7.68699110e-01 -7.99316168e-01  2.39148125e-01  5.60821772e-01
   2.49990895e-01 -3.19359630e-01  2.11918861e-01  6.48955535e-03
   1.78344393e+00]]
Peso 2:
[ 0.1785622   0.22055964 -0.01989663  0.6803347   0.59699154  0.5829243
 -0.20195696 -0.04892026 -0.0846106  -0.04288967 -0.01822338  0.11282257
 -0.99658173]
Camada: saida
Peso 1:
[[-0.6086158   0.07682648]
 [-0.37541813  0.36617658]
 [-0.16942053 -0.59451103]
 [-0.90758854  1.1804702 ]
 [-0.4891655   1.3534702 ]
 [-1.0699735   0.6439222 ]
 [ 0.7571326  -0.03188213]
 [ 0.63850075 -0.20800717]
 [ 0.21396416 -0.547167  ]
 [ 0.3394789   0.04261615]
 [ 0.6087487   0.4659515 ]
 [-0.8733858  -0.35343647]
 [ 2.202332   -2.0296834 ]]
Peso 2:
[-0.56548005  0.5654818 ]



pesos modelo: 
Test loss: 1.7439, Test accuracy: 0.6527
Camada: meio
Peso 1:
[[-1.30745918e-01 -1.90998778e-01  2.19110042e-01  3.33703548e-01
  -3.00771177e-01  2.22030789e-01  3.17616135e-01 -9.11321044e-02
   4.07862157e-01  1.34046048e-01 -1.86696947e-02 -3.64631951e-01
  -9.58819687e-02]
 [-2.37306342e-01  5.07714152e-01  2.74447829e-01 -1.39953077e-01
   1.07533276e-01 -6.86013550e-02 -7.42304251e-02 -3.62693965e-02
   2.97011197e-01 -2.12521236e-02  1.25513569e-01  1.24275088e-01
  -8.99419710e-02]
 [ 1.27003118e-01  1.53361797e-01 -2.13231340e-01 -5.14366589e-02
   4.58686538e-02 -3.38819295e-01  4.21279110e-02  1.35638624e-01
  -1.17614776e-01  3.95256430e-01  4.49049205e-01  1.22671770e-02
  -2.98246481e-02]
 [ 2.42052183e-01  1.77342385e-01  3.12008798e-01 -3.76749098e-01
  -2.09938273e-01  2.73087561e-01  2.48392895e-01  3.13957691e-01
  -2.14916334e-01  1.47369280e-01  1.75182119e-01  1.65592745e-01
   4.49813575e-01]
 [-2.98928022e-01  3.15352321e-01 -2.21146941e-02  6.68606088e-02
   2.55433358e-02 -1.09625705e-01 -1.21169679e-01  3.14695209e-01
  -8.37929994e-02  2.43922889e-01 -1.30354771e-02  1.28810599e-01
  -1.86310425e-01]
 [ 3.58749390e-01 -1.43586630e-02 -2.89207488e-01  1.98605862e-02
  -5.63896224e-02  2.14977220e-01 -1.23843461e-01  2.41092235e-01
  -2.58948028e-01  3.64746340e-02  1.66581690e-01  4.11043793e-01
   2.63103753e-01]
 [ 6.63048849e-02  6.20088726e-02  1.95898905e-01 -2.71454483e-01
   3.71990167e-02 -5.65872043e-02 -1.63674012e-01 -2.16007516e-01
  -1.44177198e-01 -1.00690365e-01 -1.49708807e-01 -1.11908438e-02
   1.75582170e-01]
 [ 1.57765225e-01 -2.79190928e-01 -1.67710409e-01  2.11760625e-01
   2.96480358e-01 -5.48231639e-02  1.67840183e-01 -2.98186749e-01
  -2.38095939e-01  1.54266262e-03  4.09921795e-01  4.22439277e-01
   1.29169464e-01]
 [ 2.18220875e-01  1.03652865e-01  4.37692106e-01  2.64408529e-01
   2.86961287e-01  4.25973207e-01  2.28427723e-01  2.04394907e-01
   4.89481419e-01  2.30731726e-01 -2.18175992e-01 -1.08583085e-01
   1.86944097e-01]
 [-5.28707579e-02 -3.37120146e-01  9.09179300e-02 -1.95936747e-02
   3.55423301e-01  8.87972191e-02  2.67696887e-01 -2.54319936e-01
  -2.22069666e-01 -3.25773358e-02  1.47157595e-01 -1.84936091e-01
   4.17555749e-01]
 [-1.43335074e-01  2.65622020e-01 -2.25442454e-01  3.63678843e-01
  -5.13301194e-02 -2.16532037e-01 -2.03503743e-01 -7.12131858e-02
   1.54630244e-01 -5.00351340e-02 -3.63543769e-03  4.74229979e-04
   1.58005074e-01]
 [ 7.70388842e-02 -1.19917229e-01 -1.82157964e-01 -3.12140077e-01
  -1.57742992e-01 -1.68714046e-01  2.10678458e-01 -2.59196281e-01
   2.07509935e-01  2.27949694e-01  1.72347054e-01 -1.34231493e-01
   1.01055510e-01]
 [ 2.18223527e-01  6.94644526e-02  2.61163950e-01 -1.22807875e-01
   1.20861053e-01  2.67134290e-02  5.11953868e-02  2.25254387e-01
  -2.32224748e-01  2.88892627e-01 -2.20716551e-01  1.74505457e-01
   1.40799865e-01]
 [-2.44736791e-01 -3.83690417e-01 -2.46641621e-01 -8.86432752e-02
  -1.78681955e-01  4.67153102e-01 -1.94757849e-01 -9.72988456e-02
   5.27387381e-01  4.27471131e-01  2.41863728e-01  2.87887633e-01
   5.46730042e-01]
 [ 2.76071392e-02  3.98287140e-02  4.56766844e-01  2.42899954e-01
  -2.08735943e-01  3.40440303e-01 -5.26186943e-01 -1.81631655e-01
  -1.09827228e-01  9.08983052e-01 -3.39287132e-01 -1.93927750e-01
   1.08317681e-01]
 [ 4.18087959e-01  1.29628450e-01  2.55571902e-01 -1.90153971e-01
   9.40074623e-02  1.06050698e-02  1.30127475e-01  2.77192026e-01
   2.72677928e-01 -2.61579990e-01 -8.06875899e-02  4.48824763e-01
  -3.07282001e-01]
 [ 2.43404195e-01  3.55769306e-01 -9.16831791e-02  5.86036257e-02
  -2.55852014e-01  3.17006201e-01  2.53730744e-01  1.97214529e-01
   9.02070180e-02 -3.10136378e-01  2.66933888e-01  2.36357510e-01
   7.22906962e-02]
 [-1.45467237e-01  2.00035289e-01  3.21812272e-01 -2.07698956e-01
  -2.47056019e-02 -2.73883790e-01 -2.45522633e-01 -3.47745985e-01
   2.54164994e-01  6.81099832e-01  9.62848812e-02  5.66992700e-01
   5.91954231e-01]
 [ 3.21451455e-01  3.09692640e-02  2.08277732e-01  3.72643441e-01
   3.94406855e-01  5.46257682e-02  6.55348599e-01  4.27937984e-01
  -2.17185959e-01  2.92950004e-01 -2.99797565e-01 -1.43916011e-01
   1.29928943e-02]
 [ 4.86151278e-01  5.12455285e-01  1.98663637e-01  2.37180665e-02
   2.50040829e-01  1.52639359e-01  4.51945364e-01  1.63001344e-01
   4.31183189e-01  2.56423503e-01 -1.00672558e-01 -4.84339237e-01
   9.23838243e-02]
 [ 1.00655425e+00  6.91094339e-01 -3.76422822e-01 -3.11423898e-01
   3.94669384e-01 -3.75933051e-01  1.14146352e+00  1.72704041e-01
  -2.24176049e-01 -1.20340061e+00 -3.74345124e-01 -4.76964921e-01
  -6.28140628e-01]
 [ 9.09709632e-01  7.94755042e-01 -6.41216815e-01 -1.52060270e-01
   1.28920406e-01 -1.23145208e-01  1.06072700e+00  5.00273168e-01
  -4.88712013e-01 -1.04668176e+00 -3.88041735e-01 -6.38957500e-01
  -7.18913853e-01]]
Peso 2:
[-0.43066725 -0.27534854  0.2544906   0.05958926 -0.07461035  0.13354033
 -0.4086834  -0.11656005  0.32900405  0.99867374  0.2659733   0.40105456
  0.52628887]
Camada: saida
Peso 1:
[[ 0.94944996 -0.99167895]
 [ 0.41640022 -1.0978413 ]
 [-0.09533399  0.961409  ]
 [ 0.43237254  0.7327897 ]
 [-0.04919152 -0.7431465 ]
 [ 0.05127923  0.72991407]
 [ 1.1403625  -1.2279997 ]
 [-0.13084133 -0.9556349 ]
 [-0.5201071   0.46006483]
 [-1.7129935   1.4652727 ]
 [-0.49216425  0.3170805 ]
 [-0.8853288   0.521262  ]
 [-0.838546    0.9321999 ]]
Peso 2:
[-0.40044615  0.40044874]



pesos modelo: 
Test loss: 2.5591, Test accuracy: 0.5894
Camada: meio
Peso 1:
[[-3.34436029e-01 -3.66956085e-01 -7.62043595e-02 -2.72047520e-03
  -3.15448344e-01  6.87888265e-02  5.11524677e-02  1.54233873e-02
   2.92472839e-02  1.99758500e-01  4.09813851e-01  2.97472507e-01
  -1.92983240e-01]
 [ 2.35162377e-01 -4.85008098e-02 -2.56784171e-01 -1.27836848e-02
   3.68023843e-01 -2.26577535e-01  8.12293068e-02  1.02639250e-01
   5.45264959e-01  2.17068747e-01  2.58418351e-01  3.93620610e-01
  -2.42097765e-01]
 [-1.07462727e-01 -2.40144446e-01  3.35877448e-01 -6.18457943e-02
  -2.28691667e-01  6.43325225e-02 -2.31512472e-01 -2.83686109e-02
  -2.44979218e-01  7.65640847e-03  2.61235148e-01 -2.36157507e-01
  -3.34671527e-01]
 [ 4.49281961e-01  2.59982318e-01  3.21999520e-01  1.86018288e-01
  -1.47799283e-01 -3.20788056e-01  1.67122886e-01 -1.37510374e-01
   1.47923842e-01 -3.64979990e-02  3.57227534e-01  3.32522631e-01
  -6.44337833e-02]
 [-2.18279615e-01  2.70350277e-01  3.74841511e-01 -3.52279902e-01
   1.75504744e-01 -1.56308971e-02 -3.90823454e-01 -1.92838699e-01
  -1.38521224e-01  3.63797456e-01  9.91761759e-02  2.03645751e-01
   2.01022044e-01]
 [ 2.22899318e-01  3.62507671e-01  1.90882921e-01 -3.99915099e-01
   4.35630791e-02  1.64171115e-01  3.06034178e-01 -1.17161937e-01
   3.24261874e-01 -6.96621388e-02  9.40627381e-02 -2.81679392e-01
  -1.03484377e-01]
 [ 1.21254265e-01  2.14441270e-01  1.82354003e-01  3.13488662e-01
  -1.18921772e-01  2.72520602e-01  1.09151021e-01 -6.88284682e-03
  -7.08097741e-02  2.19919086e-02  2.17627689e-01  9.60875861e-03
  -1.07396476e-01]
 [-1.48287356e-01  3.79135340e-01 -1.66888341e-01  2.51059860e-01
  -1.19667970e-01  4.03313518e-01  1.04286052e-01  3.79813164e-01
  -9.30655971e-02  1.20156690e-01  4.16668177e-01  2.34391883e-01
  -4.30488633e-03]
 [-1.33982390e-01 -3.23952854e-01  3.87704015e-01  2.27780744e-01
  -2.14595050e-02 -2.49455065e-01  9.25527420e-03  1.82953939e-01
   2.89637029e-01  1.23845525e-02  5.15499711e-02 -2.90348470e-01
  -3.45669895e-01]
 [ 2.54022658e-01 -1.46423846e-01 -7.56819323e-02 -2.90440828e-01
   3.59609723e-02  2.64652312e-01 -9.55226496e-02  2.33617023e-01
   4.65890646e-01 -2.41550747e-02  3.09060544e-01 -2.22473115e-01
  -3.44885550e-02]
 [ 2.31221437e-01 -2.79156804e-01 -1.34974226e-01 -2.63117522e-01
   3.10737789e-01 -2.95884818e-01 -2.18533784e-01  1.01039380e-01
   8.50557238e-02 -1.37138695e-01  4.36487705e-01 -4.52240463e-03
  -3.12555224e-01]
 [ 1.31035978e-02 -2.91711390e-01  2.78833717e-01  2.23675251e-01
   8.68017972e-02  3.28756809e-01  2.90884078e-01  2.57906526e-01
   2.59986550e-01 -1.79035276e-01 -7.42682815e-02 -4.26274398e-03
   1.96925506e-01]
 [ 9.06451419e-03  1.02603555e-01  4.20671523e-01 -3.85089010e-01
   2.86948532e-01  1.02377266e-01 -3.03588450e-01  1.05473377e-01
   7.31759071e-02 -1.09927304e-01 -1.34745687e-01  4.08875436e-01
   9.56666656e-03]
 [-4.51515585e-01 -1.80673271e-01 -5.96940070e-02 -7.43847631e-05
  -2.33130574e-01  7.95859769e-02 -2.43187398e-01 -5.18918276e-01
   4.07167107e-01 -3.10223371e-01  7.54575789e-01  1.29849240e-01
  -3.77456486e-01]
 [-6.01816714e-01  1.57808408e-01 -1.61716223e-01  3.19373816e-01
  -3.99767697e-01 -1.15895040e-01 -2.69337147e-01 -5.39434373e-01
   6.20191157e-01 -1.69956356e-01  2.16071516e-01  4.07739520e-01
  -6.82561994e-02]
 [ 3.33093643e-01  6.51296750e-02  3.09888542e-01  1.69592425e-02
  -7.89110437e-02  4.08372045e-01  3.77865255e-01  3.14772248e-01
   9.06049013e-02  2.47857600e-01 -2.05019012e-01 -6.93441257e-02
   3.94270092e-01]
 [ 4.92969275e-01 -2.48974830e-01  2.70138115e-01  1.74868166e-01
   1.69726126e-02 -1.73889533e-01 -2.83947051e-01  2.64647692e-01
   4.28123511e-02  5.96045554e-02 -9.33327675e-02  1.64616272e-01
  -1.07123449e-01]
 [-4.24535900e-01  1.81122050e-01  5.06668463e-02 -1.64553076e-01
   2.29763269e-01  2.09233120e-01 -3.93324107e-01 -2.32848629e-01
   8.00329894e-02 -4.61885840e-01  7.13122368e-01  3.95096928e-01
   5.82827553e-02]
 [ 3.79462212e-01  3.56892228e-01 -2.53921837e-01 -9.96770933e-02
   1.19520679e-01  6.39321804e-02 -4.24964307e-03  1.59692913e-01
  -1.95345625e-01  4.12689865e-01  7.68295676e-02 -9.74162424e-04
  -4.82551269e-02]
 [ 4.86041978e-02  4.05492842e-01  2.97220290e-01  1.72990575e-01
  -2.30987296e-01 -1.31622180e-01 -3.16488594e-01  4.74615395e-01
  -2.62313634e-02  4.07724947e-01 -1.06063291e-01  7.47745186e-02
  -2.26385981e-01]
 [ 1.44567537e+00  9.67141357e-04 -5.37138321e-02  1.12367399e-01
   3.96900892e-01 -1.99911296e-01  8.86620283e-02  8.26231837e-01
  -3.76323014e-01  1.36458099e+00 -7.83191025e-01 -3.15332234e-01
  -1.03071570e-01]
 [ 1.10472095e+00  2.14069024e-01 -4.44871604e-01  3.26861650e-01
   4.49614465e-01 -4.74127084e-01 -2.92787373e-01  1.18092561e+00
  -7.14042008e-01  8.46457422e-01 -9.46339726e-01 -3.27742815e-01
  -9.22879428e-02]]
Peso 2:
[-0.565695   -0.017001    0.07889259 -0.0174108   0.01554623  0.18511717
 -0.02989735 -0.560393    0.7574034  -0.36192325  0.9716276   0.36829895
  0.03733553]
Camada: saida
Peso 1:
[[ 1.0412873  -1.7512324 ]
 [-0.23638923 -0.18821174]
 [-0.38147202 -0.00783792]
 [ 0.4513217   0.44137403]
 [-0.26113808 -0.5880181 ]
 [-0.77957594 -0.07098634]
 [-0.15431283 -0.23059957]
 [ 1.4722357  -0.7967385 ]
 [-1.245368    0.6676989 ]
 [ 1.5140917  -0.8046223 ]
 [-1.2398446   1.3241452 ]
 [ 0.01941514  1.0185853 ]
 [-0.37634397 -0.09080464]]
Peso 2:
[-0.6049133   0.60491765]



pesos modelo: 
Test loss: 1.5089, Test accuracy: 0.6877
Camada: meio
Peso 1:
[[ 0.1705921  -0.14971718 -0.03565139 -0.41113526 -0.12677658 -0.06579611
  -0.3117127   0.37041208 -0.31231278 -0.31434563 -0.32758415 -0.0971548
   0.29866382]
 [-0.04067402  0.38145277  0.08427463 -0.05250065 -0.0596072   0.32714802
   0.30047375  0.24339387 -0.17568709  0.09414946 -0.30253348 -0.18030821
   0.00325197]
 [-0.39570525  0.30083779  0.06399739 -0.191009    0.3388004  -0.01632918
   0.40773994 -0.00750447  0.41361186 -0.44534865 -0.3897002  -0.12852886
  -0.14549863]
 [-0.20728788  0.22630124 -0.2525197  -0.10599517  0.38852516 -0.14372915
  -0.2873264   0.14720558  0.18669    -0.30880934 -0.35602024 -0.07768834
  -0.0942027 ]
 [-0.28794545 -0.05682151  0.05851781 -0.37396872 -0.39245325  0.15960611
   0.06932921 -0.23819667  0.26916146  0.04026962  0.03384202  0.37214512
   0.01209998]
 [ 0.13047785  0.0313848   0.32667977  0.26419118 -0.4035619   0.47010386
   0.31725338  0.15853731  0.07273911  0.24843216  0.20727773 -0.20543091
  -0.10076001]
 [ 0.01208541  0.2475694   0.26698568 -0.3272807  -0.12868705  0.45942864
  -0.28373757  0.12632285 -0.23599139  0.15342548 -0.12850668 -0.07407872
   0.05414266]
 [ 0.3420163   0.43313998  0.15119243  0.05634192 -0.36293644  0.16731425
   0.02370205  0.08824915  0.2052479  -0.43087375  0.05389198 -0.20466682
  -0.10930838]
 [-0.01260364 -0.36541837 -0.11076503 -0.18283409  0.35484174  0.39788765
  -0.29148212  0.22451611 -0.16192876  0.08194674 -0.40365702  0.3835721
  -0.22472972]
 [-0.36668274 -0.07543995 -0.00243494  0.1632635   0.13785009  0.20842934
  -0.07131181  0.11055429  0.20579576 -0.28778133 -0.2371243   0.1213016
  -0.01203262]
 [-0.12942828  0.14305319 -0.14202859 -0.08616174  0.41220534 -0.06450948
   0.05041299  0.04132216  0.4083509   0.15828845  0.14440466  0.21487905
   0.11398076]
 [ 0.09155001  0.21383205  0.0758178  -0.05947194 -0.26357755  0.16709328
   0.03763025  0.13202949  0.3472118  -0.32618648  0.4279562  -0.19757251
   0.09805882]
 [ 0.3295349  -0.2850567   0.065625   -0.3614346   0.05720469  0.35254917
  -0.17914183 -0.05270371 -0.23367447 -0.10039508  0.30333364  0.36397678
   0.21433029]
 [ 0.29526052  0.2673436  -0.46235418  0.09605914 -0.2819885   0.29880768
   0.39209467 -0.552341    0.4448023  -0.17119049 -0.33920577 -0.4284077
  -0.03402054]
 [ 0.23168859  0.22093534 -0.59612274 -0.01094928  0.02203514  0.76398456
   0.20094056 -0.29327744  0.05724069  0.06845008 -0.26041806  0.01660741
   0.08585477]
 [ 0.0731713  -0.23316349  0.20652775  0.09086296 -0.17184046 -0.09985648
  -0.10007972  0.2777433   0.29309994  0.08141889 -0.17899728  0.37560043
   0.02126752]
 [-0.0665889  -0.05245877  0.45518202  0.12182232  0.39458066 -0.01844024
   0.38622507  0.20886678  0.25816908 -0.20560528 -0.02134398  0.230263
  -0.40836033]
 [-0.25094274  0.03072997 -0.2528842  -0.37509272  0.33542308  0.7541415
   0.2110185  -0.3394206   0.07748586  0.12698044 -0.23415378 -0.24298993
  -0.1069457 ]
 [ 0.3902271  -0.29827785  0.3069261  -0.10349032  0.17779773 -0.08658553
  -0.3087123   0.20726728 -0.05667725  0.1181311  -0.20761678  0.10672344
  -0.07211141]
 [-0.38179415  0.02332672  0.5192235  -0.11366503 -0.09869539  0.39234495
   0.04237839  0.4423501  -0.295265   -0.19526464 -0.06351255  0.08172178
  -0.23267703]
 [-0.09037481 -0.31747106  1.5334343   0.09066766 -0.36530548 -1.335675
   0.37852114  0.9622972   0.02621396 -0.3241894  -0.32356456  0.5000935
  -0.20766823]
 [ 0.2848986   0.14100714  1.518233   -0.03487191 -0.1000611  -1.166968
   0.29550672  1.1385545  -0.30391684 -0.14053011  0.33136073  0.67510426
   0.30405003]]
Peso 2:
[ 0.05192606  0.19625233 -0.6475802   0.01068168  0.04721547  1.1378736
  0.00598841 -0.6378484   0.1936845  -0.17417014  0.02434858 -0.1337376
 -0.04891202]
Camada: saida
Peso 1:
[[ 0.05413684  0.3361434 ]
 [ 0.00692973  0.5867567 ]
 [ 1.6863232  -1.6734506 ]
 [-0.5994779  -0.4422219 ]
 [-0.3029114   0.12292553]
 [-1.8082852   1.5024298 ]
 [ 0.49738005  0.49228972]
 [ 1.3511556  -1.2325137 ]
 [-0.23236401  0.45728377]
 [ 0.5363536  -0.16454701]
 [ 0.09859248  0.61790615]
 [ 0.4805781  -0.8602299 ]
 [-0.14513938 -0.5372618 ]]
Peso 2:
[-0.60851055  0.6085142 ]



pesos modelo: 
Test loss: 1.9805, Test accuracy: 0.6399
Camada: meio
Peso 1:
[[ 1.85373425e-02 -2.67225742e-01 -3.39470685e-01 -3.86695176e-01
   4.10653442e-01 -3.43112171e-01  1.50884956e-01 -2.69225240e-03
   1.60650402e-01  2.35648751e-02 -3.46446157e-01 -4.07377779e-01
   9.77073014e-02]
 [ 5.49820811e-02 -7.85625502e-02  2.02407002e-01 -1.47359930e-02
  -1.07141726e-01  3.03250939e-01 -3.77566308e-01 -4.08843495e-02
  -2.29059398e-01 -3.50891680e-01  3.24211031e-01 -1.61884636e-01
  -6.46932647e-02]
 [-2.24068910e-01 -2.73556530e-01  1.10748693e-01  3.68529737e-01
   3.22838694e-01 -4.77087051e-02  3.36601496e-01 -5.53450100e-02
   1.47148266e-01 -1.99643612e-01  1.35202557e-01 -1.72915235e-02
   2.61541009e-01]
 [ 3.26301128e-01  3.89896393e-01  3.75101157e-02  2.73583680e-01
   3.23424518e-01 -3.02471578e-01 -5.64967059e-02  1.02562755e-01
  -2.66061485e-01 -2.88967371e-01  6.00112118e-02  2.38182560e-01
  -2.62239669e-02]
 [-4.71021496e-02  8.71967673e-02 -2.96425223e-01  8.72532725e-02
  -1.73004806e-01  1.76717162e-01 -1.81103183e-03  8.80368426e-02
   8.20996016e-02  2.48512790e-01  2.07099065e-01 -3.23435843e-01
  -3.32984030e-01]
 [ 2.92995274e-01 -1.28770575e-01 -1.01702489e-01 -3.69709432e-02
  -1.27140269e-01  9.68535244e-02  2.09053442e-01  1.92663819e-02
   2.84671634e-01 -1.49303362e-01  1.86261728e-01  2.82660842e-01
  -6.74899947e-03]
 [ 3.33980560e-01 -2.74828598e-02  3.18482876e-01  6.61512390e-02
   1.13709699e-02 -2.59843826e-01 -7.55409896e-02 -4.74151224e-02
  -3.22355703e-03 -8.03966075e-02 -2.56512731e-01 -3.08948904e-01
  -4.26726222e-01]
 [ 5.60885109e-02 -1.18763655e-01 -2.21939415e-01  2.83448607e-01
   1.59213006e-01 -2.22800702e-01  1.57144263e-01  2.44969040e-01
   2.54540980e-01 -3.14166009e-01  2.98502564e-01  4.22657669e-01
   9.48736072e-02]
 [-2.97973335e-01  3.02403085e-02  3.32646146e-02  5.12505293e-01
   2.27892548e-01 -1.02665342e-01 -1.01042856e-02 -8.53350386e-02
   2.00024009e-01  3.66721570e-01 -2.66057402e-01 -3.60844970e-01
  -3.93701524e-01]
 [-2.93612689e-01  2.21216992e-01 -8.33343789e-02  5.31354189e-01
   1.91121370e-01 -6.30481169e-02 -2.27576390e-01 -1.05615780e-01
   2.19962835e-01 -3.39046150e-01 -8.67654085e-02 -3.24929267e-01
  -5.43380007e-02]
 [ 4.23886508e-01 -1.91617116e-01  2.19963826e-02  1.94682732e-01
   1.74125135e-01 -3.28108609e-01 -1.24000922e-01  1.16049521e-01
   3.24089080e-01 -1.66715413e-01  3.75456542e-01  1.65735856e-01
   2.19574004e-01]
 [ 2.54793644e-01  1.63995370e-01  8.53402093e-02  1.92488551e-01
  -2.25869045e-02 -4.49150652e-02 -3.08175266e-01  1.62041575e-01
   2.05404013e-02  1.86271779e-02  1.58397526e-01  3.56082827e-01
  -2.99784988e-01]
 [ 1.36849657e-01  5.95464930e-03  3.78844291e-01  3.32991153e-01
   2.81792849e-01 -5.27955070e-02 -3.06906283e-01  1.52172059e-01
  -1.44752964e-01  2.55467802e-01  3.41445617e-02  1.80891789e-02
  -2.52737969e-01]
 [-2.92557418e-01 -3.81307840e-01  6.83580041e-02  8.41319203e-01
  -6.34284317e-01  1.97838455e-01 -2.19186112e-01 -2.03072622e-01
  -4.49216217e-01 -8.35736394e-02 -1.89093426e-01  3.40523541e-01
  -5.31592332e-02]
 [ 4.08095568e-01 -4.71056074e-01 -4.00616586e-01  5.32796323e-01
  -5.39983213e-01  9.70528647e-02  3.86025198e-02 -4.35016900e-01
  -5.43631196e-01  7.12177977e-02  1.64575890e-01  2.46210918e-02
  -6.07082993e-03]
 [-2.62702834e-02  2.08381817e-01  2.19788715e-01  1.46538094e-01
   1.17453650e-01  3.67125958e-01  2.63107836e-01  2.80520499e-01
   5.50569355e-01  4.52914499e-02 -1.27152756e-01 -2.26032361e-02
  -8.88432935e-02]
 [-3.53169926e-02  2.00612381e-01  4.61382866e-01  1.11370787e-01
   2.48083547e-01  3.24496388e-01 -9.64206904e-02  1.97981611e-01
   1.12701967e-01 -2.99377203e-01 -3.72270465e-01  1.36568770e-01
   2.54610360e-01]
 [-3.93521693e-03 -4.68320966e-01 -1.49115577e-01  4.77438897e-01
  -4.17499542e-01 -4.13438916e-01  1.86226666e-02 -3.45642060e-01
  -5.15318096e-01 -1.70412511e-01  4.51865122e-02 -4.94708940e-02
  -2.65126407e-01]
 [-1.42086456e-02  1.96552828e-01  1.32489428e-01 -2.27393419e-01
   3.65075141e-01  3.08990955e-01  4.43625987e-01  5.22777885e-02
  -6.10767398e-04 -1.27792165e-01  2.85285898e-02 -6.59426078e-02
  -1.18047528e-01]
 [ 1.03881262e-01  5.32689273e-01 -7.21873939e-02 -5.68454303e-02
   8.50806907e-02  3.92080218e-01 -3.02024722e-01  3.06087434e-01
   2.70156860e-01 -4.01459754e-01 -3.61950725e-01  4.52196866e-01
  -1.20042764e-01]
 [-3.30300689e-01  4.55098391e-01  6.29344583e-01 -1.24315333e+00
   8.06223452e-01  6.24347627e-01 -1.33281484e-01  9.23410356e-01
   1.03316391e+00  1.89924955e-01  6.87421039e-02 -4.13453102e-01
  -3.62896621e-01]
 [-5.01532257e-01  6.16076112e-01  5.35541236e-01 -1.10352731e+00
   1.27847409e+00 -1.11380452e-02 -1.04128458e-01  1.10566914e+00
   6.55388951e-01  7.21171200e-02  8.81854328e-04 -9.63532925e-03
  -3.79077971e-01]]
Peso 2:
[ 0.44434348 -0.21507147 -0.15106635  1.2350575  -0.5053945  -0.16919895
  0.11752496 -0.4248362  -0.31743875  0.00870197  0.09709726  0.12950213
 -0.15073265]
Camada: saida
Peso 1:
[[-0.50134885  0.67573106]
 [ 0.59837824 -0.77858275]
 [ 0.9440801  -0.19877025]
 [-1.5762439   1.7272533 ]
 [ 1.130704   -1.342847  ]
 [-0.04641478 -0.78512985]
 [ 0.2152718   0.7047616 ]
 [ 1.5575995  -0.5976295 ]
 [ 0.7562867  -1.1844058 ]
 [ 0.0979932   0.36549675]
 [-0.76225245 -0.32042012]
 [-0.02149184  0.5719624 ]
 [ 0.21546574 -0.31155676]]
Peso 2:
[-0.74818975  0.7481887 ]



pesos modelo: 
Test loss: 2.8156, Test accuracy: 0.5714
Camada: meio
Peso 1:
[[-2.15584159e-01 -2.74058491e-01  3.35185498e-01  4.05200213e-01
   4.06164259e-01 -3.01110834e-01  2.90929109e-01  1.26994461e-01
  -2.21672654e-03 -2.46033385e-01  3.88152987e-01  3.04470688e-01
  -3.28845143e-01]
 [ 2.33080089e-01  3.21794182e-01  2.13100016e-02 -3.61113220e-01
   1.23751305e-01 -1.44871727e-01 -1.64226025e-01  2.83659667e-01
  -2.02030256e-01 -2.72856057e-02  3.02301228e-01  6.73527122e-02
   3.40970635e-01]
 [ 2.14088336e-01 -1.39091492e-01 -3.56142133e-01  1.01880513e-01
   1.23650678e-01  5.52470163e-02 -1.80753380e-01 -2.51417786e-01
  -2.87546128e-01 -2.42741182e-01 -3.53499770e-01 -2.58028489e-02
  -2.79703051e-01]
 [-2.95510024e-01  1.39249578e-01 -3.44396055e-01 -3.79146010e-01
   3.21455002e-01 -1.17960826e-01 -1.94516063e-01  3.49302292e-01
  -4.24565881e-01  3.76914799e-01  2.33696789e-01  1.73753455e-01
  -3.94069999e-02]
 [ 2.00696006e-01 -3.99111688e-01  1.57317489e-01  1.73179433e-02
   6.19385988e-02  1.53152093e-01  3.18266183e-01 -3.54977876e-01
  -2.33846977e-02 -2.84089774e-01 -1.05674639e-01 -1.28045887e-01
   1.54785112e-01]
 [-1.25892341e-01  1.95005372e-01  1.10880412e-01  3.53498787e-01
   2.10018024e-01  7.83168897e-02  3.16889971e-01 -2.54217684e-01
  -1.04218133e-01  1.53722540e-01 -2.60276407e-01 -4.48622555e-02
  -3.54075044e-01]
 [ 8.18661079e-02 -6.66024536e-03 -3.10668856e-01  2.11424567e-03
   2.22014710e-01 -1.88558120e-02 -2.23414779e-01 -2.94514984e-01
  -1.85705766e-01  1.50170401e-01 -2.91936323e-02  7.07193092e-02
  -3.64455223e-01]
 [ 2.70326734e-02 -3.43098968e-01 -1.98472887e-01  3.11056674e-01
   3.52189958e-01  1.05980113e-02 -1.75625104e-02 -4.11934495e-01
   1.21990941e-01 -3.41451436e-01  1.67020440e-01  1.72909111e-01
   6.18604347e-02]
 [-2.81368524e-01  2.37642139e-01 -2.29109064e-01 -2.48750031e-01
   1.16734713e-01  1.07978389e-01  1.58193275e-01 -1.05630476e-02
  -2.87630409e-01 -2.30336234e-01 -8.73355567e-02 -1.02906093e-01
  -1.32098161e-02]
 [-2.85706192e-01 -2.14547981e-02 -4.98302355e-02  3.41688752e-01
   2.24480420e-01 -1.94102637e-02 -2.56298214e-01  2.72915870e-01
   2.75921136e-01  1.96311980e-01 -3.61754596e-01  1.58113182e-01
   5.23829520e-01]
 [ 7.75650665e-02 -3.54555368e-01 -1.48892045e-01  1.59112886e-01
   3.18257004e-01 -1.05275512e-02  2.44124562e-01 -1.51740372e-01
  -3.45275879e-01  3.05194974e-01 -1.57817692e-01  9.21707228e-02
  -2.08080232e-01]
 [-4.05043870e-01 -3.99968296e-01 -8.27801377e-02 -1.96558893e-01
   2.95760512e-01  3.15982193e-01  1.96607694e-01  1.12204000e-01
   9.33221728e-02 -3.13735008e-01  1.93953551e-02 -4.49111164e-02
   1.50004163e-01]
 [-2.16644332e-01  4.13050689e-02 -1.21432140e-01  3.64797145e-01
   2.62678951e-01  2.43918404e-01  4.07130063e-01 -3.77026081e-01
  -2.46224031e-01  4.20471616e-02 -5.16501255e-02 -8.71909335e-02
  -3.10608685e-01]
 [-4.12207544e-01  3.10093433e-01  3.34021360e-01 -3.41237247e-01
   7.63291240e-01 -5.18587112e-01 -3.71423692e-01 -2.82086760e-01
   1.43506885e-01  3.08377802e-01 -1.82084903e-01 -6.45124674e-01
  -1.11131500e-02]
 [ 9.59999636e-02 -1.94296807e-01 -2.57007331e-01 -1.25632927e-01
   4.29468900e-01 -3.67263287e-01 -4.30108041e-01 -3.68531406e-01
   1.27997890e-01  1.90188922e-02 -6.48061410e-02 -7.96483457e-01
   1.46077089e-02]
 [-2.00380251e-01  4.63392846e-02  2.31122240e-01  2.34417826e-01
   1.81125075e-01 -2.83378344e-02  3.25598195e-02  5.95614649e-02
  -2.53024727e-01  2.79403836e-01 -3.13646942e-01  6.83544636e-01
  -6.86489120e-02]
 [-1.89558834e-01 -3.97289068e-01 -3.72144938e-01  2.94340730e-01
   6.39294158e-04  3.41802388e-01  4.31026705e-02  1.76102996e-01
   2.81666428e-01  1.37233078e-01 -8.73539001e-02  4.88767922e-01
  -2.51887310e-02]
 [-3.83019686e-01 -1.60880983e-01  3.34199369e-01 -1.69931054e-01
   8.66632462e-01 -4.75026309e-01 -1.10445000e-01  3.33488345e-01
   2.92935461e-01 -1.21718347e-01 -3.98898065e-01 -7.53819048e-01
  -2.98604935e-01]
 [ 2.23692223e-01  2.07364455e-01  1.32133976e-01 -3.68599564e-01
  -1.51569666e-02  1.53743863e-01  3.31766576e-01  4.42051962e-02
  -2.64165197e-02 -1.71041936e-01  2.82393426e-01  5.44809222e-01
   3.77786830e-02]
 [-1.05026364e-01 -2.20274925e-01 -8.80447477e-02 -2.38584101e-01
   2.44838104e-01  4.30143803e-01  1.78229690e-01  7.95031115e-02
  -2.87417024e-01  2.11546093e-01 -2.42777184e-01  5.48656881e-01
  -1.01727098e-01]
 [-1.50189567e-02 -5.28901666e-02 -1.10030867e-01 -4.00322556e-01
  -8.01067650e-01  4.60140377e-01  3.50310862e-01 -5.59867993e-02
  -2.17679352e-01  1.54902831e-01  3.08047116e-01  1.88979268e+00
  -2.97383457e-01]
 [-2.55769640e-01  3.96868318e-01  3.38468611e-01 -1.10673614e-01
  -9.06919599e-01  7.50213683e-01  6.72805727e-01  6.48365095e-02
  -3.36489752e-02  2.76097283e-02 -1.59716561e-01  1.67879534e+00
  -3.43237281e-01]]
Peso 2:
[-0.23304494 -0.08324215 -0.00260039  0.14589778  1.1397377  -0.4016961
 -0.10491445  0.01952204 -0.1279445  -0.03655924 -0.05739268 -1.0277114
  0.15253711]
Camada: saida
Peso 1:
[[ 0.27434397 -0.43683857]
 [-0.12288632 -0.30691898]
 [ 0.44878536  0.46257272]
 [-0.17710057  0.41162807]
 [-1.19214     1.7089976 ]
 [ 0.5430223  -0.98532057]
 [ 0.24531883 -0.65937763]
 [ 0.2553142   0.45300218]
 [ 0.5135685  -0.12773952]
 [ 0.02345845 -0.02269532]
 [-0.0075782  -0.59718966]
 [ 2.2808552  -2.105589  ]
 [-0.4924775   0.3191826 ]]
Peso 2:
[-0.8562081   0.85620797]



pesos modelo: 
Test loss: 1.6054, Test accuracy: 0.6638
Camada: meio
Peso 1:
[[-2.76630193e-01  6.02340102e-02 -1.15935743e-01  3.26836497e-01
  -1.66407079e-01 -2.02755496e-01 -3.98400426e-02  3.19895953e-01
  -1.75650224e-01  3.66249710e-01  3.05377215e-01  1.25334948e-01
   2.07927734e-01]
 [-3.05606484e-01  1.60371512e-01  2.63990641e-01 -1.15617327e-02
   4.50431764e-01 -1.00130193e-01 -7.14600235e-02 -6.90365732e-02
  -1.45552740e-01  2.53290176e-01 -4.01332170e-01 -4.07624334e-01
  -2.46722281e-01]
 [ 1.25408664e-01  2.20757917e-01 -5.31054884e-02  1.51916267e-02
   3.19320709e-01  2.12902874e-01  3.82925898e-01 -1.32648766e-01
  -1.83163390e-01  2.98035234e-01 -1.71932995e-01 -2.22823948e-01
  -4.02774960e-01]
 [-8.21366608e-02  2.55735517e-01  3.14505994e-02  2.63735771e-01
   6.56711161e-02 -1.53210416e-01  2.21794918e-01 -2.73197830e-01
  -6.88760281e-02  2.85115540e-01 -1.26678675e-01  1.56437874e-01
   2.36864135e-01]
 [-1.57099649e-01 -4.37028334e-02 -8.29353333e-02 -2.59752035e-01
   2.33109728e-01 -8.08260664e-02  2.80626982e-01  3.04426342e-01
  -8.14789440e-03 -1.52467847e-01 -1.51722014e-01 -1.99273348e-01
   3.42071086e-01]
 [-1.69494078e-02 -5.84023353e-03  1.84829503e-01 -9.31863412e-02
  -1.11692540e-01  1.79573428e-03  2.25608617e-01  2.82569557e-01
   1.95836827e-01  2.19742998e-01 -5.50635681e-02 -3.85887295e-01
  -2.62165546e-01]
 [-3.42920423e-02 -7.73171410e-02  2.81747460e-01  6.10353462e-02
  -5.67011535e-02 -3.88638973e-01  1.19146600e-01 -1.59964025e-01
  -1.57207876e-01  2.68679857e-01  3.59904647e-01 -8.47577527e-02
  -1.41423464e-01]
 [-4.18906003e-01 -2.12956026e-01  3.44314694e-01  2.93647856e-01
  -1.74777508e-01 -2.99597025e-01  1.97268978e-01  2.47631505e-01
   2.37482935e-01  1.97149366e-01 -1.14355244e-01 -1.80776581e-01
  -1.84927598e-01]
 [ 1.76938757e-01 -1.76661402e-01  2.37073287e-01 -1.72861263e-01
  -3.04801226e-01  2.83355325e-01 -1.42348379e-01  2.22157985e-01
   9.66292918e-02 -1.49550796e-01  2.63413624e-03  9.44378674e-02
  -7.14922696e-02]
 [-4.26155478e-02  2.01500639e-01  2.98116487e-02 -1.12474393e-02
  -2.18052194e-01 -4.37154099e-02  1.84822217e-01  4.74557243e-02
  -2.28382424e-01 -3.05777848e-01 -1.56447127e-01  3.81924063e-01
  -1.14028782e-01]
 [ 1.61730036e-01  1.20976381e-03  2.28816941e-01 -1.99614033e-01
   4.25160557e-01  2.55850494e-01 -1.51959077e-01  2.42935747e-01
   2.11664870e-01  1.00450568e-01 -2.81492949e-01  1.75687686e-01
  -1.37476295e-01]
 [ 2.19735689e-02 -7.35039786e-02  3.02829146e-01  3.07229072e-01
  -3.63520652e-01 -8.54544789e-02  1.55221432e-01  1.28912494e-01
   2.80875593e-01  3.48978281e-01 -2.07511596e-02  1.74179685e-03
   3.18481296e-01]
 [-3.40533942e-01 -1.94601014e-01  2.86366493e-01 -1.26211673e-01
  -2.30343729e-01 -3.33479762e-01 -1.34962305e-01 -8.71888921e-02
  -1.80320844e-01 -1.12324886e-01  3.59110415e-01 -8.38568527e-03
  -2.07828015e-01]
 [-2.85634905e-01 -3.34796220e-01  8.38457048e-01  9.84161422e-02
   3.88576478e-01  3.10975999e-01  7.05687046e-01 -2.08657771e-01
   3.55794221e-01  4.65730764e-02 -3.97807479e-01 -3.72728556e-01
   4.03006226e-01]
 [ 1.76683351e-01 -1.76855475e-01  3.03453118e-01 -8.42400268e-02
   1.28013253e-01 -2.53027886e-01  4.80782181e-01 -4.16906118e-01
   4.78538334e-01 -3.69660765e-01 -2.39023566e-02  2.76989471e-02
   6.05367683e-02]
 [-2.76236713e-01 -1.10123254e-01  2.98753798e-01  4.20355022e-01
  -4.09996033e-01 -4.08569962e-01 -2.64123976e-01  2.81654119e-01
   3.08863376e-03  4.30325598e-01 -4.04722005e-01  6.58221319e-02
  -2.19968483e-01]
 [ 2.42781058e-01  3.58570635e-01 -3.17702204e-01  1.51763052e-01
  -1.88235208e-01 -3.32631260e-01 -1.46256790e-01  1.66697145e-01
   2.60373443e-01  3.47385675e-01 -1.88366130e-01  1.82437807e-01
   6.53400123e-02]
 [-1.03945933e-01 -5.44518046e-03  4.17156667e-01  1.78362608e-01
   3.55720937e-01  1.09972492e-01  1.93594083e-01 -5.99079013e-01
   6.39736772e-01 -5.38222611e-01 -4.01663989e-01 -3.81900042e-01
  -1.80646539e-01]
 [-1.58053637e-01  3.27319175e-01 -6.17940687e-02  1.89555958e-01
  -3.15110721e-02 -3.88220519e-01  8.47945958e-02  5.34438550e-01
   7.07167834e-02  2.84242183e-01 -4.40488197e-02 -2.30481178e-01
   2.33431250e-01]
 [-2.07174078e-01 -1.59431070e-01 -1.74844220e-01  4.98829395e-01
   3.19895566e-01 -1.85263529e-01  3.37216705e-01  6.97574735e-01
   4.12670165e-01  6.28953457e-01  3.37279260e-01  2.91984975e-01
  -2.10812613e-01]
 [-3.65252376e-01 -3.67245138e-01 -1.02182627e+00  9.83365595e-01
  -2.27437783e-02 -3.14270884e-01 -9.04558182e-01  1.13063622e+00
  -8.19009781e-01  7.28594899e-01 -2.65359879e-01 -1.07764915e-01
   1.28790960e-01]
 [ 1.57500938e-01 -1.46155074e-01 -1.25605702e+00  3.29324216e-01
   4.70736362e-02 -3.90119493e-01 -8.06115210e-01  1.39286768e+00
  -9.91900444e-01  3.52233678e-01 -2.60774083e-02 -1.63207173e-01
  -2.85926700e-01]]
Peso 2:
[-0.13123442  0.00438782  0.9343035  -0.22889423  0.23028204 -0.01876671
  0.7182381  -0.446613    0.75112325 -0.39675477 -0.05361597  0.01500744
  0.011371  ]
Camada: saida
Peso 1:
[[ 0.45818478 -0.19120862]
 [-0.18631844  0.1639462 ]
 [-1.1150026   1.7839278 ]
 [ 0.4619435  -0.9337574 ]
 [-0.69529635  0.27707106]
 [ 0.2666052  -0.10837287]
 [-1.2691944   1.0002445 ]
 [ 1.2547684  -1.6462505 ]
 [-1.2926941   1.0186442 ]
 [ 1.354953   -0.2414446 ]
 [ 0.13233157 -0.14614744]
 [ 0.50098723  0.6486656 ]
 [ 0.46455815  0.5881924 ]]
Peso 2:
[-0.31103     0.31103188]



pesos modelo: 
Test loss: 2.1390, Test accuracy: 0.6144
Camada: meio
Peso 1:
[[-0.12248221  0.10975859  0.2762983  -0.15753064 -0.37696922  0.15375236
   0.05007884 -0.3455815  -0.09486392  0.15644053 -0.19354858 -0.0324488
  -0.14056277]
 [-0.13533261 -0.00573993  0.21194315  0.13205034  0.01273598 -0.02679638
   0.2610314   0.4096795  -0.384903    0.13495867 -0.01006744 -0.12627973
   0.36437437]
 [ 0.0805778  -0.10187598  0.19444995 -0.25289556  0.0176672   0.23298374
  -0.04463241 -0.18068111 -0.17402202 -0.36856607 -0.24383044  0.15764914
  -0.14385273]
 [-0.17322777  0.25513726 -0.02914071  0.20678802  0.26473403  0.03706228
   0.00222208  0.4229311  -0.19800274  0.20318404 -0.00386162  0.13006875
   0.2000361 ]
 [ 0.0242144  -0.4403752   0.16623883  0.15164977 -0.14552419  0.24397393
  -0.04229028  0.01410689 -0.16681492  0.00581014  0.46315607  0.06906098
   0.27301136]
 [ 0.15555312 -0.15092437  0.45279768  0.07088035 -0.07172692 -0.27482003
   0.37943915  0.33387393 -0.3770154  -0.08670905 -0.22526132  0.06692673
   0.38972598]
 [ 0.35523656  0.14064538 -0.32158107  0.57824695  0.1208644   0.04603178
  -0.1294738  -0.1842746   0.18065204 -0.29898944  0.14423484 -0.2958883
  -0.35817984]
 [-0.00979268 -0.14050485 -0.32796898 -0.12969097  0.14830685  0.4587879
  -0.18372169  0.36576244 -0.30463776  0.16309665  0.13542148 -0.2176745
  -0.20980252]
 [ 0.2525478   0.05241268 -0.12586407  0.13014872 -0.21607956  0.11451286
   0.15002456 -0.12081932 -0.00223719 -0.288757    0.1841305   0.01145324
   0.37963292]
 [ 0.07946535  0.25182173  0.21916038  0.42110646  0.19686103  0.09824912
   0.02588235  0.3553627  -0.03746605  0.15504359  0.25759307 -0.19048831
   0.03917985]
 [-0.32296887 -0.2882415   0.13326693 -0.28494042 -0.15888743  0.42352393
   0.28743514  0.23864669 -0.38753772  0.10981362 -0.00632465 -0.32617244
  -0.32064745]
 [ 0.28834304 -0.0190971   0.03113112  0.2765506   0.32952535  0.11887744
   0.22853589  0.25755876  0.22784299 -0.24347869 -0.13092376 -0.3748038
  -0.05242474]
 [-0.274116   -0.41384324 -0.00284501 -0.06655569 -0.15389042  0.23123872
  -0.0464965  -0.18773648 -0.40483657 -0.29953128  0.03810359 -0.3493112
   0.23127231]
 [ 0.30370864  0.02718476 -0.14993039  0.30246827 -0.59406924  0.70889026
  -0.09447116  0.38444328  0.02165733  0.32655498 -0.200649   -0.02462175
   0.33921945]
 [-0.33846182  0.20607424  0.14842194  0.1356982  -0.8079698   0.22551589
  -0.4348982   0.65381813 -0.40855426  0.2681472  -0.16556492  0.28431228
  -0.05145805]
 [ 0.1352172  -0.23399094 -0.1266338   0.17604911  0.66777235  0.06412864
   0.19784606 -0.05661745 -0.3391844   0.1830547   0.14064665 -0.26237184
  -0.42956948]
 [ 0.14236014 -0.12670462  0.14928423  0.16027223  0.5071042  -0.20977548
   0.02745231  0.33552334 -0.1873292   0.37804207  0.48044428 -0.10924324
   0.09378868]
 [ 0.3557684  -0.44549477  0.6042821   0.5799933  -0.21470119  0.30712667
  -0.2996834   0.32287288  0.11991286 -0.41929415 -0.5281441   0.01157755
   0.17876616]
 [ 0.06238661  0.2651688   0.02418478  0.36660486  0.59504735  0.25199413
   0.11019066 -0.36804143 -0.10575394  0.17256382  0.43095732  0.2673069
  -0.35032758]
 [-0.26622245 -0.01339376  0.0048734  -0.18659209  0.15294634 -0.1814993
   0.3481066   0.33968267 -0.08600719 -0.02545064  0.39650655 -0.22134732
  -0.07533422]
 [ 0.01659024 -0.2006815  -0.49425685 -1.0449638   1.0973411  -0.7928504
   0.8917948  -0.47235343 -0.16244555  0.07832269  1.0295953   0.01083029
  -0.1134257 ]
 [-0.39853138 -0.06827436 -0.04835624 -0.8953142   1.118397   -0.74401444
   0.9933433  -0.17083848 -0.10760611  0.40417397  1.3555269  -0.14811763
   0.21184601]]
Peso 2:
[ 0.09228832 -0.22590965  0.28346968  0.80574524 -0.59724367  0.73814696
 -0.28315797  0.42626283  0.00095238 -0.00826792 -0.58783066 -0.08366512
  0.13763808]
Camada: saida
Peso 1:
[[-0.10004037  0.3532051 ]
 [ 0.06483734 -0.44269073]
 [-0.7907383   0.05278479]
 [-1.4681847   0.8781035 ]
 [ 1.140987   -1.7134523 ]
 [-1.4931023   0.5940993 ]
 [ 0.8048203  -1.0695431 ]
 [-0.39783198  0.9827312 ]
 [-0.51519454  0.37076133]
 [ 0.6330447   0.36455336]
 [ 1.152513   -1.3501474 ]
 [ 0.21886858 -0.44891816]
 [ 0.08018382  0.60803044]]
Peso 2:
[-0.59626675  0.5962708 ]



pesos modelo: 
Test loss: 1.8266, Test accuracy: 0.6449
Camada: meio
Peso 1:
[[ 0.3157663   0.12997082 -0.3306984  -0.37324807 -0.11138698 -0.30401748
  -0.04280603 -0.0543282   0.13802007  0.13630483 -0.23294175 -0.07133538
  -0.17748068]
 [-0.05083056  0.04552696  0.10365081  0.47302288 -0.26716793  0.1307346
   0.20081101 -0.26837802 -0.05241069  0.09665491 -0.3292721  -0.13263689
   0.10012563]
 [ 0.16555785  0.35040596 -0.3612745   0.44077155 -0.16937767 -0.41122633
   0.39978728 -0.11501242 -0.04556799  0.2647564   0.18765603  0.07213961
  -0.160347  ]
 [ 0.23556225  0.51384556  0.318653   -0.07529883 -0.3613157  -0.13697216
   0.23087487 -0.216218    0.03014884 -0.14422268 -0.13547398  0.30460247
   0.17884651]
 [ 0.02790393 -0.08636228 -0.15903932  0.46549347 -0.11137904  0.1003591
  -0.11795054  0.3387386   0.31853703  0.28385288  0.13759604  0.25992653
  -0.02874877]
 [-0.2892166   0.07034011 -0.05635646  0.03266066 -0.230896    0.09405027
  -0.19333144 -0.10877424 -0.05438761  0.0346329   0.26628575 -0.24159025
   0.07866976]
 [ 0.00605281  0.1510997  -0.1672937   0.07702875  0.08163193 -0.39431512
   0.09893138  0.23041698  0.27302545 -0.21704328 -0.07507324 -0.21491031
   0.09089265]
 [ 0.08691285  0.13247429 -0.11764719  0.48186755  0.21735936 -0.41255763
   0.06463777  0.22656089 -0.10378119 -0.11202826 -0.21949051 -0.24283865
   0.21496712]
 [ 0.2059753   0.06943315  0.3479924   0.2769713   0.07966785 -0.30137968
   0.01667073 -0.3876756  -0.09390786 -0.1289136   0.26910287  0.35203296
   0.05748755]
 [ 0.19232984  0.56616426  0.01918588 -0.265371   -0.11261296  0.37279698
  -0.10151132 -0.17542742 -0.11850122  0.12578516 -0.10559554 -0.39686322
  -0.04273937]
 [ 0.03013776  0.18909141  0.22302495  0.3711861   0.1404962   0.3335328
   0.21114872 -0.20288393  0.2211733   0.08919302 -0.1937588  -0.2143263
   0.1173441 ]
 [-0.22014698  0.11630851  0.27662072 -0.04399367  0.0340709  -0.11737037
   0.00627857  0.1474013   0.01254405  0.16206083 -0.00358169  0.33172274
  -0.05416522]
 [-0.2721558   0.46174797  0.05400267 -0.04446473 -0.38603663  0.28298414
   0.18621737 -0.409569   -0.15969945  0.26171145 -0.4035195   0.09914894
  -0.01357145]
 [-0.16731356  0.27549174  0.17576605  0.2784515   0.23430134  0.10850722
  -0.49358958 -0.29566598 -0.30494803 -0.5277267   0.34227893 -0.10864641
  -0.6128804 ]
 [-0.02606949  0.44595855 -0.03785412  0.23589799  0.18739775  0.03429719
  -0.27199897  0.19383387 -0.2588695  -0.23843102 -0.29795882 -0.35674337
  -0.78827703]
 [ 0.31673858  0.2761055   0.1102158   0.16682833 -0.04784058  0.2187764
   0.572346    0.22018681  0.02269596  0.45739642 -0.27247474  0.06981099
   0.3747926 ]
 [ 0.2594066   0.28381312 -0.22809078 -0.14222774 -0.4222392   0.08902865
   0.16732828  0.11841202  0.48967513  0.5038828  -0.3144994  -0.14041226
   0.27638996]
 [ 0.01039659  0.7981368  -0.27853048  0.00260133 -0.39604357  0.46009374
  -0.50891525  0.23294461 -0.2701999  -0.27366108 -0.31085244 -0.00511961
  -0.6490453 ]
 [ 0.09610347 -0.28304747  0.0672258   0.09845072  0.21538927  0.3689616
  -0.03663118  0.07386945 -0.26287276  0.05995306 -0.24012691 -0.36797902
   0.5617773 ]
 [ 0.34909883 -0.20415331  0.42962456 -0.11431707 -0.10121538 -0.0027096
  -0.01935012  0.3990841  -0.22635792 -0.0497102  -0.07124406  0.15185522
   0.3674951 ]
 [ 0.59240276 -0.9479802  -0.42481843 -0.6182148  -0.2287725  -0.30140683
   0.58195496 -0.22224087 -0.3824421   1.0446343  -0.38573843  0.34094647
   1.306165  ]
 [ 0.90063447 -0.4850324  -0.14483427 -0.88429135  0.19454728  0.2767042
   0.8660458   0.35128608 -0.11678854  0.6705905   0.22077306 -0.24196462
   1.5509536 ]]
Peso 2:
[-0.22710183  0.83361644  0.17229705  0.75515753 -0.16927665  0.08493482
 -0.1957904  -0.04203421  0.16516067 -0.32260767 -0.01918421 -0.04604689
 -0.6863821 ]
Camada: saida
Peso 1:
[[ 0.9673223  -0.51480204]
 [-1.1154481   1.2510043 ]
 [-0.12620974  0.57505953]
 [-1.0309708   1.1200352 ]
 [ 0.40304664 -0.27169013]
 [ 0.07654814  0.46917415]
 [ 0.9543826  -0.71348685]
 [ 0.3933115   0.33338776]
 [-0.50614166  0.28001988]
 [ 0.9368985  -1.0742106 ]
 [-0.3510003  -0.58659565]
 [ 0.4240928   0.3330397 ]
 [ 1.640354   -1.7596791 ]]
Peso 2:
[-0.72603     0.72603303]



pesos modelo: 
Test loss: 1.8700, Test accuracy: 0.6472
Camada: meio
Peso 1:
[[-1.90788418e-01  1.66944653e-01  2.25385755e-01 -2.99015433e-01
   3.50514859e-01 -9.18163955e-02 -9.78578329e-02  1.44225210e-01
   2.70309478e-01 -1.90692753e-01  1.28114074e-01  2.74159312e-02
  -1.72222555e-02]
 [ 1.20974369e-01  3.19107711e-01  3.38305324e-01  1.77594274e-01
   1.19561620e-01 -1.32292107e-01  4.84292805e-02 -4.22077104e-02
  -1.30146131e-01 -1.67805374e-01  1.33922517e-01  2.26036683e-01
   2.32081532e-01]
 [ 8.73494074e-02 -1.48495967e-02  9.90051478e-02  1.17027149e-01
   2.41121836e-02  2.32828617e-01  2.03334510e-01  8.88993368e-02
  -3.12319547e-01 -4.77302372e-02 -1.61816981e-02 -2.21630648e-01
   1.76898256e-01]
 [-3.89491498e-01 -4.13647145e-02 -2.74566948e-01 -2.00437069e-01
  -1.13117546e-02  7.45447725e-03  3.31281900e-01 -4.60316017e-02
  -2.24588469e-01 -1.76401004e-01  2.99158432e-02 -2.95020849e-01
  -3.68053764e-01]
 [-3.53714138e-01 -4.18113954e-02  4.41900074e-01 -8.18976760e-02
  -2.22160801e-01  1.06524646e-01  1.87929794e-01  3.00617032e-02
   2.87514031e-01  2.15570897e-01  3.16464126e-01 -2.26773128e-01
  -1.11442897e-03]
 [-1.87364891e-01  5.88951670e-02 -2.39001557e-01 -1.94639578e-01
   8.70823711e-02  3.45396847e-01 -1.95181236e-01  1.15925416e-01
  -3.77134413e-01 -2.74250507e-01  1.48117796e-01 -3.80433053e-02
  -3.25824440e-01]
 [ 5.21277497e-03  4.27192032e-01 -3.31278771e-01  1.39673259e-02
  -1.47948340e-02  7.93663692e-03  3.61586541e-01 -1.03887945e-01
   3.37041378e-01 -9.97491255e-02  2.18030289e-01 -2.29748338e-01
  -2.51684517e-01]
 [ 1.96435422e-01  3.21043879e-01  1.29183367e-01  1.97566122e-01
  -1.53123066e-01  1.86124548e-01 -1.52401980e-02  1.79972082e-01
  -1.30491361e-01 -1.47594556e-01 -3.37726623e-02  1.76602915e-01
  -3.89420629e-01]
 [-1.75669581e-01  2.32800320e-01 -2.11372212e-01  2.78865069e-01
   2.63755947e-01 -3.67019065e-02  1.07679136e-01 -9.24757347e-02
  -4.25886288e-02 -2.69389033e-01 -2.29032740e-01 -4.35685068e-02
   8.41037408e-02]
 [-2.21222430e-01  2.11228922e-01  1.29678249e-01 -4.24255766e-02
   2.59677798e-01 -3.30526568e-02 -7.48449266e-02 -1.35055959e-01
  -5.18332943e-02 -1.81206688e-01  3.56862128e-01 -1.03221737e-01
  -9.80780944e-02]
 [ 2.60354459e-01 -1.99860007e-01  4.13043909e-02  3.16847742e-01
  -5.19744456e-02  5.08177996e-01 -1.43654466e-01  2.86723413e-02
   3.95924687e-01 -3.32539007e-02 -4.27000830e-03  2.34361798e-01
  -1.17344908e-01]
 [-3.65073979e-01 -1.14676699e-01  1.43202990e-02  1.36432927e-02
  -4.11523938e-01  1.34270102e-01 -2.03474537e-01 -8.97642002e-02
   3.20668310e-01  1.29605249e-01 -3.98429260e-02  4.32248145e-01
  -3.25651735e-01]
 [-1.03966199e-01  1.35911509e-01  1.32007867e-01  8.09872895e-02
  -1.30901532e-02  1.63546711e-01  3.67714554e-01  1.07930124e-01
  -1.72382295e-01  2.58397907e-01  1.26990139e-01 -3.12802851e-01
  -1.38743237e-01]
 [ 3.31221014e-01 -9.87624899e-02  3.62213343e-01 -1.68858349e-01
  -7.51735047e-02  8.72501016e-01 -5.99402525e-02 -6.85369253e-01
   5.24008796e-02 -3.19930136e-01 -1.55051097e-01  2.99153943e-02
  -3.51941764e-01]
 [ 1.36314571e-01  6.83199883e-01  4.10510898e-01 -1.61368147e-01
   3.25260997e-01  4.29194897e-01  4.92747486e-01 -4.43712950e-01
  -3.73958141e-01 -3.42360362e-02 -2.27850869e-01 -4.38858643e-02
   4.01592925e-02]
 [-3.70870441e-01 -1.20665371e-01  1.04531989e-01  1.96199685e-01
  -1.70313671e-01  3.33115757e-01 -4.52795893e-01  1.85325548e-01
  -1.95122629e-01  3.48745972e-01  5.95916986e-01 -1.02433935e-02
  -4.24716584e-02]
 [ 4.72643003e-02  1.00955427e-01 -1.34350911e-01  4.30313647e-01
   1.17495351e-01 -1.57175228e-01  5.06878257e-01  4.27715838e-01
  -2.88444012e-01  3.69627252e-02 -1.49084792e-01 -2.75011808e-01
  -6.28557131e-02]
 [-1.20491244e-01  6.37821436e-01 -2.50659734e-01 -7.09635079e-01
  -2.31414273e-01  2.61040300e-01  3.72926772e-01 -3.94997835e-01
  -2.40597114e-01 -2.10735008e-01 -6.00100718e-02  3.70318033e-02
  -1.74877778e-01]
 [-2.90966213e-01 -1.17315669e-02  2.43255228e-01  2.57880718e-01
  -1.43491551e-01  1.95791066e-01 -2.68794954e-01  3.37874562e-01
  -2.06064358e-01  4.42292303e-01  4.73552138e-01  4.29773569e-01
  -2.40972489e-01]
 [-3.05980355e-01  5.06774262e-02  2.86587477e-01  2.28909850e-01
  -1.80942297e-01 -1.12129249e-01 -1.61573529e-01  5.50983965e-01
   3.61641377e-01  3.03476542e-01  2.26512738e-02 -2.83192009e-01
   1.53431162e-01]
 [ 2.05900937e-01 -4.79676217e-01 -3.74085546e-01  1.16942048e+00
   1.75562277e-01 -1.25238800e+00 -1.70638219e-01  1.06529033e+00
   1.38766065e-01  2.95195878e-01  1.02004075e+00 -2.62302488e-01
   3.92250627e-01]
 [-3.31761748e-01 -8.05632651e-01 -5.56211412e-01  1.04479063e+00
   1.05147868e-01 -9.10255969e-01 -7.97852129e-02  1.25568187e+00
  -3.71977270e-01  2.35358328e-01  1.01621246e+00  8.47214907e-02
  -3.18357736e-01]]
Peso 2:
[ 1.5689606e-02  6.9291884e-01  4.5977205e-01 -3.9923009e-01
 -1.8252423e-03  9.6472675e-01  3.4882277e-01 -4.3807322e-01
  3.8095929e-02 -9.4213141e-03 -3.0848053e-01  6.3550755e-02
 -2.0208028e-04]
Camada: saida
Peso 1:
[[ 0.33826438  0.58684254]
 [-0.78910154  1.1731448 ]
 [-0.48522148  0.7614144 ]
 [ 1.6240703  -0.65673   ]
 [-0.20163684  0.33114442]
 [-1.2006539   1.6524392 ]
 [-0.8400034   0.2434403 ]
 [ 1.0730747  -1.5752956 ]
 [-0.28882134  0.5159296 ]
 [ 0.3074212  -0.191396  ]
 [ 0.8041774  -1.2251688 ]
 [-0.20906849  0.11583892]
 [-0.56210566 -0.5881914 ]]
Peso 2:
[-0.48548296  0.48548457]



pesos modelo: 
Test loss: 2.4078, Test accuracy: 0.5986
Camada: meio
Peso 1:
[[-7.39364922e-02  9.88911688e-02  2.67840058e-01 -7.37418234e-02
   5.67446351e-02 -4.12663251e-01 -3.47573370e-01 -2.84617245e-02
  -4.09915626e-01 -1.06972843e-01 -1.34807318e-01 -1.06701374e-01
  -2.08647385e-01]
 [ 3.92886668e-01  1.44238770e-01 -3.78844648e-04 -2.55884320e-01
  -3.39841276e-01  3.12327355e-01  3.61342937e-01 -3.84437233e-01
  -4.11728114e-01 -1.21410139e-01  9.74529013e-02  2.77513921e-01
  -9.44439545e-02]
 [-2.92191476e-01  2.84613490e-01  4.72633317e-02 -3.25337946e-01
   3.75483125e-01 -3.99065197e-01 -1.45647451e-01 -5.10082096e-02
   2.47889035e-03  2.19392553e-01  1.17260560e-01 -2.33654723e-01
  -1.33882955e-01]
 [-1.20348699e-01  3.54480058e-01 -8.33951402e-04  3.20630103e-01
  -2.12541789e-01  1.63757905e-01  1.17811888e-01 -3.39907199e-01
  -2.43333697e-01  3.41603041e-01  2.67914206e-01 -5.68151986e-03
  -1.96728870e-01]
 [-2.15337366e-01  5.60050793e-02 -9.38101336e-02  6.14367388e-02
  -2.95150608e-01 -1.55101959e-02 -1.49861574e-01 -1.04916379e-01
   2.53177006e-02  3.32224444e-02  1.57149136e-02  3.26583505e-01
  -3.05430517e-02]
 [ 9.36565027e-02  5.77418692e-02  4.21619415e-02 -1.94304630e-01
  -2.48514161e-01 -6.61913380e-02  3.50557357e-01 -3.80553812e-01
   3.43869179e-02 -3.74631375e-01 -3.44293714e-02 -3.56411934e-01
  -2.03917265e-01]
 [ 3.18121314e-01  2.97642618e-01  1.62254833e-02  2.06632972e-01
   4.36509192e-01  7.56535083e-02  1.75510541e-01  3.95836234e-02
   1.79652601e-01 -4.00471240e-01  1.83372483e-01 -6.67259321e-02
   3.28183800e-01]
 [ 4.11122411e-01  2.59616792e-01  2.29509130e-01  1.42798379e-01
  -1.98517829e-01  2.62819231e-01  3.20955724e-01 -3.55992526e-01
  -1.85479045e-01  3.57723951e-01 -2.03382775e-01 -3.25052500e-01
   2.87992597e-01]
 [ 1.30167902e-01 -3.66032161e-02 -1.84473023e-02  7.95466918e-03
  -3.37614208e-01 -2.45854557e-01  2.11653054e-01  4.66340594e-02
  -4.61018793e-02 -1.41327918e-01 -1.54206455e-01  1.57532562e-02
  -3.52545530e-01]
 [ 1.00132689e-01  2.04037696e-01  3.22131634e-01 -3.79835129e-01
   2.64304399e-01  3.59722197e-01  1.78874627e-01 -2.65099585e-01
  -1.32184118e-01 -3.74607801e-01 -2.60387808e-01  1.37936637e-01
   1.69137001e-01]
 [ 3.34797770e-01  4.06889379e-01  6.16987236e-02  1.26280591e-01
  -3.40769142e-01 -3.16980094e-01 -4.94051762e-02 -9.89315193e-03
   6.61329925e-02  3.53552967e-01  5.31673059e-02 -3.97670567e-02
  -1.39995515e-01]
 [ 1.76152676e-01  1.32717431e-01 -1.86196670e-01  1.39994640e-02
  -2.07607329e-01 -4.14527774e-01 -1.06179547e-02 -1.89660937e-02
  -1.45007357e-01 -5.74853383e-02  1.45259649e-01  3.32683951e-01
   1.14650935e-01]
 [ 1.88454568e-01  1.75191704e-02  1.11144207e-01  1.69332996e-01
  -3.39148581e-01  2.32975990e-01  5.81143141e-01  1.20206378e-01
   4.57108989e-02  1.61533669e-01  8.24737325e-02  8.37928131e-02
   9.99931246e-02]
 [-1.90710753e-01  5.72105289e-01 -7.78661549e-01 -1.34494565e-02
   2.08822846e-01  2.98335135e-01  4.11236376e-01  2.80072361e-01
   3.35575640e-01 -8.96807853e-03 -4.66705799e-01 -3.48053306e-01
  -3.48113239e-01]
 [-2.58808464e-01  7.29068756e-01 -6.05159402e-01  3.02000821e-01
   3.46390992e-01  2.36360580e-01 -9.10269022e-02 -1.22604504e-01
  -3.56687397e-01  5.38482331e-03 -5.32496989e-01 -2.78310061e-01
   2.69782871e-01]
 [ 3.62772346e-01  1.92858845e-01  2.81290084e-01 -1.09222546e-01
   3.29614818e-01 -3.15235674e-01 -2.49569803e-01  2.41512269e-01
  -2.81578064e-01  2.84218699e-01  4.40056950e-01  2.86663115e-01
  -4.37561572e-01]
 [ 1.38379455e-01  3.18113640e-02  6.10286057e-01 -2.44474337e-01
   3.86045486e-01 -2.51288544e-02  1.40774772e-01 -1.64302453e-01
  -2.77173042e-01 -2.03321248e-01  3.56508791e-01 -3.90914142e-01
   1.31163687e-01]
 [-5.06759226e-01  5.18218815e-01 -7.54801810e-01  1.66878149e-01
  -2.17697561e-01 -1.68035448e-01  4.26658511e-01  1.40695274e-01
  -3.83609086e-01  2.98183888e-01 -5.71261942e-02 -1.38532490e-01
   2.77408540e-01]
 [ 1.81895047e-01 -1.10981084e-01  4.46466506e-01  2.22027108e-01
  -4.53943998e-01 -1.24329045e-01  2.06951275e-02  6.35774583e-02
   1.10537305e-01 -4.75225970e-02  2.37523809e-01 -1.68804780e-01
   3.83595765e-01]
 [-3.00549388e-01 -2.04290107e-01  4.62867022e-01  2.80421730e-02
   2.78983023e-02  2.03105152e-01  2.62140371e-02  2.56730486e-02
  -3.84238482e-01 -3.22859675e-01  3.17367792e-01  3.88804466e-01
   9.97256860e-02]
 [ 7.26952732e-01 -7.94153988e-01  1.41851020e+00 -4.12782803e-02
   1.17334478e-01  1.89657677e-02 -7.34200180e-01 -3.42851311e-01
   7.18900561e-03 -3.80305886e-01  1.06694114e+00 -2.15583101e-01
  -6.86820596e-02]
 [ 1.88879122e-03 -1.14634418e+00  1.23772001e+00 -8.99713710e-02
   1.37462392e-01 -9.17657390e-02 -6.96307480e-01 -2.34722599e-01
  -2.70943820e-01 -4.11232337e-02  1.25059938e+00  5.27606811e-03
  -8.45653117e-02]]
Peso 2:
[-0.18010627  0.9816385  -0.76703215  0.07554253  0.0988081  -0.06962042
  0.62960535 -0.10856451 -0.00829742  0.05698717 -0.52606416  0.03675303
  0.07767388]
Camada: saida
Peso 1:
[[ 1.1902399e-02 -9.0037787e-01]
 [-1.0921093e+00  1.7653350e+00]
 [ 1.8103753e+00 -1.7159765e+00]
 [-1.0373136e-03  3.1965742e-01]
 [-5.9836680e-01 -3.5753898e-02]
 [-3.0430827e-01 -2.3498878e-01]
 [-1.0350590e+00  8.8384277e-01]
 [ 4.9442416e-01  2.0116991e-01]
 [ 3.6940405e-01  1.2642163e-01]
 [-3.1381658e-01 -4.7969213e-03]
 [ 1.6470021e+00 -7.7364486e-01]
 [-1.5330678e-01  2.6945978e-01]
 [ 4.5848861e-02  4.9120861e-01]]
Peso 2:
[-0.6239574  0.6239591]



pesos modelo: 
Test loss: 2.1629, Test accuracy: 0.6233
Camada: meio
Peso 1:
[[-0.2113945  -0.04047251 -0.38841292  0.00402904  0.2622371   0.17123964
  -0.07937795  0.29067978  0.0801723  -0.16736194  0.11968109  0.11518976
   0.09713981]
 [ 0.47680473  0.33904314  0.47179663  0.33064988 -0.3140776  -0.07259233
  -0.4092465  -0.4022999   0.30055767  0.21088335  0.1675988   0.3710137
   0.3102261 ]
 [-0.0902698   0.00968481  0.06766634 -0.23254469 -0.27145135 -0.13281418
   0.33954126  0.08793116 -0.06062661  0.09731697  0.24674436 -0.13834803
  -0.13943473]
 [-0.33332106  0.18006003  0.06850846  0.08551115  0.28220814 -0.3776223
   0.09751965  0.32461503  0.28877243 -0.09572024 -0.04253671  0.21196163
  -0.04548482]
 [-0.21750389  0.3409918   0.1031077   0.22774787 -0.26918238  0.13431233
  -0.22615767 -0.17005613  0.1629115  -0.13742395  0.23966856  0.27737492
  -0.0125587 ]
 [-0.22699964  0.06698508 -0.11031253  0.11431528  0.26951686 -0.10105617
  -0.2693283  -0.05865943 -0.21369386 -0.1468926   0.14716594 -0.17299195
   0.32158753]
 [-0.06688152  0.25553936 -0.03297112 -0.18825467  0.15223227 -0.10009502
  -0.2781005   0.03477566  0.35294366 -0.13611843 -0.12920922 -0.18392162
  -0.26026723]
 [-0.18470891 -0.08679226  0.286741    0.18990207  0.40834907 -0.32709223
   0.11456745 -0.04190807  0.10305644  0.03797088 -0.04944399  0.20557584
  -0.04357881]
 [ 0.15800695 -0.20482072  0.29099092 -0.16872363  0.21310559 -0.10108587
   0.03446972  0.26486617 -0.09171642  0.30465877 -0.10105371  0.26940823
  -0.3085834 ]
 [-0.0856122   0.0563058   0.20329691  0.28010485  0.47607088 -0.3388449
   0.2085905  -0.09445088 -0.18593062  0.18632552  0.27913556 -0.2840004
   0.2243426 ]
 [-0.06704553  0.17586988  0.4354904   0.31425875  0.0838365   0.08324938
   0.023808    0.04196204  0.24589595  0.19847766  0.12411265  0.05897907
   0.20193036]
 [-0.13466276  0.0983263   0.35946676  0.19878343 -0.1883229  -0.2242246
   0.2633495   0.09885656 -0.09072753  0.09571499  0.07285163  0.06191729
   0.03220391]
 [ 0.22638038  0.36732432  0.18609443  0.0058248  -0.12081414  0.34676415
   0.2293361  -0.18542999 -0.18713288  0.18067394  0.33284217 -0.03110645
  -0.1933709 ]
 [ 0.40534583 -0.25944275  0.46458352 -0.5849396   0.26053238 -0.24255286
  -0.13782443 -0.2801303   0.28179526 -0.6933758   0.32443506 -0.12679252
   0.2868203 ]
 [ 0.3442845  -0.34133753  0.5727391  -0.4136644   0.40789667 -0.32665104
  -0.09949227  0.24740417 -0.35475206 -0.28145584  0.4810234  -0.35242224
   0.31909952]
 [ 0.4489879   0.16873772 -0.2282692  -0.04920195 -0.27008584 -0.14711049
  -0.21800062 -0.27025655  0.09871189  0.31409127 -0.33048832 -0.5300057
  -0.26311398]
 [-0.29992583 -0.19161323  0.06739086  0.25548235  0.37480092 -0.35131684
  -0.31390765  0.08719888  0.18681128  0.4310303  -0.25636926  0.35242495
  -0.25890163]
 [-0.22741823 -0.01927927  0.69647944 -0.37050584  0.4461556  -0.07052929
   0.02804693 -0.39036298 -0.01072163 -0.3930847   0.5549404  -0.18990475
  -0.26645064]
 [-0.22365315 -0.12963043 -0.09570561  0.4511487  -0.19381268  0.00188563
  -0.3310086  -0.12043232  0.30987617  0.42341352  0.40087035 -0.00945067
   0.41372678]
 [ 0.3735504   0.48616868 -0.04821941  0.28240517  0.00778188  0.31564873
  -0.09311262  0.32329178  0.08157464  0.4115649  -0.05521626 -0.26976162
   0.34502792]
 [-0.18367195 -0.15563375 -1.0176855   0.83512586  0.02785062  0.03463191
   0.33680922  0.18167895  0.37980342  1.7506772  -0.5304536   0.02912709
  -0.21775983]
 [-0.05736742 -0.12112445 -1.3237042   0.5907314  -0.44735748  0.16458544
   0.2194804  -0.23447116  0.09004714  1.675605   -0.14854406 -0.09788088
  -0.21184608]]
Peso 2:
[ 2.1306261e-01 -6.3155532e-02  1.2257919e+00 -3.4357756e-01
  3.2043666e-01 -1.0849385e-02 -6.8825181e-04 -2.3506468e-02
 -1.2571117e-01 -7.9332948e-01  3.8379943e-01  1.0334575e-03
  1.1648002e-01]
Camada: saida
Peso 1:
[[-0.5353411   0.24352084]
 [ 0.0192924  -0.13168252]
 [-1.6281867   1.70726   ]
 [ 1.1855248  -0.6892823 ]
 [-0.44268003  0.45041427]
 [-0.15368372 -0.38030216]
 [-0.48560986 -0.49664086]
 [ 0.18762703  0.3868061 ]
 [ 0.20461299 -0.28986627]
 [ 2.1579318  -1.4753654 ]
 [-0.94458896  0.378539  ]
 [-0.0157604   0.47378784]
 [-0.65158236 -0.05382022]]
Peso 2:
[-0.45489088  0.45489416]



pesos modelo: 
Test loss: 2.0747, Test accuracy: 0.6388
Camada: meio
Peso 1:
[[-4.10960019e-02  2.08956033e-01 -1.85021400e-01 -7.71883726e-02
  -4.05952454e-01  1.96054727e-01 -8.83965194e-02 -1.84850827e-01
  -3.68759513e-01  1.57260984e-01 -3.03031921e-01  1.54124707e-01
   1.86123639e-01]
 [-2.35681325e-01  2.58593947e-01  5.90605065e-02  5.40196858e-02
  -2.48196498e-01 -1.02390170e-01 -1.92005530e-01  4.44604039e-01
   2.33936757e-01 -1.09123424e-01  2.84401685e-01  2.94097722e-01
  -2.71817356e-01]
 [-5.93756735e-02 -2.40802750e-01  2.01872319e-01 -1.93779469e-01
  -1.72400419e-02 -1.40654519e-01  2.56503046e-01 -4.17814776e-03
  -1.17567591e-01 -3.63680750e-01 -2.08208770e-01  3.30371410e-01
  -2.06271917e-01]
 [-2.46610418e-01 -2.81486269e-02  7.64747560e-02  2.56619811e-01
  -2.44062513e-01  2.92625934e-01  1.72990143e-01  2.06644177e-01
   3.72252911e-01 -3.19254130e-01  3.10322285e-01  2.48917550e-01
  -3.57102245e-01]
 [-1.05122380e-01 -2.86128253e-01  2.36091092e-01  9.25048217e-02
  -2.16028541e-01 -5.30308932e-02  3.04450095e-01 -2.24921465e-01
   1.45076782e-01 -3.55048746e-01  3.51537734e-01  1.73514605e-01
  -3.12517166e-01]
 [-2.45760977e-02  5.16371317e-02 -1.86589763e-01 -1.66845471e-01
  -2.55583555e-01  2.20447093e-01  2.99329609e-01  4.16399598e-01
   2.98185349e-01 -6.02172967e-03  1.29387528e-01  3.46338481e-01
  -7.53695816e-02]
 [-1.54914677e-01  2.90198565e-01  3.61322761e-01  2.01281041e-01
  -3.27383339e-01  6.27311021e-02  3.37151103e-02 -3.07284564e-01
   1.44871548e-01 -7.74627626e-02  8.19688067e-02 -3.97186011e-01
  -3.66088599e-01]
 [-3.74926865e-01 -2.98210204e-01  1.72836319e-01  3.14170390e-01
  -1.21796705e-01 -1.53445797e-02  1.32269979e-01 -2.55606085e-01
   3.56376916e-02 -2.86036074e-01 -1.25815778e-03  3.79682928e-01
  -3.46924692e-01]
 [ 3.02457303e-01 -3.58310997e-01  3.94215673e-01 -1.48703128e-01
  -1.21511541e-01  2.14874431e-01  3.74044418e-01 -1.94529459e-01
   1.35353029e-01  1.49824828e-01 -1.09302036e-01  9.74067859e-03
   2.07014710e-01]
 [-2.79566318e-01  3.06823873e-03 -2.64994085e-01  2.91967630e-01
  -2.52016872e-01  1.74579054e-01 -3.18654507e-01 -1.60593495e-01
   2.44190574e-01 -2.15307027e-01 -8.61197188e-02 -9.76886675e-02
   1.33914009e-01]
 [-9.20517519e-02  4.07434374e-01  5.43325432e-02 -2.79688507e-01
   4.28249240e-01 -1.34796798e-01  1.00515261e-01 -2.66211599e-01
   1.08537145e-01  1.26713589e-01  5.89460097e-02 -5.26243672e-02
  -1.15368180e-01]
 [-4.01926674e-02  9.54649225e-02 -3.25486064e-01  2.11961940e-01
  -7.87333474e-02  1.37750164e-01  1.86325744e-01 -8.17471296e-02
   3.78398955e-01  1.61873363e-02  4.11117196e-01 -1.44564986e-01
  -2.79696792e-01]
 [ 2.64054239e-01  8.89797732e-02  3.86737764e-01  3.13750714e-01
   1.99190214e-01  1.67734161e-01 -2.51931459e-01 -6.75065368e-02
   2.41478279e-01  2.00631484e-01  1.19207270e-01 -2.71101505e-01
  -8.32133368e-02]
 [-2.27711752e-01 -1.37964085e-01 -1.76982582e-01  2.85952806e-01
   3.40439588e-01 -2.89397240e-01 -1.30448535e-01  4.03207272e-01
   8.23135197e-01  4.30184692e-01 -5.61628819e-01 -2.40521908e-01
   1.26023754e-01]
 [ 3.84621844e-02  4.41322848e-02  2.94536701e-03  4.41793025e-01
   3.40583652e-01 -1.78448364e-01  6.20048761e-01  3.95130785e-03
   7.20772445e-01 -2.38943696e-01 -2.69960076e-01 -2.98479527e-01
   6.27281293e-02]
 [ 2.12573364e-01 -5.80673032e-02 -2.55497068e-01 -2.84520149e-01
   5.46127141e-01  5.86886823e-01  7.84840584e-02  5.05932450e-01
  -1.45300657e-01 -6.43022433e-02 -1.13201223e-01 -3.95961225e-01
  -1.20248035e-01]
 [ 1.04540609e-01 -3.31734359e-01 -3.21273029e-01  6.03331737e-02
   2.36581028e-01  6.17316425e-01 -3.36163566e-02 -1.29612982e-01
  -1.44053409e-02  6.72276616e-02  2.38978833e-01  1.46468937e-01
  -1.25995278e-01]
 [ 4.18290704e-01  3.60548258e-01  2.55487561e-01  4.03668106e-01
   1.53102428e-01 -7.83491194e-01  7.31497556e-02  2.49404594e-01
   7.09655166e-01  2.30274871e-01 -5.35498522e-02  5.38166538e-02
  -1.10776238e-01]
 [-1.97860926e-01 -2.45598584e-01 -2.58681010e-02  3.28668654e-01
  -2.75503516e-01  4.62437332e-01  6.03349023e-02 -3.53987873e-01
  -1.24833003e-01  5.15517771e-01  4.44414645e-01 -8.87484103e-02
   3.68282914e-01]
 [ 1.15621267e-02 -2.43070811e-01 -2.78607279e-01  2.82216102e-01
  -3.19753587e-01  5.66871643e-01  5.57570383e-02  7.05274940e-03
  -7.01055443e-03  2.96223462e-01  4.20078307e-01 -2.80502021e-01
   1.00462101e-01]
 [-3.19881558e-01 -1.98664993e-01 -2.19952211e-01 -7.55366683e-01
   2.05587983e-01  1.21014166e+00 -7.07980156e-01  1.45826355e-01
  -1.38307667e+00 -3.86236578e-01  7.67255843e-01  5.54070696e-02
  -3.56071293e-01]
 [ 1.52200922e-01  4.68898043e-02  1.89065963e-01 -6.75774932e-01
   7.02882558e-02  1.21661901e+00 -3.99994582e-01 -4.07220989e-01
  -1.41799212e+00 -3.77890289e-01  9.51799691e-01 -2.96882123e-01
   2.26215392e-01]]
Peso 2:
[ 0.01673284  0.0526037   0.11566647  0.36258003  0.15264486 -0.6798579
  0.4041207   0.13678284  1.1246685   0.12787364 -0.33930686  0.02556795
  0.02089143]
Camada: saida
Peso 1:
[[ 0.46361944  0.5943474 ]
 [-0.18095556  0.15909359]
 [-0.31676292  0.13094202]
 [-0.6543135   0.7775789 ]
 [-0.3435693   0.46440074]
 [ 1.5775523  -1.526109  ]
 [-0.74992883  0.6962288 ]
 [-0.43172708  0.10552477]
 [-1.683332    1.9899435 ]
 [-0.65241313 -0.21957205]
 [ 0.6631201  -1.2926875 ]
 [ 0.33677593  0.58115494]
 [-0.01996601  0.51724154]]
Peso 2:
[-0.33479112  0.33479398]



pesos modelo: 
Test loss: 1.7608, Test accuracy: 0.6535
Camada: meio
Peso 1:
[[-6.14883900e-02  1.46914095e-01  8.66257846e-02 -1.24896377e-01
   2.83560961e-01  3.92845720e-01  7.40841627e-02  1.76044017e-01
  -3.84940237e-01  4.01954979e-01  2.83437937e-01  1.50962979e-01
  -2.02387974e-01]
 [ 3.03366452e-01 -1.98477775e-01 -6.37395382e-02 -1.49649873e-01
   4.66167212e-01 -5.75508066e-02  3.83088887e-01 -8.05726424e-02
   2.82427128e-02  1.47791997e-01 -8.08628425e-02  2.85379469e-01
   1.02173030e-01]
 [ 2.63185918e-01 -2.66665369e-01 -1.83414400e-01 -4.18597013e-02
   2.85987556e-01  1.94481522e-01  9.46137682e-02  3.86537939e-01
  -8.54890570e-02  2.03539059e-01 -6.78574070e-02 -9.15361848e-03
   3.46092470e-02]
 [ 8.65419731e-02 -1.27759352e-01 -1.09821171e-01  1.33754283e-01
  -1.41273871e-01  3.94197464e-01 -7.97163993e-02 -1.38175756e-01
   1.07393518e-01 -1.83332637e-01 -2.87239552e-01  1.65979281e-01
   2.46186629e-01]
 [-1.47661120e-01 -4.09840643e-01  1.41462935e-02  3.43709826e-01
   4.94208410e-02 -1.12370797e-01 -8.02713335e-02 -2.44005010e-01
   1.08348262e-02 -1.37735814e-01 -7.82456994e-02  3.18302006e-01
   3.11712682e-01]
 [ 2.72884935e-01 -3.84852469e-01  1.89092591e-01  4.68773730e-02
   4.32436615e-01  4.74667586e-02  3.08076233e-01  7.32576177e-02
  -2.32036188e-02  1.21970460e-01  2.72136539e-01  6.00415692e-02
  -3.67497802e-01]
 [ 3.27761233e-01 -1.10881314e-01  4.00040239e-01  4.42063138e-02
   2.22377867e-01  3.37548375e-01  1.64002866e-01  3.10063899e-01
   5.35232686e-02 -2.02215761e-01  1.03666410e-01  4.47498299e-02
  -9.45749506e-02]
 [-1.46259829e-01 -9.47835520e-02  2.94991974e-02 -3.49887609e-01
  -1.03643604e-01 -2.11542606e-01  7.70883784e-02  1.31192803e-01
   4.82875705e-01  7.65135437e-02  2.53712356e-01  1.89640388e-01
   7.58642107e-02]
 [-4.06566650e-01 -2.43715316e-01  3.09338979e-02 -3.80661815e-01
   1.05538942e-01  2.65872300e-01 -3.46907824e-01  3.74986939e-02
  -8.95246938e-02  1.85334012e-01  1.36853129e-01 -7.10208667e-03
   6.98331520e-02]
 [ 1.30012687e-02 -2.79204220e-01  2.05605086e-02  1.66322589e-01
   1.74468234e-01 -2.32951046e-04 -3.34230781e-01  2.74271891e-02
   1.89930931e-01  1.02701761e-01 -1.36944670e-02 -3.00814360e-02
   1.38116434e-01]
 [-6.30576536e-02 -3.40873122e-01 -1.34213641e-01 -2.53222167e-01
   3.43435466e-01 -1.40782788e-01  1.80098683e-01  2.24472940e-01
  -5.07961959e-02  4.03617471e-01 -8.52051750e-02  3.14904422e-01
   3.89957160e-01]
 [-7.52512813e-02  2.41623446e-01 -1.13341592e-01  1.90008059e-01
   4.24765646e-01  3.02916974e-01  3.24401855e-01 -3.33715200e-01
   3.00383210e-01 -1.22170471e-01  3.36673036e-02 -2.29695067e-01
  -1.73432995e-02]
 [ 1.74895272e-01 -4.07646090e-01 -1.82956737e-02  1.43166140e-01
   2.52063125e-01 -1.19268849e-01  2.95502692e-01  1.21915467e-01
  -1.44151249e-03  8.54345486e-02 -5.01239784e-02  3.13991994e-01
   1.98905125e-01]
 [-1.97167307e-01  8.09669420e-02 -3.11148345e-01 -3.76182944e-01
   3.76130283e-01 -7.82134533e-02 -1.90629616e-01 -3.02233189e-01
   5.98964393e-01 -2.59399146e-01 -2.43011177e-01  5.06570458e-01
  -2.13136315e-01]
 [ 1.39864460e-02 -1.36309825e-02 -3.05714101e-01  2.82557786e-01
   1.24302007e-01 -2.36177340e-01 -3.52065980e-01 -7.30669824e-03
   7.78783783e-02 -3.55296999e-01 -4.10456717e-01  7.46465266e-01
  -6.24661386e-01]
 [ 1.74293086e-01  5.71884103e-02  4.05380726e-01  2.33181678e-02
   3.20609301e-01 -1.34904042e-01  1.74524918e-01 -2.15423003e-01
  -3.73287052e-01  5.70328906e-02  4.87960219e-01  3.72245431e-01
   4.88240153e-01]
 [ 4.00783062e-01 -3.01239431e-01  1.55150533e-01  4.08301860e-01
  -3.08513671e-01 -1.36324570e-01  3.53890091e-01  1.52001530e-01
   1.42229632e-01  2.24774808e-01 -4.15347330e-02  2.14447975e-01
   3.62114936e-01]
 [-3.78343970e-01  8.25777128e-02  2.04128101e-01  1.00868270e-01
   5.74967682e-01 -1.87799074e-02 -4.38875020e-01 -4.49775299e-03
   2.75516093e-01 -1.15655415e-01 -2.73880333e-01  4.83247757e-01
  -3.53384048e-01]
 [ 3.67664188e-01 -2.03744695e-01 -5.08070551e-02 -6.37307689e-02
  -7.13329315e-02  2.25304998e-02  1.11330226e-01 -1.04949504e-01
  -3.18895072e-01  1.74649701e-01  3.81337643e-01  1.55543000e-01
   6.39235750e-02]
 [ 1.76319525e-01  2.39458635e-01  3.93212527e-01 -3.34899649e-02
   1.95467234e-01  1.23554386e-01  1.17034605e-03  3.88872117e-01
   1.49143353e-01  4.47935402e-01  4.40916628e-01 -2.24319890e-01
   2.85755426e-01]
 [ 9.01513994e-01 -2.79840201e-01  1.49348691e-01 -1.50030568e-01
  -7.98549116e-01 -3.15066397e-01  6.36702776e-01 -4.79006350e-01
  -2.67204881e-01  2.94414520e-01  9.50634480e-01 -1.30326569e+00
   8.10362279e-01]
 [ 8.43258858e-01 -1.50470287e-01  5.98690748e-01 -1.35573179e-01
  -8.15977931e-01 -4.33448255e-01  5.88408224e-02 -4.03271854e-01
  -4.15738933e-02  7.80401766e-01  7.74370253e-01 -1.02217233e+00
   1.23741388e+00]]
Peso 2:
[-0.31969625 -0.00179348 -0.12081293 -0.00229319  0.5212627   0.21505211
 -0.11552776  0.35965773  0.44648835 -0.2972245  -0.34227613  0.82285357
 -0.5212153 ]
Camada: saida
Peso 1:
[[ 1.0956439  -0.8288297 ]
 [-0.30360186 -0.4550212 ]
 [ 0.8380673   0.02787745]
 [-0.3968561  -0.29485866]
 [-1.2204404   0.7329301 ]
 [-0.43980053  0.27977034]
 [ 0.4312112  -0.47629198]
 [-0.7492065   0.67930996]
 [-0.8565284   0.37073728]
 [ 0.5744551  -0.7281    ]
 [ 0.62780744 -1.1937436 ]
 [-1.6022226   1.2269934 ]
 [ 0.96026546 -1.4108453 ]]
Peso 2:
[-0.5418158  0.5418185]



pesos modelo: 
Test loss: 2.4071, Test accuracy: 0.5982
Camada: meio
Peso 1:
[[-0.33170223 -0.16729027  0.3121716   0.0788216  -0.15532902 -0.21782114
  -0.2882041  -0.40605402 -0.0177632  -0.40832603  0.1461586  -0.15631074
   0.3272259 ]
 [ 0.29358944 -0.20922965 -0.02301719  0.21196412 -0.06942005  0.30153224
  -0.32752532 -0.14746657 -0.07254767 -0.3360332  -0.06648164  0.13794908
   0.26737145]
 [ 0.37891692 -0.07781454  0.3888476   0.24480067 -0.3273374   0.09992116
   0.22793116  0.180815   -0.22244126 -0.173162    0.31285056  0.3254795
   0.17374484]
 [ 0.09536822 -0.26196414  0.19483328 -0.07482035  0.07543112  0.04514034
   0.04657255 -0.30897292 -0.3762846  -0.09333362 -0.02075277 -0.14689387
  -0.07385847]
 [-0.09584636 -0.00977706  0.33898354  0.15198284  0.15131912 -0.3235123
   0.10143928  0.17415017  0.28892422  0.34500748  0.15565936 -0.16541551
   0.45799938]
 [-0.19972287  0.38832292  0.0354351  -0.18144144 -0.10823771 -0.31561625
  -0.18756871  0.16116668 -0.28079677  0.0904028   0.09427945  0.02252429
   0.25277948]
 [ 0.2926046   0.21285933  0.26499385  0.27817363  0.02956227  0.39452305
   0.3581058  -0.06577533 -0.07607146  0.32198307  0.07193076  0.20795551
  -0.06605523]
 [ 0.32172614 -0.2760814   0.42151576  0.21194592  0.35048503  0.31034416
   0.23853041 -0.21401471 -0.39808866 -0.09717528  0.18399937 -0.00976755
   0.15793173]
 [ 0.1267998  -0.2478265   0.22876208  0.00832339  0.02411734 -0.3227161
  -0.34197778 -0.39690664 -0.14969221 -0.02252196  0.15999082  0.26941878
   0.33430818]
 [ 0.29377553 -0.18504901  0.31743947 -0.12067206 -0.0802318   0.34890884
  -0.24008352 -0.39545676  0.07545804  0.31428793  0.19489539  0.1522139
  -0.32285306]
 [ 0.00431999 -0.3171763   0.2900495   0.24628107 -0.3097554  -0.00792164
   0.34265295  0.34302187  0.18373059 -0.33624753  0.12177821  0.3072648
   0.13046908]
 [ 0.03257215  0.04186039  0.08338922 -0.0334927   0.41327375  0.2634584
  -0.16674978 -0.06393553 -0.0824241   0.2726748   0.17773318 -0.04133623
   0.34239408]
 [ 0.35724962  0.32137427 -0.12535007 -0.13146353 -0.22698992 -0.03552231
  -0.15224652  0.10712805  0.06859025  0.44398335 -0.14065465  0.22603637
  -0.33167338]
 [-0.13261087  0.00403799  0.6828134  -0.46747848 -0.34193775  0.11343504
   0.16431643  0.08708306  0.41573563  0.05485612 -0.41276515  0.29845846
   0.4695509 ]
 [-0.07628682  0.11226265  0.11562383 -0.5209687  -0.3108827  -0.18921211
   0.0746736  -0.34094787 -0.16737065  0.04988441 -0.861378    0.3599896
   0.40342572]
 [-0.01024977 -0.21347842  0.01907494  0.36098966 -0.40039396  0.2302104
   0.0246758  -0.04329342  0.29099092 -0.28127268  0.37575912 -0.29872182
   0.10069061]
 [-0.30333936 -0.08262061 -0.32807264  0.14953825 -0.09818947  0.44874918
  -0.11197566 -0.15500727 -0.17469598  0.21861294  0.4698066  -0.143304
  -0.12697816]
 [ 0.33528775  0.19870426  0.10063376 -0.34039384 -0.39444113  0.33074626
   0.19507344  0.00915719  0.15933655  0.24486081 -0.8586648   0.502122
   0.09033158]
 [-0.2642826  -0.20495307 -0.14817157  0.47283286 -0.3048355  -0.2889826
   0.3137661   0.23391451 -0.2012983   0.00368201  0.44068825  0.3243769
   0.3451506 ]
 [ 0.12803139  0.2978197   0.00879722  0.37153712  0.03838778 -0.20218958
   0.25621083 -0.21140148  0.28638825 -0.23574822  0.3933713   0.10365232
  -0.05632642]
 [-0.16360049  0.07241122 -0.83119285  0.96891     0.14052628 -0.5216757
  -0.44043213  0.2793803   0.07745264 -0.06794681  1.5010692  -0.7541294
  -0.3921173 ]
 [ 0.31971294  0.28053236 -0.78948176  1.2771105  -0.3054415  -0.45974585
  -0.17041735 -0.11644465  0.15395038 -0.2868378   1.1377748  -0.67183596
  -0.8594387 ]]
Peso 2:
[ 3.1200465e-02 -2.4686506e-02  7.8575236e-01 -5.4711944e-01
 -4.3263153e-05  3.4630534e-01  2.0851278e-01 -3.0440819e-02
 -1.3901878e-02  1.1868753e-01 -8.3269376e-01  5.7502514e-01
  6.0501647e-01]
Camada: saida
Peso 1:
[[-0.24835813 -0.24115475]
 [-0.5450377  -0.21981299]
 [-1.0003113   1.2503687 ]
 [ 1.1383402  -1.532843  ]
 [-0.00279795  0.0178532 ]
 [-0.61684906  0.43658945]
 [-0.79900366 -0.01853369]
 [-0.4939356  -0.11648826]
 [-0.4679966   0.4062026 ]
 [-0.40735728  0.14396077]
 [ 1.4657269  -1.927882  ]
 [-1.3556753   0.39357504]
 [-0.31564224  1.4380302 ]]
Peso 2:
[-0.53043026  0.5304348 ]
