


pesos modelo: 
Test loss: 2.4083, Test accuracy: 0.6047
Camada: meio
Peso 1:
[[-2.78851867e-01  1.30600214e-01 -1.84301853e-01  3.23480964e-01
   7.39154816e-02 -1.38879478e-01  1.39518440e-01]
 [ 1.16170913e-01 -1.54160261e-02 -1.56901330e-01  1.00054983e-02
   1.79518268e-01  1.22099027e-01  3.00312281e-01]
 [ 1.77287795e-02 -1.52500078e-01  2.61376232e-01 -4.27003443e-01
   4.05115664e-01  1.61472380e-01 -8.29397589e-02]
 [-2.42912427e-01  1.61260188e-01  3.44118208e-01 -3.56599510e-01
  -2.54088581e-01  1.14771202e-01  4.66263771e-01]
 [-1.67005867e-01 -3.28515619e-01  3.05585861e-01  4.01610821e-01
  -2.28397340e-01  1.41712129e-01  4.74512607e-01]
 [ 2.84109056e-01 -1.51347756e-01  7.29501396e-02 -4.23934937e-01
  -4.10425215e-04  2.68896282e-01  3.10285330e-01]
 [ 3.98626000e-01  6.20366335e-02  2.51396209e-01 -7.78816408e-03
  -3.09273332e-01  4.08068597e-01  3.09404910e-01]
 [ 4.26542133e-01  3.14893603e-01 -2.77679801e-01 -3.44112188e-01
  -3.80023509e-01  2.45712206e-01  8.03984851e-02]
 [ 1.30371034e-01 -3.06242257e-01  1.39462292e-01 -1.38567314e-01
  -3.67589220e-02  2.28155434e-01  1.15371712e-01]
 [ 7.70527646e-02 -2.37819716e-01 -1.53216779e-01  1.03434034e-01
  -1.50448224e-02  1.93872020e-01  4.35907781e-01]
 [ 3.42974246e-01 -8.32654834e-02  1.63433835e-01 -5.71611933e-02
   2.86438704e-01  2.63308913e-01 -3.98388922e-01]
 [ 3.64244655e-02 -3.53235483e-01  4.58004475e-01 -2.99977422e-01
  -2.68083185e-01  2.83383936e-01  1.92673162e-01]
 [-8.69154632e-02 -2.61068195e-01  3.49289626e-01 -3.18564832e-01
   3.34339380e-01  8.69130641e-02 -1.50182724e-01]
 [-6.30086124e-01  2.95741796e-01  3.82196158e-02  3.27143341e-01
  -2.50508606e-01  6.84123874e-01 -3.21957022e-01]
 [-6.14666700e-01 -3.62628341e-01 -1.22810928e-02  9.44083780e-02
   7.27691874e-02  1.02253997e+00  3.06190867e-02]
 [ 8.36672187e-01  7.17323571e-02  2.73465306e-01  2.31639415e-01
  -2.88455695e-01  5.30578080e-04 -2.42526233e-01]
 [ 5.81956446e-01 -1.46712482e-01  9.76331979e-02 -2.99401373e-01
   4.54274654e-01 -1.94494575e-01 -8.33115652e-02]
 [-4.32394236e-01  3.96013945e-01 -5.98985791e-01 -1.32783800e-01
  -1.67432845e-01  7.94831812e-01 -8.42995122e-02]
 [ 6.23421669e-01  1.85330331e-01  4.76521254e-01 -2.81670839e-01
   2.61750609e-01 -4.10883799e-02  4.04150039e-02]
 [ 5.62547326e-01  3.70730817e-01  1.03018485e-01 -7.60439038e-02
   2.69718796e-01 -1.23171657e-01  2.99252272e-01]
 [ 8.84663165e-01  1.90215576e-02  5.09722769e-01 -3.23663712e-01
  -3.54070544e-01 -1.96010101e+00  5.09289764e-02]
 [ 6.86092019e-01  6.76849857e-03  5.40482461e-01 -1.36631131e-01
  -1.83609828e-01 -1.97535956e+00  6.72041714e-01]]
Peso 2:
[-0.5081317   0.10137651 -0.27256426 -0.02834192  0.01126629  1.5578967
 -0.07016511]
Camada: saida
Peso 1:
[[ 1.1153479  -1.3613774 ]
 [-0.60506475 -0.12526192]
 [ 0.3209923  -1.0635084 ]
 [ 0.49920884  0.124198  ]
 [ 0.01413336  0.2520106 ]
 [-2.4537826   2.3335721 ]
 [ 0.2614628  -0.4089409 ]]
Peso 2:
[-0.27472547  0.27472743]



pesos modelo: 
Test loss: 2.7143, Test accuracy: 0.5863
Camada: meio
Peso 1:
[[ 0.44192058  0.08214325  0.31564534 -0.25586993 -0.00261822  0.30198485
  -0.39857712]
 [ 0.3276627  -0.01288768  0.22684562 -0.2324271  -0.20635025  0.24956338
  -0.04475208]
 [-0.04339394 -0.06930234 -0.00734531  0.05285423 -0.05437145  0.2662923
  -0.05179475]
 [-0.21022259 -0.09278642 -0.15931547  0.42860672  0.25341734 -0.0939069
   0.12423493]
 [-0.19925089  0.10371897 -0.21296486 -0.14211172  0.20527448  0.23403679
   0.06071959]
 [-0.11433875  0.0515567  -0.36259145 -0.43230456  0.05657563  0.14539357
  -0.23817936]
 [-0.13760066 -0.08316544  0.13159077 -0.12113299 -0.12373324  0.3943807
  -0.10786667]
 [ 0.2577888   0.0698961   0.13039576 -0.20858367  0.04218025  0.29694128
   0.22325246]
 [ 0.31397092  0.25175175 -0.08933404 -0.3744114   0.14698355 -0.02516344
  -0.2592425 ]
 [ 0.2407786   0.01697209 -0.01931828 -0.36176485  0.15830936 -0.18487698
   0.01775108]
 [-0.2033295  -0.01826077 -0.1550297  -0.04501882  0.01134895  0.4556002
   0.25166023]
 [-0.30514118  0.06709172 -0.18958996 -0.12683342  0.27826095 -0.05050457
   0.01333578]
 [ 0.30549258  0.03024573  0.48755822 -0.16377598 -0.0175296   0.14106122
   0.16994429]
 [ 0.61160666 -0.54432213  0.4826965  -0.4362004   0.73219556  0.01539854
   0.04326167]
 [ 0.43322507 -0.21418543 -0.2578506  -0.26836595  1.0323414  -0.02584914
  -0.30775955]
 [ 0.0944548   0.7604614  -0.42285013 -0.38017088  0.16060102 -0.29731837
   0.12089822]
 [ 0.41143453  0.7864521  -0.04591389 -0.1386766   0.04491619 -0.27007484
   0.16809148]
 [ 0.48916116 -0.37817177  0.04123298  0.36432323  0.7453181   0.5535462
  -0.00918027]
 [-0.29231015  0.27118945  0.35352695 -0.160329   -0.10685853  0.01919945
   0.6007196 ]
 [ 0.04686875  0.5919366   0.2545871  -0.12430087 -0.07556169  0.12356439
   0.5670873 ]
 [-0.398673    1.3059342  -0.10383735  0.17534989 -1.3236822  -0.82803
   0.7001885 ]
 [-0.45500827  1.421656   -0.4080784   0.18568432 -1.3745474  -0.4626206
   0.65968734]]
Peso 2:
[ 0.47876856 -0.6489457   0.09390825 -0.00481222  1.3390121   0.69108945
 -0.2659629 ]
Camada: saida
Peso 1:
[[-0.920424    0.5553594 ]
 [ 2.1110241  -1.0615348 ]
 [-0.6388115  -0.21609572]
 [-0.3922041  -0.57459986]
 [-1.7733544   2.0516665 ]
 [-0.7172407   1.044589  ]
 [ 0.43168262 -1.0290084 ]]
Peso 2:
[-0.2217556   0.22175425]



pesos modelo: 
Test loss: 2.1502, Test accuracy: 0.6275
Camada: meio
Peso 1:
[[ 4.28049266e-02  3.91881168e-01 -4.00053620e-01 -3.22779745e-01
   2.78639734e-01  4.28192556e-01 -1.23210192e-01]
 [-1.10345460e-01  1.14737460e-02  3.41219336e-01 -3.84009391e-01
   4.64050233e-01  4.10074472e-01  2.64929920e-01]
 [ 1.79908484e-01  1.03818011e-02  2.17855319e-01  2.14495376e-01
  -9.55500230e-02 -1.60593987e-01 -1.63110718e-01]
 [ 3.19899291e-01  2.55189955e-01  2.81961083e-01 -2.93256883e-02
   3.37612510e-01  2.63460666e-01 -1.69308886e-01]
 [ 3.01650852e-01 -1.03894904e-01 -3.34956735e-01 -3.64004493e-01
   3.13313752e-01  9.95098427e-02  3.49395752e-01]
 [ 2.50197828e-01 -2.56702900e-01  9.85230058e-02 -2.49862298e-01
   1.12011135e-01 -2.79356092e-02  1.27894979e-03]
 [ 3.68325680e-01  2.00069159e-01 -2.97540903e-01 -1.91538975e-01
   3.44616771e-01  2.95402765e-01  4.93184358e-01]
 [ 1.19279914e-01  3.72642308e-01  2.35989109e-01  2.69427896e-01
   2.56557882e-01  1.51396468e-01 -3.20535272e-01]
 [-2.96988487e-01  2.69036323e-01  1.69647247e-01 -4.45504576e-01
   1.38252839e-01  3.09796259e-02 -2.71488369e-01]
 [-3.93143654e-01  1.23268276e-01  2.10759148e-01 -3.59260172e-01
   7.91383237e-02 -7.55218463e-03 -1.19077697e-01]
 [-9.22125205e-02 -6.59182593e-02  2.77950943e-01  7.09270313e-03
   3.40433329e-01  2.70721048e-01  3.24150711e-01]
 [-2.70048767e-01 -5.46189733e-02 -1.80820093e-01 -4.25867319e-01
   1.88335165e-01 -9.99439806e-02 -2.31320225e-02]
 [-1.36556447e-01  5.22333197e-02  1.35388821e-01  2.42709339e-01
  -1.40051544e-01 -5.93476593e-02  4.74360168e-01]
 [-1.75094172e-01 -2.56088883e-01  1.98740974e-01  2.53155529e-02
   8.23786438e-01 -7.69338965e-01  2.98100203e-01]
 [-1.91742525e-01  7.48634398e-01  3.77158642e-01 -2.17435747e-01
   2.96716094e-01 -5.83733082e-01  2.30232164e-01]
 [ 2.70072401e-01 -4.88169223e-01 -1.49973974e-01  3.89274746e-01
   1.13864560e-02  2.50456870e-01 -2.88172513e-01]
 [-4.37369734e-01 -2.26095393e-01  4.83848989e-01 -2.07789898e-01
  -1.67809099e-01  5.93707442e-01  4.58795577e-01]
 [-4.13658261e-01 -4.33565937e-02 -1.66655153e-01 -3.42025198e-02
   7.97456741e-01 -7.83717871e-01  2.26037070e-01]
 [ 1.02230990e-02  3.43872398e-01 -3.76497477e-01 -2.75401890e-01
  -1.36157438e-01  5.58525443e-01  3.06034356e-01]
 [-3.67616951e-01 -3.20341922e-02 -8.48459154e-02 -3.92476171e-01
   7.25471275e-03  3.73843223e-01 -5.81213593e-01]
 [ 1.04485787e-01 -2.74743676e-01 -4.45397973e-01 -7.76747763e-02
  -7.74538577e-01  1.99592137e+00 -5.26720405e-01]
 [-6.43217862e-02 -1.39313236e-01 -4.41142589e-01 -2.04776078e-01
  -1.25644052e+00  1.77999198e+00 -1.38410687e-01]]
Peso 2:
[-0.00374654  0.45381358  0.3456904  -0.03338091  1.1345491  -0.86793756
  0.33910435]
Camada: saida
Peso 1:
[[-0.5291983   0.31940374]
 [-0.7931143   0.5794847 ]
 [ 0.10446212  1.2553811 ]
 [ 0.5475994   0.16205049]
 [-1.9153912   1.0154536 ]
 [ 1.9607697  -2.363183  ]
 [-0.43934518  0.7645505 ]]
Peso 2:
[-0.4223719   0.42237553]



pesos modelo: 
Test loss: 1.5946, Test accuracy: 0.6771
Camada: meio
Peso 1:
[[-3.47232014e-01  3.07496905e-01  9.14236903e-02 -4.38333601e-01
   4.06301439e-01  4.54928875e-02 -9.47597325e-02]
 [ 2.66497910e-01  3.68970215e-01  2.68615931e-01  3.72842759e-01
  -1.26986578e-01  1.96705654e-01 -3.38872820e-01]
 [-5.22256605e-02 -5.97538315e-02  4.55548197e-01  4.49456275e-02
   2.70368963e-01  3.37824672e-01  1.99169010e-01]
 [ 2.12947264e-01 -1.78894758e-01  3.99986692e-02  4.68200594e-01
   2.16742908e-03  2.30616897e-01 -8.59285891e-02]
 [ 3.73138666e-01  7.26248510e-03  3.96704704e-01 -3.44923258e-01
   3.05466074e-02 -1.49880042e-02  2.64847785e-01]
 [ 3.08727741e-01 -1.86985776e-01 -4.38712597e-01  1.87926322e-01
   3.37168574e-01  3.66618574e-01  3.48981798e-01]
 [ 3.38468283e-01  1.28638744e-01 -4.07130063e-01  1.89604610e-01
   8.46039951e-02  1.21160790e-01  4.29265022e-01]
 [ 1.38436882e-02 -2.83399373e-01  3.69769901e-01  3.80897760e-01
   4.17658314e-02  1.04025073e-01  1.98892683e-01]
 [-3.42338473e-01  4.11407560e-01 -3.67855579e-01 -1.65081948e-01
  -6.81576058e-02 -1.03070782e-02  1.19443163e-02]
 [-2.50553340e-01 -4.11772251e-01 -2.59420782e-01 -9.14465170e-03
   1.39208827e-02  8.98359641e-02  1.86712652e-01]
 [-2.90803313e-01 -1.46921918e-01  1.21204043e-02 -1.91204268e-02
   1.52902558e-01  1.57048836e-01  4.14403796e-01]
 [ 3.52613240e-01 -3.86530787e-01 -4.05093104e-01  4.45646465e-01
   9.16085392e-02  2.01078281e-01  2.80743569e-01]
 [-1.99490011e-01  3.45139503e-01  1.43315732e-01 -3.21690142e-01
   6.96085347e-03 -3.61288711e-02  2.15986237e-01]
 [ 5.56872450e-02 -2.48745412e-01 -2.43746310e-01 -4.08403166e-02
  -6.69799507e-01  2.87604213e-01  6.56498969e-01]
 [ 1.55097306e-01 -2.14987472e-01  4.52804983e-01  6.49668649e-02
  -5.65332592e-01  8.73237789e-01 -1.12162344e-01]
 [-4.07148331e-01 -3.48119467e-01 -1.79932252e-01  5.13030171e-01
   6.83247745e-01  1.20407321e-01  3.04542005e-01]
 [-2.26849347e-01 -2.08252817e-01  4.71870899e-02  1.62620410e-01
   4.43412870e-01 -1.32454276e-01  6.46172687e-02]
 [ 3.53190601e-01 -3.07502866e-01 -3.33095700e-01 -1.09074242e-01
  -4.53745782e-01  7.56065667e-01  3.61723542e-01]
 [-4.43647444e-01 -3.09139431e-01 -2.21483901e-01  4.31070149e-01
   5.93960762e-01  1.55199111e-01 -4.33112159e-02]
 [-2.44241521e-01 -2.04119518e-01  1.72699420e-05 -3.56541634e-01
   4.89899933e-01 -7.17513636e-02 -2.82839417e-01]
 [ 2.71237582e-01  3.01526159e-01 -3.67480457e-01  5.22106290e-01
   1.45783770e+00 -1.44639874e+00 -8.61415446e-01]
 [-3.05638909e-01 -2.68836111e-01  2.24426478e-01 -3.09058353e-02
   1.63771236e+00 -1.49425578e+00 -5.49812675e-01]]
Peso 2:
[ 0.00494961 -0.00879613  0.03203776 -0.13356891 -0.9189767   1.1198411
  0.35099962]
Camada: saida
Peso 1:
[[ 0.49674168  0.66113365]
 [-0.5034176  -0.63139623]
 [-0.39195147 -0.14085513]
 [-0.22815402 -0.9123292 ]
 [ 1.8794638  -2.0340724 ]
 [-1.6563303   1.941663  ]
 [-0.71023804  0.7985788 ]]
Peso 2:
[-0.46440372  0.4644054 ]



pesos modelo: 
Test loss: 1.9804, Test accuracy: 0.6359
Camada: meio
Peso 1:
[[ 0.35501492 -0.00978884  0.14013886  0.20929974 -0.3985037   0.44972044
   0.3565439 ]
 [ 0.02698545  0.16729636  0.10481402 -0.09597556  0.25235772 -0.36798218
  -0.0786742 ]
 [ 0.1842918   0.30174807  0.07538377  0.07827657  0.01905799  0.2073261
  -0.10948016]
 [-0.11444832  0.09565118 -0.21798785 -0.11926991  0.33860028 -0.20403548
  -0.13463593]
 [ 0.09939327  0.20045353  0.32350326  0.23363005 -0.2761556  -0.34122697
   0.54019046]
 [ 0.34411523  0.3446057   0.38378915  0.20355344 -0.35172844 -0.2935222
   0.17765906]
 [-0.18491529 -0.0856435  -0.02959633 -0.16765812 -0.2561384   0.27254143
   0.04260525]
 [-0.08280191 -0.10933059 -0.07500985  0.0613608   0.02858298  0.2548946
   0.42286894]
 [-0.0321152   0.2900315  -0.20430133  0.14867786 -0.09422915  0.30981573
   0.10781127]
 [ 0.33660278 -0.2751615  -0.1029145   0.02598561  0.08553788 -0.24256134
   0.0961576 ]
 [ 0.51321566  0.05565022 -0.27457723  0.36263168 -0.3704472   0.26772308
   0.17790052]
 [-0.15576008  0.42063537 -0.2163815  -0.00458537 -0.1462789   0.23202828
  -0.16351281]
 [-0.04003352  0.21424338 -0.01932916 -0.09837436 -0.09645744 -0.06486412
  -0.11968403]
 [ 0.03283271 -0.01871539 -0.4758027  -0.4277649   0.04875249  0.1587981
   0.9501461 ]
 [ 0.45580655  0.3907661  -0.534141   -0.49168321  0.30007774  0.24673308
   0.24744108]
 [ 0.30569047  0.29572257  0.4578647   0.8299528  -0.13912573 -0.06797128
   0.21677065]
 [ 0.05358519 -0.27036443  0.2335019   0.6676155  -0.34098712  0.37719777
   0.42174286]
 [ 0.43552575  0.52892095 -0.33633116 -0.8343781  -0.28755736 -0.04250127
   0.1197788 ]
 [ 0.29689854 -0.25772086  0.49681908  0.35658452 -0.24958895 -0.3620416
  -0.1342496 ]
 [-0.22298278  0.17715171  0.3747657   0.27375698 -0.20965436 -0.26848847
  -0.02916614]
 [-0.60043097 -0.6724856   0.74395794  1.9074912   0.01604265 -0.07034498
  -0.56238896]
 [-0.85596156 -0.80985236  0.22962143  1.5277047   0.19244635  0.17006071
  -1.1618146 ]]
Peso 2:
[ 0.6175508   0.6685846  -0.19777137 -0.7396556  -0.09272975  0.04732295
  0.9302743 ]
Camada: saida
Peso 1:
[[-0.6916516   1.0396425 ]
 [-1.2691933   0.7067794 ]
 [ 0.85501206 -0.46941462]
 [ 2.0324545  -2.0515285 ]
 [ 0.6421893  -0.40022737]
 [-0.24332999  0.2252604 ]
 [-1.5026697   1.1366464 ]]
Peso 2:
[-0.5645865   0.56458753]



pesos modelo: 
Test loss: 2.4477, Test accuracy: 0.6028
Camada: meio
Peso 1:
[[ 0.35528582  0.02556568  0.31471848 -0.12007424  0.04947746 -0.24874659
   0.18223703]
 [ 0.06749699  0.32509685 -0.0161523  -0.0960841   0.13925545 -0.20646441
  -0.18774477]
 [ 0.31457654 -0.1562272   0.44963726 -0.25796047  0.07397727 -0.23108034
  -0.08369024]
 [ 0.19253434 -0.24981198  0.08351088  0.17231254 -0.2422761  -0.06288731
  -0.41153416]
 [ 0.03707191  0.30627415 -0.18575329  0.17802407 -0.2799904   0.02168023
  -0.11352007]
 [ 0.23101303 -0.03287716 -0.03546841  0.3680593   0.38799313 -0.39137056
  -0.30926692]
 [ 0.2016909  -0.3784525   0.10536786  0.14676505 -0.32865414 -0.08721957
  -0.20434636]
 [ 0.26922375 -0.3182163   0.23989353  0.1538948  -0.33215946 -0.30995288
  -0.27903634]
 [ 0.47733968  0.4403687   0.42445984  0.19522493  0.14434917  0.30868307
   0.42674544]
 [ 0.04918893 -0.39573634 -0.16972317  0.16671771  0.19644153  0.20870616
   0.07870233]
 [ 0.15381823 -0.16337983 -0.00463971  0.14227924 -0.43657848 -0.22332135
  -0.18376292]
 [-0.07674745  0.30209434  0.0344678  -0.35731643 -0.1461695  -0.28196317
   0.01355771]
 [ 0.08864772  0.15912302  0.13957036 -0.2719651  -0.23146182  0.04017331
  -0.20693609]
 [ 0.92098206 -0.3644477  -0.5066146  -0.45239627 -0.19100013  0.03266779
  -0.393111  ]
 [ 0.84290385 -0.4390745  -0.5362571  -0.08928718 -0.00490495 -0.3225205
   0.29132843]
 [-0.08983815  0.47736758  0.44769734  0.40531343 -0.27770787 -0.28945357
  -0.11665944]
 [-0.30677292  0.3932223   0.2570683   0.06064723 -0.42290914  0.18395178
   0.3020567 ]
 [ 0.465062    0.1576608  -0.5847014  -0.5477539  -0.14875029  0.22368664
  -0.3987024 ]
 [ 0.09502313 -0.21974503  0.70136     0.43535766  0.11108238  0.12674698
  -0.03633523]
 [ 0.16738512  0.26393187  0.615977    0.7117708  -0.21804954 -0.49082538
  -0.06277803]
 [-1.5523206   0.14562789  1.2787465   0.95645297 -0.2280547  -0.42940575
   0.2851792 ]
 [-1.9192008  -0.03721225  1.0439391   0.45457295  0.34057027 -0.31276166
  -0.1926684 ]]
Peso 2:
[ 1.5160774  -0.00323208 -0.6894868  -0.32577115 -0.03726484 -0.1475236
 -0.00639257]
Camada: saida
Peso 1:
[[-2.332903    2.093278  ]
 [ 0.44291517  0.08910422]
 [ 0.95566374 -2.011985  ]
 [ 0.24806683 -1.5034553 ]
 [ 0.6888244  -0.3360273 ]
 [-0.02881568 -0.6705699 ]
 [-0.27461472  0.3640893 ]]
Peso 2:
[-0.4026026  0.4026056]



pesos modelo: 
Test loss: 2.2548, Test accuracy: 0.6050
Camada: meio
Peso 1:
[[ 1.31917179e-01  1.36833966e-01 -2.14263648e-01 -2.41285563e-02
   4.49324489e-01  2.29923487e-01 -4.44217592e-01]
 [-4.70005907e-02 -9.74400640e-02 -2.85679623e-02  1.22997463e-01
  -5.29711246e-02  3.56538266e-01  6.10407591e-02]
 [ 4.18676496e-01 -7.54390880e-02  1.32261932e-01  1.08360730e-01
  -1.51695848e-01 -8.12338069e-02 -6.13674857e-02]
 [-2.74340987e-01  8.09770077e-02 -2.62891203e-01  4.47081119e-01
   4.59333546e-02 -1.00810707e-01  2.84673899e-01]
 [-1.98836073e-01  1.47903219e-01 -2.35873684e-01  7.01069161e-02
   8.22419673e-02  1.38435662e-01 -3.84693258e-02]
 [ 1.76011920e-01 -1.10056512e-01 -1.49672121e-01  3.32430363e-01
  -1.06896520e-01  3.84020776e-01  2.00777769e-01]
 [ 2.98713863e-01  3.03393066e-01 -3.20155591e-01  3.15161437e-01
   2.64095366e-01 -8.48612860e-02  2.73340959e-02]
 [ 5.24419546e-01 -5.29531799e-02 -2.25915417e-01  2.61318058e-01
  -3.48196596e-01 -3.01802665e-01  1.85768828e-02]
 [-3.17729771e-01  2.82496005e-01 -5.75358756e-02  2.96996236e-01
   7.06475088e-03  2.58259028e-01  1.18571654e-01]
 [-1.81681201e-01  5.71178384e-02  2.85050303e-01  1.08269998e-03
   1.49147183e-01 -2.44780287e-01 -8.82653370e-02]
 [-1.35287166e-01 -3.11319679e-02 -3.80916893e-01  2.62718320e-01
   5.01481831e-01  3.49772543e-01  2.32156515e-01]
 [-1.50969878e-01  3.03424001e-01  3.17697763e-01  3.20336282e-01
  -2.52644241e-01 -3.07998657e-01  6.72448575e-02]
 [ 3.37263882e-01  8.16794634e-02 -4.10087019e-01  2.93379486e-01
   3.93511713e-01 -3.82965982e-01  8.28517377e-02]
 [-5.08674860e-01 -8.53930950e-01  4.77570951e-01  3.85961503e-01
   1.03480965e-01  3.69500279e-01 -5.59076786e-01]
 [-4.89497811e-01 -1.83209732e-01 -1.47354938e-02  3.51731837e-01
  -1.32725939e-01  1.57069013e-01 -9.07666385e-01]
 [ 3.52779865e-01  4.50512856e-01  1.79241687e-01  2.26239283e-02
   6.67726025e-02  2.45336980e-01  3.62276703e-01]
 [ 4.16978031e-01  2.82294750e-01 -1.06443495e-01  2.82544762e-01
  -2.77498901e-01 -2.99946994e-01  6.49734974e-01]
 [-4.88081753e-01 -7.08365738e-02  3.28929305e-01  8.52588177e-01
  -3.83661985e-01  2.10835189e-01 -5.05646348e-01]
 [ 3.02957833e-01  4.34309423e-01  9.08335224e-02 -2.65043437e-01
  -3.49683054e-02 -2.70929068e-01  1.07660085e-01]
 [-1.04064658e-01  4.41478312e-01 -2.14234293e-01  7.50673562e-02
  -1.05004743e-01 -1.74537405e-01  5.45632720e-01]
 [ 3.51572901e-01  4.21846449e-01  2.86793232e-01 -1.23526394e+00
  -2.43315727e-01 -3.41440924e-02  1.84250367e+00]
 [ 1.43413171e-01  4.39469874e-01  9.20606107e-02 -1.42020893e+00
   1.76423416e-01  6.02995716e-02  1.74699664e+00]]
Peso 2:
[-0.07542077 -0.5829153   0.06115183  1.1740322   0.1149725  -0.02600843
 -0.80999887]
Camada: saida
Peso 1:
[[ 0.7734337  -0.03800465]
 [ 0.6681513  -0.651549  ]
 [-0.68985003 -0.24010158]
 [-1.8694634   1.5553974 ]
 [ 0.212119    0.6347695 ]
 [-0.05604299  0.2556662 ]
 [ 1.7206491  -2.2648764 ]]
Peso 2:
[-0.8281085  0.8281111]



pesos modelo: 
Test loss: 2.4244, Test accuracy: 0.5811
Camada: meio
Peso 1:
[[-0.21957852 -0.05517307 -0.35062844  0.42760658 -0.00556213  0.14710885
   0.11392838]
 [ 0.20350593 -0.37693512 -0.37350553  0.08358297  0.17382598 -0.09969677
   0.00578423]
 [ 0.07507265 -0.21978518  0.12346826  0.2304771  -0.16684271 -0.24723108
   0.36064142]
 [ 0.09952425 -0.2760901  -0.32868934 -0.03180474  0.04834788  0.40219814
   0.12631948]
 [ 0.32361186 -0.32506233  0.15961257  0.4578429  -0.10628039  0.48808357
  -0.1476209 ]
 [ 0.20814283 -0.3032082   0.24205272  0.02664309  0.24560684  0.27111402
  -0.10796741]
 [-0.14725631  0.24330828 -0.26221183 -0.25390145 -0.1464476  -0.24342754
   0.08369935]
 [-0.05632918  0.41706774  0.08992694 -0.09888724 -0.26538435  0.13110663
  -0.08976992]
 [ 0.22497483  0.491073    0.24985991  0.01131769  0.13986436  0.17610724
   0.21433212]
 [ 0.25534448  0.40346545  0.2942682   0.03582277  0.1035669  -0.36494076
  -0.1130358 ]
 [ 0.13114974 -0.32617635  0.37112886 -0.02422871  0.16778804 -0.21125033
   0.14417404]
 [ 0.30069587  0.05345565 -0.12135103  0.08639292  0.23429814  0.1597766
   0.36853084]
 [ 0.518437    0.12343031 -0.25169843  0.1328228   0.35525033  0.28251794
  -0.36678338]
 [ 0.97606796  0.11661523 -0.30429405 -0.576453   -0.24665202 -0.11742927
   0.05977807]
 [ 0.7642557  -0.4496545  -0.23813714 -0.28486148 -0.38583362 -0.17213616
   0.30337483]
 [-0.08846421 -0.03912259  0.17664543  0.33020297  0.5684876  -0.23326461
  -0.43362945]
 [-0.25526303  0.19684452  0.18673266  0.27181533  0.27943587  0.35407457
   0.27352074]
 [ 1.0326031  -0.21629117 -0.24542996 -0.0694317  -0.7451587  -0.2869657
  -0.25842062]
 [-0.21699348  0.17766812  0.1587078   0.32334104  0.3039675   0.01156749
   0.1998387 ]
 [ 0.07626547  0.05421117 -0.27795887  0.41928303  0.5643811   0.30187812
  -0.41372222]
 [-1.2500929   0.09701673  0.10903548  1.2480671   1.3250859   0.0913163
  -0.20062889]
 [-1.5172111   0.6202487  -0.4535421   1.3729037   0.64755344 -0.09995547
   0.11034469]]
Peso 2:
[ 1.5563991   0.0652055  -0.02753928 -0.61306715 -0.60254526 -0.03750568
  0.14687592]
Camada: saida
Peso 1:
[[-2.0061476   2.0976427 ]
 [ 0.37366337 -0.30149764]
 [ 0.168715    0.22378331]
 [ 1.8045814  -1.0535865 ]
 [ 1.1480461  -1.254408  ]
 [ 0.59307176  0.30408522]
 [-0.6861574  -0.06636375]]
Peso 2:
[-0.37806243  0.37806463]



pesos modelo: 
Test loss: 1.9924, Test accuracy: 0.5647
Camada: meio
Peso 1:
[[ 0.4340337  -0.21694966  0.3959098  -0.4131838   0.13383996 -0.43891847
   0.1775155 ]
 [-0.12803844  0.02634681  0.22391495 -0.18437771  0.43110412 -0.08302256
   0.09155308]
 [ 0.07199226  0.0529349   0.4513149   0.02289406  0.00893227  0.46395972
  -0.04698409]
 [ 0.38669914  0.37517032 -0.08598123 -0.10726123 -0.42443284  0.3080367
   0.00395744]
 [ 0.23707622  0.17491724 -0.24026096 -0.08633757  0.2866205   0.3754274
  -0.17406514]
 [-0.11038273 -0.11006008  0.07808981  0.17986459  0.19256705  0.30758256
   0.01281639]
 [ 0.29929957  0.25967142 -0.33077222  0.42126477  0.2307697   0.5144082
  -0.33995417]
 [ 0.23028821  0.42779523 -0.09410828  0.35216337 -0.10886332 -0.1124387
  -0.42949346]
 [ 0.21844749  0.21783976  0.07403855  0.11811612 -0.34847996  0.33718213
  -0.06072089]
 [ 0.195035    0.4697435  -0.0930198   0.24014388 -0.30403224 -0.14634012
  -0.00305654]
 [ 0.09632737  0.2507457  -0.24683629  0.17634383  0.3578384  -0.00395765
   0.23707879]
 [-0.06265499  0.25348046  0.43725598 -0.13234389 -0.02621449 -0.24895872
   0.24046467]
 [ 0.07217071  0.4495497   0.23091273  0.2511896   0.06523374 -0.34154388
   0.03683106]
 [-0.7893901   0.56857145  0.07128837  0.18972597 -0.40761924  0.5934178
  -0.26749033]
 [-0.8002328   0.49508446  0.15296358 -0.24664433 -0.19133481  0.233497
   0.21228631]
 [ 0.40298852 -0.25745717 -0.22386284  0.21683942 -0.15481165 -0.12854809
  -0.42429492]
 [ 0.5618035   0.20786124  0.30543005 -0.05045097 -0.05682509 -0.15336932
   0.17769773]
 [-0.756695    0.86699015 -0.27297676 -0.00741904 -0.43776387 -0.08535552
  -0.24678537]
 [ 0.14686021 -0.32508188  0.3749829  -0.2874497  -0.32959118 -0.27679923
  -0.2564301 ]
 [ 0.608963   -0.1996514   0.22327593 -0.2628141   0.10007107  0.5171072
  -0.2874024 ]
 [ 1.9747417  -0.92978406  0.09453422  0.31109887  0.4146347  -0.53638417
  -0.01611743]
 [ 1.3910562  -1.3429853   0.73014367  0.29496086  0.14660807 -0.8249082
   0.26653552]]
Peso 2:
[-0.75397754  1.2142497  -0.07225242  0.00790128 -0.03039687  0.73040944
 -0.0666626 ]
Camada: saida
Peso 1:
[[ 1.695619   -2.3485382 ]
 [-1.7556424   1.5499417 ]
 [ 0.18799336 -0.5602043 ]
 [-0.0375209  -0.28688103]
 [-0.15784802 -0.28215522]
 [-1.1352247   0.87870747]
 [ 0.1601095  -0.47426018]]
Peso 2:
[-0.37080765  0.37081066]



pesos modelo: 
Test loss: 2.6023, Test accuracy: 0.5808
Camada: meio
Peso 1:
[[-0.39566576  0.40670794  0.22775626  0.4358124  -0.1266996   0.29715776
  -0.1004124 ]
 [-0.06855317  0.11780839  0.02001578 -0.17831858 -0.4566148  -0.24195203
  -0.00373746]
 [ 0.25399318 -0.27347806  0.13898227 -0.36332065 -0.16466728 -0.42703322
  -0.3817955 ]
 [ 0.05320444 -0.02744075  0.25913963  0.26853934  0.23797405  0.28599283
  -0.3168882 ]
 [-0.1784626   0.19211084 -0.08749122 -0.31111747  0.2978814  -0.3438652
   0.21818206]
 [ 0.04829853  0.45181787  0.37324202  0.1828543  -0.25908864 -0.42326596
  -0.45876202]
 [-0.32051516  0.26482418 -0.12604271  0.28501496 -0.0830266  -0.42809835
   0.11314633]
 [ 0.11372086  0.14434493  0.30541867  0.07993839  0.38767827 -0.41098776
  -0.04272629]
 [-0.07709442  0.24331884  0.1956231   0.41881064  0.23715356 -0.45195675
   0.32383716]
 [ 0.21572515  0.0672987   0.43195572  0.24800868 -0.2873907  -0.2672529
   0.13152392]
 [-0.10448302 -0.23516923  0.01948038  0.37398937 -0.1519013  -0.12859678
   0.17100468]
 [ 0.07831481 -0.22652538  0.18106586  0.2983818  -0.40356025 -0.3014969
  -0.06084526]
 [ 0.21223512  0.36444718  0.43905357  0.149235   -0.38880646 -0.19062632
   0.07507706]
 [-0.8487613  -0.24369071  0.56133616 -0.10398845  0.33669847 -0.16839172
   0.34627396]
 [-0.35722843 -0.23448935  0.8900186  -0.29104063 -0.460181    0.11961442
  -0.09060853]
 [ 0.61911327 -0.15991981 -0.14595129 -0.0703923  -0.44495448 -0.01604417
   0.16687538]
 [ 0.66965234  0.17265034  0.12072743  0.15733115 -0.4393696   0.2166151
  -0.16000326]
 [-0.566618   -0.39343408  0.6993443  -0.12130933  0.30098945 -0.0475516
   0.00875668]
 [ 0.65101343  0.32754478  0.09451257  0.20286162  0.0425561  -0.10623542
  -0.17851229]
 [ 0.45081764  0.4689973  -0.07004492 -0.07713529 -0.37163174  0.27016476
  -0.38670275]
 [ 1.5988703   0.30963573 -1.2727848   0.663901    0.3355956   0.06237112
  -0.17719702]
 [ 1.582562    0.3308973  -1.2932328   0.6315278  -0.42655617  0.30563188
   0.1768151 ]]
Peso 2:
[-0.89838797 -0.22379132  1.374464   -0.13960174 -0.0746813  -0.01395229
 -0.03874779]
Camada: saida
Peso 1:
[[ 1.9339842  -1.9662675 ]
 [ 0.26433522 -0.624475  ]
 [-1.9649186   1.8715186 ]
 [ 1.0797737   0.05934091]
 [ 0.6374034  -0.15707697]
 [ 0.05100498 -0.61967796]
 [ 0.4276753   0.5127938 ]]
Peso 2:
[-0.6230492  0.6230505]



pesos modelo: 
Test loss: 2.8181, Test accuracy: 0.5624
Camada: meio
Peso 1:
[[ 0.4040627   0.2777393  -0.4066985  -0.12426484 -0.23086426  0.06100065
   0.07258713]
 [-0.30179432 -0.11818809 -0.03883079 -0.43555173  0.11453173  0.112055
  -0.3286324 ]
 [ 0.31458968  0.19756044  0.16209598 -0.31869048  0.18913642  0.3778809
   0.07319938]
 [ 0.07010373 -0.20100594 -0.09040945 -0.1239937   0.31476063 -0.10686587
  -0.01947175]
 [ 0.08462116 -0.13702168 -0.07414003  0.19238524 -0.27318546  0.28224373
  -0.11838023]
 [ 0.20986246  0.3489113   0.05587657 -0.24900913  0.17461926 -0.2019142
   0.5068874 ]
 [-0.38364422  0.1037813   0.01911992 -0.36829826 -0.27840143  0.27780113
  -0.355454  ]
 [ 0.03333671 -0.00584436  0.07573621 -0.33546856 -0.21810143  0.4367685
   0.15981723]
 [-0.1764256   0.25603065 -0.00236133 -0.31683907 -0.18242887  0.11826574
  -0.16844742]
 [-0.24472724 -0.21506159  0.11991912 -0.35145298  0.19854468  0.4688573
  -0.12542656]
 [-0.145394   -0.05940913  0.06979389  0.1457445   0.05009736  0.21092325
   0.30050302]
 [-0.3731125  -0.24274866  0.09586907 -0.4022964   0.18123516  0.2858557
  -0.18738098]
 [-0.35283422  0.25266457  0.05125851  0.1031222  -0.2143517   0.16094798
   0.3641776 ]
 [-0.05374832  0.5939721  -0.8243841   0.3576924   0.314091    0.13994154
   0.097049  ]
 [ 0.16831237  0.35607636 -0.5990777  -0.4000052   0.14553668  0.6893976
   0.08165818]
 [ 0.44566426  0.35485142  0.8819592  -0.21066509  0.48575288 -0.12206819
   0.5120156 ]
 [ 0.33381256  0.5540141   0.64785916 -0.14640713 -0.3504281   0.14378537
  -0.446354  ]
 [-0.26093483  0.38461563 -0.92052203 -0.01253516 -0.29483104  0.7190586
   0.49658036]
 [ 0.38735104 -0.32009783  0.41833282  0.44705892  0.501835   -0.17050542
  -0.38238895]
 [ 0.16866751  0.0324397   0.389887   -0.28040588 -0.16434872 -0.07116834
  -0.27196056]
 [-0.17227669 -0.367731    1.7839991   0.44815773 -0.6215034  -1.0743105
   0.00429507]
 [ 0.4757537  -0.7813108   1.989422    0.18789448 -0.4834526  -0.32626277
   0.18018152]]
Peso 2:
[-0.08736665  0.6003119  -0.9350323  -0.00658362  0.64768326  0.864253
  0.17042579]
Camada: saida
Peso 1:
[[-0.35136014 -0.8163048 ]
 [-0.8541399   1.0297458 ]
 [ 2.3161416  -2.2075684 ]
 [ 0.6783214   0.28796554]
 [-0.8451468   1.0706763 ]
 [-1.408566    0.8625819 ]
 [ 0.2917728   0.8972066 ]]
Peso 2:
[-0.71300143  0.7130056 ]



pesos modelo: 
Test loss: 2.1252, Test accuracy: 0.6269
Camada: meio
Peso 1:
[[ 0.32925588 -0.4528132  -0.22386532  0.24361587 -0.06674966 -0.09397131
  -0.23041604]
 [-0.24420515 -0.10403583  0.01827086  0.17422245  0.04762346 -0.01371961
  -0.12590016]
 [-0.05281129  0.2005293   0.16643366  0.00963389 -0.35821265  0.01972536
  -0.04151668]
 [-0.43282247 -0.08610246 -0.11117955  0.2552427   0.36954683 -0.22811826
   0.09326274]
 [-0.21043019  0.09912243  0.4668127  -0.16503333  0.2739717   0.2655765
   0.3008512 ]
 [-0.24218552 -0.07749154  0.309978   -0.39636493  0.26073164  0.2546912
   0.37598056]
 [-0.19489054  0.04359415  0.40523592 -0.31728292  0.38641116  0.16904397
   0.06866404]
 [ 0.04104034 -0.05480441  0.37368786 -0.33720627 -0.10874501  0.2942733
  -0.24546023]
 [-0.03067871  0.08997637  0.34517223  0.4696592   0.05489056  0.1718233
   0.05516306]
 [ 0.19950771  0.04925032  0.01046191 -0.11491467 -0.06816223 -0.19956008
  -0.21567193]
 [ 0.26096365 -0.2645368   0.21051393 -0.26334828 -0.06796705  0.24679421
   0.03417529]
 [ 0.10819425  0.09763615  0.44658652 -0.24946296  0.37128186  0.18521783
   0.28493655]
 [-0.36754388 -0.09385188 -0.01254042 -0.34162715 -0.08641741 -0.05139471
  -0.23882881]
 [-0.41939303 -0.13262428  0.56516796  0.4290015  -0.33782294 -0.7412691
   0.17248665]
 [-0.35766187 -0.4378659   0.75821185 -0.03765132 -0.37213007 -0.3623363
   0.57154316]
 [-0.20441982  0.5273541  -0.18616246 -0.13736351  0.03663938  0.13058975
   0.07843262]
 [-0.33296156  0.14671418  0.07488275  0.50016034 -0.03561923  0.5379476
   0.12115939]
 [ 0.3040637  -0.05064879  0.92462224 -0.10672069  0.13787419 -0.66112953
   0.20247607]
 [ 0.07127421  0.432742    0.11758195  0.4771595   0.25325078  0.36311063
   0.08636836]
 [ 0.03639801  0.19042589  0.07056579 -0.25942057  0.4229599   0.49882123
   0.32262516]
 [-0.34570318  1.0798012  -1.3355299  -0.33970764  0.25550532  1.4774038
   0.01718804]
 [ 0.18112421  1.0376863  -1.1806563  -0.39254835  0.6203933   1.5725343
  -0.00337227]]
Peso 2:
[-0.04802262 -0.38372177  1.2458524   0.1026745  -0.20253737 -0.70384115
  0.1794252 ]
Camada: saida
Peso 1:
[[ 0.39742136 -0.47816148]
 [ 1.124306   -1.2390153 ]
 [-1.2938775   2.2282984 ]
 [-0.93156624 -0.48193264]
 [-0.2466561  -1.0679649 ]
 [ 1.9545611  -1.5673865 ]
 [ 0.15360437  0.7095929 ]]
Peso 2:
[-0.5388016   0.53880364]



pesos modelo: 
Test loss: 2.4689, Test accuracy: 0.5967
Camada: meio
Peso 1:
[[ 0.41731     0.03289962 -0.227089   -0.2386799  -0.04915005  0.33132404
   0.10068786]
 [-0.02482761  0.3119456  -0.23163863  0.22116701  0.20178011  0.41348952
  -0.35356477]
 [ 0.3898865   0.14250048  0.20072086 -0.27664652  0.13844702 -0.22468533
  -0.24358176]
 [-0.46363044  0.30815756  0.13288197 -0.24104492  0.26207718 -0.05495334
   0.21776992]
 [ 0.27485305  0.44305536  0.15145482 -0.04942115  0.41052634  0.2764912
   0.36396006]
 [ 0.15800467  0.45481992  0.27940875  0.18984294  0.23030065  0.11458541
  -0.04049115]
 [-0.41845217  0.13566162 -0.35007927  0.34954157 -0.00612014  0.26811987
  -0.34083286]
 [-0.38799393  0.5016477   0.3053076   0.2223571   0.30387497  0.32531735
  -0.09399819]
 [ 0.16307372  0.11549668 -0.3534884   0.02112361 -0.02785514 -0.33560374
  -0.35759574]
 [ 0.03725631  0.0957228   0.17599878  0.24562195 -0.14117539 -0.18938126
  -0.16196822]
 [-0.44436714  0.10971943  0.3769364   0.02576871 -0.02023293  0.13447972
  -0.03488466]
 [ 0.3254879   0.08505403 -0.17422913 -0.05049782  0.03106562 -0.04353267
  -0.3360126 ]
 [-0.40296277  0.34804648  0.26427922  0.3189111   0.06074489 -0.16475214
  -0.44793382]
 [-0.25823635  0.83665115 -0.26534605 -0.57779175 -0.41594175  0.14764167
  -0.23650894]
 [ 0.235466    0.52987885 -0.06669699 -0.43512872 -0.8821793  -0.32055083
  -0.3177543 ]
 [-0.4769892  -0.24700421  0.14786619  0.42329508  0.06992087 -0.21351874
   0.0210591 ]
 [-0.44405615  0.07535629  0.5251883   0.30986908  0.44843423  0.08253999
   0.35224348]
 [-0.40707114  0.6567796  -0.1985688  -0.18000373 -0.7405775   0.43824306
  -0.02427877]
 [ 0.2571481  -0.16615583 -0.04109148 -0.10635841  0.5090141   0.14289562
   0.34194997]
 [ 0.20610124 -0.24458468 -0.185303    0.4522805   0.25574934  0.09218945
  -0.39871538]
 [ 0.3158615  -1.4242592   0.06051134  0.21132779  1.7632929  -0.387549
  -0.02686115]
 [ 0.24778166 -1.3185291   0.148363    0.88343006  1.616699   -0.15500647
   0.3704036 ]]
Peso 2:
[-0.01538729  1.4439987  -0.03427576 -0.33121145 -0.6421231   0.18091166
  0.0039888 ]
Camada: saida
Peso 1:
[[-0.3690764   0.00926812]
 [-2.20316     1.6394436 ]
 [ 0.4956386   0.02254418]
 [ 0.9011078  -0.6125446 ]
 [ 1.7763097  -1.8683411 ]
 [-0.02433804  0.7181921 ]
 [-0.7169285  -0.7414339 ]]
Peso 2:
[-0.30404818  0.30404955]



pesos modelo: 
Test loss: 2.7490, Test accuracy: 0.5670
Camada: meio
Peso 1:
[[-0.40973943  0.14591008 -0.27031946  0.2466439   0.24047136 -0.18593246
   0.3430974 ]
 [ 0.31223214 -0.21934319 -0.1289484   0.43881345 -0.0269538   0.00251254
   0.2581012 ]
 [-0.26709974 -0.16997944 -0.22771849 -0.27611485  0.5927111   0.35878927
  -0.2639784 ]
 [-0.3370489   0.22140548 -0.1371447  -0.34735128  0.09730572 -0.06721944
   0.07509506]
 [-0.26795876  0.24653523  0.2031257   0.5210051   0.08707439 -0.07460402
  -0.46441472]
 [ 0.41373155  0.12473051 -0.01416133  0.16898762  0.36010033  0.11135793
   0.1299467 ]
 [ 0.14059581  0.22851688 -0.10999409  0.09719314  0.10691176 -0.01075467
  -0.03829423]
 [-0.17716119 -0.13199256  0.1152278  -0.33349422  0.0387927  -0.17261976
  -0.12899546]
 [-0.4016915   0.35355037  0.36501023  0.17267737  0.49248844  0.01078244
   0.23389462]
 [-0.0161213  -0.30645642  0.2649407   0.28773332  0.17050919  0.03070286
  -0.41892135]
 [-0.41656873 -0.05856586  0.13771458 -0.21464317  0.5076266   0.14654268
   0.2701226 ]
 [-0.103656   -0.24517807 -0.06460954 -0.02281363 -0.056376   -0.06383669
   0.12598093]
 [ 0.11271345  0.29094148  0.33225337  0.41296816  0.59553266  0.06411543
  -0.457404  ]
 [ 0.36125967 -0.16220777 -0.29620934 -0.10198872  0.7268575  -0.57672644
  -0.4820277 ]
 [-0.00716254  0.04454957 -0.7934831   0.48852837  0.41852647 -0.5920289
   0.0689238 ]
 [-0.28887808 -0.15229729  0.16401346  0.40530714 -0.097085    0.5941502
   0.11853043]
 [-0.19486031 -0.01905568  0.36584175 -0.25419515 -0.13797903  0.3848597
  -0.34599653]
 [-0.3765009   0.19012053 -0.3068954  -0.08253935  0.86422    -0.75856185
  -0.44561678]
 [-0.24099201  0.13117869  0.33339602 -0.08115649  0.05539101  0.44611943
  -0.18328634]
 [-0.13376759  0.20481724  0.28536525 -0.42092916  0.42870912  0.668756
  -0.11441978]
 [ 0.30077225  0.711765    0.9198335  -0.40364873 -0.4817832   1.9033298
   0.05546347]
 [ 0.26636425  0.5576145   0.6681245  -0.07883434 -0.9830338   1.7768817
  -0.1779655 ]]
Peso 2:
[-0.01746851 -0.00870869 -0.55039054  0.2854086   1.1235956  -0.9934117
 -0.25961888]
Camada: saida
Peso 1:
[[-0.46418408 -0.5966878 ]
 [ 0.2122348  -0.86619145]
 [ 0.92724156 -1.0475785 ]
 [-1.0315226  -0.23759311]
 [-1.9296592   0.7954533 ]
 [ 1.9488196  -2.3118162 ]
 [ 0.3766857  -0.59754825]]
Peso 2:
[-1.0245447  1.0245519]



pesos modelo: 
Test loss: 2.1911, Test accuracy: 0.6126
Camada: meio
Peso 1:
[[ 0.0020594   0.09155059 -0.14947861  0.25262153  0.00713351  0.263763
   0.25064147]
 [ 0.5528533   0.12028365 -0.28641343 -0.22253339  0.13981415 -0.40477931
   0.01964124]
 [ 0.10710852 -0.00328127 -0.1513626  -0.20137668 -0.31053224  0.38622513
   0.09004857]
 [ 0.0649629   0.23522125 -0.40358767  0.23215891 -0.02656574 -0.04750564
   0.18052801]
 [ 0.05132799 -0.24645871  0.13462725  0.37293157  0.05619435  0.03450371
  -0.10288654]
 [ 0.3073094  -0.21408601  0.22411709  0.517129   -0.16833952  0.06742132
   0.29919437]
 [ 0.06926145  0.3196286  -0.30583125  0.23763125 -0.04346872  0.43771836
   0.20402017]
 [-0.26193509  0.03002858 -0.33663642  0.2981626   0.01128017 -0.34240678
  -0.1600926 ]
 [ 0.08221552  0.23938541  0.16628148  0.18191056 -0.15251777 -0.2586068
   0.2457773 ]
 [ 0.44830582 -0.07932751 -0.37391683  0.23980696  0.23671785 -0.4136696
  -0.02788626]
 [ 0.20980568 -0.14388087 -0.4619438   0.00667438 -0.14992072 -0.02360018
   0.0260397 ]
 [-0.11719685  0.19733278  0.14404881  0.16603677  0.31165096  0.21206453
  -0.18183084]
 [-0.16933876  0.3510648   0.01450589  0.2962899   0.22493394  0.27591246
  -0.01935425]
 [-0.04234121  0.75269043  0.21530907  0.10376674 -0.28015527 -0.05840129
  -0.91961193]
 [ 0.5839278   0.29352447  0.132921    0.696519   -0.29550675 -0.41187835
  -0.42311788]
 [-0.2806003   0.39079908 -0.43856534  0.25090548  0.4819057   0.01421507
   0.5749747 ]
 [ 0.19643706 -0.13818003  0.27047804  0.2737862   0.35243484 -0.29356065
   0.45853776]
 [-0.02233356  0.13999875  0.26421273  0.74905115 -0.6347469  -0.32759628
  -0.785812  ]
 [-0.19250083  0.24147218 -0.26829347 -0.3754402   0.26836327  0.4367209
   0.4750384 ]
 [ 0.44433334 -0.07136379 -0.00465463 -0.18480867  0.30759302 -0.01397008
   0.5294793 ]
 [-0.89074576 -0.7966653  -0.22790183 -0.33637527  1.0684184  -0.13559078
   1.4730083 ]
 [-0.45499316 -0.58244026 -0.04876602 -0.1680867   1.181182   -0.34107828
   1.7979385 ]]
Peso 2:
[ 0.84899294  0.78749996 -0.1275485   0.52021295 -0.47205716  0.05546619
 -0.8949552 ]
Camada: saida
Peso 1:
[[-1.2597046   0.8368271 ]
 [-1.1052697   0.9127411 ]
 [ 0.20787928 -0.18963726]
 [-0.10653964  1.1930162 ]
 [ 0.9205091  -1.6034987 ]
 [-0.7192559  -0.0874484 ]
 [ 2.1540592  -1.6226645 ]]
Peso 2:
[-0.7902801  0.7902865]



pesos modelo: 
Test loss: 1.4772, Test accuracy: 0.6114
Camada: meio
Peso 1:
[[ 3.75953615e-01 -3.27955902e-01 -3.89728844e-01  4.47716117e-01
   2.96362460e-01  8.46427083e-02  2.23109722e-02]
 [ 5.77475615e-02 -1.91296041e-02 -2.87572533e-01 -2.52040207e-01
   1.11107551e-01 -1.88753530e-01  6.56124875e-02]
 [ 5.03632650e-02  4.66485508e-02  1.38117760e-01  1.81919649e-01
   4.09468353e-01 -8.54719430e-02  4.19371784e-01]
 [-3.32520843e-01  5.50082386e-01  1.79183260e-01  3.56259793e-01
   3.37482542e-01  2.87712067e-01  2.86329091e-01]
 [ 1.61302805e-01  3.93128633e-01  1.33732572e-01  3.22247297e-01
   1.27711952e-01  1.62332296e-01  4.17307794e-01]
 [ 2.60503978e-01  2.87672818e-01 -2.11045340e-01 -1.96749493e-02
  -7.04329908e-02 -1.19184703e-02  1.84816465e-01]
 [-1.36015132e-01 -3.05131245e-02 -2.20203921e-01 -2.29557574e-01
   6.28491538e-03  1.35244787e-01  1.33234262e-01]
 [ 1.59211978e-01  2.26618692e-01  1.26977134e-02  2.27284715e-01
   2.47214958e-01 -1.23721279e-01  4.09434199e-01]
 [ 2.89756089e-01  4.03076410e-01 -1.37805507e-01  2.44053174e-02
   3.04825187e-01 -1.36479393e-01  1.55274510e-01]
 [ 2.58848429e-01 -1.14777461e-01 -2.54971627e-02  1.90594271e-01
  -2.46009916e-01  2.16030348e-02  4.79752153e-01]
 [-7.92266354e-02  2.79699057e-01  7.75031149e-02  1.93931893e-01
   3.44229609e-01  3.76437217e-01  4.73029375e-01]
 [ 4.00982648e-01  5.86390674e-01 -1.82440728e-01  2.74233799e-02
  -2.67364793e-02  2.36441135e-01  2.00066745e-01]
 [-1.68850794e-01 -2.78178811e-01  2.52040148e-01  2.04510316e-01
  -6.09060079e-02 -2.11431235e-02  2.73644924e-01]
 [ 3.41121584e-01  6.01746857e-01  6.83790863e-01 -4.80637014e-01
  -2.24721786e-02  9.00966004e-02  6.16003931e-01]
 [ 3.77524197e-01 -1.99504286e-01  7.00779617e-01 -5.53091466e-01
  -4.80980396e-01  5.41649237e-02  3.72211784e-01]
 [ 3.88314545e-01 -1.45574600e-01  3.50968659e-01  2.73551136e-01
   9.64713320e-02  3.51903647e-01 -3.78327340e-01]
 [-9.03160945e-02  1.97108075e-01  1.97268665e-01  3.55473578e-01
   4.52238262e-01  4.79112148e-01 -2.49469072e-01]
 [-8.05226043e-02  3.86965781e-01  2.93361276e-01 -6.06928170e-01
  -5.08289933e-01 -3.39306951e-01  1.96809605e-01]
 [-2.27633417e-01 -3.80255252e-01  1.38493836e-01  4.09281582e-01
  -1.19930394e-01  1.60497427e-01 -1.97069019e-01]
 [ 2.98434883e-01 -3.19526136e-01  4.39163506e-01  6.14389539e-01
   4.61566329e-01 -1.48559660e-01 -4.83157560e-02]
 [ 4.58983928e-01 -1.38203293e-01 -9.78329718e-01  1.77835035e+00
   1.02527917e-03  7.02658176e-01 -8.67685676e-01]
 [ 5.21269679e-01 -7.16892064e-01 -1.20341218e+00  1.18204451e+00
   7.90245652e-01  7.32149065e-01 -7.61084795e-01]]
Peso 2:
[-0.0561332   0.71084535  0.80728567 -0.80294526 -0.2509326  -0.1858876
  0.785264  ]
Camada: saida
Peso 1:
[[-0.3924053  -0.87643814]
 [-1.1271847   0.52931213]
 [-1.4949028   1.2673028 ]
 [ 1.9083798  -1.786236  ]
 [-0.0072512  -1.1177715 ]
 [ 0.27595377 -1.0723857 ]
 [-1.0500096   1.3852038 ]]
Peso 2:
[-0.43868145  0.43868613]



pesos modelo: 
Test loss: 2.4203, Test accuracy: 0.5880
Camada: meio
Peso 1:
[[-0.35488185  0.15943426 -0.13864705  0.41149056 -0.10249826  0.29944754
  -0.41991544]
 [ 0.09874846  0.56859964 -0.02374219 -0.00665426  0.35867935 -0.04203162
   0.3325337 ]
 [ 0.11946075  0.30936873 -0.41305128  0.04855992 -0.36307418  0.41627905
  -0.27789763]
 [ 0.04198726  0.3439791  -0.2134182  -0.04532661 -0.20789753  0.02071384
  -0.09191316]
 [-0.03487431 -0.33606368  0.08985452 -0.05112683  0.07084343  0.20863315
  -0.28096297]
 [ 0.20907554 -0.24969848 -0.23236148 -0.23898868 -0.22066815  0.20988026
   0.03014372]
 [ 0.11592784  0.518019    0.32345587 -0.06208008  0.14971127 -0.10086187
   0.02156877]
 [ 0.01265289 -0.42238885  0.32445386  0.04833908 -0.23995222  0.4298146
  -0.31120986]
 [ 0.1725425   0.06409143 -0.20737828 -0.0701225   0.4895679   0.24766348
  -0.08533196]
 [-0.03011241 -0.30303538  0.04279185  0.12645897 -0.33191258  0.62965965
  -0.21544069]
 [-0.10243987  0.01443625  0.40778482  0.3453637   0.24805245  0.52784795
   0.00237374]
 [-0.17914373 -0.29101884  0.1647143  -0.00206272  0.09812534  0.04556903
  -0.08199086]
 [ 0.05891199 -0.09143917  0.01977367  0.06381309 -0.30703935  0.4799801
  -0.44219223]
 [-0.72815543 -0.26605985  0.21709844 -0.48911074 -0.15090898  0.7566881
  -0.25201812]
 [-0.6406798   0.3121284   0.37916973 -0.5972565   0.1032135   0.54449344
   0.09278453]
 [ 0.15005174 -0.3691963   0.45200223  0.4331803   0.05330677 -0.10390741
  -0.11512584]
 [ 0.33729208  0.26881617 -0.15357995  0.5683999   0.51215744  0.13429901
  -0.08902445]
 [-0.62812954  0.5282153  -0.01280388 -0.45949727  0.07769849  0.4048885
  -0.02762643]
 [ 0.44778138  0.46562117 -0.08400862  0.3358623   0.24652986 -0.31990173
   0.40189275]
 [ 0.49291497  0.4632936  -0.03942547  0.468452   -0.35797188 -0.06551567
   0.06871124]
 [ 1.0526822  -0.5528375  -0.39014065  1.7269499  -0.10825548 -0.6688542
  -0.2102897 ]
 [ 1.3101043  -0.31417245 -0.10415439  1.6738073  -0.4114258  -0.56219184
   0.30635002]]
Peso 2:
[-0.6776517   0.44723377  0.14167266 -0.747544    0.16747533  1.0645198
 -0.02721865]
Camada: saida
Peso 1:
[[ 1.0125108  -1.8701538 ]
 [-0.5233247   0.8166834 ]
 [ 0.22831497  0.85072917]
 [ 1.7311404  -2.072574  ]
 [ 0.05805755  0.70877147]
 [-1.5969185   0.8679098 ]
 [ 0.24179238 -0.02131657]]
Peso 2:
[-0.898803    0.89880484]



pesos modelo: 
Test loss: 2.7941, Test accuracy: 0.5729
Camada: meio
Peso 1:
[[ 1.90267205e-01  2.15557337e-01 -1.23854488e-01 -1.27954960e-01
   1.79732323e-01 -1.80036962e-01  3.44310462e-01]
 [-1.63117964e-02  2.39582703e-01 -1.81432396e-01  1.96062773e-01
  -4.24642950e-01  1.73079357e-01  4.13043410e-01]
 [-2.42473632e-01  1.17712945e-01 -6.43196423e-03 -8.50384682e-02
  -7.42810965e-02 -4.42480266e-01 -1.05576672e-01]
 [ 1.04941159e-01  2.00994447e-01  3.23336780e-01 -2.49970355e-03
   4.70880210e-01 -2.65185200e-02 -1.25966087e-01]
 [-1.48431316e-01  1.07445106e-01  1.39406383e-01  1.76427200e-01
  -1.02481730e-01 -6.67721331e-02  4.00101155e-01]
 [-2.77226239e-01  3.75850171e-01  1.15730435e-01  1.81103870e-01
  -2.89219677e-01  3.33272666e-01  9.47813243e-02]
 [-2.57081807e-01 -3.22849266e-02 -1.91293657e-02 -6.66250139e-02
  -2.39676908e-01 -2.90606111e-01  1.78739056e-01]
 [-2.45211914e-01  3.67962211e-01 -5.84983043e-02  2.61551179e-02
  -5.89111224e-02 -4.78816591e-02 -1.34562656e-01]
 [-3.52162033e-01  1.89432845e-01  3.12173236e-02  3.07057183e-02
   1.32816002e-01 -1.16613686e-01 -9.12050456e-02]
 [ 4.41353112e-01  4.43815067e-02  1.00297265e-01  1.67722963e-02
   2.53429145e-01 -1.69167053e-02  7.40345195e-02]
 [-3.00201386e-01  2.15315327e-01 -4.26101655e-01 -5.63398227e-02
  -7.78398588e-02 -1.99040607e-01 -2.16920286e-01]
 [-2.01635137e-01  7.05269747e-04  2.62852758e-01 -1.26088113e-01
  -1.23710176e-02  2.46815160e-01 -4.57986221e-02]
 [ 4.86697376e-01  2.38472551e-01  2.38232061e-01  2.26611376e-01
   3.47690701e-01  1.35783240e-01  1.69955596e-01]
 [-1.55276507e-01  9.18760240e-01 -2.52091825e-01 -5.24637580e-01
  -2.56429046e-01  2.76061296e-01  5.44590652e-01]
 [ 3.91771466e-01  3.07365626e-01  3.48767675e-02 -8.03132057e-01
  -1.20210238e-01  1.58591300e-01  5.67319632e-01]
 [ 6.97547868e-02  1.07482120e-01 -4.07281429e-01  4.93089378e-01
   4.82239664e-01  3.45094919e-01 -3.05659205e-01]
 [ 1.53486738e-02  6.23608306e-02  4.31495696e-01  4.77804005e-01
   2.39437833e-01 -4.41768289e-01 -3.03402722e-01]
 [ 1.14442125e-01  6.01509571e-01 -2.85960343e-02 -5.06175756e-01
   6.39127418e-02 -4.04759109e-01  7.79724419e-01]
 [-4.66246337e-01 -2.46036336e-01  1.59770697e-01  4.84444380e-01
  -4.11085367e-01 -4.33035225e-01  3.63979876e-01]
 [ 1.97530180e-01 -3.82636011e-01  6.78920224e-02  5.70547819e-01
  -2.51260191e-01 -3.88771713e-01  6.22753799e-01]
 [-7.75822327e-02 -8.85983050e-01  3.11301589e-01  1.79644632e+00
  -1.42787443e-02  3.31182152e-01 -9.30214942e-01]
 [ 3.03053439e-01 -7.76246548e-01  3.11016977e-01  2.10832882e+00
  -4.02019471e-01 -2.32350916e-01 -3.35085541e-01]]
Peso 2:
[ 0.0766389   0.9663672  -0.04299191 -0.96813506  0.19857508 -0.13051534
  0.8978038 ]
Camada: saida
Peso 1:
[[-0.10301612  0.57646203]
 [-1.4618803   1.0745108 ]
 [ 0.2304089  -0.01576801]
 [ 2.1317554  -2.3055065 ]
 [-0.8093016   0.51401913]
 [ 0.5611014   0.11122581]
 [-0.7386712   1.4815978 ]]
Peso 2:
[-0.49583468  0.49583828]



pesos modelo: 
Test loss: 1.9250, Test accuracy: 0.6405
Camada: meio
Peso 1:
[[-4.47407991e-01 -6.96384609e-02 -3.37747693e-01  1.67991817e-02
   2.84517229e-01 -3.46774161e-01  1.46471739e-01]
 [ 1.15075193e-01  1.53518811e-01 -3.82304907e-01 -1.95814162e-01
   5.73943555e-02  1.25379115e-01 -5.58347031e-02]
 [ 2.63866633e-01  5.68911768e-02 -4.31878209e-01  1.08158134e-01
  -3.93869936e-01  1.44878756e-02  3.84547770e-01]
 [-1.12339117e-01  3.29824299e-01 -6.27145767e-02  8.92602280e-02
   1.05486348e-01  1.48106992e-01  3.40008765e-01]
 [-4.12569242e-03  6.19624555e-01 -1.56693831e-01 -2.74311185e-01
  -6.20437451e-02  3.52788389e-01  1.79514512e-02]
 [ 2.63039768e-02 -1.19433850e-02 -4.21030939e-01  2.56925881e-01
   2.03436688e-01  3.06332260e-02 -4.10073251e-01]
 [ 2.41872087e-01  4.79738444e-01 -2.23958865e-01 -1.93020687e-01
  -1.85397983e-01  4.36981678e-01 -2.42187455e-02]
 [ 2.93280870e-01 -1.68552399e-01 -2.22712353e-01  8.69678706e-02
  -2.08353475e-01 -1.48897246e-01  4.20430094e-01]
 [ 2.71231204e-01 -1.95460498e-01  3.33025962e-01  3.14883679e-01
   3.77365232e-01  7.31789544e-02 -4.36496466e-01]
 [ 1.04481086e-01  1.88474908e-01  1.50891915e-01  1.72646105e-04
   3.27997297e-01  2.52772391e-01 -9.23743844e-02]
 [ 3.05600613e-01  2.57656276e-01 -2.10253131e-02 -8.04557279e-02
   3.32804441e-01  4.38385993e-01  1.99026510e-01]
 [ 3.17187160e-02  5.22990108e-01  4.82959636e-02  3.42038006e-01
   4.10917342e-01  4.65305597e-01 -2.70842373e-01]
 [-1.68637305e-01  3.82817209e-01  2.39218771e-01 -2.38253385e-01
  -3.22983295e-01 -3.82404476e-02 -2.51571476e-01]
 [ 4.91462439e-01  3.55863452e-01  9.40519795e-02  3.56871188e-01
   7.12457538e-01 -4.77114737e-01 -1.18259832e-01]
 [ 5.75311184e-01  5.06302416e-01  1.96150333e-01 -4.33678329e-02
   5.02016358e-02 -4.82906342e-01  8.44371393e-02]
 [ 9.30728018e-02  6.05876930e-02 -3.62858146e-01 -1.33667409e-01
  -1.04740568e-01  6.66459858e-01 -6.00810871e-02]
 [ 5.90573885e-02 -2.87269235e-01  1.67385936e-01 -3.49809498e-01
  -2.59786230e-02  4.12779540e-01 -5.83419874e-02]
 [ 5.29742360e-01  6.88668191e-01  1.43467963e-01  1.83445662e-02
   4.07456428e-01 -2.59688169e-01 -3.37761670e-01]
 [-5.45978285e-02 -1.50079116e-01 -2.63661355e-01  2.95845091e-01
  -1.13972917e-01  4.07745838e-01 -2.39252344e-01]
 [-1.74416587e-01 -2.71042168e-01 -1.75983578e-01  7.83654898e-02
   4.93610263e-01  3.93744648e-01  4.37930077e-01]
 [-9.87229168e-01 -1.13859189e+00  3.33241999e-01 -1.76634789e-01
  -5.98810494e-01  1.48142207e+00 -1.38639539e-01]
 [-1.05781233e+00 -9.16434586e-01  3.29545796e-01 -3.69381569e-02
  -4.93075222e-01  1.66356981e+00 -4.71984372e-02]]
Peso 2:
[ 0.8335203   1.1666355   0.01257311  0.09788842  0.41816428 -0.6292783
  0.00393337]
Camada: saida
Peso 1:
[[-1.08065     1.5488229 ]
 [-1.4516894   1.6540467 ]
 [-0.5492481   0.13986403]
 [-0.2028253   0.32087946]
 [-0.9661874   0.54559696]
 [ 2.0168319  -1.6961205 ]
 [ 0.22854158  0.3955331 ]]
Peso 2:
[-0.187339    0.18733858]



pesos modelo: 
Test loss: 2.6705, Test accuracy: 0.5852
Camada: meio
Peso 1:
[[-3.12280238e-01  3.05241525e-01 -1.53889358e-01  1.03735566e-01
   4.34257209e-01  1.23628914e-01 -2.22530007e-01]
 [ 6.71895035e-03  1.80969566e-01 -2.53622327e-03 -8.77663121e-02
   5.34031987e-02  4.23599571e-01 -1.81096103e-02]
 [-2.11543962e-01  2.10574821e-01  6.65280819e-02  1.58281907e-01
   3.59178483e-02 -3.85286734e-02  1.83314189e-01]
 [ 4.12606061e-01  5.27383804e-01  1.67540684e-01 -2.40936577e-01
  -4.58298534e-01  2.48739168e-01  3.94405454e-01]
 [-1.88547179e-01  2.79843777e-01 -1.85934901e-01 -1.67457968e-01
   3.70096147e-01  2.98456758e-01  1.81456313e-01]
 [-6.66063577e-02  3.89688671e-01  3.87930602e-01  3.97736341e-01
  -2.27363601e-01  3.67266029e-01  1.64459065e-01]
 [ 3.39145511e-01  2.44281933e-01  3.65332246e-01 -5.33584245e-02
  -1.83170751e-01 -1.53402790e-01  6.43744841e-02]
 [-2.22484723e-01 -4.73718010e-02  8.33620057e-02  2.90484428e-01
   2.83818603e-01  4.42051679e-01 -2.27368101e-01]
 [-2.37031147e-01  3.69811833e-01  6.88321143e-02 -3.44122469e-01
  -4.29112464e-01  4.91911709e-01  1.98520243e-01]
 [ 3.83575678e-01 -3.89414988e-02  2.08887368e-01  4.44671690e-01
  -2.66599745e-01  2.71933824e-01 -3.37339491e-01]
 [-1.67170942e-01 -3.85909826e-02  2.20247880e-01  2.30359808e-02
  -3.30036968e-01 -2.05721959e-01 -1.52907729e-01]
 [ 3.16310883e-01  4.15186703e-01  2.35172138e-01 -1.97807714e-01
  -2.85981804e-01  1.12631373e-01  2.13024855e-01]
 [ 1.91865861e-01  2.40926728e-01  1.10218272e-01  1.64655134e-01
   1.00661684e-02 -7.82223791e-02  2.09642544e-01]
 [-4.27394420e-01  6.85384810e-01 -1.11114606e-01  2.50092387e-01
   5.44881858e-02 -5.12727678e-01 -4.93863404e-01]
 [-2.84497112e-01  8.16834867e-01 -6.52618706e-01 -8.41121376e-02
   1.77022517e-01 -4.43382204e-01 -3.27542633e-01]
 [-1.05870582e-01 -1.42401382e-01  4.95095164e-01  4.99939807e-02
  -1.73292935e-01  2.00121731e-01  2.17893675e-01]
 [-1.36267180e-02 -1.55069679e-01 -4.43431064e-02 -4.30998504e-01
  -3.08460928e-02 -2.06674337e-02  5.39157808e-01]
 [ 2.76739031e-01  9.72748637e-01 -4.56619918e-01 -1.88116595e-01
  -1.47789538e-01 -1.77606553e-01 -3.21645617e-01]
 [-2.32111841e-01 -1.06315598e-01  2.59515047e-02  5.79275936e-02
  -4.91455011e-02  3.90933692e-01  4.34691072e-01]
 [-1.01889670e-01 -6.41277730e-02  2.88550407e-01  3.18742722e-01
   2.46742308e-01  9.67476692e-04  6.12342477e-01]
 [ 5.27440429e-01 -1.78586650e+00  4.53514576e-01 -2.58965015e-01
  -4.96618226e-02  1.85600981e-01  1.18942022e+00]
 [ 1.19701408e-01 -1.54429865e+00  3.86498690e-01 -1.44794598e-01
  -3.31055135e-01  5.42512052e-02  1.62703967e+00]]
Peso 2:
[-0.02135883  1.5340408  -0.262148    0.01842746 -0.0612793  -0.1826494
 -0.5789044 ]
Camada: saida
Peso 1:
[[ 0.5063004   0.04980269]
 [-2.0270782   2.2934773 ]
 [ 1.0524559  -0.18929212]
 [-0.10080048  0.27788806]
 [ 0.7318304   0.5432879 ]
 [ 0.43978456 -0.433837  ]
 [ 1.7798425  -1.3909445 ]]
Peso 2:
[-0.2682144   0.26821378]
