


pesos modelo: 
Test loss: 1.0513, Test accuracy: 0.7038
Camada: meio
Peso 1:
[[-2.17941552e-01 -3.28646630e-01  2.87050545e-01 -1.48190111e-01
  -1.28367543e-03  1.96451545e-01  3.29937816e-01]
 [ 1.82470381e-01  1.88088775e-01 -1.44847572e-01  3.73209119e-01
   4.57398057e-01  3.27204347e-01 -4.37378109e-01]
 [ 3.23955178e-01 -3.54781389e-01 -4.08589184e-01 -1.88092083e-01
  -7.40381777e-02 -2.04501361e-01  6.03119135e-02]
 [ 5.80232777e-03  3.34509283e-01  2.79107869e-01  3.82380426e-01
   2.94225719e-02  5.42820334e-01  4.61780190e-01]
 [ 3.94470245e-02 -6.23876676e-02 -4.54644747e-02  1.03661112e-01
  -3.62917960e-01  4.91397917e-01  4.02947843e-01]
 [-3.26810256e-02 -1.82934672e-01 -1.91923425e-01  8.89737010e-02
   2.27877155e-01  1.66350111e-01 -4.01381701e-01]
 [ 4.87339683e-03  2.28402764e-01  1.23694867e-01  4.03256208e-01
   1.66142657e-02  4.38976772e-02  2.13696942e-01]
 [ 3.55760694e-01 -1.57715753e-01  1.68280095e-01 -7.01727644e-02
   2.17787042e-01  1.36394100e-02  2.12545350e-01]
 [ 4.51316014e-02  1.47502720e-01  6.48608059e-02  2.24669933e-01
  -2.43160471e-01  6.80623651e-02  2.23025158e-01]
 [ 3.05280685e-01  1.51300713e-01  2.27376387e-01 -6.14253320e-02
   2.62177348e-01  2.65265978e-03 -1.28364246e-02]
 [ 1.82566255e-01 -3.78032416e-01 -1.66324556e-01 -3.83438319e-01
   2.54494309e-01 -4.52341214e-02  2.14868560e-01]
 [ 9.48135480e-02  2.52751291e-01  4.44075279e-02  2.19466254e-01
   2.85730362e-01  5.04203662e-02 -1.66656986e-01]
 [ 1.10954471e-01  1.65837005e-01 -1.80488929e-01 -5.82829975e-02
  -1.61759645e-01 -2.77521133e-01 -4.09143835e-01]
 [ 7.97328591e-01  1.45764992e-01 -2.97392577e-01  4.24236171e-02
   5.07233858e-01 -1.03667967e-01  4.78273809e-01]
 [ 5.97608089e-01  1.57382444e-01 -5.62765181e-01  2.07290784e-01
  -6.51859865e-02  8.53986368e-02 -5.63109778e-02]
 [ 5.84280416e-02 -3.08668435e-01  4.34841037e-01  2.50458926e-01
  -4.88846600e-01 -2.67342895e-01  3.82809266e-02]
 [ 3.87053519e-01 -4.71388698e-01  4.44491535e-01 -2.62562692e-01
   1.83580369e-01 -2.69854337e-01 -5.39421774e-02]
 [ 4.00901079e-01  3.23067278e-01 -4.34306920e-01  6.35546505e-01
  -2.01370820e-01  1.88360974e-01 -7.17813969e-02]
 [-4.50314991e-02  3.16627264e-01  6.35911405e-01  5.11906564e-01
  -1.10090163e-03 -3.18084478e-01  4.26890075e-01]
 [-1.17098495e-01  5.27129531e-01  3.84920925e-01  1.12636551e-01
   9.71197933e-02 -3.07265610e-01  4.33259904e-02]
 [-1.38440621e+00 -3.60811830e-01  1.82647002e+00 -9.74188745e-01
   9.23519135e-02  1.36915987e-05 -5.87097287e-01]]
Peso 2:
[ 0.856203    0.14716336 -0.34098607  0.35930595 -0.01194784  0.20393488
  0.11191282]
Camada: saida
Peso 1:
[[-1.6796302   1.0264376 ]
 [-0.5488539   0.2038685 ]
 [ 1.9709474  -0.8975755 ]
 [-0.95320773  0.51109666]
 [-0.33316043 -0.04848957]
 [-0.85511136  0.01658611]
 [-0.95019156 -0.23863079]]
Peso 2:
[-0.33566985  0.33566982]



pesos modelo: 
Test loss: 1.1900, Test accuracy: 0.6717
Camada: meio
Peso 1:
[[-0.07910022 -0.13230509  0.10104108 -0.3554502   0.12978488  0.2757603
   0.38379008]
 [ 0.10409057  0.20335144 -0.42066413  0.0561704  -0.44262692  0.23867583
  -0.25566962]
 [-0.20145127 -0.35438716 -0.34233195  0.43971866  0.3538279   0.27218705
  -0.10346052]
 [-0.42365718  0.29181623 -0.01895669  0.01107602  0.02925898  0.29637748
  -0.09075852]
 [-0.03547362  0.5376128   0.40462705  0.22435266  0.24856468  0.02775715
   0.13932054]
 [ 0.31098416  0.20390445 -0.07170409 -0.01165701  0.03707959 -0.48349386
  -0.0029143 ]
 [ 0.20618376  0.4449771   0.23085752 -0.22297193  0.20703405 -0.08068945
  -0.16348553]
 [ 0.28782776  0.19844191  0.10140552  0.28770515 -0.03135537 -0.37969357
   0.182646  ]
 [-0.51209724 -0.08430479 -0.3206169  -0.44515318 -0.2517241   0.26214156
  -0.24460647]
 [-0.03454941  0.02537401  0.22363698  0.24258895 -0.2772657  -0.35592133
   0.00305432]
 [-0.47181597  0.42244986 -0.13237762 -0.26108676  0.24382281  0.10277044
  -0.10759185]
 [-0.4619423   0.32547358  0.10228642 -0.4184071   0.09826273 -0.3899528
   0.1855852 ]
 [ 0.01471697  0.14084013 -0.20413479 -0.48250407 -0.00589301 -0.3375316
  -0.45979586]
 [-0.30104554  0.56008714 -0.46290976 -0.23485807 -0.46372613  0.23787399
  -0.17544934]
 [-0.02628306  0.79364103  0.02850806 -0.06731745 -0.53716564  0.23068367
  -0.45749483]
 [ 0.00297783 -0.05723965  0.04551091 -0.03070256  0.52372956  0.13497381
   0.03796682]
 [-0.26793587  0.1038221   0.44638607  0.22639799  0.531559   -0.22809051
   0.01009004]
 [ 0.09606127  0.47511178 -0.0609505   0.07375121 -0.79513454 -0.2492313
   0.00369449]
 [ 0.32297996 -0.06613553 -0.22195971 -0.12338375  0.4220785   0.14051701
  -0.20568365]
 [-0.24092409  0.14150764  0.39109066 -0.14076102  0.56105375 -0.43314365
   0.3582777 ]
 [ 0.12216556 -1.5959228   1.0196142  -0.36296886  1.5747153   0.06986573
  -0.08815017]]
Peso 2:
[-0.17520422  0.94807744 -0.01616767 -0.14453793 -0.59101105 -0.22602488
 -0.00922186]
Camada: saida
Peso 1:
[[ 0.3954917  -0.17582898]
 [-2.0693042   0.9363261 ]
 [ 0.33080888 -0.8741769 ]
 [ 0.70242345  0.32479626]
 [ 1.0847801  -1.7421485 ]
 [ 0.22190827 -0.38342366]
 [-0.5853487  -0.04107194]]
Peso 2:
[-0.6282197  0.6282204]



pesos modelo: 
Test loss: 0.7748, Test accuracy: 0.6859
Camada: meio
Peso 1:
[[-3.70455056e-01 -3.63742471e-01 -2.05598742e-01  3.83450687e-01
   1.03063941e-01 -1.90180659e-01 -9.43594873e-02]
 [ 3.87289584e-01 -4.51743841e-01  6.10062480e-03 -3.43299747e-01
  -1.18710935e-01  4.05078292e-01  1.21916115e-01]
 [ 4.00380909e-01  5.28090000e-02 -4.58090693e-01 -2.57259130e-01
   1.68083549e-01 -4.01686192e-01  2.05792964e-01]
 [-6.53718831e-03  6.79120272e-02  4.35237020e-01  1.90089807e-01
   5.10399975e-02 -2.77276874e-01 -1.48448795e-01]
 [ 1.45101279e-01  6.83404729e-02 -6.23061657e-02 -3.26626211e-01
  -6.17139786e-02  4.16393161e-01 -1.41833946e-01]
 [ 2.36069977e-01  6.54828474e-02  7.33232573e-02 -1.07731603e-01
  -9.19857770e-02  2.43157125e-03  2.93910410e-03]
 [-4.36427072e-02 -5.02878316e-02  3.16023946e-01  1.12050422e-03
   7.80831054e-02  1.00989282e-01  3.70328337e-01]
 [-1.01169944e-01  3.41707706e-01 -3.08646783e-02 -3.96544812e-03
   3.91472243e-02 -4.35726121e-02 -3.17134142e-01]
 [ 2.18299165e-01  4.97985572e-01  8.02587569e-02  1.62226513e-01
   2.09500119e-01  5.88052534e-02 -3.18096757e-01]
 [ 3.61906826e-01  3.91200453e-01  1.72675073e-01 -1.91127405e-01
   2.89275318e-01  2.81393766e-01 -4.55619305e-01]
 [-1.84831023e-01  2.29750544e-01 -7.23110661e-02  2.01976284e-01
  -3.20293359e-03  1.18379898e-01 -4.86616015e-01]
 [-9.92480814e-02  1.11213468e-01  2.05078840e-01  3.39280307e-01
   1.23617530e-01  3.82323474e-01 -4.94435206e-02]
 [-7.43040815e-02  2.75498897e-01  3.87612581e-01  5.34516163e-02
   3.83770883e-01 -2.37424020e-02 -1.12085238e-01]
 [ 2.22482130e-01  9.85067859e-02  4.15624678e-01  2.13668551e-02
  -7.47906029e-01  7.93597475e-02 -9.87660065e-02]
 [-1.61319047e-01  1.18745491e-01  4.44247723e-01 -3.52018699e-02
  -6.33107781e-01  2.47510165e-01  2.15697154e-01]
 [-7.39459768e-02 -1.68243870e-01  2.06932008e-01 -3.20006251e-01
   5.62412202e-01 -1.13847427e-01  3.62534791e-01]
 [ 6.67808279e-02 -4.04626638e-01 -1.35815054e-01  9.19044614e-02
   1.30200550e-01  4.80091035e-01  8.19376949e-03]
 [-4.32768911e-01 -1.77339122e-01  6.46478236e-01 -1.71605855e-01
  -7.24430144e-01  2.04413445e-05 -5.58570772e-02]
 [ 3.63630354e-01  2.92635232e-01  1.71463758e-01 -3.03628206e-01
   6.36731088e-01 -2.41211310e-01  2.40986362e-01]
 [-2.16315627e-01  1.34578586e-01 -4.04596061e-01  3.11201047e-02
   2.87475377e-01  2.49962687e-01  1.81972057e-01]
 [ 5.87361515e-01 -1.06739318e+00 -9.14764404e-01 -3.81397426e-01
   1.72131252e+00 -8.06803584e-01 -1.20927244e-01]]
Peso 2:
[ 0.01558576  0.66654456  0.7394359  -0.0949062  -0.3542208   0.26551402
 -0.03247245]
Camada: saida
Peso 1:
[[ 0.7972225   0.27913454]
 [-1.0153303   0.9412079 ]
 [-1.1722747   1.2761235 ]
 [ 0.33040285  0.32719073]
 [ 1.5172589  -1.5044513 ]
 [-0.5917036   0.6218499 ]
 [-0.4791488  -0.1998934 ]]
Peso 2:
[-0.49094927  0.49095014]



pesos modelo: 
Test loss: 0.9077, Test accuracy: 0.7248
Camada: meio
Peso 1:
[[ 3.98952067e-01  7.87098408e-02  4.31422174e-01 -2.60056138e-01
   2.11181045e-01 -5.35729229e-02  2.10036039e-02]
 [-2.31845841e-01  1.11095667e-01  2.97709525e-01 -8.73334408e-02
   2.37670541e-01  4.04313445e-01 -9.15843248e-03]
 [-3.24663520e-03  2.53980696e-01 -2.03380138e-01 -4.36741710e-02
  -1.67704105e-01  1.98936880e-01  2.65867174e-01]
 [-5.63824037e-03 -3.67178500e-01  2.34896883e-01 -3.55294436e-01
  -4.55109924e-01  1.68159500e-01 -9.18256864e-02]
 [ 3.21284145e-01  2.68992901e-01  3.99272889e-01  4.70903158e-01
   1.87095478e-01  3.13504308e-01  7.37516135e-02]
 [-1.18218213e-01 -5.28717786e-02 -3.30883674e-02  5.64037748e-02
   3.15243781e-01  2.42706493e-01 -5.17456513e-03]
 [ 3.14417690e-01  5.01927316e-01  4.01560336e-01 -4.29492831e-01
  -4.99870628e-03  3.31445605e-01  1.53591350e-01]
 [-1.65476635e-01  1.24740694e-02 -1.12436615e-01 -1.78607441e-02
  -8.33332390e-02  3.80684048e-01 -3.22114378e-01]
 [ 1.32987171e-01  3.18922043e-01  3.67684156e-01  3.93099725e-01
  -3.02559406e-01 -1.02903061e-01  1.93060189e-01]
 [-8.74044076e-02  3.63867164e-01  1.33970827e-01 -8.00685771e-03
   5.53691722e-02 -3.74766409e-01 -3.14240038e-01]
 [ 1.57840550e-03  1.03308987e-02  1.57184958e-01  3.49829555e-01
   2.08282799e-01 -1.15723602e-01 -3.74024034e-01]
 [ 2.33695626e-01 -1.69830173e-01  4.06819642e-01 -2.51914054e-01
  -1.53999165e-01  3.27971697e-01 -3.20273601e-02]
 [ 3.42127383e-01 -1.79858908e-01  5.22570312e-01  3.89990568e-01
  -4.26139116e-01  4.66982305e-01  1.76293291e-02]
 [-4.08612221e-01  2.88149804e-01  7.53275216e-01 -2.65519947e-01
  -2.78196692e-01 -1.85566574e-01  2.23386720e-01]
 [-4.52242851e-01 -1.80884689e-01  7.40636230e-01 -1.15923986e-01
   2.58553922e-01 -3.01470697e-01 -2.15072647e-01]
 [ 4.39731449e-01 -2.36431673e-01  2.89722204e-01  8.72655883e-02
   4.51022178e-01 -2.85323322e-01 -3.30780894e-02]
 [ 1.57541484e-01 -7.64317065e-02 -1.95259407e-01 -1.79185867e-01
   2.75815785e-01  2.75676966e-01 -3.50391686e-01]
 [-4.91764367e-01  6.37383699e-01  2.15260759e-01 -3.52436327e-04
   8.29009563e-02  4.56228107e-01 -1.65270284e-01]
 [ 3.62451196e-01  5.04693985e-01 -1.06738202e-01  5.90128824e-02
  -2.10623413e-01  1.13591224e-01 -9.39992163e-03]
 [ 3.90776008e-01 -4.04575765e-01 -2.77460478e-02 -4.24120158e-01
  -1.81662530e-01  1.04169808e-01 -2.69164413e-01]
 [ 1.99739814e+00 -3.43602300e-01 -1.37473059e+00 -3.63896042e-01
   3.46226953e-02 -4.22851861e-01 -4.43064868e-01]]
Peso 2:
[-0.5126379   0.21821037  0.869315    0.01902183  0.02700422  0.12492652
 -0.05178057]
Camada: saida
Peso 1:
[[ 1.7266171  -1.6135933 ]
 [-0.55497396  0.35039392]
 [-1.2419649   1.6038804 ]
 [ 0.03548075  0.23942257]
 [-0.4686103  -0.18475479]
 [-0.913545   -0.2687215 ]
 [ 0.5681043  -0.7538939 ]]
Peso 2:
[-0.3689437  0.3689443]



pesos modelo: 
Test loss: 1.2350, Test accuracy: 0.6838
Camada: meio
Peso 1:
[[-4.61309522e-01 -7.88759589e-02  2.17236102e-01  2.69645631e-01
  -2.41835311e-01  1.14020467e-01  4.52406704e-01]
 [ 1.16668284e-01 -3.70625138e-01  4.41356480e-01  1.79329813e-02
  -2.81845987e-01 -1.64226800e-01 -2.79349059e-01]
 [-4.07355368e-01 -2.54632622e-01 -3.20124239e-01 -3.07832837e-01
   3.08421969e-01 -2.49831915e-01 -1.83632284e-01]
 [ 2.91294605e-01 -7.68420175e-02 -9.41991284e-02  1.94264129e-02
   2.77548850e-01  5.05917072e-02 -2.40818530e-01]
 [ 1.50834903e-01 -3.45303237e-01  3.00038725e-01 -1.19561054e-01
  -2.09993690e-01 -2.64506608e-01  2.19027251e-02]
 [ 2.32275482e-02 -9.44885239e-02  3.05569153e-02 -2.59828269e-01
   1.70928285e-01  1.85220867e-01 -8.13055336e-02]
 [ 2.83759218e-02  4.37452905e-02  1.68619603e-01 -3.45853627e-01
  -1.41133085e-01  1.48756415e-01 -2.38041431e-02]
 [-3.46697032e-01  1.96324959e-01  1.48139909e-01 -4.14326429e-01
  -9.77931917e-03 -2.85435230e-01 -8.60730559e-02]
 [-3.11683208e-01 -3.94688904e-01  2.61616260e-01 -1.33748293e-01
  -2.17480734e-01  3.56314033e-01  1.03341855e-01]
 [ 1.81937903e-01 -2.44485363e-01 -1.87109336e-01  2.84565967e-02
   4.42976236e-01  2.75698483e-01 -2.49006882e-01]
 [-1.46014005e-01  1.36718839e-01 -2.91530155e-02 -3.80330011e-02
  -1.45267546e-01  1.98397487e-01 -2.36019954e-01]
 [ 3.19430768e-01 -1.81162030e-01  2.07178801e-01  3.59014332e-01
  -3.89133632e-01  3.20334285e-01  1.02282219e-01]
 [-4.77950752e-01  5.15029067e-03  3.40972751e-01  3.39344054e-01
  -1.64263785e-01 -2.87223220e-01 -3.73345590e-03]
 [ 3.44904602e-01  2.21803278e-01  7.19272554e-01  1.85982555e-01
   8.56765583e-02 -2.64513880e-01 -4.59213972e-01]
 [ 4.79622006e-01  2.69579083e-01  7.42658198e-01  4.28954005e-01
  -7.63024539e-02  4.02069181e-01 -6.45430028e-01]
 [ 1.94318160e-01 -1.15698077e-01  1.03914912e-03 -6.74961135e-02
   3.41980726e-01  4.05027986e-01  4.36915278e-01]
 [-2.45201007e-01 -1.92501858e-01  1.58046544e-01  4.88087051e-02
   3.97615939e-01 -4.41530824e-01  5.91730356e-01]
 [ 3.72824281e-01  6.70771003e-02  6.56474531e-01 -1.42643312e-02
   5.25019765e-01  3.43129814e-01 -3.81062388e-01]
 [ 3.45177889e-01  5.89904964e-01 -2.22649835e-02  3.19449425e-01
  -3.70897621e-01 -2.04248011e-01  5.41467488e-01]
 [-1.34712636e-01 -9.09339916e-03  4.52498406e-01 -2.10305363e-01
  -4.35425490e-01  2.24743828e-01  6.94629133e-01]
 [ 3.44979823e-01 -2.34568581e-01 -1.30378246e+00  3.43092859e-01
  -1.06520258e-01 -4.09214795e-01  2.01109576e+00]]
Peso 2:
[ 3.4423422e-02  1.4114302e-01  8.8710564e-01 -8.5271202e-04
  1.4363161e-01  2.9257554e-01 -4.1769159e-01]
Camada: saida
Peso 1:
[[ 0.4903437   0.76657563]
 [-0.12062285  0.35225627]
 [-1.0322351   1.62718   ]
 [-0.75210655 -0.796115  ]
 [-0.5028684   0.04357466]
 [-0.90181476  0.14216074]
 [ 1.7078148  -1.546073  ]]
Peso 2:
[-0.602875  0.602874]



pesos modelo: 
Test loss: 0.8601, Test accuracy: 0.7421
Camada: meio
Peso 1:
[[-0.29640186 -0.29125196  0.3351401  -0.4302989   0.19472355  0.2902003
  -0.38478082]
 [ 0.3257867  -0.02481014  0.1944238   0.35680318 -0.23120439 -0.2780473
   0.27512002]
 [-0.23510231  0.10188669 -0.20560414 -0.3390789   0.13539225  0.0100407
  -0.03660697]
 [ 0.04307866 -0.31625375  0.33108234  0.40111563 -0.29044262  0.22479151
   0.50214   ]
 [ 0.18070455 -0.1079414   0.0532233  -0.10556073  0.11511178 -0.2629516
  -0.03701647]
 [-0.10416559  0.02659068 -0.06005595 -0.29035297  0.01447201  0.01465899
   0.27747262]
 [ 0.2953977  -0.13876097 -0.4448617   0.14119002 -0.10574382 -0.25584093
   0.08128346]
 [ 0.00532006 -0.3462919  -0.00743836  0.37785003 -0.00773216  0.16139035
   0.36767775]
 [ 0.21346419 -0.4180983   0.33353442 -0.04067269 -0.11532502  0.0636513
   0.31152502]
 [ 0.2736106   0.44250476 -0.45352992 -0.4397841   0.03629128  0.14822929
   0.3835624 ]
 [ 0.25930446  0.19385508 -0.01318681 -0.4349659  -0.08500058 -0.27022287
   0.08061656]
 [-0.11444416  0.3025925  -0.25838426  0.05122042 -0.11571781  0.19796637
   0.30987337]
 [-0.21103668 -0.04106301  0.22937392  0.26740837 -0.15495771  0.16586433
   0.36410362]
 [-0.14256361  0.21606433  0.2597149   0.03796416 -0.11116444 -0.613785
   0.6636365 ]
 [-0.45546514  0.2514911   0.32938468 -0.45936954  0.21566667 -0.47488663
   0.56773305]
 [ 0.12287249 -0.30293378 -0.03279757 -0.07811373 -0.14127754  0.5921591
   0.3455905 ]
 [ 0.0037743   0.14410453  0.07650299  0.07177994  0.00348062  0.31790283
  -0.23501867]
 [-0.2250214  -0.0942577   0.18243375 -0.25508407 -0.10448564 -0.4737367
   0.5103675 ]
 [ 0.38316318 -0.41521963 -0.21532574  0.21231413  0.16350217  0.18629885
  -0.09050322]
 [-0.17557174  0.37541232 -0.00599226 -0.44322193 -0.13720839  0.58580405
   0.25346255]
 [ 1.061199    0.22764012 -0.20385416 -0.4318946  -0.08780934  1.9130292
  -1.3989279 ]]
Peso 2:
[-0.15082334  0.03027735 -0.0039078  -0.06311556 -0.17220993 -0.36893955
  0.89923716]
Camada: saida
Peso 1:
[[ 0.17923675 -1.0007861 ]
 [-0.40967062 -0.08540884]
 [-0.08458745  0.12770098]
 [-0.2458759  -0.33596003]
 [ 0.5953482  -0.3346189 ]
 [ 1.3839782  -1.6666607 ]
 [-1.5576267   1.2728117 ]]
Peso 2:
[-0.60463643  0.6046365 ]



pesos modelo: 
Test loss: 1.1436, Test accuracy: 0.6781
Camada: meio
Peso 1:
[[ 0.32533908  0.35432184  0.2674889  -0.12108824 -0.14903232  0.26420248
  -0.4607982 ]
 [-0.18962044  0.08220232  0.4076112  -0.10658875  0.04368854 -0.08148646
  -0.24940644]
 [ 0.2837913   0.44392437 -0.28897786 -0.46255764  0.270024   -0.41774416
  -0.17977464]
 [ 0.4765296  -0.3553761  -0.01663611 -0.09564404 -0.13693742 -0.08908315
   0.16424604]
 [-0.37022176  0.1442957   0.40978366 -0.2439178  -0.2374143   0.33301905
   0.14891708]
 [ 0.3558467   0.14024098  0.31409863 -0.18642507  0.34773394 -0.17573285
   0.06573206]
 [-0.01176981  0.09572576  0.12803549 -0.3137264   0.09325296 -0.3436887
   0.23158902]
 [ 0.07583086 -0.23424143  0.3652585   0.15096307  0.03142044  0.1700866
   0.09722769]
 [-0.0281387   0.22752333  0.09338707  0.21726833  0.05184577  0.01302677
  -0.11916946]
 [-0.42332494 -0.04576657 -0.08290158  0.00877388 -0.25057465 -0.1587395
  -0.2475086 ]
 [-0.09062935 -0.05559203  0.3268171   0.3166748   0.22164537  0.26558954
  -0.28198582]
 [ 0.04458156 -0.2094252   0.3350319   0.38418242 -0.08554084  0.32284403
   0.0772675 ]
 [-0.10495853 -0.15783103  0.20813231 -0.04525697 -0.08833668  0.20952326
  -0.19368108]
 [ 0.16190448  0.04237101  0.29644665  0.7343073  -0.1448021  -0.45958248
  -0.572241  ]
 [ 0.08340264 -0.4461562   0.7219114   0.0500502  -0.16378    -0.37422383
  -0.10061046]
 [ 0.00481357  0.00665137 -0.14308232 -0.2695636   0.2630379   0.09408853
   0.43746665]
 [ 0.26050612 -0.24918722  0.12695676  0.01164655  0.13632977  0.32926813
   0.38487232]
 [-0.381727   -0.3389311   0.7808769   0.5070022  -0.11588814 -0.32589713
  -0.39478537]
 [-0.33952335  0.34665728  0.34991634 -0.39550543  0.26703352  0.39795917
   0.4816862 ]
 [-0.21925381 -0.37389708  0.12605265  0.2979346   0.17678672  0.503693
   0.26509592]
 [ 0.06438867  0.27410254 -1.6502893   0.01075919  1.1033803   1.4477868
   0.4095313 ]]
Peso 2:
[ 0.05820515 -0.05081648  0.88512236  0.34356886 -0.18146102 -0.304235
 -0.23974533]
Camada: saida
Peso 1:
[[-0.74484783 -0.3815773 ]
 [ 0.32065982  0.5298427 ]
 [-1.6551604   1.355651  ]
 [-0.82743424  0.26598316]
 [ 0.4921301  -1.1759022 ]
 [ 1.7321984  -0.6626004 ]
 [ 0.9338864  -0.03872536]]
Peso 2:
[-0.5609012  0.5609013]



pesos modelo: 
Test loss: 1.4449, Test accuracy: 0.6699
Camada: meio
Peso 1:
[[ 0.3932234   0.2180847   0.05795944  0.22228003 -0.31403765  0.25785732
   0.14705426]
 [-0.45216623  0.16201574 -0.23640242  0.3456862  -0.3043062  -0.30976778
   0.35633564]
 [-0.10238567  0.11915076  0.28612024  0.18416923  0.4340266  -0.17682987
  -0.13947636]
 [-0.23076157  0.27736312  0.11645762 -0.3835725  -0.18548097 -0.44949448
  -0.20862278]
 [-0.37009555  0.15032011  0.1079907   0.11539681 -0.29423004  0.00561726
   0.12837616]
 [ 0.45886806 -0.341733    0.0826638   0.00419181  0.07506299  0.12151082
   0.02046483]
 [ 0.24403699 -0.10933103  0.11695192  0.25052807 -0.20284566 -0.1776854
  -0.15763757]
 [-0.23089974 -0.04124795  0.16994357  0.17708215  0.31520978  0.08403239
   0.42258245]
 [-0.23390037 -0.31319505  0.13652286 -0.15338321  0.07697298 -0.04569372
  -0.20951523]
 [ 0.17748559 -0.29897547  0.09083828 -0.20219941  0.27942997  0.21978517
   0.14383024]
 [-0.38200936 -0.04804259  0.13552974  0.10336619  0.02572228 -0.47424486
  -0.24047916]
 [-0.05238183  0.28827766  0.13555805  0.30512705  0.3908028   0.08716296
  -0.2879402 ]
 [ 0.3602664  -0.2158317   0.10415565  0.10469973  0.18040565 -0.25090724
  -0.36484888]
 [-0.34358934  0.1736822   0.9994673  -0.11889719 -0.1452338  -0.05876369
   0.26360536]
 [-0.4566291  -0.09489954  1.0934316   0.12798618  0.08246414 -0.33362028
  -0.26459292]
 [-0.43597436 -0.06187537 -0.20201635 -0.1798635   0.1209958   0.18804929
  -0.02931853]
 [-0.27483523 -0.2625167  -0.2171773  -0.33788958 -0.24676389  0.09288536
   0.52533215]
 [-0.31830403  0.19929054  0.85229677 -0.34575653 -0.0877267   0.5991538
  -0.08614325]
 [-0.03386443 -0.41973987 -0.02933825 -0.31934777 -0.01771369 -0.7233069
  -0.45499694]
 [-0.4038818   0.10125271 -0.05013584 -0.13770777 -0.29381028  0.16203512
  -0.3812391 ]
 [-0.1989401  -0.3529898  -2.2161043  -0.12758759 -0.45576227 -0.0118086
  -0.12766057]]
Peso 2:
[ 0.0268949  -0.13617277  1.8370192  -0.09272564  0.02147607 -0.06223625
  0.12697542]
Camada: saida
Peso 1:
[[ 0.31022003  0.6011549 ]
 [ 0.5979934   0.24975206]
 [-1.6998017   2.788043  ]
 [ 0.0787817  -0.12508023]
 [-0.38014746  0.02690192]
 [-0.46368137  0.7752034 ]
 [-0.839851    0.26081115]]
Peso 2:
[ 2.5121257 -2.512125 ]



pesos modelo: 
Test loss: 1.0992, Test accuracy: 0.7003
Camada: meio
Peso 1:
[[-3.02201748e-01 -7.42477477e-02 -3.93114388e-01  1.84323609e-01
  -1.21024430e-01 -1.78681910e-02 -7.02813268e-03]
 [ 4.08404648e-01  9.80417728e-02 -2.88354516e-01 -1.90453261e-01
  -3.48941684e-01  2.16425240e-01  3.82080913e-01]
 [ 2.94798493e-01  3.84868801e-01 -5.73530793e-02  2.02505708e-01
   4.27095532e-01  5.70714474e-05 -1.09620392e-01]
 [ 1.79682210e-01  2.51404405e-01 -6.41934425e-02  1.90187961e-01
  -3.31218272e-01  1.79860238e-02  6.65327683e-02]
 [ 1.97373986e-01  2.09816143e-01 -2.58720070e-01  3.31060290e-01
   1.07714936e-01  2.68604636e-01 -4.14815664e-01]
 [ 4.82107550e-01 -3.98768261e-02  4.90108430e-01 -2.71300841e-02
  -1.94797590e-01 -4.12047029e-01 -3.80534023e-01]
 [-1.24897107e-01  2.32560158e-01  3.90991986e-01 -1.82299271e-01
  -4.56679434e-01 -3.40115398e-01 -3.80318463e-01]
 [ 1.12664707e-01  1.86264232e-01  3.59087467e-01 -8.59099478e-02
  -3.69572699e-01 -2.04306409e-01 -3.31249624e-01]
 [-1.38668120e-01  2.48190984e-01  3.16482037e-01 -6.79280087e-02
   1.36318076e-02  3.66327643e-01 -2.05194965e-01]
 [ 3.26678842e-01 -2.94072237e-02 -2.60208130e-01  7.88926333e-02
  -3.74723464e-01  2.77591705e-01  3.46427232e-01]
 [ 2.06892848e-01  9.25734192e-02  3.43750603e-02 -7.87678361e-03
   7.90151954e-02 -4.79420692e-01  4.33316648e-01]
 [ 1.74257204e-01  3.66193026e-01 -2.31341943e-01  3.85027736e-01
  -3.75079393e-01 -3.82261485e-01  3.41827035e-01]
 [ 3.50255556e-02 -5.77947572e-02 -2.06785604e-01 -9.25817192e-02
  -5.16770631e-02 -2.25799710e-01 -4.16949749e-01]
 [ 2.68666357e-01  4.05405313e-01 -1.77435100e-01 -5.17897189e-01
   8.74931291e-02  2.19440758e-01 -4.01073784e-01]
 [ 1.85698450e-01  5.72553933e-01 -3.20966452e-01 -4.24826622e-01
  -2.15271533e-01 -1.07396819e-01 -2.10637048e-01]
 [ 3.46676409e-01 -1.17607325e-01 -1.30899772e-01  6.99318886e-01
   8.21870044e-02  9.77136791e-02  2.06867486e-01]
 [-3.55248719e-01  2.27353707e-01  3.64000559e-01  2.57645398e-01
   4.69017290e-02 -3.76516581e-01 -1.36017516e-01]
 [ 5.11633873e-01  7.31417894e-01 -4.66286629e-01 -3.22888196e-01
  -2.00762942e-01 -6.19822415e-03 -2.30996460e-01]
 [ 3.06275159e-01  1.81920871e-01  4.26300049e-01  7.26941466e-01
  -4.14761752e-01 -4.34235990e-01 -3.53243142e-01]
 [-4.80130583e-01  2.51621604e-01 -1.14516519e-01  4.34498638e-01
   3.08116913e-01  2.87059754e-01 -3.71103883e-02]
 [-8.42067719e-01 -1.81252408e+00  5.33827007e-01  1.39519870e+00
   4.98764738e-02  8.61411318e-02  1.55883968e-01]]
Peso 2:
[ 0.5968666   0.8376008   0.03124882 -0.44549078 -0.12554054 -0.10215302
 -0.01946736]
Camada: saida
Peso 1:
[[-1.149246    0.64241505]
 [-1.8024925   1.2056346 ]
 [-0.26228186 -1.0611787 ]
 [ 1.1110982  -1.5077462 ]
 [ 0.3192124  -0.644712  ]
 [ 0.59218556  0.27362198]
 [ 0.35281906  0.10043503]]
Peso 2:
[-0.35482845  0.35482904]



pesos modelo: 
Test loss: 0.7707, Test accuracy: 0.7459
Camada: meio
Peso 1:
[[-0.08020622  0.1283927  -0.38902077  0.3084286   0.31318462  0.21194512
   0.10819525]
 [-0.35028848 -0.299082    0.27787954 -0.07729077 -0.02336192 -0.07307798
   0.28267175]
 [-0.08353949 -0.44402692 -0.01498267 -0.39096785  0.3774569  -0.23498708
   0.2136491 ]
 [ 0.44948035  0.01017946  0.08526261  0.14013378 -0.31694224  0.32217205
  -0.18465652]
 [ 0.28162256  0.192001    0.05509188 -0.32887512  0.2580924  -0.09079669
   0.3538191 ]
 [ 0.04672831 -0.25313896 -0.00692886  0.09406275 -0.21936123 -0.0580938
   0.04660882]
 [ 0.4388261  -0.10870464  0.14015101 -0.15881133  0.15395711 -0.219064
   0.2171606 ]
 [ 0.39736837  0.39742535  0.08857065  0.29619548 -0.32013074 -0.19077666
   0.46961907]
 [ 0.05270289 -0.23538545  0.0670336  -0.21927021  0.34655035 -0.17011558
   0.37213054]
 [ 0.18549357  0.11163666  0.02177777 -0.11848836  0.02911487 -0.09994392
   0.28204876]
 [ 0.3718026  -0.23258056  0.1319062   0.01482184  0.14267588 -0.3592791
   0.0851505 ]
 [ 0.49038973 -0.11666449  0.0427119  -0.16918126  0.0516759  -0.07472637
  -0.34856707]
 [ 0.36667505  0.36339813  0.07640264 -0.44887927 -0.06612428 -0.1414174
   0.26361802]
 [ 0.8981655  -0.23236229 -0.42382675 -0.28010026  0.26998407  0.24264364
  -0.04348814]
 [ 0.4240484  -0.034736   -0.40128252 -0.05703025  0.12536877  0.23622677
   0.5136007 ]
 [ 0.05854811  0.17343013  0.47558838 -0.31784362  0.3071746  -0.25326174
  -0.1492956 ]
 [-0.39262146  0.42023122  0.14981438 -0.4320762   0.43392134 -0.0760818
   0.38664734]
 [ 0.16540009 -0.38177824 -0.67500603  0.21864453 -0.19991452  0.11568066
  -0.11915455]
 [-0.23370342  0.14641356  0.09827359  0.2006965  -0.23056449 -0.15475291
  -0.07872031]
 [-0.12099512  0.2136514   0.38604707 -0.42040205 -0.00493951 -0.24613309
   0.33879519]
 [-0.5840234   0.75245965  2.3036563  -0.2740699   0.4785461   0.12306315
  -0.72613394]]
Peso 2:
[ 0.88453263 -0.22536863 -0.47617608 -0.11080815 -0.09258343 -0.16595075
  0.38321176]
Camada: saida
Peso 1:
[[-0.8360125   1.2018754 ]
 [ 0.9414441  -0.1834996 ]
 [ 1.3773798  -2.0056295 ]
 [ 0.45281926 -0.69401646]
 [-0.44178513 -0.7541768 ]
 [ 0.37745848 -0.5074029 ]
 [-0.32000425  0.9788917 ]]
Peso 2:
[-0.902282   0.9022827]



pesos modelo: 
Test loss: 1.8529, Test accuracy: 0.6210
Camada: meio
Peso 1:
[[ 2.44884610e-01  2.53989279e-01  2.75911391e-02  2.69094586e-01
  -7.50938356e-02  5.10194898e-02 -7.01943338e-02]
 [-4.04039085e-01  9.60631967e-02 -1.58456415e-01 -3.03599179e-01
   2.01568484e-01 -1.62181258e-02  2.83134162e-01]
 [ 3.74742985e-01  4.46210086e-01 -2.62560010e-01 -2.44733095e-01
   2.26583540e-01 -2.13130131e-01 -4.57731545e-01]
 [ 3.12216729e-01  2.82929063e-01 -2.55768269e-01 -1.99349329e-01
  -3.83607477e-01  1.63891986e-01 -2.28636816e-01]
 [-1.95415080e-01  3.92688774e-02 -2.86250234e-01  2.73389012e-01
   3.26854676e-01 -1.73814259e-02 -2.81002223e-01]
 [-3.10496539e-01  2.97160506e-01  2.67778814e-01 -2.03383669e-01
  -4.37589884e-01 -1.07821181e-01  2.92928547e-01]
 [ 2.38516182e-01  5.42336941e-01  7.48445317e-02  4.24566824e-04
  -3.30975264e-01  1.87832594e-01  8.36656690e-02]
 [ 6.92134500e-02  3.96194190e-01  2.83533245e-01 -1.37755811e-01
  -3.99458021e-01  2.74035726e-02  2.59179980e-01]
 [ 1.79189388e-02  3.45411211e-01  2.63288230e-01 -3.70816201e-01
   2.85702825e-01  1.17058389e-01 -1.22927018e-01]
 [-1.24322139e-02  4.33767796e-01  8.22352096e-02 -3.29495817e-02
   1.22918136e-01  6.26196265e-02 -1.22582436e-01]
 [-2.78895348e-01 -2.46834289e-02  2.28627905e-01  2.02164754e-01
   3.13921601e-01 -1.86034605e-01 -3.63057256e-01]
 [ 3.55922997e-01  7.58954585e-02 -1.42633706e-01 -3.28177512e-01
   5.73449619e-02 -7.89318904e-02 -2.05938116e-01]
 [ 3.58837545e-01  9.26819146e-02  3.20350796e-01 -9.17381495e-02
  -7.30824843e-02 -1.88778192e-01 -1.77917883e-01]
 [-3.43639940e-01  5.77912331e-01 -8.62012431e-02  2.17397034e-01
  -1.91285104e-01 -7.16378152e-01  3.30377698e-01]
 [ 4.16957200e-01  8.38184476e-01 -4.95110661e-01  1.03586808e-01
   2.88725227e-01 -3.23825270e-01 -1.02081440e-01]
 [ 2.61641145e-01  8.94750506e-02 -5.30457757e-02  1.58708215e-01
  -1.00326836e-01  5.92820346e-01 -1.88378766e-01]
 [-1.28248766e-01  1.44556940e-01 -1.17075793e-01 -2.04789281e-01
  -4.10525054e-01  5.05823791e-01 -1.78733453e-01]
 [ 4.03804302e-01  4.29911673e-01 -3.38850051e-01 -1.65379032e-01
   8.52636769e-02 -7.58697450e-01  2.98929721e-01]
 [ 3.15713376e-01 -3.13824862e-01  2.01257430e-02 -4.22801554e-01
  -4.45081145e-02  4.41099972e-01  1.98793951e-02]
 [-2.08274096e-01  3.36421490e-01  5.08904338e-01  1.17007278e-01
  -4.01332319e-01  2.93382853e-01 -9.77105945e-02]
 [-1.09664360e-02 -8.13220620e-01  8.81813169e-01 -2.89167255e-01
  -3.12473983e-01  2.00142574e+00  4.82688904e-01]]
Peso 2:
[ 0.11821339  0.8754117  -0.11044376 -0.17036355 -0.09070364 -0.53074944
 -0.11145783]
Camada: saida
Peso 1:
[[-0.27621105  0.23973681]
 [-1.5462239   0.90491843]
 [ 0.7528729  -0.5557294 ]
 [ 0.10114473 -0.45564982]
 [-0.2533318  -0.48399726]
 [ 1.8897823  -1.5982814 ]
 [ 0.15586929 -0.35102636]]
Peso 2:
[-0.8122906   0.81229174]



pesos modelo: 
Test loss: 1.1540, Test accuracy: 0.6958
Camada: meio
Peso 1:
[[ 0.26829642 -0.14058697  0.40610826 -0.44112605  0.24364531 -0.34491497
   0.2291326 ]
 [ 0.4270358   0.01974553 -0.44326693 -0.08948448  0.03528875 -0.00801823
   0.27226484]
 [-0.06385091  0.43677378 -0.06401193  0.27512258  0.22333473 -0.27364412
   0.41435194]
 [ 0.23004256 -0.37442517  0.34212554  0.2565678   0.23533244  0.06106655
  -0.06554764]
 [ 0.45495158 -0.19009782  0.18980536 -0.07725455  0.23694564  0.20239638
  -0.03936704]
 [ 0.24363889  0.34074706  0.1862603   0.04062035 -0.24279054 -0.1705283
  -0.15990804]
 [-0.3393427  -0.1784878   0.1392264  -0.06416973  0.53348386  0.46201268
   0.33225298]
 [-0.00610938  0.02643508  0.08774231  0.15130463 -0.03077717 -0.22922617
   0.37898806]
 [-0.01528999 -0.41347575  0.05026211 -0.22391836  0.09183245 -0.01756332
   0.1862212 ]
 [ 0.08040225 -0.04487469  0.26187974  0.41074526 -0.17482881  0.2331217
  -0.17644188]
 [ 0.268031   -0.05957216  0.24937542  0.25575376  0.19198285 -0.3052974
   0.3512029 ]
 [ 0.42130435  0.0136471   0.13701522  0.17896645  0.2989822   0.06657966
   0.384283  ]
 [-0.04855892  0.43864426  0.36651063  0.11145042  0.37001705 -0.21216956
   0.06876348]
 [ 0.31039107  0.34626186  0.83595526  0.17226821  0.1084781   0.5637988
   0.3807324 ]
 [ 0.14973508  0.21739434  0.37524432 -0.02087369 -0.0700452   0.23155516
   0.8302372 ]
 [ 0.02031926 -0.42174095 -0.11152608  0.34914994  0.42814198  0.21780671
  -0.09749834]
 [ 0.2865076  -0.07885797 -0.1718665   0.19636774  0.354292    0.34821928
  -0.19277763]
 [-0.14310996 -0.06362665  0.86994624 -0.22487165  0.22808102  0.00229057
   0.6020387 ]
 [ 0.30749393  0.17579788 -0.14537355  0.10243627  0.5243901  -0.1801457
   0.23825876]
 [-0.34225395  0.34300637  0.1946435   0.34822795  0.47674528  0.27163273
  -0.44098595]
 [-0.2002657  -0.22556923 -1.6161121   1.300441    0.65152067 -0.75227594
  -0.6104096 ]]
Peso 2:
[ 0.00971661 -0.0043975   1.086514   -0.11148851 -0.16421436  0.29693285
  0.6594663 ]
Camada: saida
Peso 1:
[[-0.86093354 -0.6333936 ]
 [ 0.47329277  0.73361075]
 [-1.4459678   1.8929936 ]
 [ 1.0802253  -0.7968332 ]
 [ 0.4254394  -0.9857191 ]
 [-0.37384886  0.6790876 ]
 [-1.0096455   0.8844985 ]]
Peso 2:
[ 0.03548813 -0.03548793]



pesos modelo: 
Test loss: 1.1694, Test accuracy: 0.6989
Camada: meio
Peso 1:
[[ 0.4197417   0.38382238  0.28802383  0.07165956  0.27418172  0.18863642
   0.07201385]
 [ 0.25058794  0.33110315 -0.18281415  0.04206258 -0.2099506   0.13490534
  -0.26038778]
 [-0.37536943 -0.37367886 -0.12689957 -0.00287008  0.12224352 -0.03832087
   0.17883909]
 [-0.11970515 -0.05775074 -0.14459912  0.47242156 -0.12344009  0.04904644
  -0.14793622]
 [ 0.40833446  0.30832192 -0.39650267  0.2710738   0.23808101  0.37404063
  -0.20438014]
 [ 0.10237525  0.3099811   0.2140014   0.130043   -0.22515818  0.19104725
   0.41198665]
 [ 0.31844065 -0.145593    0.09655225 -0.15899675  0.1451501   0.09983104
  -0.19942413]
 [-0.23980074  0.05270584 -0.02446897  0.32920122  0.03669495  0.49291486
  -0.0248256 ]
 [ 0.09888706 -0.20892663 -0.3608104  -0.37025103  0.06056366  0.07836473
   0.03431115]
 [-0.14240725  0.2525187   0.26948264 -0.09206631 -0.10174761  0.49912664
   0.2772708 ]
 [ 0.22663726  0.1840144   0.01555844  0.4032323  -0.13177566  0.02309002
  -0.129119  ]
 [ 0.28237543 -0.24702826  0.3021412  -0.31067488  0.37835363  0.3214522
   0.17858405]
 [ 0.36959234  0.02614475  0.23630658 -0.11063377  0.02397301  0.07916491
   0.2704002 ]
 [-0.019974   -0.16069691  0.14569242  0.14479618 -0.6935758   0.6662374
   0.4466942 ]
 [ 0.41482213 -0.58334315 -0.50277174 -0.38324726 -0.12482817  0.75564855
   0.03751522]
 [ 0.23422505  0.18793876  0.07191867 -0.50079364  0.23139693 -0.06700743
  -0.12379441]
 [ 0.07897449  0.31792548  0.09529527  0.3206749   0.3702835   0.05323009
  -0.40144286]
 [ 0.5155843  -0.18441007  0.20957269 -0.07584534 -0.3795655   0.6338132
   0.53575015]
 [ 0.27328357  0.16795076  0.1647378  -0.36061582  0.38871038 -0.2462182
   0.07091446]
 [ 0.31761143  0.3240289   0.44282305 -0.3759047   0.31184083 -0.10364602
   0.26293916]
 [-0.97558695  1.5528772   0.61833143  0.18827917  1.4604003  -0.6754901
  -0.02658584]]
Peso 2:
[ 0.40625715 -0.37012193 -0.1413145   0.16542564 -0.34955755  0.72926885
  0.13195005]
Camada: saida
Peso 1:
[[-0.44127405  1.2247229 ]
 [ 1.1827143  -1.107508  ]
 [ 0.85108405  0.142028  ]
 [-0.7717742   0.5270175 ]
 [ 1.7404008  -0.57220465]
 [-1.5493848   0.5864771 ]
 [-0.61086726  0.07442139]]
Peso 2:
[-0.582079    0.58207935]



pesos modelo: 
Test loss: 0.7051, Test accuracy: 0.7599
Camada: meio
Peso 1:
[[-1.24477744e-02  3.27686965e-01  3.95840764e-01  9.24781561e-02
  -4.51396078e-01  1.79516852e-01 -2.78359294e-01]
 [ 3.91555548e-01  2.16262519e-01 -4.32829916e-01  2.32416213e-01
   4.55469072e-01 -1.48685992e-01 -3.93577039e-01]
 [-4.17733014e-01 -4.27246928e-01  3.19828153e-01  2.00733542e-01
  -1.26883358e-01 -4.84939814e-02 -3.97905827e-01]
 [-5.46142720e-02  3.05893868e-01  4.28256184e-01  1.56037122e-01
   2.55424380e-01 -1.46780953e-01  2.49036133e-01]
 [ 4.42278013e-02  2.48193592e-01  2.28356659e-01 -1.58939481e-01
  -2.75458395e-02 -1.20027073e-01 -3.64333808e-01]
 [-1.18771404e-01  4.70797926e-01  1.52400553e-01  2.90060401e-01
   2.04168528e-01  2.32588023e-01  8.82358104e-02]
 [-1.16528690e-01  4.20277834e-01  4.27864254e-01  2.69514114e-01
   1.68945998e-01  1.96697861e-01 -3.37168455e-01]
 [-2.35856354e-01 -2.91993413e-02  6.89280108e-02  1.75802484e-02
   3.95084083e-01  5.24692796e-02 -3.42662603e-01]
 [-1.53659254e-01 -1.84303075e-01  3.03847373e-01 -5.18574975e-02
   3.92648488e-01 -5.71048558e-02 -7.30735287e-02]
 [-1.90076344e-02  4.65001911e-02 -4.50098962e-01 -1.74649626e-01
  -1.42354235e-01  1.81303427e-01  3.05487335e-01]
 [-3.29673350e-01  3.44620705e-01 -3.42959940e-01 -1.81667700e-01
  -2.34925762e-01 -1.12557001e-01  5.96056953e-02]
 [-2.66613781e-01  9.56439134e-03  3.82951170e-01  1.90069492e-03
   3.21995974e-01  2.37077966e-01 -9.62456837e-02]
 [-2.14930639e-01  1.14977106e-01  2.39520557e-02 -9.00861919e-02
   2.10812271e-01 -4.16177362e-01 -4.44251269e-01]
 [-2.08633631e-01  3.95558774e-01 -3.15944672e-01 -3.80951226e-01
   6.07430160e-01  2.05538064e-01 -8.18830207e-02]
 [ 9.90483984e-02  1.12388685e-01  1.61307871e-01 -6.10752642e-01
   6.97352886e-01  5.19701481e-01 -3.47853184e-01]
 [ 2.57529527e-01 -2.66306937e-01 -2.78175950e-01  5.44964969e-01
   3.32590193e-01 -9.64380279e-02  2.30278865e-01]
 [-1.94456697e-01  4.21293646e-01 -3.54741663e-01  5.86585104e-01
   4.45683859e-02 -4.85575944e-01 -3.58374327e-01]
 [-2.32474953e-01  1.87891245e-01 -1.77503139e-01 -3.94573838e-01
   7.44287550e-01  1.16905168e-01  8.48928541e-02]
 [-1.54990911e-01  4.25952882e-01  2.73705751e-01  6.67808831e-01
  -3.86988223e-02  5.16980290e-01  4.64523435e-02]
 [-7.15115890e-02 -3.89891058e-01  1.87202767e-01  2.38410756e-01
   2.45361462e-01  3.37650687e-01  4.48899776e-01]
 [-1.69719189e-01 -9.83626485e-01  1.99816018e-01  2.10968614e+00
  -8.43573570e-01 -3.35403979e-01 -6.94252998e-02]]
Peso 2:
[-0.00991158  0.49756253 -0.02195768 -0.525434    0.45469105  0.24023142
  0.01589012]
Camada: saida
Peso 1:
[[ 0.41093212 -0.7556359 ]
 [-1.1817659   0.6752999 ]
 [-0.25525817 -0.49144578]
 [ 1.7945204  -1.4616971 ]
 [-0.7950002   1.1771584 ]
 [-0.04380275  0.89154255]
 [-0.24248596  0.08242663]]
Peso 2:
[-0.50317776  0.50317794]



pesos modelo: 
Test loss: 1.4432, Test accuracy: 0.6229
Camada: meio
Peso 1:
[[ 0.23269552  0.12813401  0.26328766  0.24137598  0.28858763  0.02312031
  -0.23512538]
 [ 0.09463024  0.31177944  0.29443914  0.10935682 -0.24152033  0.30755097
   0.20862687]
 [-0.21897535 -0.4144142  -0.09925225 -0.11741292 -0.3898036  -0.39913815
   0.28470725]
 [-0.24790765 -0.12286486  0.26195663 -0.21183173 -0.23788181 -0.43868634
   0.36526242]
 [-0.33149803 -0.18637848 -0.03710358  0.16920204 -0.12731825 -0.3565793
   0.02573017]
 [-0.34981203 -0.007472   -0.05322566 -0.08184374  0.07483125  0.01405213
   0.136928  ]
 [-0.04619372  0.38222623  0.04903064  0.24181017 -0.19384487  0.23201182
   0.49916822]
 [ 0.31773138  0.26934034  0.3393363  -0.4518124  -0.02770894  0.43310058
   0.49372542]
 [ 0.52061397  0.21902815 -0.07606232 -0.43530005 -0.01560804 -0.4538359
   0.39364794]
 [ 0.35204354 -0.16644378 -0.16536409  0.27167192  0.13096982  0.45376197
   0.04632268]
 [ 0.10860996  0.1150081   0.19472712  0.10098915  0.37121654  0.2863821
   0.26353177]
 [-0.34669605 -0.17478386  0.01340392  0.40772027 -0.35447687  0.1403808
   0.15997629]
 [-0.17312361  0.36347643 -0.06086407  0.00191828 -0.37630546 -0.2635232
   0.5498657 ]
 [-0.11013347 -0.5774651  -0.05313107  0.0441044   0.2685456  -0.14400186
   1.0094848 ]
 [ 0.48094448 -0.5998874  -0.3949025   0.13425781 -0.1954923  -0.13987254
   0.5132443 ]
 [ 0.46378753  0.48697704  0.15325029  0.40904504 -0.26297158  0.2708998
  -0.20938295]
 [-0.42606586  0.4291891   0.3842233   0.04162166  0.35357964  0.2705691
  -0.01922971]
 [-0.11844882 -0.48541656 -0.3833098  -0.3462626  -0.0360773   0.2737266
   0.59042114]
 [-0.0749869   0.2145878   0.02114346 -0.05471417 -0.34838834 -0.16475125
  -0.2971074 ]
 [-0.00492625  0.10782807  0.5588737   0.37686718  0.3273408  -0.39609593
   0.14207052]
 [-0.17224632  1.3441852   1.419891   -0.06434938 -0.1694804   0.1984327
  -1.2109301 ]]
Peso 2:
[ 0.1369835  -0.33100942 -0.28620765 -0.01860694  0.05436044 -0.01003928
  0.9615499 ]
Camada: saida
Peso 1:
[[-0.531161    0.1357246 ]
 [ 1.7002234  -0.5617463 ]
 [ 1.4710385  -0.73490834]
 [-0.316335   -0.4140375 ]
 [-0.71759677 -0.43736374]
 [ 0.67319524  0.6461624 ]
 [-1.6820745   1.3043709 ]]
Peso 2:
[-0.5374371   0.53743774]



pesos modelo: 
Test loss: 1.3112, Test accuracy: 0.6419
Camada: meio
Peso 1:
[[ 0.1612736  -0.41633624 -0.07606658  0.39359325  0.32552534 -0.14420888
  -0.3696124 ]
 [ 0.28768826  0.36692673  0.12740761  0.00717691  0.4293927  -0.26457277
   0.00647366]
 [-0.36849517  0.356089   -0.02379301 -0.0219523  -0.03037703  0.24580938
  -0.45949996]
 [ 0.42194554 -0.00760732  0.246381    0.32420164  0.37845826  0.06685374
   0.19182181]
 [-0.04854499 -0.00960009  0.06777196  0.05458603  0.49557236 -0.12399536
  -0.40895766]
 [-0.29247218  0.2174215   0.37484097  0.15678677  0.38807344 -0.00484182
   0.31983107]
 [ 0.24929318 -0.1032395   0.32482904 -0.2841089   0.11661042  0.14371009
  -0.24176592]
 [-0.31209397 -0.00460059  0.0626546   0.31265777  0.30014038  0.2609802
   0.06095797]
 [ 0.192479   -0.01259765  0.49953073  0.14908238 -0.3835253   0.22085391
  -0.08557321]
 [-0.13826256 -0.11338879  0.03813315  0.18719131 -0.28249675 -0.34990597
  -0.4319017 ]
 [-0.36663958 -0.06305944  0.07037001 -0.3302351   0.13545243 -0.05168144
  -0.16993661]
 [-0.43650773  0.02442961  0.20707539 -0.3990941   0.18423983  0.09210379
  -0.10032148]
 [ 0.01498953  0.09391128  0.37289813 -0.44252333  0.05965765 -0.11755254
  -0.31562972]
 [-0.1645851  -0.60089105  0.37967423 -0.07224302  0.25348958 -0.3791268
  -0.06008696]
 [-0.45413512 -0.761879    0.6312669   0.1941535  -0.35710517 -0.0626665
   0.4650203 ]
 [ 0.48341092  0.5499566   0.23377977  0.38278848  0.21459422 -0.20368269
   0.1041669 ]
 [ 0.37896007  0.5120577   0.29914263 -0.28484717  0.08212612 -0.08950805
  -0.20756844]
 [ 0.21901642 -0.7851297   0.54146796 -0.01929865  0.524847   -0.08518707
  -0.36228892]
 [ 0.1732149   0.41280288  0.06274747  0.22201194 -0.456033   -0.28933007
  -0.17895386]
 [ 0.39247248  0.44290015 -0.0074057  -0.00690152 -0.1215333  -0.4317898
   0.28874144]
 [ 0.41267848  2.0441518  -0.9930979  -0.22811145 -0.14866452 -0.15664192
  -0.12616849]]
Peso 2:
[-0.07125183 -0.5141684   0.69538903  0.05904758  0.18769261 -0.15670201
  0.02367068]
Camada: saida
Peso 1:
[[ 0.95683557  0.21579434]
 [ 1.7507242  -1.8090076 ]
 [-0.84865296  1.3645262 ]
 [-0.58309543 -0.219486  ]
 [-0.38642645  0.29943854]
 [ 0.29979563 -0.55656534]
 [-0.7690597  -0.6154554 ]]
Peso 2:
[-0.9618156   0.96181655]



pesos modelo: 
Test loss: 0.5699, Test accuracy: 0.7964
Camada: meio
Peso 1:
[[ 3.2667714e-01  7.7009916e-02 -2.8692305e-01 -2.7201700e-01
  -3.3811295e-01  3.2878643e-01 -5.6897283e-02]
 [ 4.0691108e-01  1.4911222e-01 -3.6395559e-01  8.4135473e-02
  -2.4643439e-01  1.9853199e-01 -1.4770418e-01]
 [-1.1799908e-01  5.8839202e-02 -4.1839522e-01  2.2793776e-01
  -3.0589902e-01  3.2868767e-01  3.6654025e-01]
 [ 7.7725075e-02  1.2646277e-01  1.0504483e-01  3.8291851e-01
   2.3646864e-01 -1.3106516e-01  3.9452749e-01]
 [-4.5009926e-01  4.9931166e-01 -1.5138552e-01  1.5910204e-02
   4.2771590e-01 -2.5106707e-01 -2.7711418e-01]
 [-6.1300825e-02  4.5968071e-01 -2.7820578e-01  2.0924635e-01
   4.1096824e-01 -1.4755717e-01 -2.9180649e-01]
 [ 1.1928290e-01  2.6394784e-01 -2.1826421e-01 -8.9794837e-02
   2.6415715e-01 -1.5726940e-01 -9.3190558e-02]
 [ 3.3446652e-01 -3.6894137e-01 -5.2609235e-02 -1.5322007e-01
   6.5159306e-02 -1.3419943e-01  3.1414804e-01]
 [-7.9034269e-02 -1.5443071e-02  1.6269702e-01  3.7337828e-01
  -8.1414275e-02 -3.1146881e-01 -2.4442311e-01]
 [-3.4654453e-01  2.1779765e-01 -2.2903429e-01 -7.9974100e-02
   4.0063336e-01  1.0735758e-01 -5.7999659e-02]
 [-3.4545714e-01  3.3150658e-01 -8.3681871e-04  6.0100358e-02
   3.7262449e-01 -4.3647286e-01 -9.0642124e-02]
 [-8.4914714e-02  2.3918024e-01 -1.6841748e-01 -2.6952708e-01
   3.7701309e-01  1.3429488e-01 -1.8547589e-01]
 [-1.7361563e-02 -2.6487595e-01  5.4746596e-03  2.3349072e-01
  -1.0293695e-01  1.1274774e-01 -2.9157902e-04]
 [-2.2694729e-01 -7.0593548e-01 -2.3202524e-01  2.7961242e-01
   2.7524561e-01 -3.7357876e-01 -1.4343916e-01]
 [-5.3054061e-02  3.0882088e-03 -3.0251950e-01  4.2506936e-01
   8.6657989e-01  3.9412391e-01 -3.6775085e-01]
 [-2.6490411e-01  3.2348993e-01 -4.6261826e-01 -4.7163385e-01
   1.6161455e-01 -1.1105155e-01  4.3661025e-01]
 [ 9.3254782e-03  4.3152067e-01 -3.1862044e-01  2.0496367e-01
  -2.4749696e-02  4.8467484e-01  2.8644711e-01]
 [-3.1780723e-01 -2.9559931e-01 -3.8471523e-01  3.7901607e-01
   8.3761460e-01 -1.9641893e-01  2.4427263e-01]
 [ 1.2617284e-01  1.6112444e-01  4.5447695e-01 -6.7356400e-02
  -7.8527577e-02  7.4120462e-02  5.1546651e-01]
 [ 8.9523375e-02  6.4981186e-01  2.6531320e-02  5.1645041e-01
   1.5072233e-02  6.2037606e-02  2.1390076e-01]
 [-3.2427737e-01  1.3744985e+00 -2.5957614e-01 -6.6003674e-01
  -1.8174734e+00 -1.7765610e-01  6.5042281e-01]]
Peso 2:
[-0.06733909 -0.21872854  0.0128356   0.42008445  0.9748279   0.05967954
 -0.00653076]
Camada: saida
Peso 1:
[[ 0.7182825   0.35507482]
 [ 1.4496336  -0.94287354]
 [ 0.26092502  0.5164509 ]
 [-0.94434446  0.54406935]
 [-1.3595221   1.9178365 ]
 [-0.7409722   0.5560241 ]
 [ 0.87225    -0.14333434]]
Peso 2:
[-0.20728087  0.20728104]



pesos modelo: 
Test loss: 1.6674, Test accuracy: 0.4650
Camada: meio
Peso 1:
[[ 0.2942354  -0.25626415 -0.25661945  0.3701681  -0.10963452 -0.38299587
   0.34563214]
 [-0.06511217 -0.2176493   0.04454798  0.31790686 -0.34239033 -0.1496059
   0.09380168]
 [-0.42783386 -0.06565186 -0.01461878  0.01327994  0.40057677  0.02051511
   0.24431956]
 [-0.20982374  0.14431599  0.10716644 -0.4651539   0.3626824  -0.34031522
  -0.12667818]
 [ 0.26413238 -0.10915073  0.21733223 -0.38370398  0.3949476  -0.15929548
   0.10448319]
 [-0.44358423 -0.2690286   0.23543653 -0.33373728 -0.00717199 -0.06449382
   0.02303965]
 [-0.42155614 -0.43571413  0.31111428  0.2747893  -0.41821292 -0.465679
   0.05954466]
 [ 0.24775937 -0.31519926  0.42158812  0.19558774  0.23289737  0.1378167
   0.24156842]
 [-0.12668318 -0.06204808  0.5018224  -0.14181562 -0.15887073 -0.27600893
   0.2549801 ]
 [-0.2551982  -0.3913645   0.49812502  0.14099284  0.30987874  0.16404907
   0.23960498]
 [ 0.4522036  -0.45891458  0.24363415 -0.2003417   0.07149829 -0.03487062
   0.13136107]
 [-0.34715685 -0.09528348  0.30980086  0.05401547  0.09800995 -0.30967176
   0.018046  ]
 [ 0.4659031   0.03456905  0.35578823 -0.29801258  0.20941721 -0.02044348
   0.03518332]
 [ 0.1557887  -0.3065461   0.55958223  0.0143591   0.05951671  0.18941467
  -0.80216885]
 [-0.3294774  -0.01781134  0.91843677  0.06418451 -0.44293097 -0.06196819
  -0.39909893]
 [-0.3811976  -0.33755052 -0.13260596 -0.45330036 -0.22027828 -0.04664136
   0.5582716 ]
 [ 0.17162928 -0.07574111 -0.37782133  0.26080146 -0.40657103 -0.2574033
   0.33347192]
 [-0.32872793 -0.40779376  0.49915254 -0.18768515  0.40309954  0.22801113
  -0.9692028 ]
 [ 0.19273522 -0.45108673 -0.37053955 -0.07071177 -0.46451837 -0.08457083
   0.4705402 ]
 [-0.08179584  0.2211917   0.36081553 -0.41579622 -0.35112694  0.24231046
   0.7320108 ]
 [-0.13328901 -0.0917587  -1.4834803   0.12754355  0.4785624  -0.33093503
   1.5674564 ]]
Peso 2:
[ 0.08062751 -0.00138054  0.9656777  -0.11802088 -0.05963665 -0.16855004
 -0.68300647]
Camada: saida
Peso 1:
[[-0.59963316  0.4291577 ]
 [-0.1338219  -0.6522578 ]
 [-1.2390223   1.7553462 ]
 [ 0.65691435 -0.4380021 ]
 [ 0.41640556  0.43924174]
 [-0.03059885 -0.66851735]
 [ 1.9126271  -1.2161188 ]]
Peso 2:
[-0.5896494  0.5896506]



pesos modelo: 
Test loss: 0.7011, Test accuracy: 0.7683
Camada: meio
Peso 1:
[[-3.92362118e-01  1.96243286e-01 -4.52789903e-01  6.28072619e-02
  -1.69370979e-01  3.90148520e-01  4.01187778e-01]
 [-3.90236467e-01 -1.91535354e-02  3.66199017e-02  9.07734632e-02
  -1.37658089e-01 -3.98509979e-01  1.86925828e-01]
 [-1.83915049e-01  2.50210464e-02 -5.13753295e-02 -3.50863576e-01
  -7.45147169e-02  1.38385296e-01  6.88506365e-02]
 [ 4.01220262e-01  4.88952585e-02  3.21738631e-01  1.03063740e-01
  -4.33074057e-01  2.04645783e-01  4.19473767e-01]
 [-3.63470078e-01  9.38472226e-02  1.63198918e-01  6.07187264e-02
   2.49096081e-01  5.88569892e-05  4.42581147e-01]
 [ 4.03812706e-01  4.98675834e-03  3.37670706e-02  2.23056510e-01
  -4.13448930e-01 -3.63335162e-02 -1.28087103e-01]
 [-2.29313850e-01  3.07099577e-02  1.42993465e-01  3.04516584e-01
  -1.92593515e-01  4.47324842e-01  4.07010317e-01]
 [-1.45116240e-01  1.03839800e-01  2.71259904e-01  1.08563513e-01
   2.21674293e-01  8.98485407e-02 -3.39635313e-01]
 [ 3.15461546e-01  2.02008441e-01 -9.24320519e-03  3.08481246e-01
   3.99993300e-01  2.67445505e-01  8.12635794e-02]
 [-2.68705308e-01  8.87962654e-02  1.79867774e-01  3.10417861e-01
   3.73436898e-01  3.96318138e-01  4.41446394e-01]
 [-3.23014438e-01  3.67106944e-02  3.48868638e-01  3.15555990e-01
  -4.13677812e-01  4.53275084e-01 -4.01009977e-01]
 [ 1.75681338e-01 -1.36296690e-01  1.01426490e-01  4.31225210e-01
   1.31464377e-02  3.65973890e-01  4.20630276e-01]
 [-4.50118691e-01  1.93411008e-01  4.23802435e-02  4.38532710e-01
   2.64967352e-01  4.27734196e-01 -4.10954833e-01]
 [ 3.16954732e-01 -1.70513302e-01  5.46451747e-01  7.44662702e-01
   1.04845963e-01 -8.96619931e-02  2.99633116e-01]
 [-3.59040797e-01  7.67742395e-01  6.14931524e-01  2.65244275e-01
  -6.77314252e-02 -3.10790181e-01  1.35841936e-01]
 [-2.15848163e-01  3.18863809e-01 -1.89195514e-01 -2.60801852e-01
   4.21312332e-01  3.20814133e-01  1.10459425e-01]
 [-1.74826175e-01 -3.63182992e-01 -3.28451209e-02  1.29649388e-02
   1.81346118e-01  2.27092624e-01  2.48143673e-01]
 [ 1.71902686e-01  2.39532739e-01 -8.07097182e-03  6.33326590e-01
   3.92920487e-02 -2.08749384e-01 -2.07718536e-01]
 [-4.57445413e-01 -3.40718627e-01 -1.88031569e-01  1.99570462e-01
  -1.43701732e-01  4.72206324e-01  2.17732310e-01]
 [ 4.26630557e-01  2.49309480e-01  3.27721946e-02 -3.97243768e-01
   3.67194742e-01  1.38308406e-01 -2.70502836e-01]
 [-3.47584784e-01 -5.64963758e-01 -8.04850936e-01 -1.58289742e+00
  -6.35648742e-02  1.51898730e+00 -4.22131091e-01]]
Peso 2:
[ 0.00795055  0.47662723  0.5697871   1.0277036  -0.02123545 -0.12208807
 -0.02105913]
Camada: saida
Peso 1:
[[ 0.23852617  0.40115932]
 [-0.8275229   0.8216224 ]
 [-1.1005315   0.6056734 ]
 [-1.8301575   1.372899  ]
 [-0.5050578  -0.60059875]
 [ 1.4271055  -0.95040673]
 [-0.28222182  0.02862111]]
Peso 2:
[ 0.07565292 -0.07565343]



pesos modelo: 
Test loss: 0.9343, Test accuracy: 0.7300
Camada: meio
Peso 1:
[[ 0.4304183   0.03970098 -0.30606964 -0.43091044 -0.23058291  0.2525006
  -0.3058458 ]
 [ 0.26926392  0.33522338 -0.02596191  0.222449   -0.21583664 -0.29734772
   0.33809155]
 [-0.14147368 -0.3086757  -0.17300358 -0.37432197  0.4333396  -0.27374223
  -0.25561678]
 [ 0.2538475  -0.38218358  0.15597664  0.47539338 -0.07329636  0.42093426
   0.3240152 ]
 [ 0.1157364  -0.14539735 -0.23429392  0.25848538 -0.45116845  0.25367647
   0.45404035]
 [ 0.18401618  0.3414176  -0.07947095  0.22977538 -0.03725428  0.4342474
   0.29234114]
 [-0.05514551 -0.39391872  0.06287035  0.33684275 -0.43114144 -0.1795964
   0.2532987 ]
 [-0.04358736 -0.44574565 -0.2223459   0.17049587 -0.27417973 -0.24151313
   0.12692565]
 [ 0.34358034  0.17839487  0.03175604  0.347595    0.27039343  0.34543192
   0.36734962]
 [ 0.06666042  0.30658647 -0.18955143  0.11222386  0.19543414  0.2884505
   0.21765812]
 [-0.15996829 -0.19720878  0.06954321  0.17512338 -0.42475668 -0.06775367
   0.07709111]
 [-0.07429364 -0.06062444  0.06888178  0.09399266 -0.00320796  0.36181134
  -0.03600522]
 [-0.29587746 -0.39657155  0.15200844 -0.09062514  0.13440362  0.28288963
  -0.47541806]
 [-0.4439233  -0.2247778  -0.58939207  0.56499743  0.36683133  0.34497365
  -0.53362346]
 [-0.07001732 -0.09535339 -0.321056    0.4894412  -0.11443906  0.22131062
  -0.66739637]
 [ 0.4635592  -0.1755157   0.23286617  0.14541641 -0.4172643  -0.08399767
   0.5479669 ]
 [ 0.15934396 -0.43157086  0.5000265   0.35968277 -0.3187905  -0.04482361
   0.49037102]
 [-0.10467983 -0.2932433   0.03461239  0.7810635   0.07377687  0.34750888
  -0.59446764]
 [ 0.16302834 -0.22976246  0.50240284  0.02227653 -0.41566315 -0.08114798
  -0.10393547]
 [ 0.12390179  0.1338704   0.34066236 -0.13516311  0.3506889  -0.20675111
   0.08981065]
 [ 0.61034626 -0.06138306  1.5760415  -1.6955214   0.19003046 -0.19352844
   0.4547189 ]]
Peso 2:
[-1.5282461e-01  8.8655442e-04 -4.1709664e-01  9.2140859e-01
 -6.8943143e-02  1.5510066e-01 -2.9022974e-01]
Camada: saida
Peso 1:
[[ 0.32758975 -0.62321264]
 [ 0.07512376  0.12945549]
 [ 1.0559283  -1.354186  ]
 [-1.550893    1.6227795 ]
 [ 0.30370155 -0.4914583 ]
 [ 0.1204432   0.74850523]
 [ 0.7267305  -0.86481875]]
Peso 2:
[-0.46126908  0.46126938]
