


pesos modelo: 
Test loss: 1.4714, Test accuracy: 0.6467
Camada: meio
Peso 1:
[[ 0.07564259 -0.34020907]
 [-0.4953433   0.07683295]
 [ 0.18076032 -0.41416425]
 [ 0.44818223  0.09886836]
 [ 0.07504467 -0.03605905]
 [ 0.43339333  0.13842271]
 [ 0.47220868  0.05857006]
 [ 0.4837896   0.03389954]
 [ 0.51097345  0.05277812]
 [ 0.58491313  0.07516077]
 [ 0.44877955  0.08753039]
 [-0.02445298 -0.15695657]
 [ 0.18992239 -0.07356589]
 [ 0.0837316  -0.7835353 ]
 [ 0.56292266 -0.7753137 ]
 [-0.2994616   0.24822712]
 [ 0.26359463  0.5123601 ]
 [ 0.67838705 -0.546565  ]
 [-0.02790016  0.5145849 ]
 [ 0.16622806  0.4732086 ]
 [-0.51324147  2.4195197 ]]
Peso 2:
[ 0.80299443 -0.61039543]
Camada: saida
Peso 1:
[[-1.3787296  0.5880809]
 [ 1.756999  -2.1216075]]
Peso 2:
[-1.1068488  1.1068494]



pesos modelo: 
Test loss: 1.1788, Test accuracy: 0.6541
Camada: meio
Peso 1:
[[ 0.44468915  0.20223343]
 [-0.47869897  0.39948827]
 [ 0.45217115  0.13965696]
 [-0.0142908  -0.19469033]
 [ 0.46012908  0.30004203]
 [ 0.07727694 -0.08167507]
 [ 0.26206204  0.02099094]
 [ 0.17167981  0.01028196]
 [ 0.08018593 -0.19795375]
 [-0.02135695 -0.24130604]
 [ 0.01903047 -0.14813083]
 [ 0.1564707   0.04519988]
 [ 0.2584433   0.09933774]
 [ 0.34125185 -0.787729  ]
 [ 0.70630175 -0.5400128 ]
 [-0.02123643  0.37832144]
 [ 0.11908795  0.51419264]
 [ 0.8890722  -0.3195584 ]
 [ 0.11232522  0.67183125]
 [ 0.19758932  0.7015677 ]
 [-1.4044087   1.8174818 ]]
Peso 2:
[ 0.8841695 -0.382659 ]
Camada: saida
Peso 1:
[[-1.7187601  1.5827588]
 [ 2.131424  -1.0572721]]
Peso 2:
[-0.6513228  0.6513226]



pesos modelo: 
Test loss: 0.6513, Test accuracy: 0.7687
Camada: meio
Peso 1:
[[-7.4535817e-02 -1.3997003e-01]
 [ 1.7506194e-01  1.2694240e-01]
 [-1.3401279e-01  2.7693808e-02]
 [ 3.4142429e-01 -2.0449661e-02]
 [ 2.1472023e-01 -2.6423873e-03]
 [-7.8007206e-02 -1.0704114e-01]
 [-9.2043309e-03 -3.7408762e-02]
 [ 2.8898609e-01  1.6749837e-04]
 [ 2.5783798e-01  2.5962836e-03]
 [ 1.9824660e-01 -6.3118227e-02]
 [ 2.1178690e-01 -8.4099062e-02]
 [-1.5870629e-01 -1.6891381e-01]
 [-7.7960931e-02 -1.2563662e-01]
 [ 8.3599800e-01 -4.4704139e-01]
 [ 4.5069122e-01 -5.3295338e-01]
 [ 4.1570312e-01  4.9289575e-01]
 [-1.1158441e-01  4.7844151e-01]
 [-3.5633381e-02 -7.0007437e-01]
 [ 3.7163708e-01  4.3655699e-01]
 [ 6.4928150e-01  6.6818428e-01]
 [-4.2853814e-01  2.5083988e+00]]
Peso 2:
[ 0.6783348 -0.4669135]
Camada: saida
Peso 1:
[[-1.2334226  0.404538 ]
 [ 1.8778608 -1.9714193]]
Peso 2:
[-1.8074453  1.8074446]



pesos modelo: 
Test loss: 0.9874, Test accuracy: 0.6284
Camada: meio
Peso 1:
[[ 5.73419333e-02  4.32237744e-01]
 [ 2.86560893e-01 -1.95404023e-01]
 [ 1.50656223e-01 -4.89733189e-01]
 [-3.89161780e-02  5.44605255e-01]
 [-1.04245231e-01 -3.08930129e-01]
 [-1.30069777e-01 -1.13226525e-01]
 [-4.70646583e-02  3.98311049e-01]
 [-6.35646135e-02  8.58879313e-02]
 [-1.34193629e-01 -3.66964847e-01]
 [-8.33352953e-02  5.33274949e-01]
 [-6.25547692e-02 -3.01184948e-04]
 [-4.12025601e-02  6.00466371e-01]
 [ 2.10444424e-02  4.31420565e-01]
 [-8.28442276e-01 -7.89883733e-02]
 [-8.23530674e-01 -3.61657530e-01]
 [ 3.66954386e-01 -4.37444746e-01]
 [ 5.20685852e-01  4.42788988e-01]
 [-8.31508934e-01 -8.23087767e-02]
 [ 5.47874451e-01 -5.91773950e-02]
 [ 4.28390950e-01 -1.72483861e-01]
 [ 2.35485101e+00 -2.30670497e-02]]
Peso 2:
[-0.50495505  0.27496776]
Camada: saida
Peso 1:
[[ 2.0254245  -1.8637866 ]
 [-1.1597636  -0.38483065]]
Peso 2:
[-2.5108929  2.5108924]



pesos modelo: 
Test loss: 0.6103, Test accuracy: 0.8006
Camada: meio
Peso 1:
[[-0.45158505 -0.46101347]
 [ 0.28508782 -0.03155363]
 [-0.23831594 -0.06599316]
 [ 0.12175738  0.30990127]
 [ 0.12309133 -0.41551012]
 [ 0.14306933 -0.38236308]
 [ 0.13331851  0.26984736]
 [ 0.13776167 -0.27206072]
 [ 0.13046327  0.22601202]
 [ 0.10755098 -0.3747432 ]
 [ 0.10260326  0.24794997]
 [ 0.12167763  0.45673925]
 [ 0.16418053 -0.44504988]
 [ 0.8711817  -0.2867657 ]
 [ 0.80559707 -0.29032212]
 [ 0.02892449  0.08553962]
 [-0.0978073  -0.03306546]
 [ 0.8242338  -0.42281613]
 [-0.06868713 -0.59902686]
 [-0.12547332 -0.05427278]
 [-2.41828    -0.38097906]]
Peso 2:
[1.7368047  0.02213082]
Camada: saida
Peso 1:
[[-2.7356675   1.7115564 ]
 [-1.1408969   0.04966826]]
Peso 2:
[ 2.516382  -2.5163815]



pesos modelo: 
Test loss: 1.5837, Test accuracy: 0.6567
Camada: meio
Peso 1:
[[ 0.50483423  0.42735207]
 [-0.49499756 -0.10272145]
 [ 0.15957981 -0.02054289]
 [ 0.06570289  0.11375115]
 [-0.01576064  0.11059268]
 [-0.39447802  0.14570951]
 [ 0.31775212  0.11095025]
 [ 0.12786588  0.12344171]
 [-0.46492726  0.15739608]
 [-0.46489257  0.12379736]
 [-0.10655319  0.1543983 ]
 [ 0.03308507  0.11823916]
 [-0.05844573  0.14293298]
 [ 0.08891921  1.0025728 ]
 [-0.31165338  0.76482415]
 [-0.410511   -0.13806784]
 [-0.2026894  -0.11286841]
 [-0.07613083  1.1823338 ]
 [-0.06544426 -0.18745096]
 [-0.41339344 -0.12280829]
 [ 0.43004057 -2.2153773 ]]
Peso 2:
[-0.07078681  1.8282533 ]
Camada: saida
Peso 1:
[[ 1.0379463 -0.8628815]
 [-2.1490614  2.3710527]]
Peso 2:
[ 2.513562 -2.513562]



pesos modelo: 
Test loss: 1.1648, Test accuracy: 0.6785
Camada: meio
Peso 1:
[[-2.94755131e-01  4.04821575e-01]
 [ 4.95789826e-01  5.03969252e-01]
 [-6.10679388e-02  3.92677963e-01]
 [-1.19570658e-01  1.05243601e-01]
 [-1.38143942e-01  8.72966945e-02]
 [-1.94166869e-01  1.07675835e-01]
 [ 1.70322761e-01  1.82670176e-01]
 [-5.68662733e-02  1.06451713e-01]
 [ 5.00771821e-01  4.12865162e-01]
 [ 1.13009603e-03  1.37378886e-01]
 [ 8.58518556e-02  3.01663548e-01]
 [-2.24835858e-01  3.92220095e-02]
 [ 1.86719969e-01  2.54318148e-01]
 [-6.85054302e-01  5.33126593e-01]
 [-4.23767790e-02  7.07887530e-01]
 [ 2.26211786e-01 -2.22113401e-01]
 [ 4.18732554e-01  1.44529134e-01]
 [ 4.90540825e-02  9.20377672e-01]
 [ 6.79117680e-01  7.21118525e-02]
 [ 9.01848137e-01  3.01045805e-01]
 [ 1.66615045e+00 -1.95990551e+00]]
Peso 2:
[-0.17081746  1.0129951 ]
Camada: saida
Peso 1:
[[ 1.485727   -0.89899546]
 [-1.5949498   2.1205733 ]]
Peso 2:
[-0.22227931  0.22227924]



pesos modelo: 
Test loss: 0.9696, Test accuracy: 0.7339
Camada: meio
Peso 1:
[[-0.4033273  -0.34975123]
 [-0.2211051   0.08982313]
 [-0.10223958  0.2741745 ]
 [-0.01272011  0.13880287]
 [ 0.24485417  0.13795133]
 [-0.2236255   0.11954098]
 [ 0.08089574  0.10826676]
 [-0.47772136  0.12028263]
 [ 0.17383909  0.11012647]
 [-0.01105241  0.10339812]
 [ 0.01052506  0.125415  ]
 [-0.38271043  0.17770517]
 [-0.15439612  0.12655532]
 [-0.43677086  0.8500594 ]
 [-0.07171638  0.93843186]
 [-0.27434376 -0.04904361]
 [-0.28231993  0.00724577]
 [ 0.20408663  0.9349006 ]
 [-0.04465497 -0.16056317]
 [-0.18735015 -0.05706562]
 [-0.15994194 -2.3995416 ]]
Peso 2:
[-0.02646136  1.7069567 ]
Camada: saida
Peso 1:
[[-0.22282766 -0.54822403]
 [-1.9883666   2.5653417 ]]
Peso 2:
[ 2.5169346 -2.5169358]



pesos modelo: 
Test loss: 1.3827, Test accuracy: 0.6371
Camada: meio
Peso 1:
[[ 0.2681411  -0.40161005]
 [-0.47934216 -0.14437446]
 [-0.39765838  0.28721446]
 [ 0.2353703  -0.08361341]
 [ 0.04423942 -0.11133761]
 [ 0.5437261   0.09219592]
 [ 0.33328417  0.08747994]
 [ 0.51437867  0.08630791]
 [ 0.5527656   0.1184461 ]
 [ 0.0321004  -0.11980736]
 [-0.06373572 -0.08943927]
 [ 0.30515012 -0.09770106]
 [-0.1718392  -0.19700049]
 [ 0.40314206 -0.7853958 ]
 [ 0.3018982  -0.8192198 ]
 [ 0.20565721  0.48156697]
 [ 0.5902353   0.5558764 ]
 [ 0.6130234  -0.8215926 ]
 [ 0.35916725  0.65830725]
 [ 0.13422827  0.6016848 ]
 [-0.67594194  2.261225  ]]
Peso 2:
[ 0.58562607 -0.55369216]
Camada: saida
Peso 1:
[[-0.71579546  1.1542203 ]
 [ 1.5223931  -2.333955  ]]
Peso 2:
[-1.3741037  1.374103 ]



pesos modelo: 
Test loss: 1.1084, Test accuracy: 0.5648
Camada: meio
Peso 1:
[[-0.2658056   0.15488595]
 [-0.4423315   0.43614042]
 [-0.30013922 -0.05008909]
 [ 0.19571084 -0.01019561]
 [-0.28851372 -0.12584628]
 [ 0.331297   -0.07708824]
 [-0.23073933 -0.02098544]
 [ 0.15093654 -0.07453659]
 [-0.17344072 -0.08823036]
 [-0.36155477 -0.10331979]
 [-0.38143396 -0.10607477]
 [ 0.0657111  -0.09278561]
 [ 0.21013622 -0.01186915]
 [-0.19864182 -0.9041029 ]
 [ 0.06255769 -0.8223427 ]
 [-0.3578075   0.58165234]
 [ 0.1520951   0.44880798]
 [ 0.03220372 -0.7745085 ]
 [-0.3203637   0.42520213]
 [-0.43761143  0.4431212 ]
 [-0.2788509   2.260627  ]]
Peso 2:
[-0.20907356 -0.62671334]
Camada: saida
Peso 1:
[[ 0.41173846  0.13190533]
 [ 2.2661276  -1.656995  ]]
Peso 2:
[-2.627352   2.6273532]



pesos modelo: 
Test loss: 1.1723, Test accuracy: 0.6751
Camada: meio
Peso 1:
[[ 0.42196602 -0.19957742]
 [ 0.25758326 -0.42748675]
 [-0.22878632 -0.48966792]
 [ 0.35876548  0.54972136]
 [ 0.07364409 -0.15772593]
 [ 0.35371885  0.4980048 ]
 [ 0.3015995   0.2515173 ]
 [ 0.1105426  -0.18274516]
 [ 0.09741499 -0.17626429]
 [ 0.33969128  0.37231684]
 [ 0.18985192  0.03355394]
 [ 0.3181447   0.24060185]
 [ 0.23472865  0.23372021]
 [ 0.74028766 -0.02412981]
 [ 0.45437893 -0.69750345]
 [-0.06269362  0.26203814]
 [-0.01879925  0.32688603]
 [ 0.8367418   0.05319585]
 [-0.08312237  0.4144958 ]
 [ 0.07422787  0.6881265 ]
 [-2.0204198   1.4425143 ]]
Peso 2:
[ 1.2036662  -0.06859776]
Camada: saida
Peso 1:
[[-1.9227824   2.0325925 ]
 [ 0.48844734 -1.7630407 ]]
Peso 2:
[ 0.03080083 -0.03080045]



pesos modelo: 
Test loss: 0.8060, Test accuracy: 0.7550
Camada: meio
Peso 1:
[[ 0.1547901   0.00374222]
 [ 0.2149266   0.08761817]
 [-0.3789394  -0.4820409 ]
 [ 0.13778332 -0.08925662]
 [ 0.08707822  0.12159629]
 [ 0.03404433  0.12564631]
 [ 0.06568488  0.26547062]
 [ 0.07828762  0.0208674 ]
 [ 0.070139    0.21478952]
 [ 0.11517959  0.1098374 ]
 [ 0.06294852  0.32574937]
 [ 0.08923613 -0.0048131 ]
 [ 0.03425676  0.29390198]
 [ 0.9278883   0.02751784]
 [ 1.0044475  -0.11795392]
 [ 0.07000309 -0.48687854]
 [ 0.11739543 -0.57154274]
 [ 0.67496943  0.35888547]
 [-0.14190945  0.05934393]
 [-0.12957244  0.2512527 ]
 [-2.1831288  -1.1242157 ]]
Peso 2:
[1.655776  0.7200209]
Camada: saida
Peso 1:
[[-1.6416545   2.5316136 ]
 [-1.167275    0.66723496]]
Peso 2:
[ 2.5245388 -2.5245378]



pesos modelo: 
Test loss: 1.1566, Test accuracy: 0.6930
Camada: meio
Peso 1:
[[-2.17590362e-01 -3.24236065e-01]
 [ 4.33486283e-01  3.46722722e-01]
 [ 2.61251211e-01 -8.75413418e-04]
 [ 9.88008827e-02 -5.12477458e-02]
 [ 1.12274401e-01 -2.85958499e-01]
 [ 1.66720703e-01  4.48055148e-01]
 [ 1.13366775e-01 -4.51951832e-01]
 [ 1.24977678e-01 -3.79927814e-01]
 [ 1.16015919e-01  7.26380348e-02]
 [ 1.93040743e-01  4.74605143e-01]
 [ 1.24391705e-01  2.57333994e-01]
 [ 8.89249966e-02 -1.22590281e-01]
 [ 1.22551508e-01 -3.60667109e-01]
 [ 7.85656214e-01  1.84907585e-01]
 [ 7.72290826e-01 -1.79354846e-01]
 [-1.22476481e-01 -2.88721591e-01]
 [-1.12085648e-01  3.16908181e-01]
 [ 9.88383174e-01 -2.56603926e-01]
 [-1.71539068e-01 -4.85668957e-01]
 [-8.48669466e-03 -1.45522997e-01]
 [-2.33138442e+00  1.36472270e-01]]
Peso 2:
[ 1.7850323  -0.03456828]
Camada: saida
Peso 1:
[[-2.240299   2.2332377]
 [-1.0436035 -1.107912 ]]
Peso 2:
[ 2.5154426 -2.5154424]



pesos modelo: 
Test loss: 0.9499, Test accuracy: 0.7409
Camada: meio
Peso 1:
[[-0.31917238 -0.23551574]
 [-0.00791162 -0.4836052 ]
 [-0.0965423  -0.10398886]
 [ 0.13058132  0.23446552]
 [ 0.11332215 -0.12636599]
 [ 0.15716937 -0.15473498]
 [ 0.08525717 -0.006106  ]
 [ 0.1554193   0.17082189]
 [ 0.15755098 -0.48820943]
 [ 0.1956733  -0.48025987]
 [ 0.10598928  0.15161376]
 [ 0.1172798   0.21436909]
 [ 0.16419744  0.2522369 ]
 [ 0.85814565 -0.4390488 ]
 [ 1.1042426  -0.04861061]
 [-0.21485683 -0.49878418]
 [-0.14783671 -0.3378707 ]
 [ 0.82273984 -0.20037249]
 [-0.03101996 -0.10771833]
 [-0.16678673 -0.41705304]
 [-2.2945573  -0.35554725]]
Peso 2:
[ 1.819479   -0.22136165]
Camada: saida
Peso 1:
[[-2.6001728   1.8966193 ]
 [ 0.76025015 -1.062288  ]]
Peso 2:
[ 2.5172005 -2.5171998]



pesos modelo: 
Test loss: 1.3743, Test accuracy: 0.6743
Camada: meio
Peso 1:
[[-0.26109678 -0.02435207]
 [ 0.27754843 -0.1775836 ]
 [ 0.3146003   0.12234044]
 [ 0.12252549 -0.13751437]
 [ 0.14250074  0.1884812 ]
 [ 0.1848413  -0.30292073]
 [ 0.16192082 -0.15677509]
 [ 0.1517134   0.01540912]
 [ 0.11802656  0.3022838 ]
 [ 0.11371335 -0.27290618]
 [ 0.20965914 -0.51171184]
 [ 0.14956553 -0.20036396]
 [ 0.16024415  0.04597719]
 [ 0.9000337   0.04238436]
 [ 0.9180138  -0.00318502]
 [-0.02662959 -0.1128501 ]
 [-0.16328475 -0.4156173 ]
 [ 0.95074785 -0.20401473]
 [-0.07790033 -0.07802299]
 [-0.33106577 -0.04126045]
 [-2.2789953  -0.32070136]]
Peso 2:
[ 1.7546674  -0.17334937]
Camada: saida
Peso 1:
[[-1.6548598  2.784799 ]
 [ 1.1129112  0.4126399]]
Peso 2:
[ 2.4882667 -2.4882655]



pesos modelo: 
Test loss: 0.8063, Test accuracy: 0.7479
Camada: meio
Peso 1:
[[-0.01324809  0.11680704]
 [-0.2021986   0.04766959]
 [-0.1360141   0.12664199]
 [ 0.17271689 -0.0282045 ]
 [-0.2658561  -0.12236534]
 [-0.24018814 -0.00251858]
 [-0.08713629 -0.16469221]
 [ 0.29516852 -0.09038404]
 [-0.33554578 -0.01678522]
 [-0.12895185 -0.07583915]
 [ 0.0141958  -0.01923489]
 [-0.50197524 -0.02852227]
 [-0.3890444  -0.12312232]
 [ 0.12580854 -0.79181373]
 [ 0.1545104  -0.7047672 ]
 [ 0.03097587  0.43400055]
 [-0.30929577  0.49224797]
 [-0.39060527 -0.7262116 ]
 [ 0.13698441  0.49286193]
 [-0.5263954   0.4185269 ]
 [ 0.03862258  2.432645  ]]
Peso 2:
[-0.18401024 -0.6703606 ]
Camada: saida
Peso 1:
[[ 1.0383933   0.03930764]
 [ 2.0274374  -1.7973446 ]]
Peso 2:
[-2.6302156  2.6302161]



pesos modelo: 
Test loss: 0.7119, Test accuracy: 0.7611
Camada: meio
Peso 1:
[[-0.4294854  -0.14533061]
 [ 0.389677   -0.12671003]
 [ 0.08726794  0.30604047]
 [-0.07003607  0.10785816]
 [ 0.3217303   0.12402249]
 [-0.44683018  0.12885156]
 [-0.112363    0.08881596]
 [-0.33157125  0.11836956]
 [ 0.16016966  0.12182641]
 [-0.31441954  0.14351499]
 [-0.23072185  0.10253804]
 [-0.12448034  0.12132315]
 [ 0.30671775  0.09705076]
 [ 0.28269768  0.784055  ]
 [-0.4164431   0.71619135]
 [-0.4706537  -0.14394188]
 [-0.06148456 -0.11474407]
 [ 0.00517991  0.8727322 ]
 [ 0.11696472 -0.0826066 ]
 [-0.05298363  0.07966353]
 [-0.02501843 -2.4124608 ]]
Peso 2:
[-0.24120931  1.8271912 ]
Camada: saida
Peso 1:
[[ 1.0153182   0.59854317]
 [-2.735009    1.7465981 ]]
Peso 2:
[ 2.5066998 -2.5067003]



pesos modelo: 
Test loss: 1.4982, Test accuracy: 0.6118
Camada: meio
Peso 1:
[[-0.01928559  0.22837192]
 [ 0.28788966 -0.40053284]
 [ 0.13098353 -0.14798173]
 [ 0.08705613 -0.10730338]
 [-0.38919884 -0.08662038]
 [-0.48536542 -0.14189443]
 [ 0.35604826 -0.09450656]
 [-0.0367642  -0.11503153]
 [-0.2988775  -0.06389659]
 [-0.30847138 -0.10031693]
 [-0.21363889 -0.09916218]
 [ 0.18221022 -0.0833566 ]
 [-0.48909593 -0.03176353]
 [ 0.28896844 -0.9158431 ]
 [-0.05312001 -0.9361203 ]
 [ 0.04022929  0.45825374]
 [-0.521379    0.57455665]
 [-0.4398333  -1.0060432 ]
 [-0.10533842  0.5355827 ]
 [ 0.07713973  0.44613343]
 [-0.2860508   2.2823954 ]]
Peso 2:
[-0.12729777 -0.5759694 ]
Camada: saida
Peso 1:
[[ 0.9191863   0.35666722]
 [ 1.6102875  -2.2199333 ]]
Peso 2:
[-2.6347005  2.6346998]



pesos modelo: 
Test loss: 0.4821, Test accuracy: 0.8279
Camada: meio
Peso 1:
[[-0.45463765 -0.43890747]
 [ 0.02606595  0.31298912]
 [-0.21078372  0.19219166]
 [ 0.21412037  0.00502915]
 [ 0.34598023  0.32678303]
 [ 0.3634001   0.4104672 ]
 [ 0.11009471 -0.02436759]
 [ 0.37561673  0.3332625 ]
 [ 0.03055838 -0.2262078 ]
 [ 0.14838906 -0.14880075]
 [ 0.3821988   0.41942856]
 [ 0.26896453  0.03318928]
 [ 0.13433549 -0.05462405]
 [ 0.9971174   0.07729905]
 [ 0.4388028  -0.59678483]
 [ 0.09913342  0.5591076 ]
 [-0.09227557  0.32234782]
 [ 0.8882987  -0.19752657]
 [-0.02421952  0.2828309 ]
 [ 0.18313187  0.7923127 ]
 [-2.1451442   1.3816941 ]]
Peso 2:
[ 0.9924117  -0.07690612]
Camada: saida
Peso 1:
[[-2.1178114   1.803824  ]
 [ 2.0313034  -0.21466771]]
Peso 2:
[ 0.1294938  -0.12949374]



pesos modelo: 
Test loss: 0.7601, Test accuracy: 0.7243
Camada: meio
Peso 1:
[[-0.41489625  0.49428028]
 [ 0.46887064  0.30015105]
 [-0.34891537 -0.02534002]
 [ 0.2565869   0.08628573]
 [ 0.2544277   0.0662946 ]
 [ 0.28533685  0.04788928]
 [-0.00987185 -0.21820608]
 [ 0.42941898  0.22064617]
 [ 0.2073396   0.07775091]
 [ 0.15544082  0.06309334]
 [ 0.28273234  0.12894201]
 [ 0.27232823  0.09637618]
 [ 0.2639362   0.05777105]
 [ 0.62366146 -0.67267084]
 [ 0.74942976 -0.52559143]
 [ 0.33816844  0.6357286 ]
 [-0.43864638  0.02316184]
 [ 0.69682634 -0.45746344]
 [ 0.1942902   0.5013581 ]
 [ 0.17212655  0.48916277]
 [-1.887602    1.6767788 ]]
Peso 2:
[ 0.85072845 -0.42902756]
Camada: saida
Peso 1:
[[-1.3466791  1.8256704]
 [ 1.2612475 -1.7790121]]
Peso 2:
[-0.38301703  0.38301727]
