


pesos modelo: 
Test loss: 0.8043, Test accuracy: 0.6506
Camada: meio
Peso 1:
[[ 2.93256074e-01  2.16284841e-01  2.46902972e-01 -4.15454090e-01
   3.32989186e-01 -4.20710623e-01]
 [ 2.38341987e-02  2.62613982e-01  1.09933823e-01 -3.16762120e-01
   3.77499431e-01 -1.11726910e-01]
 [-2.82330632e-01  4.56926256e-01 -1.80448651e-01  9.54826176e-02
   3.79778951e-01  6.03978932e-02]
 [-3.38637203e-01 -2.21259356e-01  9.84905288e-02 -1.30947426e-01
  -1.04159407e-01  1.20362360e-02]
 [-2.80684054e-01  2.05230206e-01  2.25311100e-01  5.44424772e-01
   1.07704196e-03 -1.85450792e-01]
 [-3.69194150e-01 -5.88483512e-02  1.99884981e-01  8.13074559e-02
  -4.39113289e-01 -1.14254124e-01]
 [ 5.22071481e-01  9.30567831e-02  3.36453319e-01  5.74279547e-01
  -1.53406009e-01 -3.99841636e-01]
 [-1.86480880e-01  3.58614147e-01 -4.21913952e-01  5.29323041e-01
  -7.42104650e-02  1.11204728e-01]
 [ 2.99933963e-02  2.03598976e-01  1.43251121e-01  5.12060165e-01
   3.04369301e-01  2.75693744e-01]
 [ 9.02857780e-02  1.40251651e-01  1.04771465e-01  5.05773306e-01
   1.84374396e-02  2.87634730e-01]
 [-5.58296870e-03  1.97171167e-01 -4.59906518e-01  5.45820296e-01
  -2.40282774e-01 -7.18496069e-02]
 [-1.05926298e-01  6.58400133e-02  1.60512120e-01  2.24576429e-01
  -7.85240233e-02  3.54749709e-01]
 [-2.53614992e-01  5.64094260e-02 -1.16732270e-01  3.97013098e-01
   4.16969806e-01 -3.85589451e-01]
 [ 5.02204895e-02 -8.95342827e-01  2.04861149e-01  1.58205807e-01
  -2.98706979e-01 -1.89897761e-01]
 [ 8.11483189e-02 -7.78330505e-01 -1.39739975e-01  4.27927434e-01
  -2.21951589e-01  4.54003304e-01]
 [ 3.68443847e-01  4.80206192e-01 -3.36094111e-01  7.65533745e-02
  -4.23553914e-01  1.40216246e-01]
 [ 2.72148728e-01  3.26035947e-01 -3.03036958e-01 -1.65590197e-01
  -3.20637494e-01  3.12338084e-01]
 [-4.16453004e-01 -3.88841242e-01 -2.78684467e-01  4.05620933e-01
   8.33728760e-02  4.81904536e-01]
 [ 3.88866156e-01  1.24655768e-01 -1.30835772e-01 -2.06105068e-01
  -1.23752080e-01 -1.73169106e-01]
 [-2.24957779e-01  4.81342435e-01 -4.56470191e-01  3.08938324e-02
  -3.35721761e-01  1.66803211e-01]
 [ 6.51711762e-01  2.14067173e+00  3.95786762e-01 -1.13942170e+00
  -2.24227861e-01 -2.51793712e-01]]
Peso 2:
[ 0.04278912 -0.47443134  0.03852843  0.9315701   0.01182045  0.20088278]
Camada: saida
Peso 1:
[[-0.26943704 -0.8070634 ]
 [ 1.5188184  -1.9705135 ]
 [-0.5719266  -0.19885048]
 [-0.6147259   1.8792733 ]
 [-0.49359706 -0.12270791]
 [ 0.05289832  0.77231246]]
Peso 2:
[-0.7425238  0.7425236]



pesos modelo: 
Test loss: 1.2451, Test accuracy: 0.6771
Camada: meio
Peso 1:
[[ 0.00526407 -0.301381    0.15194431  0.36478266  0.17004445  0.11731187]
 [-0.02648968  0.04989669 -0.22895561 -0.12358254  0.05406496  0.16860458]
 [-0.13176745  0.3280225   0.30063727 -0.06465393  0.41474947  0.00237933]
 [-0.14006855  0.1378518  -0.04248939  0.384199   -0.3934518   0.1693973 ]
 [ 0.02730036  0.26915622  0.04415599  0.09903251  0.20520234 -0.20621021]
 [-0.19882578 -0.41653013  0.07421132  0.41348177 -0.43604538 -0.11166112]
 [ 0.1193154   0.09339613  0.02896264  0.18002093 -0.12567088  0.0559841 ]
 [ 0.40728438 -0.11380213  0.02390274 -0.07677758 -0.09104595 -0.21851628]
 [ 0.3164133  -0.3301342  -0.13233851  0.16565335  0.05047185  0.43346426]
 [ 0.22961394  0.4532166  -0.06094002  0.26500133 -0.21184905  0.24219649]
 [ 0.512308   -0.26445222 -0.04465132  0.18037626 -0.39708343  0.3062226 ]
 [-0.02370118  0.3079405   0.10965063  0.4376548  -0.34922987 -0.01001245]
 [-0.24210002 -0.29470277  0.17382249  0.47937602  0.10575471 -0.24175124]
 [ 0.15845163 -0.16853069 -0.6738438   0.7756971  -0.3550151  -0.19851659]
 [ 0.6390247  -0.24871747 -0.35073945  0.24675791 -0.38180938 -0.6438727 ]
 [-0.31638315 -0.39656588  0.3365636   0.10836703 -0.33101112  0.4598958 ]
 [ 0.3321592   0.29456285  0.6130818  -0.10675675 -0.45469537  0.11546613]
 [ 0.2135982  -0.0148485  -0.7137995   0.5864906   0.29804474 -0.4411472 ]
 [ 0.24402092 -0.47148183  0.34129095  0.15378581  0.5044479   0.47160688]
 [ 0.1835907   0.24504735  0.54188126 -0.16831708  0.07118876  0.10374668]
 [-0.81528443 -0.02294219  1.6112479  -1.4716938   0.14412665  0.6902704 ]]
Peso 2:
[ 0.4068532   0.1407477  -0.47321427  0.7342887   0.05363358 -0.13687877]
Camada: saida
Peso 1:
[[-0.89198864  0.6478165 ]
 [-0.7303741   0.3703972 ]
 [ 1.671372   -1.0950829 ]
 [-1.6815294   0.82908857]
 [-0.7068936   0.8185852 ]
 [ 1.1529299  -0.24176826]]
Peso 2:
[-0.5142701  0.5142701]



pesos modelo: 
Test loss: 2.1942, Test accuracy: 0.5966
Camada: meio
Peso 1:
[[ 0.4057248  -0.03364286 -0.29664335  0.31178644  0.13479981 -0.08839104]
 [-0.04384419  0.02105567  0.1881024  -0.22545485  0.02740344  0.11206636]
 [-0.32413274 -0.3643486   0.01228237 -0.42024702 -0.42624593 -0.06551105]
 [ 0.44668198  0.19908464 -0.4314044  -0.06080624  0.05544393  0.44218042]
 [-0.15350482 -0.09694998 -0.44512504 -0.09612912 -0.4781428   0.166093  ]
 [ 0.02320815 -0.07775743 -0.44658855  0.28020337  0.3788445   0.13052593]
 [-0.35938257 -0.11218155 -0.10299624 -0.37572914 -0.33970574  0.24247788]
 [ 0.06442276 -0.06207124 -0.26230344 -0.2376209   0.3688216   0.11117359]
 [-0.37535605  0.06875214 -0.21638666 -0.39545777  0.17976716  0.51859665]
 [-0.17703874 -0.17549238  0.21719575 -0.05775384  0.47766504  0.1115132 ]
 [ 0.09453823  0.02276934  0.11330091 -0.20437565  0.39252272  0.06745901]
 [ 0.33397713 -0.13250344 -0.14655504  0.1607362  -0.47720888  0.04491107]
 [ 0.3199553   0.06226582 -0.40823695  0.33161893 -0.1226445   0.08170369]
 [ 0.37221527 -0.77467924 -0.25854474 -0.07614138  0.25804478  0.65909916]
 [ 0.5238331  -0.71251714  0.16951168  0.04646347 -0.29701814  0.7148    ]
 [ 0.17992693  0.38909274 -0.17849186 -0.19652525  0.17695932 -0.4182172 ]
 [ 0.48476064  0.7011748  -0.01673979 -0.10975654 -0.14388147  0.08645988]
 [ 0.19177116 -0.7699942  -0.39986932 -0.46075776 -0.18180136  0.7989909 ]
 [-0.4124855   0.51275104  0.38259122 -0.45044985  0.3477795   0.25295871]
 [ 0.22189833  0.6311333  -0.23810911  0.20848586 -0.39213976  0.09736462]
 [-0.5106735   1.8951796  -0.1225965  -0.2820808   0.04266498 -0.95861393]]
Peso 2:
[ 0.3891405  -0.54592824 -0.06861874 -0.06153404  0.04651885  0.8285697 ]
Camada: saida
Peso 1:
[[-0.6480479   0.72068053]
 [ 2.0699513  -1.3613296 ]
 [ 0.55864704 -0.8081161 ]
 [-0.0846996  -0.3420392 ]
 [-0.5468328  -0.14075293]
 [-1.0336623   1.4183087 ]]
Peso 2:
[-0.6491226  0.6491227]



pesos modelo: 
Test loss: 0.7180, Test accuracy: 0.7723
Camada: meio
Peso 1:
[[-2.56219923e-01  1.60856873e-01 -1.77990198e-02 -3.31072152e-01
  -9.82783735e-02  4.48645562e-01]
 [ 3.43109876e-01  2.47810870e-01  3.40587765e-01 -6.47824109e-02
  -3.46773863e-03  2.02543944e-01]
 [ 3.69017452e-01 -1.45002931e-01  3.58128160e-01  6.12604916e-02
  -1.21940821e-01  2.76924103e-01]
 [-2.70312019e-02  1.49205014e-01  4.53213871e-01  2.03134835e-01
  -2.34832495e-01  3.37322742e-01]
 [-1.05021924e-01 -3.51057857e-01  3.70089710e-01  3.34180534e-01
  -3.61073054e-02 -9.17029157e-02]
 [ 8.13066736e-02  3.83701742e-01  3.85195017e-01  2.99118996e-01
   2.31752083e-01  1.91629738e-01]
 [ 2.34157398e-01  3.17373097e-01  4.33554590e-01  4.49015766e-01
  -4.75987680e-02  1.75906867e-01]
 [-2.88240537e-02 -3.40334505e-01 -1.54182566e-02  4.46370244e-02
  -2.06969455e-02  5.03658712e-01]
 [ 1.13170058e-01  4.29263562e-01  7.58489594e-02  4.17316705e-01
   3.77633184e-01  7.90756138e-04]
 [-1.48758337e-01 -3.32128443e-02  4.53085005e-01  2.95055717e-01
   3.30325276e-01 -3.20190489e-01]
 [ 1.93771616e-01  5.30691221e-02 -2.78483570e-01  2.16876715e-01
   1.67820483e-01  2.96352625e-01]
 [-2.56593585e-01 -2.76188254e-01 -2.91775346e-01  1.08130358e-01
   2.01142237e-01 -3.19600493e-01]
 [ 8.28162860e-03 -1.99430197e-01  1.08543433e-01  3.46344352e-01
  -1.73600182e-01 -2.04003856e-01]
 [-1.57772824e-01 -3.61608297e-01 -1.13489531e-01  1.01440513e+00
  -5.02342701e-01 -6.10562637e-02]
 [-6.88972056e-01  2.87527740e-01 -3.77023518e-01  2.51164645e-01
  -4.28373486e-01  5.50852180e-01]
 [ 1.99859247e-01  2.98074484e-01  7.18955994e-02 -3.66415441e-01
   4.52507772e-02  3.02251816e-01]
 [ 4.48724955e-01 -4.22535270e-01  2.33101934e-01  7.50767579e-03
   1.12275071e-01  2.44933069e-01]
 [-3.09356868e-01 -2.91128665e-01 -3.85013193e-01  6.91394031e-01
   3.73369046e-02  5.56022644e-01]
 [ 6.06474459e-01  3.38859648e-01 -1.88830256e-01  3.05414706e-01
   4.97434407e-01 -3.16564262e-01]
 [ 5.83841920e-01 -3.97047028e-02 -9.13249999e-02  8.78286958e-02
   1.67807087e-01  3.02820832e-01]
 [ 1.73750019e+00 -1.62623361e-01  8.35246742e-01 -1.57163942e+00
  -1.74783424e-01 -7.47474134e-01]]
Peso 2:
[-3.8570076e-01  4.7548625e-04 -3.2857075e-02  7.8751618e-01
 -6.6047944e-02  3.2034683e-01]
Camada: saida
Peso 1:
[[ 1.0753078  -1.6834108 ]
 [-0.16383317 -0.13728888]
 [ 0.07934817 -0.9737885 ]
 [-1.2614757   1.5674376 ]
 [ 0.08871266 -0.2135001 ]
 [-0.7038657   0.6125069 ]]
Peso 2:
[-0.40993777  0.40993688]



pesos modelo: 
Test loss: 1.4357, Test accuracy: 0.5821
Camada: meio
Peso 1:
[[-0.36888856 -0.21696445 -0.12258607 -0.3386505   0.26141533 -0.32874778]
 [-0.2827875   0.31434694  0.26383433 -0.40610275  0.45983067 -0.398466  ]
 [ 0.16960499 -0.10409138  0.40875152  0.22805569 -0.32836014  0.10926005]
 [-0.10543469  0.39540645  0.28167546 -0.04837237 -0.17014888  0.16038592]
 [ 0.08959021  0.24687004  0.23291552  0.24643418  0.12372615  0.11980808]
 [-0.10793126  0.2549785   0.2560215   0.17576738 -0.02952802  0.07675391]
 [ 0.4959313  -0.409235   -0.31929564  0.03630373  0.21326546 -0.27806893]
 [ 0.53662133 -0.43585113 -0.31305918  0.37293723  0.2952207   0.12726045]
 [ 0.47480923  0.17746015  0.32977045  0.13094935  0.47186005  0.17857192]
 [-0.02751863 -0.04170781 -0.0267855   0.38774553 -0.11274501 -0.32200176]
 [ 0.21130687 -0.2637273   0.1594622   0.5049815   0.32020473  0.2614838 ]
 [ 0.12979817  0.42306244 -0.21453115  0.37155125  0.10685612 -0.04822738]
 [ 0.418853   -0.42472038 -0.11286596 -0.16320787  0.09254595 -0.33582094]
 [ 0.7026187   0.4645932   0.45818037  0.39114097 -0.5930032   0.27117583]
 [ 0.9078845  -0.24474704  0.12425807  0.64781165 -0.12014228  0.17353529]
 [ 0.03428888 -0.35101363  0.18532361 -0.256885    0.54475623  0.17561314]
 [-0.00400936  0.27969965 -0.65704226 -0.07906121  0.15320905  0.18172944]
 [ 0.57819766  0.34193018  0.48937663  0.51710165 -0.05483254 -0.30086392]
 [-0.03084373  0.03713715  0.28667888 -0.01018589  0.7659594   0.49054828]
 [-0.28291717 -0.47044224  0.3819181  -0.12052739  0.24471633 -0.33796135]
 [-1.2618986   0.08343725 -0.47874    -0.6653623   1.7821922  -0.45468017]]
Peso 2:
[ 0.9691106   0.04812357  0.26143405  0.43034035 -0.3717152   0.07193348]
Camada: saida
Peso 1:
[[-1.6436803   1.3249075 ]
 [ 0.00683482  0.44585615]
 [-0.61969095  0.91083086]
 [-1.3453841   0.28433198]
 [ 1.6749349  -1.0910803 ]
 [ 0.13940862  0.6170316 ]]
Peso 2:
[-0.15054214  0.15054189]



pesos modelo: 
Test loss: 0.7828, Test accuracy: 0.7565
Camada: meio
Peso 1:
[[-0.15705782 -0.08731344 -0.2772895  -0.17674658  0.00558552  0.28613517]
 [ 0.26372746 -0.39332214  0.16481677 -0.32542706  0.38762072  0.39869007]
 [ 0.45636317 -0.37440708 -0.0362182   0.4149026   0.00842026  0.06177512]
 [ 0.2218362   0.00280632  0.345073    0.3829332  -0.25082523 -0.42361826]
 [ 0.097088   -0.14874077 -0.19904359  0.2787359  -0.19178346 -0.11694606]
 [ 0.04181394 -0.27189472 -0.04708045  0.30665958 -0.10552406 -0.15641205]
 [-0.11123306  0.4040219  -0.29392648  0.04699118  0.28376603 -0.24364614]
 [ 0.00344242  0.1484875   0.11454915  0.07119559  0.18387456 -0.43304488]
 [ 0.01007442  0.36202195  0.14481638  0.20158619  0.10308219 -0.2715216 ]
 [-0.05407356 -0.12995747 -0.12292563  0.16819926  0.29156402  0.4924071 ]
 [-0.15948097 -0.4251783  -0.34847137  0.10228917  0.3665499  -0.37021384]
 [-0.07447705  0.316185    0.15246412  0.2026402  -0.17549981  0.2118803 ]
 [ 0.08810934 -0.34354123  0.37096292  0.13302547 -0.19860074  0.12320418]
 [-0.315184   -0.25103745  0.21788442  0.73022276 -0.41607267 -0.22445251]
 [-0.7529953   0.10784758 -0.40970057  0.4314975   0.25870156  0.3443816 ]
 [ 0.55788976 -0.49634105 -0.07801847  0.03216551  0.17124544 -0.10148637]
 [ 0.5888638  -0.10272729  0.06266326  0.18214664 -0.07181449  0.18058972]
 [-0.4803818   0.1896186  -0.01846652  0.83550704 -0.17334406  0.29665682]
 [ 0.36467093 -0.45033503  0.14543647  0.18720885 -0.04501856  0.2266432 ]
 [ 0.46258172 -0.01025271 -0.3724918  -0.11764774  0.10196079 -0.1284896 ]
 [ 1.81015     0.32410178 -0.24397579 -1.6649104  -0.28931853 -0.07966309]]
Peso 2:
[-0.44754982 -0.00151746  0.18582389  0.8701618   0.00604561  0.05628492]
Camada: saida
Peso 1:
[[ 1.602762   -1.3945707 ]
 [-0.36301053  0.60081214]
 [-0.698279    0.24229595]
 [-1.2368778   1.7872937 ]
 [-0.87568563 -0.6425552 ]
 [-0.544569   -0.26830322]]
Peso 2:
[-0.51483566  0.51483566]



pesos modelo: 
Test loss: 0.8131, Test accuracy: 0.7366
Camada: meio
Peso 1:
[[-4.0515754e-01 -1.5619916e-01  4.4142887e-01 -2.4451584e-02
   3.0022457e-01  3.0222920e-01]
 [-1.3146907e-02  1.4649186e-01 -4.0272191e-01  2.0730034e-01
   4.4861522e-01  3.9593670e-01]
 [-3.9462286e-01  1.2435916e-01 -3.1340790e-01 -4.6864599e-01
  -1.8166023e-01 -2.5367749e-01]
 [ 2.3495790e-01  1.8518272e-01 -4.4491297e-01 -4.5994394e-03
   1.4737846e-01 -6.5438993e-02]
 [-8.8513196e-02  9.4029590e-02 -4.2681709e-01  2.1651801e-01
   7.1758360e-01  1.5655054e-01]
 [-4.5100056e-02 -3.1673416e-01 -3.4988663e-01  2.7412635e-03
  -1.7571875e-01 -1.4644349e-01]
 [-1.6866103e-01 -3.1956717e-01 -4.3208480e-01  2.9350829e-01
   5.0528848e-01  9.9579178e-02]
 [-7.7671804e-02  8.1681497e-02  1.9703214e-01 -1.0729738e-01
   1.3242650e-01  4.5327317e-02]
 [ 2.3982389e-01 -1.8327533e-01  2.0408297e-01  2.2901802e-01
  -1.4441751e-01 -1.2328950e-01]
 [ 6.0339093e-02  2.7952841e-01  2.8801590e-01  3.4932233e-02
   4.8313046e-01 -3.7676729e-02]
 [ 2.5785685e-01 -3.4955376e-01  6.3699245e-02  1.5474240e-03
   1.8809634e-01 -1.3239637e-01]
 [-2.1783586e-01  1.7854239e-01  1.8012425e-01 -4.3409184e-01
   5.3802156e-01  1.6741303e-01]
 [-4.1966534e-01 -1.9539240e-01 -2.4043798e-01 -4.0241334e-01
  -1.1225825e-01 -5.4088838e-02]
 [-5.4984146e-01 -3.6777634e-02  2.1910594e-01 -1.2667619e-01
   3.2353988e-01 -6.2547028e-01]
 [-1.0010957e-01  1.5619276e-01  1.1892979e-01 -4.2661712e-01
  -1.0698219e-01 -7.4982327e-01]
 [ 4.3432498e-01 -2.2664309e-01 -7.1043365e-02 -3.6395448e-01
  -2.8123083e-02  4.6873307e-01]
 [ 1.2282373e-01 -3.3968520e-01 -3.0846897e-01 -2.9028541e-01
   3.5972349e-02  4.1284361e-01]
 [-5.4768574e-01 -3.3355796e-01 -3.3407205e-01  2.6540390e-01
  -9.7195290e-02 -5.5155373e-01]
 [ 3.1617734e-01 -3.2170105e-01 -1.8169565e-01 -1.3538620e-01
   1.5885651e-01  4.6683979e-01]
 [ 1.4932016e-03  8.4028810e-02 -4.6071789e-01 -3.2648861e-01
  -2.6343530e-01  2.9688451e-01]
 [ 7.2168458e-01  6.9361031e-02 -3.2305795e-01 -2.4620175e-02
  -4.5399246e-01  2.2347643e+00]]
Peso 2:
[-0.24770853 -0.27307937 -0.16580893 -0.06452536  0.6823465  -0.5071526 ]
Camada: saida
Peso 1:
[[ 0.92075944 -0.00887952]
 [ 0.57350093 -0.6075895 ]
 [ 0.4562206  -0.11399043]
 [ 0.08055549 -0.1715753 ]
 [-0.74082583  1.0046889 ]
 [ 1.9586332  -1.9424773 ]]
Peso 2:
[-2.1489663  2.1489646]



pesos modelo: 
Test loss: 1.6041, Test accuracy: 0.6320
Camada: meio
Peso 1:
[[-4.4180003e-01 -4.5613927e-01 -2.7393878e-02  4.1888371e-01
   4.6865788e-01 -9.8114610e-03]
 [ 1.7075297e-01 -4.3193078e-01  4.6910498e-01 -1.4399925e-01
   3.1804147e-01  1.1810908e-01]
 [-1.7377055e-01  7.4696571e-02 -4.6502134e-01  3.8575122e-01
  -4.5629326e-01 -2.3426668e-01]
 [ 3.4583189e-02 -6.5401912e-02 -2.3367791e-01  4.8268136e-01
  -4.4920674e-01  2.4715319e-01]
 [ 3.6391392e-01  7.2783433e-02 -3.2906532e-01  1.5340339e-01
   1.3245387e-01  3.5833037e-01]
 [-1.6448487e-01  5.9663423e-04 -1.1912959e-01  2.3801661e-01
   3.6190265e-01  5.8549362e-01]
 [-4.5413177e-02 -1.6096339e-01 -5.3725678e-02  1.7845596e-01
  -3.4915087e-01 -1.4920270e-02]
 [ 4.6283890e-02  1.1963627e-01  3.3700070e-01 -1.7445382e-01
  -1.4506708e-01  2.7460164e-01]
 [-5.1683169e-02  8.7854443e-03  5.6611091e-01  4.9141246e-01
  -4.1187459e-01  3.1122617e-02]
 [-1.6724262e-01 -9.3687303e-02  3.8344643e-01  2.9262918e-01
   2.3658572e-01  1.3989840e-01]
 [ 4.5425615e-01  3.3653980e-01  4.0080127e-01 -2.9807052e-01
  -2.5640595e-01  1.6140389e-01]
 [-1.8884136e-01 -1.8595366e-01 -3.0057529e-01 -2.7104971e-01
   1.2849416e-01  5.2844429e-01]
 [-6.4668499e-02  1.3624120e-01  3.8698095e-01  1.2570581e-01
  -2.4160014e-01  3.8299370e-01]
 [ 8.5982454e-01 -2.8371975e-01  5.4267764e-01  2.5201109e-01
  -6.4428888e-02  4.6692416e-01]
 [-2.2098325e-02 -8.1398368e-01  2.3386255e-01 -2.5909340e-02
  -1.0430335e-01  7.1703446e-01]
 [ 2.7100304e-02  4.9220043e-01  4.0130717e-01 -4.0326613e-01
  -5.8429694e-01 -3.1941158e-01]
 [-2.1142691e-01  2.3090494e-01  4.1795063e-01 -3.5954168e-01
  -1.3465108e-01 -2.5461885e-01]
 [ 1.7227483e-01 -7.3226166e-01  2.8504542e-01  4.3437999e-02
  -1.1274061e-01  2.4755646e-01]
 [ 4.9056742e-01  6.5232879e-01 -2.0671423e-01 -3.6175853e-01
   3.0082011e-01 -3.2418661e-02]
 [ 3.2061523e-01  6.9737792e-01  6.6400357e-02 -3.9411104e-01
   2.2918463e-01 -4.2510897e-02]
 [-8.5697192e-01  1.8334159e+00 -8.9422065e-01  8.5071079e-02
   1.1198573e-01 -8.9279461e-01]]
Peso 2:
[ 0.5590934  -0.4920439   0.36713907  0.0493582  -0.00595347  0.59891117]
Camada: saida
Peso 1:
[[-0.92842877  0.96924406]
 [ 1.539172   -1.7484481 ]
 [-1.3832175   0.14065112]
 [-0.5615562  -0.27853698]
 [-0.2308859   0.72221714]
 [-0.92079055  0.81228995]]
Peso 2:
[-0.5049777   0.50497794]



pesos modelo: 
Test loss: 1.2115, Test accuracy: 0.6768
Camada: meio
Peso 1:
[[ 1.01476341e-01  1.21376216e-02 -4.56816196e-01  2.75878340e-01
   7.49802291e-02  2.49247551e-02]
 [ 1.57456785e-01 -4.61791158e-02 -2.73698390e-01  1.34011120e-01
  -1.25490725e-01  6.01453483e-02]
 [-1.44943237e-01 -4.48123157e-01  4.09698933e-01 -3.54389817e-01
   1.57671481e-01 -4.36635494e-01]
 [-3.56777549e-01 -2.18054429e-02  4.85029556e-02  1.29650444e-01
   3.57591510e-01  1.70305893e-01]
 [ 2.19954718e-02 -3.09083052e-02 -1.24531791e-01 -2.03141928e-01
  -2.54873216e-01  2.80862659e-01]
 [-3.14111233e-01  1.77799374e-01 -2.03330647e-02 -3.99071872e-01
   4.36920017e-01  5.04622996e-01]
 [-1.26952767e-01  7.64785409e-02  9.37685296e-02 -3.35184991e-01
  -1.67671844e-01  3.66889238e-01]
 [ 3.21973413e-01  1.75737217e-01  3.59736979e-01 -3.86548758e-01
   3.11990857e-01  3.52711916e-01]
 [-1.79052249e-01 -2.17303604e-01 -1.40852695e-02  2.88684696e-01
   4.30451065e-01 -1.63659453e-01]
 [-3.99642885e-02  5.63398711e-02  4.09773618e-01 -4.22032177e-01
  -4.52272683e-01  1.86848238e-01]
 [ 3.20430398e-01 -7.01137632e-02 -3.38249475e-01  8.87350589e-02
   1.16308905e-01  2.99615324e-01]
 [-3.83009650e-02  4.18205708e-02 -2.33878300e-01 -6.02904856e-02
  -2.94965863e-01  5.34177065e-01]
 [-3.07879835e-01 -1.27892956e-01  9.83958989e-02  3.11989963e-01
  -1.74039319e-01  7.66666532e-02]
 [-3.80461514e-01 -5.64487696e-01 -2.35826552e-01 -4.01399255e-01
   9.22642276e-02  7.40953505e-01]
 [ 3.86630267e-01 -8.49974215e-01  7.31392145e-01  3.54655951e-01
  -5.88587602e-04 -5.23424707e-02]
 [-3.18498999e-01  3.87974888e-01 -3.52346480e-01 -2.07116723e-01
  -5.33510387e-01  2.92374134e-01]
 [ 2.42142484e-01  3.92358989e-01  4.61468883e-02 -4.50922251e-01
   9.56043303e-02  1.57412384e-02]
 [-4.29021120e-01 -6.48386955e-01  3.30185473e-01 -2.20770746e-01
  -2.56169140e-01  2.37043083e-01]
 [-4.74936754e-01  6.01217747e-01  4.62095529e-01 -3.57105553e-01
  -2.27309003e-01  1.39151767e-01]
 [ 4.15692538e-01  5.41362047e-01  8.67511053e-03  3.55344057e-01
  -8.22574422e-02  2.08869129e-01]
 [ 2.29787260e-01  2.26712537e+00 -1.96541801e-01 -2.12662846e-01
   1.55472770e-01 -6.82207465e-01]]
Peso 2:
[-0.01653435 -0.5759886   0.43410683 -0.06031363  0.10787709  0.63698274]
Camada: saida
Peso 1:
[[ 0.30590582  0.77759653]
 [ 2.1603847  -1.7140051 ]
 [-0.2838594   1.0136819 ]
 [ 0.33706972  0.11794267]
 [-0.33253652  0.5513069 ]
 [-1.0269153   0.7901414 ]]
Peso 2:
[-1.0611318  1.0611302]



pesos modelo: 
Test loss: 1.5969, Test accuracy: 0.6414
Camada: meio
Peso 1:
[[ 0.37363002 -0.02647048 -0.35263503  0.29318234  0.30416438  0.09869489]
 [ 0.07436129 -0.2530697  -0.23416351 -0.34873348  0.13547829  0.14977673]
 [ 0.08611581  0.17994097  0.13744345 -0.30273193 -0.4601992   0.44886628]
 [ 0.6099073  -0.04889683 -0.00990063  0.2951665   0.12077119 -0.14755441]
 [ 0.27643868 -0.34661165  0.04037432 -0.00961971 -0.04403372 -0.17283991]
 [ 0.14817679 -0.37319824  0.04187966 -0.11458056  0.03813438  0.16541976]
 [ 0.0301232  -0.36368826  0.33370164  0.28583968  0.10652555  0.34183323]
 [-0.01031716  0.12783346 -0.45316732  0.30136493  0.11535087  0.42477947]
 [ 0.24075165  0.37336016 -0.3097694   0.37589318  0.02318915 -0.00205882]
 [ 0.32186034  0.3618862   0.34620744  0.10308967 -0.06621716 -0.17839892]
 [ 0.07766896  0.3080978  -0.11522973 -0.4404598  -0.0294709   0.33292747]
 [ 0.0535124   0.0291611  -0.43166596 -0.18745583  0.15164427  0.62663746]
 [ 0.07506113  0.308032    0.15222381  0.14799592  0.05470965  0.2016517 ]
 [ 0.27282876 -0.22043063  0.18371998  0.10831039 -0.33817407  0.84640145]
 [ 0.06167499 -0.3220508   0.37828624  0.33272445 -0.82524323  0.4606034 ]
 [ 0.02574589  0.02841192  0.08754919 -0.2076933   0.3655307   0.04817498]
 [-0.20730577 -0.1167014  -0.1242118   0.02070846  0.5859684   0.30851933]
 [ 0.73996073 -0.27412006 -0.42079493  0.3967295  -0.5248333   0.25601488]
 [-0.19123109 -0.41560453 -0.43227008  0.3332546   0.54201543  0.0715593 ]
 [ 0.0821811  -0.0336425  -0.2526361   0.03968076  0.28607503 -0.44301236]
 [-0.8651096   0.01829686  0.18787766 -0.40334034  2.0314987  -0.78245527]]
Peso 2:
[ 0.6961175  -0.06363969  0.0822273   0.29059526 -0.5570421   0.5937303 ]
Camada: saida
Peso 1:
[[-1.2577373   0.7015895 ]
 [-0.5623762  -0.15182066]
 [-0.30438757  0.18983053]
 [ 0.07251394  1.1388607 ]
 [ 1.7486099  -1.5107262 ]
 [-0.65770906  1.2956544 ]]
Peso 2:
[-0.51848483  0.5184845 ]



pesos modelo: 
Test loss: 0.8057, Test accuracy: 0.6801
Camada: meio
Peso 1:
[[ 0.11221805 -0.10735252 -0.44091403  0.13152751 -0.1461221  -0.47124505]
 [-0.37409353 -0.30020076 -0.26369238 -0.43555272 -0.16297927 -0.17309824]
 [-0.16016522 -0.252209   -0.2654586   0.1016725  -0.3493868   0.41038558]
 [ 0.02086067  0.1786531   0.18360902  0.25963742  0.24367172  0.06503357]
 [ 0.26383638  0.22208399  0.2676758   0.31387725 -0.21831354  0.03105514]
 [ 0.30532032  0.17569342  0.19789991  0.44413945 -0.26770395  0.35438967]
 [ 0.04758012 -0.07894678  0.19835205  0.03715735 -0.47061116  0.25941893]
 [ 0.39193946  0.22961406  0.15272805  0.66495454  0.01219304  0.22559528]
 [-0.3957605   0.0642511   0.04644791 -0.06236108 -0.1618404   0.22269647]
 [-0.29621232  0.17118005  0.11755554  0.09582136 -0.2528981   0.04118317]
 [-0.3737923   0.49093348  0.02512013  0.5334563   0.31937653  0.02701828]
 [-0.38892245  0.3191413   0.14598268  0.29367438  0.06211526 -0.06738623]
 [-0.41188434  0.00331293  0.20537588  0.03946088 -0.13033763  0.1919578 ]
 [-0.35944715  0.74091554  0.5464216   0.19616432 -0.1976767   0.28440738]
 [ 0.17533599  0.65347683  0.38065884  0.00700154 -0.34026498  0.5983587 ]
 [ 0.32791507  0.25095788  0.1615526   0.8005285  -0.26750293 -0.52601874]
 [-0.40808564 -0.2920317   0.29731038  0.14415433 -0.29280728 -0.3801568 ]
 [-0.18721595  0.69081295  0.28765443  0.2571818   0.11220912  0.8271146 ]
 [-0.18735102  0.3053867  -0.3519159   0.61895275 -0.4165836  -0.1581622 ]
 [-0.3667808  -0.37035972  0.12153501  0.6190358  -0.0649775   0.23997657]
 [ 0.01549692 -1.613857   -1.6647921   0.63993245  0.42667997 -0.6269483 ]]
Peso 2:
[-0.04719756  0.9779696   0.7115058   0.02776152  0.01023545  0.74779445]
Camada: saida
Peso 1:
[[-0.04466405 -0.45015872]
 [-1.2612506   1.6461024 ]
 [-1.82        0.7520973 ]
 [ 1.3206837  -0.47815746]
 [-0.38165027  0.02850381]
 [-0.9348095   0.9559201 ]]
Peso 2:
[ 0.5489857  -0.54898715]



pesos modelo: 
Test loss: 1.4882, Test accuracy: 0.6651
Camada: meio
Peso 1:
[[-0.38623506  0.09495148 -0.07050526  0.19499335 -0.15014416  0.31026372]
 [ 0.181214    0.34098712 -0.1479769   0.03372815  0.09657475  0.02352852]
 [ 0.32042632  0.34755382  0.3795477   0.23789176  0.19256803  0.08471921]
 [ 0.04160263 -0.07801972 -0.06369704  0.22218919 -0.12037583  0.06465589]
 [ 0.0177627   0.52957195  0.2609626   0.16816223  0.19938529 -0.15257086]
 [ 0.00361604 -0.2649369  -0.28753614  0.1361568   0.25779974  0.01648496]
 [ 0.03913535 -0.24533458  0.17415015  0.16522191 -0.00826561  0.14731964]
 [ 0.13211226 -0.37820154  0.10668515  0.15461066  0.01323471 -0.03189566]
 [ 0.03004069 -0.30879867  0.13545346  0.12807798 -0.11582089  0.29141194]
 [ 0.07315601 -0.24844381 -0.23389323  0.04387513  0.18207367  0.06750245]
 [ 0.01072736  0.19124332 -0.01473995  0.05062057  0.26327798  0.21541996]
 [ 0.23806527 -0.45973006  0.11984565  0.19334625 -0.14587991 -0.0863862 ]
 [ 0.10153154 -0.43741187 -0.49392423  0.12715597 -0.02583393  0.08590826]
 [ 0.48915544 -0.38582927  0.05971204  0.82051295  0.54337454 -0.05859224]
 [ 0.7284236   0.3082741   0.27983582  0.4351513   0.24881703  0.47163144]
 [-0.40154812  0.15208179  0.15072578 -0.31561863  0.6120498   0.16139702]
 [-0.04713421 -0.2714171  -0.47478744 -0.15642637 -0.42890668  0.55241865]
 [ 0.5412666  -0.04215898 -0.43999952  0.550348    0.61691314 -0.10962255]
 [ 0.01832082 -0.19986306 -0.47682256  0.09609598 -0.3717095  -0.62404436]
 [-0.16474713  0.03284059 -0.00291258  0.20216835 -0.12895212 -0.40541124]
 [-1.0057322  -0.36199778 -0.03718613 -1.9392726  -0.82624036 -0.8360498 ]]
Peso 2:
[ 1.0336694   0.0870517  -0.16399094  1.0735388   0.5169475   0.49362853]
Camada: saida
Peso 1:
[[-1.2184916   1.2177883 ]
 [-0.43669677  0.6496718 ]
 [-0.2627146  -0.63860196]
 [-2.0027027   1.2837026 ]
 [-1.1865212   0.6043178 ]
 [-1.050101    0.59014124]]
Peso 2:
[ 2.5320785 -2.5320778]



pesos modelo: 
Test loss: 0.8666, Test accuracy: 0.7359
Camada: meio
Peso 1:
[[ 0.32964262  0.29152045  0.3278325   0.28493318  0.37480876 -0.18521518]
 [-0.41642615  0.12533417 -0.00535601 -0.06036833 -0.200988   -0.281409  ]
 [ 0.3988472  -0.4672631   0.29799327  0.31915244 -0.01930979  0.31228736]
 [-0.11563184  0.32725602 -0.11394827  0.13669983  0.34082112  0.41555515]
 [ 0.3405706   0.53378814 -0.27392083 -0.15029116 -0.0151564   0.24646142]
 [-0.4054689   0.28372312  0.11952446 -0.39471558  0.23002324  0.15903687]
 [-0.42227912  0.27858734 -0.23482211 -0.34921607  0.33520913  0.23770161]
 [-0.05812807  0.26617476 -0.4658443  -0.21646756 -0.07154708  0.10328978]
 [-0.15091844 -0.18463944 -0.07936992 -0.29220095  0.14045648 -0.2651011 ]
 [ 0.32482734  0.38350484  0.01970972 -0.3236166   0.37490776  0.5254111 ]
 [-0.3478246   0.42451456 -0.40461606 -0.2097507   0.31943625  0.5053934 ]
 [ 0.3807058   0.1323572  -0.24414062  0.45569605  0.29189008  0.09875267]
 [-0.4368351  -0.04034591  0.24703106 -0.16261604  0.24719413 -0.05427315]
 [ 0.41838497  0.26399782  0.00298436 -0.43131524  0.6289128  -0.53081036]
 [ 0.10071451  0.6041355  -0.01011329 -0.28128427  0.5026804  -0.17276056]
 [ 0.41538498 -0.12599902 -0.29999673 -0.33123246 -0.09955072 -0.01648244]
 [-0.30384523  0.11770806  0.24199277  0.07227849 -0.35721445  0.49569952]
 [ 0.41107523  0.21596046 -0.26720914 -0.18298413  0.6147323  -0.54083693]
 [-0.4349964  -0.190845   -0.01205551 -0.2917392  -0.11497039  0.43736085]
 [ 0.11067443  0.278178    0.3175078   0.16568737  0.11157414  0.6464239 ]
 [-0.13939035 -1.6581322  -0.35744008  0.03995478 -1.1085933   1.553074  ]]
Peso 2:
[-2.3072561e-02  7.8443313e-01 -1.4122738e-01  7.4719032e-04
  7.5155163e-01 -3.6849275e-01]
Camada: saida
Peso 1:
[[ 0.3127935   0.425207  ]
 [-1.4047723   1.2836535 ]
 [ 0.56962955  0.06730401]
 [ 0.3139928   0.42155987]
 [-0.960634    1.2103614 ]
 [ 1.2370329  -1.4715765 ]]
Peso 2:
[-0.21900521  0.2190052 ]



pesos modelo: 
Test loss: 0.7302, Test accuracy: 0.7091
Camada: meio
Peso 1:
[[-0.4195583  -0.13711607 -0.18110266 -0.2287306   0.29863742 -0.37520495]
 [ 0.13086542  0.26936176 -0.05619997 -0.33221227 -0.22771144  0.42982456]
 [-0.26297867 -0.34255373  0.13374254 -0.0511438   0.3857672   0.3926979 ]
 [-0.3035465   0.05417667 -0.2249145   0.2260271  -0.03837484  0.28943747]
 [ 0.27746493  0.12723221 -0.02492366 -0.1723602  -0.05651679  0.30501834]
 [-0.17643055 -0.00725415  0.09640605 -0.13014498 -0.17795885 -0.43653867]
 [ 0.06307887 -0.00756913 -0.5065632   0.431489   -0.04601192 -0.26495513]
 [ 0.36208     0.29568323 -0.2722213   0.4345012   0.29331124 -0.46311292]
 [-0.37126902 -0.22111343  0.19398288  0.44580197 -0.15933174 -0.44156826]
 [ 0.21774234  0.31121197  0.3416151  -0.05134588  0.02904649 -0.38647023]
 [ 0.28668106  0.29568878  0.05012308  0.10574768  0.16821642 -0.19538225]
 [-0.16965169  0.0078763  -0.4627574   0.40873238  0.05939212 -0.02841157]
 [-0.27791718  0.40727502  0.17102192  0.25623482  0.24910505 -0.35747045]
 [ 0.36489683  0.6383979  -0.43667552  0.49732673 -0.3823749  -0.17772076]
 [ 0.32907143  0.67272145 -0.02010887  0.39686233 -0.2514244   0.2118051 ]
 [ 0.02508458  0.01119058  0.26375183 -0.05722854  0.507924   -0.2886071 ]
 [-0.1584029   0.5508955  -0.14899404  0.04182076  0.64250916  0.0542888 ]
 [-0.0276658   0.5231885   0.22286801  0.32558626 -0.40896472 -0.44686726]
 [ 0.2138077  -0.01589371  0.06598647  0.02455565  0.52281713  0.14660804]
 [ 0.13690318 -0.18302366 -0.16911463 -0.03290757  0.3306405  -0.4559683 ]
 [ 0.04022021 -1.2882258  -0.17487024 -1.0144776   1.7803676   0.00416809]]
Peso 2:
[-0.00305929  0.7798916  -0.18609326  0.50211394 -0.5657632  -0.00740046]
Camada: saida
Peso 1:
[[ 0.11936402  0.34304357]
 [-1.7040659   0.7976285 ]
 [ 0.541999    0.01186638]
 [-1.3366029   0.3637456 ]
 [ 1.5924813  -1.58259   ]
 [ 0.26800108 -0.64091533]]
Peso 2:
[-0.4740032   0.47400323]



pesos modelo: 
Test loss: 0.7775, Test accuracy: 0.7171
Camada: meio
Peso 1:
[[-3.79166752e-01  1.57569647e-02  3.66584092e-01 -2.70922065e-01
  -1.69825166e-01 -1.48722082e-01]
 [-3.22441161e-01 -1.28669053e-01  2.98114449e-01 -9.39093530e-02
  -9.66290236e-02 -2.25546449e-01]
 [-3.60064566e-01 -4.11040127e-01 -2.54865348e-01 -4.55056608e-01
   3.71997207e-01 -8.76110494e-02]
 [ 3.21112752e-01 -3.43304388e-02  2.46262372e-01  9.61843580e-02
   3.67936283e-01  2.96413958e-01]
 [ 2.35105753e-02 -2.57311314e-01 -2.39421681e-01 -9.45733413e-02
  -3.27198952e-02 -5.53893973e-04]
 [-2.13911995e-01 -4.41148788e-01  2.54247695e-01  3.83420754e-03
   4.11611348e-01  8.50560516e-02]
 [ 1.17167182e-01 -2.27691978e-01 -8.00946634e-03  4.20807719e-01
   2.62582839e-01 -1.98831603e-01]
 [-2.18306333e-01  3.49362016e-01  1.73557997e-01 -1.19128011e-01
   5.90699792e-01  1.57265171e-01]
 [ 1.46728233e-01 -3.76293898e-01  7.01164156e-02  3.91756862e-01
   2.76359856e-01 -1.62620693e-01]
 [-3.92166615e-01  5.15263863e-02 -2.51722932e-02  4.45799261e-01
   3.04996997e-01 -1.68657988e-01]
 [-4.00830135e-02 -3.04635286e-01 -3.26876119e-02 -4.05277729e-01
  -1.51336700e-01  3.34429741e-01]
 [-1.25227466e-01 -8.82595778e-02 -1.62109599e-01  4.18653935e-01
  -2.77236342e-01  1.26564398e-01]
 [-4.06564996e-02  4.23462987e-01  1.51921645e-01  2.70821661e-01
   4.19734627e-01  6.23463467e-02]
 [-3.69710684e-01  1.98719546e-01 -1.50963008e-01  2.51851737e-01
   4.04060125e-01  8.61987889e-01]
 [-1.24681376e-01  3.83458942e-01 -1.84167579e-01 -1.16091020e-01
   5.27294636e-01  8.67351234e-01]
 [ 4.32440400e-01  3.32693845e-01  2.15359434e-01 -4.31758702e-01
  -3.30378324e-01  2.21731365e-01]
 [-1.83298424e-01  5.12748897e-01  6.83387041e-01  2.91938275e-01
   4.55836415e-01 -1.18897311e-01]
 [-2.00596109e-01  2.19819639e-02 -3.11398625e-01 -1.79025363e-02
   3.71283203e-01  5.92768788e-01]
 [ 3.76351506e-01  2.96354797e-02  7.14352310e-01  2.00807095e-01
   1.18182272e-01  2.54560798e-01]
 [ 3.07950765e-01  5.05990565e-01  3.30430329e-01 -1.49872839e-01
  -3.67697626e-01  1.86963633e-01]
 [ 1.98590547e-01  3.87740314e-01  1.74932110e+00 -6.14827394e-01
  -1.02832079e+00 -1.14998996e+00]]
Peso 2:
[ 0.03693457 -0.02630891 -0.37218577  0.2122256   0.5647521   0.7058506 ]
Camada: saida
Peso 1:
[[-0.13285503 -0.61165386]
 [-0.3128863  -0.72000384]
 [ 1.5979153  -1.2067845 ]
 [-0.47439796  0.44318753]
 [-1.6129518   0.44593737]
 [-1.288234    1.340188  ]]
Peso 2:
[-0.31469905  0.3146986 ]



pesos modelo: 
Test loss: 0.9001, Test accuracy: 0.7354
Camada: meio
Peso 1:
[[ 4.67748076e-01 -1.97115093e-01 -7.34718442e-02 -2.44131625e-01
   2.92998582e-01  4.53059047e-01]
 [-1.53569579e-02  2.90564090e-01  1.43037885e-01  3.45452219e-01
  -2.43804798e-01 -4.59478527e-01]
 [ 2.87960321e-01 -2.17932820e-01 -3.41697216e-01  1.06430918e-01
  -3.42980504e-01  2.50765771e-01]
 [ 2.85486549e-01  3.14295381e-01  8.86564404e-02  7.43767153e-03
   1.80123061e-01  2.19997361e-01]
 [ 5.90834133e-02  2.64709383e-01  2.45030560e-02 -4.12061252e-03
   1.72607139e-01  2.65519861e-02]
 [ 1.13951713e-01  2.12650672e-01  4.96871732e-02  2.37221122e-02
   2.11160988e-01 -4.85857278e-01]
 [ 7.83594325e-02 -3.77551854e-01 -3.14691737e-02  2.68668327e-02
   2.18283251e-01  2.42192179e-01]
 [-2.66059805e-02 -3.29594970e-01  3.86307985e-02  2.41622478e-02
   1.20740697e-01 -5.08155942e-01]
 [-1.52203977e-01 -4.68264878e-01  1.70387387e-01  3.63365747e-02
   1.87664837e-01 -1.04486302e-01]
 [ 1.14095792e-01  5.10857888e-02  3.44413929e-02  1.97042013e-03
   1.71969324e-01 -4.60364699e-01]
 [ 1.07655689e-01 -4.18951511e-01  2.44984608e-02  7.58944137e-04
   2.10747942e-01  1.60579607e-01]
 [ 4.84847993e-01  1.91062137e-01 -5.08312881e-02  1.42597957e-02
   1.34936273e-01 -4.51159924e-02]
 [ 1.06949881e-01  2.20950961e-01 -2.15372257e-02  9.89718363e-03
   1.09801754e-01 -4.45895016e-01]
 [ 2.52958804e-01  1.78904012e-01  5.72016954e-01  8.34199667e-01
   1.94740146e-01  6.85002133e-02]
 [ 3.74362230e-01 -4.14280802e-01  1.98755525e-02  8.71786654e-01
   2.50945598e-01  1.01411432e-01]
 [-4.87020940e-01 -4.92695928e-01  2.20641568e-01  8.67239460e-02
  -2.17320114e-01 -1.60451308e-01]
 [-4.49736528e-02 -6.16898797e-02 -3.00449766e-02 -1.00114100e-01
   6.22449964e-02 -2.16207400e-01]
 [-6.20085234e-03  4.29435879e-01  1.76570088e-01  9.98570085e-01
   2.11709499e-01  2.43603989e-01]
 [ 1.61021873e-01 -4.18791592e-01 -5.75724959e-01  2.43941471e-01
  -1.57526851e-01 -4.75648910e-01]
 [-2.24908262e-01  1.71110526e-01  3.58327568e-01  4.61940952e-02
  -3.40128094e-01  2.36761361e-01]
 [-9.01382983e-01  2.22044334e-01 -8.61137033e-01 -1.45102608e+00
  -1.70089900e+00 -1.01377629e-02]]
Peso 2:
[ 0.4351363  -0.03238565  0.5710485   1.0641537   1.0681801  -0.19191958]
Camada: saida
Peso 1:
[[-1.0193346   0.2713604 ]
 [-0.41522634 -0.24517234]
 [-1.1458284   0.6421923 ]
 [-0.97721934  2.0037978 ]
 [-1.5374674   1.1531594 ]
 [ 0.76036257 -0.49831614]]
Peso 2:
[ 2.5282364 -2.5282373]



pesos modelo: 
Test loss: 1.2044, Test accuracy: 0.6794
Camada: meio
Peso 1:
[[-0.06881097  0.16168162  0.41123942 -0.35083193 -0.1027883   0.13771036]
 [ 0.44753435  0.3335689   0.11028954 -0.10604495 -0.046363    0.04039982]
 [-0.27968973  0.10518929  0.30680838 -0.22963446 -0.38218695 -0.08650297]
 [ 0.260412   -0.42314792 -0.4248309  -0.03427679  0.22421955  0.28399575]
 [ 0.17761041  0.25594535  0.282574    0.19569986  0.09316439  0.16936488]
 [ 0.1872332   0.1277546   0.31167248  0.09327777  0.32886997 -0.45150575]
 [ 0.1972077   0.4331035  -0.01904571  0.16733655 -0.19507794  0.12862049]
 [ 0.25459903  0.24741434  0.3787592   0.19926383  0.31853294  0.09321711]
 [ 0.0362884   0.26492125  0.02557596 -0.11534768 -0.2499944  -0.37695014]
 [ 0.22515416  0.40654874  0.03469437  0.17151098 -0.30546507 -0.03264877]
 [ 0.12191721  0.41356677 -0.24235979 -0.04424333 -0.27721593  0.17999159]
 [ 0.02788955 -0.3183394  -0.00744457 -0.15839261  0.34319395 -0.2431936 ]
 [ 0.2045156   0.42854595 -0.15018228 -0.008595   -0.26477143 -0.10835909]
 [ 0.23624298  0.5180701  -0.25931758 -0.64048475 -0.20596957 -0.42352897]
 [ 0.20311072  0.5998091  -0.08373915 -0.3414148   0.72450364 -0.2906718 ]
 [-0.4999043   0.3535988  -0.04701231  0.23843446  0.34708565 -0.27946582]
 [ 0.42922363 -0.33175892  0.25637227  0.67157114  0.36543798 -0.34385926]
 [ 0.7930527   0.05090711  0.0512433  -0.58222914  0.10216657 -0.3691401 ]
 [ 0.37192917 -0.31428927  0.1457978   0.6567565  -0.19573359 -0.10422615]
 [-0.3441218   0.24998607  0.13920717  0.38842556  0.19370872 -0.35151187]
 [-1.3595003  -0.89339954  0.4456211   1.6856358  -0.66993904  0.44150984]]
Peso 2:
[ 0.7365564   0.482183   -0.04618171 -0.32624072  0.22871065 -0.00537917]
Camada: saida
Peso 1:
[[-1.5392944   1.1082978 ]
 [-0.5972996   1.1038237 ]
 [ 0.5492131   0.21114269]
 [ 1.2343868  -1.6257995 ]
 [-0.8614587   0.77838886]
 [-0.4047474  -0.08946174]]
Peso 2:
[-0.3513498   0.35134986]



pesos modelo: 
Test loss: 0.9886, Test accuracy: 0.7051
Camada: meio
Peso 1:
[[ 2.9161766e-01 -2.7516150e-01 -1.3359225e-01  4.2501500e-01
  -2.9792279e-01  1.3359448e-01]
 [-4.1897804e-02  3.5659841e-01  2.7082416e-01 -1.2050313e-01
  -1.0413912e-01  1.6625705e-01]
 [-7.0071101e-02 -3.8385946e-01 -3.7326026e-01 -3.7928534e-01
   3.1240490e-01 -3.7880272e-01]
 [ 1.5839040e-01 -1.3221576e-02 -1.3053347e-01 -4.6920132e-02
   2.9818425e-01  1.6282003e-01]
 [ 3.0728129e-01  1.1327059e-01  1.1038685e-01  1.6362534e-01
  -5.3764101e-02 -1.9096935e-01]
 [ 5.1647735e-01 -1.6282228e-03 -2.6302627e-01  6.6737734e-02
   3.1504467e-01 -1.8417370e-03]
 [ 2.1131986e-01  8.1193909e-02  3.6187363e-01  9.1750197e-02
  -2.8708290e-02 -3.1822744e-01]
 [ 1.4464343e-01 -3.4643826e-01 -4.1115555e-01  1.0330097e-01
   4.8593366e-01 -1.9596420e-01]
 [ 3.7151650e-01 -4.0703839e-01  3.7784630e-01  4.2911030e-02
  -2.7134912e-02 -8.1702255e-02]
 [ 4.8441250e-02 -4.5901656e-01 -4.0463206e-01 -2.1278514e-01
  -2.8860837e-01  9.3830951e-02]
 [ 6.4926869e-01 -3.0241847e-02 -3.8795671e-01  1.8389656e-01
  -1.0396535e-01  8.3492503e-02]
 [ 6.1573707e-02 -4.0014762e-01 -1.3860343e-01 -6.4715795e-02
   2.2716272e-01  5.3171169e-02]
 [ 3.6852263e-02  5.8734212e-03  1.1785920e-01 -2.4769236e-01
  -2.1829826e-01  2.3007220e-01]
 [ 6.4471292e-01  2.3887987e-01  7.4582331e-02 -6.7391658e-01
  -3.8479367e-01 -5.0684130e-01]
 [ 1.1126506e-01  3.8547871e-01 -2.1282209e-01 -6.8410271e-01
   3.3219284e-01 -4.2055687e-01]
 [ 3.6883757e-03  6.8235151e-02 -3.1859207e-01  4.0049607e-01
  -2.1913567e-01  1.2626702e-02]
 [ 1.7295037e-01 -4.6402711e-01  2.0409216e-01  3.0019188e-01
  -1.1159143e-01  2.8789955e-01]
 [ 1.7405485e-01 -2.9201297e-02 -2.1536390e-01 -4.5776549e-01
   1.2604696e-01 -4.2330897e-01]
 [ 6.5154754e-02  1.9746715e-01  2.4275789e-01  4.0938270e-01
   6.6310704e-02  5.0895882e-01]
 [ 5.5255187e-01 -1.1352522e-01 -1.2418567e-01  5.6286222e-01
   3.4628016e-01  3.9314762e-01]
 [-1.1442720e+00  3.2991001e-01 -4.2143372e-01  2.0284007e+00
  -1.3218054e-01  8.6605215e-01]]
Peso 2:
[ 0.82557964  0.02572185  0.07520737 -0.41258985  0.15017441 -0.19346471]
Camada: saida
Peso 1:
[[-1.4996841   0.6210067 ]
 [ 0.65172654  0.86306506]
 [-0.9213724  -0.51244557]
 [ 1.5725458  -1.6702901 ]
 [ 0.55214864  1.0871727 ]
 [ 0.8575336  -0.962301  ]]
Peso 2:
[-1.1743705  1.1743693]



pesos modelo: 
Test loss: 0.8352, Test accuracy: 0.7332
Camada: meio
Peso 1:
[[ 1.85344785e-01  2.74126023e-01  2.24865466e-01 -2.93085814e-01
  -2.16268629e-01 -1.11146182e-01]
 [-1.27777994e-01 -4.17619646e-01 -4.53774095e-01 -2.16168255e-01
  -3.02951336e-01  3.14899653e-01]
 [ 1.67243868e-01 -1.29845798e-01 -2.39415124e-01  2.33276874e-01
  -2.84480870e-01  4.66818959e-01]
 [ 3.58187184e-02  1.09741047e-01 -4.30560142e-01  3.50196451e-01
   1.51457593e-01  3.35061520e-01]
 [-9.57384408e-02  1.01090940e-02 -3.99180800e-01 -4.28616941e-01
  -8.71872157e-02  1.98039070e-01]
 [-4.59701627e-01  6.16919734e-02  9.37175658e-03 -1.65821388e-01
  -3.72113973e-01  4.59057242e-01]
 [-1.84894294e-01 -7.49444813e-02 -1.24291003e-01 -1.22731306e-01
   1.77618399e-01  2.13585738e-02]
 [ 3.43652338e-01  2.04575628e-01 -7.28689730e-02 -3.59790802e-01
   4.56064165e-01  3.77257496e-01]
 [-1.36584878e-01  3.40218879e-02 -1.82633609e-01  1.23178810e-02
   1.93521723e-01  2.01411963e-01]
 [ 2.37027481e-01 -2.21498415e-01 -1.25249261e-02  3.84251028e-01
  -4.02506627e-02 -5.91571443e-02]
 [-4.42407340e-01 -4.79582772e-02  2.29674548e-01 -3.48248221e-02
   1.13388866e-01  1.30891398e-01]
 [-2.21638843e-01 -9.88416281e-03 -2.40939885e-01  4.40008163e-01
  -3.21349680e-01  3.60213250e-01]
 [ 3.40040237e-01  1.13944843e-01  8.29109773e-02 -3.56562197e-01
   4.82279092e-01  2.10712984e-01]
 [-3.36306214e-01 -3.87178242e-01 -1.07395679e-01  2.23988682e-01
   6.08503461e-01  4.34330434e-01]
 [-4.67257196e-04 -4.62023109e-01 -2.74450094e-01 -3.10161799e-01
  -2.73076653e-01  6.87951744e-01]
 [-4.55938637e-01  3.66368681e-01  8.27761143e-02 -8.38045329e-02
  -2.61512935e-01 -1.75712537e-02]
 [ 2.76806623e-01  6.16696119e-01  5.85076213e-01  5.95159344e-02
   4.17536497e-01  3.49207312e-01]
 [ 2.73880750e-01 -7.33081460e-01  1.21277399e-01  1.42800435e-01
   1.63209960e-01  2.31626347e-01]
 [-3.88791800e-01  3.14852268e-01 -3.25150400e-01  3.17894787e-01
  -4.63821948e-01  8.02500173e-02]
 [ 6.04613945e-02  4.74137932e-01 -1.79333165e-01 -3.33242625e-01
   2.68467426e-01  2.41242602e-01]
 [-3.46409678e-01  2.24529648e+00 -1.50258884e-01  1.84355557e-01
  -3.60594958e-01 -1.19927275e+00]]
Peso 2:
[-0.07012418 -0.47625816  0.14193757  0.01915407  0.26851833  0.7553201 ]
Camada: saida
Peso 1:
[[ 0.09106116 -0.05527819]
 [ 1.2969053  -2.211093  ]
 [-0.84391946  0.37045425]
 [-0.11006031  0.19233991]
 [-0.0371356   0.90326786]
 [-1.2541101   1.0721782 ]]
Peso 2:
[-0.7705204  0.7705208]



pesos modelo: 
Test loss: 0.9246, Test accuracy: 0.7015
Camada: meio
Peso 1:
[[ 0.13273147 -0.08967558 -0.30473644  0.3274499  -0.38820225 -0.298407  ]
 [-0.25216132 -0.01895395  0.28707197 -0.40955228  0.38444003 -0.01074633]
 [ 0.27435747  0.22037789  0.44218644  0.09514126  0.03629628 -0.18385962]
 [ 0.16082397  0.18835507  0.46468002  0.3241087   0.13173409  0.33838037]
 [-0.3867887   0.37819704 -0.03076712  0.15941204 -0.18856306  0.31460744]
 [ 0.37628344 -0.3280745   0.5415609   0.15110315  0.25307903  0.29525626]
 [-0.133466   -0.23801945  0.56071824  0.21121418 -0.24706338  0.18942197]
 [ 0.26892737  0.2103771  -0.12836803  0.26108393  0.13838968 -0.02284925]
 [ 0.12534824  0.2122268   0.0907528   0.01938686  0.11837402  0.34528285]
 [ 0.24323605 -0.37346578  0.21424873  0.08499625  0.13016506  0.10404715]
 [ 0.16714469  0.48151702 -0.24903098 -0.19488183 -0.35007015  0.31653607]
 [-0.22117028  0.4772896  -0.13741668  0.0771542   0.15727563  0.30936253]
 [ 0.11708739  0.19760165 -0.06905767  0.27075306  0.24255735  0.16882028]
 [ 0.26967993 -0.24928287 -0.18918248  0.6779276   0.03797632  0.70130855]
 [ 0.1835183  -0.08990896 -0.32845372  0.49156496  0.21176887  0.60016936]
 [-0.3927951   0.40985805  0.07441027  0.16917908  0.36298066  0.1172378 ]
 [ 0.14071159  0.12563732  0.66968685  0.35208172  0.33717984 -0.11281479]
 [ 0.3660856  -0.05985899  0.00814225  0.5732414  -0.42081872  0.78097856]
 [ 0.4575932   0.01853317  0.13683026 -0.39340556  0.44335493 -0.1295041 ]
 [-0.2010453   0.12669703  0.32394254  0.05972588  0.13335747 -0.1063918 ]
 [-0.32571274  0.7377844   1.0431145  -1.1247591   0.50463724 -1.591787  ]]
Peso 2:
[ 0.12171001 -0.06717464 -0.1003778   0.4828509  -0.05814257  0.86510104]
Camada: saida
Peso 1:
[[ 0.215795    1.0061024 ]
 [ 0.712772   -0.45110187]
 [ 0.8490324  -1.0675381 ]
 [-1.490238    0.45820266]
 [-0.269845   -1.1870049 ]
 [-1.6632124   1.5909687 ]]
Peso 2:
[-0.0299983   0.02999835]
