


pesos modelo: 
Test loss: 1.3744, Test accuracy: 0.6569
Camada: meio
Peso 1:
[[-0.10755068 -0.25754267  0.4254675   0.28946865 -0.3233446 ]
 [-0.31953606  0.29410982 -0.26465994  0.22270745  0.18553108]
 [-0.26560885 -0.05360469  0.44605333 -0.10025907 -0.46510056]
 [ 0.08316323 -0.20687023  0.18818861  0.16879198 -0.09217874]
 [-0.05557176  0.383419    0.187771    0.38327172  0.13921054]
 [-0.15366516  0.23102398 -0.30725455  0.5419408   0.03681543]
 [ 0.32846624  0.01619491 -0.35058823  0.21698645 -0.06433411]
 [ 0.13938308  0.17500803 -0.01960077  0.1684241  -0.00724215]
 [ 0.51979005  0.15747802  0.4747      0.17013173  0.35292053]
 [ 0.48110762 -0.02472558 -0.14494067  0.41184446  0.10962918]
 [ 0.09883572 -0.3540003  -0.13118641  0.3930278  -0.09862116]
 [ 0.03905374  0.01168482  0.12432279 -0.08378429 -0.04976404]
 [ 0.13378073 -0.17477326  0.29736185  0.5156181   0.08676772]
 [-0.07199728  0.7905333  -0.4107319   0.5215705  -0.45516536]
 [ 0.1528992   0.3116907   0.18506436  0.33714566 -0.74107283]
 [ 0.22336277  0.07655724 -0.19889134 -0.01458663  0.3742096 ]
 [ 0.33341765  0.04116591  0.17101344 -0.16008145  0.6620242 ]
 [-0.15723088  0.4783689  -0.17916577  0.28433928 -0.7792155 ]
 [-0.40047204  0.47959486  0.4728833   0.35575545  0.52434635]
 [-0.18396203 -0.2619961  -0.32934734  0.04211629  0.18643263]
 [-0.72867465 -0.40910408 -0.3746046  -0.63775086  2.2285364 ]]
Peso 2:
[ 0.41011983  0.49341735  0.27236336  0.500687   -0.47933125]
Camada: saida
Peso 1:
[[-1.1931182  -0.00225501]
 [-0.7502953   0.6879564 ]
 [-0.96441716  0.49972934]
 [-0.32444185  1.2919242 ]
 [ 1.3700627  -2.2092738 ]]
Peso 2:
[-0.64100325  0.641003  ]



pesos modelo: 
Test loss: 1.4245, Test accuracy: 0.6906
Camada: meio
Peso 1:
[[ 4.41811860e-01  4.64422286e-01  3.68681550e-02  6.63785934e-02
  -1.29645735e-01]
 [ 4.19165492e-02 -1.93556637e-01 -3.56387615e-01  2.63588011e-01
  -4.26187307e-01]
 [ 4.75286245e-02 -2.15233058e-01 -8.98997188e-02  2.28177786e-01
  -1.42030358e-01]
 [-4.21374977e-01  6.48791960e-04  1.13629304e-01 -3.27633619e-01
  -1.20289095e-01]
 [-2.35961691e-01  2.95795221e-02  1.20085068e-01 -8.59532803e-02
   9.37389396e-03]
 [-1.94579840e-01  2.75689870e-01  4.53135520e-02  5.42734787e-02
  -3.32612485e-01]
 [-4.63783413e-01  3.41647476e-01  4.68108281e-02  5.91492560e-03
   1.05713997e-02]
 [ 1.94854364e-01  1.10895924e-01  1.20465800e-01  3.19843978e-01
  -2.79627442e-01]
 [ 5.95178977e-02  7.15174451e-02  7.32226893e-02 -3.93333912e-01
  -2.13894218e-01]
 [-8.26069489e-02 -4.95335041e-03  7.46070519e-02  2.07083344e-01
   3.14376801e-01]
 [-3.04801226e-01  1.36507049e-01  7.87189305e-02  2.68977731e-01
   2.87909098e-02]
 [-3.77162069e-01  1.53825745e-01  5.19601852e-02 -4.95333672e-01
   1.26536667e-01]
 [-2.60489136e-01  2.00674579e-01  8.24999064e-02  1.23282522e-01
   6.99114054e-02]
 [ 2.44343281e-01  8.03894699e-01  9.52358007e-01  1.99470952e-01
  -1.21801704e-01]
 [-4.29284394e-01 -1.48190990e-01  1.18200898e+00 -1.64900288e-01
   4.85846370e-01]
 [ 3.68647091e-02  3.64030659e-01 -3.37961942e-01 -3.02434176e-01
  -1.77195862e-01]
 [-2.56680995e-01 -3.76472175e-01  6.45428821e-02 -1.83064356e-01
  -2.71002293e-01]
 [ 1.15619615e-01  4.69149292e-01  7.97383606e-01 -4.18877482e-01
   4.45752382e-01]
 [-3.38310361e-01 -5.45577765e-01  1.16250150e-01 -5.09653270e-01
  -4.05051529e-01]
 [ 2.99509019e-01 -3.91957492e-01 -5.47525547e-02 -3.31023514e-01
   3.32825512e-01]
 [-3.09365168e-02 -8.58570457e-01 -2.01843715e+00  2.27912962e-02
   1.81754250e-02]]
Peso 2:
[ 0.03488038  0.7398838   1.6356261  -0.15745562  0.12881579]
Camada: saida
Peso 1:
[[-0.90107006  0.8533698 ]
 [-1.295887    0.7129399 ]
 [-1.7955341   2.3194046 ]
 [ 0.31236336 -0.6070701 ]
 [-0.05029435  0.87570816]]
Peso 2:
[ 2.5097103 -2.5097098]



pesos modelo: 
Test loss: 0.8374, Test accuracy: 0.7414
Camada: meio
Peso 1:
[[ 5.2527606e-02  1.2614805e-01 -3.7977034e-01  3.8605577e-01
   4.5002025e-01]
 [ 2.3638713e-01  1.6595197e-01  9.6154690e-02  6.5304160e-02
  -9.4356298e-02]
 [ 4.7603232e-01  9.5094204e-02  1.5117788e-01 -4.1179538e-01
  -8.2572371e-02]
 [ 1.0169922e-02 -2.1800686e-02  4.3278009e-01 -2.1080565e-01
   2.6055232e-01]
 [-1.9157951e-01  7.3233239e-02  4.4876507e-01 -2.0162681e-02
   5.9136245e-02]
 [ 4.3397449e-02  2.5728342e-01 -3.7825996e-01  3.0993469e-02
  -3.2559961e-01]
 [-3.3465918e-02  1.9222707e-01 -3.9903262e-01  2.4986140e-02
  -1.8480770e-01]
 [-3.9016932e-01  1.4054994e-02 -2.7889937e-01 -2.0120175e-01
  -3.4896828e-02]
 [ 8.7580234e-02  7.4492693e-02 -1.3145955e-03 -2.6978115e-02
   2.5029862e-01]
 [ 4.5726937e-01  3.1845894e-01  4.9403137e-01  3.0398595e-01
   3.6324093e-01]
 [ 5.6849606e-03  2.7536473e-01  4.9993169e-01 -7.2690167e-02
  -3.6650610e-01]
 [-1.4359884e-01  3.1611480e-02 -2.1528989e-01 -1.9240174e-01
  -3.1734136e-01]
 [-1.0052711e-01  2.7491963e-02 -4.6444723e-01 -2.7843437e-01
  -3.1952834e-01]
 [-2.3661354e-01  6.9998401e-01  2.0498362e-01 -4.8222730e-01
  -3.8537160e-01]
 [ 4.5181394e-01  8.7673318e-01  2.5502609e-02 -2.6294819e-01
   4.3177313e-01]
 [-1.7226034e-01  3.2310218e-01 -4.2351916e-01  5.9324563e-01
   4.1348282e-02]
 [-1.8570623e-01  1.9346359e-01 -1.3130608e-01  5.4445434e-01
  -1.3101828e-01]
 [-1.8120412e-02  6.4032972e-01 -4.6667627e-01 -3.9556664e-01
   5.5472553e-01]
 [ 2.9705858e-01 -5.4754529e-02 -8.9851357e-03  4.4256774e-01
   3.1044763e-01]
 [-3.5194245e-01  1.8079114e-01  4.4452295e-01  5.0233960e-01
  -2.2375312e-01]
 [ 3.1533906e-01 -1.8552392e+00 -3.4688288e-01  1.8415501e+00
   1.6246668e-01]]
Peso 2:
[-0.00482719  0.93899304  0.030903   -0.17288981  0.11649185]
Camada: saida
Peso 1:
[[ 0.54984003  0.7254509 ]
 [-1.6212845   1.538892  ]
 [-0.8898985  -0.46912885]
 [ 1.1492438  -1.7014848 ]
 [-0.93083906 -0.4475353 ]]
Peso 2:
[-0.38840863  0.38840938]



pesos modelo: 
Test loss: 1.1834, Test accuracy: 0.6985
Camada: meio
Peso 1:
[[-2.61199355e-01 -2.85454154e-01 -1.95347130e-01  3.43541741e-01
   1.72615588e-01]
 [ 2.05098987e-01 -2.45733544e-01  3.52653861e-02  6.21818900e-02
   3.37254465e-01]
 [-3.33413512e-01 -1.77979976e-01  1.94729209e-01 -4.54779565e-01
   1.23441935e-01]
 [-4.03671026e-01 -9.70026106e-02  2.42768928e-01  4.32942063e-02
  -3.28683972e-01]
 [ 3.67421597e-01 -3.98187637e-01  2.01293424e-01 -1.13991899e-02
  -1.22218803e-01]
 [-3.65139455e-01  2.75799572e-01  4.77951258e-01  5.12239039e-01
   2.49946058e-01]
 [ 4.20615137e-01  3.79095346e-01  1.80846617e-01 -1.08389976e-03
   9.64481160e-02]
 [ 2.63125598e-01  5.45615479e-02  3.19312692e-01  3.08005899e-01
   1.92621365e-01]
 [-2.90531456e-01 -2.71946609e-01  2.10028157e-01  2.17151418e-01
   2.82235295e-01]
 [-3.25651437e-01 -3.45964491e-01  1.77658126e-01 -4.18258458e-02
  -2.48857111e-01]
 [ 2.13397563e-01 -2.77375221e-01  3.62511992e-01  3.64296585e-01
  -2.39318445e-01]
 [-4.22766954e-02 -3.40580016e-01  2.51563102e-01 -4.78749583e-03
  -2.30008289e-01]
 [ 5.03175252e-04 -1.72153503e-01  3.90516371e-01  4.94273067e-01
  -6.63421974e-02]
 [-4.43044662e-01  3.72869968e-01  7.53932714e-01 -6.16891384e-01
   5.27626038e-01]
 [-2.51410246e-01  4.55098927e-01  8.02371621e-01 -2.95393944e-01
   1.39374048e-01]
 [ 1.28564984e-01  2.21518487e-01 -1.35741249e-01  5.31869471e-01
   3.90700996e-01]
 [-2.01140016e-01 -4.71931219e-01 -8.00173506e-02  2.73072243e-01
  -8.59902874e-02]
 [ 4.99894112e-01 -2.99963593e-01  7.85936952e-01 -1.08134508e-01
   4.40646291e-01]
 [ 3.17373514e-01  4.47479665e-01 -2.10377276e-01  3.32446575e-01
  -2.42174849e-01]
 [ 5.52016646e-02 -4.19122249e-01  5.29111773e-02  5.65326750e-01
  -4.33376819e-01]
 [-5.20873845e-01  3.65816325e-01 -2.00423026e+00  1.37076771e+00
   3.70847940e-01]]
Peso 2:
[ 0.073589    0.00187749  1.2193081  -0.18355896  0.08547981]
Camada: saida
Peso 1:
[[-0.4993902  -0.04198793]
 [ 0.7116615   0.88397074]
 [-1.6923971   2.1269372 ]
 [ 1.2016882  -1.0962429 ]
 [ 0.42508367  0.8875096 ]]
Peso 2:
[ 0.06991929 -0.06991962]



pesos modelo: 
Test loss: 1.0175, Test accuracy: 0.7126
Camada: meio
Peso 1:
[[ 0.45837933 -0.3341124   0.02278876 -0.4336688   0.11102593]
 [-0.39650688  0.23254442  0.45868444 -0.03230551 -0.338384  ]
 [ 0.21260488 -0.17548466  0.476622   -0.3210591  -0.4364784 ]
 [ 0.46628574  0.27633992 -0.11805117 -0.1044044   0.05442811]
 [-0.22163096  0.18286411  0.45503855  0.35603622  0.33076113]
 [-0.11091683  0.04985384  0.23466717  0.5057597   0.5973631 ]
 [-0.23732907  0.3904114   0.14703467  0.1114888   0.14219616]
 [ 0.195471   -0.261934   -0.45522502 -0.16230075  0.13525477]
 [-0.05204301 -0.18166865 -0.23145467 -0.23923887 -0.05938889]
 [-0.11989873 -0.06783828  0.40344986 -0.06932224  0.1009087 ]
 [-0.17533806  0.40293044  0.29130268  0.3529406   0.3650362 ]
 [ 0.16196217  0.10918272 -0.1210312   0.44811973  0.57300156]
 [-0.04763751  0.36683118 -0.31928685 -0.1554615   0.03707166]
 [ 0.28717563  0.06431117  0.35277736 -0.2658917   0.8599468 ]
 [ 0.0181474   0.21879737  0.48384696 -0.49943414  0.53302276]
 [-0.34052232  0.11641712  0.40617728  0.57771915 -0.00444099]
 [ 0.23674731 -0.01539529  0.29728693  0.46832058 -0.09134684]
 [ 0.18531044 -0.05595172 -0.3576742  -0.49009806  0.77473104]
 [ 0.4726909  -0.30582947 -0.19697858  0.21340564 -0.15486367]
 [ 0.2686058  -0.0883751   0.16170192  0.63102466  0.15302774]
 [ 0.32675532 -0.63504386  0.06142593  1.6260316  -1.6311672 ]]
Peso 2:
[-0.0142819   0.45039207  0.00503844 -0.4300223   1.1187527 ]
Camada: saida
Peso 1:
[[ 0.69137824  0.4936068 ]
 [-0.5095961   0.7512053 ]
 [ 0.5877336   0.6896319 ]
 [ 1.4876077  -1.36605   ]
 [-1.7477778   1.3637547 ]]
Peso 2:
[-0.37887594  0.3788758 ]



pesos modelo: 
Test loss: 1.9611, Test accuracy: 0.6020
Camada: meio
Peso 1:
[[-0.05551121  0.41676337  0.12959224  0.41172206 -0.41824034]
 [ 0.17699087  0.4474827   0.37698317 -0.40169132 -0.13656807]
 [-0.35418525 -0.20033112 -0.35159224  0.15331459 -0.4593045 ]
 [-0.09047178 -0.16843799 -0.01403907  0.0395699  -0.32168677]
 [ 0.04470603 -0.13338645  0.07521341 -0.28163078 -0.09644143]
 [ 0.008335   -0.28101963  0.07312175 -0.12305134 -0.46123585]
 [-0.09183712  0.33015877 -0.06861667  0.10551372  0.20360367]
 [-0.01674459 -0.39381298  0.02649276  0.02753816 -0.16904967]
 [-0.19670254 -0.19078916 -0.04295071 -0.4629917   0.35900974]
 [-0.16434206  0.18598975 -0.07560088 -0.2742067   0.16313341]
 [-0.22015429  0.07686394 -0.13887902 -0.00988336 -0.20070496]
 [ 0.05434188 -0.00683857  0.3045649   0.020148   -0.43594775]
 [ 0.04179845 -0.18822904  0.6534714   0.21622856 -0.45323825]
 [-0.78424364  0.15718363 -0.01456216 -0.04888553  0.2280846 ]
 [-0.9170196  -0.42610747  0.62821305 -0.13551119  0.19568096]
 [ 0.65735507  0.27924857  0.44008812 -0.23889384  0.23006006]
 [ 0.5844766   0.05292937 -0.08502589 -0.11579191 -0.299227  ]
 [-0.8318245  -0.35622346  0.54683536 -0.1113516  -0.23662278]
 [ 0.48611334  0.33491972  0.20929827 -0.07504908  0.28000614]
 [ 0.52318275  0.17278013 -0.20080341  0.20750545 -0.17381139]
 [ 2.1814272   0.60178953 -0.157846   -0.3880393   0.30504322]]
Peso 2:
[-0.6404772  -0.11000029  0.6632167  -0.24177058 -0.16033849]
Camada: saida
Peso 1:
[[ 1.8199801  -2.1024382 ]
 [-0.08302784 -0.66072214]
 [-0.8315735   1.0364722 ]
 [ 0.6788408  -0.18385029]
 [-0.54481024 -0.6696999 ]]
Peso 2:
[-2.118141   2.1181405]



pesos modelo: 
Test loss: 1.3877, Test accuracy: 0.6799
Camada: meio
Peso 1:
[[-0.24490835 -0.01051581 -0.08395663 -0.22671586 -0.10241413]
 [ 0.36696148 -0.16301423 -0.15760073 -0.2837311  -0.24695149]
 [ 0.22083235  0.3188467  -0.46812823 -0.35280538  0.40365362]
 [-0.06309431  0.11294676 -0.37551567 -0.16741124  0.13560827]
 [-0.28070503  0.10439849 -0.03946954 -0.14967375  0.05568308]
 [-0.39924592  0.36727944 -0.32872072  0.42417312 -0.2510628 ]
 [-0.11715721  0.3260992   0.01972464  0.3543639  -0.2317468 ]
 [-0.0490857   0.21411665 -0.20662664  0.07140945 -0.12741275]
 [-0.4121038   0.2259098   0.06103873  0.15769759 -0.22987464]
 [ 0.27260673  0.30945522 -0.02527353  0.5778662  -0.44295245]
 [ 0.40323892  0.33819124  0.01062079  0.58806825 -0.3773344 ]
 [ 0.323435    0.10203636 -0.07604299 -0.13547783 -0.16975768]
 [ 0.27272022  0.39092433 -0.2644043   0.57728946  0.30476913]
 [ 0.24243207  0.97479737 -0.03941728 -0.45112655 -0.42862502]
 [ 0.28528377  1.076242    0.23464407  0.29094994  0.453793  ]
 [-0.2781177  -0.05553472  0.43137938  0.23953229  0.11239318]
 [-0.04153728 -0.12898119 -0.09923264  0.11586227 -0.10186303]
 [ 0.4068667   0.7632773  -0.12229543  0.22589332 -0.05905972]
 [-0.02530238 -0.02085317  0.0969245   0.5179265   0.09293706]
 [-0.05933915 -0.17576963 -0.3665851   0.31535247  0.49732733]
 [-0.06720197 -2.1474411  -0.2223973   1.2432547  -0.40891814]]
Peso 2:
[ 0.28707904  1.4179748  -0.02868404  0.13978225  0.03899615]
Camada: saida
Peso 1:
[[-0.17630693  0.9212545 ]
 [-1.7793652   2.4167268 ]
 [-0.6523553  -0.73285407]
 [ 0.8620366  -0.98672384]
 [-0.52919286 -0.22836736]]
Peso 2:
[ 0.8461304 -0.8461291]



pesos modelo: 
Test loss: 0.9068, Test accuracy: 0.7115
Camada: meio
Peso 1:
[[-0.05569237  0.01416871 -0.05805874  0.4116909   0.4552045 ]
 [-0.16238362 -0.1618295   0.39231062 -0.20297292 -0.0583863 ]
 [-0.46131226 -0.38638094 -0.33141434  0.45768607 -0.01327938]
 [ 0.1091359   0.00447173  0.21637031  0.34391728  0.21944946]
 [-0.05444277 -0.36898527  0.24481308 -0.12369025  0.05301781]
 [ 0.28402254 -0.33929327 -0.32992658  0.20140824  0.4760116 ]
 [ 0.36908165 -0.36841032 -0.25375265 -0.40042648  0.5414802 ]
 [-0.00697782 -0.24800436 -0.32333425  0.18135484  0.2964378 ]
 [ 0.30480087  0.272864    0.37502274  0.16244355  0.30132532]
 [ 0.05516453  0.13233198 -0.0864079  -0.1549138   0.1957653 ]
 [ 0.0784777  -0.3605459   0.0912647  -0.35724658  0.26000145]
 [-0.01670883 -0.13583094  0.02194459 -0.16824529  0.13260843]
 [ 0.21848354 -0.15436657  0.23741135 -0.03516626  0.24517094]
 [-0.51093155 -0.12077341  0.24830073  0.44112128  0.5787934 ]
 [-0.23399669  0.03804841  0.49515685 -0.05527726  0.60842514]
 [ 0.52637154 -0.37209237 -0.17070444 -0.27361804  0.17454319]
 [ 0.53461474  0.3975737   0.07263205 -0.4335968   0.13131307]
 [ 0.09079655 -0.29981685  0.7449304  -0.04469891  0.7052315 ]
 [ 0.02396025 -0.38387132 -0.24155349  0.10190625 -0.13629851]
 [ 0.3847749  -0.10766526  0.4650147  -0.47883525 -0.23075463]
 [ 1.7907778   0.22191586 -0.3729397   0.00445831 -1.9121639 ]]
Peso 2:
[-0.30325097  0.00910923  0.3635813  -0.04378672  0.9869323 ]
Camada: saida
Peso 1:
[[ 1.2808203  -1.3633808 ]
 [-0.5520122  -0.00668971]
 [-1.0787458   0.09526198]
 [-0.6682541  -0.6609957 ]
 [-1.5880971   1.6786741 ]]
Peso 2:
[-0.15166995  0.15167005]



pesos modelo: 
Test loss: 1.3830, Test accuracy: 0.6713
Camada: meio
Peso 1:
[[ 2.2237420e-01  3.6618382e-01 -3.8964510e-01 -3.1341177e-01
   2.3399556e-01]
 [-4.1055533e-01  2.1490574e-02  1.8913156e-01  8.5276127e-02
  -4.7915840e-01]
 [ 2.0997018e-01 -1.2144485e-01 -2.9023665e-01  2.7131379e-02
   2.1906865e-01]
 [-7.8640766e-02  1.3025238e-01  2.7292794e-01 -3.4776267e-02
  -4.1442543e-02]
 [-1.1715001e-02  4.5435855e-01  4.8999214e-01  2.1165079e-01
   1.7578593e-01]
 [ 4.7881711e-01  1.7753033e-01 -1.3036238e-03  1.9684015e-02
   1.1949500e-01]
 [-4.3263480e-01  6.0436672e-01 -2.3891228e-01 -3.2286811e-01
   1.6422091e-01]
 [ 5.4719663e-01  2.4584677e-02  1.9525822e-01  3.3815074e-01
   7.0518092e-03]
 [ 4.0166947e-01  3.7571812e-01 -3.5043249e-01 -5.7728186e-02
   1.1237939e-01]
 [-3.7353760e-01  6.3687742e-01  1.2353894e-01  3.9246108e-02
   2.4262545e-01]
 [-1.3728009e-01  3.4271696e-01  3.8937077e-01  3.0514055e-01
   4.2483874e-02]
 [ 3.5042578e-01  3.3043823e-01  4.2422727e-01  2.3567971e-02
   7.5539708e-02]
 [ 2.3904304e-01  1.3197330e-01 -3.1857703e-02 -4.1260666e-01
   6.3058683e-03]
 [ 1.9319452e-01  5.0030553e-01 -4.7425458e-01  1.8237756e-01
  -4.9060041e-01]
 [ 8.6160041e-02  8.7928522e-01 -2.5696400e-01  3.5469669e-01
  -6.3717246e-01]
 [-2.4062797e-01 -2.8484413e-02 -4.3075237e-01  3.4954098e-01
   3.6101839e-01]
 [ 1.0586066e-01  2.4164220e-02 -2.2297626e-02  5.5840302e-02
   4.9482471e-01]
 [ 2.1853097e-01  7.3101991e-01 -3.4397414e-01 -3.7710506e-03
  -6.1053514e-01]
 [ 1.2861429e-01 -2.2826646e-01  6.8793833e-02  4.0726578e-01
   2.8055429e-01]
 [ 8.7899923e-02 -3.4128851e-01 -2.8863257e-01  4.8233783e-01
   3.3401874e-01]
 [-2.8973788e-01 -1.4060158e+00  2.5712973e-01 -2.3338971e-01
   1.9123421e+00]]
Peso 2:
[ 0.18075438  0.9172435   0.00133508 -0.04632284 -0.49689242]
Camada: saida
Peso 1:
[[-0.37957677  0.47186726]
 [-1.0833592   1.6949997 ]
 [ 0.43722937  0.34493756]
 [ 0.4748684   0.5499807 ]
 [ 1.5077883  -1.7235883 ]]
Peso 2:
[-0.421665    0.42166469]



pesos modelo: 
Test loss: 1.1827, Test accuracy: 0.7104
Camada: meio
Peso 1:
[[ 0.310403    0.27126676 -0.3871957  -0.3335946   0.04174644]
 [-0.27641547 -0.29467687 -0.18612462  0.24144256  0.07284695]
 [-0.0496555  -0.09770042  0.3520909   0.12824088  0.1216169 ]
 [ 0.29361916 -0.18876065 -0.29129338 -0.41771415  0.25293514]
 [ 0.03234446 -0.439854    0.05754068  0.36926323  0.15710941]
 [ 0.32301757 -0.2682757   0.17967635 -0.20793708  0.29942033]
 [-0.19594926  0.02097686 -0.4584293   0.19475158  0.1331143 ]
 [ 0.30620173  0.28872404 -0.38495404  0.36426598  0.2233438 ]
 [ 0.04612965 -0.44461498 -0.32144752 -0.28135672  0.19196719]
 [-0.14884983  0.27399015 -0.2945071   0.37148044  0.10245398]
 [-0.05430236 -0.34957778  0.36468142  0.39342687  0.08075552]
 [-0.16957545 -0.02828756 -0.2202333  -0.19782177  0.14104885]
 [ 0.5058234   0.15912044  0.17287897 -0.40370893  0.31694463]
 [-0.41329905 -0.21420035  0.4308602   0.43540823  0.8283063 ]
 [-0.16055602  0.12975515 -0.18285099 -0.2825171   0.8296117 ]
 [ 0.24886774  0.13770331  0.07004268 -0.05773946 -0.04803181]
 [ 0.67637706 -0.43803403  0.30961004 -0.592661   -0.08331878]
 [-0.0736546  -0.2517923   0.59915507  0.60566723  0.8691071 ]
 [ 0.16929655  0.13019398 -0.22061579 -0.0517059  -0.07741594]
 [ 0.04277968  0.23026414  0.0586288  -0.37170336 -0.24686353]
 [ 1.0980749  -0.28911257 -0.19430394  0.07422559 -2.192576  ]]
Peso 2:
[0.28605965 0.00523474 0.05374276 0.00273269 1.6330888 ]
Camada: saida
Peso 1:
[[ 0.1397993  -1.3517263 ]
 [-0.12647621  0.36836016]
 [-0.7961034   0.37287575]
 [-0.22850484  0.4640161 ]
 [-2.260846    2.152582  ]]
Peso 2:
[ 1.5738139 -1.5738149]



pesos modelo: 
Test loss: 0.9088, Test accuracy: 0.7459
Camada: meio
Peso 1:
[[ 0.19569427  0.11106157  0.41014922  0.31374162  0.1505794 ]
 [-0.44451526  0.46078235  0.2261464   0.19790304  0.12920946]
 [-0.40367386  0.16866094  0.2635845  -0.12377605 -0.1543346 ]
 [ 0.04498141  0.31567484  0.18902631  0.32921484 -0.00516933]
 [ 0.09680605  0.14112824  0.08807526  0.0677051   0.08479872]
 [ 0.07132655 -0.1704      0.17681119 -0.01952656 -0.31366003]
 [ 0.08897007 -0.11156648  0.2076745  -0.46521026  0.11796619]
 [ 0.18214883 -0.44369823 -0.04821587 -0.3801542  -0.05629171]
 [ 0.05297262  0.4157218   0.12991628 -0.1915627  -0.10129375]
 [ 0.02482144  0.42315224  0.15314382  0.11873636 -0.20651802]
 [ 0.11465347 -0.14806877  0.19067739 -0.09980051  0.04072059]
 [ 0.06001308 -0.18254629  0.20921277  0.26874867 -0.13646314]
 [ 0.06250846  0.42187026  0.1999515   0.04048967 -0.48178855]
 [ 0.7564973  -0.10847243  0.5353091   0.03211049  0.34406564]
 [ 0.6428667  -0.11710441  0.8069147  -0.48574072 -0.2351544 ]
 [ 0.01139734  0.01614882 -0.35348278 -0.11924565  0.35833666]
 [ 0.07980092 -0.54664487  0.03875444 -0.10479714  0.17326353]
 [ 0.46565306 -0.22688879  0.950355   -0.0140056  -0.29530764]
 [ 0.00975266 -0.57760596  0.00771487  0.13028821 -0.37633145]
 [-0.05628593 -0.03075337 -0.16370563  0.39872298 -0.39537776]
 [-2.0740786  -0.01688039 -1.5426979  -0.44630188  0.22383958]]
Peso 2:
[ 1.3888952  -0.01094686  0.8414814  -0.01316916 -0.05176118]
Camada: saida
Peso 1:
[[-1.5333669   2.069258  ]
 [-0.47096935 -0.18287021]
 [-1.5157328   1.0989865 ]
 [ 0.07232768  0.08804514]
 [ 0.40331408  0.8208464 ]]
Peso 2:
[ 2.522196  -2.5221934]



pesos modelo: 
Test loss: 2.0650, Test accuracy: 0.5991
Camada: meio
Peso 1:
[[-0.26841593  0.28254247 -0.2922789   0.06616569  0.4267019 ]
 [-0.26774317  0.45375288  0.2756003   0.16882318 -0.04020265]
 [-0.07024351  0.4615143   0.12483603  0.22375703  0.15599018]
 [ 0.18571772  0.14922298 -0.08857208 -0.10504733 -0.33234227]
 [ 0.33683887  0.4638842   0.01180309  0.1475613  -0.4585831 ]
 [ 0.03797528  0.52461946 -0.02460781  0.37705284 -0.25151095]
 [-0.00329333  0.3924145   0.06624154  0.38281628 -0.33311644]
 [-0.1856616   0.3856868   0.49855176  0.17320415 -0.16108082]
 [-0.12170693  0.01688635 -0.25785926 -0.00745445 -0.36178297]
 [-0.19960201  0.19843446  0.05811928  0.35497406 -0.4034042 ]
 [ 0.18715362  0.22156988 -0.18501957 -0.15775365 -0.4271468 ]
 [ 0.3441092   0.22216147 -0.02772802 -0.36308202 -0.4121409 ]
 [-0.1630733   0.08566399  0.18748248 -0.1795793   0.46137866]
 [-0.17378195  0.918699   -0.24212702  0.1703348  -0.28740433]
 [-0.41924667  0.38455942 -0.21566358 -0.56085205 -0.01018501]
 [ 0.54837674 -0.01612231  0.00593048  0.271553    0.35073933]
 [ 0.48859027  0.00292148  0.4181413   0.44520554  0.00623665]
 [-0.7551986   0.73393244 -0.5674228  -0.18411927  0.03685722]
 [ 0.18516402 -0.2794191   0.17534934 -0.13815676  0.33199397]
 [ 0.06602955 -0.11532058  0.44816014  0.47114792  0.25522873]
 [ 1.3472627  -1.5756655   0.60038203  0.94358313 -0.2803411 ]]
Peso 2:
[-0.31659856  1.1384792  -0.09677714 -0.15262218  0.02036893]
Camada: saida
Peso 1:
[[ 1.4288223  -0.7745923 ]
 [-1.9117515   1.3356614 ]
 [ 0.7771727  -0.4187651 ]
 [ 1.3715473   0.07732414]
 [-0.85656536 -0.6533508 ]]
Peso 2:
[-0.46496025  0.4649609 ]



pesos modelo: 
Test loss: 1.3887, Test accuracy: 0.6640
Camada: meio
Peso 1:
[[-0.32710105 -0.3306588   0.07133079  0.43765146 -0.20883572]
 [ 0.03461576 -0.23637658 -0.27193448 -0.1661996   0.13522851]
 [-0.02825198  0.2856273  -0.38024372 -0.22790942 -0.03925341]
 [-0.04011389  0.45123243 -0.32202637 -0.4292458   0.44041076]
 [ 0.3910161   0.17272389  0.31446385  0.13517243  0.4648227 ]
 [ 0.21019115  0.19389667  0.13632537  0.4488155   0.0492694 ]
 [ 0.11964557  0.5484465   0.13825761 -0.27163017 -0.07027315]
 [ 0.11928143  0.10355828  0.2485355   0.38275108  0.09915086]
 [-0.11353437  0.08050247  0.12963983 -0.06019828 -0.39616227]
 [ 0.01564965 -0.3041083   0.38468078 -0.407552    0.4995986 ]
 [-0.05942241 -0.00677171  0.13252863  0.33291054  0.09178873]
 [ 0.01954809  0.2170164  -0.16667795 -0.26878598  0.27696475]
 [-0.09430962  0.06244429  0.13723381  0.19018732 -0.16522175]
 [-0.7704677  -0.13509388  0.64793086  0.36747852  0.16536888]
 [-0.71594375  0.43664816  0.37495723  0.11183989  0.22983745]
 [ 0.71104175  0.27684128  0.08055811 -0.00344076 -0.03642718]
 [ 0.40202832  0.09290262  0.00603588  0.3641546  -0.28883463]
 [-0.6147874   0.4420543   0.6252921  -0.39048147 -0.05276139]
 [ 0.3434485  -0.00959279 -0.21881701  0.22788982 -0.13034013]
 [ 0.3561779  -0.14866787  0.03436249 -0.41977245 -0.07710534]
 [ 1.843326   -1.0006155  -0.68271255 -0.19464612 -0.2693827 ]]
Peso 2:
[-0.5376985   0.6501758   0.6501638   0.11270831  0.31847548]
Camada: saida
Peso 1:
[[ 1.7753824  -1.5584096 ]
 [-0.8862403   1.2680124 ]
 [-1.041426    1.1364071 ]
 [-0.17652544  0.44725704]
 [-0.7407796   0.615303  ]]
Peso 2:
[-0.43589303  0.4358929 ]



pesos modelo: 
Test loss: 1.2192, Test accuracy: 0.6829
Camada: meio
Peso 1:
[[ 0.18646568  0.18277967  0.21081346  0.1792081   0.29591465]
 [-0.4564781   0.47870588 -0.4496744   0.45809835 -0.3904016 ]
 [ 0.14980185 -0.05073324 -0.3225707  -0.321706    0.25810343]
 [ 0.27922365 -0.2814906  -0.25388393  0.02013698  0.45621365]
 [ 0.22359757  0.24484204  0.03216301  0.1317824   0.28964153]
 [ 0.31828946  0.43867975 -0.40816864  0.41898847  0.40072328]
 [ 0.33812615  0.36175707  0.2307651   0.06331998  0.18316849]
 [ 0.0323331  -0.13281126 -0.3531601  -0.10957097  0.17655821]
 [ 0.25495008  0.41292313  0.07461428  0.11742199  0.1413533 ]
 [-0.21399038 -0.02863963  0.47787493  0.08407228  0.19020326]
 [-0.24091339  0.11784908 -0.08626963  0.36511093  0.36556733]
 [-0.3662329   0.16969496  0.49517176 -0.02908663 -0.07600463]
 [ 0.3585785   0.42042872 -0.4183784   0.05570604  0.08996455]
 [ 0.2039141  -0.05851655 -0.01777023 -0.369168    1.0086185 ]
 [-0.13706832  0.45670807 -0.04085593 -0.60543025  0.3108052 ]
 [ 0.48178786  0.11052861  0.02729418  0.09882421 -0.2866729 ]
 [ 0.15013699 -0.27139124 -0.10000614  0.5967446   0.283977  ]
 [-0.13427475  0.0250253   0.21841973 -0.4580234   0.7519424 ]
 [ 0.2953774   0.05251123  0.08383316  0.07966643 -0.359226  ]
 [-0.03113129  0.11194217 -0.4017132   0.65794736  0.05841755]
 [ 0.9028568  -0.86221665 -0.05663184  1.4875587  -1.3087059 ]]
Peso 2:
[-0.14590515  0.45090157  0.06607653 -0.2816922   0.9205065 ]
Camada: saida
Peso 1:
[[ 0.2718944  -0.6766884 ]
 [-1.2801074   0.49388787]
 [ 0.15339467  0.57993823]
 [ 1.5275997  -1.1241992 ]
 [-1.6327747   1.5170084 ]]
Peso 2:
[-0.31314978  0.3131495 ]



pesos modelo: 
Test loss: 0.5415, Test accuracy: 0.8097
Camada: meio
Peso 1:
[[ 5.5436611e-02  1.3627005e-01 -3.9632398e-01 -1.9307068e-01
  -3.2988098e-01]
 [-4.0498137e-01  1.3411665e-01  6.5050960e-02  2.6117164e-01
  -2.0478597e-01]
 [ 4.6778750e-01 -2.1323735e-01  2.8074157e-01  2.0376444e-03
   9.2073560e-02]
 [-1.8989114e-01  1.3914222e-01 -2.5225896e-01  4.6909708e-01
   8.3888061e-02]
 [ 1.5599641e-01  3.6549929e-01  2.9320508e-01  2.4877234e-01
   1.6103013e-01]
 [-1.2227720e-01 -1.3925745e-01  4.5057976e-01 -2.3048809e-01
   4.4085592e-01]
 [ 1.9458218e-01  2.8705692e-01 -1.8986075e-01 -2.8868246e-01
  -1.1299344e-01]
 [-1.0026716e-01  1.1530397e-01  3.4973118e-01 -4.0392920e-01
  -1.6546726e-01]
 [ 2.0772152e-01  2.6092219e-01  8.8904120e-02 -3.8178685e-01
  -7.8113846e-02]
 [-2.4642611e-01  2.7123109e-01  2.7942074e-02  4.0162414e-01
  -2.0265892e-01]
 [ 4.1625902e-01  3.7799680e-01 -2.1490340e-01 -1.6906810e-01
  -1.7104095e-01]
 [ 1.3909706e-01  8.6351909e-02 -3.4548831e-01  2.5279298e-01
   3.7346569e-01]
 [ 3.0535340e-01  2.1262830e-01 -2.0873016e-02  3.2723725e-01
   5.8385426e-01]
 [-6.7329156e-01  5.8956183e-02 -1.3852204e-01 -2.6524487e-01
   5.1893348e-01]
 [-1.6841818e-01  7.8340912e-01 -4.9202800e-01 -6.6576980e-02
   1.0617468e-01]
 [ 7.4205533e-02  1.2508649e-01  2.3628402e-01  1.7764539e-01
  -4.4398019e-01]
 [ 3.7429234e-01  1.1861789e-03  4.6430901e-01  3.7085500e-01
   1.8784343e-01]
 [-2.5393074e-02  8.5300589e-01 -1.4778520e-01  1.6555160e-01
   3.3968014e-01]
 [ 4.7186887e-01  9.8630928e-02  4.6319780e-01  2.9644665e-01
   2.1242408e-01]
 [ 3.2789963e-01 -8.2882635e-02  2.8517133e-01  2.2476676e-01
   3.0849326e-01]
 [ 1.5570998e+00 -1.6756294e+00  5.2288631e-03  5.4174334e-01
  -8.2958525e-01]]
Peso 2:
[-0.16904747  0.8609851  -0.07540306 -0.09297822  0.5022929 ]
Camada: saida
Peso 1:
[[ 1.6229124  -0.8046156 ]
 [-1.6699492   1.5328494 ]
 [ 0.12098571 -0.5462098 ]
 [ 0.5657463  -0.5938862 ]
 [-1.1156632   0.611257  ]]
Peso 2:
[-0.27418014  0.2741806 ]



pesos modelo: 
Test loss: 0.6534, Test accuracy: 0.7804
Camada: meio
Peso 1:
[[ 0.44499207  0.06556988 -0.39720058  0.06517571 -0.3769612 ]
 [ 0.07010049 -0.39495188 -0.06764832  0.40006667 -0.2185387 ]
 [ 0.4483142   0.11838353  0.28283536  0.3176188   0.18555838]
 [ 0.0495187  -0.0258081   0.00638202  0.04878527  0.17386793]
 [ 0.08543532  0.05635763  0.31542963 -0.22704874  0.03310922]
 [ 0.16900866 -0.00943172  0.27614325  0.12266448 -0.08833167]
 [ 0.12843297  0.19443196  0.22942244  0.36011457  0.33938634]
 [-0.4735125   0.16946194  0.0821473   0.22928104  0.37149954]
 [ 0.2484626   0.17388532 -0.2231584   0.26345575  0.5840023 ]
 [-0.14801107  0.3276569   0.22912271 -0.06923956  0.47490808]
 [ 0.31479907 -0.2291056   0.01072943 -0.40077475 -0.03140448]
 [ 0.35387787  0.11657232  0.39920726  0.1313513   0.02617431]
 [-0.29517928 -0.05095293 -0.08554487  0.21347113  0.13291427]
 [-0.29028597 -0.772151    0.45850444 -0.26445603  0.03186864]
 [ 0.21375789 -0.56199723  0.48583183  0.14735761  0.08088441]
 [ 0.24949364  0.46541956  0.27213565  0.24940187 -0.16257402]
 [ 0.37145573  0.48760253  0.00362181 -0.32115677  0.35239935]
 [-0.37641907 -0.29591322  0.36927533  0.2822608   0.5563716 ]
 [ 0.3274991   0.26213816  0.16497998 -0.38912973 -0.2524563 ]
 [-0.21500167  0.30561206 -0.48156455  0.43246862  0.23440357]
 [ 0.20591465  1.8269287  -0.7518925  -0.34745768 -1.318364  ]]
Peso 2:
[-0.01813138 -0.254727    0.57183325  0.07059543  0.68876845]
Camada: saida
Peso 1:
[[ 0.30768332  0.275501  ]
 [ 1.4607551  -1.7317821 ]
 [-1.0743022   1.2062246 ]
 [-0.03978036  0.43668416]
 [-1.1910577   1.3775973 ]]
Peso 2:
[-0.36963233  0.36963284]



pesos modelo: 
Test loss: 1.1829, Test accuracy: 0.5979
Camada: meio
Peso 1:
[[-5.51791787e-02  4.05280769e-01 -5.56395948e-02  4.67892766e-01
   7.74909258e-02]
 [-1.79963887e-01  3.64112020e-01 -4.77887988e-01  2.74811745e-01
  -2.97215819e-01]
 [ 3.61185253e-01 -2.58785456e-01 -3.82108748e-01 -1.76185578e-01
  -3.56486559e-01]
 [ 2.53913522e-01  3.98407161e-01  2.63757408e-01 -3.08040202e-01
  -3.97708058e-01]
 [ 7.48095289e-02  2.50904024e-01  1.48350388e-01 -4.08287942e-01
  -4.74134147e-01]
 [ 4.31796551e-01  2.18459979e-01  4.93695885e-01  2.61590123e-01
   7.81019479e-02]
 [ 5.66121452e-02  1.71314254e-01  1.87139183e-01 -1.38214333e-02
   4.87868441e-04]
 [ 3.89171503e-02 -7.36791641e-02  1.70530140e-01 -3.92970145e-01
  -2.50623375e-01]
 [ 9.39364135e-02  2.46391475e-01  1.68017641e-01 -4.74453747e-01
  -2.67152965e-01]
 [ 2.68806089e-02 -3.38433325e-01  2.74648547e-01 -9.09256004e-03
  -3.47556412e-01]
 [-1.43167004e-01 -3.80304366e-01  9.91435125e-02 -2.05711663e-01
  -3.08425069e-01]
 [ 1.63788527e-01  5.04110098e-01  2.52078205e-01 -9.84669179e-02
   2.83800215e-01]
 [-5.96719086e-02  2.55765975e-01  9.72384140e-02 -1.29855946e-01
   1.21262506e-01]
 [-7.31759429e-01 -3.67359430e-01  5.40181816e-01 -4.02884930e-01
  -4.59597081e-01]
 [-5.35788774e-01  1.38584316e-01  7.14293540e-01  2.13041291e-01
   2.29490414e-01]
 [ 5.89003682e-01  6.36063144e-02 -1.67261690e-01 -3.92691910e-01
  -3.44085336e-01]
 [ 5.20757474e-02 -1.34104773e-01 -2.74759293e-01  3.69325757e-01
  -1.57374501e-01]
 [-5.02780557e-01  1.46086097e-01  9.17932630e-01 -3.50860149e-01
   2.31588095e-01]
 [ 4.98872280e-01  2.78986514e-01  4.76079807e-02 -1.44099534e-01
  -4.54961091e-01]
 [ 8.25311840e-01 -3.75302851e-01  1.84108526e-01 -4.65630144e-01
   2.82170624e-01]
 [ 1.38192832e+00 -4.62864161e-01 -1.79492891e+00 -4.40262228e-01
  -6.73199594e-02]]
Peso 2:
[-0.25642794  0.13345346  1.1654941   0.00838641 -0.05411073]
Camada: saida
Peso 1:
[[ 1.509527   -1.1038892 ]
 [-0.8307674  -0.14912175]
 [-1.8222505   1.8093479 ]
 [ 0.31459296  0.51707584]
 [-0.1272958  -0.80589354]]
Peso 2:
[-0.2416646  0.2416643]



pesos modelo: 
Test loss: 1.6642, Test accuracy: 0.6496
Camada: meio
Peso 1:
[[ 3.77541423e-01 -3.77840698e-02 -7.99107552e-02 -2.39450291e-01
  -2.66576529e-01]
 [ 4.36147153e-01  2.20537305e-01  1.66230202e-01 -4.32573199e-01
  -5.27687073e-02]
 [ 9.29669142e-02 -4.42839205e-01  8.69662166e-02  2.79014647e-01
   1.65153146e-01]
 [-8.06478187e-02 -3.38367879e-01  1.23967253e-01  9.37699899e-03
  -3.86175394e-01]
 [-4.28396136e-01 -3.55835743e-02  1.24837719e-01  6.06661662e-02
   1.03035145e-01]
 [-3.58339965e-01 -3.64567012e-01  9.13588926e-02 -1.78603306e-01
  -9.95097086e-02]
 [ 3.92468065e-01 -1.04724960e-02  1.05851822e-01  2.08566993e-01
   2.03517079e-01]
 [-2.24729136e-01 -3.78944337e-01  1.65077999e-01 -7.50933141e-02
  -3.37525368e-01]
 [-3.96885812e-01  2.65115499e-01  1.09869681e-01  1.84007823e-01
  -2.64995694e-01]
 [-7.71318749e-02  1.20540529e-01  1.07941061e-01 -4.24206585e-01
   6.58851117e-02]
 [-1.27247497e-02  3.33497614e-01  8.46451744e-02 -4.63305831e-01
   2.81627085e-02]
 [ 1.25926405e-01  4.52277273e-01  8.13803002e-02 -2.88015336e-01
  -4.95514929e-01]
 [-4.02209796e-02  2.24293709e-01  7.42278248e-02 -1.56328097e-01
   3.13754559e-01]
 [-2.48063922e-01 -9.16009173e-02  1.08780479e+00 -4.49890971e-01
   2.64103860e-01]
 [-3.77109013e-02  5.13701022e-01  8.21374774e-01 -2.83843219e-01
   1.04862101e-01]
 [ 1.76250607e-01 -5.79140067e-01 -6.05072416e-02  3.90951522e-02
  -4.22572494e-01]
 [-2.56504923e-01  5.44630736e-03 -5.98698519e-02 -2.94519290e-02
   3.99408191e-02]
 [-4.57841933e-01 -4.18861687e-01  1.17626536e+00 -1.56357361e-04
   1.42036691e-01]
 [ 2.46955410e-01  3.24080080e-01 -1.17175236e-01 -4.48308021e-01
  -4.11010027e-01]
 [-2.74677187e-01 -1.73372015e-01 -1.71999484e-01 -1.16482094e-01
  -2.69126948e-02]
 [-1.17878541e-01 -6.01015866e-01 -2.12033153e+00 -4.35893029e-01
   1.09586991e-01]]
Peso 2:
[-0.02848338  0.16544622  1.7609177  -0.0387335  -0.25629264]
Camada: saida
Peso 1:
[[ 0.1093949   0.6747427 ]
 [ 0.07673834  0.8605085 ]
 [-2.4298997   2.149202  ]
 [ 0.09260504 -0.5570423 ]
 [ 0.27933693 -0.54278934]]
Peso 2:
[ 2.517295  -2.5172935]



pesos modelo: 
Test loss: 1.2188, Test accuracy: 0.5955
Camada: meio
Peso 1:
[[-0.20222926  0.02622348 -0.38274166  0.19137132 -0.38863173]
 [ 0.35844356 -0.36681694 -0.39280668 -0.0170626  -0.14082137]
 [-0.4185695  -0.02139458 -0.15560418  0.17055506 -0.31254154]
 [-0.31423467  0.37637678  0.33517876 -0.04347937 -0.07556306]
 [-0.16907549  0.18228315  0.472243   -0.30837774 -0.09089717]
 [ 0.44822165 -0.21842456  0.01326436 -0.16182901 -0.0896334 ]
 [ 0.5195867   0.11281975  0.13175902  0.12236335  0.25573465]
 [ 0.07386484  0.2814091   0.35832033  0.42034557 -0.44068182]
 [-0.28891182  0.49533537  0.36798942  0.41301095 -0.03335821]
 [-0.16925265  0.32463247  0.3156028  -0.1420447   0.30243382]
 [ 0.06011315 -0.01675754  0.20541051 -0.01804183  0.12727381]
 [-0.3413577   0.16100031  0.23014048  0.41132045  0.44476357]
 [ 0.15380166 -0.10455776  0.23895496 -0.43673438 -0.3544541 ]
 [-0.02337656  0.02651235  0.8193111   0.20286325  0.43117073]
 [ 0.39895108 -0.4350821   0.84743893 -0.3885915  -0.24537942]
 [-0.14178698  0.44789833 -0.05123432 -0.23750658 -0.2999683 ]
 [-0.13840966  0.7837223  -0.02688663  0.00770552 -0.14128475]
 [ 0.550045   -0.54854864  0.7658276   0.07095169 -0.27683738]
 [ 0.5511362   0.4473296  -0.3662869   0.5088494   0.17607802]
 [-0.31067154  0.5229867   0.02813678 -0.23166431  0.19875215]
 [-0.2961942   1.2212018  -1.7268323  -0.43219668 -0.23840009]]
Peso 2:
[ 0.21754669 -0.16824688  1.0661572   0.27831545  0.12625323]
Camada: saida
Peso 1:
[[ 0.16987866  0.95556235]
 [ 1.4926993  -0.8216209 ]
 [-1.9228474   1.7713997 ]
 [-0.6625487   0.8145219 ]
 [-0.85336554  0.25787795]]
Peso 2:
[-0.02369249  0.02369289]



pesos modelo: 
Test loss: 1.2109, Test accuracy: 0.6846
Camada: meio
Peso 1:
[[-0.19578692 -0.039031    0.36578602  0.07799518  0.1401155 ]
 [-0.23684856  0.40621257  0.35983253  0.42944634  0.21445972]
 [ 0.3900439   0.29857647  0.26424682 -0.06722593 -0.35316843]
 [ 0.21033624  0.13721712 -0.30098158 -0.00184256 -0.4142174 ]
 [-0.01157119  0.20087537 -0.18379997 -0.10219821 -0.03023158]
 [ 0.32503483  0.4082836   0.19206037  0.2915747   0.34265563]
 [-0.1027977   0.5858558   0.3705682  -0.04377014 -0.2274023 ]
 [ 0.12251235  0.18560208 -0.25776812  0.04084262 -0.10543837]
 [ 0.5478237  -0.22732034 -0.05728057  0.23335937 -0.00853174]
 [ 0.04242901  0.50050175  0.34250548  0.05696579  0.36819994]
 [ 0.00400725 -0.02435571  0.12915337 -0.20677204  0.2837947 ]
 [ 0.20389926 -0.09628174  0.2840854  -0.06721319 -0.08245198]
 [ 0.15239924  0.2553305  -0.13170537  0.10259809 -0.14682978]
 [ 0.38709855  0.51408327 -0.02806864 -0.55077827  0.34113201]
 [ 0.56453156  0.5434801  -0.30201322 -0.5709889  -0.40911794]
 [ 0.07373898 -0.08722391 -0.42106324  0.38475302  0.34969118]
 [ 0.00200474  0.00585452 -0.4112355   0.5568164  -0.18251723]
 [ 0.93896365 -0.1068539  -0.2124293  -0.5715702  -0.44466445]
 [ 0.03952995 -0.25962788 -0.37348008  0.4187089   0.35830542]
 [ 0.07180768  0.20648804 -0.21536794  0.60344166 -0.1396764 ]
 [-1.262713   -0.818416    0.28721315  1.8092752  -0.3848484 ]]
Peso 2:
[ 0.8000266   0.4426979  -0.032038   -0.49136022  0.00753094]
Camada: saida
Peso 1:
[[-1.4183325   1.2872641 ]
 [-0.19431517  1.3313329 ]
 [-0.28760195 -0.5475618 ]
 [ 1.0615416  -2.0652866 ]
 [ 0.10537747  0.3361236 ]]
Peso 2:
[-0.4990417   0.49904278]
