


pesos modelo: 
Test loss: 1.3778, Test accuracy: 0.6647
Camada: meio
Peso 1:
[[ 1.00979209e-02 -1.53293520e-01 -2.13665754e-01  4.75152433e-02
  -8.17497075e-02  2.30181724e-01 -3.61441791e-01  5.33050299e-03
   1.16332680e-01  2.07017630e-01  1.06038302e-01  3.54354471e-01
   1.38008744e-01]
 [-1.84472427e-01  4.03305799e-01 -3.32714081e-01  4.38424051e-02
   3.60597461e-01 -3.68986011e-01 -5.17095625e-02 -3.29515398e-01
  -1.83435217e-01 -2.43594617e-01  3.19450647e-01  2.25932449e-01
   3.76016200e-02]
 [-3.21710169e-01 -2.77159840e-01  1.31853968e-01 -1.83956832e-01
   2.77284384e-02 -3.68565559e-01 -1.12195671e-01  1.42982572e-01
  -1.54216647e-01  2.85778672e-01 -2.51645744e-01  4.06020135e-01
   1.95925832e-02]
 [-8.87962710e-03 -8.07905197e-02 -5.13950735e-02 -1.84078515e-01
  -2.78739959e-01 -1.61567390e-01  1.76316686e-02 -1.62123129e-01
  -5.85666224e-02  4.10756201e-01  4.91566099e-02  3.24384007e-03
  -2.74167806e-01]
 [ 9.72650796e-02  2.10545123e-01 -2.10390851e-01 -2.84406871e-01
  -3.05754423e-01 -5.07902950e-02 -9.20341313e-02 -3.11694890e-01
  -1.59656793e-01 -8.86920840e-03 -1.11588307e-01  1.54041380e-01
   5.37197180e-02]
 [-3.72160792e-01 -2.12905958e-01 -4.11730677e-01  7.07122460e-02
  -2.97775388e-01  1.60424888e-01 -2.17177138e-01 -1.04691252e-01
  -5.30478433e-02  8.89662430e-02  3.25067043e-01  1.46148326e-02
   3.39329809e-01]
 [ 3.82028699e-01  1.01288572e-01 -2.00482875e-01  3.20458002e-02
   3.39656711e-01  1.85766201e-02  1.72863781e-01 -1.32813439e-01
   3.69684756e-01  2.18665645e-01  4.20401484e-01  2.72704393e-01
   3.28848332e-01]
 [-1.29157230e-01  2.08074272e-01 -1.84802547e-01 -1.68121561e-01
   4.10614580e-01  4.32334930e-01  1.67684153e-01  1.96893066e-01
   1.03981279e-01 -9.84246805e-02  2.06621021e-01 -1.10974960e-01
  -2.01914087e-01]
 [ 4.44603056e-01 -5.51057421e-02 -4.08800572e-01  7.91402757e-02
  -2.36977786e-01  4.56752598e-01  4.53097336e-02 -2.82761455e-02
   5.04717454e-02 -2.29747474e-01  1.76379547e-01 -3.18881452e-01
   3.23133141e-01]
 [-2.80187964e-01  1.18352592e-01 -1.82339743e-01 -2.78393358e-01
  -2.85339832e-01 -3.70524287e-01 -1.55582577e-01  1.56780571e-01
  -1.87186107e-01  1.65431634e-01  1.91475853e-01 -3.74462306e-02
   9.37482342e-03]
 [ 3.43636334e-01 -2.12022275e-01 -1.77218631e-01  1.17974333e-01
  -3.30347449e-01  4.38267797e-01  2.08319172e-01 -2.21950620e-01
   3.41247946e-01 -6.81032389e-02  3.54177713e-01 -3.61664444e-01
   6.21610209e-02]
 [-1.25502020e-01 -2.53425926e-01 -1.65613238e-02  4.10714984e-01
  -1.57576337e-01  3.02065313e-01 -2.00343877e-01  1.05176412e-01
   7.22365752e-02  2.82293111e-01  2.15572119e-01  2.29825661e-01
   3.15692753e-01]
 [ 3.30318987e-01  2.30740458e-01  3.46062034e-02 -1.30311474e-01
   2.47651860e-01  9.53385010e-02  2.40766332e-01 -2.12280065e-01
   1.50415376e-01  3.19174975e-01  1.28247827e-01  3.22144598e-01
   2.40009412e-01]
 [ 3.67762059e-01 -2.60126352e-01  1.67945072e-01 -4.51018333e-01
  -6.84887096e-02  4.28199053e-01 -4.50924933e-01 -4.96122837e-02
  -4.02364999e-01  2.04080090e-01  1.70982867e-01  2.47851446e-01
   3.94643061e-02]
 [ 4.40426618e-01 -5.55955339e-04  9.73291323e-02  1.01481222e-01
   3.25665414e-01  3.76321375e-01 -9.51286331e-02  2.24615842e-01
  -2.87601799e-01  4.76488471e-01  7.48079419e-01 -2.17149273e-01
  -2.10330904e-01]
 [-2.60613739e-01 -1.50261343e-01  1.49613783e-01  4.28261518e-01
  -2.64085650e-01  1.92110926e-01  2.58031040e-01 -3.36203203e-02
   3.53252888e-01 -2.01582676e-03 -1.24868535e-01 -1.80931702e-01
  -9.95384082e-02]
 [ 4.03299958e-01 -2.13846993e-02  1.30308568e-01 -9.98736173e-02
   8.66567791e-02  3.54571976e-02  4.11069602e-01  2.83151120e-01
   1.40179902e-01 -3.91755700e-01 -1.60813406e-01 -1.80902481e-01
  -9.24565420e-02]
 [ 5.15225768e-01  3.17154787e-02 -1.44759715e-01  5.38910553e-02
  -2.52382636e-01  6.71475977e-02 -4.68536794e-01 -3.28270078e-01
  -5.24139285e-01  4.33515489e-01  4.10087466e-01  3.55721235e-01
  -6.09999662e-03]
 [-2.96202749e-02 -3.34305525e-01 -1.14164315e-01  5.61348915e-01
   9.37299654e-02  3.91083270e-01  4.81039912e-01 -3.77274193e-02
   2.19438881e-01 -3.12907517e-01 -2.05418132e-02 -6.20790720e-02
  -2.81417277e-02]
 [-7.58231580e-02 -2.07624063e-01  8.75279531e-02  3.49859238e-01
   3.78870517e-01 -2.98218340e-01  1.83996454e-01  2.47286439e-01
   2.47779876e-01  3.84964347e-01  6.35706335e-02  3.76847774e-01
   1.97017029e-01]
 [-4.12388027e-01 -3.53878364e-02  3.46798897e-01  7.09194243e-01
  -1.37851447e-01 -7.14579046e-01  1.47757185e+00  1.54560477e-01
   8.70217562e-01 -3.43306959e-01 -1.05363500e+00 -3.32040399e-01
   8.19066942e-01]]
Peso 2:
[ 0.44495448 -0.08732393 -0.02313977 -0.08423507  0.03343419  0.30456406
 -0.34583086 -0.02996346 -0.2163455   0.21709141  0.80289775  0.17419416
 -0.05817163]
Camada: saida
Peso 1:
[[-0.5262445   0.9251153 ]
 [-0.04290451 -0.3732623 ]
 [ 0.20642434  0.4321653 ]
 [ 0.7833767  -0.1912026 ]
 [-0.20567174  0.00601658]
 [-0.74605113  0.54335356]
 [ 0.87482697 -1.3652902 ]
 [ 0.19750255  0.24733621]
 [ 0.35865018 -1.1076254 ]
 [-0.82438105  0.05148625]
 [-1.2046566   1.2140554 ]
 [-0.02438704  0.51476514]
 [ 0.49219608 -0.4626185 ]]
Peso 2:
[-0.47332957  0.47332954]



pesos modelo: 
Test loss: 1.7795, Test accuracy: 0.6281
Camada: meio
Peso 1:
[[-0.2183844  -0.01978749  0.22021726 -0.03216246 -0.35048354 -0.38151923
   0.2891375  -0.2791783  -0.3889625  -0.16835967  0.1914145  -0.24737911
  -0.30762014]
 [-0.37268877 -0.27735245  0.41603044 -0.11580259  0.34444335 -0.3956492
  -0.1943492  -0.17656483 -0.05889985  0.35113963  0.02104625 -0.04107711
  -0.40195954]
 [ 0.25062057  0.14296272 -0.07300189  0.03393421  0.17372099 -0.25076598
   0.14238843  0.31611934  0.13646165  0.17482254  0.21813568  0.24476352
   0.33325824]
 [-0.299689    0.26260132  0.15479173  0.2906853  -0.1644172   0.3671623
   0.33942574  0.37725744  0.26107478 -0.08893904 -0.18489109 -0.3724811
   0.31856042]
 [ 0.22214533  0.1884445   0.08631804  0.20950551  0.33777344  0.3455974
   0.2827212  -0.41686317  0.2884261   0.02500908  0.359605   -0.01652514
   0.39568755]
 [ 0.05308087  0.22985938  0.24435101  0.29820672  0.13722244  0.06539378
  -0.24554715 -0.34220672 -0.10068268  0.49144173 -0.03441505  0.26160216
  -0.25783217]
 [ 0.28882638  0.39959848  0.04742379  0.10188255 -0.00251207  0.34563026
   0.25480914  0.41324982  0.22663671 -0.03250161  0.15711625 -0.3341595
  -0.27164975]
 [ 0.041529   -0.11301438  0.04976861 -0.21629971  0.28186467  0.23626629
   0.3272394  -0.08603667 -0.15569936  0.31275964  0.19775443  0.2077596
  -0.39670065]
 [ 0.05567662  0.2802073   0.23402601 -0.21818796 -0.03717276 -0.2941707
  -0.02144534 -0.31524256 -0.42082757  0.2549662  -0.14868332  0.1049302
  -0.17352265]
 [-0.3666515  -0.3946968   0.19507883 -0.37741113  0.27633896 -0.14582574
   0.28159297 -0.33172098  0.06057711 -0.15016748  0.20279646  0.33694464
  -0.3712138 ]
 [-0.40044388 -0.17760329  0.06358163  0.35119998  0.1915641   0.10648157
   0.00639674 -0.07835735  0.26941192 -0.00691604  0.36510676 -0.14758971
  -0.2786183 ]
 [ 0.12858558 -0.0879904   0.23800036  0.24782933 -0.05569784  0.22222193
   0.04255738 -0.27485096 -0.08314958 -0.09870721 -0.06824812  0.17117602
   0.13425022]
 [-0.11272748 -0.13989095  0.12128878 -0.34284377 -0.06155432 -0.02904555
   0.24436538  0.14548874  0.12874012 -0.1872577  -0.01859242 -0.24535407
  -0.38044208]
 [-0.01862177 -0.17905374  0.40603343 -0.33653283 -0.42844987 -0.00444571
  -0.07855879  0.15039597 -0.2700051   0.23313472  0.7125358  -0.39665842
   0.25657886]
 [ 0.06140089 -0.05841432  0.53613627  0.2795482  -0.6213935  -0.24664605
   0.35124317  0.17974062 -0.06043704  0.19576448  0.17180184 -0.18378958
   0.17163913]
 [ 0.14095737 -0.04302461  0.15445516  0.05733012  0.5102459   0.2215271
   0.31853023  0.22683449 -0.21655224 -0.05803375 -0.21886256 -0.13643667
  -0.16052344]
 [-0.17034905  0.04657103 -0.00338006  0.19364664  0.9804519  -0.15055577
   0.02916653  0.0236919  -0.25212577  0.32246822  0.21338437  0.18391353
   0.3609779 ]
 [ 0.35720843  0.27949077  0.74836266 -0.04890721 -0.522696   -0.0818876
   0.01719787 -0.3144682  -0.31628212  0.22647399  0.620618   -0.29729518
  -0.1938522 ]
 [ 0.22737643  0.3490301  -0.14833057 -0.338656    0.40935838  0.19535615
  -0.3517356  -0.41567904 -0.4249395   0.32674506  0.13159913  0.16733752
   0.3528919 ]
 [-0.2781125  -0.1807177  -0.3350581   0.15773633  0.46033475 -0.12608002
  -0.03319286 -0.17811324 -0.35651883 -0.25996518  0.35987124  0.30071807
  -0.51537406]
 [ 0.24018052 -0.19638656 -1.1708168  -0.17081688  1.2356336   0.0322341
  -0.78958845 -0.02232226 -0.05176689 -0.59131444 -1.2312789  -0.51631093
   0.20598227]]
Peso 2:
[ 0.00653362  0.0118875   0.9195041  -0.01904391 -0.26946878 -0.02383107
  0.28126094  0.00334828 -0.06611361  0.25451893  0.67485404  0.12367535
  0.01181763]
Camada: saida
Peso 1:
[[-0.39582434 -0.26220828]
 [-0.06629571  0.1473277 ]
 [-1.2271339   1.418047  ]
 [ 0.17871447  0.29602137]
 [ 1.0923077  -1.4925288 ]
 [-0.37280703 -0.50410664]
 [ 0.02365789  1.1382341 ]
 [ 0.36577356  0.4309019 ]
 [-0.14564279 -0.48803258]
 [-0.09094048  0.8766528 ]
 [-1.018873    1.0588746 ]
 [-0.60749114  0.04626543]
 [ 0.18088815  0.64708287]]
Peso 2:
[-0.15956086  0.1595607 ]



pesos modelo: 
Test loss: 0.7387, Test accuracy: 0.7585
Camada: meio
Peso 1:
[[ 0.08168301  0.41010663  0.35604188 -0.3771944  -0.33553618 -0.0332979
   0.05543995 -0.09392464  0.19259116 -0.06643948 -0.05430168 -0.08021411
  -0.02300531]
 [-0.19861723  0.2475594  -0.14931142  0.06225657 -0.10952961 -0.3818359
  -0.02624384  0.04656285 -0.10931849  0.0238452   0.31277618  0.09961221
  -0.27183628]
 [-0.08223537 -0.03611258 -0.00734392  0.16120961 -0.1925535   0.2474952
  -0.17799886  0.00690114  0.03173807 -0.30228624  0.2802424   0.19232532
   0.41486612]
 [ 0.13041879  0.16286792  0.31416956  0.05255127 -0.13482246  0.1678001
  -0.18120904  0.3403073   0.01910868  0.33748737  0.417904    0.39750677
  -0.39265427]
 [ 0.36934236  0.13585056  0.24622698  0.2897807   0.51814175  0.21806242
  -0.27453953  0.3524814   0.02312489  0.18433356  0.0080073   0.21493149
  -0.01813121]
 [-0.23592275 -0.2793845   0.13755092  0.2942947  -0.22192593 -0.18539499
   0.05866538  0.26036158  0.15985428 -0.22873743  0.07837217 -0.12156034
   0.22547485]
 [ 0.09093767  0.34055847  0.36886615  0.35944977  0.29386318  0.22393402
  -0.06840689  0.09025008 -0.18314448  0.37407595 -0.13105541 -0.06702022
  -0.21126701]
 [ 0.46944588 -0.11478065 -0.30800983  0.17636482  0.3120651   0.36060712
  -0.17533185 -0.2585223  -0.3621873   0.09535277  0.27114773  0.38172823
   0.27112478]
 [ 0.0161377  -0.11519082  0.2878894   0.22627647 -0.24685717  0.32324654
   0.23098736 -0.07148842  0.11717191 -0.02830083  0.02180393 -0.05200983
  -0.17148058]
 [ 0.19054832  0.3684461  -0.39250636  0.0382763   0.38111886 -0.38104802
   0.41098824 -0.21418363 -0.18914773 -0.30192146  0.30671588  0.00172942
   0.19644953]
 [ 0.3895702  -0.29963946  0.41374508  0.4281294  -0.08039097 -0.30352095
  -0.06728616 -0.17822441 -0.13344975 -0.17043294  0.24539945 -0.23322417
   0.13017978]
 [ 0.04285332 -0.33210307  0.36808726  0.19525619  0.2080115   0.05921428
   0.0858911   0.16736957  0.21946728  0.35021085  0.05008304 -0.01966702
   0.11923811]
 [-0.18183865 -0.03828444  0.3013178   0.34628162  0.29703355  0.3183143
   0.16830155  0.09478194  0.18127322 -0.11850367 -0.0678181  -0.3542881
   0.35770988]
 [-0.01008643 -0.14549237 -0.26794004  0.2866273   0.04967684 -0.02131203
  -0.3781236  -0.50259924 -0.24625355 -0.3067553   0.25089145  0.30436507
  -0.42300558]
 [-0.31472567  0.21691833  0.25407913  0.6061753   0.5009534   0.09948742
   0.00605132 -0.19314991 -0.37253124 -0.46023908 -0.0771645   0.2860553
  -0.5115379 ]
 [ 0.04644506  0.2531067   0.04148398  0.06955983  0.07877865  0.37791058
   0.12370532  0.38593513  0.06227192 -0.09992698 -0.21557517 -0.3031024
   0.33290738]
 [-0.11789085  0.54935473 -0.1892111  -0.12818788  0.2007885  -0.1880033
  -0.12473307  0.39475623  0.18829496 -0.04816528  0.01991733  0.16667777
   0.35787192]
 [-0.26689216 -0.37804666 -0.27736488  0.5485283   0.51816756 -0.17223817
   0.38752022 -0.10418597 -0.3876154   0.18052766  0.60237825 -0.22646318
   0.01940636]
 [ 0.05798157 -0.02526654  0.4490457  -0.07515625 -0.04766533 -0.02785611
   0.3906313   0.330678    0.09588595  0.02292722  0.28203005  0.11586949
   0.57936746]
 [ 0.10246079  0.27662542  0.02220247  0.19753924 -0.32628235  0.32004675
  -0.15271243 -0.18713588 -0.2323792   0.27595183 -0.12561749  0.4089208
   0.47693813]
 [ 1.0202378   0.60937905  0.78171813 -1.5315745  -0.58629423 -0.103813
  -0.42392954  0.28926182 -0.09745538 -0.24194309 -0.76507753 -0.38743988
   0.8804834 ]]
Peso 2:
[-0.03944204 -0.04726308 -0.11873011  0.6785311   0.44298422  0.01523568
  0.11918879 -0.08076327 -0.03122766 -0.1127742   0.52887     0.05366609
 -0.35605097]
Camada: saida
Peso 1:
[[ 7.5110900e-01 -6.5842390e-01]
 [ 4.4899261e-01 -4.9813566e-01]
 [-4.5416154e-02 -9.4033867e-01]
 [-1.3085313e+00  1.3251100e+00]
 [-9.1634244e-01  6.7305845e-01]
 [ 9.6108794e-04  9.9634945e-02]
 [-1.8332696e-02  4.7965100e-01]
 [ 5.9231114e-01 -4.9878985e-02]
 [-4.9134597e-01 -2.5514078e-01]
 [ 1.2634639e-01 -9.6892141e-02]
 [-4.9010411e-01  1.0541658e+00]
 [-5.0657320e-01 -1.6663738e-02]
 [ 1.1127137e+00 -7.9556692e-01]]
Peso 2:
[-0.41092363  0.41092402]



pesos modelo: 
Test loss: 0.8920, Test accuracy: 0.7277
Camada: meio
Peso 1:
[[-6.84831440e-02 -2.28938222e-01  1.72778338e-01 -3.00554842e-01
   1.03913397e-01 -1.19070411e-02  3.10001522e-01 -3.41613322e-01
  -3.54206443e-01 -1.49477392e-01  1.68766171e-01 -1.00488067e-01
   3.42816412e-02]
 [ 2.75820583e-01 -2.41295740e-01 -2.59552062e-01 -2.34162211e-02
   1.36990637e-01  1.97841138e-01  3.78552884e-01 -2.85361409e-01
  -2.64699638e-01 -3.33462536e-01 -1.16118789e-02 -1.71386465e-01
  -3.90083849e-01]
 [-2.71136880e-01 -1.97012842e-01 -2.64328420e-02  2.14115083e-02
  -3.64996612e-01 -2.82714993e-01  2.29702801e-01  2.25618929e-01
  -1.35985613e-02  6.34726882e-03 -3.35501611e-01 -1.03953451e-01
   8.97246301e-02]
 [-3.09747100e-01  3.96412551e-01  3.24000657e-01  1.76256821e-02
   4.03291821e-01  2.46693686e-01 -4.12577927e-01  3.98900717e-01
  -2.34091088e-01  1.36302784e-01  4.15025592e-01  2.06481487e-01
   3.21956873e-01]
 [ 6.15875311e-02 -2.37947702e-01 -5.89552186e-02  5.65673113e-02
  -1.12461671e-01  3.69182557e-01 -3.45599920e-01  2.94800669e-01
   1.61171421e-01  8.26795325e-02  4.51478541e-01 -1.67554528e-01
  -1.14508137e-01]
 [ 9.80550516e-03 -1.29532322e-01 -8.10369924e-02  1.87546834e-01
  -2.71206707e-01  2.46132761e-01 -1.77022442e-01  2.49508679e-01
  -1.20778300e-01 -1.28160015e-01  4.81895536e-01  3.92390877e-01
  -1.79781690e-02]
 [-1.71795487e-01  2.31833488e-01 -8.31425935e-02 -5.16529121e-02
   3.35526019e-01  3.19116652e-01  2.90071130e-01 -2.53506273e-01
  -3.64608139e-01 -2.21325994e-01  6.64549991e-02  3.14918369e-01
  -9.77750942e-02]
 [ 2.99042135e-01 -2.94143409e-01  4.81246799e-01 -1.27177402e-01
   9.18732584e-02  3.10495406e-01 -6.74363300e-02  2.05944061e-01
  -3.66701990e-01  2.86968410e-01  2.52308130e-01 -2.77821869e-01
  -1.16590469e-04]
 [-2.90165901e-01  6.82241097e-02  4.26557064e-01  2.43808687e-01
   3.46139759e-01  2.63048053e-01 -4.03091490e-01 -2.87442375e-02
   1.19769767e-01  1.06742568e-01 -2.46550813e-01  1.59644097e-01
   1.70325547e-01]
 [-2.93533713e-01  1.57360509e-01 -1.93154186e-01  2.25944132e-01
   3.48791093e-01  9.79433656e-02  2.18300045e-01  1.11308187e-01
  -2.44443744e-01 -2.01987699e-01  2.54526317e-01  2.16142714e-01
   4.08948660e-02]
 [ 8.56425986e-02 -1.40613452e-01  3.20288390e-01 -2.72962917e-02
  -1.93149447e-01  2.26126105e-01 -4.22522396e-01 -7.27363601e-02
  -3.21225494e-01 -7.33118355e-02 -1.84889317e-01  1.01626605e-01
   1.01337815e-02]
 [ 1.25169665e-01 -2.08358452e-01  1.50645956e-01 -1.66186273e-01
  -1.06593825e-01  2.69327551e-01  3.13896984e-01 -2.43590362e-02
   2.44847715e-01 -1.56193152e-01 -3.04305434e-01  2.97737539e-01
  -1.77365810e-01]
 [-6.60631731e-02 -1.35171622e-01  3.57145369e-01 -3.39745730e-02
  -3.95600647e-01 -3.42958450e-01 -2.90787935e-01  2.74845600e-01
  -1.07008494e-01  2.70052522e-01 -1.06846645e-01  1.14260882e-01
  -1.89779148e-01]
 [-2.41646305e-01 -3.62009048e-01  4.78300899e-01  5.96205413e-01
  -2.33101785e-01 -2.30747163e-01 -3.02955031e-01  9.13252309e-02
   3.41543049e-01  7.20324814e-02 -1.13466993e-01  6.21870682e-02
  -6.91385150e-01]
 [-2.80665308e-01 -3.45518172e-01  8.21184337e-01  8.08654279e-02
  -8.66468623e-02  8.92296806e-02  3.04844409e-01 -9.85503942e-02
   1.18411638e-01 -4.82724905e-01  1.82518363e-01  3.75099957e-01
  -7.43804425e-02]
 [-9.58673656e-02 -3.07853043e-01 -1.27426693e-02  3.12568367e-01
   1.57808602e-01  2.36162454e-01 -3.53819489e-01  1.36437863e-01
  -3.23362976e-01  3.93242955e-01  1.44085094e-01  1.81009933e-01
   6.40269458e-01]
 [-3.28211993e-01 -3.60810339e-01  2.46965885e-01 -1.86661463e-02
   1.69055104e-01 -3.15298110e-01  1.80778071e-01 -8.06150809e-02
  -3.14771444e-01  7.01647326e-02 -2.11034626e-01  3.13352123e-02
   4.44561988e-01]
 [-1.66987419e-01 -2.17781872e-01  3.61462712e-01  5.93238115e-01
   2.76258253e-02 -3.80536675e-01  2.71505594e-01 -3.01361769e-01
   1.52992547e-01 -2.98506826e-01  6.03076816e-01  2.81663626e-01
  -3.35075766e-01]
 [ 5.99340871e-02  2.95280218e-02  1.57470461e-02  1.68874562e-01
  -1.10506199e-01  2.40793183e-01  7.09288334e-03  2.90726647e-02
  -3.17004114e-01  4.09164757e-01  4.06827003e-01 -1.89716175e-01
   5.87960303e-01]
 [-2.37353176e-01 -2.30106696e-01 -1.63441792e-01  6.53078780e-02
  -3.58959347e-01 -3.47920746e-01 -7.88593665e-03  8.43991563e-02
  -1.70796830e-02  3.35145056e-01 -1.24805875e-01  1.38803542e-01
   4.04217750e-01]
 [-2.53573149e-01  2.97096372e-01 -1.10178721e+00 -8.12450290e-01
  -3.60047102e-01  1.12853415e-01  8.10576007e-02  6.39352202e-01
   1.59370750e-01  1.09734185e-01 -7.43849993e-01 -5.54527760e-01
   1.68255961e+00]]
Peso 2:
[ 0.00619633 -0.0058619   0.6702207   0.40607116  0.15891133 -0.03946415
 -0.02612687 -0.12425809 -0.01316543 -0.09488843  0.45382717  0.14070766
 -0.33287758]
Camada: saida
Peso 1:
[[-0.62736464 -0.4390042 ]
 [ 0.33739936  0.6015535 ]
 [-0.9817208   1.3488383 ]
 [-1.094048    0.36213508]
 [-0.25724277  0.6317742 ]
 [ 0.02986308 -0.15305255]
 [-0.25351354 -0.5437371 ]
 [ 0.10570263 -0.72800535]
 [ 0.05764236 -0.17241961]
 [ 0.30657485 -0.27152398]
 [-1.024343    0.40601093]
 [-0.50078446  0.32046688]
 [ 1.5028038  -1.2612602 ]]
Peso 2:
[-0.35894728  0.35894692]



pesos modelo: 
Test loss: 0.9974, Test accuracy: 0.6418
Camada: meio
Peso 1:
[[-3.16088617e-01  3.43992561e-01 -3.52053881e-01  9.25401151e-02
   1.98887378e-01 -2.51751125e-01 -3.71184230e-01  2.57511586e-01
   3.13116401e-01  3.80058974e-01  3.89004678e-01  6.75003231e-02
   9.87863839e-02]
 [ 1.60973459e-01 -2.02076122e-01  9.52408016e-02  3.49494010e-01
  -3.90031368e-01  2.45822370e-02  1.07474536e-01 -2.19135970e-01
  -1.69695228e-01  3.08660656e-01  2.19769925e-01 -3.01381350e-01
  -5.83491921e-02]
 [ 6.67838156e-02  3.25338244e-02 -1.71629250e-01  2.64606029e-01
  -3.91950667e-01 -2.97561795e-01  3.71435136e-01 -2.27827430e-02
  -2.85698950e-01 -2.60210991e-01 -1.41153336e-01  7.04683363e-02
  -9.19446647e-02]
 [ 3.90323907e-01 -1.28810704e-01 -1.56079322e-01 -7.61595219e-02
  -2.04662755e-01  1.44287527e-01  2.93491542e-01  2.77410410e-02
   6.80061430e-02  1.69205591e-02 -9.58716422e-02  3.59820455e-01
  -2.17163920e-01]
 [ 1.08428486e-01 -4.14477140e-01  2.02286348e-01  4.05252397e-01
   2.76561975e-01 -3.40250432e-01  8.43135044e-02 -1.55096635e-01
   1.30097300e-01 -4.11628962e-01  2.26877689e-01  4.19708103e-01
   1.75031781e-01]
 [-8.79421830e-02  2.76661426e-01  6.21196479e-02  1.23307616e-01
   3.75059128e-01 -1.65786207e-01 -7.92189837e-02  1.72323212e-01
   2.49562547e-01 -5.43104596e-02 -2.72755418e-02 -6.68921024e-02
   4.55806553e-02]
 [ 3.20465356e-01 -3.97378445e-01 -1.67926140e-02  3.07375252e-01
   1.66650817e-01  2.17758507e-01 -2.22201213e-01 -2.67772555e-01
   1.00911848e-01 -3.46078485e-01  1.27138838e-01  2.81865776e-01
   1.48419321e-01]
 [-2.85875916e-01  1.61132857e-01  7.25768209e-02  3.76835525e-01
  -6.25788569e-02  2.37732202e-01  2.98157036e-01  1.37840346e-01
   1.03657832e-02  6.21746592e-02  8.59286040e-02 -2.11457804e-01
   4.98241037e-01]
 [-7.92643428e-02 -1.13080814e-01 -3.59075457e-01  3.46384883e-01
   4.36636597e-01  1.92497179e-01  7.09087253e-02  1.99429423e-01
  -1.21981554e-01 -4.09442782e-01  5.77877723e-02 -9.80731379e-03
   2.23464504e-01]
 [ 2.13064685e-01  2.37480611e-01  1.49890944e-01 -2.53541946e-01
   2.92738676e-01 -3.68785530e-01 -5.53285442e-02 -2.94938773e-01
   2.53608286e-01 -1.24888085e-01 -6.97355391e-03  3.11739534e-01
  -2.40943357e-01]
 [ 2.78476924e-01 -2.70969599e-01 -2.77406007e-01 -1.01646706e-01
   3.66591334e-01  1.62777528e-01 -2.79164761e-01  3.01462919e-01
  -1.70316380e-02 -3.30954522e-01  2.45629147e-01  4.37034041e-01
   1.94799647e-01]
 [ 7.50457942e-02 -1.03104435e-01  1.41795695e-01 -4.10334349e-01
  -1.24511793e-01 -1.07254691e-01  1.17865071e-01 -2.61901438e-01
   1.53666750e-01 -1.06037483e-01 -3.14274617e-02  1.25750467e-01
   1.80105582e-01]
 [-3.93324763e-01 -2.11134553e-01 -2.37862572e-01 -1.87041268e-01
   1.03517927e-01 -4.20149602e-02  4.32925105e-01  6.18398525e-02
   4.13693897e-02 -2.37451762e-01  2.40257710e-01  3.90453070e-01
  -2.36927152e-01]
 [-2.78923988e-01  2.22362190e-01 -3.16194057e-01  3.44785631e-01
  -1.75482240e-02  3.71034831e-01 -1.29831582e-02 -3.22372705e-01
   7.74772987e-02 -4.15340206e-03 -5.14295459e-01  6.08306646e-01
   4.76954192e-01]
 [ 1.67541191e-01  1.87654287e-01  2.42476165e-01 -4.11580920e-01
  -9.94246826e-02  3.53970498e-01  5.51868200e-01 -2.94791549e-01
   1.54062351e-02  4.25250903e-02 -7.66143322e-01  4.48277175e-01
   1.64159909e-01]
 [ 4.21312034e-01 -2.61313140e-01 -2.76023090e-01 -3.63387078e-01
   2.07538128e-01  3.45028460e-01  2.26710171e-01 -2.18194976e-01
   6.87546888e-03 -9.52863097e-02  6.46523058e-01 -2.45525554e-01
   1.01863109e-01]
 [ 3.94593626e-01  7.81773180e-02 -2.36432150e-01  3.58826548e-01
  -1.39773279e-01 -4.35958505e-02  1.35723725e-01 -2.06223011e-01
   2.11593118e-02  1.78451076e-01  5.01136959e-01 -1.90573826e-01
   4.50646102e-01]
 [-1.38685793e-01 -2.12491646e-01  1.17883869e-01 -2.98479766e-01
   6.59180462e-01 -2.61788219e-01 -2.53718615e-01 -9.61293206e-02
   6.20240092e-01  2.98097849e-01 -4.34411079e-01  2.93682545e-01
   1.84714735e-01]
 [ 3.37263644e-01  1.18557677e-01 -4.00073051e-01 -2.67480388e-02
  -2.88898706e-01  1.69503033e-01 -3.48433673e-01 -2.77275026e-01
   1.08371899e-01 -2.04948097e-01  4.52173710e-01  2.79923379e-01
  -2.23956868e-01]
 [ 8.09548572e-02 -1.84261292e-01  2.30369210e-01 -2.40080655e-01
  -6.02927641e-04 -2.11562067e-02 -2.36437805e-02 -1.90009251e-01
   3.57713580e-01 -2.43530110e-01  5.50925851e-01 -2.68189788e-01
  -1.06180489e-01]
 [-2.11538106e-01  2.43068501e-01 -2.03438774e-01  5.61177079e-03
  -7.23779917e-01 -2.93213576e-01 -4.02302325e-01 -3.80161315e-01
  -1.12567592e+00  2.04273850e-01  1.55028009e+00 -8.35273027e-01
  -7.51718521e-01]]
Peso 2:
[-0.0472798  -0.00416913 -0.15041652  0.00261059  0.38854524  0.13400899
  0.18659855  0.022577    0.37262708 -0.0144503  -0.48394597  0.5403007
  0.5001155 ]
Camada: saida
Peso 1:
[[-0.4845138  -0.64645416]
 [-0.44053605 -0.20690763]
 [ 0.54876375 -0.08518659]
 [ 0.4009025   0.57667756]
 [-0.43848675  0.8742916 ]
 [-0.84797907 -0.14699505]
 [-0.50801826  0.65236753]
 [-0.21831279  0.22039278]
 [-1.1108075   0.5228061 ]
 [ 0.37907442 -0.0912431 ]
 [ 1.5223904  -1.3785634 ]
 [-0.44314322  1.3809781 ]
 [-0.53504425  0.9328985 ]]
Peso 2:
[-0.32154217  0.3215426 ]



pesos modelo: 
Test loss: 1.1950, Test accuracy: 0.6958
Camada: meio
Peso 1:
[[-3.20928454e-01 -3.38521928e-01  2.28404999e-03 -4.11471516e-01
  -4.08437192e-01 -2.50613987e-02  1.06862396e-01 -2.97168493e-02
  -1.44551605e-01 -8.30529332e-02  6.86062574e-02 -2.22090662e-01
  -1.56358778e-01]
 [-1.80524185e-01 -2.53544003e-01  3.95402312e-02  1.60288513e-02
   3.44401747e-01 -1.78762078e-02 -1.00473344e-01  1.56573445e-01
   8.76495540e-02 -1.72284365e-01 -1.14547312e-02 -2.64910489e-01
   5.82385063e-02]
 [ 3.67854387e-01  2.50728697e-01 -4.12293315e-01  8.28149915e-03
  -2.49187320e-01  4.17533070e-01  3.26167792e-01  3.21222812e-01
   2.01792985e-01  1.49989456e-01  2.62107342e-01  7.93114007e-02
   1.65638536e-01]
 [-3.63706231e-01 -1.98004946e-01  3.95432442e-01 -2.65698642e-01
  -1.50537595e-01 -9.09397528e-02 -1.65176660e-01 -3.85072678e-02
  -6.19987696e-02  5.44219138e-03  4.43433404e-01 -2.80552685e-01
  -1.79121830e-02]
 [-2.74367452e-01  2.54076689e-01 -9.69767570e-02 -1.59742728e-01
   5.25417507e-01 -1.47530213e-01 -2.10132286e-01  3.84645239e-02
   2.60447651e-01  3.00827086e-01  5.41155279e-01  1.50368333e-01
   1.74396530e-01]
 [ 1.71545789e-01  3.56998801e-01 -4.00394678e-01  2.97624886e-01
   2.40753800e-01 -5.91368265e-02  2.26293713e-01  1.77186966e-01
   8.59146491e-02 -1.36356205e-01 -2.23809540e-01  2.92554200e-01
   8.46379921e-02]
 [ 1.80517167e-01  3.07153642e-01 -3.80471498e-01  1.16252869e-01
   4.17305231e-02  2.59994306e-02  1.02082811e-01 -1.86111238e-02
   5.78031465e-02 -5.36917290e-03  2.76444554e-01 -1.25948368e-02
   1.52582660e-01]
 [ 2.10960016e-01  1.22779898e-01 -9.37193260e-02  3.40592325e-01
   1.31954774e-01  1.72669247e-01  3.57218087e-01 -3.95645350e-01
   1.95895433e-01 -1.77801296e-01  4.67773415e-02  1.80808008e-01
  -3.77650470e-01]
 [ 1.79595396e-01 -5.99443279e-02 -4.29697782e-02 -1.45145640e-01
   3.76652420e-01 -1.07757270e-03 -2.18734778e-02  1.27670690e-01
  -1.11861527e-01  3.01085830e-01  2.78659523e-01  6.60851002e-02
  -3.04806888e-01]
 [ 1.73155531e-01  1.63197577e-01 -3.62048060e-01 -1.85010806e-01
  -2.10225359e-01  5.34348004e-02  4.05395865e-01  1.59100428e-01
  -1.06394857e-01  3.44036855e-02  1.52096987e-01  2.51272827e-01
  -2.32572258e-01]
 [-1.31271601e-01  1.01491325e-01  2.23015845e-01 -7.83389360e-02
  -2.30718806e-01 -3.90315682e-01  4.12960947e-01  2.65207559e-01
  -2.30056539e-01  2.45499581e-01  2.83749085e-02  4.20727909e-01
  -2.68219471e-01]
 [-1.56166017e-01 -1.84662655e-01  2.25662813e-01 -6.99158162e-02
   5.26023507e-01 -1.07011106e-02  2.29029313e-01 -3.35734576e-01
   1.91894218e-01 -1.79437011e-01 -1.53500676e-01  3.37958485e-01
   1.47649273e-01]
 [-2.04578608e-01  3.63107890e-01 -1.28954470e-01  8.58577788e-02
   3.71092528e-01 -1.35827810e-01 -1.51320472e-01 -3.20605114e-02
   3.80223095e-01 -4.62497696e-02  3.58238250e-01  8.96476060e-02
   1.57107636e-01]
 [-3.93855333e-01 -4.10982221e-01 -3.79131556e-01 -2.53002513e-02
   1.04284296e-02  4.23804075e-02  3.22770953e-01 -7.24470019e-02
  -6.51468039e-02 -5.26569366e-01  5.08238316e-01  5.19980550e-01
  -1.98009536e-01]
 [ 1.91257283e-01 -3.46970372e-02 -2.68367052e-01 -7.64954984e-02
   7.86769539e-02  5.99918701e-02 -3.72377783e-01 -2.14177802e-01
  -6.19358480e-01 -1.41127035e-01  6.87121749e-01  6.50815487e-01
  -3.67530972e-01]
 [-2.26926640e-01  2.62778308e-02  1.09229879e-02 -3.86704475e-01
  -1.45301357e-01  1.07657887e-01 -2.05735669e-01  1.04906231e-01
   1.76541984e-01  2.84441292e-01  2.66622871e-01 -4.47389185e-01
  -2.82890499e-01]
 [-3.66972864e-01  2.94256151e-01  2.78713435e-01 -3.62030447e-01
  -1.82697639e-01 -3.08025420e-01  2.88916171e-01 -3.08789946e-02
   3.44463408e-01  2.65237503e-02 -2.45241806e-01 -1.48768142e-01
   1.11548584e-02]
 [ 2.52721220e-01 -3.18410575e-01 -3.88118297e-01 -1.78515941e-01
   5.79305828e-01  2.12490633e-01  4.81177643e-02  4.36524928e-01
  -3.51049691e-01 -4.74565536e-01  4.04609203e-01  2.40302399e-01
  -3.55949074e-01]
 [-2.86483020e-01  5.55438362e-02 -3.77145857e-01 -3.42726320e-01
   1.67803556e-01  6.64720312e-02  9.99926403e-02 -1.89969957e-01
   2.45976642e-01  3.21278155e-01 -7.69240931e-02 -1.33726180e-01
   3.52594465e-01]
 [-1.05874781e-02 -4.06727314e-01  4.11160052e-01 -1.71154320e-01
  -2.80089289e-01  1.07642025e-01  2.62309045e-01 -3.29296261e-01
   3.99122030e-01  5.67065120e-01  6.88673034e-02  4.08711672e-01
   4.53768037e-02]
 [ 1.07172497e-01 -3.00821334e-01 -2.72858948e-01  3.06917161e-01
  -4.62126613e-01  4.23993357e-02  8.28581676e-03  2.24181995e-01
   1.22305906e+00  1.68801403e+00 -8.47669303e-01 -6.39313757e-01
  -9.11230817e-02]]
Peso 2:
[-0.04691117  0.01303319 -0.00627909 -0.01365688  0.49282172 -0.04462549
  0.01659576  0.02376156 -0.38332954 -0.25904405  0.6981424   0.5275151
 -0.02940537]
Camada: saida
Peso 1:
[[-0.335378   -0.57737637]
 [-0.50714606 -0.2694466 ]
 [ 0.3444523   0.3458193 ]
 [ 0.17815575 -0.09440647]
 [-0.9058409   0.34409046]
 [-0.03542061 -0.06809136]
 [-0.38484418 -0.25211015]
 [-0.04666939  0.32851884]
 [ 0.6356419  -1.3832912 ]
 [ 1.3199327  -1.2095636 ]
 [-0.6687059   1.4384663 ]
 [-0.7473438   0.9453494 ]
 [-0.59760994 -0.05991258]]
Peso 2:
[-0.52151513  0.52151453]



pesos modelo: 
Test loss: 1.2366, Test accuracy: 0.6864
Camada: meio
Peso 1:
[[-4.81998920e-02  6.59087598e-02  6.47869110e-02 -7.44934082e-02
  -2.57914603e-01  1.17123812e-01 -1.94120839e-01  3.39308947e-01
   8.92437398e-02  4.78587747e-02  2.81589240e-01 -1.37542516e-01
   5.73652983e-03]
 [-7.64319301e-02  3.18934947e-01  2.25935727e-01 -2.58392334e-01
   2.85936028e-01 -1.99262843e-01  4.11112875e-01 -2.51239896e-01
  -3.55371654e-01 -4.16926920e-01 -2.16575176e-01 -1.06065929e-01
   1.22015029e-01]
 [ 2.64177948e-01  2.14463383e-01 -2.04441100e-01 -2.19101205e-01
   4.98782098e-02  9.13441181e-03 -2.59265721e-01 -2.84619957e-01
  -8.26267600e-02 -2.93103874e-01 -2.94416308e-01 -2.56387532e-01
   2.63059407e-01]
 [ 4.02817279e-01  3.37009072e-01  3.01498473e-01 -4.18857634e-01
   1.11775279e-01 -2.09463298e-01 -1.70066968e-01  1.36645008e-02
  -2.77810901e-01  1.81615546e-01 -2.06756607e-01  2.59401143e-01
   2.19371900e-01]
 [-2.39167899e-01 -4.73881997e-02  1.88532755e-01 -3.64853531e-01
   2.84947604e-01  8.40141401e-02  3.28878343e-01  2.92661071e-01
  -1.19786508e-01 -1.25811361e-02 -8.34656730e-02  2.35842660e-01
  -2.19460994e-01]
 [-4.49056327e-02 -3.23934257e-01  2.70545781e-01  1.43509284e-01
  -2.76092261e-01 -2.51797080e-01  1.72464743e-01  6.99033886e-02
  -1.69485062e-01  2.00657353e-01  1.01249874e-01  2.03551620e-01
  -6.61408231e-02]
 [-4.11551654e-01 -3.20166349e-01  3.77840728e-01  1.78963915e-01
  -1.95294584e-03 -3.80198687e-01  1.33094430e-01  2.85411060e-01
   3.50075692e-01  1.87870413e-01  1.07349148e-02 -1.83151156e-01
   4.36366349e-01]
 [-2.55919456e-01  4.19187576e-01  8.26921612e-02  3.67922992e-01
  -2.29635864e-01  2.44100049e-01  3.77701789e-01  5.04587665e-02
  -4.02088642e-01  5.07612191e-02 -3.62539083e-01 -1.87421173e-01
  -1.86821118e-01]
 [ 4.92921583e-02  1.17751643e-01 -1.09225959e-02 -2.84044206e-01
  -3.00955176e-01 -3.49020451e-01 -3.37647229e-01  7.20274299e-02
  -4.11933988e-01 -3.10268253e-01 -3.82912099e-01 -2.45738074e-01
   2.18744185e-02]
 [ 4.06580806e-01 -2.36015990e-01  1.69805840e-01 -1.90085068e-01
  -3.17342252e-01 -3.30466777e-01  2.36476287e-01 -8.53606611e-02
  -3.54090780e-01 -2.37046659e-01 -4.51797321e-02  2.59482473e-01
  -1.49328977e-01]
 [-1.28013209e-01  1.55611649e-01  3.91512573e-01 -7.11952671e-02
  -3.64104301e-01  2.72623956e-01 -1.18977744e-02  4.21578497e-01
  -2.00353920e-01 -2.61208534e-01 -6.15276322e-02  7.42784888e-02
  -4.53701168e-02]
 [ 3.84588808e-01 -1.13864273e-01  1.59069732e-01 -7.61297997e-03
  -9.86460596e-02 -1.03411585e-01  1.66502267e-01  7.46173263e-02
  -3.58817577e-02 -1.87639147e-01 -5.48920222e-02 -4.24047634e-02
   3.54567096e-02]
 [ 3.75386298e-01  3.91038358e-01  8.88750032e-02  3.31259608e-01
   1.67505801e-01  3.33633333e-01  5.63853681e-02 -2.72796690e-01
  -1.88467115e-01  3.25064152e-01  1.77880764e-01 -2.72864670e-01
   1.86835945e-01]
 [ 3.22797224e-02 -4.14725691e-01  7.84876943e-01 -3.56264636e-02
  -1.33351848e-01 -2.68322915e-01 -2.30940014e-01 -1.15384914e-01
  -1.54164776e-01  3.25499117e-01 -2.13924974e-01 -9.30626020e-02
  -1.67409495e-01]
 [-6.57455325e-02 -4.70044881e-01  7.74595320e-01 -3.04790616e-01
   2.92729586e-02 -2.74798591e-02 -3.78083348e-01  1.74745098e-01
  -1.66391090e-01  1.80509582e-01 -1.68745339e-01 -4.74119157e-01
  -5.07684499e-02]
 [ 4.85655703e-02  1.22612119e-01 -1.78397689e-02  3.24269623e-01
  -1.76217273e-01 -2.70164877e-01 -1.47386625e-01 -1.99759621e-02
   3.84827197e-01 -3.45149845e-01 -8.50385875e-02  4.46248978e-01
   1.54124662e-01]
 [ 8.50130320e-02  2.41171047e-01  1.09163903e-01 -6.39071018e-02
   2.82467175e-02  3.47541608e-02  1.30299821e-01 -7.29914531e-02
   1.32407933e-01 -2.06030518e-01 -3.43772918e-02  5.68801284e-01
   5.29015243e-01]
 [-1.24370735e-02 -4.34467453e-04  7.94298828e-01 -3.45616490e-01
   2.65606735e-02 -5.70806563e-02  1.44079357e-01 -2.30697483e-01
  -2.77954429e-01  2.69218266e-01  1.01986654e-01 -6.53031647e-01
  -3.69549155e-01]
 [-4.11962837e-01  3.31232429e-01 -1.68662176e-01 -4.66310233e-01
   5.86171150e-02  1.14675350e-01  9.25531313e-02  1.27472505e-01
  -3.93312603e-01  1.52909309e-01 -2.29175985e-01  3.20081621e-01
   1.36756534e-02]
 [-1.80755839e-01  2.96499908e-01  1.12665825e-01 -3.45405079e-02
   3.44444990e-01 -9.57884938e-02 -1.19769678e-01  1.31454811e-01
   2.54890978e-01 -4.10292476e-01 -2.25595921e-01  8.30509663e-02
   4.06139225e-01]
 [-6.58801943e-03  1.31679401e-01 -1.55964875e+00  2.35893980e-01
  -1.93620250e-01 -3.45603228e-01  3.71069342e-01  8.26195002e-01
   3.57975394e-01 -4.09283012e-01 -3.60541284e-01  1.17867923e+00
   1.02191496e+00]]
Peso 2:
[ 0.13322628 -0.10159734  1.072798   -0.03099766 -0.00838409 -0.05704896
 -0.03458471 -0.06912203 -0.00464846 -0.08455028  0.00413075 -0.24798417
 -0.20456849]
Camada: saida
Peso 1:
[[ 0.166317    0.72766227]
 [ 0.73547506  0.11240809]
 [-1.7991776   1.5402167 ]
 [-0.11495251 -0.06341762]
 [ 0.09173086  0.09611299]
 [ 0.28944877 -0.04229676]
 [-0.14073604 -0.57497424]
 [ 0.23411316 -0.8826169 ]
 [ 0.5679772   0.5191713 ]
 [-0.2836883  -0.27077168]
 [-0.44128472 -0.11742624]
 [ 0.98040694 -0.8665962 ]
 [ 0.74027383 -0.9157226 ]]
Peso 2:
[-0.4919846  0.4919848]



pesos modelo: 
Test loss: 0.7771, Test accuracy: 0.7566
Camada: meio
Peso 1:
[[-0.22805685 -0.06547388  0.1298264  -0.32877725 -0.28814083  0.41401246
  -0.30539328  0.37342903 -0.41850588  0.37095287  0.26757875  0.36233798
   0.38333914]
 [ 0.41855302 -0.18204445 -0.01250616  0.20578471  0.18963423  0.17028746
   0.3927392   0.35025176  0.39127752 -0.05160919 -0.12073377 -0.17099766
  -0.0130437 ]
 [ 0.17604741 -0.38123667 -0.23873065 -0.2309837   0.33519116 -0.3122853
  -0.39450672 -0.17801638  0.0632301  -0.2545726   0.00949788 -0.24183229
   0.04841232]
 [-0.1697953   0.05451847  0.28193095 -0.20151676 -0.0835313   0.33932576
  -0.375526    0.2532986   0.01289866  0.44046184  0.16138312 -0.12087624
   0.01040528]
 [ 0.32554582  0.26314172 -0.27373248 -0.18978767 -0.11208039 -0.17122474
   0.28821433  0.16170357  0.41002092  0.18759133  0.15741342  0.2567241
   0.10952064]
 [ 0.02926861 -0.17899372  0.02001761  0.29990482  0.0844119  -0.13676617
  -0.04777413 -0.01259353  0.0415361  -0.08540551  0.21206883  0.39349806
   0.14519726]
 [-0.00543917 -0.34936294  0.27053607  0.18234362  0.26665273  0.0771941
   0.18092223 -0.17275092  0.1181987   0.27307242  0.6055769   0.1781765
   0.28707704]
 [-0.05425924  0.163768    0.08220508  0.19208702  0.01576112  0.30947843
  -0.35318246 -0.06399111 -0.2587488  -0.32254264  0.10783873  0.31508034
   0.2836703 ]
 [ 0.09535611  0.16001259 -0.3472847  -0.17050806  0.20286345  0.28285238
  -0.16746    -0.16650328  0.29493374  0.04617315  0.33525944  0.28771922
   0.01311813]
 [ 0.25484478  0.33987808 -0.24324377 -0.28500673  0.33684304 -0.10257861
  -0.3195183  -0.10488855 -0.28431383  0.17714888  0.5165103   0.01554179
   0.15291099]
 [ 0.27905712  0.18631718  0.19363064 -0.21136835  0.20162481  0.06430097
  -0.09507274  0.22863783 -0.05225076 -0.14426278  0.3705718  -0.08800653
  -0.27525   ]
 [-0.1498981  -0.09366007  0.38894823 -0.12128112 -0.18291247  0.02234842
  -0.2436947  -0.00343092 -0.3710326  -0.20286277  0.00798804  0.09016037
   0.12190751]
 [ 0.06050957 -0.2983558   0.02200027 -0.13024248 -0.00182062 -0.06981941
  -0.12267915 -0.25266042 -0.29629612  0.0333773   0.19489357  0.39116833
   0.27390918]
 [ 0.04129655  0.04293423 -0.39752328  0.1502648  -0.45750085 -0.10058828
  -0.38485503  0.01065074  0.11361578 -0.16635706  0.47788185  0.18979673
  -0.43963227]
 [-0.3792967   0.29167423  0.2246099   0.2840001  -0.2946776  -0.00476089
   0.10189728  0.60574037  0.41269654  0.19618021  0.50868416 -0.2371691
  -0.44187352]
 [ 0.38009366 -0.25621662  0.26600513  0.10576594  0.19387275 -0.29129803
  -0.28498957  0.12270802  0.01120851  0.3728879  -0.08896664  0.35518694
  -0.02557253]
 [ 0.3268795  -0.4055042  -0.07418416  0.339922    0.5251342   0.09695754
   0.10050394 -0.5842086   0.3549676  -0.15363736  0.31223616 -0.31273633
  -0.07085551]
 [-0.23202235 -0.27002916 -0.16882372  0.08653595 -0.3182154  -0.37877223
  -0.13179356  0.47120214  0.07741468  0.07672004  0.6369142   0.3931167
  -0.23780966]
 [ 0.37040913 -0.25036934  0.12801266  0.34046304  0.1192325  -0.25431642
   0.10559075  0.09396466  0.2002357   0.32633984 -0.05108835 -0.41954583
   0.25722516]
 [-0.03776553 -0.03486599  0.2770072   0.16085434  0.26137242 -0.13490635
   0.39208615  0.34239662 -0.36201036  0.35515422 -0.06698567 -0.29392472
   0.13719255]
 [ 0.28856787  0.30618942  0.189445    0.409516    1.5787568   0.1239888
   0.3400314  -0.01720688  0.29024586  0.7949508  -1.7383769  -0.26310277
   0.15773198]]
Peso 2:
[-0.25257608  0.02868767 -0.0524281  -0.06581236 -0.2584315  -0.02259674
  0.0051897   0.16359363  0.00219074 -0.17213526  0.9281257   0.10835002
 -0.04172709]
Camada: saida
Peso 1:
[[ 0.533679   -0.43890747]
 [-0.01746145  0.24990696]
 [ 0.27621478 -0.09756638]
 [-0.21520069 -0.45139548]
 [ 1.2880092  -1.110377  ]
 [ 0.2092319   0.31783608]
 [ 0.08850782 -0.0790569 ]
 [-0.7753741   0.18088216]
 [ 0.24738903  0.3298138 ]
 [ 0.4748122  -0.54267883]
 [-1.6129615   1.591612  ]
 [-0.14371365  0.47058082]
 [ 0.34029496 -0.23291816]]
Peso 2:
[-0.43183076  0.43183085]



pesos modelo: 
Test loss: 0.6552, Test accuracy: 0.7423
Camada: meio
Peso 1:
[[ 0.39506873  0.20345917 -0.1841293  -0.17553742  0.39612445  0.39222476
   0.3762907  -0.03746688  0.14706495 -0.37772492  0.12552842 -0.01770315
  -0.07672408]
 [ 0.29598823  0.33980092  0.03795916 -0.3595843   0.15774426 -0.40432712
   0.2001895  -0.22928385  0.13527545 -0.1933865  -0.39603782 -0.20573631
  -0.25800943]
 [-0.2570818  -0.41199645  0.39950863  0.3563771   0.06694978  0.24262592
   0.334704    0.10064021 -0.2221163   0.28290448  0.37522253 -0.3034778
  -0.10412893]
 [-0.13851702 -0.29741102 -0.28152922 -0.18831222 -0.13169302 -0.19112562
  -0.25901997  0.3750729  -0.118021    0.17634451 -0.40349331  0.17320646
  -0.09366246]
 [ 0.21788022 -0.33264786 -0.266643    0.25810668  0.22514546 -0.21454245
   0.20120187 -0.18608043  0.33293968  0.00619253 -0.2931881  -0.17951831
   0.22488219]
 [ 0.26864544 -0.06574617 -0.2538821   0.39535993 -0.02971234 -0.02001649
   0.24481282  0.03092341  0.18979794  0.05439257 -0.26261002  0.01815794
   0.3667617 ]
 [ 0.24978171  0.25459144  0.18733983 -0.13108084  0.18590552 -0.41445753
   0.27012163 -0.15461314  0.02314981  0.32455397 -0.30321443  0.16033348
   0.4991491 ]
 [ 0.09549841  0.08508534  0.17700404  0.02333449  0.09550547  0.14919002
  -0.18575436  0.18565623  0.37144378 -0.00628142  0.22001618  0.14005944
   0.0435035 ]
 [-0.35541067  0.18338287 -0.12902255  0.17311715 -0.28787884 -0.42314443
   0.21988784  0.01977726  0.23168033 -0.09151747 -0.22747844 -0.14159293
   0.02227587]
 [ 0.12698059  0.35511497 -0.2890571   0.32958364  0.23480648  0.14312428
   0.17486835 -0.00817461  0.49542674 -0.07457964 -0.25776058 -0.09920385
   0.08806866]
 [-0.4277806   0.09833123  0.18851565  0.13092987 -0.17824177  0.3082029
   0.33397985 -0.1823105   0.32111362  0.3643614  -0.11458634 -0.16897732
  -0.26851234]
 [-0.37848285  0.22103405 -0.31854233 -0.11635762 -0.23362069 -0.01115409
  -0.06008212  0.03228919 -0.0279744   0.09614803  0.0566575   0.34427878
   0.3692309 ]
 [ 0.0406986  -0.05661164  0.32301608 -0.29162097  0.03558756 -0.436567
   0.01500714 -0.33008218 -0.10405137  0.27831244 -0.25195995 -0.02029527
   0.33067864]
 [ 0.03384578 -0.05664024 -0.26803505  0.04547159 -0.42742676 -0.40725353
  -0.33029184 -0.39595792  0.01179103  0.6822364  -0.2398834  -0.49007416
   0.03907637]
 [-0.24677661 -0.3112488  -0.15201792 -0.41504207 -0.46727297 -0.13033482
  -0.17160073 -0.18367635  0.25596943  0.5322469  -0.4104936  -0.36314315
   0.34186506]
 [-0.10303466 -0.00810578 -0.3830503  -0.33461216  0.4798746  -0.18725115
   0.2953666  -0.17181605 -0.15673265  0.13595058 -0.22205296  0.28589144
   0.21118258]
 [-0.3616968  -0.05086617 -0.34421122 -0.08858208  0.13692445 -0.14730395
   0.27592352  0.20581552  0.05949746  0.06274464 -0.09478207  0.62320936
   0.1381785 ]
 [ 0.0990347  -0.21529876 -0.21127234 -0.3138949  -0.10315582  0.22988641
  -0.34964028 -0.3787341   0.5867538   0.03277231  0.4100709  -0.05030952
   0.3795615 ]
 [ 0.17235675 -0.32691804 -0.4008309  -0.34115678  0.5042173  -0.20773485
   0.3625516   0.10050645 -0.242738    0.03812695 -0.28860235 -0.11916298
   0.3059333 ]
 [ 0.03888086 -0.08258212 -0.17119843  0.13539304  0.5239209   0.26525792
   0.16806693 -0.12629823  0.3070038  -0.19127144 -0.05672271  0.1238591
  -0.3728141 ]
 [-0.1054655   0.13453096 -0.0354079   0.21252398  0.6573102   0.0480234
   1.3325844   0.5462365  -1.161467   -0.8423852   0.38128087  1.0106499
  -0.79819626]]
Peso 2:
[-0.18233082 -0.00568582 -0.01779274 -0.03310476 -0.2137784  -0.14547028
 -0.44059005  0.08299855  0.8083485   0.6018828   0.00104596 -0.01306457
  0.3615544 ]
Camada: saida
Peso 1:
[[ 0.15059784 -0.12032644]
 [-0.4413225  -0.5029469 ]
 [ 0.09022774 -0.4765322 ]
 [ 0.19972643  0.01048506]
 [ 0.1512517  -1.2301819 ]
 [ 0.59521717 -0.5820285 ]
 [ 1.1273421  -1.1044298 ]
 [ 0.46329713 -0.13377914]
 [-1.2603296   1.0268524 ]
 [-1.3172988   0.5443683 ]
 [-0.31873935 -0.16562341]
 [ 0.5417345  -0.8437058 ]
 [-0.7286539   0.7203236 ]]
Peso 2:
[-0.4658684   0.46586826]



pesos modelo: 
Test loss: 1.1291, Test accuracy: 0.6920
Camada: meio
Peso 1:
[[ 6.56133890e-02  2.71595985e-01  3.03167790e-01  1.39884382e-01
   1.21961147e-01  5.57111800e-02 -3.86734128e-01  3.46599370e-01
   3.48648101e-01  2.43163735e-01  2.78816730e-01 -5.96828759e-02
   3.91228825e-01]
 [ 3.84272426e-01  1.12453252e-01  1.70519620e-01 -2.09149733e-01
   1.96225435e-01  2.08400637e-01  2.99907625e-02  3.77684832e-04
  -3.37052643e-01  3.49021047e-01 -2.41756067e-01 -4.05770868e-01
   8.38379562e-02]
 [ 2.26656795e-02 -1.65763915e-01 -3.56967032e-01  2.22004801e-01
   3.08966309e-01 -4.04668629e-01  6.70468211e-02 -1.96905434e-02
   2.01911360e-01 -2.90170491e-01 -2.62758732e-02 -5.82005680e-02
   3.79113168e-01]
 [ 3.23960871e-01  1.25313684e-01 -2.62628883e-01  3.02683890e-01
  -9.42267179e-02 -1.05815381e-01  1.15559265e-01  3.03881615e-01
   1.81074634e-01 -3.62364888e-01  3.23476881e-01 -1.80303276e-01
  -1.80205092e-01]
 [ 4.29369420e-01 -1.98609635e-01  1.17837176e-01 -3.36859524e-01
  -2.75691986e-01 -3.13122123e-01 -1.66790858e-01  2.91324347e-01
  -3.91537666e-01  3.11217606e-01  2.27919042e-01 -1.15888610e-01
   1.71748847e-01]
 [ 2.79184550e-01 -1.51354028e-02 -2.73682535e-01 -4.13124800e-01
   5.72206452e-02  4.19510514e-01  1.24675140e-01  6.55131042e-02
   4.08067048e-01  4.92405295e-02  3.98517847e-01  2.08860770e-01
   3.29791874e-01]
 [ 2.87281394e-01  1.52022794e-01  4.76810038e-01  8.51367041e-02
  -3.44974361e-02  6.52260631e-02 -3.50208312e-01  2.88613617e-01
  -8.96762162e-02  7.53242448e-02 -1.35937989e-01  3.85572463e-01
   1.24295326e-02]
 [ 6.31946186e-03  1.87708259e-01  5.26021793e-02 -3.16837698e-01
  -2.95049012e-01  8.95419717e-02 -3.11554922e-03  4.63107489e-02
   2.65337884e-01  3.99458885e-01  2.51947287e-02  4.10953015e-01
  -5.93875349e-02]
 [-4.57669096e-03 -6.38016164e-02 -1.07543893e-01 -2.47984737e-01
   5.72936274e-02 -2.51200460e-02  5.20055406e-02 -4.78749610e-02
   4.26419705e-01 -2.90203571e-01  3.60111356e-01  3.93801302e-01
   3.36610436e-01]
 [ 2.46272236e-01  4.06521201e-01 -3.38289380e-01 -2.94166952e-01
  -4.74980697e-02 -3.77904177e-01  1.93213280e-02 -4.48448621e-02
  -2.68029600e-01 -2.52643496e-01  1.72884967e-02  3.66485953e-01
  -4.70537785e-03]
 [ 1.48876235e-01 -1.74336463e-01  4.65028107e-01 -7.37151206e-02
   8.90218616e-02  3.84265929e-01 -6.36637956e-02  2.06543237e-01
  -3.24718297e-01 -1.84540197e-01  3.08458537e-01  2.60620248e-02
  -1.29373699e-01]
 [ 2.63451934e-01 -3.34799856e-01 -1.10811824e-02 -2.42179155e-01
  -3.46945733e-01  2.70753562e-01 -3.85071456e-01 -1.82656825e-01
  -3.59463394e-01  1.77675307e-01 -1.66335464e-01  1.59131765e-01
   1.25341609e-01]
 [ 2.72092164e-01  2.90180504e-01 -8.60746577e-02 -3.34454596e-01
   3.00078422e-01 -4.11985591e-02 -4.15446818e-01  2.32898369e-01
   4.13135946e-01 -1.29813299e-01  4.92597550e-01  2.87269708e-02
   9.88405198e-02]
 [ 4.50681716e-01 -1.99483022e-01  2.70047724e-01  1.36785835e-01
  -2.91953266e-01 -4.24563527e-01 -3.84538114e-01 -5.58822930e-01
   2.07096934e-01  1.07117653e-01  4.73127961e-01  4.59258288e-01
  -3.22396457e-01]
 [ 1.47774175e-01 -9.83486101e-02  1.05749406e-01 -9.16816667e-03
  -1.30836591e-01 -6.97118193e-02  1.95468619e-01 -4.65467423e-01
   3.45143855e-01  6.44547716e-02  6.12679243e-01 -2.33804137e-01
  -4.55018342e-01]
 [-2.72604108e-01  2.64002144e-01  4.00535166e-01 -1.26087561e-01
  -3.83958578e-01 -1.22048035e-01 -2.76609004e-01  1.27135292e-01
  -5.76521233e-02 -1.99950978e-01 -2.42260665e-01 -7.81144276e-02
   2.40571782e-01]
 [ 3.71221490e-02  3.32278311e-01 -7.13290051e-02  1.49771392e-01
  -2.53097028e-01  9.85348523e-02  1.82837993e-01  4.35222447e-01
  -1.82464734e-01 -7.82955363e-02 -1.27161488e-01  3.94855410e-01
   3.44335467e-01]
 [ 5.89691162e-01 -2.38737792e-01  4.75601882e-01  2.30459332e-01
  -1.12609938e-01  3.30115825e-01 -4.06259418e-01 -2.53323048e-01
   6.70936927e-02  3.24184477e-01  2.06588969e-01  5.05102515e-01
  -3.99857372e-01]
 [-1.15990639e-01 -2.73351043e-01  2.57638186e-01  1.12978548e-01
  -2.11490586e-01  2.46418923e-01 -8.55119154e-02  2.48123869e-01
   1.72978770e-02  2.05812439e-01 -8.78719538e-02 -2.61507422e-01
   1.39110312e-01]
 [ 2.48996895e-02 -1.81756198e-01 -4.06371325e-01 -3.98945302e-01
   1.87076092e-01 -8.91526788e-02 -3.41848344e-01  4.93117034e-01
   3.99642229e-01  4.64916825e-01  3.25506747e-01 -3.64187390e-01
   4.05179977e-01]
 [-1.24151635e+00  2.72693366e-01 -2.62939453e-01 -2.97867060e-01
  -3.87516469e-01  4.56899464e-01  1.48716778e-01  1.15476298e+00
  -3.68585229e-01 -3.90563875e-01 -8.97836030e-01 -6.30944490e-01
   1.07534468e+00]]
Peso 2:
[ 0.74547166 -0.02209936  0.23011583 -0.00788014 -0.00276701  0.00892661
 -0.01847875 -0.26273343  0.07921766  0.08674509  0.49032748  0.30394104
 -0.2073628 ]
Camada: saida
Peso 1:
[[-1.3683254e+00  1.0524051e+00]
 [ 4.8100740e-01  2.4458626e-01]
 [-9.4136008e-04  8.1893533e-01]
 [-5.1249538e-02 -1.5663897e-01]
 [ 3.2795200e-01  3.0001965e-01]
 [ 3.1093450e-03 -3.2197902e-01]
 [ 4.6020722e-01 -1.4514843e-01]
 [ 1.1883286e+00 -8.2691795e-01]
 [ 1.0832361e-01  6.5927994e-01]
 [-3.4486246e-01  1.1361126e-01]
 [-7.1863061e-01  1.0726191e+00]
 [-5.2686727e-01  6.1138314e-01]
 [ 8.4086025e-01 -1.0996460e+00]]
Peso 2:
[-0.27910626  0.2791069 ]



pesos modelo: 
Test loss: 1.0667, Test accuracy: 0.6779
Camada: meio
Peso 1:
[[-3.00875664e-01  3.81422788e-01 -2.58164883e-01 -4.11650807e-01
  -2.76971638e-01 -3.53288651e-02 -7.24055469e-02 -5.32027781e-02
  -1.01312339e-01  2.83275843e-02 -3.61203611e-01  2.07266480e-01
   3.09431642e-01]
 [-1.60383254e-01  1.96184129e-01 -2.41284370e-02 -2.82203197e-01
  -3.24023575e-01  2.17336088e-01  2.82259077e-01  6.24698102e-02
  -5.12900949e-02 -4.15102839e-02  3.89360815e-01  2.67576844e-01
  -4.02913421e-01]
 [-1.68653131e-01  3.27592790e-02 -1.70935094e-02 -3.12714070e-01
   1.87049121e-01  3.71841639e-01 -2.36184791e-01 -2.47669667e-01
  -2.95648873e-02  1.08939409e-03 -2.57561266e-01 -4.03762519e-01
  -3.18453401e-01]
 [ 3.06933224e-01  2.16363505e-01 -2.24474311e-01  4.90597039e-02
  -1.26394287e-01 -1.62412271e-01 -2.24682361e-01  2.58991510e-01
   3.36088352e-02 -1.24570616e-01  3.97280425e-01  4.72352058e-02
   4.78034586e-01]
 [-1.86597079e-01 -7.54830986e-02  1.07830875e-01 -1.52281120e-01
  -4.07968722e-02 -2.86410630e-01  3.74549240e-01  9.26915482e-02
  -2.44532883e-01 -8.98263007e-02  7.36927092e-02 -2.41661921e-01
   4.62227643e-01]
 [ 1.96281984e-01 -3.70625019e-01 -2.40302622e-01  1.25969782e-01
   4.33571100e-01 -2.54633188e-01  1.22917052e-02 -2.73705423e-01
  -1.85175948e-02  4.35398787e-01 -2.20861301e-01  3.06305178e-02
   1.23172686e-01]
 [ 1.62689433e-01 -3.58925492e-01 -2.50454210e-02 -7.39487186e-02
   1.85472906e-01  1.52474955e-01 -2.22443372e-01 -1.02883980e-01
   5.54121315e-01  4.31173295e-01 -1.09546572e-01  2.18335792e-01
  -1.92527771e-01]
 [-1.45794988e-01 -7.89348409e-02 -3.85660261e-01 -1.46236926e-01
  -3.08130309e-02 -1.82968631e-01  2.03323141e-01 -1.97615445e-01
   4.68665183e-01 -8.85389447e-02 -3.20205539e-01  6.05128519e-02
   3.38484883e-01]
 [ 4.01444703e-01 -6.30318224e-02 -2.39299402e-01  8.54943842e-02
   3.48609567e-01 -2.58592308e-01 -2.80884594e-01  2.31138498e-01
  -1.60861254e-01 -1.38452992e-01  3.03146001e-02 -8.09480324e-02
  -1.30704805e-01]
 [-2.86340594e-01 -2.44202122e-01 -1.89324364e-01 -1.65949866e-01
   1.45523161e-01  3.46966356e-01 -8.51311907e-02 -3.15512061e-01
   5.53188443e-01  5.52948862e-02 -2.53261298e-01  1.70946285e-01
   2.31141716e-01]
 [-2.81619012e-01 -2.62525111e-01 -3.73372465e-01  1.10071212e-01
   1.06403537e-01 -2.34775648e-01  3.76250505e-01 -1.88675433e-01
   3.10526013e-01 -6.03661984e-02 -3.53340000e-01 -1.17840201e-01
   3.42006207e-01]
 [-2.06469312e-01 -2.83589870e-01  2.03623414e-01  2.68401563e-01
   2.36852556e-01  7.58408085e-02  1.69308409e-01 -2.86717802e-01
  -1.29164949e-01  3.29313964e-01 -3.69826466e-01 -1.89267129e-01
   3.30081075e-01]
 [-1.42425776e-01  1.69000566e-01 -3.50251459e-02  1.38163045e-01
   5.44574447e-02  1.89219654e-01  2.63966203e-01  4.14707512e-01
  -2.55488604e-01  3.19326371e-01 -1.77541554e-01 -1.00976229e-02
   3.23136985e-01]
 [ 4.61021632e-01 -3.42812657e-01 -8.86673033e-02 -3.60229462e-01
   2.98109055e-01 -3.16896081e-01 -3.52323622e-01 -3.56727123e-01
  -2.64987826e-01  6.97439373e-01 -1.77393898e-01 -2.00731650e-01
   3.48232031e-01]
 [ 4.39048000e-02  2.85053432e-01 -1.54657111e-01 -4.39261705e-01
   2.93545306e-01 -3.51081312e-01 -3.87014896e-01  1.23348944e-01
   5.99903286e-01  2.33072624e-01 -3.68184626e-01 -4.81181473e-01
  -2.28661653e-02]
 [-1.26915038e-01  7.02327862e-03  1.60296321e-01  3.19256097e-01
  -2.45065168e-01 -3.86899352e-01  1.85479626e-01 -2.80666113e-01
   1.80361539e-01  4.41399097e-01 -5.43887913e-03  5.59409082e-01
   7.76673779e-02]
 [ 2.72913456e-01  3.13954353e-01 -1.57988787e-01  2.59570599e-01
   1.33202877e-02  1.44087756e-02 -1.56191677e-01  2.42174655e-01
  -8.64109099e-02 -2.02984944e-01 -4.79150377e-02  5.13322711e-01
   1.70114920e-01]
 [ 5.14261387e-02 -3.92020196e-01 -3.48846465e-01 -4.62861985e-01
  -8.62892251e-03 -2.31856048e-01 -4.45779681e-01 -2.01358676e-01
   2.67141283e-01  1.11163512e-01  1.46245629e-01 -5.51185250e-01
   6.02464303e-02]
 [ 4.60133106e-01 -2.79672712e-01  1.73664570e-01  2.69729674e-01
   2.96000689e-01 -3.54355276e-01  3.25389177e-01  4.23356205e-01
  -1.17966264e-01  2.70228773e-01 -6.80057332e-02  6.14331663e-01
  -6.60915896e-02]
 [-3.46838415e-01  3.55706252e-02  1.69838309e-01  4.02139217e-01
  -6.05458468e-02 -1.53035998e-01  3.12822312e-01  3.35400999e-02
  -1.07911445e-01 -2.12164551e-01  3.54581267e-01  3.66691910e-02
   1.69610918e-01]
 [-1.91637307e-01 -2.18642637e-01  7.83196241e-02  1.13571548e+00
  -5.66677213e-01 -4.15154099e-02  4.91984755e-01 -2.91752547e-01
  -5.32842994e-01 -8.36476266e-01 -1.09731480e-02  1.41976106e+00
  -6.63117230e-01]]
Peso 2:
[ 1.92270473e-01 -6.10025637e-02 -1.40917953e-04 -3.30593884e-01
  3.84299099e-01  8.68773740e-03 -3.61190885e-02  1.24292895e-01
  4.37155098e-01  5.12569547e-01  4.61458345e-04 -2.66849041e-01
  3.98285061e-01]
Camada: saida
Peso 1:
[[-0.28059202  0.44127885]
 [ 0.52707475  0.07957435]
 [-0.4109293  -0.41511187]
 [ 1.1286474  -1.0367166 ]
 [-0.94007707  0.26627007]
 [-0.04009281  0.32840416]
 [ 0.8201908  -0.05207813]
 [-0.57446754  0.64277387]
 [-0.6950509   0.50174844]
 [-0.8304393   0.7500023 ]
 [ 0.1866172   0.22329663]
 [ 1.202066   -1.357696  ]
 [-0.9078441   0.5238339 ]]
Peso 2:
[-0.5873863   0.58738714]



pesos modelo: 
Test loss: 1.2752, Test accuracy: 0.6587
Camada: meio
Peso 1:
[[-2.63424277e-01 -1.14215225e-01  4.39921618e-02  1.54789060e-01
  -2.69249082e-03 -3.14016581e-01 -3.19978893e-02 -2.41984814e-01
  -2.72310108e-01 -3.60448539e-01 -1.79552436e-02  8.50104988e-02
  -1.00637376e-01]
 [-1.60483718e-01  3.93523276e-02 -2.51462579e-01 -3.04988623e-02
  -6.93331659e-02 -2.57974267e-02 -3.77681851e-01  1.05806738e-01
  -2.79068917e-01 -3.66385281e-01  2.92586654e-01 -9.86202359e-02
   8.04915130e-02]
 [ 4.10079449e-01  3.36439759e-01 -3.02989542e-01 -2.02463016e-01
   2.74033755e-01  1.38149768e-01 -1.93944469e-01 -6.91851377e-02
  -2.62377352e-01  3.79616469e-01  9.59977806e-02 -1.81468755e-01
  -1.05221123e-01]
 [ 3.40359122e-01 -2.21924096e-01 -4.22080755e-01  1.68689072e-01
   4.25787330e-01 -1.17769763e-01  1.72950745e-01 -3.84414226e-01
  -2.16860518e-01 -2.41593271e-01  9.80797708e-02 -1.02780581e-01
  -4.50203195e-02]
 [ 2.51867950e-01 -1.75249845e-01 -3.68234545e-01  4.63121980e-02
   6.49077892e-02 -7.54540637e-02 -8.46829265e-02 -3.42005631e-04
   4.95919734e-02  1.86683282e-01  2.03124285e-02 -8.74946639e-02
  -1.81875497e-01]
 [-8.36739317e-02  1.62738621e-01  2.70158518e-02  1.08971380e-01
   1.20620117e-01 -1.83032617e-01  3.52525353e-01 -8.50947350e-02
  -2.91450679e-01 -6.59063756e-02  2.95023490e-02  3.83904457e-01
   1.92747444e-01]
 [ 1.94495350e-01 -2.80282319e-01 -1.05818231e-02  1.21663973e-01
   9.10074934e-02  7.33807757e-02  2.07634330e-01  5.25102839e-02
   2.15892166e-01  9.07506123e-02  2.11685821e-01 -6.66908100e-02
  -1.30021259e-01]
 [ 3.23346198e-01  1.25881433e-01  2.57462323e-01  9.03385803e-02
   3.02870989e-01 -3.15755039e-01 -4.19914499e-02  1.06452160e-01
   9.40272287e-02 -1.41754776e-01  2.94963479e-01  8.65536556e-02
   2.58604199e-01]
 [ 1.03256227e-02 -2.63779387e-02 -2.98405409e-01  1.26062214e-01
  -3.26458991e-01  2.03747004e-01 -2.30537206e-01  8.23806748e-02
   2.49536484e-01  1.54983997e-01  5.70241332e-01 -6.54961392e-02
   1.70032635e-01]
 [ 3.65038782e-01  1.37518644e-01 -1.72587305e-01 -2.03218639e-01
   4.05623801e-02  3.95806551e-01  2.00663522e-01 -4.20042068e-01
  -1.32725820e-01  9.58922133e-03 -4.30229232e-02 -1.67065248e-01
   1.82750523e-01]
 [ 3.32273841e-01 -3.98015320e-01  3.06079179e-01 -1.49893701e-01
   6.55947700e-02 -2.58809347e-02  3.05794507e-01 -2.17997685e-01
   2.12079719e-01  3.22688431e-01  1.42430095e-02  2.75723040e-01
  -1.08536460e-01]
 [ 2.05089122e-01 -1.19190730e-01  2.32276052e-01  3.00231308e-01
  -1.98520064e-01  4.97895479e-02  3.56648006e-02 -1.17113166e-01
  -9.70383659e-02 -1.69442877e-01  3.61150682e-01 -3.57468933e-01
   2.56285757e-01]
 [-7.98187703e-02  1.92699984e-01 -5.97406598e-03 -3.32014263e-02
   2.97978312e-01  5.34731383e-03  3.60401303e-01  2.38200605e-01
   2.41042510e-01  5.48867173e-02  1.77758187e-01  4.57418084e-01
  -1.49408430e-01]
 [ 4.37347889e-01 -4.09160167e-01  3.24316055e-01 -2.39678547e-01
   1.66218076e-02  2.24626921e-02  3.81761402e-01 -2.13197231e-01
  -4.69350815e-01  3.31981361e-01  5.82908928e-01  9.40568447e-02
  -5.65700293e-01]
 [-1.12131625e-01  1.74915418e-01 -1.27042755e-01 -3.05584967e-01
  -1.22680612e-01 -1.36721909e-01 -1.32777579e-02 -2.83409506e-01
  -4.95676279e-01 -3.40640306e-01  7.40444481e-01  2.96523660e-01
  -1.76908135e-01]
 [-1.37623295e-01 -3.35116982e-01 -4.19163644e-01  2.54785597e-01
   3.92792225e-01 -1.93960574e-02  1.48331791e-01 -2.72856504e-01
   4.23501015e-01 -5.94963804e-02 -5.20294271e-02  9.68166515e-02
  -6.65203482e-02]
 [ 3.08214724e-01  3.13204974e-01  2.14338839e-01  4.38807905e-02
   4.60447103e-01 -1.05614491e-01  9.91286039e-02 -2.37682939e-01
   5.28001189e-01  4.77595091e-01  7.11762905e-02  1.10732272e-01
   4.72121686e-01]
 [ 5.97418025e-02  2.33449623e-01  2.62350708e-01 -4.28609043e-01
  -3.62678200e-01 -4.61407527e-02  1.70060620e-01 -3.91661674e-01
  -5.82939446e-01 -3.24837655e-01  1.54897556e-01  4.50665355e-01
   1.94020625e-02]
 [-1.14592560e-01 -2.31345639e-01 -4.24636602e-01  2.51469463e-01
  -6.78126141e-02 -3.33722942e-02 -1.95458487e-01  1.79437131e-01
   4.04075503e-01 -1.11343659e-01  7.86928535e-02  1.49016812e-01
   1.89838052e-01]
 [-4.58316386e-01 -4.17263299e-01 -2.63988793e-01  4.04219061e-01
  -3.07367351e-02 -1.48989512e-02 -2.17998981e-01 -5.40566593e-02
   2.07455665e-01  1.57784984e-01  2.13871866e-01  1.72658563e-01
   4.53387409e-01]
 [-7.76553750e-01  1.88188538e-01 -1.23858929e-01  6.54908240e-01
   7.77910769e-01 -1.58220604e-02 -2.04006478e-01 -1.55874521e-01
   8.35028231e-01  4.90996331e-01 -1.48208272e+00 -2.49823466e-01
   9.05990899e-01]]
Peso 2:
[ 0.5749087   0.00924317 -0.12125201 -0.25808623 -0.19401115 -0.01699331
  0.08618418  0.0360644  -0.24466492 -0.01546431  0.8319812   0.20415942
 -0.22997044]
Camada: saida
Peso 1:
[[-1.014514    0.7558781 ]
 [ 0.5543835   0.65695566]
 [ 0.3636122  -0.07238097]
 [ 0.994122   -0.38153285]
 [ 0.8026614  -0.40371263]
 [-0.07372814 -0.06386989]
 [ 0.27735108  0.8081347 ]
 [-0.16613717  0.62841153]
 [ 0.41274777 -1.1909013 ]
 [-0.23445497 -0.7771571 ]
 [-1.4024686   1.198389  ]
 [-0.28578553  0.5365527 ]
 [ 0.7925415  -0.70556843]]
Peso 2:
[-0.5311805  0.53118  ]



pesos modelo: 
Test loss: 1.2354, Test accuracy: 0.6772
Camada: meio
Peso 1:
[[ 3.03394169e-01 -1.87144279e-02  3.80167216e-01 -7.04976916e-03
   4.17300791e-01  7.63266683e-02  2.63605267e-01 -4.11179364e-01
  -2.45349258e-01 -1.36576802e-01 -3.51453245e-01  2.72405356e-01
  -3.72997075e-01]
 [ 3.50844860e-02 -4.10011768e-01  2.66240269e-01 -5.28942049e-02
   1.13999575e-01  1.65590376e-01 -3.28642964e-01  4.07635778e-01
   2.65945882e-01  3.13647002e-01 -1.67543799e-01  3.17057699e-01
  -1.09725118e-01]
 [ 1.01487041e-02 -3.99893224e-02 -1.90034881e-01  3.54026645e-01
   1.65505022e-01  4.00904566e-01 -4.15972173e-02 -1.89777479e-01
   3.64176422e-01  2.06005663e-01  3.09930354e-01 -3.02510589e-01
   4.13227469e-01]
 [-3.52752596e-01 -1.53922871e-01  2.15931907e-01  1.48964986e-01
   3.95924419e-01 -2.28422284e-01  2.51432151e-01 -1.13968164e-01
   2.72761732e-01 -8.08909833e-02  1.70330927e-01 -3.55523616e-01
   1.68398127e-01]
 [-2.87665427e-01 -2.26980165e-01  1.46197721e-01 -1.50907457e-01
  -1.11535311e-01 -2.85706729e-01 -1.99005127e-01  1.28679294e-02
   3.96772474e-02 -1.61625132e-01 -3.68689775e-01  5.74485026e-02
  -1.60049260e-01]
 [ 3.93088255e-03 -2.53173470e-01 -8.41118023e-03  1.26203373e-01
  -3.40946257e-01 -1.77813500e-01  2.13132843e-01 -3.33635300e-01
   1.63381875e-01 -1.87457860e-01 -2.47200519e-01 -3.59834284e-01
  -6.36272803e-02]
 [ 3.88703346e-01 -2.30784744e-01  2.14362442e-02 -1.37842923e-01
   8.91908333e-02 -2.27925494e-01  2.76010364e-01  1.47814691e-01
   2.07759544e-01 -2.42118593e-02 -3.07180017e-01  1.73082411e-01
   1.20209888e-01]
 [ 2.44624734e-01 -1.78939909e-01 -2.79032379e-01  1.11458898e-01
  -1.49464622e-01  4.18698996e-01  1.75206110e-01 -2.64041394e-01
   1.39521241e-01 -3.68728518e-01 -7.38021359e-02 -4.05450791e-01
  -1.31891053e-02]
 [ 1.06566876e-01 -1.16405353e-01  2.20182151e-01  1.96399078e-01
   2.36080781e-01  2.79883564e-01 -5.11493869e-02 -1.79702476e-01
   2.70958692e-01  1.90194204e-01  1.58743903e-01 -1.36127338e-01
   2.40138113e-01]
 [ 6.70452118e-02 -2.44392574e-01 -1.22112475e-01 -2.29251504e-01
  -4.22995508e-01  4.76531573e-02  4.20805365e-01  4.02186573e-01
   2.65775263e-01  7.89992213e-02 -1.85656726e-01 -6.11465499e-02
   1.20598614e-01]
 [ 2.56740004e-01 -8.97618905e-02 -1.21961124e-01  3.20769608e-01
  -3.25402953e-02 -7.74585754e-02 -4.10445593e-02 -6.98258355e-02
   2.42046699e-01  3.02184850e-01 -1.60030816e-02  8.92326683e-02
  -9.30682346e-02]
 [ 1.82321146e-01  7.61038661e-02 -3.17802243e-02  2.32578680e-01
   6.95448220e-02  2.79498041e-01 -3.65254641e-01 -3.67553294e-01
   3.30759734e-01  1.17969446e-01 -2.81626642e-01  2.61085451e-01
   2.29648784e-01]
 [-6.77451212e-03 -4.07394975e-01 -3.21158797e-01  1.39007613e-01
   1.03497542e-01  4.32620458e-02  2.86694437e-01  1.59648851e-01
   1.15075350e-01  9.43768471e-02  3.23311329e-01  2.86337852e-01
  -1.76981807e-01]
 [-2.65636891e-02 -2.56749690e-01 -8.03484768e-03 -3.68939549e-01
  -2.70794600e-01 -1.74265251e-01  1.05625978e-02  1.53693840e-01
   7.21057177e-01 -3.85266036e-01  9.24590454e-02  2.23102733e-01
  -4.57152128e-01]
 [-7.19925165e-02  1.38142854e-01 -3.07933122e-01 -1.82489559e-01
   1.35492444e-01  3.52596372e-01 -1.25989497e-01 -3.94161135e-01
   8.72044027e-01  4.45359759e-02 -1.41049877e-01  6.24357909e-02
  -8.64546448e-02]
 [ 2.77564079e-01 -1.51890725e-01  2.11401090e-01  8.03528130e-02
   3.56695175e-01  2.24037409e-01 -2.66358495e-01  5.10133505e-02
  -6.69344142e-02 -4.16488171e-01  3.68152261e-01  3.46207656e-02
   5.47081113e-01]
 [ 1.04911298e-01  2.09401995e-01  1.87817171e-01  3.81374694e-02
   3.38574976e-01  8.49162042e-02 -1.52618939e-03 -1.53137013e-01
  -4.20353949e-01 -2.29404062e-01  1.63496882e-01 -2.01408476e-01
   1.99018959e-02]
 [-4.20897514e-01 -3.86457115e-01  4.86780435e-01  3.83992530e-02
  -7.12073445e-02 -3.48191202e-01  2.53935456e-01 -2.58261472e-01
   8.34561765e-01  1.70459896e-01  3.18162471e-01  2.46986583e-01
  -1.44373909e-01]
 [-3.22426930e-02  3.35744858e-01 -3.61320734e-01  4.15300131e-01
  -3.06365848e-01 -2.90108025e-01  2.42738545e-01 -4.25690487e-02
   7.43185803e-02 -1.00385770e-02 -1.78948745e-01 -1.96673989e-01
   4.72629339e-01]
 [-3.76751214e-01 -3.54820520e-01  3.04585904e-01  2.19247639e-01
  -5.28449118e-01  2.77969360e-01 -3.40665951e-02  1.64343327e-01
   1.96287781e-01 -3.64140421e-01  2.37221539e-01  4.31886882e-01
   6.64731383e-01]
 [-3.69140118e-01  8.54013339e-02 -2.21002087e-01  4.59555030e-01
   5.37684001e-02 -1.82339579e-01  7.80687481e-02 -3.26183707e-01
  -1.57028639e+00  2.06202149e-01  1.25444025e-01 -3.63647938e-01
   1.73083913e+00]]
Peso 2:
[-3.2821629e-02 -6.2000233e-04  1.7817345e-01 -1.7267612e-01
  2.8143751e-03  2.1242108e-02  7.6614837e-03 -8.1745796e-03
  1.0351199e+00 -1.1613990e-01 -7.7374247e-03  6.1464123e-02
 -2.9303375e-01]
Camada: saida
Peso 1:
[[ 0.35065153  0.45001382]
 [-0.2665589  -0.33441368]
 [-0.7485795   0.0056176 ]
 [ 0.3779258  -0.54709077]
 [-0.00253211  0.5341685 ]
 [-0.7175064  -0.3735163 ]
 [ 0.26858112  0.3264534 ]
 [ 0.57261485  0.53511065]
 [-1.6721617   1.8046695 ]
 [ 0.52240866 -0.15269387]
 [-0.1224358  -0.09016815]
 [ 0.44424585  0.7602107 ]
 [ 1.2716277  -1.2127188 ]]
Peso 2:
[-0.28602135  0.28602156]



pesos modelo: 
Test loss: 1.1356, Test accuracy: 0.6879
Camada: meio
Peso 1:
[[-1.37042999e-03  2.48906463e-01  2.26432085e-03  3.24380547e-01
  -8.80258679e-02  1.58467144e-01 -3.97786736e-01 -4.14178371e-02
  -1.59770548e-02  1.17016345e-01 -2.75846422e-01  1.33847147e-01
   1.99310213e-01]
 [-1.75579593e-01 -2.66716182e-01 -3.87173712e-01 -1.08291507e-01
   1.66002184e-01  2.16060370e-01  8.70660841e-02 -1.52051389e-01
   2.35088080e-01 -9.45829749e-02 -1.90471262e-01  8.60609114e-02
   3.01204175e-01]
 [ 7.32288361e-02 -9.70528126e-02  3.36388975e-01  1.34446770e-01
  -2.40646228e-01 -1.31614804e-02  2.60920256e-01  3.56034368e-01
   3.98214191e-01 -2.42681101e-01 -1.04267120e-01  1.95598334e-01
  -2.76274174e-01]
 [-2.18042016e-01  6.32194132e-02 -7.95130618e-03  2.85993934e-01
  -1.92025244e-01  2.08676934e-01 -4.62477989e-02  2.81212240e-01
  -6.59180507e-02 -3.32566828e-01  5.10623008e-02 -1.08890729e-02
   2.30030373e-01]
 [-1.88543290e-01  5.08280247e-02  2.43801057e-01 -8.57344940e-02
  -3.70243341e-01  2.25983679e-01  1.71807677e-01  2.84488231e-01
  -1.74640805e-01  4.04930055e-01  2.14994103e-01 -3.48210394e-01
   2.75375664e-01]
 [ 1.79937687e-02  4.39798795e-02 -2.23594293e-01  2.46046901e-01
   2.06446528e-01 -2.82166511e-01 -7.81262740e-02  1.80287942e-01
   3.14842612e-01 -1.26769945e-01  2.32803226e-01  6.35045916e-02
  -2.79760718e-01]
 [ 4.25536096e-01  8.30966383e-02 -2.39053980e-01  3.60211544e-02
   1.29188970e-01  1.22552708e-01  2.00123385e-01 -5.15256152e-02
   2.93154716e-01  2.36794069e-01  6.53745607e-02  9.55398381e-03
   4.30696875e-01]
 [ 1.25247508e-01  4.61069226e-01 -2.19382524e-01  3.70170593e-01
   3.24896991e-01 -2.64791906e-01  1.36453003e-01  2.83319354e-01
   3.36833537e-01 -7.08429366e-02 -6.30077347e-02  1.85628906e-01
  -3.86935800e-01]
 [-3.67953740e-02  2.58398175e-01 -3.16935778e-01  4.46420074e-01
  -7.35966042e-02 -2.13485390e-01  4.27092344e-01 -1.56657323e-01
   3.37474734e-01 -4.99447696e-02  2.39118457e-01  1.12565950e-01
  -3.11485857e-01]
 [-1.13854827e-02  2.18545318e-01 -2.89108872e-01  5.30986965e-01
   1.04171246e-01  1.23286948e-01 -1.68770000e-01 -1.03635890e-02
  -3.76132488e-01  5.05551398e-01 -8.58977959e-02  1.27817482e-01
  -2.34291390e-01]
 [ 1.09399877e-01 -1.29190892e-01 -1.02572449e-01  2.59239852e-01
   2.78204024e-01  1.50756538e-01 -3.07602286e-01  1.59323260e-01
   3.67486328e-01 -1.33865714e-01  1.61003053e-01 -3.63942116e-01
  -9.52087417e-02]
 [ 1.66766986e-01  1.54765934e-01 -3.73070017e-02 -2.47139707e-02
  -9.63646322e-02 -2.51576126e-01  1.93665907e-01  2.56051868e-01
  -2.51181781e-01  1.41691476e-01  3.56738456e-02 -3.36499363e-01
  -9.88790765e-03]
 [ 2.94157982e-01  1.82682261e-01 -3.97785366e-01  2.97972471e-01
   5.36942855e-03 -3.21125910e-02 -1.57801449e-01  1.34025633e-01
   1.58278435e-01  8.90335590e-02  2.37180710e-01 -1.54694110e-01
   1.10547908e-01]
 [ 2.95317750e-02 -3.97828549e-01  1.03915848e-01  7.20743358e-01
   8.94994065e-02 -1.07660800e-01 -2.57191062e-01  5.19584417e-01
  -4.17297035e-01  1.46452010e-01 -3.15219045e-01  6.83935061e-02
   2.03972831e-01]
 [-3.43062669e-01 -6.95680976e-01  3.22523862e-01  3.80081415e-01
   5.52280769e-02 -2.58801997e-01  4.73637283e-01  3.04405153e-01
  -1.95489511e-01 -3.55981827e-01 -2.22164720e-01 -1.29148006e-01
  -1.21123888e-01]
 [-3.01455259e-01  5.82007825e-01 -7.19350576e-02  1.79815218e-01
  -2.62564749e-01  2.20747218e-01  9.14625227e-02 -1.56752110e-01
  -2.95642942e-01  5.11303008e-01 -5.57905296e-04  4.20309126e-01
  -1.37007892e-01]
 [-5.10309637e-01  6.22445405e-01 -2.67188568e-02 -3.56673539e-01
   3.50903720e-01  6.63187429e-02  3.53396505e-01  3.63216847e-01
  -3.76329929e-01  8.38194340e-02 -3.66619170e-01 -2.25640178e-01
   7.94705600e-02]
 [ 6.13425002e-02 -2.03117922e-01  4.91756238e-02  8.17474484e-01
   2.49008805e-01 -3.18986923e-01  4.57802802e-01 -4.47547399e-02
   2.00882703e-02 -3.39679360e-01 -2.77976066e-01 -2.48812705e-01
   3.24146777e-01]
 [-2.93586217e-02  3.39648575e-01  2.60020763e-01  2.52092034e-02
   2.58709818e-01  1.73268348e-01  8.30706656e-02 -2.96824813e-01
   3.82923663e-01 -1.08006932e-01 -4.44077760e-01 -3.26382637e-01
   1.88238993e-01]
 [-5.37719913e-02  1.48261562e-01 -4.22677286e-02 -4.04010564e-01
   8.30566958e-02  3.95228177e-01 -7.44613111e-02  2.73754925e-01
   4.14846361e-01 -3.35475117e-01  2.15422407e-01 -3.97258013e-01
   1.97544262e-01]
 [ 6.21541142e-02  1.58309722e+00  9.88942161e-02 -9.41288710e-01
  -5.00978947e-01  4.16695863e-01 -7.93874800e-01 -1.11686981e+00
  -2.81500578e-01 -5.91198564e-01 -1.46346644e-01 -1.29723251e-01
  -2.62751400e-01]]
Peso 2:
[ 3.3177868e-02 -2.8094754e-01 -3.5358835e-02  6.5699750e-01
  1.2129333e-01 -4.5579053e-02  5.1123458e-01  4.8420730e-01
  2.4438722e-04  2.5075758e-01 -4.0888947e-02  3.2360841e-02
  1.0895030e-01]
Camada: saida
Peso 1:
[[-0.49468428  0.6433287 ]
 [ 0.8490516  -1.7840401 ]
 [-0.5602451   0.07626345]
 [-1.3685224   1.0045279 ]
 [-0.81070614 -0.1443743 ]
 [ 0.19757134 -0.389513  ]
 [-0.88488257  0.62136924]
 [-1.1282247   0.75093967]
 [-0.31554765 -0.23781514]
 [-0.36449388  0.5683477 ]
 [ 0.2750205   0.48139971]
 [-0.6250566   0.02412079]
 [-0.20839766  0.33354342]]
Peso 2:
[-0.13790911  0.13790889]



pesos modelo: 
Test loss: 0.8707, Test accuracy: 0.7367
Camada: meio
Peso 1:
[[-1.66144222e-01 -1.02370799e-01 -1.31923467e-01 -3.29956800e-01
   1.25160128e-01  3.32080811e-01 -3.57077599e-01 -1.51433915e-01
  -1.20037794e-03 -3.11995238e-01  1.33817703e-01  3.28800589e-01
  -2.06365988e-01]
 [-2.07773685e-01 -4.76487279e-02  3.54141444e-01  3.46089274e-01
  -3.12066168e-01  3.68569762e-01 -2.53416300e-01 -1.26656473e-01
  -2.50478834e-01 -3.92322123e-01 -3.26985359e-01  1.06768221e-01
   1.44500464e-01]
 [ 4.10034269e-01  2.07901090e-01 -4.19750303e-01  4.12112474e-03
   3.09077710e-01  1.30819470e-01 -3.17377210e-01 -2.51960754e-03
  -2.59342611e-01  2.75247663e-01 -5.01088798e-02  9.19626057e-02
   7.86640048e-02]
 [ 3.73745233e-01 -5.47192916e-02  2.04314411e-01  4.78907488e-02
   2.63390511e-01 -3.07385653e-01 -8.52710083e-02  1.35252699e-01
   9.52875167e-02 -3.93063501e-02 -2.09979340e-01 -1.49664715e-01
   3.35077703e-01]
 [ 2.51042724e-01  3.40879947e-01 -1.40445933e-01 -9.02537629e-02
  -2.27186486e-01  3.46029013e-01  6.71559349e-02  1.36540100e-01
  -1.68061092e-01 -1.24459565e-02 -3.29676419e-01 -1.41162902e-01
  -2.12648675e-01]
 [ 3.06835920e-01 -3.01370919e-01  1.53450891e-01 -6.96107596e-02
   2.97126127e-03 -2.54736245e-01 -1.62012890e-01  1.73064262e-01
   1.33308738e-01  1.52361477e-02  2.09907852e-02 -9.32359546e-02
   2.16337383e-01]
 [ 2.88667351e-01  9.37544182e-02 -3.46880853e-01  4.19650674e-01
  -9.39289257e-02  3.16398680e-01 -1.60454437e-02 -1.22913435e-01
  -6.85160458e-02  1.82068750e-01 -3.49469543e-01 -2.17269644e-01
  -2.13583335e-02]
 [-3.41293365e-01  1.18618332e-01 -7.38734156e-02 -6.11859523e-02
  -1.26336262e-01 -3.99739176e-01  2.02987045e-01 -4.61343750e-02
  -8.78671929e-02  2.20388398e-01 -3.61366749e-01  6.00586347e-02
   7.17356578e-02]
 [-1.31770015e-01  2.14712903e-01 -4.13946211e-02 -2.51017153e-01
   3.79543930e-01 -1.72365472e-01 -2.07399175e-01 -6.24933094e-02
   1.88478902e-02  4.81657833e-01  3.44436169e-02  6.08223975e-02
  -8.14681724e-02]
 [-2.63412684e-01 -1.55339241e-01  6.55863211e-02 -3.65847290e-01
  -3.42975408e-01  7.25701302e-02 -6.95010349e-02  3.77316743e-01
   2.33327061e-01  3.08589190e-01 -1.93071678e-01  2.33782247e-01
  -1.79908499e-01]
 [ 1.79908201e-01 -3.93382877e-01 -1.46719277e-01  6.53053746e-02
  -3.61486711e-02  1.64296865e-01 -1.36317506e-01  1.25076860e-01
   1.20018356e-01  1.47323251e-01  1.23397537e-01 -2.79469699e-01
   3.63415301e-01]
 [-2.20064610e-01  1.45927509e-02  3.11550587e-01 -1.00593120e-01
   2.27602243e-01  2.18002275e-01 -3.12057704e-01  4.15464222e-01
  -3.29098031e-02  1.45360027e-02  1.72126051e-02 -2.14580819e-01
  -1.33007646e-01]
 [-2.44234160e-01  5.36846519e-02 -3.56435180e-01  4.10869002e-01
   2.17965469e-01 -4.11636293e-01 -2.06455320e-01  1.01841405e-01
  -2.61094153e-01 -1.98903158e-01 -1.22253008e-01 -3.99222165e-01
   2.03094676e-01]
 [-2.46991873e-01 -3.39345276e-01 -3.99349660e-01 -2.65611857e-01
   2.16801852e-01  5.99534661e-02  3.23577374e-01  4.67788517e-01
  -3.42584044e-01  2.79115468e-01  2.14326978e-01 -3.92946810e-01
   5.55420697e-01]
 [ 4.19730008e-01 -4.44886200e-02 -1.44265015e-02 -2.46018350e-01
   1.40510127e-01  8.37478489e-02 -1.54935881e-01  6.44356608e-01
  -3.77768546e-01  4.59332883e-01  2.14179069e-01  1.64583668e-01
   5.08991368e-02]
 [-1.38266161e-01  1.59960072e-02 -1.72784030e-01 -2.57690638e-01
  -2.93029696e-01 -3.12316149e-01 -7.06919879e-02  1.67466626e-01
   5.49991965e-01  3.46842110e-02  5.28253205e-02 -3.52690488e-01
   2.41396919e-01]
 [-4.98228252e-01 -3.18630636e-01  1.30966514e-01 -2.54780352e-01
  -2.39164755e-01 -3.23699772e-01 -1.57895759e-01 -2.37489000e-01
   5.27857423e-01  2.22226530e-01  2.45531768e-01  6.42758310e-02
   3.34274709e-01]
 [-4.05142568e-02  1.07982829e-01 -1.68062478e-01 -2.41085500e-01
  -2.45193839e-01  4.65630852e-02  1.38653636e-01  1.55493349e-01
  -4.17472184e-01  7.21937478e-01 -2.00088486e-01 -3.72687578e-01
   4.73199010e-01]
 [ 3.23623985e-01 -2.58920401e-01 -9.79859680e-02  4.24552679e-01
   4.26325858e-01  2.07878888e-01 -3.78998607e-01 -1.45847008e-01
   5.19637108e-01  4.44772393e-01  2.33308107e-01 -1.67574242e-01
  -3.76266181e-01]
 [ 4.14453298e-01  1.71806235e-02 -3.30675572e-01 -8.78007412e-02
   7.91616514e-02 -9.31253657e-03 -2.99379200e-01  2.49534115e-01
   3.61270577e-01 -3.56071681e-01 -1.59521192e-01 -2.63088960e-02
  -2.80030165e-02]
 [-2.96326369e-01 -2.13252902e-01 -1.22811213e-01  3.40351582e-01
   2.66185194e-01  1.85467646e-01  3.79030079e-01 -8.25425208e-01
   1.90434766e+00 -1.18678570e+00 -2.69038916e-01  2.26067156e-01
  -5.47026336e-01]]
Peso 2:
[ 0.15261728 -0.08163081 -0.03131642  0.01365893 -0.00129233  0.01231621
 -0.05646555  0.5554243  -0.33414537  0.6965457  -0.06990752 -0.00164466
  0.40763667]
Camada: saida
Peso 1:
[[-6.5848678e-01  1.3021542e-01]
 [-1.6072700e-03 -2.1940421e-01]
 [-5.8114887e-03 -2.9829314e-01]
 [-2.9260701e-02 -1.9981901e-01]
 [ 5.8394724e-01  4.6557871e-01]
 [-3.0580190e-01 -1.7699175e-01]
 [ 5.9918332e-01 -4.7056848e-01]
 [-7.9130840e-01  1.0997976e+00]
 [ 1.2854002e+00 -1.7230719e+00]
 [-1.2164683e+00  9.8993075e-01]
 [-9.6140072e-02 -2.0611149e-01]
 [ 4.7137588e-01  2.7209795e-01]
 [-7.7168524e-01  5.2441186e-01]]
Peso 2:
[-0.3543471   0.35434768]



pesos modelo: 
Test loss: 0.8266, Test accuracy: 0.7337
Camada: meio
Peso 1:
[[ 0.39584324  0.04118788 -0.20762916 -0.07538179 -0.05347422 -0.0187768
  -0.29616904  0.11548278 -0.39664775  0.29977182  0.40659967  0.3255928
   0.28140184]
 [ 0.38562712  0.31882295 -0.01088223  0.11970207 -0.05182755  0.20447788
  -0.23618099  0.03187451 -0.33710912  0.40620622 -0.31637916  0.07798564
   0.40523514]
 [ 0.3452045  -0.0811677   0.07559901  0.14934286  0.047176   -0.02669153
   0.09182951  0.02516717 -0.26058757  0.20352408 -0.34151798 -0.13011554
   0.33186987]
 [-0.3159716   0.2766988  -0.32181242  0.11166313  0.04596586  0.2782899
  -0.03534075 -0.3312167   0.0885391  -0.22441626 -0.0250772   0.22307082
  -0.33218312]
 [-0.13134548  0.01079828 -0.14688787  0.15545945  0.09937653 -0.21583752
   0.12009023  0.06621628  0.1348334   0.3272038   0.12745664  0.10124248
  -0.055145  ]
 [ 0.19788419  0.45746046 -0.30107793 -0.40426892 -0.00410488 -0.39198604
  -0.13245524  0.35777602  0.13232768  0.09262431  0.29986957  0.08163863
   0.09570984]
 [-0.21464503 -0.1456939  -0.36621302  0.27326685  0.24610284 -0.05939864
   0.19474831 -0.4227815  -0.02469087  0.19412465 -0.28241682  0.22005382
  -0.3765693 ]
 [ 0.06761787 -0.13101032 -0.22834703  0.32214522 -0.24466832 -0.16708897
   0.39471447  0.32808766  0.25391132  0.19639623 -0.07290257  0.00545917
   0.16769424]
 [-0.10945626  0.15537846  0.13336885 -0.4017043  -0.0971366  -0.42077777
   0.52969337  0.02142952  0.25573435  0.33288658  0.17258252  0.22265057
   0.08622883]
 [-0.3028341   0.4423034   0.00264073 -0.12664887  0.32028252  0.07156708
  -0.01709209 -0.18681121  0.10094906  0.2662525   0.18475635  0.08704452
  -0.19949493]
 [ 0.18963654 -0.35632494  0.39080083  0.06174136  0.325641    0.04984153
  -0.22450377  0.11500707  0.17267765  0.20426872  0.06292101  0.23961744
  -0.08036909]
 [ 0.18454331 -0.2678559   0.36171344 -0.39251596 -0.2379456   0.2314555
  -0.00760663  0.31845063  0.00881834 -0.11729205  0.1289826   0.36882755
   0.05097232]
 [-0.42077217 -0.30084613  0.18768096  0.04659028 -0.0431303  -0.19712006
   0.23923871  0.08616799  0.23611383  0.26076558  0.42563692  0.296782
   0.18437684]
 [ 0.22736019 -0.10389049  0.41616255 -0.30468875 -0.35613877  0.28017694
  -0.21409804 -0.2555882   0.6389237  -0.0235014  -0.4462165   0.59639245
  -0.19062051]
 [-0.04697935  0.31030062 -0.13185914 -0.1562098  -0.4263811   0.02018827
  -0.4265855   0.26859707  0.6955191   0.24552415  0.04249874  0.14809428
  -0.10589837]
 [-0.01067114  0.21062632  0.11474003  0.01722096  0.51576823 -0.30207467
   0.2233186   0.14564227  0.21514577  0.43609524  0.28480616 -0.07387228
  -0.00765257]
 [ 0.01810208 -0.19393498 -0.25859037 -0.4325549   0.21197322 -0.39592668
   0.06012329  0.16243285  0.04468301 -0.06425818  0.25477076 -0.02341998
  -0.356732  ]
 [ 0.09553508 -0.03962997  0.46571696 -0.4031112  -0.41088772 -0.15068758
  -0.13329095 -0.05515812  0.06270348  0.16539915 -0.5946839   0.2747703
  -0.39268145]
 [-0.35556597  0.383108   -0.08103085  0.06215362  0.26463127  0.18667614
   0.07468934 -0.07388065 -0.11360034 -0.26868492 -0.02056631 -0.01072495
   0.23907083]
 [-0.13659707  0.16858867  0.13743557  0.2980532   0.36842957 -0.14395928
   0.15669808  0.15267752 -0.09161732  0.05200124  0.49433893  0.14981765
  -0.1132621 ]
 [ 0.05424066 -0.50491154  0.22504078 -0.01145771  0.63095087 -0.19108361
   1.1642996   0.13628528 -1.0182608  -0.9744521   0.95984066 -1.3498863
   0.18163486]]
Peso 2:
[-0.10861725  0.13055463  0.03524115 -0.00310276 -0.14559864 -0.07761275
 -0.03147067 -0.02133133  0.5558042   0.43605077 -0.1989294   0.6914459
 -0.00976017]
Camada: saida
Peso 1:
[[ 0.3480549  -0.13068387]
 [-0.11871867  0.59571517]
 [-0.12314768  0.15435281]
 [ 0.07433292  0.19732584]
 [ 0.94943386 -0.41212326]
 [ 0.22195    -0.29662412]
 [ 1.0348434  -0.7396874 ]
 [-0.29512176 -0.33405977]
 [-0.8958439   1.053782  ]
 [-0.5968292   0.980052  ]
 [ 0.83449495 -0.7830669 ]
 [-0.84058636  1.4945498 ]
 [-0.492281   -0.31893194]]
Peso 2:
[-0.26876208  0.26876205]



pesos modelo: 
Test loss: 1.1316, Test accuracy: 0.6767
Camada: meio
Peso 1:
[[ 9.28312242e-02  2.79218763e-01 -1.14412934e-01  3.99430186e-01
  -4.89813983e-02  2.76938587e-01  2.00282842e-01  3.16993326e-01
   1.77347958e-02 -2.75329798e-01 -2.68306673e-01 -2.96078682e-01
  -8.48951936e-03]
 [-3.65425885e-01 -3.86997759e-01 -3.14760953e-01 -1.46399379e-01
  -2.37960160e-01 -5.02486825e-02 -3.00087929e-01 -3.41515988e-01
  -2.49802575e-01 -2.25117564e-01 -3.23629946e-01  3.99795860e-01
   3.83794159e-01]
 [ 6.32695556e-02  2.30158001e-01 -1.10577464e-01 -5.18899262e-02
   9.81097519e-02  2.70791560e-01  3.15049022e-01 -2.19359010e-01
  -7.30665922e-02 -7.34007955e-02  4.51524556e-02  1.34520501e-01
   2.63421267e-01]
 [ 1.42888874e-01  3.90392900e-01 -1.72083899e-01 -8.13935101e-02
  -1.66761443e-01  6.39426634e-02 -7.42273778e-02 -1.09386452e-01
  -1.69516474e-01  3.55637699e-01  2.79112428e-01 -3.71709645e-01
  -1.88983619e-01]
 [-1.78656176e-01 -1.20973267e-01  6.94748387e-02  1.12445168e-01
  -3.02543163e-01 -1.93173259e-01 -1.53774871e-02  3.39695990e-01
   2.72363782e-01  2.52294481e-01  3.17694008e-01  9.29344520e-02
  -2.42561385e-01]
 [ 2.37805814e-01 -1.32815629e-01 -8.04160386e-02 -3.06932300e-01
  -3.09573472e-01  2.66357362e-01  2.72932380e-01  9.85114090e-03
  -3.90838355e-01  1.99047491e-01 -2.44458109e-01  2.61664897e-01
  -2.41493627e-01]
 [ 4.85199839e-02  1.02077000e-01 -2.63809025e-01 -7.85528272e-02
  -2.59512305e-01  3.44704427e-02  2.21594945e-01  1.93796143e-01
  -1.85541719e-01  1.68743402e-01 -3.28844219e-01 -2.96661183e-02
   7.07320198e-02]
 [ 2.01069146e-01 -4.12589580e-01  2.65874207e-01  1.13609530e-01
  -3.25295955e-01 -1.16033919e-01 -9.76292863e-02  3.54194969e-01
  -3.20663065e-01 -2.08030557e-04 -6.46035224e-02  3.75642627e-01
  -2.02042699e-01]
 [-1.03255108e-01  2.07994819e-01  9.50049162e-02 -1.28472269e-01
   8.70086160e-03 -1.47866592e-01  6.53111339e-02  2.98961788e-01
   4.80629578e-02  1.47066996e-01  3.78914267e-01  1.92411378e-01
  -2.56727368e-01]
 [ 4.26868983e-02 -3.07543725e-01  4.13059443e-01  2.04588190e-01
  -1.70505449e-01  1.14340290e-01  2.36430570e-01 -3.56393248e-01
  -3.79456133e-01  3.65623124e-02 -1.93960309e-01  2.85587639e-01
  -3.85272652e-01]
 [ 2.38825887e-01  3.76833200e-01  1.04815178e-01 -1.55367255e-01
   2.36181661e-01  1.07357316e-01  7.40343705e-02 -4.21288997e-01
   2.77739704e-01  5.79262562e-02 -1.18785478e-01  8.71159509e-02
  -1.47182018e-01]
 [-1.66497916e-01  9.53547135e-02  7.62956664e-02 -2.88682312e-01
  -3.35494727e-01 -1.50347263e-01 -6.75098523e-02 -1.68635100e-01
  -7.75155276e-02  3.42733264e-01  2.19925568e-02 -3.90542775e-01
   7.66121671e-02]
 [ 1.96495607e-01  1.40795350e-01  1.94587037e-01 -1.40912198e-02
   1.63308516e-01  2.65848815e-01  2.83863563e-02  3.50329354e-02
   2.91482300e-01  2.95896411e-01 -2.04184949e-01 -1.75140679e-01
   4.71030101e-02]
 [ 6.10671163e-01 -1.12371236e-01  1.25208572e-01  5.48754223e-02
   3.38882983e-01 -6.12954974e-01  4.16018188e-01  1.36369407e-01
  -3.69650990e-01  2.25049973e-01 -2.82238930e-01  2.55856186e-01
  -1.78998351e-01]
 [ 3.30223352e-01 -1.75737679e-01  2.39483774e-01  6.78360909e-02
   9.73521918e-03 -4.54851091e-01  6.43624604e-01  2.52346098e-01
   3.12023371e-01  5.79234540e-01  3.80024612e-01  1.62431374e-01
  -1.25003338e-01]
 [ 2.88349658e-01 -4.35301214e-01  4.19062048e-01  6.57845512e-02
   4.50447872e-02  4.98466343e-01 -3.34306479e-01 -1.68561339e-01
  -2.23149076e-01 -7.21660629e-02 -1.11473128e-01  1.77671582e-01
  -4.06845391e-01]
 [ 9.71856415e-02  1.09580822e-01 -1.04298219e-01 -2.50434458e-01
   1.96409196e-01  6.44965112e-01  1.83712348e-01  2.00508520e-01
  -3.61640334e-01  1.31306946e-02 -7.24044256e-03  4.12410736e-01
   1.73848242e-01]
 [ 2.61855036e-01 -3.90671134e-01  2.15954810e-01  2.69199729e-01
  -4.42503840e-02 -4.17938679e-01  8.04666519e-01 -2.97216207e-01
   3.57590556e-01  1.55193821e-01 -3.20655435e-01 -4.10876162e-02
   2.70642936e-01]
 [-1.04362182e-01 -2.35902831e-01 -2.66240031e-01 -4.62571293e-01
   1.74701229e-01  6.69979453e-01  2.96037525e-01 -4.48656619e-01
  -1.99969038e-02  8.40391517e-02 -3.67617130e-01  1.12263717e-01
   3.11199320e-03]
 [ 2.87775308e-01 -3.07357103e-01 -2.12056369e-01  3.45859945e-01
   3.84508699e-01  7.71819413e-01  2.98041046e-01 -2.15372950e-01
   4.25321281e-01 -6.05962932e-01 -2.29517817e-01 -2.31481176e-02
  -4.35911827e-02]
 [-1.33035696e+00  7.61944950e-02 -3.44795525e-01  3.03103834e-01
  -4.13576573e-01  1.19976974e+00 -1.34683454e+00  3.03600997e-01
  -5.39195770e-03 -5.46196520e-01  2.52716094e-01  5.16007900e-01
  -1.96291417e-01]]
Peso 2:
[ 0.67091227  0.0176078   0.31169462  0.06531263  0.05225648 -0.2589838
  0.77178764 -0.03007081  0.07080089  0.28454956  0.03703001 -0.07459076
 -0.04882786]
Camada: saida
Peso 1:
[[-0.6900883   1.4834433 ]
 [-0.49763992  0.42939553]
 [-0.4233621   0.64984643]
 [ 0.05213049  0.6033175 ]
 [ 0.08829845  0.36953917]
 [ 0.70792323 -1.6440312 ]
 [-0.9202618   1.6902252 ]
 [-0.4428553  -0.33985198]
 [-0.4962008  -0.13139229]
 [-0.5270574   0.82773656]
 [ 0.00270872  0.61246157]
 [ 0.24622528 -0.3450232 ]
 [ 0.5463793  -0.14325424]]
Peso 2:
[-0.10051345  0.10051281]



pesos modelo: 
Test loss: 1.2306, Test accuracy: 0.6955
Camada: meio
Peso 1:
[[ 2.01147050e-01  2.22285062e-01 -1.22699022e-01 -1.12310737e-01
  -2.47910038e-01  4.12332147e-01  3.69916171e-01 -3.45154047e-01
  -3.17695200e-01  1.07212812e-01 -3.58645231e-01 -1.58418596e-01
  -3.07500452e-01]
 [-3.09177279e-01 -3.16220105e-01  3.60378951e-01  1.56693757e-02
   6.87195361e-02 -4.15232778e-01 -1.26984775e-01  2.92327374e-01
  -2.72848636e-01  8.28623474e-02  2.15359300e-01  1.94707364e-01
   6.26427829e-02]
 [ 2.76606709e-01 -2.41139203e-01 -3.42720360e-01 -3.84270698e-01
   1.15393847e-01  3.74359161e-01  1.67741507e-01  9.22735631e-02
  -3.76157075e-01  2.12828368e-01 -3.74778241e-01  8.02781880e-02
  -1.49282813e-03]
 [ 1.81606084e-01  3.48360568e-01 -2.07293093e-01  3.71149898e-01
  -2.20625982e-01 -3.96886170e-01  1.63071439e-01  2.88276136e-01
   1.36313559e-02  3.47588688e-01 -3.97882283e-01 -1.93304494e-01
   4.51361649e-02]
 [-4.14051235e-01 -2.20697150e-01  3.21915716e-01  1.52186882e-02
   1.30968601e-01  1.67102903e-01 -5.48280589e-02  1.50569201e-01
   3.17915887e-01  2.70246327e-01 -3.83377880e-01  1.98952444e-02
   2.91584991e-02]
 [ 1.18944369e-01 -4.11303163e-01 -1.67023584e-01  8.92136544e-02
   3.86675596e-01 -4.05383587e-01 -1.46358088e-01  6.82943463e-02
   2.47914061e-01  1.09742567e-01 -1.04444779e-01 -4.12345052e-01
   8.04798678e-02]
 [-2.17694759e-01  1.95505530e-01 -1.84471712e-01 -8.50907937e-02
  -1.61893070e-02 -1.19590394e-01  3.12887728e-01 -2.53863335e-01
   3.38912368e-01 -9.77777168e-02 -1.06383994e-01  2.35751376e-01
  -1.05886236e-01]
 [ 3.78155150e-02 -2.50640977e-02  7.84944817e-02  1.45631760e-01
   2.20353931e-01 -3.36679757e-01 -1.18348010e-01  3.74411456e-02
   1.08754851e-01 -2.67652482e-01 -5.04998863e-02 -3.39693815e-01
  -4.61175293e-02]
 [-2.84544341e-02 -3.15918475e-01 -1.22017704e-01  1.51900530e-01
   3.94744873e-01 -9.85428318e-02  1.19825281e-01 -1.52571112e-01
   2.07155123e-01 -3.47259283e-01  3.55236143e-01  8.59021023e-02
   3.65062803e-01]
 [ 2.32552942e-02 -3.68549302e-02 -4.02943403e-01  9.76725668e-02
   3.53193223e-01  2.21986488e-01  2.63069421e-01 -3.38372648e-01
   2.18237177e-01  1.53677255e-01  2.17844978e-01  4.12395179e-01
   2.21897185e-01]
 [ 2.48852327e-01 -2.58321255e-01  2.59467959e-01  2.66218752e-01
   1.94391131e-01 -3.11789095e-01  2.45882839e-01  3.62424403e-01
   6.36441782e-02  2.90212542e-01 -9.32352096e-02 -4.02680725e-01
   2.62476027e-01]
 [-1.12343438e-01 -1.46126598e-01  3.45189460e-02  1.75586343e-01
   2.79608399e-01 -3.89576435e-01 -5.79790138e-02  9.50080529e-03
   2.53533691e-01 -1.82799041e-01  2.97987968e-01 -1.44054079e-02
   2.74493787e-02]
 [-4.75095883e-02 -1.49544686e-01 -2.25338370e-01  2.30743632e-01
   7.01044872e-02 -3.14527392e-01 -1.14605725e-01  2.45584045e-02
   1.49457082e-01  8.93922001e-02 -4.15831923e-01 -3.74542654e-01
   5.72041832e-02]
 [-1.02445729e-01  6.01719022e-02 -3.11262250e-01  8.51601541e-01
   2.34287351e-01  4.23640996e-01  3.44007581e-01  3.64360154e-01
   3.67760837e-01  2.29560271e-01  2.09762335e-01 -1.01103317e-02
  -3.97431374e-01]
 [-1.33073479e-01  1.14665709e-01  2.45890498e-01  4.76625353e-01
   7.62738705e-01  3.42727415e-02 -6.85884729e-02  1.33195043e-01
   1.13823459e-01  2.58829501e-02 -4.12257403e-01  2.42694318e-01
  -5.42131245e-01]
 [-3.03200573e-01 -3.27792853e-01 -2.21680731e-01 -1.48388997e-01
  -2.39614382e-01  4.55760583e-02  2.06845954e-01 -4.08504397e-01
   3.20986599e-01  6.91856891e-02 -2.27462649e-01 -3.63397121e-01
   4.44329590e-01]
 [-7.68910488e-03 -3.64926547e-01  3.20812762e-01 -3.56823772e-01
   4.57121551e-01 -3.57278883e-01  3.72026712e-01  2.88470462e-02
   4.01198834e-01 -3.06951672e-01 -1.35238454e-01 -9.21662375e-02
   7.53620267e-01]
 [-1.55881941e-01 -1.00188464e-01 -3.91780347e-01  8.09350431e-01
   7.37453476e-02  2.80662030e-01  4.50215548e-01  2.59114027e-01
  -3.90280575e-01  2.41584331e-01 -1.02002814e-01 -2.16559291e-01
  -1.29214004e-01]
 [-3.77219528e-01 -1.23790421e-01 -3.87165785e-01  3.31129670e-01
  -5.55202127e-01  3.16325307e-01 -3.24514881e-02  1.11039959e-01
  -1.07742943e-01  4.07737978e-02 -1.53605595e-01 -3.27602595e-01
   2.90586293e-01]
 [-4.10038412e-01  1.04352228e-01  1.00494996e-01 -5.43403402e-02
  -3.23114507e-02 -2.47639176e-02  5.41822112e-04 -3.16894621e-01
  -3.16773862e-01 -3.61322075e-01  2.94913977e-01 -3.77850950e-01
   4.87230897e-01]
 [ 2.82379776e-01  6.50319755e-02 -1.67055000e-02 -1.15836096e+00
  -9.52905297e-01 -2.89094895e-01 -9.65703726e-01 -1.33564994e-01
  -1.83975115e-01  2.03811139e-01  1.10034607e-01 -3.18209529e-01
   1.55677807e+00]]
Peso 2:
[-0.05022915  0.02037722  0.02220433  0.86202115  0.62885743  0.03069168
  0.3789753  -0.07640033 -0.00446863  0.01177902 -0.00306104  0.00269756
 -0.37187058]
Camada: saida
Peso 1:
[[ 0.57189846 -0.55727756]
 [-0.04006062  0.42003986]
 [-0.30729377  0.31234106]
 [-1.4923605   1.0727882 ]
 [-1.0343293   1.122744  ]
 [-0.13126503  0.08658046]
 [-0.58235914  0.8557425 ]
 [-0.02361562  0.03690192]
 [-0.46969783 -0.44931734]
 [ 0.21099326  0.4300559 ]
 [ 0.5387082   0.44604957]
 [ 0.4108878   0.5318728 ]
 [ 1.3016598  -1.3629024 ]]
Peso 2:
[-0.21240027  0.21239975]



pesos modelo: 
Test loss: 1.0610, Test accuracy: 0.7026
Camada: meio
Peso 1:
[[-3.36627573e-01 -2.37351507e-01  1.97800964e-01  5.67499995e-02
  -1.06133044e-01  3.54185194e-01 -9.27621424e-02 -6.99311197e-02
   5.49139380e-02 -2.74758011e-01 -3.61802638e-01  2.60093004e-01
  -2.03808248e-02]
 [-2.93783516e-01  2.21421331e-01 -2.73229241e-01  3.79802674e-01
   1.45551771e-01 -3.54744673e-01  2.75356740e-01  4.38539386e-02
  -1.20875388e-01 -2.28568837e-01  1.37469023e-01  2.54606754e-01
  -1.46826506e-02]
 [ 1.95352048e-01  3.80305856e-01 -1.40039802e-01  2.20701009e-01
   1.53414607e-02 -3.30572754e-01  3.74311239e-01  3.56361657e-01
   3.46458882e-01 -3.99409562e-01  3.56973320e-01 -2.74192035e-01
  -3.57281119e-01]
 [ 9.95479450e-02  2.09375396e-01 -2.64456064e-01  2.92843759e-01
  -9.20059439e-03  1.74621865e-01  4.29126233e-01  3.06982249e-01
  -2.15637729e-01 -1.65140867e-01  1.32428020e-01  7.39246532e-02
  -4.18016374e-01]
 [-1.17457382e-01  1.99768424e-01 -8.27295631e-02  3.61389488e-01
  -1.98288560e-01  1.81415603e-01 -5.55615267e-03 -5.06049730e-02
  -5.38238697e-02  2.85057217e-01  1.09250456e-01  8.00622776e-02
  -2.01290116e-01]
 [ 2.92835653e-01  4.22295570e-01 -4.01956350e-01  9.21316892e-02
  -9.48330760e-02  2.27617053e-03 -1.06506430e-01  1.78940408e-02
   3.41272861e-01  7.78597593e-02 -6.80132210e-02  2.70817280e-01
  -2.78343529e-01]
 [-1.26362339e-01  2.65164196e-01  1.45573094e-01 -1.99924633e-01
  -2.68687069e-01 -2.45177105e-01 -1.56900793e-01 -2.77831014e-02
  -1.36690944e-01  2.77377605e-01  1.15104057e-02 -4.83995155e-02
  -2.82698303e-01]
 [-3.98431672e-04 -1.31052494e-01 -4.03734803e-01 -4.23422270e-02
   2.10722178e-01  2.07745314e-01 -2.54466116e-01 -8.62923115e-02
   3.44051898e-01  1.95614640e-02  2.24385649e-01 -4.46551032e-02
   1.42961159e-01]
 [ 2.66724855e-01  2.27223009e-01 -2.34333053e-01 -2.23558396e-01
  -4.00526583e-01 -9.73244607e-02 -2.16853216e-01  1.04222246e-01
  -3.87103140e-01 -2.57201251e-02  3.72376055e-01 -4.97405268e-02
   1.97392851e-01]
 [-1.42739132e-01  6.41793758e-02  2.24696189e-01  2.31945619e-01
   2.11025085e-02  2.62158483e-01 -1.69928059e-01  8.12385455e-02
  -4.12578434e-01 -3.22165012e-01  2.45957822e-01 -2.86458552e-01
   3.43843788e-01]
 [ 5.43168560e-02  1.62653804e-01  1.58183232e-01 -4.85885255e-02
   7.61966109e-02  1.48460701e-01 -1.13947771e-01  7.39920959e-02
  -1.61832348e-01  1.18043244e-01 -1.40961349e-01  6.58554137e-02
   5.09224944e-02]
 [ 4.22655076e-01 -3.19099091e-02  2.39929289e-01 -2.04649180e-01
  -3.43608052e-01  3.73898506e-01 -2.07232520e-01 -3.55923653e-01
  -3.96057554e-02 -2.18574300e-01  2.70153522e-01  3.18398029e-01
   3.22208941e-01]
 [ 1.04570538e-01 -6.38748482e-02  1.61478594e-01 -2.00543210e-01
   2.79969275e-01  1.71393052e-01 -2.70692054e-02  1.93232656e-01
   2.13950321e-01 -5.94667420e-02  1.81667730e-01 -2.94824481e-01
   1.83977991e-01]
 [-2.69840837e-01  5.96741021e-01  1.00567983e-02  1.16929263e-01
   1.58000126e-01  3.26289564e-01  1.43166874e-02  4.25952375e-02
   1.11069418e-01  1.52430654e-01  4.14343834e-01  2.55125284e-01
   1.54318303e-01]
 [ 2.05676243e-01  6.17525995e-01  1.23650238e-01 -4.43216026e-01
  -2.15354003e-03  6.78817213e-01  3.90565723e-01 -1.75959870e-01
   3.56085718e-01 -1.86672285e-01  4.27468330e-01 -2.34274402e-01
  -4.71960902e-02]
 [ 5.29016614e-01 -5.68966120e-02 -2.27998912e-01  5.53207517e-01
   2.20499218e-01  7.45629659e-03 -2.34745368e-01 -4.57131326e-01
   2.38664329e-01  2.31111586e-01  3.52048576e-01  3.43802869e-01
   1.48557678e-01]
 [ 3.72850209e-01 -2.73129493e-01 -1.32266745e-01  3.42209935e-01
   1.08793393e-01  1.67433351e-01 -7.14684743e-03  1.21098377e-01
  -2.24238291e-01 -3.67226839e-01  1.28386347e-02  5.02654433e-01
   1.07277416e-01]
 [-1.79084659e-01  6.88257158e-01  3.46762925e-01  1.82281747e-01
   1.93229720e-01  1.63722932e-01  4.66789305e-01  2.54811913e-01
   4.20883209e-01 -1.43283412e-01  5.89393616e-01  3.34767431e-01
   9.20569450e-02]
 [ 4.59635049e-01  2.96470169e-02 -2.84943193e-01  3.63765448e-01
  -8.33995566e-02  1.41354263e-01  5.01714766e-01  1.26297325e-01
   2.31663927e-01  3.65257770e-01 -2.64536113e-01 -2.29226589e-01
   2.28267536e-01]
 [ 4.63112116e-01  3.07306498e-01 -1.26235634e-01  4.53605503e-01
   1.61104515e-01  2.05559544e-02  4.03248012e-01  4.26529497e-02
   4.32509230e-03  1.31466970e-01 -2.76285619e-01 -2.05476686e-01
   1.97032914e-01]
 [ 1.09643221e+00 -1.04832673e+00 -1.59010459e-02  1.08701074e+00
  -1.47649318e-01 -1.08287537e+00 -3.40060353e-01  1.05976611e-01
   5.33006340e-02 -4.50813770e-01 -7.77728736e-01 -5.57430387e-01
  -3.27583291e-02]]
Peso 2:
[-0.24876666  0.62911624 -0.11749619 -0.17094488  0.03595842  0.4510998
  0.23943721  0.01907531  0.01525091  0.07741901  0.48185098  0.24070837
 -0.12556195]
Camada: saida
Peso 1:
[[ 1.1954681  -0.5745821 ]
 [-1.3182408   0.9592794 ]
 [-0.08060708 -0.5557304 ]
 [ 0.67250985 -1.0870336 ]
 [ 0.3942485   0.61583155]
 [-1.0837029   0.915802  ]
 [-0.8489092   0.07913923]
 [-0.43892112 -0.06991328]
 [ 0.08406224  0.3127413 ]
 [-0.7183713  -0.31043586]
 [-0.86267126  0.7815609 ]
 [-0.3586606   0.6854625 ]
 [ 0.08801956 -0.17019226]]
Peso 2:
[-0.24424343  0.24424334]



pesos modelo: 
Test loss: 0.5557, Test accuracy: 0.8122
Camada: meio
Peso 1:
[[ 2.74487704e-01 -4.33063805e-02 -3.81968528e-01  2.86500007e-01
   6.05070591e-02 -4.06500608e-01 -1.54486567e-01  3.32143396e-01
  -3.65994781e-01 -2.61714935e-01 -3.22704703e-01  3.89655560e-01
   1.07266009e-02]
 [-4.00134623e-02  4.14616495e-01  3.07243973e-01 -2.06291974e-01
  -2.43260697e-01 -2.35204160e-01 -2.00607240e-01 -1.66649789e-01
  -3.63391221e-01  4.03699845e-01 -3.25911194e-01 -1.50057673e-01
  -1.86146840e-01]
 [-3.32781285e-01  1.95892423e-01 -3.37699354e-02  1.10242754e-01
  -2.14827865e-01  1.35623008e-01  1.45152479e-01  2.95385718e-02
   1.68900222e-01 -1.36373699e-01  8.75091553e-03 -3.33791852e-01
  -2.19048321e-01]
 [ 1.62791178e-01 -8.98093730e-02 -1.71166342e-02  7.90694728e-02
   4.15475249e-01  4.28400397e-01  1.50513232e-01 -2.70737469e-01
   1.34756118e-01  1.18531317e-01  4.16654386e-02 -1.96506873e-01
   2.62695432e-01]
 [ 1.24396697e-01  3.37413251e-01 -8.00625701e-03  1.10451870e-01
   4.23044264e-01 -3.44845027e-01 -1.52800590e-01 -2.92476445e-01
   4.36872840e-01  1.29677117e-01  2.00618774e-01 -3.54122877e-01
   1.63317956e-02]
 [ 2.21539661e-01  1.48947209e-01 -1.79585084e-01  1.72180340e-01
   3.03735137e-01  1.24352977e-01 -1.20992593e-01 -2.49569610e-01
  -2.05302492e-01 -9.85540971e-02 -1.10163830e-01 -1.26800179e-01
  -7.56816119e-02]
 [-2.92748839e-01 -1.53898597e-01 -7.93623328e-02  2.56243646e-01
   3.80773187e-01  3.37302685e-01  2.68506020e-01  2.84635931e-01
   9.13952515e-02  3.48662764e-01 -3.46276872e-02  3.46976191e-01
   6.59818575e-02]
 [-4.16465789e-01  2.15972200e-01 -5.63597344e-02 -4.60963488e-01
   3.64895374e-01 -1.80781826e-01  3.33702058e-01 -4.13358659e-01
   4.05592442e-01 -1.12129249e-01  2.04414949e-01 -2.56858528e-01
   9.47202966e-02]
 [ 1.56332269e-01  3.71292770e-01  3.72948617e-01 -8.94664600e-03
  -1.10471413e-01 -1.35224000e-01  4.44374904e-02 -1.36195138e-01
  -7.45964795e-02  3.67940784e-01  4.18895751e-01 -1.03675507e-01
   7.92806223e-02]
 [-4.21476930e-01  3.95885915e-01 -1.98769763e-01 -4.68442947e-01
  -1.15725733e-02  2.85016894e-01  1.91628367e-01  1.90476120e-01
  -6.01253547e-02 -3.56006980e-01  1.53537065e-01 -1.68477565e-01
   6.41163215e-02]
 [ 2.08436772e-01  1.47611260e-01 -2.81820118e-01 -2.70258617e-02
  -9.07661766e-02  2.32964948e-01  6.27528355e-02 -3.53488885e-02
   4.68499213e-01  1.72714263e-01 -3.65372896e-02  1.71808854e-01
  -7.92502463e-02]
 [ 1.85104385e-01  3.90457958e-02 -1.23194620e-01  2.38994911e-01
   3.05165380e-01  1.15819871e-01  6.49777949e-02 -2.98096925e-01
   1.25403935e-02 -2.74530113e-01 -2.17648581e-01 -1.16184643e-02
  -2.39708707e-01]
 [-2.45313779e-01 -2.71663070e-01 -3.57750535e-01  1.65593669e-01
  -9.47304294e-02  3.12303096e-01 -3.16137373e-01 -9.96378064e-02
   4.15683091e-01 -2.73316145e-01 -4.61516753e-02 -1.37309775e-01
  -1.11871341e-03]
 [ 2.77464837e-01 -1.75925732e-01 -4.12828684e-01 -1.05671830e-01
   2.31624976e-01  4.17347968e-01  1.64313152e-01  8.75870809e-02
   2.56395459e-01  3.28580976e-01  6.53041482e-01  2.56179273e-01
  -2.97810793e-01]
 [ 2.25947410e-01  1.75118893e-01  3.45263690e-01 -6.54907944e-03
   1.39520884e-01  6.37075186e-01 -3.70407939e-01 -3.87450963e-01
   4.09082234e-01 -3.59767079e-01  4.63574797e-01 -2.55411148e-01
  -2.98146307e-01]
 [ 9.42687392e-02  1.78259775e-01  8.93571079e-02 -3.97027612e-01
   1.87383607e-01  2.96788901e-01  2.71679550e-01 -1.47186100e-01
   1.93567634e-01  2.75397599e-01  1.56859577e-01 -1.53828427e-01
   7.42882550e-01]
 [ 2.12915778e-01  4.03081596e-01 -3.60107929e-01 -1.13666849e-02
   3.28661233e-01  3.92423153e-01  2.78696626e-01 -2.28429928e-01
  -3.56319368e-01 -4.63052064e-01 -1.22018099e-01 -1.59100652e-01
   6.05576754e-01]
 [-7.29853362e-02  1.09380625e-01 -3.41230631e-02  7.36986771e-02
  -1.12011880e-01  2.25098431e-01 -3.88209254e-01  2.95992136e-01
   6.13904707e-02  9.63945836e-02  7.16962636e-01 -1.07838161e-01
  -2.26429269e-01]
 [-9.45343748e-02  9.39662755e-02  1.99826345e-01 -2.12012142e-01
  -4.33630884e-01 -3.89846176e-01 -8.95177945e-02 -2.04816699e-01
  -3.33049536e-01  1.07525915e-01  4.74209011e-01  4.55168560e-02
   4.07019824e-01]
 [-3.16908389e-01 -3.41559470e-01  1.41378865e-01  5.27746156e-02
  -5.06708801e-01  1.41816571e-01  3.80575716e-01 -4.00122762e-01
  -3.73588383e-01  1.35522336e-01  9.86130163e-02 -3.23175699e-01
   1.72510952e-01]
 [-6.81434423e-02 -8.14644471e-02  2.48219743e-01  6.09719716e-02
  -6.47670209e-01 -1.09023404e+00  5.32366633e-02  5.86526692e-02
  -3.47299367e-01 -3.63649204e-02 -1.12988126e+00 -1.56372398e-01
   1.88445354e+00]]
Peso 2:
[-0.04519374  0.01200847 -0.01178408 -0.24233004  0.34387544  0.47753292
 -0.03452125 -0.00222395  0.14138597  0.03458706  0.630019    0.02527088
 -0.42914954]
Camada: saida
Peso 1:
[[ 0.42588475  0.47449562]
 [ 0.05559337  0.23374973]
 [-0.03140187 -0.20501323]
 [ 0.4230475  -0.19362812]
 [-0.9017202   0.38274646]
 [-0.9086017   0.9217088 ]
 [-0.13235104 -0.56603694]
 [-0.3030466  -0.46184024]
 [ 0.02527989  0.6169881 ]
 [-0.3672817   0.00343028]
 [-0.93562007  1.4148078 ]
 [-0.35566702  0.30376115]
 [ 1.7405735  -1.212368  ]]
Peso 2:
[-0.34771347  0.3477138 ]
