


pesos modelo: 
Test loss: 3.8710, Test accuracy: 0.1284
Camada: meio
Peso 1:
[[-0.3972858   0.47821447  0.23772237  0.48517963  0.21400961  0.1358575 ]
 [-0.17027025 -0.2487303  -0.29795486 -0.19921878  0.1691345  -0.06200925]
 [-0.24850988  0.3273938   0.05026202  0.00892386 -0.11570296  0.37041065]
 [ 0.2112797  -0.05247645 -0.23821647 -0.05894861  0.40972933  0.03423025]
 [-0.35664466 -0.1188027   0.06512108  0.3631494  -0.35474977  0.24048413]
 [ 0.37505934  0.21991692 -0.4673045   0.03357683 -0.3501016   0.32069215]
 [-0.2327427   0.12185416 -0.2867973   0.07598723 -0.07132454  0.27178448]
 [ 0.0396956   0.13701306 -0.21927778  0.34600252  0.34125838  0.32712328]
 [ 0.18432315  0.16574678  0.24321778 -0.23843032 -0.26481113  0.22162545]
 [-0.25996217  0.24821131  0.26813394  0.31565025 -0.11932082  0.4425286 ]
 [ 0.20016104  0.33305562 -0.31486988  0.52669257  0.53004795  0.46765795]
 [ 0.18091537 -0.09677169 -0.34325418  0.11115756  0.29843396  0.08837026]
 [ 0.3929365   0.30242816  0.23351377  0.03308208 -0.32584146  0.39104444]
 [-0.13371645  0.28770718  0.01313795  0.24975319 -0.3776017  -0.14284909]
 [-0.4346522   0.16024864 -0.4485625   0.02233644  0.03790084 -0.2840891 ]
 [ 0.4048678  -0.13117811  0.07882699 -0.33342722 -0.43898258  0.9667459 ]
 [ 0.24846937  0.7778482  -0.06477368  0.1939953  -0.04883402  0.07130031]
 [ 0.05147132 -0.5220789   0.40461853  0.14024742  0.05244589  0.9003431 ]
 [-0.03800873  1.8437333  -0.2084294   0.7571056  -0.31089175 -2.144469  ]]
Peso 2:
[ 0.05829902 -0.2450652  -0.07163577 -0.06151574  0.2007049   1.3427119 ]
Camada: saida
Peso 1:
[[ 0.52050143  0.1356529 ]
 [-1.7378708   0.9804028 ]
 [-0.7744084  -0.42550617]
 [-0.8921662   0.27423194]
 [ 0.89896905 -0.55162156]
 [ 1.9430817  -2.1005476 ]]
Peso 2:
[ 0.1073534  -0.10735292]



pesos modelo: 
Test loss: 4.0296, Test accuracy: 0.1292
Camada: meio
Peso 1:
[[ 3.76648277e-01 -4.38347578e-01 -4.72570777e-01 -4.65187132e-02
  -1.26355320e-01  1.12841696e-01]
 [ 4.08480346e-01  1.83649674e-01  1.32535994e-01  3.90742868e-02
  -1.66512311e-01  2.28745326e-01]
 [ 6.89235330e-01  1.57684237e-01 -4.64322381e-02  1.84218407e-01
   2.41406783e-02  3.50781828e-01]
 [ 9.63683054e-02  2.93512434e-01  2.74772793e-01 -7.53303170e-02
  -1.93709061e-01 -2.16536954e-01]
 [-3.94899435e-02  1.28176108e-01 -3.63851756e-01 -1.12683445e-01
  -3.20453532e-02 -2.15048209e-01]
 [ 1.69982269e-01 -4.45779134e-03  4.74800803e-02 -8.77559837e-03
  -4.35675412e-01  4.85388517e-01]
 [ 1.26803085e-01 -4.42424595e-01 -3.90062273e-01 -8.66299216e-03
   4.93046567e-02 -1.50454447e-01]
 [ 3.08847964e-01  2.21355423e-01 -2.68057510e-02 -1.60052543e-04
  -3.43999475e-01 -2.77758539e-01]
 [-1.54619599e-02 -3.74594986e-01 -3.27895254e-01 -7.88199455e-02
  -4.22289014e-01 -1.19480692e-01]
 [ 3.64381701e-01 -6.75520003e-02 -4.77518529e-01  4.01640795e-02
  -7.69261420e-02 -2.43040904e-01]
 [ 7.20441103e-01 -3.09499563e-03  9.21442639e-03  1.72983512e-01
   2.85078675e-01  2.19197631e-01]
 [ 3.78305227e-01 -1.09810352e-01  3.58441144e-01  4.29204740e-02
  -1.74587831e-01 -9.19632912e-02]
 [-9.91902128e-03  1.94546774e-01 -5.07820070e-01 -1.01050131e-01
  -3.68162721e-01  4.88494843e-01]
 [ 1.26138493e-01 -2.76913822e-01 -3.56380105e-01  5.84528327e-01
   3.76736760e-01 -3.97269547e-01]
 [ 6.22905135e-01  2.28988722e-01 -3.99663001e-01  6.68861568e-01
   2.66793221e-01 -7.01438859e-02]
 [ 7.15897679e-02 -2.01247185e-01  3.03484410e-01 -7.72812128e-01
  -9.47084650e-02 -3.66292804e-01]
 [ 1.61212549e-01 -5.91617590e-03 -4.87617344e-01  5.61586499e-01
  -9.65590924e-02 -4.74520653e-01]
 [ 1.53240293e-01 -2.76298612e-01  5.53065203e-02 -7.26103961e-01
  -1.94364563e-01  3.52230608e-01]
 [-8.75554264e-01  4.35770929e-01  3.73875290e-01  2.85388303e+00
   2.12178096e-01  2.37682879e-01]]
Peso 2:
[ 0.8897117  -0.03192108 -0.16808563 -0.5531457   0.00266282  0.08087339]
Camada: saida
Peso 1:
[[ 0.63104314 -1.3360368 ]
 [-0.34322783  0.06929316]
 [-0.7109402  -0.1886229 ]
 [-2.7991838   1.5632771 ]
 [-0.02664651  0.09260983]
 [ 0.8321891   0.4734079 ]]
Peso 2:
[ 1.9607407 -1.9607371]



pesos modelo: 
Test loss: 3.9171, Test accuracy: 0.1519
Camada: meio
Peso 1:
[[-1.4472619e-01 -8.6234480e-02 -2.6906866e-01  1.4385194e-02
  -2.9142901e-01  8.6356789e-02]
 [ 2.8234497e-01  1.8201281e-01  1.8678581e-02 -4.5008922e-01
  -2.9758909e-01  2.8456578e-01]
 [-1.5722542e-01  2.3128912e-01  7.5152732e-02 -3.2667404e-01
  -4.6567187e-02 -1.8191089e-01]
 [-2.1006282e-01  1.5632637e-02 -4.4010332e-01  1.0507100e-01
   1.2951273e-01  2.1224668e-02]
 [ 5.3511459e-01  2.7560905e-01 -2.9409206e-01 -4.9442697e-01
   1.7582323e-01  3.3292049e-01]
 [ 4.0118507e-01  2.0799582e-01  2.0490992e-01 -4.4965261e-01
  -4.0731877e-01  3.2775402e-01]
 [-1.9639228e-02  7.0740491e-02 -5.9484255e-02 -3.6393818e-01
  -4.0090218e-02  1.1385265e-01]
 [ 2.0388156e-01  4.4655968e-02  1.2244113e-02  1.0166666e-03
   4.0577483e-01  3.1115869e-01]
 [ 5.7533268e-02  3.1455508e-01 -4.0995780e-01 -4.4695169e-01
  -3.3565906e-01 -2.6599517e-02]
 [ 1.9585040e-01  2.1120983e-01  8.5427612e-02 -2.2185332e-01
   1.7836808e-01  1.4467767e-01]
 [ 3.9736277e-01  3.0111483e-01 -3.3731300e-01  4.8078313e-02
  -4.1959408e-01  2.8236926e-01]
 [ 5.0647569e-01  2.6620197e-01  1.7478624e-01  9.6401654e-02
  -1.5339248e-01  3.4132940e-01]
 [ 2.5725955e-01  2.1042477e-01 -1.1954623e-01 -1.0764794e-01
  -2.9420132e-02  2.2272541e-01]
 [ 2.7718371e-01 -1.3967741e-02  1.7125019e-01 -1.9629535e-01
  -3.6513859e-01 -3.3286971e-01]
 [ 5.1572603e-01 -3.5218456e-01 -4.0121382e-01 -1.1471904e-01
   3.8481876e-01  1.1637831e-01]
 [-9.4907135e-02  1.1378748e+00 -2.8924022e-03  3.0278328e-01
   4.4069967e-01  2.4363954e-01]
 [ 6.5505707e-01 -3.5352865e-01  9.7720712e-02  3.8654554e-01
   4.8884293e-01  1.8040755e-01]
 [-2.1100374e-01  5.0327861e-01 -1.4343785e-01 -1.9304752e-01
   2.5497690e-01  7.4181747e-01]
 [ 1.5439031e+00 -1.5738797e+00 -3.5863465e-01 -5.4227397e-02
  -4.3738952e-01 -1.8800982e+00]]
Peso 2:
[-0.14669691  1.2736361  -0.27544045 -0.06474441  0.13830201  1.0652404 ]
Camada: saida
Peso 1:
[[-1.4513217   1.0507494 ]
 [ 1.2981006  -1.8282813 ]
 [-0.34661075  0.0637031 ]
 [-0.838765    0.22702263]
 [ 0.23242626 -0.365482  ]
 [ 2.2967968  -0.8259237 ]]
Peso 2:
[-0.42247045  0.42247245]



pesos modelo: 
Test loss: 3.7343, Test accuracy: 0.1907
Camada: meio
Peso 1:
[[-0.2871673   0.0843223  -0.13026088 -0.20099765 -0.30081362 -0.04268846]
 [ 0.44374624 -0.09720318  0.15799525  0.30977613 -0.24950661 -0.06695822]
 [ 0.24411239  0.00331954 -0.29666063  0.2457484  -0.07967399 -0.13987234]
 [ 0.53200644  0.28932014  0.36703095  0.13167769  0.12844536 -0.01941339]
 [-0.301748    0.18084179 -0.3730305   0.08331639  0.10585787 -0.05226594]
 [ 0.13844419  0.42435434  0.14509696 -0.10923241  0.134795   -0.14921972]
 [ 0.05131569  0.19024077 -0.34075233  0.3451266   0.34923804  0.13892767]
 [-0.08287949  0.38530058 -0.31611374  0.29983914  0.4949452  -0.06875478]
 [-0.20599453 -0.04223399 -0.36907968  0.2729935  -0.12905726 -0.17236778]
 [-0.37472716  0.2267018   0.23898187  0.32565922  0.4407371   0.11897613]
 [ 0.5052557  -0.05717651 -0.14658326  0.3082024  -0.24863684 -0.12514567]
 [ 0.12756142  0.10762553  0.20224796  0.31384742  0.11282466 -0.07388501]
 [-0.34185874  0.21822597  0.41101918 -0.1905972  -0.02097327  0.16340713]
 [ 0.16003428 -0.07354267 -0.4633871   0.14146934  0.8928974   0.2013803 ]
 [-0.12415265 -0.22813804 -0.35200334  0.01554242  0.6804214   0.5353833 ]
 [-0.2448026   1.0306942   0.15852258  0.03507897 -0.10608867  0.5481583 ]
 [-0.06117332  0.14678347 -0.47384953 -0.23911057  0.8170374  -0.12643872]
 [-0.41118652  1.0872833   0.091913    0.34802818 -0.05146832 -0.01946661]
 [ 0.5869534  -1.8268757   0.13286339 -1.5959978   1.4728265  -0.49864507]]
Peso 2:
[ 0.07677382  1.2929178  -0.08322455  0.6853716  -0.23084982  0.3254767 ]
Camada: saida
Peso 1:
[[ 0.13479601  0.84528196]
 [ 1.622754   -1.8553576 ]
 [-0.74374187 -0.50970805]
 [ 0.7196832  -1.6014525 ]
 [-1.4923762   1.0732621 ]
 [ 0.38398287 -0.68771535]]
Peso 2:
[ 0.0458592 -0.0458568]



pesos modelo: 
Test loss: 4.0703, Test accuracy: 0.1799
Camada: meio
Peso 1:
[[-4.03934211e-01  1.83716118e-02  2.75761217e-01 -2.98784673e-01
   1.01853877e-01 -4.40003216e-01]
 [-2.88787019e-02 -2.71271199e-01 -6.73740730e-02 -8.46604705e-02
   1.23720869e-01  2.27142692e-01]
 [ 2.42647842e-01 -1.41005084e-01 -2.41783381e-01 -1.90959305e-01
   3.01044434e-01 -3.39059502e-01]
 [ 1.73778713e-01 -4.57362533e-02 -1.90184802e-01 -1.41585827e-01
   2.83962250e-01  1.07591510e-01]
 [-4.91787270e-02 -3.76704901e-01 -3.74065042e-01  3.77623558e-01
   8.55188966e-02 -2.28500977e-01]
 [-1.67692511e-03  2.41593614e-01  3.31665695e-01  2.49793977e-01
   1.86605498e-01 -3.34427580e-02]
 [-5.06382361e-02  3.92549723e-01  1.63567379e-01 -4.34247673e-01
   1.43839598e-01  3.63053568e-02]
 [-4.85028111e-04  2.13632554e-01 -4.54418391e-01 -8.63675550e-02
   2.00962991e-01 -1.44775391e-01]
 [-1.42436866e-02  4.50006008e-01  2.89226890e-01  1.06617175e-01
   2.00762466e-01  3.47436428e-01]
 [ 1.31967515e-01  5.65819629e-03  3.16323578e-01  1.99768052e-01
   2.77807921e-01  2.82926261e-01]
 [ 2.97027588e-01  2.64960378e-01 -1.80201948e-01  1.89163983e-01
   4.44509566e-01  2.07526207e-01]
 [ 2.49524996e-01 -2.29517221e-01  3.75317991e-01  2.80823149e-02
   3.37831885e-01  6.60881847e-02]
 [ 2.64634460e-01  2.75299549e-01 -3.60393003e-02  2.38376155e-01
   4.07777280e-01  1.84771027e-02]
 [ 3.89433503e-01 -2.61542406e-02  1.19081475e-01  2.54098415e-01
  -1.84761837e-01 -4.18938637e-01]
 [ 4.32391018e-01  5.18958449e-01 -5.02789974e-01  1.52586475e-01
  -1.54367322e-02  1.82285532e-01]
 [-3.38192940e-01  2.36064345e-01  6.37967214e-02 -1.06116436e-01
   9.53421950e-01  9.04252231e-02]
 [ 5.22560298e-01  2.97678530e-01  2.56252348e-01  2.74507016e-01
  -8.92312750e-02 -4.10199285e-01]
 [-6.40141547e-01  3.22429370e-03 -3.23270708e-01 -3.74833085e-02
   6.27397180e-01 -7.85002336e-02]
 [ 2.05210471e+00  1.57637939e-01  1.86185822e-01  7.19021186e-02
  -2.12091613e+00 -1.49809748e-01]]
Peso 2:
[-0.461645   -0.07677282 -0.00210834 -0.02896626  1.2494346  -0.0382394 ]
Camada: saida
Peso 1:
[[-2.3359647   0.78192246]
 [ 0.4287853   0.8194978 ]
 [-0.74828655 -0.8156619 ]
 [-0.04513413  0.07985997]
 [ 1.7246978  -2.111239  ]
 [-0.43475595 -0.5301326 ]]
Peso 2:
[ 0.34477946 -0.3447772 ]



pesos modelo: 
Test loss: 3.9363, Test accuracy: 0.2289
Camada: meio
Peso 1:
[[ 0.47385374 -0.10107109 -0.3897366   0.24262056 -0.11786869  0.30399874]
 [-0.3673338  -0.00864219  0.15107298 -0.36927426  0.12586679  0.26472986]
 [-0.42737302 -0.2760209   0.3434374  -0.30240294  0.34924722  0.36263603]
 [ 0.42928433  0.52285993  0.31995055 -0.06370338  0.12555629  0.28578904]
 [ 0.19493714 -0.06713931  0.47787392 -0.33538717  0.07022682  0.4663107 ]
 [ 0.19448684  0.53499377  0.23624562 -0.32161948  0.22445503  0.20612668]
 [ 0.48026    -0.16695698  0.3666939  -0.47351468 -0.27892613  0.41322863]
 [-0.44064313 -0.34473085 -0.08969241  0.16298266 -0.10508379  0.17244898]
 [ 0.2553508  -0.3223861   0.02561688 -0.2605388   0.01953016  0.2349145 ]
 [ 0.10209892 -0.19515269  0.08142979  0.22893795 -0.2011713   0.26988098]
 [-0.147241   -0.02862691 -0.12330933 -0.2616711  -0.04507491  0.09860282]
 [ 0.0414014   0.27518874  0.19401258  0.3507384   0.23375385  0.23169099]
 [-0.4149353   0.01740883  0.29074147  0.3446734  -0.10479508  0.3636028 ]
 [-0.41087532  0.44988504  0.3885594  -0.01858623 -0.56823546 -0.24960457]
 [ 0.27329507  0.04866185  0.9191021  -0.39941615  0.23466717  0.11475967]
 [-0.3185469   0.4952237  -0.03120663  0.34161657  0.36006957  1.0662494 ]
 [ 0.0751823  -0.43201897  0.3399855  -0.22984537 -0.2043566  -0.22732295]
 [ 0.19173582  0.6251995  -0.80904764 -0.04895994 -0.37977746  0.6543425 ]
 [-0.31347016 -0.2771357   1.6606411   0.42248523  0.08176897 -2.3893363 ]]
Peso 2:
[ 0.01791568  0.2798904  -0.2665638  -0.05781374  0.04622871  1.3512871 ]
Camada: saida
Peso 1:
[[ 0.13129154 -0.13363   ]
 [-0.29710537 -1.1754053 ]
 [-1.6074208   1.1005116 ]
 [-0.25609487  0.4557483 ]
 [ 0.0596843  -0.6113143 ]
 [ 1.5132724  -2.5933843 ]]
Peso 2:
[ 0.10222677 -0.10222676]



pesos modelo: 
Test loss: 3.8935, Test accuracy: 0.2212
Camada: meio
Peso 1:
[[ 3.33740681e-01  3.61148208e-01 -3.56546730e-01  3.24599296e-01
   9.31055248e-02 -1.64781243e-01]
 [ 1.25019014e-01  1.43801808e-01 -1.28506273e-01 -1.21635057e-01
  -3.03194225e-01  1.86634308e-03]
 [-1.64531246e-01  6.87049568e-01  2.89015863e-02 -4.03936833e-01
  -1.52206317e-01  4.17905271e-01]
 [ 1.56776253e-02  3.10348291e-02  7.16616362e-02  6.04962766e-01
  -3.12125951e-01  5.84398061e-02]
 [ 6.80866539e-02  4.41210896e-01 -1.62281748e-02 -1.20177045e-01
   1.01664305e-01  3.32056344e-01]
 [ 1.29584551e-01  6.50711775e-01  8.87792036e-02  2.08641782e-01
  -7.10962191e-02 -2.40438640e-01]
 [ 2.24916041e-01  4.66949679e-02  9.14693158e-03  4.75064397e-01
   3.61194730e-01  3.09085369e-01]
 [ 1.14174217e-01 -1.18100740e-01 -2.17021957e-01 -1.96014151e-01
   8.00012276e-02 -4.84339774e-01]
 [-2.73106873e-01  5.20006657e-01  1.46592051e-01  3.06241333e-01
   3.32899004e-01 -3.03754210e-01]
 [-1.56085089e-01 -1.57246917e-01 -3.82385589e-02  2.68255681e-01
  -1.88694507e-01 -4.59693938e-01]
 [-3.16837996e-01  1.06545091e-01  6.27439097e-02  3.11229557e-01
  -1.52867690e-01  4.44188416e-02]
 [ 2.02904835e-01 -9.49431062e-02 -7.96543583e-02  2.41258562e-01
   1.86871588e-01  2.90369481e-01]
 [-2.96493322e-01 -5.97341768e-02 -1.63694710e-01 -3.05719376e-01
  -3.02882314e-01  3.21049958e-01]
 [ 2.60564536e-01  1.60790682e-01  5.63023150e-01  3.15279454e-01
  -1.29586354e-01  4.67751652e-01]
 [ 2.79240042e-01 -2.16534808e-01  5.24657965e-01  4.69003797e-01
  -3.63676459e-01  9.22489911e-03]
 [-3.48711938e-01  3.14389646e-01 -7.63294697e-01 -7.76319280e-02
  -3.79797012e-01 -2.09811218e-02]
 [-8.05397704e-02  4.51073617e-01  6.15620494e-01 -8.56566429e-02
  -4.72956836e-01  3.54793906e-01]
 [-8.72333050e-02  7.61705339e-01 -8.03780138e-01  1.20505221e-01
  -3.24935406e-01 -2.59239018e-01]
 [ 6.86430216e-01  1.52308628e-01  2.88893008e+00 -5.01171768e-01
   8.59414563e-02  4.95167047e-01]]
Peso 2:
[-0.1631766   0.6016891  -0.5217499   0.42789173 -0.13955736 -0.07632698]
Camada: saida
Peso 1:
[[-0.77966595  0.8022561 ]
 [-0.1052677  -1.4677695 ]
 [-1.9926027   2.4684713 ]
 [ 0.79806453 -0.68727404]
 [ 0.013263    0.7546149 ]
 [ 0.40730295  0.33178225]]
Peso 2:
[ 2.144292  -2.1442897]



pesos modelo: 
Test loss: 3.4158, Test accuracy: 0.2120
Camada: meio
Peso 1:
[[ 3.18415016e-01  3.65406662e-01 -3.19915652e-01  1.12414569e-01
   9.75978076e-02  4.56294328e-01]
 [ 2.25953266e-01 -4.82788831e-01 -4.21335071e-01 -4.54288214e-01
   4.33866158e-02 -3.70028675e-01]
 [-8.56782869e-02 -1.38964625e-02 -9.64492857e-02  5.03724098e-01
  -1.33749887e-01 -1.53225392e-01]
 [ 4.54954326e-01  3.23567450e-01 -2.81553596e-01 -6.12263493e-02
   1.61705434e-01 -1.00929633e-01]
 [ 3.02772999e-01  1.74300075e-01 -1.98976323e-01 -2.54659504e-02
   3.38705536e-03  2.99114525e-01]
 [ 1.51328877e-01 -1.93487899e-03 -4.63512629e-01 -4.23815787e-01
  -9.32699256e-03 -2.50197023e-01]
 [ 2.42747575e-01  1.96852952e-01  2.75307536e-01 -3.81079793e-01
  -4.79465984e-02  3.36083442e-01]
 [ 7.40719810e-02  4.14331675e-01 -1.33549213e-01 -4.48153466e-01
  -1.43278450e-01  2.84160197e-01]
 [ 5.81994414e-01 -2.42359743e-01 -5.05492806e-01  9.71851796e-02
   2.09968358e-01 -4.54576313e-02]
 [ 4.61053312e-01 -4.92262661e-01 -2.54847616e-01 -3.55859488e-01
   8.86591747e-02  2.01588452e-01]
 [ 4.45060767e-02  1.99441090e-01 -1.89422891e-02 -1.26291513e-01
  -9.20851007e-02 -2.58843124e-01]
 [ 6.04172647e-01 -2.35422894e-01 -8.85990188e-02 -3.79189581e-01
   2.56343335e-01 -1.27565101e-01]
 [ 8.94148927e-03 -1.36543095e-01 -7.31450021e-02 -2.43529961e-01
  -2.08621860e-01  2.92611897e-01]
 [ 2.32185408e-01  2.65178561e-01  3.80524933e-01  1.71878397e-01
   6.91109598e-01 -9.01964083e-02]
 [ 5.12731634e-02  3.40737402e-01 -3.54773998e-01  4.71773833e-01
   5.51138818e-01  1.04531430e-01]
 [ 8.35571706e-01 -2.98538674e-02  3.69903952e-01 -2.63320565e-01
  -7.11123407e-01 -4.34708118e-01]
 [-1.44997165e-02  5.67329414e-02 -3.20534110e-01  8.71707723e-02
   5.38686991e-01  2.41298065e-01]
 [ 7.59226084e-01  8.50145295e-02  3.38232905e-01 -2.23576665e-01
  -7.40055263e-01  1.46963065e-02]
 [-9.27946568e-01  1.36388168e-01  3.02838206e-01 -3.39712530e-01
   2.68606877e+00  7.55623341e-01]]
Peso 2:
[ 1.0965497   0.02760682 -0.0786123   0.02471878 -0.6360596  -0.00566275]
Camada: saida
Peso 1:
[[ 0.71472615 -1.913627  ]
 [ 0.5298725   0.37159094]
 [ 0.14607506  0.7276965 ]
 [ 0.8398053   0.6413751 ]
 [-1.7640628   2.36515   ]
 [-0.80386096  0.06652721]]
Peso 2:
[ 1.0591198 -1.0591226]



pesos modelo: 
Test loss: 3.6583, Test accuracy: 0.1889
Camada: meio
Peso 1:
[[ 1.52105302e-01  1.90490752e-01  1.61426395e-01 -1.63646042e-02
  -4.56809342e-01 -2.39720255e-01]
 [-7.20615909e-02  1.86212391e-01 -1.15714476e-01 -2.87959129e-01
   2.06886694e-01 -1.11434512e-01]
 [-2.23176211e-01  3.26546848e-01  1.97995961e-01  1.26946509e-01
  -9.85121056e-02 -4.14254367e-01]
 [-2.78612256e-01 -1.45775946e-02 -1.47949472e-01  1.35654166e-01
  -1.70051858e-01 -5.83229819e-04]
 [ 3.40303332e-01  5.97845197e-01  2.73390174e-01 -2.24309713e-02
   3.41676801e-01 -2.55022705e-01]
 [-2.05641538e-01  1.75087795e-01  5.67507409e-02  8.84845108e-02
  -1.35027006e-01 -3.17336351e-01]
 [ 5.08397341e-01  5.73161006e-01  2.58432746e-01 -2.85224229e-01
   3.71299595e-01 -2.70343930e-01]
 [ 3.89966398e-01  2.64670491e-01  1.13936312e-01  1.45436361e-01
   2.80116070e-02 -2.07311839e-01]
 [-1.09545253e-01  5.18514335e-01  1.53120100e-01 -3.61782610e-01
   3.02338153e-01 -1.40733719e-01]
 [ 2.60774821e-01  9.18789580e-02 -3.27797187e-03  2.23596245e-01
  -1.53379783e-01  1.02197612e-03]
 [ 4.06329840e-01  8.90148506e-02 -1.72061294e-01 -2.11884186e-01
   2.11309060e-01 -6.10157326e-02]
 [ 3.39804322e-01  4.09991115e-01  7.83163756e-02 -8.78193080e-02
   3.60965610e-01 -3.46883863e-01]
 [ 3.15399289e-01  2.83663720e-01 -6.73729703e-02 -3.71892512e-01
   3.55506569e-01  3.33284736e-01]
 [-2.67525256e-01  5.00458926e-02  7.66193569e-01 -4.71203983e-01
  -5.40096983e-02 -1.26455158e-01]
 [-7.23416582e-02 -2.27024868e-01  3.10157657e-01  2.03065008e-01
   2.32499987e-01 -4.84036654e-01]
 [ 2.56853163e-01  5.03949583e-01 -4.48499113e-01  1.57801792e-01
  -7.06876218e-01 -1.81411743e-01]
 [-4.23371226e-01  2.63232887e-01  7.37554193e-01 -2.61299342e-01
   3.92840028e-01 -4.47220325e-01]
 [-2.75636256e-01  4.44787562e-01 -8.17981303e-01  2.43495088e-02
  -2.21796855e-01  1.91506341e-01]
 [-6.81092888e-02 -1.77124846e+00  1.83763766e+00 -3.01041245e-01
   1.41512430e+00  3.93703729e-01]]
Peso 2:
[ 0.1136571   1.1038663  -0.68070334 -0.02078757 -0.33530152 -0.01171747]
Camada: saida
Peso 1:
[[ 0.97995543  0.49534318]
 [ 2.193019   -1.0050702 ]
 [-1.3344598   1.8284603 ]
 [-0.4654607  -0.4040896 ]
 [-0.8400554   1.0221246 ]
 [ 0.14762768  0.741045  ]]
Peso 2:
[ 0.7716189  -0.77161556]



pesos modelo: 
Test loss: 3.3763, Test accuracy: 0.1820
Camada: meio
Peso 1:
[[ 0.4207985   0.2004058  -0.20159134 -0.0353111  -0.2419452  -0.36669028]
 [ 0.06218098  0.35450605  0.02349805  0.0439754  -0.27129412 -0.33633623]
 [ 0.26568848  0.21931763 -0.41951305  0.31145787 -0.34012195 -0.13327919]
 [ 0.10258501 -0.09071147  0.18890783  0.5184642  -0.24762562  0.03525759]
 [ 0.4776609   0.33835423 -0.46390077  0.3867479   0.24910212  0.09468474]
 [ 0.0383737   0.14719461 -0.38187778  0.09633462  0.00343316 -0.10247264]
 [ 0.16438425  0.00439477  0.13541892  0.38640043  0.14041537 -0.08138793]
 [-0.05303659  0.13706358 -0.35576004 -0.07437044  0.48391482  0.3375008 ]
 [ 0.33049667  0.17731453  0.11209568  0.37595204  0.35946116  0.3247498 ]
 [ 0.01631982 -0.0479403   0.10437728  0.34135526  0.04422195 -0.43231457]
 [ 0.36742952  0.5196523  -0.40299675  0.17790666 -0.11650651 -0.02030768]
 [ 0.24304384  0.24692881 -0.2990596   0.12434167  0.5218238  -0.15729134]
 [ 0.03094992  0.43026373 -0.25294092 -0.07090978 -0.3930021  -0.05349333]
 [ 0.75943494  0.43876395  0.34413594 -0.32287112 -0.03058293 -0.5147192 ]
 [ 0.11532567 -0.533867    0.13592918 -0.09443875  0.21367554 -0.07373817]
 [-0.85390425  0.8803106  -0.26166126  0.0969773  -0.22839001  0.354135  ]
 [ 0.53189915 -0.47146106 -0.02297153  0.26431468  0.08363226  0.2360027 ]
 [-0.42267197  0.68770385 -0.02910519  0.73950565  0.6227342   0.22731811]
 [ 1.925033   -1.2192595   0.29151917 -1.6961178  -0.57059604  0.22521682]]
Peso 2:
[-0.49281287  0.8783519  -0.04687532  0.9148921   0.2089274   0.03036572]
Camada: saida
Peso 1:
[[-1.5469538   1.6373427 ]
 [ 1.1597475  -1.4913908 ]
 [-0.37107491  0.6994812 ]
 [ 0.60411876 -2.144839  ]
 [ 0.3953997  -0.45060718]
 [-0.07859325 -0.32207775]]
Peso 2:
[ 0.2709462  -0.27094564]



pesos modelo: 
Test loss: 3.4691, Test accuracy: 0.1945
Camada: meio
Peso 1:
[[-0.45845294  0.02133194  0.47240296 -0.2502655   0.03531435  0.04158553]
 [ 0.25555208  0.04856623  0.12562642 -0.19159386 -0.08652408  0.11314742]
 [ 0.36949956  0.37098    -0.29362583  0.3576087   0.27853546  0.34966585]
 [-0.29114848  0.2530414   0.15092453  0.3084842  -0.14345104  0.4144484 ]
 [-0.06417219 -0.10459299 -0.09053501  0.41286415 -0.17607582  0.18753465]
 [ 0.33045468  0.04078052 -0.00358429  0.42151412  0.09778652  0.1923989 ]
 [ 0.3662092   0.36357483  0.33650556  0.37953705 -0.0862129   0.39182213]
 [ 0.41609016  0.37043694  0.43567362  0.10847307 -0.2739835   0.35779315]
 [ 0.28315192 -0.05577084  0.08701839 -0.02865113 -0.3999888   0.10169177]
 [-0.29300734 -0.23460327 -0.30939674 -0.17772526 -0.04998194  0.04100543]
 [-0.1990721   0.12307101 -0.32691306  0.25584432  0.31441048  0.31719747]
 [ 0.05715568  0.25656697 -0.07535639 -0.15092517  0.43419033  0.24298501]
 [ 0.45524386  0.12712868  0.22095701  0.39614236 -0.06446438  0.236662  ]
 [ 0.02897516  0.5478337  -0.10281038 -0.04236202  0.16329844 -0.20202942]
 [-0.09292921  0.48185295 -0.4596021  -0.28136688 -0.34953848 -0.21599872]
 [ 0.3285365  -0.5095231   0.12376297  0.25486088 -0.29208633  0.90121484]
 [-0.10618726  0.8960205   0.3512695   0.26462823 -0.20790832  0.10783032]
 [-0.16221169 -0.6139852   0.26575166  0.31306285  0.2257736   0.89322114]
 [-0.53584415  1.4715109   0.176537    0.8469195   0.15504685 -2.2399092 ]]
Peso 2:
[ 0.10828423 -0.3579339  -0.00415844 -0.06684778  0.05012375  1.4088551 ]
Camada: saida
Peso 1:
[[ 0.71842396 -0.06155308]
 [-1.0447155   1.6045511 ]
 [ 0.3299588   0.22786365]
 [-0.5086025   0.37617794]
 [ 0.37543577 -0.34348214]
 [ 2.357355   -1.7791383 ]]
Peso 2:
[ 0.17023638 -0.17023614]



pesos modelo: 
Test loss: 4.3126, Test accuracy: 0.1494
Camada: meio
Peso 1:
[[ 0.06486073 -0.08956915 -0.02091715 -0.37462878  0.32641223 -0.44473273]
 [-0.27274966 -0.15869161 -0.14932238  0.3956039  -0.28038442 -0.09645018]
 [ 0.28580984  0.37669197 -0.4234982   0.18242393  0.12310765  0.06460167]
 [ 0.05838675 -0.3553741   0.46908846  0.28411117 -0.1207835  -0.03784114]
 [-0.14775369 -0.32097068 -0.47253767  0.0433485   0.07655506 -0.136862  ]
 [-0.30669513  0.33016276 -0.06088084 -0.14704634  0.6372493   0.1321675 ]
 [ 0.18956266 -0.43245846 -0.07331569  0.5988244  -0.2100934   0.05842658]
 [-0.07995243 -0.35605997  0.06583282  0.22095123  0.62221324  0.2789927 ]
 [ 0.2439425  -0.3469294   0.3833136  -0.11639253  0.36400685 -0.02931004]
 [-0.45476446  0.44064888 -0.4344828   0.38179445  0.31388193  0.22785778]
 [ 0.13722771  0.0801387  -0.46997574  0.6059582  -0.05504451  0.13892181]
 [-0.46794942 -0.1550721   0.39240402  0.30233258 -0.0330219   0.02375282]
 [-0.1990062   0.14776768  0.11657675  0.17531098  0.12713881  0.03936762]
 [-0.31371045 -0.06727576  0.08503525  0.32313776 -0.0111167   0.6517049 ]
 [ 0.15308015  0.1374987   0.49207428 -0.40017527  0.48968992  0.4568294 ]
 [-0.30335486  0.4752667  -0.12237942  0.6296157  -0.13878207 -0.67749995]
 [-0.42062205  0.0406004  -0.22399163 -0.05784553 -0.12374192  0.35053077]
 [-0.06670956 -0.13212287  0.03817986  0.26631147  0.43480736 -0.7245057 ]
 [ 0.300192    0.1820575  -0.28079224 -1.1441354  -1.1235487   2.456556  ]]
Peso 2:
[ 0.00814121  0.05364149  0.11664135  0.7486662   0.78959304 -0.44400474]
Camada: saida
Peso 1:
[[-0.3565054  -0.50418204]
 [ 0.42815635 -0.15322171]
 [ 0.6261378   0.0578546 ]
 [ 1.5252341  -0.83256626]
 [ 1.3613659  -0.8070562 ]
 [-1.9268693   2.0159159 ]]
Peso 2:
[ 0.6037004 -0.6036978]



pesos modelo: 
Test loss: 3.3614, Test accuracy: 0.2381
Camada: meio
Peso 1:
[[-0.45882788 -0.45440534 -0.0777663  -0.44420093 -0.25836962 -0.15465742]
 [-0.05121738  0.5108996   0.38793617  0.49023077  0.05159925  0.37257388]
 [ 0.22833969  0.47136337  0.31596404 -0.4100296  -0.30960324  0.16935626]
 [-0.27224526  0.3153536   0.08637998  0.27987948  0.10127313 -0.18963118]
 [ 0.348386    0.5145215   0.3650022   0.07214273 -0.2705548   0.24130796]
 [-0.1524021   0.17042251  0.1981581  -0.13788693 -0.02647676  0.06143931]
 [-0.13620965  0.38808337  0.293523   -0.30554494 -0.3741096   0.08294313]
 [-0.43051016  0.26454327  0.28368464  0.10310527  0.35122353  0.24995606]
 [-0.4527196  -0.13034844  0.25294837 -0.3690516  -0.05320213  0.2830387 ]
 [-0.44525024 -0.3669817   0.14885789 -0.10182714  0.17032087  0.2327847 ]
 [ 0.2368768  -0.2785149   0.2472736  -0.2671764  -0.21242265  0.30046794]
 [ 0.33918315  0.09620134  0.09584253 -0.4458477   0.10496379 -0.13872041]
 [ 0.15257585  0.53279185  0.18583144 -0.35948193 -0.13405275 -0.1869358 ]
 [-0.20447001 -0.09628242 -0.13626163 -0.30264336  0.28796527  0.74884725]
 [-0.5061229   0.05850623  0.00649342  0.4690122  -0.36605978  0.81313205]
 [-0.07598802 -0.4796099   1.0482932  -0.17787726  0.36184254 -0.30355832]
 [-0.39005518  0.1040953  -0.3782767   0.41121677  0.28734353  0.2924111 ]
 [-0.38225812  0.15806031  0.9940913  -0.42826575 -0.42685804 -0.51289964]
 [-0.05205067  0.8742551  -2.2979162  -0.4937686  -0.241284    1.1114136 ]]
Peso 2:
[-0.13007194  0.00885695  1.6239924   0.07429162  0.10875879 -0.07887414]
Camada: saida
Peso 1:
[[-0.18375155  0.76659125]
 [ 0.14207299  1.2678498 ]
 [ 2.1680808  -2.4128246 ]
 [ 0.44289735 -0.52331483]
 [ 0.9072126  -0.30789667]
 [-0.9486193   1.2391782 ]]
Peso 2:
[-0.20723186  0.20723191]



pesos modelo: 
Test loss: 3.4893, Test accuracy: 0.1521
Camada: meio
Peso 1:
[[-0.1351288  -0.08725297  0.11325577 -0.48805705  0.33224598  0.37741914]
 [ 0.01188002  0.01974854 -0.00473534  0.21239075  0.34257385  0.09860197]
 [-0.06487514  0.37219694 -0.11285321  0.58769387 -0.46325764 -0.37244013]
 [-0.14529902  0.23863529  0.04791105  0.44300002 -0.32015333 -0.32273096]
 [-0.16616069  0.37461635  0.3662786   0.46384692 -0.3639483  -0.02851013]
 [-0.429294   -0.10512051  0.17922713  0.00454659 -0.31766945 -0.33061713]
 [-0.24920523 -0.15481858 -0.19720645  0.07910215  0.28805786  0.27832144]
 [-0.45619076 -0.08257146  0.02076847  0.11080793 -0.01591497 -0.45411456]
 [-0.00464155 -0.25594926 -0.16726118 -0.02591694  0.0298553  -0.39576334]
 [-0.39958888 -0.24644607 -0.09658099 -0.043579   -0.23926254 -0.2609421 ]
 [-0.46372068 -0.13871409 -0.16395542  0.1033885  -0.455691    0.37171748]
 [-0.42176187  0.04881898  0.13487822  0.18120489 -0.08340672 -0.1747773 ]
 [-0.20856388  0.08539143 -0.06658857  0.3263463   0.2608745   0.10756434]
 [ 0.11473275  0.5856846   0.7384865  -0.28488472 -0.374248   -0.09569369]
 [-0.2324637   0.6468062  -0.13560456  0.10613114 -0.4864974  -0.01284268]
 [-0.14480644 -0.30144835  0.41998035  0.98345596 -0.31403995  0.34874716]
 [-0.05083874  0.7183009  -0.07173309  0.14600492 -0.40479115 -0.38875037]
 [-0.48275253 -0.4419843   0.49956128  0.77691114 -0.21595609  0.12366018]
 [ 0.4116128   2.2827084  -0.64554924 -1.6531698  -0.20260683 -0.45184505]]
Peso 2:
[-0.01664508 -0.51462775  0.4738501   1.1867622  -0.03639163 -0.06832455]
Camada: saida
Peso 1:
[[ 0.47942346 -0.29553294]
 [-2.4218874   1.1206175 ]
 [-0.17068467 -1.4602025 ]
 [ 1.1527953  -2.0849087 ]
 [-0.32563043  0.7840098 ]
 [ 0.3085747   0.36347318]]
Peso 2:
[ 0.5522268 -0.552227 ]



pesos modelo: 
Test loss: 3.3910, Test accuracy: 0.1879
Camada: meio
Peso 1:
[[-0.4669258  -0.14211151  0.09872118 -0.27211344 -0.07583931  0.1663709 ]
 [ 0.45966566  0.32062912 -0.01130575  0.38814735 -0.07679312 -0.27817547]
 [-0.2069413   0.08792113  0.16509303  0.0908863   0.23815688 -0.01810032]
 [ 0.45731446 -0.06034418 -0.18332149 -0.0776139   0.25464544 -0.23749958]
 [-0.4325993   0.29970187  0.22540438  0.35636923 -0.03616392 -0.00702966]
 [ 0.19459566  0.13374032  0.12314055 -0.12131719  0.42320105  0.18806721]
 [-0.268485    0.32107377  0.17649688 -0.4202661   0.25995538 -0.16820104]
 [-0.09686683 -0.27778876  0.02052874  0.46466208  0.39079297 -0.25306812]
 [ 0.026026   -0.05900763 -0.0472418   0.39811257  0.10869427  0.03928604]
 [ 0.14547658  0.25677022  0.01023545 -0.14558905  0.12215829 -0.3989687 ]
 [ 0.05999965 -0.17661816 -0.17214474 -0.0660454   0.2575997  -0.02459037]
 [ 0.05027885  0.47385997  0.01024725 -0.03220392 -0.21852207  0.44056493]
 [-0.12198561  0.45813993  0.3591813   0.11497261  0.23294656  0.38288513]
 [ 0.28386515 -0.39064053  0.5792884   0.43128338  0.30898264 -0.07788812]
 [ 0.28464237  0.16799177  0.3983224  -0.45453668 -0.11095844 -0.33191365]
 [-0.11718305  0.86425716 -0.422544   -0.29228702  0.6691126  -0.13257375]
 [ 0.43616235  0.05933164  0.565478    0.22950794 -0.06725387 -0.3804495 ]
 [-0.2597852   0.8557766  -0.6907339   0.54042894  0.05216661 -0.34626958]
 [ 0.65347177 -0.9569675   2.1340253  -0.67571735 -1.3236527  -0.34963802]]
Peso 2:
[-0.13303898  0.86642224 -0.5986501   0.2839934   0.7186089  -0.04962286]
Camada: saida
Peso 1:
[[ 0.26302785  1.1893135 ]
 [ 1.2613126  -1.2245482 ]
 [-1.7893016   1.7587765 ]
 [ 0.5398654  -0.5859456 ]
 [ 0.79968554 -1.5140467 ]
 [-0.54097885 -0.25724643]]
Peso 2:
[ 0.44765416 -0.44765294]



pesos modelo: 
Test loss: 3.6678, Test accuracy: 0.2057
Camada: meio
Peso 1:
[[-8.83048773e-02  2.79262453e-01  4.33265775e-01  2.27913111e-01
   6.08998239e-02  2.61547536e-01]
 [ 1.17029049e-01  1.90316737e-01  3.47390383e-01  1.71566352e-01
   2.79275239e-01  1.26637086e-01]
 [-5.94447143e-02 -2.14952990e-01 -5.28500080e-02 -1.14529215e-01
   2.31577635e-01 -3.37954760e-01]
 [ 1.37207374e-01 -8.81530941e-02 -2.22071081e-01  1.81903839e-01
   3.30452949e-01 -1.90274596e-01]
 [ 1.34309724e-01  1.32523999e-01 -1.43758431e-01  3.11992675e-01
   1.57665625e-01  3.18828113e-02]
 [ 1.35615140e-01 -1.80370077e-01 -1.27294242e-01  3.00000310e-01
   2.44475141e-01 -4.09070606e-04]
 [ 2.23029852e-01 -6.29075393e-02 -4.52287972e-01  9.27214101e-02
   5.14473736e-01 -3.53943616e-01]
 [-1.15055978e-01 -2.23686337e-01 -4.39384967e-01  2.64831632e-02
   1.28052309e-01  8.33890289e-02]
 [-8.39063376e-02  3.23753625e-01 -2.71222964e-02 -2.13922828e-01
   2.39087373e-01 -4.50425088e-01]
 [ 2.38106214e-03  2.56163716e-01 -2.79941410e-01  1.44929394e-01
   1.21823959e-01 -2.42098887e-02]
 [ 4.15875539e-02  7.47834742e-02  2.20013604e-01 -1.05217569e-01
   4.17015433e-01 -2.23631322e-01]
 [ 8.44529122e-02  1.78356096e-01 -2.05293864e-01  1.41068310e-01
   2.40315080e-01 -4.51535016e-01]
 [ 1.81830436e-01  3.74757409e-01 -1.79398730e-01  3.01667303e-02
   4.29658026e-01 -2.12139070e-01]
 [ 5.15076160e-01 -4.54499096e-01  1.82499841e-01  2.78474540e-01
  -2.91425914e-01 -1.69863805e-01]
 [ 3.17691505e-01 -1.34430557e-01 -5.75747387e-03 -2.99102306e-01
  -7.83425849e-03  4.22835231e-01]
 [-8.99730444e-01  2.12404296e-01  2.95219153e-01  3.79400581e-01
   3.75154793e-01  4.58733086e-03]
 [ 5.36190510e-01  4.26962018e-01 -3.11437339e-01  2.11810946e-01
  -3.88933510e-01 -9.82308388e-03]
 [-4.44207340e-01  4.55153808e-02 -2.51161963e-01  1.01535046e+00
   3.56083512e-01  4.10530090e-01]
 [ 2.49076128e+00 -2.34852284e-01 -4.57138836e-01 -8.67893279e-01
  -1.26288402e+00 -2.42712706e-01]]
Peso 2:
[-0.62904835  0.1495213  -0.08222823  0.68648785  0.9212584  -0.07675102]
Camada: saida
Peso 1:
[[-1.4840256   2.2507155 ]
 [-0.4819755  -1.1153497 ]
 [ 0.07196948  0.40119463]
 [ 0.63801855 -1.4119923 ]
 [ 1.424363   -1.043096  ]
 [ 0.18851517  0.37634605]]
Peso 2:
[ 0.5599348 -0.5599342]



pesos modelo: 
Test loss: 3.6922, Test accuracy: 0.1673
Camada: meio
Peso 1:
[[-0.45657188  0.30667153  0.48984107  0.37229356 -0.25902885 -0.06763712]
 [-0.00634627  0.41176724  0.38066614  0.20068304  0.02404267 -0.2438955 ]
 [ 0.17856692  0.3598331   0.15778892  0.09185966  0.20805566 -0.46889532]
 [ 0.06069592  0.06805389  0.36828464  0.21381111 -0.26165935 -0.438622  ]
 [ 0.15399498  0.36843675  0.15105124 -0.02505139  0.14920256  0.1009212 ]
 [-0.34148526  0.38497326  0.15335287 -0.02354621 -0.08022537 -0.38581914]
 [-0.1951484   0.2750971   0.22093274  0.04888324  0.24166432 -0.35913   ]
 [-0.10456874  0.30371544  0.39159274  0.14311601  0.33322525  0.4324282 ]
 [-0.07972895 -0.21293543  0.2625874   0.06668022  0.24148235  0.24067865]
 [ 0.25449428  0.43571654  0.28754398  0.09323366 -0.03321223 -0.02034589]
 [ 0.24007662  0.36023265  0.21923627  0.01853131  0.2628816   0.32533678]
 [ 0.06898718 -0.14098975  0.17193636 -0.04024242 -0.30136     0.14649914]
 [ 0.4366201  -0.16675165  0.22028686  0.07137493  0.15186688  0.1079497 ]
 [-0.03068773 -0.39538133 -0.13321596  0.5344883   0.14179356  0.26678184]
 [ 0.02203374 -0.3708285   0.05149523  0.55377084 -0.36227083  0.332065  ]
 [-0.46018052 -0.05518881  0.41228712 -0.8471308   0.10148831 -0.2651739 ]
 [ 0.00583906  0.06415402  0.02095716  0.6494899  -0.41694376 -0.21351263]
 [ 0.0823978  -0.2203368   0.58109295 -0.74092156  0.18385826  0.02872252]
 [-0.05472818  0.14074619 -2.0049322   2.132895    0.22830272  0.40944567]]
Peso 2:
[ 0.0216149   0.00873797  1.1072664  -0.7074265   0.01999297 -0.04108196]
Camada: saida
Peso 1:
[[-0.094395   -0.31216952]
 [-0.04544822  0.01539483]
 [ 1.4217647  -1.9310874 ]
 [-2.0252151   1.4754874 ]
 [-0.15772395 -0.42584884]
 [ 0.26555136  0.7537008 ]]
Peso 2:
[ 0.67580515 -0.67580473]



pesos modelo: 
Test loss: 3.3200, Test accuracy: 0.1531
Camada: meio
Peso 1:
[[-1.31967336e-01  4.45737571e-01 -2.48576686e-01 -1.46381736e-01
  -1.32709146e-01  3.83050710e-01]
 [-3.87013495e-01 -7.28741242e-03  1.15771882e-01 -2.21366167e-01
  -2.13553846e-01 -8.86789896e-03]
 [ 4.64325339e-01  3.00058633e-01  3.49296451e-01  4.44142967e-01
   3.57395977e-01 -4.16964898e-03]
 [-3.39181274e-01 -1.88748404e-01  1.46899587e-02 -1.92647591e-01
  -1.47350252e-01 -1.79119542e-01]
 [ 3.59749049e-01  4.63592201e-01  4.05695111e-01 -2.19876677e-01
  -2.10665092e-01  3.82356137e-01]
 [-4.58499700e-01  2.72940665e-01  3.05359095e-01  3.20261270e-01
   5.92172369e-02  8.09834599e-02]
 [ 2.40106761e-01  4.42496985e-01  3.83458614e-01  2.71661639e-01
  -1.93251241e-02  3.91260237e-01]
 [-1.54566765e-01  3.01549613e-01  3.30780149e-01 -3.86904508e-01
  -2.80512482e-01 -5.13973273e-02]
 [-1.24082118e-01 -9.94951352e-02  2.48935625e-01  6.54269531e-02
   5.07096946e-01 -2.96462476e-01]
 [ 4.25922930e-01 -2.00651940e-02  1.25521377e-01 -1.80091560e-02
  -2.18815599e-02  2.44209886e-01]
 [-3.82698447e-01 -1.44520968e-01  5.96313737e-02  3.14510524e-01
   5.49693741e-02 -2.64311910e-01]
 [-1.09246194e-01 -1.16679557e-01  3.02794009e-01 -3.43572736e-01
   5.87882817e-01  3.36131901e-01]
 [ 1.98988423e-01  2.44734943e-01  2.95446306e-01  2.76101772e-02
  -1.26879094e-02  4.60497797e-01]
 [ 2.29143560e-01  9.39734221e-01  4.19551358e-02  4.80772942e-01
   1.46713257e-01  2.57649511e-01]
 [-3.06316078e-01  3.95178974e-01 -2.50052243e-01  2.56180108e-01
   3.66530716e-02 -4.37975168e-01]
 [ 3.27113003e-01 -5.83988190e-01  7.85822928e-01  3.30555528e-01
  -5.80488220e-02  4.96784091e-01]
 [-2.00003479e-03  4.22606975e-01 -1.48687363e-01 -2.57226229e-01
   4.51387614e-01  4.12276685e-02]
 [-2.53130555e-01 -5.90036690e-01  6.36882544e-01  1.54814124e-01
  -2.64025360e-01  5.19537508e-01]
 [-2.66769230e-01  1.40012991e+00 -2.13722920e+00 -4.75883812e-01
   1.13214540e+00  1.92827329e-01]]
Peso 2:
[ 0.02360614 -0.4153356   1.4101323   0.19420195  0.0444977   0.00491015]
Camada: saida
Peso 1:
[[ 0.0253601  -0.20981742]
 [-0.82554865  1.8373517 ]
 [ 1.9044412  -2.1339786 ]
 [-0.17724393 -0.9588431 ]
 [-0.5184301   0.8278327 ]
 [ 0.06576425 -0.05665476]]
Peso 2:
[ 0.3087328  -0.30873266]



pesos modelo: 
Test loss: 3.7947, Test accuracy: 0.1805
Camada: meio
Peso 1:
[[-7.48939514e-02  4.02120858e-01 -1.84665412e-01  2.77853757e-01
  -3.02897334e-01 -3.94313455e-01]
 [ 7.11598843e-02  8.57707933e-02 -3.64726782e-01 -8.56411532e-02
  -4.40774411e-01 -2.22034648e-01]
 [-3.65868509e-02 -3.58484149e-01 -1.03401929e-01  3.92385066e-01
  -5.92700504e-02 -1.75809383e-01]
 [ 1.30089372e-01 -2.19802871e-01 -4.59469594e-02 -4.70940560e-01
   5.10024540e-02 -4.13496792e-02]
 [ 2.44112108e-02 -1.98184162e-01  5.39991617e-01  9.03508291e-02
   7.52987564e-02  4.13522013e-02]
 [-1.04960673e-01 -9.86958519e-02  3.36483002e-01  3.70016068e-01
   8.66639614e-02 -1.67056099e-01]
 [ 4.92633075e-01 -1.85581878e-01 -3.57008785e-01 -1.19286224e-01
  -2.76626766e-01  2.04601437e-01]
 [ 4.83033538e-01  9.68668461e-02 -1.30657569e-01  4.11565095e-01
  -2.49513671e-01  2.37315506e-01]
 [ 2.29310095e-01 -7.17615187e-02 -1.54723063e-01 -2.24961042e-01
   2.06459925e-01 -1.78519525e-02]
 [ 1.34569973e-01  1.82327807e-01 -2.44023949e-01 -3.62748057e-01
  -2.77897835e-01 -1.31353587e-01]
 [ 3.14370006e-01  1.21495120e-01  2.24963009e-01 -2.47448802e-01
  -2.67620176e-01  1.73767835e-01]
 [ 4.71017033e-01  2.87568986e-01  5.99161647e-02 -1.44886926e-01
   6.15895651e-02  2.90782779e-01]
 [ 5.29303312e-01  3.12087476e-01  1.53481975e-01  2.04440340e-01
   4.55832332e-01  3.52279335e-01]
 [ 7.22787976e-02 -2.56999582e-01  6.19344488e-02 -5.06283998e-01
   1.37208879e-03  6.63690031e-01]
 [ 3.88588868e-02  3.41976553e-01 -5.79218641e-02  3.49729925e-01
   8.01200494e-02  5.41955888e-01]
 [ 8.64998937e-01  3.77192229e-01  4.91879940e-01 -3.05966556e-01
   1.12116784e-02 -2.39813402e-01]
 [-8.64919201e-02  9.77056473e-02  1.51781917e-01 -3.17483515e-01
  -4.08429176e-01  6.08798385e-01]
 [ 8.25863838e-01 -2.92657554e-01  4.91450012e-01 -4.73859370e-01
  -4.25539941e-01 -4.33608204e-01]
 [-1.76212943e+00  3.43725234e-01 -1.78704679e-01  4.49289054e-01
  -3.49130005e-01  2.31431174e+00]]
Peso 2:
[ 1.0917029e+00  4.6343161e-04  4.0467137e-01 -1.0295015e-02
 -6.7987405e-03 -6.0697281e-01]
Camada: saida
Peso 1:
[[ 2.0832202  -1.2763271 ]
 [ 0.65100795  0.8339634 ]
 [ 0.32298478 -1.0054065 ]
 [ 0.53856915  0.516666  ]
 [ 0.7548288   0.7566092 ]
 [-1.8741487   1.6740606 ]]
Peso 2:
[ 0.4901068  -0.49010608]



pesos modelo: 
Test loss: 4.4402, Test accuracy: 0.1412
Camada: meio
Peso 1:
[[-0.16152203 -0.10945365  0.21820614  0.21994415  0.2642832  -0.23138654]
 [-0.0326716  -0.25782558  0.19275442  0.38713276  0.10704241 -0.02023509]
 [ 0.24052921  0.38896233  0.31702483 -0.30136362 -0.13716035 -0.45097822]
 [ 0.4320382   0.38083997  0.493022    0.25895527  0.187959   -0.47240546]
 [-0.14986435  0.2041142  -0.04802449  0.27470565  0.36182916 -0.05563549]
 [-0.0590759   0.28704554  0.10722498 -0.25318727 -0.10322616 -0.07312287]
 [ 0.30423632  0.12863417  0.4577373  -0.23960146 -0.2352367  -0.00905036]
 [ 0.06653592  0.45650214  0.04774731  0.322951    0.5543927  -0.23803264]
 [ 0.12687826 -0.06462622  0.2116305  -0.00949401  0.14728738  0.11436949]
 [ 0.06712727 -0.40170574  0.23843949 -0.10173866  0.04447198  0.30760002]
 [ 0.2675368  -0.3392899   0.46365458  0.34852776  0.05585576  0.41480672]
 [ 0.2047395   0.26714572  0.2905944  -0.19205673  0.07293331  0.15745164]
 [ 0.19163233 -0.27977377  0.16811475 -0.254802    0.3064064  -0.31652474]
 [ 0.53538024 -0.05926411  0.00468855  0.28198278  0.05402318  0.23347604]
 [ 0.31358367 -0.2450033  -0.24629027 -0.02760096  0.3065312  -0.2762115 ]
 [-0.7789827  -0.12874226  0.7470321   0.24812199 -0.3236093  -0.36515692]
 [ 0.40048394 -0.4260318   0.22244251  0.5387562  -0.5672413  -0.18775328]
 [-0.7335432  -0.1005032   0.5244993  -0.15249443 -0.12579823 -0.46529725]
 [ 1.9890211  -0.07951597 -2.119202    0.5306554  -0.6575032  -0.14997868]]
Peso 2:
[-0.35538614  0.05689785  1.0933392  -0.04717886  0.34490916 -0.0123136 ]
Camada: saida
Peso 1:
[[-0.88100785  2.1621344 ]
 [-0.66146094 -0.99922836]
 [ 1.7676423  -1.8363719 ]
 [ 0.11111993  0.85144687]
 [ 0.9867413  -0.6632969 ]
 [-0.38529035 -0.31527594]]
Peso 2:
[ 0.35268134 -0.35267913]
