


pesos modelo: 
Test loss: 4.1292, Test accuracy: 0.1945
Camada: meio
Peso 1:
[[ 3.32420111e-01  2.85958469e-01 -4.46874559e-01  2.07933962e-01
  -2.34517500e-01 -3.38449448e-01  1.07952595e-01 -2.35727772e-01
   4.40585852e-01 -4.07507420e-02]
 [ 3.07296902e-01 -8.00808950e-04 -2.79117286e-01 -1.06632330e-01
   3.22115541e-01  6.26980662e-02  3.26514877e-02 -1.94076389e-01
   2.10907543e-03 -3.61089081e-01]
 [-7.85368830e-02  2.90338129e-01 -4.73425210e-01  3.96602713e-02
  -1.40785649e-01 -2.45185316e-01  1.43247515e-01 -2.54248559e-01
  -2.39847407e-01  2.92753845e-01]
 [-1.27058893e-01  2.96279669e-01  2.55075932e-01 -3.71913135e-01
  -3.72284502e-01 -2.49301761e-01 -5.03758490e-02  2.55168945e-01
   4.87081259e-01 -3.50566119e-01]
 [ 6.57439351e-01  1.57013014e-01 -9.62360427e-05  2.79087365e-01
  -1.79736450e-01 -1.13045081e-01  4.13088143e-01 -2.43094414e-01
  -2.55726695e-01 -3.62139970e-01]
 [ 3.78541738e-01  4.68015611e-01  4.62111264e-01 -1.70732468e-01
  -2.28091255e-01 -1.27719998e-01  4.23653424e-01  7.41129890e-02
  -1.36736287e-02 -2.14925796e-01]
 [ 7.62985572e-02  3.58092248e-01  2.02986181e-01 -3.36098559e-02
  -3.28193784e-01  4.50929374e-01  1.22823633e-01  7.47207254e-02
  -2.49651983e-01 -2.10548326e-01]
 [ 1.36591926e-01  1.54488549e-01 -8.78672972e-02  2.94465393e-01
   2.22402945e-01  1.30108103e-01  1.78628504e-01  3.87604833e-01
   3.06437224e-01 -3.76906022e-02]
 [ 3.02419543e-01  1.53478220e-01  1.81523621e-01 -8.36622566e-02
   1.90270647e-01  2.07997277e-01  1.29466370e-01  1.97247475e-01
  -1.48227870e-01  3.07342708e-01]
 [ 3.61758381e-01  2.42434461e-02  2.74216294e-01  3.22815329e-02
   2.23217919e-01 -3.62314731e-01  5.03084436e-02 -3.31911951e-01
   9.98049602e-02  3.12645957e-02]
 [-9.67283454e-03  5.21122992e-01  4.12149906e-01  2.64285831e-03
   4.65013444e-01 -4.26603407e-01  2.53274858e-01 -2.11221576e-01
  -2.01040909e-01  4.03428495e-01]
 [ 8.56884345e-02 -1.22504786e-01 -3.29412371e-01  3.17324907e-01
  -4.43354309e-01 -7.27094412e-02 -1.32283852e-01 -3.50522071e-01
   3.50915372e-01 -1.67798296e-01]
 [-2.44610026e-01  1.99230969e-01  2.03330696e-01  1.81309059e-01
   1.25237659e-01  9.90027860e-02 -1.27425522e-01  8.27697366e-02
   5.43628782e-02  4.45974380e-01]
 [-1.39853880e-01  7.96699524e-02 -8.21469575e-02 -1.57508478e-01
  -1.46095961e-01 -3.15543324e-01  5.34396827e-01 -3.05196971e-01
  -2.99798429e-01 -8.20911303e-02]
 [-8.49644989e-02  5.50473705e-02  2.67313212e-01  2.67565072e-01
   2.38553822e-01 -2.91521490e-01  5.97728729e-01  1.35408148e-01
   8.34074840e-02  2.12465767e-02]
 [ 2.24761412e-01  3.00622106e-01  5.49362898e-02  6.31926119e-01
  -1.88355267e-01  4.27954972e-01 -6.49355352e-01  1.07825749e-01
   3.46611708e-01  2.39199817e-01]
 [ 7.30253458e-02 -1.66798800e-01 -2.23429967e-02 -2.87429541e-01
  -4.86049876e-02  3.56363654e-01  5.42028606e-01 -4.66853529e-01
   1.67098254e-01  3.03105235e-01]
 [ 5.62306285e-01  6.56578779e-01  1.20876636e-03 -2.78178841e-01
   3.39221358e-01 -1.38918340e-01 -5.10490894e-01  1.06199369e-01
   3.16153824e-01  3.96399707e-01]
 [-1.21471143e+00 -1.86713243e+00  2.84540087e-01 -7.59876668e-02
  -1.93839744e-01  1.55327782e-01  1.85691774e+00  2.39128634e-01
  -4.03493673e-01 -4.89832371e-01]]
Peso 2:
[ 0.84726214  0.9971441  -0.0489904   0.03758037  0.04599636  0.02210825
 -0.28984472 -0.04198175  0.31416553  0.16303475]
Camada: saida
Peso 1:
[[ 1.085798   -1.173248  ]
 [ 1.7357562  -1.398725  ]
 [-0.3274146   0.24851434]
 [ 0.6426788  -0.1186814 ]
 [-0.35972348 -0.7434627 ]
 [ 0.08464797 -0.40340045]
 [-1.2849449   1.6951733 ]
 [ 0.36804724 -0.57337046]
 [ 0.84420747 -0.2088859 ]
 [ 0.77998984  0.22961254]]
Peso 2:
[ 0.09437081 -0.09437082]



pesos modelo: 
Test loss: 3.5337, Test accuracy: 0.2414
Camada: meio
Peso 1:
[[-3.03664804e-01 -4.52135742e-01  8.70509148e-02 -1.45398319e-01
   2.67592669e-01  4.16328907e-01 -2.41822690e-01 -4.04306918e-01
   2.01485574e-01 -1.61813140e-01]
 [-2.44855657e-01 -2.30066240e-01 -4.10703152e-01  3.40684593e-01
  -3.94627988e-01 -9.24976915e-02  2.53425777e-01  7.41766393e-02
   6.05068505e-01 -6.00427538e-02]
 [ 5.53688966e-03  4.11957800e-02 -2.79783811e-02 -2.96263367e-01
   5.10281175e-02  3.48135382e-01  8.03705305e-02  2.10591346e-01
   2.83285856e-01  5.66558763e-02]
 [ 2.26729572e-01  1.17898621e-01 -1.84253708e-01 -1.90002248e-01
  -3.34873855e-01 -3.10323864e-01 -2.26132318e-01 -7.12538362e-02
   3.13499058e-03 -2.22581536e-01]
 [ 1.59111217e-01  2.41816446e-01  1.87855825e-01 -3.74244079e-02
  -2.24337116e-01  2.94496715e-01  9.10096169e-02  3.84640634e-01
   4.29042697e-01  2.34644726e-01]
 [ 5.40735900e-01 -1.34631218e-02  2.75879204e-01 -1.06611788e-01
   1.95066527e-01  2.40095537e-02  2.12261707e-01  8.91797766e-02
   8.88947994e-02 -1.03287332e-01]
 [ 4.55462754e-01 -1.60382897e-01  2.25090489e-01 -4.35051247e-02
   2.08926424e-01 -4.34470028e-01  1.85697004e-01  3.70827675e-01
  -7.53398985e-02 -4.29133773e-01]
 [ 3.15279484e-01 -1.53998611e-03 -4.28209782e-01 -3.32350641e-01
  -1.51126698e-01 -4.02774960e-01 -1.46457985e-01  4.13091362e-01
  -1.81816906e-01 -1.24357708e-01]
 [ 3.20840716e-01  1.90017626e-01 -3.59467864e-01 -1.65832847e-01
   1.58934921e-01 -2.36936331e-01 -5.71026988e-02 -1.41602173e-01
   1.66708052e-01  7.69587606e-02]
 [-1.00256048e-01  1.03963532e-01 -2.91421972e-02 -1.64006636e-01
   3.73710364e-01 -4.50066149e-01  1.53987845e-02  4.10779268e-01
   2.84371346e-01 -2.67830789e-01]
 [-9.75827947e-02  2.26040050e-01 -3.12745750e-01  4.56466258e-01
   2.79571861e-01  4.71484736e-02  1.59099668e-01 -8.22756812e-02
   6.77646577e-01  3.57217968e-01]
 [ 1.84434131e-01  2.80339509e-01 -4.02645618e-01  9.50556099e-02
   6.61083385e-02  4.43611205e-01  1.39056131e-01  4.67530131e-01
   3.98832053e-01 -1.99448001e-02]
 [ 3.40506792e-01 -8.02902505e-02 -2.84740984e-01  3.63891393e-01
  -2.51101017e-01 -2.19916150e-01  6.28216788e-02 -3.53884101e-01
   1.52320445e-01 -2.95523196e-01]
 [-2.77281925e-03  4.08238798e-01 -1.81285739e-01 -4.13142771e-01
   1.06120095e-01 -1.90336332e-01  4.84077185e-01 -6.56479374e-02
   2.14450937e-02 -4.63414282e-01]
 [ 2.77748108e-01  3.89095515e-01 -1.22163840e-01 -6.68294430e-02
   4.90546227e-01 -3.36014181e-01  4.35641706e-01 -1.30821824e-01
  -2.41973996e-01 -3.96308601e-01]
 [ 7.88739771e-02 -4.75165755e-01  2.75370598e-01 -8.16110820e-02
   4.78978157e-01 -5.55343144e-02 -4.93227214e-01  2.51249611e-01
   5.96376240e-01  2.38828585e-02]
 [-3.41100842e-01  1.38684779e-01 -3.42371017e-01  1.60576910e-01
  -4.87306058e-01  3.31570208e-01  2.36049056e-01 -2.45906487e-01
  -1.85576946e-01  1.48930997e-02]
 [ 1.50495797e-01 -1.70776516e-01 -2.35592410e-01 -3.37945670e-01
   1.63036108e-01 -1.72073897e-02 -8.11024010e-01 -8.65912884e-02
   7.13169396e-01 -2.92225033e-01]
 [-8.34642291e-01  1.58368373e+00 -3.96012902e-01  3.62366796e-01
  -1.62743554e-01  1.24155343e-01  2.04308462e+00 -4.15579498e-01
  -9.26461279e-01  2.06646889e-01]]
Peso 2:
[ 0.54831547 -0.4342488  -0.01172281  0.00213873  0.23612179  0.0347007
 -0.5114626   0.19883338  0.9936603  -0.09817597]
Camada: saida
Peso 1:
[[ 0.7645088  -0.86088127]
 [-1.5973306   0.6765356 ]
 [-0.11376868  0.2086351 ]
 [ 0.64129704  0.51502275]
 [ 0.67080086 -0.12414423]
 [-0.41924936 -0.6998358 ]
 [-1.4393798   1.7189108 ]
 [ 0.50410455 -0.17152745]
 [ 0.8081282  -1.63526   ]
 [-0.48443624  0.6356222 ]]
Peso 2:
[ 0.7154091 -0.7154074]



pesos modelo: 
Test loss: 4.2957, Test accuracy: 0.1419
Camada: meio
Peso 1:
[[ 0.124448    0.40414345  0.18864179  0.1165058   0.3662243   0.00596413
   0.07519919 -0.20873037 -0.02216479  0.152448  ]
 [-0.4016497   0.04278095  0.04591942  0.10935578  0.2176331   0.13199209
   0.4137024  -0.04428109 -0.24705169 -0.36001214]
 [-0.4391685  -0.25944126  0.32967123  0.23842834  0.02111758  0.02086918
   0.4035796  -0.09230932 -0.2536492  -0.35780296]
 [ 0.19818926 -0.45781037 -0.15549242  0.03870177  0.35214776 -0.08726408
  -0.20875528  0.05293757 -0.23857582 -0.31177866]
 [ 0.05431958 -0.01684794  0.10319086 -0.1691555   0.08510919  0.04008031
  -0.19028011  0.14479263 -0.03671153 -0.21832946]
 [ 0.30866414  0.2047957   0.19844817 -0.14449999  0.09623047  0.30701616
   0.16840576 -0.2712183  -0.2781118   0.37605992]
 [-0.42529228  0.12649937  0.09460619  0.26488328  0.37366128 -0.02741359
  -0.19114491 -0.3336108  -0.35119474  0.24301401]
 [-0.4196386  -0.36808544  0.18923095  0.04038525  0.3368836   0.30700165
   0.09346085 -0.14443336 -0.22189681 -0.07079654]
 [-0.32918084 -0.45651272  0.24521978  0.25997347  0.5236317   0.20094836
  -0.24563994  0.38907656  0.03767602 -0.26032874]
 [ 0.3418039   0.44038087 -0.04970135 -0.11030173  0.14112072  0.12685469
   0.2676716   0.06540196 -0.38837245 -0.12431756]
 [-0.0483067  -0.44788927  0.19743028  0.11349325  0.07116009 -0.05605808
   0.4082121   0.4001899   0.3154682   0.3179726 ]
 [-0.01147902 -0.06820135 -0.02460775 -0.03752691  0.351377    0.04444285
  -0.38051328  0.21402647 -0.38418972 -0.3848925 ]
 [-0.287646   -0.26488546 -0.0511216  -0.31890318 -0.05301859 -0.03020392
   0.05564774  0.28984514  0.23212048  0.35254395]
 [-0.30664837  0.22923285  0.40086013  0.5252708   0.01989594  0.3678211
  -0.47386342  0.17311555 -0.03713645  0.3054408 ]
 [-0.32098055  0.08513747 -0.2445605   0.3316894   0.08727553  0.3723144
   0.31664336 -0.26047105 -0.30566484 -0.18512271]
 [-0.10431991  0.4242689   0.68059826 -0.16856441  0.4336494  -0.3104676
   0.1996458  -0.35796088 -0.21018387 -0.11429855]
 [ 0.2582455   0.30699766  0.01789121  0.661554   -0.0679472   0.13416295
   0.28375345 -0.16778709  0.20620115 -0.42527112]
 [-0.2768425  -0.23640506  0.53917766 -0.04925476  0.7478385  -0.48155472
   0.14059256 -0.29297498 -0.2517016   0.03105425]
 [ 0.03560599  0.31020147 -0.9875124   1.7636033  -1.7434931   1.3320842
  -0.40441883  0.00479224 -0.14975101  0.07819329]]
Peso 2:
[-0.01019413 -0.01377491  0.5803233  -0.35223615  0.91159225 -0.34945843
  0.29237154 -0.03185083 -0.11558726 -0.05430448]
Camada: saida
Peso 1:
[[-0.25729156 -0.07592345]
 [ 0.15377936  0.00322689]
 [ 1.2262537  -0.71265644]
 [-1.0521585   1.5413928 ]
 [ 1.4364617  -1.5457588 ]
 [-0.9629287   1.1649549 ]
 [ 0.76318574 -0.33460274]
 [ 0.02547684  0.19871487]
 [-0.68390584  0.613158  ]
 [ 0.46658263  0.6170487 ]]
Peso 2:
[ 0.41921267 -0.4192108 ]



pesos modelo: 
Test loss: 4.0397, Test accuracy: 0.1927
Camada: meio
Peso 1:
[[-0.1403884  -0.12943745  0.05877924  0.08430868 -0.05637258  0.11707556
   0.31737143 -0.29226163  0.29292023  0.3946342 ]
 [ 0.15250137 -0.17475502  0.1960716   0.3753213   0.04609024 -0.24248949
   0.33540547 -0.3844483  -0.18617764  0.07553408]
 [ 0.328993   -0.04379797 -0.36380523 -0.06604347 -0.30328235 -0.37998784
   0.4621646  -0.32966357  0.10750865  0.02081803]
 [ 0.13479917  0.35141447  0.40158674  0.1901979  -0.10311688  0.21772422
   0.43740472  0.5182889  -0.11501105  0.3008635 ]
 [-0.09371302 -0.2367402   0.06528997  0.259647   -0.29987422  0.2796308
  -0.30631027  0.41592664  0.1683283   0.32873446]
 [ 0.04851498 -0.20988777  0.12162799 -0.11977228 -0.06922766 -0.0240256
   0.23814416 -0.30331874 -0.32659    -0.12544723]
 [ 0.18304871  0.21485363  0.21183279  0.03488198  0.08186597  0.3842897
   0.4598353  -0.37506297  0.43334422  0.43963695]
 [ 0.04205833  0.09804512 -0.2323872   0.2283067  -0.47258946 -0.436793
   0.07336588  0.06692832  0.13911323  0.22984685]
 [ 0.3103609  -0.05111124  0.41043124 -0.34812778  0.1336833   0.27459207
   0.5206218  -0.19303334 -0.16770864  0.20941472]
 [-0.12293284  0.19106701  0.19704348  0.02960954 -0.39020354 -0.20216256
   0.14233266 -0.01442796  0.20215265  0.22938277]
 [-0.1504566   0.2109638   0.00372007 -0.38003698  0.0324856   0.3727335
  -0.11223838 -0.174048    0.01832909  0.34387714]
 [-0.03102036  0.04801736 -0.30951756  0.20491599 -0.4266837  -0.07690097
  -0.02521765 -0.2993012   0.24750392  0.23026203]
 [ 0.11577879  0.0613444   0.23621297  0.24934551  0.14738363 -0.14583279
   0.07491074  0.26065037  0.22849838  0.51127064]
 [ 0.45809993  0.3040101   0.33456007 -0.14147209 -0.370622   -0.16835682
   0.32525858  0.17126067  0.20128287 -0.25658578]
 [ 0.30431655  0.16135143  0.23681562  0.14367445  0.2765558  -0.06242028
   0.05906209 -0.2931946   0.03196985 -0.17620961]
 [-0.3767828  -0.36458033  0.17272377 -0.28977704  0.11198203 -0.35960516
   0.13558619  0.1209639  -0.3297184   0.842403  ]
 [ 0.24707411  0.33066723  0.01355162  0.21391053 -0.0670507  -0.09708314
  -0.1272245   0.46621642  0.4328736  -0.03775073]
 [-0.5717466  -0.44818133 -0.33316782 -0.41212887  0.15116353  0.22569507
   0.14105774 -0.10507806 -0.48239055  0.47399926]
 [ 2.1412523   0.77293944  0.68760186 -0.17421551  0.18871333 -0.03394318
  -1.3837348  -0.42190665  0.40206042 -0.9075825 ]]
Peso 2:
[-0.5009334  -0.1892934  -0.18151736 -0.19134952 -0.18840668 -0.10429057
  0.8322463   0.18338892 -0.12080245  0.79579663]
Camada: saida
Peso 1:
[[-1.3692064   1.7340451 ]
 [-0.89485663  0.73317885]
 [-0.32915837  0.6794762 ]
 [-0.2070538  -0.01532044]
 [-0.6044708   0.53653914]
 [-0.43939412 -0.2410608 ]
 [ 1.2861718  -1.1590035 ]
 [ 0.14727105 -0.5535262 ]
 [-0.12251799  0.660737  ]
 [ 1.2140757  -1.0974463 ]]
Peso 2:
[ 0.6536288  -0.65362686]



pesos modelo: 
Test loss: 4.1861, Test accuracy: 0.2222
Camada: meio
Peso 1:
[[ 0.4167568   0.2178902  -0.13342318  0.03626916 -0.2333454  -0.09915096
  -0.14824754  0.32934737  0.30077124  0.2813487 ]
 [ 0.08680056 -0.43158272 -0.27729997  0.2784969   0.08451537  0.37429294
   0.07142054  0.12190104 -0.11909876  0.19561203]
 [ 0.24888577 -0.16658072 -0.19400804 -0.3499846   0.2555367  -0.04353254
   0.03124005 -0.07814793  0.01297491  0.09833515]
 [ 0.04874362  0.0586659   0.394026    0.05257114 -0.20407425  0.2511783
  -0.14888698 -0.0166079   0.45210734  0.22841197]
 [ 0.40433404 -0.05827072  0.24500465  0.13642825  0.27764878 -0.33391926
  -0.28301805 -0.20239516  0.10990066  0.14416523]
 [ 0.2788676  -0.16493507  0.5155842  -0.06123525  0.04712246 -0.0539659
   0.16873842  0.24898466  0.3562099   0.30251855]
 [ 0.3553167   0.31223905 -0.23714599 -0.04134621  0.32219332 -0.08791002
  -0.00790959 -0.22388831 -0.4859388   0.14183316]
 [ 0.23423837  0.0234111   0.01517162 -0.25348318  0.1526668   0.07030575
  -0.17132989 -0.31197476  0.3111506   0.28726876]
 [ 0.44745418  0.14759646  0.45494014  0.4214607   0.2498957  -0.08191748
   0.36109313 -0.26054528 -0.47109085  0.39818722]
 [ 0.18360795  0.30874708  0.2587501  -0.26609132 -0.03427608 -0.38418946
  -0.20945483 -0.19177617  0.02806742  0.41294378]
 [ 0.37550932  0.15842651 -0.22209479  0.19638044  0.3633556   0.27055788
   0.25464314 -0.29173017  0.13866319 -0.33690473]
 [ 0.22630912 -0.15784146  0.25472987  0.03585999  0.10412949  0.3016955
   0.08831773  0.39390922  0.21198519  0.36807615]
 [ 0.48017862 -0.14679511  0.3442879  -0.43498012  0.17504615  0.39828286
   0.39443502 -0.1711618  -0.40266997 -0.06528044]
 [ 0.05196462 -0.3633181   0.32063046  0.12363931  0.5991976  -0.31693366
  -0.385368    0.36050555  0.14446008 -0.1566328 ]
 [ 0.10370233 -0.4314968  -0.05381341  0.11962204  0.7868289  -0.04797323
  -0.03169679 -0.21235636  0.1789538  -0.1398322 ]
 [ 0.9984668  -0.33011302 -0.3772902  -0.16609465 -0.32852182  0.34112006
  -0.4413942  -0.26535928 -0.3296436  -0.39435706]
 [-0.32171008  0.10850764  0.37832445  0.23659179  0.06312371 -0.18685219
   0.24657118 -0.06417076 -0.2000217  -0.23323327]
 [ 0.6294221  -0.01789618 -0.37114224 -0.16152024 -0.54286397 -0.09977033
  -0.02653271  0.13388526  0.46597016 -0.2086553 ]
 [-2.2559593  -0.2031833   0.808971   -0.4673692   1.5238547  -0.00828564
  -0.14996973 -0.1929166  -0.20753825 -0.5020814 ]]
Peso 2:
[ 1.1550016  -0.05181418 -0.11112122  0.03929273 -0.45938468 -0.09520293
  0.01156667  0.02128346  0.06512348  0.13020557]
Camada: saida
Peso 1:
[[ 1.8113974  -2.0681226 ]
 [-0.31128982 -0.25200218]
 [-0.5335623   0.79300815]
 [ 0.32820696 -0.23435472]
 [-1.1318637   1.6343813 ]
 [-0.10548407 -0.15221149]
 [ 0.33116373  0.12701268]
 [ 0.6738472   0.5082389 ]
 [ 0.48736584 -0.18616684]
 [ 0.8658304   0.16388841]]
Peso 2:
[ 0.28007892 -0.2800775 ]



pesos modelo: 
Test loss: 3.5759, Test accuracy: 0.1981
Camada: meio
Peso 1:
[[ 0.18897551 -0.20271364 -0.33732757 -0.03648019 -0.42841485  0.12840295
   0.03742543 -0.17901552  0.2961691  -0.20982677]
 [ 0.31452534  0.23751612 -0.01593491 -0.27324307 -0.4246932   0.14304486
   0.42378375 -0.23984884 -0.28100994  0.04872907]
 [-0.11574724 -0.01254263 -0.35723424  0.3644565   0.4114618   0.09166697
   0.0363456   0.01049074  0.16237977  0.14534473]
 [-0.02516023  0.23029189 -0.32433915 -0.12110577 -0.10260412 -0.0220942
  -0.00977815  0.39689556 -0.3915856  -0.09404632]
 [ 0.1258737   0.33689755  0.46771517 -0.07323672  0.27559495 -0.04175399
   0.47248676 -0.33397236  0.21105024  0.1030224 ]
 [ 0.27288324  0.3234763   0.3491381   0.14846614 -0.3767784   0.176535
   0.45119727 -0.33533925 -0.07244761  0.1642742 ]
 [ 0.11038661 -0.07361798  0.03193215  0.14537059  0.4211995   0.18739188
   0.52809125  0.08427326  0.2922839   0.285387  ]
 [ 0.02404189  0.3077881  -0.32128057 -0.19683191 -0.06273059  0.42632997
  -0.24715813  0.11825986  0.29772258  0.155703  ]
 [ 0.24428323 -0.29536211 -0.34789702 -0.3142314  -0.17122677  0.32613024
   0.01114877 -0.44769874 -0.27989924 -0.18583372]
 [ 0.30515847  0.46112406  0.23616506 -0.23802675  0.06990347  0.2341091
   0.05402072  0.14116827 -0.3690277  -0.0026997 ]
 [-0.27187467  0.08343035  0.23901674  0.32608157 -0.23943095  0.27982196
  -0.17655547  0.16517691  0.25659475  0.09394086]
 [ 0.24650043  0.24653694 -0.09744595 -0.35963598  0.07539669  0.20624633
   0.03141036  0.31621343  0.2627554  -0.00701645]
 [ 0.12580715 -0.34988463  0.3010727   0.23018414  0.1290912   0.4970697
   0.22557798 -0.18832268  0.03320766  0.12562041]
 [ 0.14683832  0.4075168   0.35736233 -0.27335504  0.17973302  0.13532299
  -0.40729117  0.09794822  0.27813566  0.5255368 ]
 [-0.16277954 -0.42406413  0.40348855  0.39619645 -0.06086196 -0.11520583
  -0.04310524  0.3099238  -0.07458922  0.43443772]
 [ 0.00516354  0.01183187 -0.28171957  0.4084463   0.50806445  0.8533257
  -0.21250269 -0.41740736  0.21170789 -0.75174505]
 [ 0.16718128 -0.5582179  -0.15532516  0.08276316 -0.15724938 -0.3595665
   0.23467807  0.19435814  0.01706737  0.26721072]
 [-0.34109688  0.58910143  0.0426995  -0.3132239   0.12817274  0.34952053
   0.07878487  0.01856156 -0.12416924 -0.81578106]
 [ 1.2720962  -0.44787544  0.49966756 -0.08183845  0.03713053 -1.2820181
  -0.8079317   0.06693529 -0.12583788  1.9341408 ]]
Peso 2:
[-0.12454752  0.4799449  -0.00797762  0.06491305  0.08345136  0.9340127
  0.70455915 -0.03007566  0.03414057 -0.4315165 ]
Camada: saida
Peso 1:
[[-0.80809414  0.9177835 ]
 [ 0.9611445  -0.6267861 ]
 [-0.46910033  0.13400525]
 [ 0.6092762  -0.07257113]
 [ 0.61171013  0.1586653 ]
 [ 0.9291934  -1.6903865 ]
 [ 1.0246549  -1.0340595 ]
 [-0.51620805 -0.53962815]
 [ 0.29299977  0.01463959]
 [-1.6066927   1.5417849 ]]
Peso 2:
[ 0.47184348 -0.47184125]



pesos modelo: 
Test loss: 3.8859, Test accuracy: 0.1749
Camada: meio
Peso 1:
[[-4.18958932e-01  4.06156003e-01  1.35458052e-01  3.25394392e-01
  -2.90724039e-02  3.81748259e-01  1.54890001e-01  1.77553236e-01
   1.15062058e-01  4.10053313e-01]
 [-7.82558247e-02  1.54865712e-01  4.02561903e-01 -6.91340342e-02
   2.31388301e-01  2.64981240e-01 -1.84808850e-01 -6.66255802e-02
   2.65391290e-01  8.68916884e-02]
 [-3.97921026e-01  2.39448786e-01 -1.20031074e-01  3.86049211e-01
   2.60264963e-01  1.92729130e-01 -1.65906250e-01  6.75153807e-02
  -2.49978557e-01  1.39518172e-01]
 [-4.33881551e-01  2.49581248e-01  2.23632649e-01  1.95092499e-01
   8.54130602e-04 -1.05806798e-01  1.99347645e-01 -8.72415304e-02
  -1.61875829e-01  2.45147362e-01]
 [-3.88088584e-01 -9.59141850e-02  1.20253183e-01 -2.56099924e-02
  -2.66256332e-01  2.23576933e-01  1.27723976e-03 -2.99750626e-01
   2.74323583e-01  2.19398543e-01]
 [ 7.55531117e-02 -1.45076513e-01  4.44328934e-02 -5.66430055e-02
   4.96753961e-01  3.26652169e-01 -9.06528831e-02  5.18806726e-02
   3.49398822e-01 -1.83542967e-01]
 [-2.80837834e-01  5.57642877e-02 -1.98823646e-01 -1.17483653e-01
   4.80744541e-01  5.87619729e-02 -3.01748276e-01  9.51455757e-02
  -1.32852808e-01  3.17659676e-01]
 [-1.12308562e-01  1.35387376e-01  3.28471869e-01  3.62637728e-01
   1.69115886e-01 -1.05149880e-01  1.23348892e-01  2.86747366e-01
   2.30332091e-02  4.37802434e-01]
 [-1.89968511e-01  2.22008198e-01  1.53006613e-01 -1.18377380e-01
   1.34946465e-01  5.76637015e-02 -3.89025867e-01 -5.07189333e-02
   3.72723304e-02  2.26364315e-01]
 [ 2.32495293e-01 -1.41669348e-01  4.29615498e-01  2.38345280e-01
   2.66515136e-01  5.18112183e-02 -2.62471944e-01  2.18343318e-01
   2.76175976e-01  3.90088558e-01]
 [-9.53444988e-02  3.15954179e-01  3.20331156e-01 -1.88124832e-02
   3.43902528e-01 -2.73297071e-01  2.87571400e-01  2.06002101e-01
  -5.82297668e-02  2.10313886e-01]
 [ 7.43354112e-02 -2.34479189e-01 -1.20137185e-01  1.51416846e-02
   4.75328080e-02 -6.01601712e-02  1.35298222e-01  2.07193390e-01
   3.46015155e-01  1.98557928e-01]
 [ 4.16455716e-02  7.07353055e-02 -2.32657671e-01  1.21644959e-02
   3.25082123e-01  2.46285334e-01 -1.51750669e-01  1.22415684e-01
   1.02065220e-01  1.50169164e-01]
 [-3.64849091e-01 -3.38096857e-01  1.33993015e-01  2.15647653e-01
   2.36770064e-01  2.47554127e-02 -4.63244587e-01  6.71347082e-01
   1.24264732e-01 -5.40755451e-01]
 [-3.97161543e-02  2.09123045e-01  1.68553755e-01  3.51312399e-01
  -5.20425141e-01 -3.65198776e-02 -3.57722521e-01  4.10302132e-01
   8.33789632e-02 -5.64263463e-01]
 [-3.13772678e-01  6.98199391e-01  1.52359232e-01  6.14008367e-01
   4.62018520e-01 -1.06951952e-01 -3.53064225e-03 -2.45296985e-01
   6.49272978e-01  1.60142109e-01]
 [-1.71466067e-01 -2.28128452e-02  6.32187128e-02 -1.13023236e-01
  -4.41369176e-01  6.47197723e-01 -3.68779629e-01  4.21573997e-01
   3.26681048e-01  2.53372461e-01]
 [-8.32519382e-02  7.47374117e-01 -3.95707399e-01 -9.52733159e-02
  -8.06487817e-03 -4.24605638e-01  3.72556835e-01 -2.91849673e-01
   3.74520600e-01  6.26965284e-01]
 [ 5.18268347e-03 -4.89708990e-01  7.96893358e-01 -8.99737000e-01
  -7.45494425e-01  1.25030363e+00  3.94510388e-01  1.55069840e+00
  -1.49355841e+00 -4.88303035e-01]]
Peso 2:
[-0.00951939  0.5071236  -0.11743521  0.4047545   0.55187494 -0.01582504
 -0.05898475 -0.41802692  0.8806856   0.25831717]
Camada: saida
Peso 1:
[[-0.36685625  0.65145975]
 [ 0.7074089  -0.8412704 ]
 [-0.40801767  0.67717993]
 [ 0.26187143 -1.1662356 ]
 [ 0.9520498  -0.8035127 ]
 [-0.94932467  0.7219168 ]
 [ 0.07277866  0.5464412 ]
 [-1.6097349   0.87942994]
 [ 1.3761908  -1.3344331 ]
 [ 0.34685183 -0.88117385]]
Peso 2:
[ 0.23854077 -0.2385404 ]



pesos modelo: 
Test loss: 4.1667, Test accuracy: 0.1221
Camada: meio
Peso 1:
[[-1.29053086e-01 -3.35527986e-01 -8.83049667e-02 -4.17811036e-01
  -2.14264408e-01 -2.11229861e-01 -3.09111893e-01 -2.68899918e-01
   5.54543734e-02 -1.81645244e-01]
 [ 2.63121814e-01  4.92813364e-02  1.93202943e-01  1.90370411e-01
  -1.57640249e-01  3.04342419e-01  4.36277241e-01  1.33005574e-01
   3.93718660e-01 -6.44536987e-02]
 [-5.49898334e-02 -1.83905110e-01  1.41206414e-01  3.87701273e-01
  -3.16151202e-01 -1.84870839e-01 -3.91616136e-01  1.29531801e-01
   4.70630638e-02 -2.55923629e-01]
 [ 3.95011932e-01  1.77420042e-02  3.89876589e-03 -6.13983348e-02
   1.04199089e-01  3.25871021e-01 -5.27264401e-02  1.27653450e-01
   2.55033553e-01 -2.43723452e-01]
 [ 4.84394163e-01  4.37005818e-01  2.00106964e-01 -1.69180378e-01
   2.91288584e-01  2.16684550e-01  4.21178311e-01  1.69633403e-01
   2.11161569e-01  2.90503770e-01]
 [-2.42199495e-01 -3.38431716e-01  1.82916187e-02 -2.65258610e-01
  -1.71571195e-01  2.38203764e-01 -1.23154156e-01  5.99000156e-01
   9.93294492e-02  2.92411894e-02]
 [ 4.13847476e-01 -2.41487533e-01  2.48662338e-01 -4.06075746e-01
   1.08209014e-01  1.04037672e-01  4.26742136e-01  3.43156368e-01
   1.17130183e-01 -2.56525367e-01]
 [ 2.30397955e-01 -8.83317590e-02  3.07763547e-01 -6.37353258e-03
   1.41548529e-01  1.20730989e-01 -2.33214378e-01 -3.95815037e-02
   4.10588413e-01  4.18323070e-01]
 [-3.00195307e-01 -1.90010458e-01 -3.19841683e-01  4.21425730e-01
   1.09056167e-01 -2.43927330e-01 -2.57567912e-01  4.33031656e-02
  -1.05791502e-01 -3.58167738e-01]
 [ 8.67379457e-02  1.15492113e-01  1.95809588e-01 -2.69222647e-01
  -4.60815668e-01  2.90425181e-01  2.99728453e-01  1.60568893e-01
   4.63092119e-01 -4.16873068e-01]
 [ 2.54876092e-02  3.07902694e-01  3.79939318e-01  3.03502619e-01
   1.31779581e-01  2.80934628e-02  3.25772196e-01  4.48150784e-01
   1.59634531e-01  3.53689283e-01]
 [ 3.03529620e-01 -3.28040272e-01 -4.56849560e-02  3.00506920e-01
  -2.20509231e-01  4.56867665e-01  8.04420933e-02  2.19963029e-01
   3.17663789e-01 -4.17323381e-01]
 [-2.02860758e-01 -2.99276829e-01  2.48935103e-01 -9.90900397e-02
  -1.99107453e-01  1.86404794e-01 -4.29344267e-01 -1.05887525e-01
   5.91026187e-01  3.57758403e-01]
 [ 1.50651097e-01 -1.73405781e-01  2.90858179e-01 -4.46565956e-01
  -7.44078606e-02  9.53137875e-02  2.48349011e-01 -3.61241698e-01
  -1.37190402e-01 -7.85474665e-04]
 [ 1.26136571e-01 -4.19514656e-01 -1.87307801e-02 -4.44768339e-01
   4.31152910e-01  6.23278618e-01  2.72541791e-01 -8.75798911e-02
   1.81051046e-02 -3.67953151e-01]
 [-7.55811185e-02 -4.38633889e-01  1.46549782e-02  1.29865870e-01
   3.57416600e-01 -3.12528402e-01 -7.27560669e-02  2.82822341e-01
   8.51923585e-01 -2.13270277e-01]
 [-4.23289239e-01 -5.72255291e-02  4.96342629e-01 -2.47221693e-01
  -6.15213402e-02  1.95918024e-01 -1.84262276e-01  3.28920513e-01
  -1.83459789e-01  4.48702902e-01]
 [ 2.37094611e-01  3.56359392e-01 -4.26769495e-01 -2.57332414e-01
   2.66523868e-01 -4.40895438e-01  2.34967574e-01  2.42295340e-01
   5.57149529e-01  4.90227580e-01]
 [-7.87264645e-01  1.10311903e-01  1.28146482e+00  1.52504876e-01
  -4.16863337e-02  1.62371600e+00 -7.06762373e-02 -1.17027462e+00
  -1.64523935e+00 -1.15659945e-02]]
Peso 2:
[ 0.39779428  0.00698081 -0.2603205   0.08521368  0.00447035 -0.29484823
 -0.03411521  0.53639877  0.9697261   0.06787957]
Camada: saida
Peso 1:
[[ 1.0323013  -0.20350602]
 [-0.60293937 -0.69249016]
 [-0.7368874   1.22863   ]
 [ 0.06420975 -0.66257805]
 [ 0.5079285   0.3319503 ]
 [-1.4147646   1.0665216 ]
 [ 0.20992514  0.23725386]
 [ 0.58363515 -1.3443496 ]
 [ 1.5079042  -1.6871868 ]
 [-0.21889217 -0.63453376]]
Peso 2:
[ 0.2638121  -0.26381025]



pesos modelo: 
Test loss: 3.8041, Test accuracy: 0.1293
Camada: meio
Peso 1:
[[ 1.18788183e-01 -3.64476562e-01  1.43399000e-01 -2.33954772e-01
   2.92259574e-01 -2.05888629e-01 -2.22333074e-01 -5.32163680e-02
  -1.14275068e-01 -4.18481112e-01]
 [ 2.35389322e-01  4.17575151e-01  2.90638983e-01  3.42263728e-01
  -1.07773781e-01 -2.52343118e-01  2.94912398e-01  7.16001019e-02
  -2.12807715e-01 -1.81273803e-01]
 [-1.19090594e-01  6.87075332e-02  1.75556362e-01  4.90256101e-01
  -3.06864560e-01 -2.32944816e-01  1.97560772e-01  4.19348270e-01
   3.50270182e-01  2.20054731e-01]
 [ 2.54153073e-01  3.43756557e-01  1.14389956e-01  2.84179598e-01
   3.04855347e-01  2.13159367e-01  1.42159864e-01 -2.99730897e-01
  -2.38464728e-01  6.08879998e-02]
 [ 4.12059009e-01  2.16993421e-01  1.82885528e-01 -3.13502699e-01
  -3.57500046e-01 -4.07479733e-01  5.08814812e-01  9.79929790e-02
   1.61158480e-02 -3.43769252e-01]
 [-1.97390839e-01 -3.94182980e-01  2.51819819e-01  3.30104589e-01
   4.33475912e-01  2.09634602e-02  2.60752112e-01  3.39383155e-01
  -1.18141860e-01  1.21061668e-01]
 [-1.54364154e-01  1.85272530e-01  1.98426038e-01  4.37847041e-02
  -4.38962489e-01  1.11992809e-03  2.47193962e-01 -1.44528538e-01
   5.19520752e-02 -1.02335088e-01]
 [-1.49371130e-02 -3.15101951e-01  2.64657974e-01  3.10181409e-01
  -4.43293363e-01  5.33529185e-02  2.30979607e-01 -9.49357823e-02
   8.95554274e-02 -3.24250638e-01]
 [-1.90871850e-01  5.54876268e-01  6.87516332e-02 -1.17110483e-01
  -3.57364565e-01  1.52052432e-01  2.31901884e-01  4.24721688e-01
  -4.46997643e-01 -1.12514012e-02]
 [ 2.37428442e-01  1.81673750e-01 -3.40856388e-02 -7.28356913e-02
  -4.21251804e-01  2.40925968e-01  2.86418974e-01  1.15696646e-01
  -1.91129640e-01  1.06383882e-01]
 [-2.56283253e-01 -2.72034049e-01 -2.40833089e-02  4.03603226e-01
   4.05182950e-02  4.34926927e-01 -6.29343614e-02  4.47404295e-01
  -2.04963222e-01 -1.04572915e-01]
 [ 3.31656098e-01 -4.81340066e-02 -1.47547215e-01 -2.88195461e-01
  -2.05589294e-01  2.24733844e-01  3.47919434e-01 -3.92958403e-01
  -8.14466551e-02  3.78695309e-01]
 [ 2.00067252e-01 -1.60064220e-01 -3.21488857e-01  9.28284228e-02
  -1.83779389e-01 -2.18878701e-01  5.58360144e-02 -1.60578728e-01
   1.04162611e-01  2.89379925e-01]
 [ 5.20112634e-01 -3.78488958e-01  2.86054641e-01 -4.78688985e-01
   4.43955898e-01  3.37527245e-01  2.46352673e-01  3.44858974e-01
  -2.56503612e-01  5.91632783e-01]
 [-6.89326525e-02  3.06895711e-02  3.16792876e-01  1.30302295e-01
   3.55146021e-01  5.42421127e-03 -3.03988338e-01 -1.74410373e-01
   1.53860301e-01  2.02044860e-01]
 [-2.20887676e-01 -2.59737879e-01 -5.60379803e-01  5.34661829e-01
  -3.40702325e-01  2.32030347e-01  3.93153369e-01 -2.03175172e-01
  -1.67505816e-01 -2.70492107e-01]
 [ 9.75752622e-02 -8.00987631e-02  4.96333003e-01  2.82333195e-01
   4.44627076e-01 -3.77988487e-01 -4.27060202e-02  1.88530117e-01
  -1.24366321e-01  4.76229936e-01]
 [-3.42743069e-01 -4.68324833e-02 -1.10729277e-01  3.64813268e-01
  -1.83486119e-02  2.41240397e-01  9.42318797e-01 -3.94859880e-01
  -2.41679832e-01 -1.39222592e-01]
 [ 6.55753076e-01 -4.37873483e-01  1.88585711e+00 -6.80127323e-01
  -4.58436698e-01 -6.23987801e-02 -1.78704071e+00  2.05090806e-01
   1.47045972e-02  6.53598905e-01]]
Peso 2:
[-0.07191802  0.20227358 -0.43925652  0.4106033   0.08910113  0.08386698
  1.0503749  -0.04041469  0.02264325 -0.18458176]
Camada: saida
Peso 1:
[[-0.2941679   0.8135309 ]
 [-0.09072496 -0.78308636]
 [-1.8886613   1.0639945 ]
 [ 0.32086807 -1.1450354 ]
 [ 0.63144517 -0.17287035]
 [-0.24840808 -0.7220992 ]
 [ 1.6483     -1.7896289 ]
 [ 0.27862462  0.6859737 ]
 [ 0.31808516 -0.05525384]
 [-0.4793311   0.7059948 ]]
Peso 2:
[ 0.40542293 -0.40542206]



pesos modelo: 
Test loss: 3.3816, Test accuracy: 0.2776
Camada: meio
Peso 1:
[[-0.07721782 -0.17112806 -0.4332508   0.24107105 -0.21958037 -0.00531596
   0.13884008  0.21603179 -0.35009575  0.05315149]
 [-0.39661422  0.05806456  0.14305517  0.2266685  -0.13804553  0.24082418
  -0.10579215 -0.21894147 -0.29782787 -0.1159084 ]
 [-0.14209475 -0.40116513 -0.10291675  0.25865772  0.12319627  0.3556782
   0.00788417 -0.36219466  0.03570941 -0.2418611 ]
 [ 0.19226098 -0.1528756   0.3300657  -0.01714137  0.1847638   0.17440397
   0.45981747 -0.43394524  0.19393903  0.38370132]
 [-0.21305934  0.20771259  0.20420714  0.44933626 -0.08222815  0.35396448
  -0.17663169 -0.11814456 -0.04611339 -0.4671494 ]
 [ 0.1958944   0.00499894 -0.05725298  0.14106071 -0.07189894 -0.09036906
   0.08786505  0.35722205  0.08820399  0.33333465]
 [-0.36873376  0.25420243  0.16116254 -0.19439739 -0.1336609   0.42128906
  -0.07395032 -0.24346386  0.3781823  -0.09432523]
 [ 0.00604021 -0.43716034 -0.09649341  0.08498813  0.16409971  0.36367998
   0.21323     0.2152333  -0.31131485  0.2320536 ]
 [-0.20276108 -0.3368627   0.12707384  0.45073277  0.21839625  0.21898331
   0.2925701  -0.27830452 -0.40769005 -0.45257285]
 [ 0.03347685  0.11821171 -0.36811674 -0.24060546 -0.04379289 -0.03121218
   0.15705816 -0.06920616  0.40458667  0.22260283]
 [ 0.16326752 -0.15487678 -0.18145043 -0.08582827  0.34020004  0.3911554
   0.46460482 -0.10613641  0.04092432  0.31555498]
 [ 0.1716678   0.25927     0.19805416 -0.06971396 -0.04366703 -0.13608153
   0.31892186 -0.31050143 -0.04832876  0.25598788]
 [ 0.34887716 -0.46551996 -0.3235956   0.3533365   0.13903347  0.49983883
  -0.05449527 -0.23475763 -0.43116307 -0.2875432 ]
 [ 0.01462316  0.23137023  0.36887652  0.01817616  0.71585417 -0.12190424
   0.18959738 -0.11016008  0.36515275 -0.16941479]
 [-0.30092174  0.38427988 -0.06398529  0.08168844  0.32851705 -0.5118176
  -0.13243431  0.37885863 -0.19404386 -0.01970333]
 [-0.29478016 -0.10101057 -0.40278608 -0.28056726 -0.69922334  0.70347
   0.7336339  -0.34399468 -0.4269141   0.3708671 ]
 [-0.24088582  0.26803038  0.44594175  0.08364257  0.5539532  -0.03912368
  -0.09128127  0.07463317  0.13058797 -0.29705343]
 [ 0.14025849  0.10243198  0.16744567 -0.10654975 -0.5691133   0.24545468
   1.0542      0.15274186 -0.27699706  0.01976142]
 [-0.14402036 -0.21019155  0.69654566 -0.6716716   2.2827077  -0.65938056
  -1.1396898   0.20635815 -0.2717099   0.01624531]]
Peso 2:
[-0.12237334 -0.12394486 -0.05591541  0.29917315 -0.6792087   0.5141847
  1.0832418  -0.0113349   0.0415654  -0.04637972]
Camada: saida
Peso 1:
[[ 0.05925522  0.32603645]
 [-0.04987307 -0.01786879]
 [-0.7403798   0.14269172]
 [ 0.63796026 -0.38777658]
 [-1.8910103   1.7824084 ]
 [ 1.0741113  -0.45581713]
 [ 1.5936878  -1.195421  ]
 [ 0.4717771   0.26895523]
 [ 0.31254742  0.00811351]
 [ 0.23083301  0.13979197]]
Peso 2:
[ 0.6203262  -0.62032586]



pesos modelo: 
Test loss: 3.5898, Test accuracy: 0.2350
Camada: meio
Peso 1:
[[-0.15547171  0.2640109  -0.01531833  0.41957957  0.06716555  0.26506847
   0.122675    0.29640257 -0.40766528 -0.09408954]
 [ 0.07449859  0.35423088  0.38083452  0.4086886   0.250534    0.4664514
   0.2767412  -0.3828931   0.04454823 -0.34735453]
 [ 0.19056533  0.27964464  0.24233453  0.39822757 -0.27103806 -0.32766977
   0.24230121 -0.11662297  0.32258594 -0.13159162]
 [-0.13114439 -0.34565073 -0.36965483 -0.07652383 -0.00388894  0.31249684
  -0.32843202  0.00961013 -0.1883693  -0.00690493]
 [ 0.05996038 -0.15001504  0.22413552  0.20019884 -0.3461261   0.28755978
  -0.2668878  -0.01876948 -0.04850793  0.46141702]
 [ 0.26821133  0.3362884   0.2891728   0.1096108   0.37812355  0.38312918
   0.12777807  0.1952997   0.03191062  0.00577141]
 [ 0.4768161  -0.37922955  0.17501551  0.08629081 -0.35187095 -0.23747262
   0.27317685 -0.31841227  0.27958158 -0.14844003]
 [-0.06747221 -0.24663928  0.25766736  0.19387202  0.28185987  0.4288044
  -0.43216878 -0.01433475 -0.29286167  0.4216176 ]
 [ 0.36520833  0.20968981  0.45604742  0.23039117  0.47325197 -0.3029432
   0.17532969  0.31282872 -0.06712064 -0.30718058]
 [ 0.3032296  -0.3320371   0.24895434  0.26071432  0.2637287  -0.16266485
  -0.22885725 -0.14755972  0.34786373  0.40855294]
 [ 0.35545233 -0.1671989   0.18633413 -0.1380024   0.39688936 -0.13087755
   0.4521402  -0.36323795 -0.31306332 -0.33368573]
 [ 0.32597855 -0.14386246 -0.1686736  -0.24006017  0.1076968  -0.11389365
  -0.4775438  -0.39460874 -0.07920931  0.26577362]
 [ 0.12143303 -0.40903622  0.30276972  0.21795103 -0.4121639   0.1576887
  -0.08116026  0.13391119 -0.0554985   0.38527498]
 [-0.22874755 -0.06928353  0.6782591   0.44444966 -0.18194492  0.04759316
  -0.15495953 -0.45868263  0.7217036  -0.41421494]
 [ 0.1674113  -0.4175179   0.55695605 -0.08319513 -0.30594817  0.35441187
   0.13724479 -0.3921055   0.7433103   0.20888712]
 [ 0.6915258  -0.36962855 -0.44672096  0.6778164  -0.02079551 -0.3191024
   0.39427575  0.22158961 -0.27414238 -0.15690547]
 [-0.4090126  -0.38967404  0.41265714  0.07853471 -0.41799894 -0.56307197
   0.19610634  0.02862758  0.17777637  0.22731087]
 [ 0.74587905  0.03463191 -0.04947808  0.69452775 -0.33426577  0.19102626
   0.2872552  -0.09668393 -0.39258543 -0.2914673 ]
 [-1.3292173   0.12368412  1.4749984  -1.7003288  -0.07915561 -0.31579977
  -0.11698166 -0.0792346   1.0299037  -0.5825387 ]]
Peso 2:
[ 0.99071807 -0.0360903  -0.38107705  0.8326597   0.10658601  0.07140744
  0.04454423 -0.10219193 -0.09538636  0.2028227 ]
Camada: saida
Peso 1:
[[ 0.95786995 -1.7446654 ]
 [-0.23702607  0.27459753]
 [-1.265711    0.95924276]
 [ 1.2215056  -1.7499467 ]
 [ 0.65292704  0.12736525]
 [-0.01789928 -0.6537975 ]
 [-0.01520272 -0.44668463]
 [-0.577415    0.24585642]
 [-0.6603093   1.0171916 ]
 [ 0.381576   -0.38659504]]
Peso 2:
[ 0.36943227 -0.36943206]



pesos modelo: 
Test loss: 3.2869, Test accuracy: 0.1713
Camada: meio
Peso 1:
[[ 0.35373956 -0.14432415  0.3918236   0.3840214  -0.22563756 -0.37317163
   0.02782148  0.1628871  -0.07803106  0.22693694]
 [ 0.08055173 -0.01908538 -0.2633386   0.3395921   0.19399932  0.07029148
   0.26721123  0.27536908 -0.1950364  -0.33584657]
 [ 0.08554118  0.27628288  0.21442191  0.09649505  0.27164125  0.14309393
   0.4011145   0.30322665  0.1420109   0.4355193 ]
 [ 0.07571268 -0.43410173  0.07474273 -0.2885288   0.10037652  0.48054826
   0.28206277  0.1660752  -0.14472562  0.4486692 ]
 [ 0.1271495   0.2547302  -0.07171695  0.04578775  0.42919058 -0.12313803
   0.11895268  0.32253534 -0.5118487   0.13591474]
 [ 0.37307373  0.1648283   0.14143226 -0.3195129   0.18180946  0.35233703
   0.15988031  0.3615595  -0.18158577 -0.1444891 ]
 [-0.00588446  0.12985593 -0.31867236  0.4978691   0.2871865   0.11605921
   0.1792434   0.35874993  0.28515255  0.20124997]
 [-0.21476555 -0.30524108  0.05755499 -0.22528933  0.34290513  0.2689496
   0.2726532   0.40411723 -0.485461    0.14611185]
 [ 0.35967088 -0.1777776  -0.05434281  0.08669312  0.20575401 -0.23286715
   0.4399017  -0.05013871  0.12993774  0.29029977]
 [ 0.2323538   0.03461473 -0.339649    0.37593397 -0.00254131  0.3634101
  -0.2523417   0.0982628  -0.21926856 -0.16588232]
 [ 0.31617925 -0.3335474   0.05987928  0.11429296  0.19669224  0.12698875
   0.04955765  0.12912375  0.16501316  0.21203734]
 [-0.2550045  -0.11136537  0.18308519 -0.23482023  0.22262326  0.28859046
  -0.13088007  0.27464774  0.20019402 -0.35622808]
 [-0.35335726  0.12994799 -0.30102286  0.19683036  0.18039656 -0.03203171
  -0.29805082 -0.01999843 -0.3351417  -0.28954667]
 [-0.06533582  0.27876687 -0.19680367 -0.44794348 -0.13010037 -0.24573226
  -0.31518215  0.21358012  0.2252711   0.48287478]
 [-0.15016529 -0.14587934  0.2830952  -0.19951661  0.15275736 -0.16140546
   0.11936709  0.74867344 -0.47420296  0.53548974]
 [-0.37534097  0.01877696 -0.34547234  0.41583404  0.6976459   0.642078
  -0.19899316 -0.35727555  0.08604597 -0.09735285]
 [ 0.34256166 -0.2575993  -0.0828701  -0.23555806 -0.32020685  0.1568731
  -0.2364011   0.54369694 -0.15765187 -0.07786301]
 [-0.2889791   0.3403185   0.1781718  -0.167245    1.0419244   0.10318846
  -0.15095459 -0.58987546  0.1846747   0.13012709]
 [-0.5197484   0.25352985 -0.05994043 -0.01714888 -2.0587184  -1.1248605
  -0.48082298  1.4232349  -0.28028223  0.35145327]]
Peso 2:
[ 7.7654235e-02 -6.1691669e-04 -1.6939090e-01  2.3575617e-01
  1.2756052e+00  7.2005522e-01  1.5724459e-01 -2.1251410e-01
 -2.3247568e-01 -4.5635577e-02]
Camada: saida
Peso 1:
[[ 0.65169597  0.16808888]
 [ 0.20964313  0.20554043]
 [-0.36480257  0.18938832]
 [ 0.43563542 -0.5734389 ]
 [ 1.8860602  -1.9380299 ]
 [ 0.56650275 -1.3963192 ]
 [ 0.19518219 -0.45678163]
 [-1.4408592   1.1366932 ]
 [-0.18511799  0.55746335]
 [-0.31135428  0.34216702]]
Peso 2:
[ 0.02347671 -0.02347474]



pesos modelo: 
Test loss: 3.5973, Test accuracy: 0.1776
Camada: meio
Peso 1:
[[-0.41402537 -0.08367711 -0.07413793  0.13250548 -0.146519    0.0519821
   0.1788975  -0.2207428  -0.05538151 -0.21075149]
 [-0.3618233   0.5190585  -0.1236597   0.21713126  0.38732138  0.17354093
  -0.26303083 -0.11813448  0.1973965   0.4185844 ]
 [-0.403578    0.44866237  0.35714754  0.11198252  0.26969624 -0.07034001
  -0.07961565 -0.25875518  0.32849142 -0.06106772]
 [ 0.01820507 -0.14603263 -0.02111519 -0.39368978 -0.05234316  0.3829216
  -0.17010574 -0.01102267 -0.26200727 -0.29886138]
 [ 0.15100232  0.13184203  0.45350704 -0.00814519  0.33999625 -0.35888273
   0.40684673 -0.04246381  0.327334    0.30130166]
 [-0.40500563 -0.07683097  0.01609851  0.22651489  0.51520455 -0.2652787
   0.02847307 -0.19517702  0.08991513 -0.2021531 ]
 [-0.07757295  0.42213652  0.3585415   0.13427897 -0.23291111 -0.27142656
  -0.03154624 -0.31302354  0.03497652  0.27997857]
 [-0.03372321  0.25042742 -0.13222514 -0.41047138  0.23942666 -0.2478582
  -0.364451    0.01387705 -0.00441983  0.39697337]
 [ 0.30515683 -0.04866648  0.00524623  0.05422135  0.1479284   0.41447884
  -0.20802417 -0.41015252 -0.09954388 -0.27640513]
 [-0.2066753  -0.19658095  0.4385951   0.2415901   0.16469102  0.2032145
  -0.44922233 -0.20703903  0.10948037 -0.16734932]
 [-0.33342892 -0.03197581  0.22731423 -0.19936955  0.11409064  0.27143514
  -0.14693058 -0.3626456   0.05928154  0.08838806]
 [-0.24679933 -0.20808314  0.2541489  -0.2094884   0.27557778 -0.10675079
  -0.20378532 -0.17035165  0.10326172  0.10659729]
 [ 0.3034894  -0.07491677  0.5517535  -0.3487325  -0.20151983  0.31178376
  -0.286249    0.34711036  0.07229901  0.33606786]
 [ 0.10382371 -0.18012385  0.20489441 -0.01748767  0.07896005 -0.3195338
  -0.39199698  0.41934022  0.5573811  -0.23459889]
 [ 0.315676   -0.15832122  0.03482074 -0.34607086  0.2035764  -0.4086696
  -0.04246743 -0.19005345  0.5903435   0.23173836]
 [ 0.00662104 -0.24875389  0.6108154  -0.1345236   0.40174407  0.19322586
   0.14958914  0.3531069  -0.7838871   0.58908886]
 [-0.08514774  0.54074824 -0.5330578  -0.20577557 -0.08651489  0.38839445
   0.05699779  0.36979297  0.2950475  -0.31134453]
 [-0.26728716  0.47892997  0.46657702 -0.0338972   0.7374784  -0.29562268
   0.2890973  -0.25804567 -0.5274617   0.3509143 ]
 [ 0.15262353 -0.7242265  -0.9035609  -0.40024588 -1.0591674  -0.01614111
  -0.23793358  0.5087861   2.4951746  -0.07866484]]
Peso 2:
[-0.0159201   0.34653473  0.69838494 -0.07669336  0.629878    0.12030309
  0.0066598   0.04843194 -0.64030665  0.21404019]
Camada: saida
Peso 1:
[[-0.3895645  -0.24606206]
 [ 0.9663004  -0.13582446]
 [ 0.67497224 -1.3998954 ]
 [-0.36177298 -0.10749096]
 [ 1.2788434  -0.87416834]
 [ 0.3903822  -0.18777189]
 [ 0.35584715  0.23065647]
 [-0.4021373  -0.11462072]
 [-2.3610196   1.4409486 ]
 [ 0.2409486  -0.48768246]]
Peso 2:
[ 0.47467512 -0.47467345]



pesos modelo: 
Test loss: 3.7267, Test accuracy: 0.1572
Camada: meio
Peso 1:
[[ 3.30965877e-01  1.05292320e-01  1.37985766e-01  3.75083625e-01
  -4.05539304e-01  4.84192967e-02 -2.47859165e-01  7.14130998e-02
   1.24637783e-02  1.35429800e-01]
 [ 2.92144984e-01 -3.95067036e-01  4.11075860e-01  1.31846204e-01
  -2.24286348e-01  2.82495767e-01 -4.31992441e-01 -1.33934459e-02
   1.30021557e-01  1.30143553e-01]
 [ 1.06334919e-02 -4.45198417e-01 -1.56641528e-02  1.06628872e-01
   3.40742350e-01  2.23723620e-01 -3.92529368e-01  1.85132191e-01
   4.70799543e-02  1.08366981e-01]
 [ 2.77876914e-01 -3.51831913e-01 -1.83482572e-01  4.54709709e-01
   2.33358279e-01 -2.11539015e-01 -6.86945394e-02 -2.30615735e-01
  -2.19545081e-01  5.93027771e-02]
 [-1.71344072e-01  3.29872847e-01  5.12962379e-02  2.08429471e-01
  -3.29124302e-01 -4.54500243e-02  4.37922269e-01 -1.95649788e-02
   2.35584825e-01 -1.44690499e-01]
 [-2.24445134e-01  1.58312067e-01 -7.30070397e-02  1.80202752e-01
   3.46155763e-01  4.67093557e-01  2.34619738e-03  3.43639791e-01
   5.87564409e-02  1.28075659e-01]
 [ 1.77589178e-01  1.97575688e-01  2.26386368e-01  3.08729142e-01
  -1.56343117e-01  1.01052597e-02  4.10140932e-01 -8.49139616e-02
  -1.97046667e-01 -2.26453170e-01]
 [-1.36324976e-04 -2.60440081e-01 -3.64179164e-01 -1.14548743e-01
   5.03575861e-01  1.85989618e-01 -4.17352706e-01 -3.57131037e-04
  -2.33225152e-01 -2.13299796e-01]
 [-2.44857788e-01 -2.15904847e-01 -1.66310146e-01  3.83748889e-01
   1.95413724e-01  2.15917617e-01  1.36089593e-01  1.01920836e-01
   1.31717578e-01  2.63101578e-01]
 [-2.00199708e-01 -9.14131699e-04 -1.84487894e-01  6.35178620e-03
  -6.67684823e-02 -1.71810433e-01 -3.74966770e-01  1.96441248e-01
   4.70544189e-01 -2.44548962e-01]
 [-4.35194761e-01 -1.98539212e-01  2.83384714e-02  1.62394240e-01
   3.41735750e-01 -1.15449354e-01  3.60152304e-01 -2.54350007e-01
   1.90095678e-01  4.02738661e-01]
 [-3.89146000e-01  1.97929770e-01  2.06522897e-01 -3.31905521e-02
   7.89417177e-02  5.12812793e-01 -5.52588478e-02 -1.06239386e-01
   9.76564884e-02  4.23600733e-01]
 [ 3.09058577e-01  1.43619224e-01  5.94614446e-02 -7.43086711e-02
  -1.67848080e-01  2.98489124e-01  2.39366829e-01 -9.86013096e-03
   4.04143572e-01  1.63209379e-01]
 [ 1.38329089e-01 -3.01595539e-01 -5.76755684e-03  8.37109685e-02
   4.82345700e-01 -3.80329847e-01 -7.28369951e-02  5.92282474e-01
   3.02128583e-01  6.46910608e-01]
 [ 1.04374886e-01 -3.26517522e-01  2.11243838e-01 -5.79879284e-02
   2.13747665e-01 -4.52315629e-01  3.24946158e-02  4.99269813e-01
   3.88341784e-01  4.19996858e-01]
 [-3.55355799e-01 -1.21571505e-02  3.13104272e-01  5.98389268e-01
   6.17119431e-01  4.29443121e-02 -8.04214552e-02 -1.44037455e-01
   6.01252675e-01 -3.10155779e-01]
 [-2.30971903e-01  1.94846801e-02  3.45331997e-01 -2.80243516e-01
  -2.57433027e-01  5.28434217e-01 -8.40129107e-02  6.81819022e-01
  -2.69659609e-01  2.54008938e-02]
 [-5.54185361e-02  2.81907678e-01 -5.84609024e-02  5.93808353e-01
   6.61455765e-02  4.84523624e-01 -8.21247473e-02 -1.90370008e-01
   6.43274307e-01 -4.62138325e-01]
 [-2.33970791e-01 -3.14238012e-01 -5.79699099e-01 -6.28082871e-01
  -9.95088935e-01 -7.83907175e-01  3.83625150e-01  1.57075143e+00
  -1.18109274e+00  1.58950865e+00]]
Peso 2:
[-0.04678405  0.02094726  0.27247968  0.43834808  0.5225058   0.61412525
  0.0035174  -0.43115464  0.7075295  -0.19310778]
Camada: saida
Peso 1:
[[-0.5731992  -0.45036823]
 [-0.41137674 -0.5616241 ]
 [ 0.76365054 -0.04154658]
 [ 1.0816478  -0.54207426]
 [ 1.1297396  -0.54288465]
 [ 0.783653   -1.0914617 ]
 [-0.12203404  0.06682745]
 [-1.5094069   0.9695178 ]
 [ 1.0750415  -1.145651  ]
 [-1.3190438   0.97356987]]
Peso 2:
[ 0.37205034 -0.37204984]



pesos modelo: 
Test loss: 4.0031, Test accuracy: 0.1325
Camada: meio
Peso 1:
[[-0.11111471  0.08476734  0.35864747  0.1050269   0.02700672  0.4201011
  -0.37790933  0.03731936  0.15070093 -0.01961455]
 [ 0.08808434  0.02951656 -0.097371   -0.0362037   0.01560624 -0.08208219
   0.22665757 -0.18240066 -0.3213633  -0.02700664]
 [-0.40973395 -0.17760359 -0.03403017  0.13937202  0.10567863  0.08810531
  -0.03761585 -0.01403377  0.12737593  0.17396843]
 [ 0.36323884 -0.13228287 -0.34151983  0.10851692 -0.24701928  0.40293345
  -0.27161273 -0.12540893  0.3716696   0.2556179 ]
 [-0.23809764  0.36184782  0.1894778   0.45234287  0.42388293 -0.24009465
  -0.14843743  0.23912449  0.16307613  0.3264096 ]
 [-0.0659235   0.367588   -0.31634188  0.01783615 -0.09211306  0.1951655
   0.10067164 -0.15572539 -0.04229701  0.16750765]
 [ 0.29409233  0.24654701  0.3390879   0.29240054  0.23778367  0.39672434
  -0.1699734  -0.2361065   0.26258808  0.37608367]
 [-0.36466387  0.08497898 -0.18682717  0.32590738  0.39755473  0.35217798
   0.2390894   0.09534371  0.01104524  0.3170098 ]
 [ 0.05840469 -0.38048047 -0.2116528   0.26158547  0.30120093  0.09060151
  -0.28463155  0.05414627  0.32734618  0.35989356]
 [-0.16031058  0.19559143 -0.03717235  0.35601762  0.14550678 -0.1371137
   0.34879863  0.43020105  0.27522233  0.37040392]
 [ 0.23532447  0.05310607  0.01390054 -0.10720477 -0.03382171  0.33169216
   0.18255636  0.16195239  0.16797096  0.46134892]
 [-0.29934537 -0.2725612  -0.31313434  0.17987967 -0.1001697  -0.02560445
   0.02671339  0.12423041  0.16217431  0.12479846]
 [-0.29145855 -0.17730367 -0.25860748 -0.07361864  0.23928188 -0.2640865
   0.39515668  0.12812267 -0.10410249  0.2674363 ]
 [-0.20361446  0.43147674 -0.33633217 -0.14284135  0.12870438  0.14163789
   0.24376744 -0.09127145  0.47630355  0.05539331]
 [-0.39570183 -0.1630997  -0.2392155   0.11195559  0.523668   -0.18365438
  -0.15507022 -0.23313469  0.2535025  -0.19166034]
 [ 0.1018061   0.14338155  0.16358487  0.29863867 -0.36196035 -0.05447673
  -0.08295457  0.1136469  -0.34423605  0.69698507]
 [ 0.16807756  0.47102654 -0.3327431   0.09515303  0.03881112  0.20390053
   0.46700203  0.38037252  0.15186426 -0.29438898]
 [-0.3964026   0.23696242 -0.2845346   0.13256896 -0.05966419 -0.13488205
   0.02846291  0.10563809 -0.5947387   0.9590928 ]
 [-0.35310677  0.7091487  -0.0337148  -1.137162    1.2572187   0.11256897
   0.2202652   0.5608088   1.5755438  -1.6183926 ]]
Peso 2:
[-0.06551371 -0.0725124  -0.00136583  0.5907666  -0.32181117 -0.11622825
 -0.04393841 -0.02009418 -0.36034557  1.043025  ]
Camada: saida
Peso 1:
[[-0.09640945  0.14672984]
 [-0.09290291  0.6352975 ]
 [ 0.08676416  0.3255972 ]
 [ 1.0055823  -1.0295337 ]
 [-1.0953242   0.70341015]
 [-0.5014792  -0.08269919]
 [-0.5556483  -0.29676074]
 [ 0.08929598  0.7145942 ]
 [-1.461583    1.0312375 ]
 [ 1.5754591  -1.725107  ]]
Peso 2:
[ 0.40207896 -0.4020776 ]



pesos modelo: 
Test loss: 3.3982, Test accuracy: 0.2602
Camada: meio
Peso 1:
[[ 3.27371180e-01 -1.88628018e-01 -8.68694782e-02 -4.13135022e-01
  -2.18009651e-02  4.06056464e-01 -4.32858765e-01  3.20057631e-01
  -4.44274664e-01 -4.33653057e-01]
 [ 2.18624890e-01  4.64631394e-02  3.16353291e-01 -1.31781492e-02
  -2.87702382e-01 -3.70485365e-01  2.70236433e-01  3.31796020e-01
  -3.70733529e-01  1.45584896e-01]
 [ 4.89718646e-01  3.60898912e-01  1.02703534e-01 -2.77170062e-01
   1.94667429e-01  1.10501861e-02 -3.86270255e-01  5.89574911e-02
   3.79701108e-01 -3.47141102e-02]
 [-4.53144871e-02 -2.32806936e-01 -2.36498304e-02 -2.87744075e-01
   3.66128385e-01  5.94675690e-02 -1.21338598e-01 -1.62065282e-01
   4.35803384e-01  1.58665612e-01]
 [ 3.39440852e-01  2.12365612e-01  2.43494198e-01 -2.60838449e-01
   1.94445122e-02  1.58216923e-01 -3.65834504e-01 -1.70202050e-02
   2.59151787e-01  2.76244879e-01]
 [ 3.24656278e-01  2.35527277e-01 -1.64947078e-01 -2.89742589e-01
   2.79600590e-01 -7.32335681e-03 -3.81073058e-01  4.01824087e-01
   4.52984989e-01  3.74630481e-01]
 [ 2.44373515e-01  2.15511210e-02  3.57972443e-01 -3.80625367e-01
  -2.05582842e-01 -2.31782869e-01 -4.23737645e-01 -3.26167703e-01
   2.68309474e-01 -3.99752170e-01]
 [ 3.70561808e-01  9.73443612e-02  2.00662151e-01  2.13324830e-01
  -1.71881720e-01  2.50403017e-01 -1.39264897e-01  3.36678445e-01
  -2.92869210e-01 -4.03374881e-01]
 [ 3.21131051e-01  1.31005332e-01  2.00235650e-01 -4.67269808e-01
  -6.08441867e-02 -1.48581803e-01  2.40276963e-01 -1.09068125e-01
   5.67461178e-02 -3.83297503e-02]
 [ 1.76611960e-01 -8.20957869e-02 -1.59865707e-01  1.76225677e-01
   9.58662331e-02 -4.56330806e-01 -4.19450432e-01 -4.57366347e-01
  -1.98642626e-01 -2.08863139e-01]
 [ 1.68308452e-01 -2.71576014e-03 -1.96915805e-01 -3.76172870e-01
  -4.60454859e-02 -2.85427943e-02 -8.86385664e-02  4.00664836e-01
   4.87893254e-01 -3.48922759e-01]
 [ 4.80148226e-01  2.08389536e-01  8.01982731e-02  3.41877073e-01
   3.40723723e-01 -2.35696420e-01 -1.11367568e-01 -2.38459125e-01
   1.24238886e-01 -2.97770739e-01]
 [ 1.97676629e-01 -1.46091208e-01  4.71682325e-02 -7.82827009e-03
   3.78022194e-01  3.78223509e-01 -4.36316401e-01 -1.49963722e-01
  -3.81347835e-01 -1.64698616e-01]
 [ 3.33534442e-02  6.90305650e-01  2.39875335e-02 -2.03801692e-01
   5.33869922e-01 -4.64534640e-01  2.50998020e-01  3.14386576e-01
  -3.63494784e-01  3.96781087e-01]
 [-3.24796200e-01  4.00902122e-01 -1.13417506e-01  2.63699859e-01
  -3.75018008e-02  5.99775463e-02  3.17687511e-01 -1.68611836e-02
  -6.32753298e-02  3.63063782e-01]
 [ 5.46456337e-01 -8.80520046e-01 -3.90599757e-01 -3.82378161e-01
  -4.83096778e-01  3.79132062e-01 -1.94066420e-01 -1.59838185e-01
   5.84911322e-03 -2.20762908e-01]
 [-1.36048660e-01  5.17287552e-01  1.21793635e-01 -1.55703068e-01
   3.06216866e-01 -1.56344131e-01  1.21526932e-02 -4.67841998e-02
  -2.47676298e-01  1.57400444e-02]
 [ 1.03891826e+00 -4.55587029e-01  3.28856021e-01  1.56758770e-01
   1.38101541e-02  4.90260683e-02  7.02296868e-02 -1.14835061e-01
   1.67574182e-01  4.69229400e-01]
 [-1.87455320e+00  1.91615117e+00  5.43026030e-01  4.33892868e-02
   4.85008210e-01 -4.47650909e-01  1.26793841e-03 -2.26159081e-01
  -3.55758816e-01 -2.61603445e-01]]
Peso 2:
[ 1.213031   -0.5790608  -0.05984721 -0.12298092 -0.1480793  -0.05804129
  0.00478251  0.01064882  0.18461184  0.13108492]
Camada: saida
Peso 1:
[[ 1.3367089  -2.2226124 ]
 [-1.6348082   1.6794338 ]
 [-0.0837524   0.46784008]
 [-0.16389622  0.5654156 ]
 [-1.0256351  -0.27677915]
 [-0.4483223  -0.43339884]
 [ 0.31803694  0.21589743]
 [-0.17429203 -0.33174488]
 [ 0.6783891   0.04714772]
 [ 0.64443904 -0.28225428]]
Peso 2:
[ 0.45698327 -0.4569807 ]



pesos modelo: 
Test loss: 3.5724, Test accuracy: 0.1690
Camada: meio
Peso 1:
[[-0.30727142 -0.17251086  0.28216958 -0.20035025  0.11710119 -0.44954103
   0.21372348  0.17644942 -0.0988048   0.42430317]
 [-0.24328445 -0.18973275  0.05793757  0.26624697  0.30082792 -0.31441805
   0.05839978 -0.29973298  0.18403338 -0.20647988]
 [ 0.27496195 -0.30153117 -0.19243042  0.3077839  -0.03195984 -0.18605304
   0.18912877  0.14249732  0.32391748 -0.18814497]
 [ 0.18933474  0.04328708 -0.01365641 -0.28248432 -0.10011653 -0.27685475
   0.50787956  0.08834746 -0.24549738 -0.04680865]
 [-0.44087827 -0.13783191  0.28054392 -0.10648341  0.541927    0.3051536
   0.15451658  0.10901801 -0.11109351 -0.25012606]
 [-0.01811668  0.4894246   0.17012943 -0.11241466  0.41405547  0.06397805
  -0.13479765 -0.12234811  0.15544263 -0.03317128]
 [-0.10830737 -0.01209318  0.12727137 -0.24524325  0.16970122  0.20529093
   0.23785186 -0.36588567 -0.32675588  0.23440556]
 [ 0.0483603   0.3061977   0.26219082  0.448684    0.07369195 -0.38027838
   0.46201077 -0.21541232  0.42386183 -0.3793603 ]
 [-0.4357908   0.2368501   0.15024374  0.2806816   0.28667438  0.38217086
  -0.06175284 -0.16012725  0.22971849  0.19868986]
 [ 0.16485696 -0.1119899  -0.04612815 -0.02449809  0.08835212 -0.1918208
   0.3093232  -0.06439905  0.09076889  0.03897273]
 [-0.20440863  0.45838538 -0.109808   -0.1330749  -0.15755464 -0.04266291
   0.11466265  0.10433042 -0.07607123  0.3556097 ]
 [-0.31143627  0.43956882  0.22870123  0.41269803  0.0102654  -0.38561812
   0.06078558 -0.09852673 -0.04401911 -0.39437792]
 [ 0.14943391  0.08296336 -0.2513241   0.19861767 -0.13139176  0.38610697
   0.25420475  0.05973582  0.39785978 -0.2750041 ]
 [-0.16203241  0.39326403  0.69596744 -0.18206204  0.03610148  0.15583423
   0.05164904 -0.39350498  0.4034545   0.25686437]
 [-0.3290002  -0.18697359  0.5411359   0.18959208  0.10833737 -0.11528086
  -0.15958656 -0.11504406  0.15312436 -0.3729034 ]
 [ 0.33840168  0.18315804 -0.46002835  0.00319609  0.8847404   0.12855203
   0.36835858  0.2190701  -0.01787149 -0.02836966]
 [ 0.22328866 -0.20119445  0.54147524  0.1873561  -0.02946717 -0.02682198
  -0.38400614  0.15753707 -0.06732746  0.4697073 ]
 [-0.26859987  0.48164585 -0.6154136   0.7008997   0.02606596 -0.26902393
   0.7037108  -0.07965305 -0.12418557 -0.23065342]
 [ 0.2522396  -0.7297675   1.9384881  -0.7447788  -1.1750249   0.21023504
  -0.9641555  -0.31365684  1.1038692  -0.20899163]]
Peso 2:
[-0.08184039  0.43679518 -0.4751558   0.49618348  0.8239199   0.00221598
  0.67753935 -0.19989483 -0.08830845  0.06831297]
Camada: saida
Peso 1:
[[-0.09311321 -0.6370002 ]
 [ 0.4487723  -0.8952494 ]
 [-1.0830792   1.9487209 ]
 [ 0.6948261  -0.86717206]
 [ 1.3869212  -1.235719  ]
 [-0.2921526  -0.15361762]
 [ 0.5907257  -1.2656674 ]
 [-0.6072857   0.6162904 ]
 [-1.1813353   0.20384791]
 [ 0.6692509  -0.2996348 ]]
Peso 2:
[ 0.35478717 -0.35478505]



pesos modelo: 
Test loss: 3.4259, Test accuracy: 0.1585
Camada: meio
Peso 1:
[[-0.21968046 -0.3807489   0.06135464  0.384277   -0.18291548 -0.1594001
   0.36752206  0.2051022  -0.36434793 -0.26253808]
 [ 0.13971084 -0.06355223 -0.28672072  0.2805016  -0.40824923  0.31009567
   0.20359223 -0.25301385  0.46710017 -0.42654666]
 [ 0.17741963 -0.199101    0.38529927  0.24915566  0.37991905  0.31822014
   0.27507296 -0.4537633   0.25059986  0.29476953]
 [-0.113094    0.11021269 -0.46610436  0.12423776  0.28217226  0.31963858
   0.3136746   0.00948676  0.16727065 -0.4099083 ]
 [ 0.00980973  0.5077899  -0.00232039 -0.01327902 -0.32309362 -0.29581442
   0.08421772  0.08551697 -0.03726041  0.33991957]
 [-0.034917   -0.1503877   0.15215115 -0.22039086 -0.364033   -0.30580664
  -0.10251555 -0.22997436  0.11680479 -0.18615112]
 [ 0.37640128  0.34903085  0.14359783 -0.23688032 -0.04278452 -0.31035462
   0.1577884  -0.37216973  0.15105256 -0.27000368]
 [ 0.24164112 -0.13387004  0.41793793 -0.08107318 -0.25904828  0.02933595
  -0.1345255  -0.05787844  0.30391043  0.12598956]
 [ 0.38185322  0.25747347 -0.23273018 -0.3319988   0.21215248  0.04058568
   0.03058654 -0.33738315  0.26745766 -0.3347632 ]
 [ 0.36275592 -0.00227954 -0.19305943 -0.09534875 -0.45457906  0.24177144
   0.26407382  0.29770556  0.41662824  0.1698702 ]
 [ 0.02982767  0.11819522 -0.1634021  -0.04214634  0.39945936 -0.21158053
   0.06487682  0.10698103  0.1660742  -0.3159307 ]
 [-0.00300966 -0.24394362  0.30984417  0.42707127  0.39874083 -0.01916422
   0.23338173 -0.2759745   0.29220435 -0.12688075]
 [ 0.3570169   0.31367004  0.088053   -0.03818941  0.01448505  0.17924862
  -0.3042791   0.11542743  0.35896167  0.05207929]
 [ 0.6976124   0.36365047  0.15360655  0.42517465 -0.465178   -0.4275786
  -0.13201147 -0.38521257 -0.05871657  0.08542059]
 [ 0.51233286 -0.11003873  0.15048128  0.4077792  -0.02826798  0.11105192
   0.25884068  0.15397073 -0.077687   -0.33283252]
 [-0.23445493  0.6425698   0.223631   -0.24937055  0.45657375  0.13213237
  -0.10027941  0.29391664  0.8609789  -0.26194897]
 [ 0.2734557  -0.43879408 -0.01117982  0.503053    0.32055482  0.14147572
   0.01675028 -0.06240147 -0.03287158 -0.28985947]
 [-0.7370283   0.587207    0.19293655  0.15445264  0.24500366  0.04870588
  -0.2169418  -0.13342705  0.7018265   0.03446344]
 [ 1.492414   -0.5032935  -0.374473    1.1278474   0.16263582  0.32973668
  -0.6991957  -0.13711987 -2.042818   -0.13371842]]
Peso 2:
[-0.4335666   0.4984612   0.29254216 -0.13960825  0.01461232 -0.00911927
  0.22306749 -0.11657293  1.0703385   0.00153043]
Camada: saida
Peso 1:
[[-1.1746224   1.3489678 ]
 [ 0.63295615 -0.84849674]
 [ 0.7597217  -0.3827324 ]
 [-0.556337    1.0091871 ]
 [ 0.69744676  0.41994223]
 [ 0.38634962  0.40719306]
 [ 0.5705435  -0.28794402]
 [-0.04145822  0.4986854 ]
 [ 1.8827909  -1.6898724 ]
 [ 0.49488646  0.46097276]]
Peso 2:
[ 0.27805313 -0.27805114]



pesos modelo: 
Test loss: 3.9469, Test accuracy: 0.2298
Camada: meio
Peso 1:
[[ 0.06646878  0.03025091  0.39247328 -0.13785636  0.40731108  0.1392023
  -0.40984723 -0.08692053  0.27734566 -0.16013795]
 [-0.0570383  -0.33369282  0.21485521 -0.01746097 -0.06934083  0.29168957
   0.06380509 -0.15172823  0.03254368 -0.30102205]
 [-0.07841334 -0.0349385   0.03892196 -0.3818165   0.0706183   0.01540648
  -0.10799464 -0.18076938  0.23652214 -0.2739647 ]
 [-0.38000134  0.2814717   0.12916003  0.07355548  0.07887218 -0.43743157
  -0.05408646  0.20409466 -0.06691172  0.42309895]
 [ 0.12055743  0.3152513   0.1660253  -0.0879766   0.17686257  0.44798324
  -0.02811394  0.17343314 -0.17587593 -0.10762479]
 [ 0.20349553 -0.35723352  0.38853717 -0.11537325 -0.2854373  -0.2521173
   0.31128883  0.07738838 -0.1912137  -0.41928902]
 [-0.38442403  0.12771028  0.45360437  0.3829959   0.13681285  0.00712052
   0.3195577   0.07857028  0.13802803 -0.14185521]
 [ 0.11970822 -0.08367638  0.5823705  -0.16858204  0.4043649  -0.2932614
   0.3909496   0.07821494 -0.39300722  0.11130159]
 [-0.08756657  0.01210374  0.33422405  0.04654429  0.28848952 -0.42434278
   0.13825451 -0.11301365  0.39563826  0.42086336]
 [ 0.18638988 -0.01244979  0.04422724 -0.44954285  0.24955003  0.19965194
  -0.19957443 -0.21982676 -0.14630204 -0.09929979]
 [ 0.22460924  0.1308696   0.54604995 -0.37783045  0.03946814 -0.30214858
   0.41531375  0.26299635  0.01907774 -0.34880278]
 [ 0.21127445  0.06537535  0.24707633 -0.12361269  0.21977957 -0.06022498
   0.06006341 -0.2995699  -0.00240202  0.11039083]
 [-0.10201548 -0.183968    0.13616851  0.1627413  -0.12322276  0.04289789
  -0.0163414   0.08821397  0.32192805 -0.35188287]
 [-0.04927598 -0.38671    -0.09305339  0.08817501  0.12885402 -0.3111168
   0.53913647 -0.16238667 -0.24210624  0.25023267]
 [-0.10491107 -0.07622071 -0.09234262 -0.11837095  0.28037295 -0.3448022
   0.45985717 -0.33674762 -0.3708751   0.32601178]
 [-0.10896714 -0.28606015  0.70180213 -0.29973283  0.28089428 -0.07419875
  -0.541428    0.15583248 -0.3523802   0.02859464]
 [-0.21491414 -0.3914195  -0.1778479   0.2921196   0.3796147  -0.09338873
   0.3842646  -0.45877388 -0.08536707 -0.26690233]
 [-0.41928276 -0.18525179  0.823275    0.05084936  0.29008025  0.2959964
  -0.7204972  -0.34234956  0.34550297 -0.3361367 ]
 [-0.07977238 -0.3016513  -2.0600631  -0.2648268   0.6190177   0.24216723
   1.9474695  -0.34651798  0.14440937  0.05249297]]
Peso 2:
[-0.04072978 -0.09631371  1.3123618  -0.01099979 -0.15373464  0.02341784
 -0.45671612 -0.19888169  0.01401978 -0.00559575]
Camada: saida
Peso 1:
[[-0.00589699  0.10893798]
 [ 0.0059375   0.37688428]
 [ 1.5889516  -2.1682785 ]
 [ 0.10976486  0.13948807]
 [ 0.16697502  0.85961235]
 [ 0.65597135  0.4361121 ]
 [-1.6092342   1.5699488 ]
 [-0.34990522  0.556384  ]
 [-0.49400142 -0.6392548 ]
 [-0.48641732 -0.6679382 ]]
Peso 2:
[ 0.40911353 -0.4091127 ]



pesos modelo: 
Test loss: 3.3720, Test accuracy: 0.2274
Camada: meio
Peso 1:
[[ 3.0381143e-02  1.2521756e-01  2.5897127e-01  2.8921992e-01
   3.8720095e-01 -4.2588088e-01 -2.1835709e-01 -1.8847415e-01
   7.2254181e-02  3.3124542e-01]
 [ 1.5735872e-01 -3.3481640e-01  4.0267482e-01 -6.6926561e-02
  -2.2858237e-01  1.3788567e-01  2.6315504e-01  2.0651223e-01
  -1.7984085e-01  1.9188964e-01]
 [-2.0767321e-01  2.2792397e-01  1.1858981e-01  2.6604694e-01
  -1.3619496e-01  2.8519982e-01  3.0366406e-01  1.5574393e-01
   1.5343904e-01 -3.9491343e-01]
 [-2.3090822e-01 -1.0919291e-01 -1.2323423e-01  1.2511751e-01
   4.1504800e-01 -1.1541956e-01 -1.0619683e-01 -1.1517333e-01
  -9.1475703e-02 -1.4157535e-01]
 [-3.1193084e-01 -1.3459514e-01  1.8576899e-01  2.0627556e-02
  -7.4396124e-03  7.6015363e-03  6.5027274e-02 -1.4272362e-01
   1.2552963e-01 -3.1107393e-01]
 [ 3.0096883e-01  4.3581289e-01  1.8212494e-01 -2.5589165e-01
   1.6294415e-01 -1.9493314e-02  1.6784434e-01  8.6042240e-02
   6.0344167e-02  1.8599667e-01]
 [ 4.2364201e-01  8.0765970e-02  6.4346410e-02 -3.2238320e-01
  -3.2588220e-01  3.6341679e-01 -8.2763322e-02 -1.6713129e-01
  -3.3525337e-02 -2.0121907e-01]
 [ 1.3981188e-02 -1.0826630e-01 -7.2908685e-02 -4.4910848e-01
   1.5838963e-01  9.4513655e-02  6.7905568e-02 -8.6134588e-03
  -1.6071105e-01  3.0448166e-01]
 [-1.1267907e-01  4.2918468e-01  2.5316095e-01 -2.9436874e-01
   3.3722883e-01  7.8956448e-03  4.7917277e-02 -1.4208765e-01
   4.8318386e-01 -1.9186221e-01]
 [ 1.4368156e-01 -2.3569873e-02 -3.3029273e-01 -3.1814098e-01
   1.0680600e-01  7.2617732e-02  2.7994227e-01 -1.4508268e-01
  -5.5370335e-02 -4.1716260e-01]
 [ 9.1283970e-02 -2.4433309e-01  2.5321314e-01  3.8106489e-01
   3.4618154e-02  1.0451908e-01  2.4364482e-01  1.5339544e-01
  -6.1225664e-02  5.5212557e-02]
 [-2.7558061e-01 -6.6743016e-02  2.0712034e-01  2.3315343e-01
   4.6694472e-01 -1.3459322e-01  1.6039579e-01  1.2984625e-01
   1.3753773e-01 -2.4267460e-01]
 [-2.6324387e-03 -3.5465870e-02  2.1644042e-01 -5.7608244e-04
  -1.9758123e-01  4.2845470e-01  3.9393610e-01  8.1597697e-03
   3.2872209e-01  1.8045914e-01]
 [-1.7115071e-01 -4.6990630e-01 -6.0558790e-01 -9.4928592e-02
   5.2361780e-01 -1.9753064e-01  4.1862211e-01  6.3886195e-01
   1.1105648e-01 -2.2314088e-01]
 [ 2.1672834e-01  4.4914716e-01  1.9669087e-01 -2.6866195e-01
  -4.8387599e-01  2.7469498e-01  5.2685875e-02  6.8327731e-01
   2.8132358e-01  3.1749922e-01]
 [-2.1952217e-02  4.9783546e-01  7.6176745e-01  1.9033831e-01
   7.8214103e-01  3.2943308e-01  3.0084264e-02 -3.3800128e-01
  -4.2162916e-01  3.3787325e-01]
 [-2.8836036e-01  2.7029705e-01  2.5890985e-01 -3.2992172e-01
  -1.1211970e-01  3.5566798e-01 -4.6212736e-01  6.0010093e-01
   6.2093657e-01 -1.3360476e-01]
 [-1.4827815e-01 -1.2507482e-01  3.2563251e-01  2.8849160e-02
   7.7149533e-02  7.9646909e-01  5.3812218e-01 -7.7492505e-01
  -5.0214466e-02 -4.2030668e-01]
 [-3.1222843e-02 -4.8444179e-01 -7.8616017e-01 -1.7969590e-01
  -4.8292065e-01 -1.0974600e+00 -9.2360669e-01  1.5755851e+00
   1.6549890e+00  5.6078100e-01]]
Peso 2:
[-0.03396137  0.24372973  0.6674395  -0.04414136  0.54124624  0.55039644
  0.43130997 -0.53112483 -0.28189725  0.00383842]
Camada: saida
Peso 1:
[[ 0.23293425  0.49346888]
 [ 0.17825331 -0.7205124 ]
 [ 0.68829405 -1.2135572 ]
 [-0.5037617  -0.42572603]
 [ 0.9728818  -0.9314042 ]
 [ 0.8658253  -1.0812813 ]
 [ 1.4270893  -0.12214243]
 [-0.7510117   1.853246  ]
 [-0.8448105   1.4302795 ]
 [-0.22021392  0.53829753]]
Peso 2:
[ 0.52381325 -0.5238108 ]
