


pesos modelo: 
Test loss: 0.0025, Test accuracy: 1.0000
Camada: meio
Peso 1:
[[ 0.24676728 -0.07175258  0.19316053 -0.16828144 -0.16202796 -0.10441506
  -0.39790007 -0.15559703  0.23768795  0.14679772 -0.26618093]
 [ 0.4549021   0.4027049   0.10216933 -0.31681535 -0.4623418   0.21723288
  -0.12214443  0.02857894 -0.13226447  0.27568996  0.22589016]
 [-0.4452405   0.16649628  0.43372267  0.01972511 -0.12840486  0.01367584
   0.41195554  0.1917293  -0.3044713  -0.36617073 -0.30259234]
 [ 0.232937    0.27276447 -0.13881557  0.093218   -0.02796356 -0.06310409
  -0.01464497 -0.2490288   0.15274775  0.31840515  0.01072296]
 [ 0.41058722  0.19484517 -0.11697011 -0.03892473  0.00698271 -0.3317657
  -0.02210934  0.4060875  -0.09608194 -0.1984783  -0.21995482]
 [-0.34448496  0.0630103   0.3421963   0.00892048 -0.392696    0.40866846
  -0.00652953  0.07033222 -0.35709918  0.1762412   0.22182754]
 [-0.18798965  0.31637114 -0.45559707  0.04279518 -0.4265268   0.20571002
   0.24562076 -0.43602505 -0.3482399  -0.21580058 -0.18471843]
 [ 0.1644971   0.00664646 -0.4468194   0.09774887 -0.4271602  -0.17283893
  -0.37218678  0.04471879 -0.20859413  0.24874128  0.41007686]
 [-0.3979671   0.19349082 -0.39349726  0.03553577 -0.20064604  0.09939212
   0.24830422 -0.44015676  0.02670225  0.14225784  0.10932191]
 [-0.06434157  0.3600527  -0.15515871  0.23991181  0.2986361   0.13187402
   0.23445328 -0.02825937 -0.3663244  -0.41467828  0.371634  ]
 [-0.23974343  0.39363912  0.05191953  0.28450817  0.3104153   0.23185517
   0.35650492 -0.2159174   0.4411024   0.13061646  0.48636183]
 [-0.29162106  0.30558333 -0.37088144  0.19296376 -0.16439612 -0.07127403
   0.3945833  -0.3640837  -0.04163619  0.2509793   0.43389788]
 [-0.16281895  0.2924846   0.46475762  0.10168419 -0.13005537 -0.06196662
   0.14870639  0.27223983  0.16259661 -0.00588208 -0.0105237 ]
 [ 0.07720869  0.05673412 -0.34157187  0.07046489  0.36268294 -0.02592122
  -0.24482724 -0.31446144  0.28243855  0.36649394  0.2578019 ]
 [-0.23341233  0.14965118 -0.35185954 -0.12068473  0.22868717 -0.365205
   0.29875132  0.1262087   0.01117058 -0.49030617 -0.20825784]
 [-0.33231425  0.22262917  0.16027033  0.12631989  0.16621403 -0.3962688
  -0.32019106 -0.3345011  -0.41828573  0.12077814  0.05288297]
 [ 0.05781251 -1.8224112   0.16484104  2.5043876   0.15072988 -0.06852245
   0.5270269  -0.03893759 -0.10986806 -0.3281708  -0.8558428 ]]
Peso 2:
[-0.05467162  0.8960674   0.0028913  -0.16828458 -0.00348787 -0.03753225
 -0.03639184  0.00499492  0.01166309 -0.10362059  0.40205166]
Camada: saida
Peso 1:
[[ 0.4032541  -0.20355825]
 [-1.4458014   1.4705523 ]
 [ 0.36900005  0.26877367]
 [ 2.2411978  -1.1705256 ]
 [ 0.3737216   0.29108018]
 [ 0.35438603  0.2725314 ]
 [ 0.5431624  -0.18974304]
 [ 0.3733947   0.4874543 ]
 [ 0.5034081   0.6642533 ]
 [-0.07292406  0.02262255]
 [-0.5214801   0.75200117]]
Peso 2:
[-0.37880147  0.37880188]



pesos modelo: 
Test loss: 0.0032, Test accuracy: 1.0000
Camada: meio
Peso 1:
[[ 3.5304332e-01  1.7269409e-01  3.7133092e-01 -4.4202244e-01
   3.1844604e-01 -2.5424689e-01  3.2159555e-01  3.4903187e-01
   2.6588005e-01 -1.6518456e-01  1.6031229e-01]
 [ 8.4560156e-02  4.4344473e-01  2.8513908e-01  2.3223454e-01
  -4.2435655e-01  3.0903631e-01 -3.7370601e-01 -1.2877160e-01
   2.4628419e-01  3.0123061e-01  1.8681204e-01]
 [ 2.8404230e-01  3.2987994e-01 -2.1706845e-01  8.6646557e-02
   3.6539567e-01 -9.9602669e-02 -3.7757999e-01  8.6279333e-02
  -4.0537277e-01 -4.0758285e-01  2.5662720e-02]
 [-3.0341226e-01  1.5680224e-01  9.2917830e-02 -6.1406374e-02
   4.5309246e-01  3.7190679e-01 -4.6915346e-01  1.6086857e-01
   9.5609210e-02  2.5047123e-01 -3.4161505e-01]
 [-2.9826865e-01  2.3505357e-01 -2.7441806e-01  1.8366472e-01
  -2.6507868e-02  2.9199433e-01  1.8292306e-01 -1.5116607e-01
  -6.4460181e-02  9.9318124e-02  5.9704781e-02]
 [-2.1107647e-01  2.8190210e-01  3.6847192e-01  1.4781886e-01
   1.4788978e-01 -2.3920237e-01  3.4291202e-01  2.0234706e-01
  -3.7536314e-01  4.0649857e-02 -3.5637212e-01]
 [-3.4745011e-02  2.5753096e-01 -2.3215185e-01  2.3540583e-01
  -3.3949265e-01  2.2563331e-02 -4.1604668e-01 -3.0607595e-03
  -1.4800201e-01 -2.3687203e-01 -4.6899179e-01]
 [-6.1093714e-02  3.1699944e-01  1.7404722e-01  4.1197279e-01
   1.5945204e-01  9.4157033e-02 -2.0420793e-02 -1.9248495e-01
   7.8756012e-02 -2.9284754e-01  3.2870182e-01]
 [-1.4081351e-01  2.9967198e-01 -3.8860509e-01  2.9052305e-01
  -3.1426251e-01 -4.1957963e-01 -2.9531828e-01  1.3199782e-01
   1.2848990e-01  3.4432793e-01 -4.1175026e-01]
 [-5.2821126e-02  1.7483418e-01 -1.6063771e-01 -5.2750427e-02
   4.3374562e-01  1.2977050e-01  6.8591423e-02  2.9788354e-01
   4.4991702e-01  2.1210070e-01 -3.4628052e-01]
 [ 2.6221418e-01  1.2746917e-01  3.8818777e-01  8.2880028e-02
   4.9699894e-01  3.2799205e-01  2.6711065e-01 -1.9054800e-01
   2.9494259e-01 -3.1093425e-01  3.2605490e-01]
 [-2.7222466e-01  1.1266686e-01  2.6073918e-01  1.9995229e-01
  -2.0840977e-01  4.1694453e-01  2.9521987e-01 -2.3692147e-01
   2.5938177e-01 -2.4767791e-01 -7.2492778e-02]
 [-1.9703364e-01  1.1593567e-01 -2.0440377e-01 -2.4384071e-01
   6.1491132e-02  3.0041566e-01 -3.1159902e-01  4.3688539e-01
  -1.0093425e-01  2.0641148e-01 -4.8076700e-02]
 [ 2.2036070e-01  2.8784078e-01  1.2027182e-01  1.8044055e-01
   7.7961117e-02 -1.9270788e-01 -3.2024521e-01  4.3503639e-01
  -3.7080590e-02 -2.7599105e-01 -1.7210759e-01]
 [-9.3197764e-04  3.6400220e-01  2.1408096e-01  2.2682227e-01
  -1.0339934e-01  1.0108707e-01  1.0662957e-01  3.4682375e-01
   2.3024689e-01 -1.2634636e-01 -1.4747852e-02]
 [ 1.5211560e-01  2.6901436e-01 -3.2761014e-01  8.5699394e-02
   2.6857084e-01 -1.6024302e-01 -1.6482162e-01 -3.3459719e-02
   8.2905553e-02 -1.0636106e-01 -1.8917236e-01]
 [ 1.5998767e-01 -2.4367292e+00 -2.3735476e-01  1.7933254e+00
   2.9625794e-01 -1.0398628e-01 -2.9914400e-01  9.4858402e-01
  -4.5410883e-01  5.7643544e-02  1.7071871e-01]]
Peso 2:
[-5.9969433e-02  1.1540525e+00  6.1929889e-02  3.3802591e-02
  1.7517799e-04 -4.5243364e-02 -9.9782221e-02  7.7064343e-02
  7.7766255e-02  5.2481424e-03 -1.3357592e-01]
Camada: saida
Peso 1:
[[ 0.25347415  0.3230168 ]
 [-2.036071    1.8336803 ]
 [-0.2859903   0.4009982 ]
 [ 1.0921977  -1.4222574 ]
 [-0.24632883 -0.6960954 ]
 [-0.28679806 -0.35781527]
 [ 0.17724112 -0.00655069]
 [ 0.75386775 -0.41161478]
 [ 0.3143377   0.83047223]
 [-0.38697654 -0.2848903 ]
 [-0.28521258  0.30425298]]
Peso 2:
[-0.00554466  0.00554475]



pesos modelo: 
Test loss: 0.0019, Test accuracy: 1.0000
Camada: meio
Peso 1:
[[ 0.11580259  0.25991076  0.11247599  0.17936087 -0.19551697 -0.39900583
   0.30586833 -0.18518946 -0.35360456 -0.25885105  0.18193221]
 [ 0.0600034  -0.07988703 -0.24253857 -0.2928204  -0.07921281  0.34281492
   0.22098535  0.1372335  -0.24995805  0.13677317 -0.06997371]
 [ 0.36597627  0.20600575  0.10897577  0.34523278 -0.43973777  0.3145727
   0.08059889 -0.43848255 -0.20242226 -0.03335217  0.10463274]
 [-0.09392203  0.299789   -0.38276786  0.166383   -0.05270312 -0.05699408
  -0.04803836 -0.22553031  0.07814909 -0.23201013  0.49262223]
 [ 0.42492962 -0.23613875 -0.08911813  0.09334665 -0.37093538  0.31822798
   0.08878882 -0.3309857   0.4820113   0.32412317 -0.01585436]
 [ 0.37406537  0.25768876  0.08903594 -0.01674658 -0.16527094 -0.36365113
   0.2361546   0.34356862  0.02699734 -0.0665575   0.15670596]
 [ 0.16812328  0.02282285 -0.056816    0.33815974  0.24612977  0.15387554
  -0.24845229  0.38302767  0.29176128  0.3348925   0.07687294]
 [ 0.09386887 -0.00603358 -0.22749522 -0.24075596 -0.30326664  0.22844225
  -0.10367312 -0.2238258   0.20584214 -0.09529409  0.3094673 ]
 [ 0.06686635 -0.03733568  0.39346448  0.4432467  -0.24096224  0.2963879
   0.09158665 -0.13523096  0.2536311   0.12604888  0.15193976]
 [ 0.319717    0.5418289   0.3733025   0.16748056 -0.16324773 -0.4368308
   0.12830386 -0.17350213  0.03452338  0.2753137   0.3687374 ]
 [ 0.21915801 -0.00542369 -0.02292814  0.06337883  0.22042805 -0.21979153
  -0.01991593  0.2227073   0.16674054  0.38817072  0.0711439 ]
 [ 0.12655172 -0.12596652 -0.25785068 -0.13028777 -0.44925073 -0.09543251
   0.01254616  0.26271456  0.4481374   0.42870316  0.288836  ]
 [-0.11039004  0.17493881 -0.40735132 -0.32144716 -0.3043088   0.02829214
   0.12808192 -0.36411875  0.01359414 -0.24012423  0.47972372]
 [ 0.2758364   0.07553468  0.34944594  0.05265174 -0.39535096 -0.0152584
   0.41046965  0.15245268 -0.25619963 -0.30497578 -0.15765321]
 [ 0.41168356  0.27265003  0.10212774  0.24869171  0.07893482  0.21839263
  -0.43641007 -0.13407762  0.3370237  -0.07960834  0.30080563]
 [ 0.38951513  0.12246031  0.14769655  0.07934348 -0.45383793  0.2840873
  -0.08558519 -0.2946088   0.14590211 -0.10352289  0.12354127]
 [-1.4521013   1.5161719   0.44906655 -0.49140567 -0.13402578 -0.22410895
  -0.29483044 -0.34738734  1.4802089  -0.52543986 -1.8562523 ]]
Peso 2:
[ 0.39012212  0.00379865  0.05811094  0.2380375   0.04594026  0.05941451
 -0.05837315  0.13858284 -0.15690076  0.17268947  0.8204753 ]
Camada: saida
Peso 1:
[[-0.435554    1.5966468 ]
 [ 0.952213   -1.0377698 ]
 [-0.09415619 -0.5473849 ]
 [-0.30589852  0.536284  ]
 [-0.60549456  0.51051444]
 [-0.62398875 -0.08371378]
 [-0.28865966 -0.251153  ]
 [-0.40907714  0.42883867]
 [ 0.78922117 -1.4540834 ]
 [ 0.06877343  0.76859754]
 [-1.5323234   1.3415089 ]]
Peso 2:
[-0.0753517  0.0753516]



pesos modelo: 
Test loss: 0.0053, Test accuracy: 1.0000
Camada: meio
Peso 1:
[[ 0.1918943  -0.42312068  0.29893136  0.46272433  0.02492082  0.18164384
  -0.15006667 -0.06321585 -0.2217046   0.45261973  0.35687494]
 [ 0.13504171  0.14089537  0.06552207  0.27706236  0.07951552 -0.00276601
   0.04885942 -0.06725636  0.3314721   0.3837871  -0.15081319]
 [-0.42920163  0.04406333 -0.45522204 -0.3828416  -0.44049168  0.33386034
   0.05600286  0.37773824 -0.14949653  0.16663921 -0.16628811]
 [-0.04143827  0.60999084 -0.19592369  0.3528748   0.00417364 -0.01508426
  -0.15478502 -0.35217124 -0.15405923  0.20679775 -0.39531368]
 [ 0.42195582  0.10546338  0.15578836  0.09884655 -0.18575467  0.16887055
  -0.40026844  0.02524183  0.31324276  0.05892968 -0.4475663 ]
 [ 0.13337427  0.25257376  0.05831871  0.36289793  0.02047731 -0.01495157
   0.07430626  0.30436704  0.18367761 -0.03133964  0.16058134]
 [ 0.40267572 -0.21350339 -0.26838347  0.12596877 -0.34331167  0.10381006
  -0.08581327 -0.35278404  0.42538172  0.24412999 -0.21588422]
 [-0.09402176  0.28670278 -0.37818635 -0.27591437 -0.05455318 -0.11411575
   0.15659796  0.38148573 -0.43255606 -0.12034479 -0.18240894]
 [ 0.22584948 -0.06170946 -0.32738367 -0.3221666   0.03512999  0.02481269
  -0.065079    0.20916547 -0.1851939   0.28778282  0.3010823 ]
 [ 0.47214487  0.39013278 -0.0747043   0.16667612 -0.18446621  0.34358853
  -0.28425223 -0.13838682  0.4324748   0.01744824 -0.25976485]
 [ 0.3672321  -0.1584564  -0.4431917   0.3420664  -0.35733625  0.06012496
   0.11167097  0.19633608  0.31698725 -0.05271346  0.34427002]
 [ 0.42218187  0.51499695 -0.3886446   0.09596829 -0.39610496  0.25405914
  -0.05387821  0.29959303 -0.1442638   0.26621825  0.24979004]
 [ 0.13964196  0.20306078  0.25063354  0.3273149  -0.17520456  0.04255562
   0.0391501  -0.00624531 -0.11370511 -0.07250934  0.4886204 ]
 [ 0.43809336 -0.34839338 -0.08244019  0.01695277 -0.386553    0.02462631
  -0.0160664   0.202903    0.34838998  0.22447303 -0.3961922 ]
 [ 0.42021236  0.2307016   0.00538257  0.129453   -0.1419868   0.1982311
  -0.03764376  0.40660077  0.27480587 -0.33593655 -0.24144207]
 [ 0.23010518  0.07261334  0.34949502  0.09409858 -0.4067924   0.0977487
  -0.12524441  0.1665316   0.16064164 -0.28102183  0.35243627]
 [-1.3637719  -0.8094691   0.10582911  0.7360707   0.18012199  2.614064
  -0.37178     0.6397306  -0.16452405  0.65985453 -0.14142033]]
Peso 2:
[ 0.70889455  0.4693093  -0.05596088 -0.13812955 -0.00477114 -0.23891881
 -0.18415749 -0.08693462  0.07340153  0.02911608  0.13897792]
Camada: saida
Peso 1:
[[-8.3489698e-01  1.6222531e+00]
 [-7.8971255e-01  6.5743810e-01]
 [ 5.7901553e-04  4.3183017e-01]
 [ 5.5097508e-01 -2.0541941e-01]
 [ 5.2903205e-01 -3.1113777e-01]
 [ 1.8208303e+00 -1.7218689e+00]
 [ 5.1460028e-01 -4.9324071e-01]
 [ 5.8151406e-01 -1.4364052e-02]
 [-8.1532001e-01 -3.9634791e-01]
 [ 4.1935280e-02 -6.9499820e-01]
 [-4.8215663e-01  1.3702090e-01]]
Peso 2:
[-0.50267905  0.5026787 ]



pesos modelo: 
Test loss: 0.0087, Test accuracy: 1.0000
Camada: meio
Peso 1:
[[ 4.34029162e-01 -3.18718195e-01  3.32774520e-02 -2.67857075e-01
  -2.88491607e-01 -1.30718946e-03 -4.01125103e-01 -2.70478904e-01
   2.69260466e-01 -1.82078660e-01 -3.65867138e-01]
 [-2.52628386e-01 -3.38390112e-01  3.72532904e-01 -2.15356112e-01
   2.34688640e-01 -4.22345579e-01 -2.73907542e-01  3.63804698e-01
   3.77748072e-01 -7.68578053e-02  1.89980149e-01]
 [-2.71681368e-01 -1.51155889e-01 -1.18445158e-02 -4.50324863e-01
  -9.13348794e-02 -8.73029828e-02 -2.99343705e-01 -1.92196369e-02
  -1.27045035e-01 -3.39952230e-01 -2.98882484e-01]
 [-2.11540848e-01  1.16362810e-01  3.23629044e-02 -4.63641465e-01
  -3.09652150e-01  1.49212822e-01  2.36516729e-01 -4.14224774e-01
  -7.22334534e-02  8.02454203e-02 -3.41313094e-01]
 [ 3.98907736e-02  2.12963820e-01  7.98860937e-02  5.97782470e-02
  -1.02694854e-01 -1.33672982e-01  1.75246429e-02 -7.43425339e-02
   2.64274687e-01  2.12693334e-01  8.94908309e-02]
 [ 5.75280301e-02 -2.44769081e-01  2.07287133e-01 -1.98631868e-01
  -1.35977805e-01 -3.26525867e-01  4.28604454e-01 -1.95985675e-01
   3.03636402e-01  1.48753002e-01  2.48793662e-02]
 [-3.44334185e-01 -3.55059355e-01  2.34671161e-01  1.36906996e-01
  -4.14737970e-01 -1.96468994e-01  4.39416647e-01 -3.51037920e-01
   5.51505268e-01  2.40504324e-01 -4.15417284e-01]
 [ 2.91821718e-01  1.79213911e-01  1.76170230e-01  4.12613675e-02
   2.50890791e-01  1.61656201e-01 -1.89076528e-01  8.00921023e-02
   2.51228750e-01  2.57915854e-01 -4.89502959e-02]
 [ 2.24397659e-01 -4.55654524e-02  2.69353688e-02  1.57023475e-01
   4.57991809e-01  1.88285440e-01  3.95351313e-02 -8.16647187e-02
   4.23078150e-01  2.53175765e-01  1.73038691e-01]
 [ 2.31023118e-01 -3.80568504e-01 -1.76394105e-01 -4.59701508e-01
  -2.63420701e-01 -3.19044918e-01  9.08738673e-02  1.48796886e-01
   5.08574247e-01  3.22855473e-01 -2.17033237e-01]
 [-3.37675124e-01  3.28465790e-01  1.05576375e-02 -8.87884758e-03
   4.48753349e-02 -3.29669088e-01  1.39682710e-01 -1.91067666e-01
   4.91150737e-01  2.31102273e-01  4.05496895e-01]
 [ 1.54625718e-02 -4.05363888e-01 -1.43594086e-01 -4.66519184e-02
  -4.07233328e-01 -5.94449528e-02 -2.45388255e-01  3.48620713e-01
   1.96215436e-01  2.07146391e-01  3.54023069e-01]
 [-1.13857582e-01  5.90333194e-02 -1.40303418e-01  3.80597830e-01
  -2.96341956e-01 -1.74953699e-01 -1.65724590e-01  6.50873259e-02
   4.81592715e-01  3.17797840e-01 -5.70440367e-02]
 [-5.24185523e-02 -3.08396697e-01 -6.38654232e-02 -4.17129904e-01
  -2.81639040e-01 -2.49277785e-01 -1.50260210e-01 -1.23705044e-01
   4.32095587e-01  2.23306179e-01  3.22590649e-01]
 [-2.97739536e-01 -3.81655574e-01 -3.19365934e-02 -2.95845091e-01
   3.18367064e-01 -2.46720180e-01  2.62495726e-01  2.15212494e-01
   3.80576015e-01  2.59736478e-01 -1.15009598e-01]
 [-4.12697941e-01  5.14826737e-02 -1.49252459e-01 -4.22295481e-01
   8.11444893e-02 -1.42587274e-01 -6.47080690e-02 -1.26010522e-01
   5.87649584e-01  3.79847676e-01  1.97898988e-02]
 [ 3.39402914e-01 -3.11646312e-01 -1.42484263e-01 -9.49717015e-02
  -2.66979281e-02  1.45660108e-02 -8.59108984e-01 -6.28535226e-02
   8.34417641e-01 -2.85763812e+00 -4.08122271e-01]]
Peso 2:
[ 1.2791048e-01 -1.3091673e-01 -1.8545032e-01 -5.8839466e-02
 -1.3246360e-03 -6.8677284e-02  3.4901226e-01 -7.8623280e-02
  2.9155850e-01  1.3675297e+00  1.4518955e-01]
Camada: saida
Peso 1:
[[ 0.46394962 -0.42409006]
 [ 0.27564546 -0.23705386]
 [ 0.08487809  0.3894777 ]
 [-0.35851973  0.46776214]
 [-0.13085747 -0.25375658]
 [-0.5850346   0.4563446 ]
 [-0.6515838   0.45480824]
 [ 0.3767605   0.07131757]
 [ 1.1176178  -0.8180477 ]
 [-2.3445942   2.1556337 ]
 [-0.72252214 -0.10428355]]
Peso 2:
[ 0.783938   -0.78393817]



pesos modelo: 
Test loss: 0.0012, Test accuracy: 1.0000
Camada: meio
Peso 1:
[[ 9.32445526e-02  2.99894989e-01  4.31610942e-02  3.80649686e-01
   1.92741275e-01 -4.48344022e-01  2.58751512e-01 -2.14337751e-01
  -4.29693520e-01  1.34263992e-01  6.28063083e-03]
 [-2.50937104e-01  1.74711168e-01 -3.84348512e-01  3.07758033e-01
  -2.21362710e-03 -1.07399821e-01  2.61099756e-01  4.30065334e-01
  -3.34691405e-02 -2.68833578e-01 -3.24575007e-01]
 [ 2.56657541e-01  2.00775266e-02  2.65645623e-01  8.80968571e-02
   3.38042796e-01  1.36270881e-01 -3.26491058e-01 -2.03320652e-01
   2.06508279e-01 -2.68430710e-02  1.02120757e-01]
 [-1.47467375e-01  3.40645403e-01  3.73582453e-01 -3.08139265e-01
   1.21993251e-01 -7.96146467e-02 -2.52752721e-01  9.95333306e-03
   4.45220411e-01 -2.79287577e-01 -3.31811845e-01]
 [-7.02894405e-02  3.17011267e-01 -2.43133809e-02 -3.68201941e-01
   2.22598955e-01  2.35584319e-01 -1.89496607e-01  2.45901436e-01
   2.19064593e-01  1.03632934e-01  5.90617694e-02]
 [ 1.26102924e-01 -9.34742615e-02 -1.98433653e-01  1.19863771e-01
  -4.62276042e-01  3.80368978e-02 -3.83003086e-01 -1.09967425e-01
   2.84988284e-01  1.64962281e-02 -2.34187186e-01]
 [-1.94144651e-01 -9.81101841e-02  1.06194697e-01  2.76024073e-01
  -3.33446622e-01  2.56296486e-01 -3.31906348e-01  3.42293471e-01
   3.66887718e-01 -4.09885287e-01  8.99520367e-02]
 [ 3.03279430e-01  2.27658942e-01 -4.56009895e-01 -3.77028018e-01
  -4.36462849e-01  2.54481852e-01 -3.88666660e-01 -6.18408322e-02
  -1.16701834e-01 -4.02340859e-01  2.49701411e-01]
 [ 2.62846649e-01  3.90026599e-01 -4.63275820e-01  4.23548371e-01
   2.66791850e-01  2.35236794e-01 -2.84679443e-01  2.38114566e-01
   3.19337994e-01 -3.84107202e-01 -3.60832453e-01]
 [-3.58514441e-03 -1.32008165e-01  2.91966796e-01 -2.67732471e-01
  -1.35935433e-02  1.35836095e-01 -3.39510232e-01 -8.22347589e-03
   1.65789306e-01  2.34131455e-01 -1.85377315e-01]
 [ 1.10328637e-01  3.24285805e-01  2.95981914e-01 -1.28246218e-01
  -3.19984496e-01  2.80315965e-01  2.64306992e-01  4.23398847e-03
  -3.83293092e-01  3.26958373e-02  3.97201449e-01]
 [ 2.87285447e-01 -9.09229815e-02 -4.50723261e-01  5.25374651e-01
  -1.67215705e-01  2.08434612e-01  2.93467849e-01 -5.10677174e-02
   1.17149316e-01 -1.13219924e-01  1.21039622e-01]
 [ 4.00263339e-01  1.45964116e-01 -4.12353665e-01 -2.14070812e-01
   3.30241829e-01  5.30444205e-01  4.49969053e-01  1.55373037e-01
  -2.32420675e-02 -2.14543551e-01  1.24822132e-01]
 [ 1.07832566e-01 -3.50816578e-01  2.83741474e-01  2.78055996e-01
  -1.67035431e-01  4.12556320e-01  3.55277061e-01  2.55172223e-01
   3.36762846e-01 -2.82185286e-01 -3.59439671e-01]
 [ 7.51839429e-02 -8.56167451e-02 -4.14689705e-02  2.14675933e-01
  -5.76052405e-02  3.74257207e-01  2.26074591e-01  1.00010484e-01
  -7.31839240e-02  1.14565790e-02 -7.54644722e-02]
 [-2.32039437e-01  3.35717171e-01 -4.69751090e-01  3.29580642e-02
   1.44833133e-01  4.43474561e-01  2.17268437e-01  3.84825975e-01
  -3.02267194e-01  1.40855774e-01 -1.17938124e-01]
 [ 1.23248875e+00 -6.43593192e-01 -2.74152815e-01 -2.95642108e-01
   7.29421526e-02 -1.80060422e+00  3.19635808e-01  2.28331208e+00
  -4.10956323e-01 -7.61542544e-02 -1.65805072e-01]]
Peso 2:
[-0.00628913  0.28906724 -0.06540672  0.18701564 -0.0634298   0.8237946
  0.01781031 -0.19552748  0.19705771 -0.13857062  0.01997929]
Camada: saida
Peso 1:
[[ 0.9083359  -0.8257372 ]
 [-0.01323685  0.90286815]
 [-0.32890517 -0.49623394]
 [-0.49493137  0.16743138]
 [-0.33131206  0.32291606]
 [-1.5736496   1.4436039 ]
 [ 0.3171875  -0.14460593]
 [ 1.7878004  -1.1813294 ]
 [-0.33289     0.4718422 ]
 [ 0.5013767  -0.40985054]
 [-0.5782311  -0.39919558]]
Peso 2:
[-0.3609667  0.3609672]



pesos modelo: 
Test loss: 0.0070, Test accuracy: 1.0000
Camada: meio
Peso 1:
[[ 3.42732668e-03 -3.60515118e-01 -5.06560504e-02  1.42703593e-01
  -2.71016657e-02  4.02904987e-01  4.32188034e-01 -2.51138091e-01
  -4.47642863e-01 -2.17329353e-01 -3.44405293e-01]
 [-4.97885942e-02 -3.99018317e-01  2.75802016e-01  4.51703548e-01
  -4.58858728e-01  1.52199745e-01  3.30954075e-01  3.80930007e-01
  -3.05696607e-01  5.88008761e-02 -2.85325825e-01]
 [ 2.33758032e-01  3.40209723e-01  7.81200528e-02 -3.50361645e-01
   3.95424008e-01  2.43934274e-01  2.24863589e-01  2.39164531e-01
  -1.93353593e-01 -4.32468355e-02 -3.13968450e-01]
 [ 3.27407047e-02  3.22173744e-01  5.56715131e-02  9.92919132e-02
   2.43485868e-01  6.94974884e-02  2.73094594e-01 -2.12484539e-01
   1.14647776e-01  5.69662452e-01 -2.60536373e-02]
 [-2.14742467e-01  3.83278340e-01  2.35798895e-01  3.69271636e-01
  -1.16178386e-01 -6.18436150e-02  5.07958055e-01  1.93531647e-01
   3.19140494e-01  3.71950626e-01  6.53727502e-02]
 [-4.49861363e-02  2.21872568e-01 -3.27067941e-01 -1.10961460e-01
  -9.41032916e-02  1.41152129e-01 -6.61375225e-02 -8.43110681e-02
   3.02756220e-01  9.49014425e-02  3.34339708e-01]
 [ 2.21750557e-01  4.39190537e-01  2.24714294e-01 -1.15724072e-01
   2.33035654e-01 -1.05950519e-01  3.74293178e-01  3.45056504e-01
   3.01567286e-01  1.62050519e-02 -3.04923594e-01]
 [ 3.01031977e-01 -1.20705962e-01  7.06676468e-02  2.00984944e-02
   6.72053695e-02  1.49713486e-01  5.00003994e-02  3.89056742e-01
  -5.53037273e-04  4.07995254e-01 -1.96184460e-02]
 [ 3.91000122e-01  5.32432571e-02 -4.05978650e-01 -5.53658567e-02
  -3.53893568e-03  3.54003578e-01 -1.27189815e-01  3.15665901e-01
   2.41614565e-01  3.44404668e-01 -1.06062293e-01]
 [ 1.85253009e-01  3.22824270e-01  1.43159971e-01 -1.60726875e-01
   1.68928072e-01 -1.55228168e-01 -7.43355975e-02 -2.84301251e-01
  -1.13606215e-01 -7.85240307e-02 -2.01276064e-01]
 [ 7.51903504e-02  2.43795589e-01 -4.74044420e-02 -4.36945744e-02
   1.25592902e-01  4.49899644e-01  3.54317985e-02  3.99277389e-01
   3.14422399e-01  4.33538675e-01  6.82086498e-02]
 [ 4.16529894e-01  4.18728769e-01 -3.77555847e-01  1.62858352e-01
   2.02171296e-01  1.86901376e-01 -1.19231060e-01  6.07544407e-02
  -2.58120209e-01  2.02496037e-01 -1.12702906e-01]
 [-4.51202065e-01  6.15716493e-03 -1.56143382e-01  3.79058301e-01
  -1.81275606e-01  5.99483401e-02  1.85946807e-01  5.23677468e-02
   6.89323014e-03  4.06831682e-01 -1.53617591e-01]
 [ 1.92967150e-02  3.01800132e-01 -4.76634920e-01 -9.23609734e-02
   3.00756395e-01  8.00682530e-02  4.38921750e-01  1.52723983e-01
   2.27815926e-01  4.21957374e-01  3.03986460e-01]
 [ 4.89818454e-02  3.27173211e-02 -3.42046618e-01 -1.31554976e-01
   1.37913689e-01  1.29701104e-02 -8.45563412e-02 -8.55464339e-02
   2.94452071e-01  2.72294521e-01 -1.36741847e-02]
 [-2.02176213e-01 -6.45339265e-02  2.81920433e-01  2.38667309e-01
   2.07834512e-01 -1.60044841e-02 -3.26771557e-01  4.15902644e-01
  -1.09964259e-01  1.48308516e-01 -3.98375183e-01]
 [ 4.92793232e-01 -1.24913013e+00 -3.10749620e-01  1.43121314e+00
   1.35866022e+00  1.36265755e+00  9.62324619e-01 -7.73682475e-01
   6.31755471e-01 -1.31024027e+00  1.72991201e-01]]
Peso 2:
[-0.01643963  0.59210443 -0.12322488  0.07081746 -0.24942544 -0.13533685
 -0.02465312  0.3678911  -0.16705318  0.570137   -0.00596905]
Camada: saida
Peso 1:
[[-0.1973774  -0.6740817 ]
 [-0.5255136   1.3795737 ]
 [ 0.00238975 -0.27895766]
 [ 0.6032571  -1.1913652 ]
 [ 1.2763815  -0.4796904 ]
 [ 1.1351004  -0.72797316]
 [ 0.970926   -0.36188862]
 [-0.56829035  0.5665641 ]
 [ 0.16076294 -0.5927634 ]
 [-1.5924516   0.5996566 ]
 [-0.2594542  -0.58708256]]
Peso 2:
[-0.51887256  0.5188725 ]



pesos modelo: 
Test loss: 0.0012, Test accuracy: 1.0000
Camada: meio
Peso 1:
[[-0.09198949 -0.06444016 -0.18506408 -0.14329427  0.25920355 -0.21214741
  -0.29499304  0.40434283  0.45058113  0.39198786 -0.44177017]
 [-0.2742989  -0.38169566 -0.08877695 -0.10091889  0.02597749  0.24712265
  -0.34859678  0.0854407   0.45505297 -0.01804435  0.31192458]
 [-0.0902575  -0.20449585  0.39434516  0.05944884  0.10081637  0.24359632
   0.04595071 -0.25244272 -0.28492928  0.19364375  0.2979672 ]
 [-0.3449485   0.36637294  0.1485634   0.25716737  0.20935696  0.00282543
  -0.02205007 -0.3109111  -0.03507818  0.13077159 -0.32191527]
 [-0.21781833  0.23160534  0.02341535  0.11564635  0.08617353  0.17130992
   0.27341577 -0.26936546 -0.00954987  0.279329    0.12227719]
 [ 0.07641353 -0.06487407 -0.15313518  0.25758788  0.33475733  0.39650998
  -0.00867309  0.29483488  0.43605933 -0.06403836  0.01341614]
 [ 0.05764056  0.02242027  0.23069143 -0.27776906 -0.0772307  -0.40608585
  -0.12599647 -0.46021134 -0.04801102 -0.06376701 -0.30291486]
 [-0.16486229  0.29279757 -0.35858265  0.37861344  0.38243476  0.12738033
   0.12376183  0.10263388 -0.24416466 -0.41037497  0.20041083]
 [-0.04282536 -0.2518109  -0.3929312   0.16233741  0.27145645  0.1586366
  -0.51572216 -0.30441046 -0.4463355   0.35095185 -0.42241493]
 [ 0.19901298 -0.24050803 -0.23078813  0.03776694  0.22604103 -0.13348086
  -0.03838351 -0.4548231  -0.03738084  0.16460697  0.04239159]
 [-0.3353589   0.16494954 -0.06472414  0.3805401   0.34147146  0.03819679
   0.03858102  0.02102003 -0.06375307  0.12343955  0.3336585 ]
 [-0.09368846  0.3723746   0.42888442  0.20065933  0.14746681 -0.02883794
  -0.3083286   0.19567858 -0.28437322  0.11680065 -0.3522107 ]
 [-0.27132928  0.24466982  0.10224026 -0.08312549 -0.07554145  0.42272967
   0.18159162 -0.01184014  0.00635196  0.16087098  0.17547718]
 [ 0.05110604  0.1032182  -0.0604394   0.01714243  0.02542096  0.05498245
   0.18208861  0.4169474   0.01641918  0.2989736  -0.43121618]
 [-0.08491647  0.21329023 -0.2081382   0.47634402  0.45886564 -0.39511964
   0.3202076  -0.20203434  0.04951766  0.10055157  0.09471856]
 [-0.25766808  0.28002653 -0.05685804  0.3878023   0.35029763 -0.11611236
   0.1163894  -0.08202294  0.06754366  0.04254486  0.3677165 ]
 [-0.06130232 -0.94824487  0.49537337  2.1643295  -2.085686   -0.31807268
  -0.10563093 -0.32561645 -0.07231543 -0.43309352 -0.06422137]]
Peso 2:
[-0.03166959  0.31992686  0.05653217 -0.12325504  1.0042015   0.0522969
 -0.08778564  0.0124977   0.03624084  0.03416334 -0.01844765]
Camada: saida
Peso 1:
[[ 0.6448875  -0.0878169 ]
 [-0.49900377  0.95518   ]
 [ 0.04707867 -0.29983622]
 [ 0.8961711  -2.0439107 ]
 [-1.8542305   1.6452581 ]
 [ 0.25453165  0.5480119 ]
 [ 0.01025648 -0.19556287]
 [-0.08925199  0.01588704]
 [-0.6611516  -0.174502  ]
 [-0.67784256 -0.01114395]
 [ 0.28430015  0.6111566 ]]
Peso 2:
[-0.00075469  0.00075467]



pesos modelo: 
Test loss: 0.0008, Test accuracy: 1.0000
Camada: meio
Peso 1:
[[ 3.05693865e-01  2.69058943e-01 -4.61186349e-01  3.52362275e-01
  -4.70286608e-02 -4.45480108e-01  2.36841738e-02 -3.44614089e-01
  -3.02400947e-01  9.42304730e-02 -4.15733188e-01]
 [-3.53891850e-02  1.81611836e-01  3.46451581e-01  4.35232818e-01
  -5.36480546e-03  2.81546116e-01  2.03820825e-01  7.66364932e-02
   9.08399224e-02  9.92634892e-02 -3.68486226e-01]
 [ 1.86044872e-01 -3.12064737e-01  1.31205976e-01  2.28486955e-01
  -2.16115758e-01 -4.35564220e-02 -2.44132817e-01  6.59725070e-02
   3.18146944e-01  2.24849582e-03 -3.31575304e-01]
 [-3.99276853e-01 -2.04255819e-01  2.33609691e-01 -4.06980962e-01
  -1.21218944e-02  1.02195777e-01 -2.49407981e-02 -1.11306738e-03
   2.10796356e-01  2.63813198e-01 -2.63151199e-01]
 [-1.43047065e-01 -2.45392844e-01  7.29846880e-02 -4.87422794e-01
  -1.00213230e-01  9.59740207e-02 -2.50908345e-01 -3.07314634e-01
  -5.79001941e-02 -1.58661067e-01  5.82716949e-02]
 [-3.50353509e-01 -3.99373621e-01  3.20723392e-02  3.35848540e-01
   4.89641100e-01 -3.25425416e-01  2.97899783e-01  1.22754589e-01
   4.33072858e-02  1.77933156e-01 -3.13884132e-02]
 [-1.24159502e-02 -3.93263608e-01 -2.87195265e-01 -3.21324766e-02
   4.00156915e-01  1.12897232e-01  1.38433173e-01 -2.67254952e-02
   4.27289277e-01  1.20022923e-01 -3.70650917e-01]
 [ 3.16841573e-01 -3.07650328e-01 -8.20329562e-02  3.06627542e-01
   2.99110621e-01  2.92575300e-01  1.29589632e-01 -4.58911389e-01
   2.38821134e-01  2.57139832e-01  4.68860000e-01]
 [-4.30505037e-01 -2.59789675e-01  4.96348351e-01 -3.39037478e-01
  -4.74056676e-02 -1.50707349e-01  1.61161512e-01 -2.94474572e-01
  -3.92885923e-01  3.17986399e-01 -1.98532447e-01]
 [-1.12725422e-01  3.37248951e-01 -4.48477194e-02 -2.02335998e-01
   4.50766176e-01  2.07386643e-01  1.44250616e-01 -1.72320008e-01
   1.66355714e-01 -1.66080877e-01  6.57099262e-02]
 [ 4.98539060e-01  1.30364420e-02  3.51658612e-01 -3.31742793e-01
   2.21866906e-01  4.54345644e-01  1.92764714e-01 -3.84184092e-01
  -2.76259512e-01 -1.93862513e-01 -5.13622630e-03]
 [ 8.92084762e-02  2.93395549e-01  3.04711014e-01 -5.09369522e-02
   3.48767400e-01 -4.48126584e-01  1.88590422e-01 -3.32721382e-01
   1.62813514e-01  2.24126488e-01 -2.31233746e-01]
 [-9.71053168e-02 -1.08326331e-03 -1.58626810e-01 -4.33989853e-01
   3.47066104e-01 -2.91366547e-01  6.82653487e-02  2.62309164e-01
   3.40184987e-01  1.34669468e-01 -2.32769310e-01]
 [ 4.45646077e-01  3.29933763e-01 -1.71885192e-01  1.17461294e-01
   1.13725126e-01 -1.54152289e-01  1.94587693e-01  3.27509791e-01
   1.21440589e-02  4.92995620e-01  1.43006239e-02]
 [-1.52059495e-01  1.18697233e-01  1.19945735e-01 -7.79794250e-03
   4.25614864e-01  1.54455870e-01  6.48962408e-02 -9.76831019e-02
   2.54426777e-01 -1.37660846e-01  2.66216159e-01]
 [-3.57191354e-01 -4.40031767e-01 -3.99233460e-01 -4.49759007e-01
   1.24825820e-01  5.10136068e-01  1.34251624e-01 -2.39012670e-02
   1.36299431e-01  5.02324045e-01  3.52495909e-01]
 [-4.58973259e-01 -2.10759550e-01 -2.69682109e-01  2.67812043e-01
  -1.79090035e+00 -2.02520922e-01  2.39577818e+00 -1.24628432e-01
   7.19328701e-01 -9.85490263e-01  5.76543391e-01]]
Peso 2:
[ 0.09371389 -0.03656701  0.09526957 -0.15026395  0.8173982   0.08024409
 -0.19737653 -0.12150003 -0.07946838  0.52977103  0.09024319]
Camada: saida
Peso 1:
[[-0.64870757 -0.2517648 ]
 [ 0.31894103  0.23627968]
 [-0.11265801  0.4318933 ]
 [-0.55754626  0.06241149]
 [-0.883023    1.8533303 ]
 [-0.52166516  0.12912874]
 [ 1.416707   -1.795146  ]
 [ 0.5755971  -0.02384497]
 [ 0.5881715  -0.50057834]
 [-1.1911726   0.37589884]
 [ 0.5188769  -0.00569695]]
Peso 2:
[-0.2935894  0.2935897]



pesos modelo: 
Test loss: 0.0066, Test accuracy: 1.0000
Camada: meio
Peso 1:
[[-0.05271217 -0.12448928 -0.15212202 -0.3735625  -0.29521358 -0.1411727
  -0.07372594 -0.01999784 -0.40723783  0.0320482   0.42712772]
 [ 0.38151586 -0.02273205  0.2515642   0.18387562  0.44524282 -0.09953776
   0.43535823  0.325938    0.14457256  0.14414042  0.17597377]
 [ 0.2960837   0.0499773   0.42461008  0.4486608  -0.39545512 -0.3745969
  -0.3462844   0.40062582 -0.07403189 -0.19047698  0.04120451]
 [ 0.2652556   0.18833874  0.35343298 -0.12846209  0.34141865  0.36496273
  -0.4047856   0.32758683 -0.44344366 -0.31499004  0.29728   ]
 [ 0.13160758  0.33496764  0.08109102  0.24226692 -0.2912167   0.14609247
   0.39055088 -0.42690915 -0.4422904   0.19627838 -0.3270119 ]
 [-0.16061325  0.11852701 -0.36979228 -0.22498918 -0.3203508  -0.15698664
  -0.18186706 -0.30606538  0.14925902 -0.2763421  -0.29720742]
 [ 0.31090334  0.2681413   0.08208101 -0.04105763 -0.31325293  0.38315535
   0.31837255  0.03635787  0.13936253 -0.21987066 -0.06913306]
 [ 0.1125007  -0.15072297  0.21848895 -0.34151605  0.3602624   0.46093163
   0.44317135 -0.30883482  0.23277062  0.033385   -0.30292255]
 [ 0.26278675  0.5127279  -0.40549847  0.08650842 -0.10673726 -0.02887978
  -0.20418973  0.06968215  0.34722385  0.11512907  0.05735485]
 [ 0.14589404  0.277451    0.25643966  0.26327598 -0.27815825  0.17427708
   0.07553606  0.2220395   0.05480299 -0.24993892  0.14368409]
 [ 0.38231945  0.32006475 -0.22567585  0.23367608  0.02711244  0.38414356
  -0.02334556 -0.30242735  0.30559012 -0.09168214  0.03345541]
 [ 0.24433854  0.08380143 -0.38616684 -0.14622015  0.43181297  0.3837286
  -0.01036787 -0.4091269  -0.13216236  0.05147579  0.2575781 ]
 [-0.04748623  0.13052467 -0.17206365 -0.40603736 -0.09702703 -0.00456514
   0.27827603 -0.31319454 -0.03384427  0.08325338 -0.36844942]
 [ 0.13867809  0.11869989 -0.02425163 -0.11205427  0.37446102  0.09572364
  -0.03600513 -0.44687858  0.12274789  0.27613488 -0.26495248]
 [-0.04981086  0.00498558 -0.34384638 -0.3681354   0.22744872  0.11507587
  -0.3214365  -0.21334778  0.16689636 -0.3195684  -0.43046167]
 [ 0.12035612  0.28612047  0.29313427 -0.02798746 -0.11102668  0.19641495
  -0.10009087 -0.11021832 -0.30195495 -0.47254246 -0.44775093]
 [ 2.4401033  -1.5186385  -0.20470163 -0.26848212 -0.11225569 -1.4797026
   0.21951023  0.14221549 -0.00873813  0.35447368  0.13914774]]
Peso 2:
[-0.23847474  0.6552528  -0.03190903 -0.19723187  0.04945706  0.6565717
 -0.00457543 -0.0157757   0.0218899  -0.02421026  0.01148799]
Camada: saida
Peso 1:
[[ 1.9375781  -1.3938755 ]
 [-1.1185639   1.3730292 ]
 [-0.18009809 -0.25956294]
 [ 0.5500651  -0.51680917]
 [-0.01550328  0.48322722]
 [-1.410764    0.9235733 ]
 [-0.23395723 -0.4307706 ]
 [ 0.28290668 -0.5898547 ]
 [-0.3680705  -0.07135264]
 [ 0.47133565  0.5038716 ]
 [-0.05675926  0.22504045]]
Peso 2:
[-0.16342232  0.16342221]



pesos modelo: 
Test loss: 0.0075, Test accuracy: 1.0000
Camada: meio
Peso 1:
[[-4.41507488e-01  3.96324515e-01 -1.53447866e-01  2.09911644e-01
   1.99206889e-01 -1.61426127e-01  3.30548286e-02 -4.29037184e-01
   2.40879536e-01  4.44621563e-01  3.75205576e-01]
 [ 1.33810580e-01  1.17629588e-01  3.22416544e-01 -4.52467620e-01
   2.57196963e-01  2.52155006e-01 -5.62914908e-02  4.36122417e-02
   3.45053673e-01 -4.17046845e-02 -1.38220847e-01]
 [-3.13458681e-01  3.02364111e-01 -2.75811613e-01 -8.40546787e-02
   4.05715644e-01  2.53245115e-01  1.67669117e-01  4.94529605e-02
  -4.33992743e-01 -4.21897471e-02  1.36771202e-01]
 [ 5.26317716e-01  1.66095346e-02  2.36746967e-01  2.62572438e-01
  -3.83624196e-01  3.81704003e-01 -5.02507277e-02  2.25849912e-01
  -1.24442438e-02 -3.85652572e-01 -3.09227645e-01]
 [ 4.12814140e-01  1.54700065e-02 -1.75440922e-01  2.00266331e-01
  -6.93134218e-02 -3.22902203e-01 -1.65203184e-01 -3.02328110e-01
  -6.21820465e-02  3.58254998e-03 -2.52497405e-01]
 [ 2.85185426e-01  1.80168003e-02 -1.00098871e-01  8.31101239e-02
  -3.79807234e-01 -3.42018604e-01  8.32069889e-02 -1.20293550e-01
  -1.07607424e-01 -3.41114461e-01 -3.78026605e-01]
 [ 6.75935388e-01  2.73183495e-01  1.29717484e-01  5.72838336e-02
  -7.04700574e-02  2.50333007e-02 -1.62214756e-01  3.22053850e-01
   3.62200826e-01 -4.13670540e-02 -3.68201315e-01]
 [ 1.37273446e-01 -1.47984982e-01  5.31511903e-02  4.22294438e-02
   7.67178684e-02 -3.57663512e-01 -1.87718426e-03 -1.89438816e-02
   1.45708233e-01  1.84355751e-01 -1.61723331e-01]
 [ 1.40288427e-01  8.72451514e-02 -3.79681855e-01 -1.47148017e-02
   2.63802171e-01  4.44240540e-01  3.61364722e-01 -2.08275720e-01
  -3.24935555e-01  9.48168114e-02 -1.26962304e-01]
 [ 2.88357735e-01  1.41591817e-01  4.27219421e-01  2.09195409e-02
   2.63683140e-01 -1.43625915e-01 -2.70417966e-02 -4.01766002e-02
  -7.56473467e-02  8.10720101e-02  2.59807020e-01]
 [ 3.75789583e-01  8.36045966e-02 -2.73903143e-02  1.68989807e-01
  -1.28291905e-01 -6.59128577e-02 -1.86377689e-01 -3.20729584e-01
  -7.28963763e-02  2.88116008e-01 -3.01004142e-01]
 [ 7.12741554e-01  2.61990577e-01 -3.56414765e-01  1.74699157e-01
  -5.11602610e-02 -2.17771500e-01  4.01267022e-01  1.75450161e-01
  -1.98746637e-01 -2.50353217e-02  5.73279932e-02]
 [-3.58648524e-02 -1.54626921e-01 -2.22204521e-01  4.40816348e-03
   3.12502950e-01  2.21525561e-02 -4.78557078e-03 -2.32613772e-01
  -1.17131136e-01 -4.48347241e-01 -1.98408380e-01]
 [ 4.62442860e-02  1.89712077e-01  5.61751015e-02 -1.67947635e-01
   1.56268641e-01  2.60883749e-01 -3.36284377e-02 -7.27492571e-02
   9.95729957e-03 -1.84722140e-01  1.67358905e-01]
 [ 2.07877830e-01 -2.72827119e-01 -1.59178987e-01  5.76636530e-02
  -2.68298805e-01 -3.64396513e-01  6.38946369e-02 -9.99943763e-02
   3.59925032e-01 -1.88712642e-01  3.24275553e-01]
 [ 6.28691971e-01  2.53729820e-01  4.15340990e-01  9.39408541e-02
  -3.22850108e-01 -1.34005576e-01 -2.84648806e-01  4.14148480e-01
   1.81751028e-01 -1.63326800e-01 -5.45073561e-02]
 [-9.34630513e-01  1.97585821e+00 -1.22809000e-01  2.09232712e+00
   5.80118060e-01  3.96754034e-02  8.28685820e-01  3.41363102e-01
   1.16357565e+00 -1.28115579e-01  2.60310769e-01]]
Peso 2:
[ 0.84452057 -0.09615853  0.08395789 -0.27865934 -0.01691974  0.03646142
  0.02781159 -0.0043465   0.0460195  -0.04223954 -0.05084925]
Camada: saida
Peso 1:
[[-0.76024187  1.4909903 ]
 [ 1.3914908  -1.0317035 ]
 [-0.26465818  0.10563558]
 [ 1.5255512  -1.41608   ]
 [ 0.45072773  0.03829491]
 [ 0.49510017  0.70600224]
 [ 0.17943119 -0.54544115]
 [-0.23210128 -0.46657953]
 [ 0.5567412  -0.7717538 ]
 [-0.080229   -0.20285466]
 [ 0.10348194 -0.33115768]]
Peso 2:
[-1.035064   1.0350648]



pesos modelo: 
Test loss: 0.0031, Test accuracy: 1.0000
Camada: meio
Peso 1:
[[ 8.43280554e-02  3.16571355e-01  9.89498496e-02  9.72532034e-02
   3.08373511e-01 -1.16390288e-02  2.25360572e-01 -2.34876931e-01
  -4.17767137e-01  1.48933530e-01  3.53629291e-01]
 [ 3.03542674e-01  1.03184700e-01  1.49963140e-01  2.90949583e-01
   1.98625207e-01 -2.15855300e-01  1.03531361e-01  6.01720810e-02
  -3.48785073e-01 -1.40209079e-01  3.02944303e-01]
 [ 2.16508329e-01  1.65517986e-01 -3.94061327e-01  3.70402634e-02
   3.01861048e-01 -5.14671206e-03 -4.38799322e-01  4.52321172e-02
   2.71614790e-01  1.62160277e-01  1.39404416e-01]
 [-3.35588962e-01 -3.16257536e-01 -2.13027924e-01  1.47320353e-03
   6.07807934e-01 -1.51445329e-01 -1.74471200e-03  8.64690263e-03
   8.73148590e-02 -3.97824496e-01  2.14504227e-01]
 [-3.29452395e-01 -2.42057294e-01  3.20212334e-01  1.41387968e-03
   2.23210976e-01 -1.79212093e-02 -3.12778354e-01  4.53906395e-02
   5.06917946e-03 -5.67199737e-02 -5.19386172e-01]
 [ 2.49151260e-01 -8.92013386e-02 -1.41428977e-01  2.54185149e-03
   5.46667099e-01  4.15460289e-01  4.69773496e-03  3.22480500e-02
   2.79900223e-01 -3.59130591e-01 -1.65868968e-01]
 [-2.16291472e-01 -1.49310410e-01 -1.15881614e-01  1.04687817e-03
  -1.20198250e-01 -3.46708477e-01 -3.56445819e-01  7.11588771e-04
   3.79138410e-01 -1.14858292e-01 -4.91411000e-01]
 [-3.53210926e-01 -1.59964338e-01 -2.63283134e-01  7.98266206e-04
  -3.14409405e-01 -4.61987287e-01 -2.63845235e-01  4.49989773e-02
   6.80246890e-01 -3.13416906e-02 -4.08563018e-02]
 [ 1.86517239e-01  2.23494351e-01  5.37234426e-01  3.63240740e-03
   1.09093368e-01 -3.73501852e-02 -5.78887351e-02  1.25069007e-01
   3.63797843e-01 -3.63256693e-01 -1.61420107e-01]
 [-3.80165845e-01  3.01714510e-01  2.65167672e-02 -8.99955689e-04
   2.19224617e-01  1.72898605e-01 -2.74210840e-01  4.16490659e-02
  -1.78803146e-01  2.67265718e-02  1.05819918e-01]
 [ 2.73681909e-01 -2.74058431e-01  4.57178265e-01  2.51167128e-03
   2.31630147e-01 -4.25005823e-01 -4.22663301e-01  8.39291736e-02
   4.02717516e-02  1.19268291e-01  1.60748780e-01]
 [ 1.01367295e-01  3.24126750e-01 -1.98576197e-01 -1.44258235e-03
  -1.10514723e-01 -2.86320984e-01 -4.44145203e-02  2.60019153e-02
   7.52372816e-02  2.68644150e-02  4.64154296e-02]
 [-2.30165631e-01 -1.15178272e-01  4.64293100e-02  2.31296476e-03
   1.48034334e-01 -1.24804661e-01 -1.66213021e-01 -2.90273428e-02
   2.62412280e-01 -2.63901472e-01 -1.19951308e-01]
 [-3.79740268e-01 -2.02055462e-02  3.35654378e-01  2.51518842e-03
   2.43466437e-01 -2.77595341e-01 -4.61520642e-01  8.08713734e-02
   9.74029824e-02  9.29910615e-02 -1.17276171e-02]
 [ 2.69523829e-01  9.47098956e-02  5.30704856e-01  9.25945002e-04
  -2.47502387e-01 -3.80016088e-01 -1.49415389e-01 -6.29757941e-02
  -9.77426693e-02 -3.47409308e-01  2.27291174e-02]
 [-4.04785156e-01 -2.96720713e-01  3.30447048e-01 -2.11223611e-04
  -3.31935644e-01  1.80476159e-02  2.42594972e-01 -5.68524748e-02
  -9.42609310e-02 -3.46705735e-01 -4.73899171e-02]
 [-1.70356378e-01  4.28306684e-02 -5.61944284e-02  2.85493755e+00
   2.83431131e-02  4.36145455e-01 -4.15800065e-01  1.58036673e+00
  -2.37174168e-01  3.60494524e-01  1.21534718e-02]]
Peso 2:
[-0.02572691  0.01016222  0.24863084 -0.00715752  0.18555018 -0.0186773
  0.01273556 -0.14811584  0.377046   -0.09423282 -0.33292386]
Camada: saida
Peso 1:
[[-0.05599351 -0.08221779]
 [-0.4690852  -0.37198788]
 [-0.5115726   0.29607314]
 [ 1.3911719  -2.3681056 ]
 [-0.59975356  0.03456691]
 [-0.5294371  -0.5911685 ]
 [-0.09066369  0.3069863 ]
 [ 0.8752629  -0.98600173]
 [-0.568325    0.40241146]
 [-0.43845463  0.1527205 ]
 [ 0.40166107 -0.31721273]]
Peso 2:
[-1.9455103  1.94551  ]



pesos modelo: 
Test loss: 0.0039, Test accuracy: 1.0000
Camada: meio
Peso 1:
[[ 0.05772668  0.18901068 -0.07987458 -0.3203293  -0.25804946 -0.15333927
   0.3360296   0.10197932 -0.31889024 -0.44540563 -0.27785447]
 [ 0.3163687   0.34573907  0.21969241 -0.12024966  0.24101973  0.18070138
  -0.12210724  0.01621082  0.10245913  0.20178306  0.19614828]
 [ 0.37969714  0.05949461  0.23156935 -0.36594528 -0.25916946 -0.07788134
  -0.25340945 -0.45451492  0.3188045  -0.08476457 -0.17814487]
 [-0.08886498  0.44278148 -0.3275315   0.51264817 -0.0157994  -0.27521664
  -0.09128203  0.08408781  0.15023097  0.17012     0.22628506]
 [ 0.14381759  0.24192263  0.10538702 -0.04884641 -0.01673978 -0.15829466
   0.29955986 -0.3095198  -0.02754593  0.47667724 -0.05158161]
 [ 0.13498233  0.06315277 -0.20557576 -0.17247272  0.02784717 -0.3183072
  -0.22592181 -0.4673782   0.01471633  0.48205104 -0.17560549]
 [ 0.15035161  0.20507355  0.14043136  0.17335114  0.2316492   0.34167385
   0.01899013  0.17586213 -0.06895372 -0.09020236  0.48387608]
 [-0.09333803 -0.3384244  -0.06407841 -0.03720465  0.22673783  0.06001266
   0.10046546 -0.42419416  0.11466566  0.15307602  0.48596075]
 [-0.00607848 -0.44648948 -0.35405958  0.07572369  0.30655658 -0.3948177
  -0.34536797  0.15540022  0.06705353  0.2970093  -0.0359254 ]
 [ 0.14361373 -0.43342164 -0.24256274  0.03118831 -0.28975847 -0.1793605
   0.01187827 -0.15797243 -0.04087943  0.29666978 -0.2837437 ]
 [ 0.02365316 -0.3180353  -0.05540478 -0.19461697  0.23713297 -0.04419775
  -0.14796107  0.07594133  0.03469362  0.11459731  0.3475259 ]
 [ 0.29461402  0.05503228  0.4035485   0.14534713 -0.01004102  0.09041876
  -0.08433845 -0.00260248  0.03006073  0.11810306  0.46113917]
 [-0.05507499  0.27100065  0.18944772  0.18867442 -0.01554979 -0.21964625
   0.19834425  0.17601489 -0.03295446 -0.04765725  0.2037129 ]
 [-0.12449334 -0.21580812 -0.18042737 -0.2328568  -0.20837331 -0.38011622
   0.30058622  0.07926713 -0.02858444  0.06895822 -0.05145811]
 [-0.13222738  0.17321213 -0.44925064  0.50698155 -0.22341089  0.2687284
   0.27575326 -0.23882441  0.15626433  0.23396702  0.21960434]
 [ 0.25463593 -0.07833336 -0.2768804  -0.34708124 -0.07550265 -0.40316615
  -0.16925678 -0.31083658  0.08416108  0.71991426 -0.09161881]
 [ 1.6821697   0.38391098 -0.17097507 -0.27065688  0.91181535  0.3487446
   0.7356864  -0.39059785  2.3354597  -0.90913546 -0.60819966]]
Peso 2:
[-0.13218941 -0.0185622   0.09046845  0.20057109  0.07933484  0.01343075
 -0.02154902 -0.22741488 -0.10838362  0.6826919   0.52642965]
Camada: saida
Peso 1:
[[ 9.0315485e-01 -1.0966351e+00]
 [-6.3977536e-04 -2.8180546e-01]
 [-5.6346059e-01  3.2864687e-01]
 [-2.1492206e-01  4.0972111e-01]
 [ 8.9709181e-01 -2.2135273e-01]
 [ 7.4465729e-02 -7.3482208e-02]
 [ 6.2849814e-01 -5.4530871e-01]
 [ 4.2444670e-01 -4.9826762e-01]
 [ 1.5498757e+00 -1.6181376e+00]
 [-9.5319271e-01  9.9709260e-01]
 [-8.0349505e-01  6.8894082e-01]]
Peso 2:
[-0.9430656  0.9430666]



pesos modelo: 
Test loss: 0.0041, Test accuracy: 1.0000
Camada: meio
Peso 1:
[[-1.90233529e-01 -3.69679064e-01  2.64804900e-01 -3.28337044e-01
  -1.19715601e-01 -2.77193606e-01 -2.03796655e-01 -2.09133327e-01
  -3.26770067e-01 -2.53263295e-01  3.83757055e-01]
 [ 3.29398096e-01 -2.18201354e-01  3.43111873e-01 -6.04069233e-03
   1.21273756e-01  3.76140594e-01 -2.07444161e-01 -2.80272484e-01
   6.66627288e-02  1.23346210e-01 -2.37493828e-01]
 [-8.87244940e-04  4.41146135e-01 -2.71576732e-01  3.16921949e-01
   1.66926980e-02  8.39248896e-02 -5.50306439e-02 -1.98303401e-01
  -1.91831857e-01 -3.75080824e-01  1.94177926e-01]
 [ 3.48293751e-01  2.79179156e-01 -3.77003163e-01 -1.61253512e-01
   2.29606524e-01  2.95274079e-01  6.31122440e-02 -5.75607009e-02
  -1.94646865e-01 -2.46557385e-01  7.64300376e-02]
 [ 2.53258705e-01  1.72000572e-01  3.47794324e-01  4.66769278e-01
   9.24001858e-02 -1.24311626e-01  1.61164463e-01  1.65760852e-02
  -4.24967766e-01 -8.11999217e-02  7.49357715e-02]
 [ 2.46131688e-01  1.38724819e-01 -3.46873738e-02 -3.04237813e-01
   3.43892723e-01  1.08326323e-01 -3.23069185e-01 -6.72614388e-03
  -4.04425621e-01 -4.64450717e-02  3.90264317e-02]
 [-1.71486020e-01  7.31976628e-02 -4.23670024e-01  8.11317861e-02
  -2.81940371e-01 -3.96404564e-01  3.33902836e-01  9.70472619e-02
  -3.66250217e-01  3.13803971e-01 -9.80296880e-02]
 [ 2.15193108e-02 -2.04054207e-01 -2.95432568e-01 -4.31300759e-01
  -3.64257917e-02 -1.28812520e-02  3.28590810e-01  6.68265581e-01
  -1.11321852e-01 -3.91224742e-01  1.79617211e-01]
 [ 2.96811610e-01  2.75254041e-01  1.70731291e-01 -9.46921781e-02
  -2.62566358e-01 -1.71204880e-01  3.56212825e-01  1.70943409e-01
   8.60609580e-03  1.29969001e-01  1.98740229e-01]
 [ 1.04668237e-01  2.74556100e-01  1.51643544e-01 -1.61963850e-01
   4.07931447e-01 -3.95507738e-02 -2.77212143e-01  9.35434550e-02
  -3.19144666e-01 -1.61139607e-01  7.79149532e-02]
 [ 7.95107111e-02  1.19879797e-01  1.79223835e-01  4.22846317e-01
  -1.33535773e-01 -3.10643137e-01 -2.30324641e-01  2.62846619e-01
  -3.97431761e-01  2.60861069e-01  1.14495382e-01]
 [ 2.08439365e-01  3.26165855e-02 -3.68426323e-01 -1.29338101e-01
   4.31762964e-01  1.27923191e-01  2.20648557e-01  1.59227386e-01
  -4.11118329e-01 -2.33352721e-01  7.33120665e-02]
 [ 2.70272553e-01  1.84480712e-01 -4.37970012e-01  2.00805143e-01
   1.02857769e-01  2.25922689e-01 -1.87632903e-01  2.81035751e-01
  -3.33357364e-01 -1.54786810e-01  1.88346729e-01]
 [-1.47692770e-01 -1.56985193e-01  4.64610606e-01  4.51861084e-01
   4.53398198e-01 -2.18471736e-01 -1.22652374e-01  3.14751416e-02
   2.97594935e-01  3.20211470e-01 -1.17569834e-01]
 [ 2.52551526e-01  2.05000266e-01 -1.44966066e-01 -2.73769617e-01
  -2.85192758e-01  3.75096523e-03  4.40515071e-01 -3.87458950e-02
   3.10126722e-01  3.32172476e-02  1.13014178e-02]
 [ 3.65728050e-01  4.01765853e-01  1.62056163e-01  1.46196917e-01
  -2.50686496e-01 -2.61080980e-01 -3.54938358e-01  4.91609305e-01
  -2.70598140e-02 -2.00851664e-01  3.87500018e-01]
 [-1.11891329e+00 -9.24903452e-01 -1.95534244e-01 -3.49514991e-01
  -4.29228880e-02 -6.25466183e-02 -4.86794293e-01 -1.38522589e+00
  -3.90618205e-01 -1.25690326e-01  2.59994221e+00]]
Peso 2:
[ 0.37611252  0.31648058  0.05739104  0.02773623  0.02290958  0.03373353
  0.05154799  0.73708373 -0.0659105   0.07099831 -0.19429933]
Camada: saida
Peso 1:
[[-0.95736057  0.6305157 ]
 [-0.9886926   0.40705633]
 [ 0.2662986   0.5908226 ]
 [-0.20328835  0.04655713]
 [-0.01186028  0.21588394]
 [-0.12298452  0.2092523 ]
 [-0.34905982  0.02964386]
 [-1.101114    1.0977639 ]
 [ 0.668709   -0.47831428]
 [-0.37992838  0.38891658]
 [ 1.7170492  -1.8191361 ]]
Peso 2:
[-0.22528285  0.22528277]



pesos modelo: 
Test loss: 0.0038, Test accuracy: 1.0000
Camada: meio
Peso 1:
[[-1.29458189e-01  1.99669838e-01 -2.05600262e-02 -1.28571838e-01
   3.38997126e-01  1.00734353e-01  1.22064173e-01 -2.94262886e-01
   2.47888148e-01  2.68870890e-01 -3.73948574e-01]
 [-1.87669724e-01 -3.98053259e-01  4.10454154e-01  3.38125765e-01
   2.38255501e-01 -4.01364803e-01  4.18554246e-01  3.46776187e-01
   1.65177584e-02 -7.01444447e-02  3.33500445e-01]
 [-1.33979678e-01 -2.21489608e-01  2.72338271e-01  3.09759974e-01
  -8.47071707e-02 -3.10594976e-01  1.10925794e-01 -9.28136706e-03
   3.44895840e-01  3.34938824e-01  3.24091136e-01]
 [ 2.41859674e-01  1.65833279e-01 -2.53467351e-01  9.92699638e-02
  -4.80174929e-01 -2.58844793e-01  1.68082677e-02 -2.58271664e-01
  -1.52269930e-01  7.43405074e-02 -1.53290495e-01]
 [ 3.03827196e-01 -1.06508993e-01  1.23536363e-01  2.94912338e-01
   1.19737051e-01  2.97434200e-02 -2.84893036e-01 -1.24837987e-01
   4.21721846e-01  1.48521423e-01  5.71655892e-02]
 [ 4.05696958e-01  1.76039904e-01  1.91084519e-01 -1.41589373e-01
   1.06725947e-03 -4.35846508e-01 -9.99643505e-02  7.66130444e-03
   2.55582929e-01 -6.66734651e-02 -3.16626906e-01]
 [ 2.44122356e-01  9.12757218e-02  5.75677641e-02  3.08740765e-01
  -3.28241378e-01  4.41911668e-01 -2.85899460e-01  9.28672925e-02
   3.80075544e-01 -3.73440534e-02  3.14220607e-01]
 [ 8.75865743e-02 -3.74795357e-03 -2.40562558e-01  2.20306903e-01
  -3.92928988e-01 -4.45398003e-01  7.60641173e-02 -1.89239636e-01
  -2.34190196e-01  1.32625192e-01 -1.30752429e-01]
 [ 2.77819186e-01  1.52661249e-01 -6.33383915e-02  8.63717720e-02
  -4.02936101e-01 -4.25757021e-01  1.63433142e-02  1.78732187e-01
  -2.05745101e-02  1.41677588e-01  2.75418043e-01]
 [ 8.35552886e-02 -2.84884013e-02  2.91623384e-01  1.94799438e-01
   1.32276639e-01  3.08438927e-01 -1.17582209e-01  2.04277009e-01
  -1.99212760e-01  6.55538663e-02  5.10140896e-01]
 [ 4.58847910e-01 -1.00774996e-01  1.63723245e-01 -3.30613881e-01
   1.49871886e-01  4.21961606e-01 -2.67257959e-01  3.04083347e-01
   4.64148045e-01  2.90858358e-01  2.30058119e-01]
 [ 4.60741192e-01  1.54033586e-01  1.71970814e-01  4.18356806e-01
   3.35787982e-01 -3.23320478e-01 -2.42805704e-01  8.42852741e-02
  -1.63967818e-01  2.86726713e-01 -3.21433842e-01]
 [ 2.27584213e-01 -7.62276798e-02  2.96827137e-01 -3.81077439e-01
  -3.13410670e-01  1.32115960e-01 -3.29877108e-01 -4.34313804e-01
   1.62089869e-01 -3.76444194e-04  1.44338191e-01]
 [ 4.45525497e-01  2.05029488e-01  2.50556082e-01 -4.48689729e-01
  -2.77198344e-01 -1.45367235e-01  2.04455167e-01  3.40478778e-01
   1.54188260e-01 -2.98540480e-02  4.33602463e-03]
 [ 2.39083767e-01  9.39953700e-02 -7.54557475e-02 -3.50713640e-01
   7.93417320e-02  4.13583428e-01  1.92370623e-01 -3.79602641e-01
  -1.39489278e-01 -1.50265647e-02 -2.98823088e-01]
 [ 1.21311016e-01 -5.10390289e-02  1.76440284e-01 -3.20524782e-01
  -2.28029177e-01  2.04189599e-01  4.92268384e-01  1.41306788e-01
  -2.18213618e-01 -1.17435284e-01 -3.57702523e-02]
 [-1.84800267e+00  1.68403208e+00  1.16227543e+00 -1.47045642e-01
   1.98949888e-01  3.69848579e-01  6.18785799e-01 -1.26148254e-01
   7.89569199e-01  1.53069615e+00 -2.45533347e-01]]
Peso 2:
[ 0.9239592  -0.0535581  -0.1439175   0.08921978  0.00550604 -0.01711209
  0.06829789 -0.16051874  0.06773925 -0.10462211  0.14047013]
Camada: saida
Peso 1:
[[-1.594464    1.5178682 ]
 [ 1.302822   -0.9229712 ]
 [ 1.1310233  -0.14068338]
 [-0.7585141  -0.26490727]
 [-0.27848008  0.5805464 ]
 [ 0.00466919 -0.12024008]
 [ 0.3321742  -0.14409576]
 [-0.20635225 -0.32989106]
 [ 0.748751   -0.333574  ]
 [ 0.8642908  -1.2648228 ]
 [-0.50272095  0.49420086]]
Peso 2:
[-0.481776    0.48177648]



pesos modelo: 
Test loss: 0.0011, Test accuracy: 1.0000
Camada: meio
Peso 1:
[[ 4.01276648e-01  2.06293941e-01 -2.41823509e-01  2.89718449e-01
   2.67330408e-01  1.51169896e-01  4.35259759e-01  4.38229799e-01
   1.34617507e-01  2.62450635e-01  1.25901759e-01]
 [-2.20116317e-01  2.78224111e-01  8.38792920e-02 -2.96755135e-02
  -3.40801477e-01  1.58875883e-01 -2.88706601e-01  1.12969339e-01
  -4.23382908e-01 -2.31518716e-01 -8.25245678e-02]
 [-1.33749336e-01  2.45453537e-01  2.72281110e-01 -8.81020427e-02
   7.24067092e-02  2.06307054e-01 -1.59204364e-01 -3.75036895e-02
   9.97068286e-02  1.75152183e-01  4.36453581e-01]
 [-2.94300139e-01  1.91407964e-01  2.62253582e-01  3.28869611e-01
   3.95520419e-01  6.03951931e-01  2.88223296e-01  5.56751676e-02
   2.03955621e-01  1.49150401e-01  3.88934821e-01]
 [ 4.75952663e-02  1.84980705e-02 -1.51523547e-02 -1.73449904e-01
  -1.83752611e-01  3.29823166e-01  1.81847066e-01  1.47914290e-01
   9.04017612e-02 -1.41358882e-01 -1.59029499e-01]
 [ 4.81933534e-01  3.79575908e-01 -4.69511971e-02  4.16591287e-01
  -4.68960732e-01  2.35235170e-01  7.44461417e-02  1.33122757e-01
   1.23530682e-02 -1.93505600e-01 -3.54177147e-01]
 [ 3.38929772e-01 -4.64141041e-01  2.04915896e-01 -3.49577665e-01
   3.29368412e-02  3.75103086e-01  2.51433253e-01  4.18912262e-01
  -5.43311536e-02 -2.42556736e-01  4.70390439e-01]
 [-4.14750934e-01 -3.63836825e-01 -3.63990664e-02  2.04554480e-02
  -2.39776950e-02  3.23916256e-01  2.23602474e-01 -1.55828730e-03
   1.20270349e-01 -5.36475703e-02 -1.67023778e-01]
 [ 3.48672748e-01 -7.69758224e-02 -1.67504951e-01  1.87767029e-01
   4.26289551e-02  3.76307994e-01  2.32390821e-01  3.18075508e-01
   7.46535659e-02 -1.00386739e-01 -2.03616664e-01]
 [-1.21641278e-01 -2.54724994e-02  2.75796920e-01 -3.44022661e-01
   2.67097145e-01  1.07665673e-01  2.35838637e-01 -2.02446759e-01
   2.32365932e-02 -5.47008738e-02  1.94222540e-01]
 [-4.59225997e-02 -3.00189316e-01 -6.30986020e-02  3.25754017e-01
  -1.74010806e-02  1.69172868e-01 -3.75157207e-01  7.31159374e-02
  -8.35330039e-03  1.98810175e-01 -3.63021970e-01]
 [ 1.38877526e-01  1.36718139e-01 -2.35587448e-01  6.62926733e-02
  -2.30291948e-01  6.11101314e-02 -1.35601118e-01 -7.21850321e-02
   1.68794468e-02 -2.07843304e-01 -1.61230206e-01]
 [-3.43188852e-01 -3.57855856e-01  2.48737335e-02 -8.03734362e-02
  -3.28668654e-01  6.51795790e-03 -2.16472968e-01 -1.85415983e-01
  -1.09481625e-02 -2.54695743e-01 -3.54430944e-01]
 [-9.58181173e-02 -3.20815057e-01 -1.91195354e-01 -1.52551427e-01
   1.21046245e-01  3.29376221e-01  3.13177228e-01  1.64373562e-01
   1.36759132e-01  2.13913590e-01  4.69503328e-02]
 [-4.41514671e-01 -4.52360600e-01  2.51759946e-01  2.45531857e-01
  -2.28075162e-01  3.96176696e-01  2.10569024e-01 -1.92710936e-01
   1.73291817e-01 -3.16197634e-01 -3.21858972e-01]
 [-2.92127151e-02 -2.70680517e-01  1.50073230e-01 -2.06205592e-01
  -8.37531015e-02  6.65616393e-01  2.83491075e-01  3.10756803e-01
   1.65739492e-01  1.17815450e-01  3.65341306e-01]
 [-1.62738502e-01 -2.72432685e-01  7.34608114e-01  1.52733162e-01
   1.17263630e-01 -1.56511986e+00  1.28288507e-01  1.37911665e+00
   2.41656709e+00 -2.19264224e-01  5.20056725e-01]]
Peso 2:
[ 0.04381617 -0.07952724 -0.04076622 -0.08961606  0.01490516  0.80324775
  0.08173089 -0.06893364 -0.24247217 -0.28299662  0.01177801]
Camada: saida
Peso 1:
[[-0.27673885 -0.02358421]
 [ 0.5870196   0.08105136]
 [ 0.8254479   0.03122333]
 [ 0.3524902   0.12514608]
 [-0.18912455  0.05473169]
 [-0.8856506   1.8210093 ]
 [-0.18154302 -0.04730446]
 [ 1.2286475  -0.44361794]
 [ 1.7942067  -1.5323129 ]
 [ 0.40159246 -0.5331161 ]
 [ 0.25104448 -0.32827088]]
Peso 2:
[-0.6825165  0.6825165]



pesos modelo: 
Test loss: 0.0013, Test accuracy: 1.0000
Camada: meio
Peso 1:
[[ 4.02252138e-01  3.59774351e-01 -2.20644429e-01  2.17690706e-01
  -3.90831232e-01 -3.19761366e-01 -3.49424750e-01  4.11817908e-01
  -1.60327107e-01  1.41453147e-01  2.44674265e-01]
 [ 3.75480354e-01 -3.45984399e-01  1.67427957e-01 -2.64741302e-01
  -2.16341317e-02 -1.60168946e-01 -3.13859940e-01 -3.57878268e-01
   2.22963452e-01  3.69890213e-01  3.26494694e-01]
 [ 3.90741825e-01 -2.14762554e-01 -4.47664052e-01 -1.46640897e-01
  -3.05524886e-01 -4.34329569e-01 -2.97688305e-01 -5.01419604e-02
  -4.08700854e-01 -2.63742507e-01 -7.70446658e-02]
 [ 4.26882505e-01  2.66867548e-01  3.17755789e-01 -2.23276019e-01
  -7.22203329e-02  1.20936975e-01 -3.02194446e-01  1.36446461e-01
  -3.79889041e-01 -2.70093054e-01 -3.87323320e-01]
 [ 2.81752616e-01 -3.93006355e-02  4.62528795e-01 -3.92127812e-01
   7.43083581e-02 -9.25883278e-02 -2.59706289e-01 -1.05004236e-01
  -2.09234744e-01 -1.26608208e-01  2.83337124e-02]
 [ 9.55299940e-03  5.05447462e-02  2.40879327e-01  4.31872249e-01
   3.75385322e-02 -3.86603326e-01 -1.64693430e-01  1.91451088e-02
   4.07513499e-01 -2.14265697e-02 -1.07543960e-01]
 [ 4.29277390e-01  6.01879768e-02 -4.22967732e-01  4.11519796e-01
  -1.75641075e-01 -2.84688950e-01  3.14334892e-02  2.88990319e-01
   2.83573449e-01 -3.00203264e-01 -1.49648428e-01]
 [ 4.98204753e-02  3.68953198e-02 -2.53955305e-01  1.44343853e-01
  -2.83838719e-01 -7.38348663e-02  3.54607195e-01 -1.13207223e-02
  -1.73168629e-01 -3.86231951e-02 -2.58414179e-01]
 [ 2.46389896e-01  9.82476398e-02  7.48336315e-02  4.40208524e-01
   3.67999732e-01 -2.71820016e-02  2.68904656e-01  2.01681688e-01
   4.20933515e-01  1.96341887e-01 -1.12631448e-01]
 [ 2.58174002e-01  2.15035141e-01 -1.34435415e-01 -2.72762686e-01
   3.36447954e-01  8.12923759e-02 -7.47037632e-03  1.80290509e-02
  -3.05285931e-01 -1.69689298e-01 -1.15601100e-01]
 [ 8.66815671e-02  9.33589935e-02 -4.03661430e-01  7.71432295e-02
   5.52878575e-03  8.69213715e-02  2.10294843e-01 -3.52553278e-02
  -4.36125964e-01 -1.38523757e-01 -3.51923376e-01]
 [ 1.91941023e-01  2.79232532e-01  1.48701608e-01  4.20021489e-02
   5.43476604e-02  1.03363231e-01 -2.53735423e-01  1.78925440e-01
  -2.76326478e-01  1.96453035e-01  4.22785938e-01]
 [ 9.04131532e-02  2.03321025e-01  4.52906378e-02  3.90010864e-01
  -1.06921876e-02 -1.80013567e-01  4.15897757e-01  1.48501649e-01
  -2.24355802e-01  3.16323996e-01 -3.69105548e-01]
 [ 4.02512103e-02  6.15732558e-02 -2.22858042e-03  2.71945655e-01
  -2.39185825e-01 -4.09731418e-01  6.45127445e-02  1.50661811e-01
  -6.79961592e-03 -3.81748378e-01  5.21350443e-01]
 [ 1.01885386e-02  2.80440718e-01 -5.63280433e-02  4.55526352e-01
  -1.07518747e-01  3.47823314e-02  3.73479694e-01  1.90512583e-01
  -3.20668258e-02 -2.21006468e-01  4.84746754e-01]
 [ 2.59044349e-01  1.24156319e-01 -1.34165317e-01 -5.42131625e-02
  -1.37970775e-01 -3.05515587e-01  4.08288419e-01  5.19042462e-02
  -3.76794517e-01 -1.96409285e-01  2.09401980e-01]
 [-1.31312597e+00 -1.14034295e+00 -2.30484620e-01 -7.21577168e-01
   7.09884195e-03 -2.53228247e-01 -2.21721493e-02  2.62032700e+00
  -6.70744181e-02 -3.13847572e-01 -4.18405086e-01]]
Peso 2:
[ 5.1256812e-01  5.6806415e-01  3.8011715e-02  3.2388186e-01
 -1.0848746e-02 -1.6792096e-01  2.0416010e-02 -1.9567668e-01
 -3.2901309e-02 -3.2300566e-05  2.1332102e-01]
Camada: saida
Peso 1:
[[-1.0982548   1.1194377 ]
 [-0.9551244   0.9309448 ]
 [-0.25331813 -0.00244467]
 [-0.30571958  0.9847935 ]
 [ 0.55212295  0.28399745]
 [ 0.3542676  -0.62727845]
 [ 0.29648408  0.47806007]
 [ 1.8812364  -1.676632  ]
 [-0.02899746 -0.30399942]
 [-0.12376779 -0.10453359]
 [-0.75463253  0.16972041]]
Peso 2:
[-0.2404625   0.24046247]



pesos modelo: 
Test loss: 0.0014, Test accuracy: 1.0000
Camada: meio
Peso 1:
[[ 2.08337128e-01 -1.40539199e-01  3.72352004e-02  4.06427562e-01
   4.43176746e-01 -4.37939882e-01  9.60771441e-02  2.09992170e-01
  -3.86424631e-01  4.02311444e-01  6.83311224e-02]
 [-3.73124152e-01  5.85919619e-02 -3.87956947e-01 -3.18605602e-02
   4.09851670e-01  5.02353311e-02  1.85657620e-01  1.38100743e-01
   2.03235924e-01 -1.82589322e-01 -9.96534228e-02]
 [ 7.67855048e-02 -3.54866564e-01  2.24153936e-01 -4.25231755e-02
  -3.52996409e-01 -4.01916742e-01 -3.13350946e-01  3.48150373e-01
   4.46230471e-01  4.05972600e-02 -1.88137770e-01]
 [ 6.48814365e-02  9.37923491e-02  3.55923086e-01  1.76379457e-01
   3.27693105e-01  3.93181294e-01  4.72137779e-01  1.83195680e-01
   1.86127156e-01  3.85686934e-01  3.44522715e-01]
 [-1.32406920e-01  2.47263715e-01 -3.28580946e-01 -2.18988195e-01
   2.01350108e-01  1.23962410e-01  2.30954990e-01 -3.05542678e-01
   1.93527147e-01 -1.21095911e-01 -1.66786507e-01]
 [ 1.14626646e-01 -3.75059634e-01 -2.85145462e-01 -2.84534041e-02
   3.66163731e-01  8.34985599e-02  1.46270171e-01  3.40349913e-01
  -4.15951550e-01  1.29611179e-01  5.20560086e-01]
 [-3.45274597e-01  3.85792345e-01  1.83708876e-01  2.82996655e-01
   8.01321417e-02 -3.08486015e-01  1.55488700e-01  4.88145232e-01
  -3.90332133e-01  3.33154023e-01  2.42077053e-01]
 [ 2.13239416e-01  7.53939673e-02 -1.33573040e-01  3.34418923e-01
   1.98432609e-01 -1.08401448e-01  2.58845389e-01 -3.20743740e-01
  -3.39451939e-01  1.22935988e-03  5.47101378e-01]
 [ 1.29034609e-01  3.48281085e-01  4.81231123e-01  1.49776429e-01
   2.82754838e-01  1.69806257e-01  2.22462550e-01  4.82105255e-01
   3.09652895e-01  1.21319038e-03  1.93504989e-01]
 [-4.21480507e-01  7.18100891e-02 -3.18970159e-02 -4.36353348e-02
   1.75892130e-01 -1.53903008e-01  2.74887025e-01  9.18332860e-02
   1.95029661e-01  3.54001492e-01 -3.87009792e-02]
 [ 4.24114585e-01  3.33015114e-01 -2.57729679e-01  5.07540889e-02
  -1.76048130e-01  2.09971875e-01  3.39588791e-01 -2.71649390e-01
   2.42127210e-01  8.65483209e-02 -2.93405622e-01]
 [-7.85848498e-02 -1.67406783e-01 -4.14383054e-01  4.02093269e-02
  -2.87744224e-01  3.45977277e-01 -2.68548774e-03 -3.23788345e-01
  -1.18707322e-01  1.23944897e-02  3.35350513e-01]
 [ 4.38142836e-01 -3.17482382e-01  4.28656071e-01  1.08263612e-01
  -5.62528148e-02 -2.79623985e-01  1.24322623e-01 -5.69033378e-04
  -4.28719372e-01  4.02993530e-01  1.96401641e-01]
 [ 3.57986510e-01  3.87323648e-01  1.52798742e-02  8.91922042e-02
  -3.19393545e-01  3.66305470e-01  1.02054393e-02  3.91605467e-01
  -1.83026716e-01  1.45984292e-01 -3.94749120e-02]
 [-1.24022357e-01 -4.47817534e-01 -1.29595324e-01  1.33146271e-01
   3.62007588e-01 -1.13774538e-01  6.40795887e-01  2.21724004e-01
  -3.57360542e-02  4.16480929e-01 -6.82767928e-02]
 [-2.60039866e-01 -3.99028122e-01 -4.14218068e-01  9.63448826e-03
   2.09608987e-01  7.10874051e-02  4.25957531e-01 -1.39937371e-01
  -3.18450868e-01  1.66234225e-01  1.31293923e-01]
 [ 1.02538109e-01 -1.69157803e-01 -4.76615727e-01  1.64227509e+00
   1.45782244e+00  7.23455787e-01 -1.93067145e+00 -4.21318680e-01
  -1.98857039e-01  7.28862047e-01 -9.08482790e-01]]
Peso 2:
[-0.00776079 -0.03645537  0.18129753 -0.09987427 -0.10453136  0.0404513
  0.7626846   0.15467007  0.00757907 -0.14127216  0.4937851 ]
Camada: saida
Peso 1:
[[ 0.18784752  0.18053441]
 [-0.40893182  0.2202789 ]
 [-0.6458002   0.13337757]
 [ 1.5509022  -0.6805885 ]
 [ 0.7752695  -1.1657546 ]
 [ 0.30137557 -0.5946324 ]
 [-1.8488383   1.1628153 ]
 [-0.18519539  0.53368163]
 [-0.6575794  -0.56424737]
 [-0.11712955 -0.9940488 ]
 [-1.0253649   0.54057926]]
Peso 2:
[-0.29051027  0.29051045]



pesos modelo: 
Test loss: 0.0009, Test accuracy: 1.0000
Camada: meio
Peso 1:
[[-2.76816487e-02 -2.85125434e-01 -1.61992550e-01 -9.71731544e-03
  -1.51294470e-02  4.07298207e-01  2.63882756e-01  2.71076560e-01
   3.85039985e-01  2.36932158e-01  4.03355360e-01]
 [ 2.52395809e-01  1.71895623e-02  1.24591589e-03 -3.23225200e-01
  -3.99908185e-01 -3.99766475e-01  3.18431437e-01  3.44663322e-01
   3.28384519e-01  1.60301924e-01  2.84161031e-01]
 [ 8.92391205e-02  3.45558941e-01 -3.98283601e-02 -3.31222028e-01
  -2.00127542e-01 -1.94860637e-01 -3.31005812e-01  3.64055991e-01
   5.67447543e-02 -1.41439795e-01 -4.59462881e-01]
 [ 4.52118307e-01 -2.59291083e-01 -2.61530101e-01 -8.25147107e-02
   3.87133569e-01  8.21339786e-02  2.00591862e-01  2.56032020e-01
  -1.32521591e-03 -2.91546673e-01  1.72211960e-01]
 [ 4.20324594e-01  1.20988093e-01 -4.61932182e-01  2.67917573e-01
  -1.24423958e-01 -3.01054716e-01  1.06055595e-01  6.79449812e-02
   3.22513252e-01  2.99917251e-01 -3.17077905e-01]
 [ 3.30724537e-01  4.36571203e-02 -1.71771124e-02  6.40281290e-02
  -1.20187148e-01 -1.81710660e-01 -9.56699401e-02  1.99464753e-01
   2.62096345e-01  3.75793636e-01 -2.79851913e-01]
 [ 8.29064697e-02 -1.50226787e-01 -3.39961320e-01 -8.04928616e-02
  -1.42385691e-01 -6.48368821e-02 -3.12447578e-01 -2.95527786e-01
  -1.79697492e-03 -2.66460776e-01  4.04096961e-01]
 [ 3.45280245e-02  1.54329062e-01 -3.98803264e-01  8.01476687e-02
   2.67525464e-01  2.35133156e-01 -2.38995969e-01 -1.07375972e-01
  -1.64109319e-01  2.22883418e-01 -1.09750815e-01]
 [ 2.84736425e-01  1.24025866e-01  1.87614799e-01  2.26302132e-01
   1.61454737e-01  3.27419251e-01 -2.02018559e-01 -2.54215971e-02
   2.96978891e-01  4.15038288e-01 -2.57821754e-02]
 [ 1.13132894e-01  3.71945739e-01  2.27457106e-01  6.44683316e-02
  -6.44887686e-02  2.25770399e-01 -3.80341429e-03  1.03957601e-01
   1.46177605e-01 -4.45160091e-01 -2.31199890e-01]
 [ 1.94143012e-01 -6.57471046e-02 -3.33813936e-01 -2.79382747e-02
  -3.42582632e-03 -2.49260422e-02 -4.42186296e-01 -2.20111206e-01
   6.07412532e-02 -1.66562647e-01  4.35778856e-01]
 [ 9.65854377e-02 -4.76312861e-02  3.60690877e-02 -3.21072131e-01
   1.84734464e-01  4.57521498e-01 -2.30192795e-01 -3.08831222e-02
   5.83256669e-02  3.91208500e-01  1.59418240e-01]
 [ 7.35785365e-02  4.61658567e-01  2.98833102e-01 -1.33288875e-01
  -5.91271520e-02  3.70319188e-01  2.50067949e-01 -1.74560830e-01
   2.24598989e-01 -3.17983478e-01  2.19390675e-01]
 [ 2.16001689e-01 -3.27197552e-01  2.82931119e-01 -2.84844458e-01
   3.67236882e-01  4.83697027e-01  2.56607264e-01  3.52710605e-01
   3.45062092e-02 -5.36806285e-02  1.71242103e-01]
 [ 2.81720161e-01  9.54509303e-02 -6.51117265e-02 -1.01206042e-02
   1.81002408e-01 -4.93124276e-02  1.62435561e-01 -4.39112931e-01
  -2.88989767e-02  1.25365540e-01  1.21869117e-01]
 [ 1.89586148e-01 -1.51691973e-01  2.91159004e-01  2.12910965e-01
   2.17421830e-01  1.23984247e-01 -1.20089620e-01 -1.95712224e-01
  -8.33444223e-02  4.57322419e-01  1.89696267e-01]
 [-1.82326043e+00 -3.92865747e-01 -9.89089757e-02 -1.72912508e-01
   1.64665008e+00 -7.88522661e-01  1.39571846e-01 -4.41827536e-01
   1.86595917e+00 -7.88766742e-02  4.44680266e-03]]
Peso 2:
[ 0.86043483  0.1959759  -0.05321526  0.07682131 -0.08127803  0.4054944
 -0.00107586 -0.12195531 -0.06506754  0.03194609  0.01533148]
Camada: saida
Peso 1:
[[-1.6734917   1.3981367 ]
 [-0.51391953  0.18159954]
 [ 0.4748683   0.26622772]
 [ 0.25121847  0.69145936]
 [ 1.3337637  -0.90429556]
 [-0.9609474   0.5545329 ]
 [ 0.5924109   0.5823495 ]
 [-0.34651616 -0.5797493 ]
 [ 1.6151805  -0.9050994 ]
 [-0.29836172 -0.01057618]
 [ 0.4627186   0.5999361 ]]
Peso 2:
[-0.2803348  0.2803348]



pesos modelo: 
Test loss: 0.0009, Test accuracy: 1.0000
Camada: meio
Peso 1:
[[-1.97181314e-01 -1.74728602e-01  9.37014818e-02  7.21049905e-02
   2.08705783e-01  1.52995050e-01 -5.19304574e-02  1.29985094e-01
   2.81951189e-01 -9.12609398e-02 -1.74317688e-01]
 [-9.24285054e-02  2.83616364e-01 -2.22303450e-01  3.94035935e-01
   4.18715477e-01  3.25388491e-01 -1.67185605e-01 -3.96572381e-01
  -2.04901874e-01  2.81508386e-01  3.15227211e-02]
 [ 3.73516262e-01  6.03045225e-02 -2.97217041e-01  4.25402701e-01
  -1.06820285e-01 -2.16168627e-01  3.03137958e-01 -2.74721175e-01
  -3.55224609e-01  2.43524909e-01  1.60065413e-01]
 [ 4.65126112e-02  3.07883203e-01 -4.15098131e-01  2.54766256e-01
  -1.35565832e-01  2.71893471e-01 -5.23268431e-02  2.14507118e-01
   6.68643042e-02 -5.90252748e-04 -2.97840178e-01]
 [ 1.22930214e-01  1.22427158e-01 -2.75540441e-01 -2.31863573e-01
  -1.87255293e-01 -5.01128063e-02 -1.12444477e-03 -3.06351334e-01
   4.06139225e-01 -1.62531570e-01 -1.24730118e-01]
 [ 2.63051629e-01  2.03990027e-01  1.40063064e-02  1.52148753e-01
  -2.25799173e-01  1.33932173e-01 -7.41998032e-02 -3.39247942e-01
  -1.87105387e-01  1.82105482e-01 -2.95743555e-01]
 [-1.42686814e-02  2.18265235e-01 -3.02715972e-03  4.86376107e-01
  -3.81604254e-01  2.78494000e-01 -6.46248087e-02 -6.07747808e-02
  -2.81393141e-01 -2.43787363e-01  3.71209979e-01]
 [-1.92115217e-01  3.71685475e-01  6.87674806e-02  2.85090029e-01
  -2.17515111e-01  2.03611031e-01  3.14350963e-01 -2.91406393e-01
  -3.90797615e-01  1.50419921e-01 -2.64355302e-01]
 [-2.71765441e-01  1.42619967e-01 -3.12810719e-01 -2.90705413e-01
   1.96362257e-01  1.13508971e-02 -2.44517207e-01 -8.01180005e-02
  -1.97061896e-01 -1.21475682e-01 -2.49662936e-01]
 [-3.06826755e-02  3.22242588e-01 -2.98461616e-01 -2.43188038e-01
  -4.58881110e-01  6.57075346e-02  6.30398765e-02 -3.49395126e-01
  -2.21670762e-01  2.28659540e-01  3.85541767e-01]
 [-4.54928219e-01  1.85727015e-01 -1.36761636e-01 -4.17151928e-01
   2.58707583e-01 -9.06267688e-02 -5.62564172e-02 -3.50574136e-01
  -2.95251518e-01  3.47619534e-01 -7.66466558e-02]
 [-1.25654668e-01  3.68761033e-01  1.01372927e-01  3.12030345e-01
  -1.37140930e-01  3.41672033e-01  7.84095973e-02  2.05660179e-01
   1.10492624e-01 -4.39106017e-01 -4.44745868e-01]
 [ 1.32281289e-01  4.87612307e-01  2.60690629e-01  4.55362052e-01
   2.44385660e-01  2.63603896e-01  4.92527366e-01  9.72365960e-02
  -3.59106392e-01  4.26777661e-01  3.41897219e-01]
 [ 1.21909149e-01  2.61644542e-01  3.64036351e-01 -7.80010363e-03
   1.28753051e-01  1.29089355e-02  4.75154996e-01  3.59725982e-01
   3.68549913e-01 -1.39168352e-01 -1.40834436e-01]
 [-2.22022370e-01  1.74546778e-01 -2.19768539e-01  3.47099394e-01
  -1.33524999e-01  1.10290863e-01  5.66285625e-02 -1.18276387e-01
   1.40475541e-01  9.09499731e-03 -4.69233155e-01]
 [-2.03622252e-01  8.73369500e-02 -3.70336890e-01  3.46780241e-01
  -3.37003469e-01  7.25652203e-02 -1.24650568e-01 -4.08020854e-01
   1.30819708e-01  4.36108649e-01 -4.09836918e-01]
 [-1.06411409e-02 -1.93877852e+00  4.87755418e-01 -6.11063600e-01
  -1.27546549e-01  2.19476271e+00  1.15349615e+00 -3.17325257e-02
  -1.61078185e-01  6.81876838e-02  6.96050450e-02]]
Peso 2:
[ 9.9770288e-05  8.5219401e-01  4.2035624e-02  2.4652529e-01
 -1.5713559e-01 -2.9522064e-01  9.0902664e-02 -8.0409348e-02
  7.7401444e-02 -5.1691048e-02 -4.3301038e-02]
Camada: saida
Peso 1:
[[ 0.61408925  0.6257729 ]
 [-1.5938185   1.640802  ]
 [ 0.41932213  0.14361455]
 [-0.35797426  0.8040207 ]
 [ 0.6155326  -0.33677   ]
 [ 1.1417781  -1.9733125 ]
 [ 0.88295835 -0.4527322 ]
 [ 0.4563183  -0.6017504 ]
 [-0.22009064  0.5585486 ]
 [ 0.46401277  0.31861225]
 [ 0.09327484 -0.56374204]]
Peso 2:
[-0.28622326  0.28622347]
