


pesos modelo: 
Test loss: 0.0045, Test accuracy: 1.0000
Camada: meio
Peso 1:
[[-3.51204842e-01 -1.56196415e-01 -3.14504504e-01 -2.80991971e-01
  -2.04034775e-01  2.55160451e-01  2.24103868e-01  2.18017399e-02
   4.11915183e-01 -1.24421924e-01 -3.80944073e-01  8.05930495e-02
   3.09384108e-01]
 [-2.47564897e-01  2.84411609e-01  1.42101228e-01  1.21122420e-01
  -1.39544308e-02  3.06146264e-01  1.43384814e-01 -2.95787752e-02
   2.61890590e-01  3.19586039e-01  3.97248209e-01  3.34696233e-01
   1.40171766e-01]
 [-3.89319301e-01  1.30258083e-01 -3.73903275e-01 -1.55098945e-01
  -2.25428045e-01  3.44694257e-02  3.45851123e-01  1.78467751e-01
  -2.95045316e-01  1.15233600e-01  2.90803313e-02 -3.35787207e-01
  -3.97716165e-01]
 [ 2.44000122e-01 -3.85624380e-03 -2.85446048e-01 -3.95112038e-01
   2.24489704e-01  3.76076289e-02 -2.95719772e-04  1.59580782e-01
  -4.37384665e-01 -5.25816083e-02 -3.86452734e-01 -1.66631505e-01
   4.38429154e-02]
 [-2.46161327e-01  1.64983973e-01 -4.06651348e-01  3.02658588e-01
   2.22267851e-01 -3.06970894e-01  2.83980638e-01 -1.05680041e-01
  -3.41262937e-01 -2.28406116e-01  2.92646904e-02  1.62062034e-01
  -2.66260773e-01]
 [ 1.27039468e-02  1.73375551e-02 -1.37126356e-01 -1.78230569e-01
   2.98028260e-01 -5.36915995e-02 -1.48937613e-01  4.34398890e-01
  -3.03590924e-01  2.24664539e-01  2.14937910e-01 -1.57452375e-01
  -1.66501656e-01]
 [-3.85321558e-01 -1.37034327e-01 -2.52504796e-01 -1.78365335e-01
   1.27827123e-01 -1.38901696e-01  3.28235179e-01 -1.93030730e-01
   1.17462590e-01  1.37238279e-01  4.60747689e-01  3.59318964e-02
  -1.34385362e-01]
 [-3.51205431e-02  8.22704285e-02 -1.03839777e-01 -3.36524487e-01
   3.39479297e-01 -1.95146248e-01  2.68078029e-01  8.05077776e-02
  -1.94514766e-01  5.80256246e-02  3.35802317e-01  3.21703464e-01
   2.97258973e-01]
 [-2.00217500e-01  1.10149477e-02  2.78689206e-01  2.98844516e-01
   2.70134926e-01 -2.27699280e-01 -1.92443982e-01  2.80470282e-01
   4.99397404e-02  3.76692325e-01  4.29974318e-01 -2.16252625e-01
  -1.17018193e-01]
 [ 1.76197186e-01  1.81363061e-01 -4.47996646e-01 -1.35405406e-01
   2.36118957e-01 -1.34958150e-02 -1.03787743e-01 -1.76414222e-01
   3.29105139e-01 -4.40791138e-02  1.31067723e-01 -3.16317916e-01
  -6.19884692e-02]
 [ 1.45594701e-01  1.44885004e-01 -2.70100981e-01  2.26999059e-01
   2.35685572e-01 -7.88295269e-02 -2.44554460e-01 -1.52639046e-01
  -4.47994977e-01  2.30486795e-01  3.94905448e-01 -5.35903759e-02
  -4.38053399e-01]
 [-3.47618550e-01  1.85166687e-01  3.23530167e-01 -3.17395419e-01
   4.18647259e-01 -1.86343297e-01 -1.98823456e-02  2.74398685e-01
   4.43174839e-01  6.73334599e-02 -1.90308005e-01  3.21885258e-01
   5.75576276e-02]
 [-8.24004877e-03  4.48129922e-02  3.95042926e-01 -2.99871564e-01
   8.62276629e-02 -8.74463618e-02 -2.00207680e-01  2.17941493e-01
   3.27065378e-01 -1.14380687e-01  2.41439685e-01  2.02687249e-01
  -3.56102616e-01]
 [ 3.18032593e-01 -3.34619395e-02 -1.33806080e-01  3.58377546e-01
   3.00520003e-01 -2.61781752e-01  4.51327711e-01 -1.32551178e-01
   2.26325512e-01  2.65782028e-01  1.78465992e-01 -3.65096420e-01
  -3.53110433e-01]
 [-4.03207153e-01  8.88892710e-02 -2.03252509e-01  3.00353378e-01
   3.57892245e-01  3.57797921e-01  2.27276742e-01 -1.16289750e-01
   4.76218089e-02  1.52441591e-01  1.35880992e-01 -1.71831831e-01
  -8.74819979e-02]
 [-2.37535983e-01  1.70254365e-01 -2.30538920e-01  2.06158251e-01
   3.53101790e-01 -1.54059142e-01  1.43936425e-02 -3.24856371e-01
   3.80406499e-01  1.70445517e-01 -5.10848127e-02 -8.62947181e-02
  -3.28659564e-01]
 [ 3.71388763e-01  1.88264740e+00  3.20430160e-01 -1.50655925e-01
  -1.91577470e+00 -1.65663496e-01  1.01901400e+00  6.08651400e-01
  -3.26209478e-02  1.51142943e+00 -3.19468409e-01  7.33420029e-02
   1.39636192e-02]]
Peso 2:
[-0.01734028 -0.19329143 -0.01177143  0.02284452  0.8661483  -0.02892892
  0.03954306  0.0646025   0.00257521 -0.17540002  0.06092568  0.00188538
 -0.03226218]
Camada: saida
Peso 1:
[[ 0.26649874  0.21863234]
 [ 1.5676559  -1.030479  ]
 [ 0.48391917  0.47628334]
 [-0.39528242  0.25069582]
 [-1.6260184   1.5059371 ]
 [ 0.36253712  0.09412258]
 [ 0.6625871  -0.5160994 ]
 [ 0.66972077  0.07483627]
 [-0.01836335  0.06792408]
 [ 0.8313152  -1.0484097 ]
 [-0.54856926 -0.13176307]
 [ 0.46106097  0.5195678 ]
 [ 0.5995865   0.06973027]]
Peso 2:
[-0.43948227  0.4394811 ]



pesos modelo: 
Test loss: 0.0080, Test accuracy: 1.0000
Camada: meio
Peso 1:
[[-0.12180185 -0.18632644  0.43885714 -0.06961066 -0.38084012 -0.34311634
  -0.00496581  0.12216318 -0.03143319  0.10959703 -0.38477808  0.43228918
  -0.35175022]
 [ 0.306359   -0.13524523 -0.23348637 -0.37977356 -0.05903378 -0.3498265
   0.24884117  0.15043682 -0.00361678  0.36075014  0.43244767  0.38518655
   0.02933919]
 [-0.26148862  0.41403145  0.12825876 -0.25660276  0.41281158 -0.15436995
  -0.31991547  0.16244727  0.3166718  -0.1262646   0.44226867  0.22614646
  -0.24071313]
 [ 0.00278914  0.22519189  0.24369834 -0.41350284 -0.2933607   0.06509928
   0.09652404  0.40818682 -0.11736822 -0.13734041  0.31661785  0.05857659
   0.4822102 ]
 [ 0.21480794 -0.13195652 -0.2880791   0.26348916  0.3385731  -0.17795898
   0.4385922  -0.36554447  0.29986057  0.35600534  0.12818027 -0.34859338
   0.00459523]
 [ 0.11805744  0.19648173  0.07841777  0.03411363  0.2512367  -0.22236468
  -0.14530437  0.26010928  0.1793608   0.21227255 -0.26623344  0.40025172
   0.21804893]
 [ 0.17045729  0.36206517  0.2982999   0.3020134   0.32469115 -0.1851912
  -0.14977    -0.4135051   0.15060906 -0.12705265  0.09248646 -0.2788847
   0.17170916]
 [ 0.41387403  0.03668681  0.30021986 -0.23095636 -0.02675984  0.39417496
   0.12706243 -0.08888454  0.30593145 -0.14288734  0.01826505  0.34443122
   0.11745751]
 [-0.4413102  -0.09277023 -0.17393489  0.06964628  0.11781187 -0.2753502
  -0.00325615  0.00630431 -0.343116    0.27143958  0.31752878  0.15934686
   0.42199367]
 [-0.37755793  0.2574466   0.26298356  0.21265149  0.01628132  0.3392031
   0.2387533   0.21959074 -0.38975585  0.06793473 -0.08280853  0.21950896
   0.2958536 ]
 [-0.25237742  0.14664689  0.0868673  -0.1824917   0.28900188  0.2690056
   0.16200066 -0.439868    0.18529902  0.41572112 -0.18918695  0.3840607
   0.31408787]
 [-0.47234783 -0.10642356  0.17442968  0.06456444  0.28987023  0.27831987
  -0.26110017  0.1177896   0.19176424 -0.10999247  0.21069464  0.00626774
   0.21009405]
 [ 0.08917042 -0.00850735  0.165179    0.34592038  0.3140648  -0.30202493
  -0.08311429  0.28428674 -0.03543842  0.17161676 -0.03069222  0.41762468
   0.2853734 ]
 [ 0.40636376  0.2940611   0.12765782 -0.16940309 -0.29266384 -0.20623937
   0.364027    0.2786681   0.09578606  0.14061928  0.17359833 -0.04457895
   0.3762771 ]
 [ 0.2314586   0.165578   -0.22432017 -0.2485027   0.34171513  0.11598793
   0.29778856 -0.32431695  0.10589822  0.31068683  0.08687083 -0.0321109
   0.13634014]
 [-0.3847657  -0.22000799 -0.21584071 -0.0461371   0.3112478   0.38423556
   0.24750422  0.2723957  -0.09229568  0.31942505  0.13192995  0.4005754
   0.19930705]
 [ 0.13578162  0.57332927  1.0875409   0.08694339 -0.921464   -0.03252098
  -0.6187938  -0.08710255 -0.09422436  1.6477842   1.2887872   0.4165369
  -1.8810636 ]]
Peso 2:
[ 0.05943969 -0.10403145  0.04101322 -0.01279812  0.31208354  0.03852848
  0.26362777 -0.00593941 -0.10235349 -0.20670204 -0.03624586 -0.04728157
  0.8211204 ]
Camada: saida
Peso 1:
[[-0.35720494  0.14389817]
 [ 0.17623924 -0.56619143]
 [ 0.5889032  -0.841724  ]
 [ 0.2943261   0.21176612]
 [-0.3262397   1.0190953 ]
 [-0.46461102 -0.16176622]
 [-0.40387553  0.55769897]
 [-0.10482533 -0.02205355]
 [-0.01959701 -0.01108739]
 [ 0.79528534 -1.4519104 ]
 [ 0.515078   -1.1123096 ]
 [-0.05072196 -0.45473945]
 [-1.5579882   1.4919764 ]]
Peso 2:
[-0.3478949   0.34789476]



pesos modelo: 
Test loss: 0.0016, Test accuracy: 1.0000
Camada: meio
Peso 1:
[[-0.19323346 -0.01923198  0.34931278 -0.18958807 -0.08589077 -0.15511024
  -0.09871519 -0.23598328 -0.24057548  0.14356518 -0.2608062  -0.4255446
  -0.02498937]
 [-0.3050663   0.06867534 -0.12520275 -0.13088089  0.28510964 -0.26999646
  -0.1375401   0.2386269  -0.0816367  -0.39660332 -0.04080725  0.10710925
  -0.42865577]
 [-0.37894082 -0.27660525  0.29552352  0.37045753  0.29819518 -0.00487241
  -0.01870781  0.12389565  0.30517375  0.26125437  0.17963123 -0.08702782
   0.33302373]
 [-0.06950691 -0.09224673  0.0709017  -0.03500843  0.30250058  0.26858792
   0.20209761  0.23660098  0.44506812  0.18693456  0.1514234   0.5058539
   0.21474887]
 [-0.14731161  0.42432058 -0.2943026   0.4950513  -0.3443634  -0.16302319
   0.15380219  0.39121497 -0.23108219  0.2131195   0.34849674 -0.3539799
  -0.00959733]
 [ 0.0843767  -0.10769608  0.51949143  0.04604978  0.13440396 -0.42775515
  -0.03574822 -0.30672446  0.1301032   0.20555206  0.27281538 -0.39092344
   0.02710315]
 [ 0.3434195   0.15941866 -0.1795265   0.05621495  0.19775094  0.33068866
   0.2629771  -0.3453418  -0.27053398  0.20772454  0.0992707  -0.28414378
   0.2003718 ]
 [-0.15255141  0.255732    0.22562665 -0.21440522  0.3290187   0.26094937
  -0.14404579  0.09174894 -0.10951793  0.01076727  0.24207973 -0.02565581
   0.25804386]
 [-0.28189984 -0.23886137 -0.02265246 -0.15022425  0.3951054   0.05305712
  -0.3097866  -0.43781552  0.22030242  0.00533629  0.11147705  0.48686147
   0.04542568]
 [-0.13740867 -0.01773344  0.00685301 -0.19303042 -0.42395377  0.20264706
  -0.34945667 -0.25528544  0.24366803 -0.10324076  0.18153222  0.35903874
   0.19693443]
 [-0.14915115  0.30458134 -0.14485854 -0.04798248 -0.12692952 -0.16121277
  -0.09203863 -0.39665    -0.37711215  0.16450194  0.0064304   0.00752716
  -0.1143308 ]
 [ 0.08574737 -0.13249052  0.00608577  0.1423901  -0.38729182  0.10498264
  -0.3615899  -0.24492715 -0.16626057  0.0944901   0.08038791 -0.09634686
  -0.22015148]
 [ 0.47191286  0.28626415 -0.07593911  0.41407135 -0.35149533 -0.2896112
   0.09660691 -0.15696955  0.1956381  -0.22166693  0.23523363  0.3714919
  -0.00903417]
 [ 0.29132318 -0.06586536 -0.30994165  0.37814176  0.33076936 -0.0755612
   0.07978983 -0.13685875 -0.39234903  0.05094015  0.32454857  0.00660787
   0.22681035]
 [ 0.45337468 -0.22348794  0.29263678  0.2896366   0.04793168 -0.49159256
   0.24247229  0.00301835  0.5195089   0.1013238   0.4983726  -0.1814232
   0.3461743 ]
 [ 0.24937755  0.15726641  0.29068395  0.4799546  -0.0159734   0.07946905
   0.03072386  0.06812206 -0.2669824   0.2461695   0.3666467  -0.13284408
  -0.09148538]
 [-0.6101495  -0.46664983  0.5914584   1.4758643  -0.27718097  0.0694587
  -0.19690429  0.2821136  -0.35260233 -0.7096726  -2.069976   -0.4927676
   1.4922585 ]]
Peso 2:
[ 0.29496494  0.1401258   0.08899674  0.03321011  0.01207286 -0.09012587
  0.01992732 -0.01619979  0.1857684   0.27406314  0.9618058   0.12911473
  0.07213147]
Camada: saida
Peso 1:
[[-0.4700112   0.5705224 ]
 [ 0.23242186  0.7917052 ]
 [ 0.29921195 -0.61887574]
 [ 1.0816727  -0.9863828 ]
 [ 0.38975453  0.56796706]
 [-0.26521876  0.040727  ]
 [-0.39590666  0.06876557]
 [ 0.20257981  0.2496518 ]
 [-0.48801547  0.18457715]
 [-0.45671007  0.6829335 ]
 [-1.6755235   1.6800989 ]
 [-0.09217551  0.43445167]
 [ 0.9012367  -1.2335175 ]]
Peso 2:
[-0.06125513  0.06125496]



pesos modelo: 
Test loss: 0.0052, Test accuracy: 1.0000
Camada: meio
Peso 1:
[[-0.26094055  0.03672984  0.3957616  -0.35098177  0.1664365  -0.34015977
   0.33433753  0.41634393 -0.08028874  0.11108285 -0.38433132 -0.29410374
   0.3070528 ]
 [-0.3299439  -0.4164224   0.2962103  -0.05882981 -0.40884343 -0.4385374
  -0.34639812  0.34515554 -0.1657171   0.15939623 -0.21177153  0.35796577
   0.25426823]
 [ 0.11022747 -0.10892615  0.32656443  0.27694464 -0.12444112  0.28971553
  -0.41160116  0.08685315 -0.37010247 -0.24913813 -0.35457245 -0.19784984
   0.29519117]
 [ 0.07459559  0.29367444  0.3659294   0.33355772 -0.44025052 -0.14422469
   0.27095398  0.24070382  0.4887128  -0.33728036 -0.08564952  0.1501717
   0.22260833]
 [ 0.21810944 -0.26939064 -0.3362612   0.14830148  0.2971301   0.36375728
  -0.10564829  0.41460994  0.36134037 -0.3045925   0.4343175   0.30449033
   0.36147603]
 [-0.4324632  -0.16321222 -0.12828681  0.06599443 -0.1338224   0.03690221
   0.28105417 -0.2881848   0.4638614  -0.45736802 -0.20286104 -0.10883614
   0.29391325]
 [-0.34515136  0.08359643  0.17827484  0.02696712  0.07784656 -0.08381427
  -0.11158521  0.42463195 -0.16564436  0.31805617 -0.02789308  0.3676433
  -0.17313184]
 [ 0.09280212 -0.26813254  0.19639422  0.13931179  0.36395937 -0.081798
   0.3800667  -0.13648757  0.20198719 -0.45275015 -0.13158861 -0.07660831
  -0.0602619 ]
 [-0.39079392 -0.2186782   0.13975166  0.21692489 -0.34340551  0.07965268
  -0.09722199  0.34014058  0.45317185  0.00863191 -0.22483039  0.1273033
   0.12947085]
 [-0.404823   -0.09333441 -0.18051349  0.15309949 -0.0028531   0.3034188
  -0.02523063 -0.04175679  0.08626631  0.07090647  0.46297798  0.24053247
  -0.2087846 ]
 [ 0.33790952 -0.02386409 -0.13572882 -0.01783145 -0.39930153 -0.29500037
   0.28072897 -0.20585175 -0.258645    0.2810487   0.0572116   0.42543086
  -0.07226995]
 [-0.28911066 -0.42512384  0.2424286  -0.13369185  0.21523885 -0.3626957
  -0.27465284 -0.03821813  0.2017098   0.23228222 -0.3796262   0.06742027
   0.13468295]
 [-0.08049273 -0.28372645 -0.22261149  0.1503096  -0.22837324 -0.10111139
   0.3960838  -0.42778432  0.37560448  0.26662922 -0.34482574  0.13921554
   0.28136316]
 [-0.14718245 -0.4346198  -0.3716018   0.15368381  0.17851925  0.2758849
   0.03206825  0.10979555  0.16770397 -0.21121366 -0.15313281 -0.0786515
  -0.21231073]
 [-0.4368059   0.378348   -0.15090448  0.01829619 -0.18759365  0.18554534
  -0.0740905   0.28681064  0.4241714  -0.0691076  -0.20223819 -0.08102009
   0.1372957 ]
 [ 0.35323295  0.24086377  0.17975534  0.11429801  0.44046554  0.07926436
   0.35133052 -0.3617312   0.29488087  0.28988618 -0.20517938  0.14422213
   0.1729749 ]
 [-0.0126085   0.15295978 -0.21096207  2.074996   -0.28481928 -0.06776831
  -0.65807265 -0.17319661 -1.6337104  -0.12310559 -0.3639366  -0.96896833
   1.4607056 ]]
Peso 2:
[ 0.00133667 -0.0045932  -0.06231848 -0.18133044  0.0350363  -0.04144147
  0.31847656  0.03991774  0.6549917  -0.13414411  0.03993463  0.5162009
 -0.00585609]
Camada: saida
Peso 1:
[[-0.5165696   0.18520364]
 [-0.00672869  0.16323979]
 [-0.386492   -0.42669013]
 [ 1.3514841  -1.5979012 ]
 [ 0.23218182  0.48898318]
 [-0.24949752 -0.31084216]
 [-0.7543559   0.4403024 ]
 [-0.54050714  0.12505637]
 [-1.3494356   1.2410241 ]
 [ 0.03960129 -0.26854706]
 [ 0.40032136  0.6463745 ]
 [-0.9862742   0.7653049 ]
 [ 0.9294075  -0.89542973]]
Peso 2:
[-0.21206139  0.21206132]



pesos modelo: 
Test loss: 0.0059, Test accuracy: 1.0000
Camada: meio
Peso 1:
[[ 2.94955969e-01  1.85455024e-01  2.49735355e-01  3.95872414e-01
   1.56449020e-01  2.45140791e-01 -3.50195736e-01 -9.38905478e-02
   2.30365157e-01  1.97317779e-01 -3.49646956e-01 -3.68431211e-01
  -2.11553797e-01]
 [ 4.10941184e-01  2.38976121e-01  4.23732102e-01  1.81178451e-01
  -4.33331460e-01 -7.34023154e-02 -4.24627751e-01 -3.02145630e-01
   2.53959119e-01  3.79442692e-01 -2.00075731e-01  2.50817120e-01
  -3.62974226e-01]
 [-7.75465369e-03 -3.28005999e-01  3.58089685e-01 -2.79871970e-01
   1.77612484e-01  1.72897279e-01 -3.97225589e-01 -7.90179968e-02
  -7.24956095e-02 -2.78129756e-01  6.61462545e-02  1.89759970e-01
  -1.22495115e-01]
 [-1.62344784e-01  5.29375952e-03 -2.05235392e-01 -2.75380582e-01
  -2.22038507e-01 -5.93693089e-03  4.43824798e-01  1.84925362e-01
   4.10895854e-01  3.59335095e-01 -2.08442286e-01  2.69126445e-01
   8.06132928e-02]
 [-1.12654038e-01  3.79944950e-01  1.94315001e-01 -3.95914465e-01
  -2.68990070e-01  4.54073578e-01  2.22306594e-01 -2.36140415e-01
   3.32511157e-01  2.10276946e-01 -2.87337989e-01  4.63587075e-01
   3.50171477e-01]
 [ 4.46774155e-01 -4.27967347e-02  4.02059913e-01 -4.40873146e-01
   1.31528452e-01 -1.66801795e-01 -2.32944533e-01  1.45656705e-01
   2.12095544e-01  3.06393057e-01 -3.86449218e-01 -2.05684468e-01
  -1.03482246e-01]
 [-4.05414701e-01  2.98102677e-01 -2.43747115e-01  3.63811076e-01
   2.93372363e-01  3.74414176e-01  2.20806569e-01  3.20058346e-01
   8.19795206e-02  5.19301705e-02  4.40029681e-01  7.56483749e-02
   4.61144596e-02]
 [ 1.14429049e-01 -1.67406216e-01  1.86263368e-01 -2.60291368e-01
   9.15945843e-02 -1.13816233e-02 -2.76813030e-01 -9.30933803e-02
   7.30421916e-02  2.64198482e-01  4.12214249e-01  3.62618238e-01
  -4.28698957e-02]
 [ 5.60665540e-02  1.96218833e-01  1.90255970e-01  2.31113493e-01
   8.83805454e-02 -3.28425951e-02 -2.30402038e-01 -2.43809167e-02
   1.43803984e-01  3.12291533e-01 -5.93284145e-02  9.86629948e-02
  -5.36962003e-02]
 [-5.48726358e-02 -4.34904963e-01 -2.54261285e-01 -8.57261103e-03
  -1.97649598e-01 -1.59879640e-01  4.49374020e-01  4.17904168e-01
   3.57375324e-01 -2.53618926e-01 -9.73077433e-04 -1.97385922e-01
   6.10540099e-02]
 [-2.37229377e-01 -2.44968012e-01  3.65227044e-01  4.28174525e-01
   1.10389695e-01  3.24112356e-01  3.15270692e-01 -1.67415008e-01
  -7.91582763e-02 -1.44232675e-01  4.20229048e-01  3.89172494e-01
   3.03714097e-01]
 [-3.92481118e-01 -3.32653165e-01  8.87428150e-02 -2.99927384e-01
  -1.11429483e-01  3.92112076e-01 -1.47818595e-01  3.42480063e-01
   3.95790666e-01 -1.31751701e-01 -3.81711483e-01  7.88358822e-02
   1.91287979e-01]
 [ 2.12007269e-01  2.56032944e-01  3.76483023e-01 -6.74875155e-02
  -4.47123110e-01  2.24516496e-01  3.57401222e-01  3.56385499e-01
   2.11983863e-02  1.63094655e-01 -3.51639688e-01  1.22637637e-02
   1.54129252e-01]
 [ 4.11345452e-01  1.88603014e-01  1.55586392e-01  1.59612089e-01
  -1.97224803e-02 -2.38497943e-01  1.09994575e-01 -1.97659671e-01
   1.41740218e-01  2.85963006e-02  1.43964157e-01 -2.62848854e-01
   3.90142836e-02]
 [ 4.03456725e-02  2.46267691e-01  3.28648180e-01 -1.20155066e-01
  -1.05660819e-01 -3.38612765e-01  1.11905329e-01  3.29371691e-02
   3.20409805e-01 -1.57718182e-01  4.22436267e-01  2.25583270e-01
   2.48363137e-01]
 [-9.52057764e-02 -2.70802557e-01  3.04580122e-01 -3.16561386e-02
  -2.94642121e-01  6.01620115e-02  1.28015593e-01 -2.16582075e-01
   3.65224302e-01  4.75330884e-03 -1.67939827e-01  1.45520583e-01
   2.01710954e-01]
 [-2.16391161e-01 -4.15059142e-02 -1.07466245e+00 -9.74326283e-02
  -3.89130443e-01 -5.91932416e-01 -7.18010128e-01 -8.80812928e-02
  -1.61318660e+00  5.61718285e-01 -3.69592518e-01 -6.44702017e-01
   2.34747791e+00]]
Peso 2:
[ 0.0801455   0.01467373  0.43200415  0.06798745 -0.10973828  0.3599508
  0.26808694  0.00187308  0.5008156  -0.04196595  0.11280774  0.22450553
 -0.15774682]
Camada: saida
Peso 1:
[[-5.01922667e-02  4.01644945e-01]
 [-1.40512064e-01  1.92904338e-01]
 [-3.27766031e-01  1.24571788e+00]
 [-8.46583620e-02  5.41646063e-01]
 [-1.43420964e-01 -5.68081915e-01]
 [-7.94234425e-02  8.54605615e-01]
 [-1.04011691e+00  9.61178076e-03]
 [ 3.31234041e-04  1.59394443e-01]
 [-1.47208393e+00  7.97373116e-01]
 [ 2.98657387e-01 -6.49783432e-01]
 [-1.06495254e-01  5.96530855e-01]
 [-7.22843111e-01  2.85422325e-01]
 [ 1.61439097e+00 -1.72113729e+00]]
Peso 2:
[-0.09516922  0.09516901]



pesos modelo: 
Test loss: 0.0024, Test accuracy: 1.0000
Camada: meio
Peso 1:
[[ 1.03351474e-03 -4.15156126e-01 -2.35426605e-01 -4.44556296e-01
  -1.24061525e-01 -3.54822814e-01  4.00754392e-01 -5.39131463e-02
  -2.49262780e-01  1.19718850e-01 -3.37936550e-01  1.11749351e-01
   1.97214246e-01]
 [ 1.98597193e-01  7.91240931e-02 -5.71086705e-02 -2.02450022e-01
  -3.13226104e-01 -3.23130488e-02  2.08571553e-01 -2.43881673e-01
   1.56230330e-01  3.44720066e-01  3.60811472e-01 -3.95315289e-01
  -2.51679718e-01]
 [ 1.00098193e-01  4.08915520e-01 -1.81664199e-01 -1.72404230e-01
  -3.94605815e-01 -9.84126031e-02 -3.56308401e-01 -2.02002734e-01
   4.08284545e-01 -2.04733387e-01  1.12678587e-01  4.26722169e-01
  -2.67721117e-02]
 [-3.40301022e-02 -8.74703974e-02 -9.77432169e-03  1.29036233e-01
   1.21198120e-02 -9.47549716e-02  4.62076515e-02  7.46303922e-05
   4.99371253e-02 -4.28718865e-01  3.01127404e-01  2.62768179e-01
  -8.10929225e-04]
 [ 1.03984453e-01  1.43899113e-01  1.03101879e-02 -3.46676469e-01
   1.63996503e-01  9.16015133e-02 -2.13027060e-01  3.45023721e-01
   1.86327398e-01  3.56417835e-01  1.24951966e-01  3.48459393e-01
  -8.03707242e-02]
 [-3.24003585e-02  1.93062142e-01  1.97322741e-01 -2.70243943e-01
   1.68364972e-01  2.01905265e-01  1.78625911e-01 -2.21917182e-01
   4.19781238e-01 -4.34148043e-01  3.40415210e-01  2.59254813e-01
   2.17634454e-01]
 [ 1.19552374e-01  1.98306784e-01  3.42555135e-01 -2.64329463e-01
   1.63096949e-01  2.96355456e-01  2.11161181e-01 -2.98891872e-01
  -2.32734621e-01 -2.89508015e-01  2.49823794e-01 -2.29552552e-01
   3.86889875e-01]
 [-3.64600420e-01  2.10010588e-01  4.62191343e-01  6.17276020e-02
   1.00178823e-01  3.10741216e-01  2.56956935e-01  6.37169555e-02
  -6.23025522e-02  3.52779701e-02  1.43676043e-01 -1.28201023e-01
   2.70507127e-01]
 [-3.90451968e-01 -4.60333496e-01  2.84652203e-01  1.26702711e-01
   8.51820409e-02  2.60187030e-01  1.52547270e-01 -3.59620005e-01
   4.41988558e-01 -3.91583949e-01 -7.28360862e-02 -2.93081820e-01
   2.76362449e-01]
 [ 6.15258515e-02 -1.13412470e-01  4.62204427e-01 -2.97284037e-01
   2.74283104e-02  1.71573982e-02  1.68316230e-01 -3.99124175e-01
   7.29345828e-02  2.06261307e-01  1.43522486e-01 -4.09628525e-02
   3.89277562e-02]
 [-2.37591192e-01  4.92519066e-02  9.71809775e-03  1.38179749e-01
   1.78571537e-01  3.72168839e-01  2.67487764e-01  3.11478734e-01
  -3.64658684e-01 -4.04692680e-01  5.65535605e-01 -2.04396948e-01
  -1.61965489e-01]
 [ 3.31524879e-01  1.96280301e-01 -5.08014113e-02  2.25036126e-02
  -6.70188591e-02  4.97201413e-01  3.12659591e-01  4.80160341e-02
   1.22686140e-02  1.11760616e-01  1.82146698e-01 -4.00493115e-01
   3.27483565e-01]
 [ 5.10291848e-03  3.15021992e-01  3.99001837e-01  3.82734090e-02
  -1.20332241e-01  1.90949515e-01 -5.82514964e-02 -3.23590219e-01
   7.59568438e-02  2.56600380e-01 -3.06379884e-01 -5.40851578e-02
   1.26302624e-02]
 [ 2.42003530e-01  5.10206558e-02 -1.52976722e-01 -1.78574070e-01
   2.58839399e-01 -2.05532774e-01 -1.73386306e-01 -1.84256434e-02
   1.86529830e-02 -3.05183291e-01  4.82395828e-01 -2.88665563e-01
  -8.58957618e-02]
 [ 1.56616151e-01  2.24238053e-01 -1.03215635e-01  9.78583619e-02
   1.10896565e-01 -6.50216639e-02 -6.77647069e-02 -3.50326836e-01
   9.82401967e-02 -4.39324021e-01  5.08999586e-01 -1.18423983e-01
   6.76355883e-02]
 [-2.43183360e-01 -3.89910191e-02 -2.22608015e-01 -2.34750405e-01
   4.62355465e-02  2.99651384e-01  1.65313676e-01  9.80957448e-02
   3.63582551e-01 -1.02130532e-01  3.80511075e-01  2.45891601e-01
   3.45040321e-01]
 [ 3.66857052e-02  1.05405822e-01 -8.30584049e-01 -2.47714356e-01
   2.08963275e+00 -9.15003896e-01  1.92283976e+00 -4.19487417e-01
  -9.83159319e-02  2.00416967e-01 -1.28739178e+00  1.15117364e-01
  -3.98992039e-02]]
Peso 2:
[-0.17214407 -0.11830182  0.4958748  -0.07817484 -0.22044037  0.3661209
 -0.16087775 -0.11090299  0.05714059 -0.07476999  0.59826046 -0.00186244
  0.0743269 ]
Camada: saida
Peso 1:
[[ 0.03585244 -0.4741237 ]
 [-0.07264062 -0.39090934]
 [-0.59003645  0.7389122 ]
 [-0.04891016 -0.275156  ]
 [ 1.7385846  -0.94166094]
 [-0.56584394  0.80282885]
 [ 1.1800085  -1.247352  ]
 [ 0.19117762 -0.0421074 ]
 [ 0.01051638  0.3472691 ]
 [-0.42149228  0.11380157]
 [-0.9602546   1.19848   ]
 [ 0.16870163  0.16197613]
 [-0.417138   -0.14419237]]
Peso 2:
[-0.43290624  0.4329059 ]



pesos modelo: 
Test loss: 0.0024, Test accuracy: 1.0000
Camada: meio
Peso 1:
[[ 3.68423045e-01 -4.34778243e-01 -4.38196391e-01 -4.32673275e-01
  -2.95287043e-01 -7.28609860e-02  2.20614076e-01  1.14930451e-01
   2.39122927e-01  2.72864878e-01 -2.69409806e-01  2.61027753e-01
   1.32812262e-01]
 [ 3.75801802e-01  2.83678770e-01  1.07973814e-02 -2.25447133e-01
  -3.03860366e-01 -2.02198625e-02 -2.14911282e-01  1.61841393e-01
  -5.28538525e-02 -1.16300493e-01  3.70747447e-01  1.93479657e-03
   3.34494948e-01]
 [-1.61568463e-01  4.74413037e-02  2.27906942e-01 -1.92509681e-01
   1.79356635e-02  3.94261003e-01  3.66402924e-01  6.21853471e-02
   1.74477100e-01  2.06866801e-01 -5.94938695e-02 -3.66910875e-01
  -8.45211744e-02]
 [-2.00078741e-01 -4.36116457e-02  4.88933086e-01  9.78360046e-03
  -2.46547729e-01  2.81763971e-02 -3.02105397e-01 -2.23076060e-01
   1.05969571e-01  2.35284016e-01  4.60868150e-01 -3.52585882e-01
   2.70040482e-01]
 [-2.56937265e-01  2.70517379e-01  3.38290453e-01 -1.86027437e-01
  -1.57950714e-01  1.15589211e-02 -3.05113584e-01 -3.62481236e-01
  -2.09240496e-01  2.02944458e-01  2.32119143e-01  3.43866763e-03
   1.97569758e-01]
 [-5.47992773e-02 -9.70977694e-02 -1.92826167e-01 -2.12751776e-01
  -5.81507236e-02 -7.46134222e-02  8.97954181e-02 -3.47816706e-01
  -5.54808602e-02  6.07009083e-02  8.72744247e-02 -2.88279414e-01
   1.25634253e-01]
 [-3.91889542e-01 -9.54813734e-02 -2.07464233e-01  1.80220053e-01
  -1.86864778e-01  1.19630195e-01 -1.26511022e-01 -3.10299434e-02
   8.12966935e-03  3.37245822e-01  3.98715079e-01  1.13741346e-01
   3.33977282e-01]
 [-1.30509123e-01  4.81850863e-01 -2.41170689e-01 -8.65006968e-02
   9.18259844e-02  3.43506843e-01 -6.09347187e-02  1.86278284e-01
   2.80338768e-02 -2.59520292e-01  4.81400751e-02  2.69827932e-01
  -4.01342928e-01]
 [-3.91432136e-01 -2.20839176e-02 -1.23512574e-01  4.29337204e-01
   1.14814535e-01  6.83612302e-02  2.26600945e-01  4.42828178e-01
  -3.71015906e-01  2.49526307e-01  2.36047044e-01  2.22545832e-01
   2.15514451e-02]
 [ 2.65791148e-01 -3.88283394e-02  2.82314479e-01 -2.02004045e-01
   2.16046691e-01  1.36311993e-01 -4.34461594e-01  1.52789772e-01
  -4.17704612e-01 -3.05740088e-01  3.57833624e-01 -4.80450578e-02
   3.48673493e-01]
 [-9.46423486e-02  3.13176095e-01  3.95387448e-02 -2.58592367e-01
   3.44530553e-01  1.02337584e-01 -4.04374212e-01  2.02605292e-01
  -9.39213410e-02 -3.38196456e-01  6.20199367e-02 -3.40588577e-02
   3.90750170e-01]
 [ 3.43538821e-01  3.79691869e-01  5.12145698e-01  3.49795014e-01
  -1.81340948e-01 -4.54347879e-02 -4.16396186e-02 -1.98322922e-01
   2.58722454e-01  3.11557949e-01  1.53119713e-01  4.24396962e-01
  -7.15286061e-02]
 [-9.11038518e-02  9.14299265e-02  1.16051137e-01  3.89559180e-01
   2.95192480e-01 -6.71291649e-02 -1.06743276e-02 -1.47463068e-01
  -1.28290579e-01  3.82998288e-01  8.74574035e-02  1.27074495e-01
  -4.08908218e-01]
 [ 3.82413357e-01 -3.96509096e-02 -2.53456086e-01 -3.33263844e-01
  -1.39093161e-01  2.75649756e-01 -3.45177680e-01 -1.55043960e-01
   2.33837530e-01  3.76917213e-01  4.66233313e-01  3.75671327e-01
  -9.62943286e-02]
 [ 3.61947596e-01  1.86124071e-01 -2.26368308e-01 -4.98353802e-02
  -8.49139597e-03  1.25866383e-01  1.93439171e-01 -2.92555660e-01
  -2.33667150e-01  2.69799888e-01  2.34341860e-01  4.07347202e-01
   3.74494046e-01]
 [-1.24366820e-01  3.33058327e-01  4.28611010e-01 -3.65755677e-01
   2.21419111e-01  2.26894110e-01 -4.20856506e-01 -3.55838448e-01
   9.32676196e-02 -2.73542136e-01  3.17600220e-01  1.68583632e-01
  -9.49090943e-02]
 [-4.60758992e-02 -1.16918111e+00  7.62033343e-01 -2.79373080e-01
   2.32336283e-01  2.08414531e+00 -3.93500358e-01  4.09657985e-01
   8.45104158e-02  5.00019848e-01 -1.96285987e+00  3.49459976e-01
   5.62154591e-01]]
Peso 2:
[ 4.45795618e-02  6.28210723e-01  9.83669162e-02  1.43493682e-01
 -4.17050533e-02 -1.19373396e-01 -1.33688495e-01  2.05887631e-02
  1.34332004e-04 -2.14287564e-02  8.02568793e-01 -3.54243889e-02
 -3.33182998e-02]
Camada: saida
Peso 1:
[[-0.08452567  0.2386092 ]
 [-1.007679    0.87570244]
 [ 0.83016753 -0.2784832 ]
 [-0.5810753   0.06859889]
 [ 0.26432672  0.23969439]
 [ 1.2803209  -1.488963  ]
 [ 0.47214195 -0.55142254]
 [ 0.58875644  0.33733037]
 [ 0.30067927 -0.57768714]
 [ 0.17539348 -0.59109   ]
 [-1.6657459   1.3411897 ]
 [ 0.65622896  0.29883125]
 [ 0.6089666   0.12106696]]
Peso 2:
[-0.24287158  0.24287194]



pesos modelo: 
Test loss: 0.0074, Test accuracy: 1.0000
Camada: meio
Peso 1:
[[ 3.90714884e-01 -3.36741507e-01  1.46977901e-02 -2.99226463e-01
   4.42441225e-01 -1.29636794e-01  2.78279841e-01 -1.11865014e-01
  -4.00308609e-01  3.23281050e-01 -3.95028591e-01 -2.56233752e-01
  -4.41326499e-02]
 [ 3.44429612e-02 -3.79050434e-01  1.79652214e-01 -1.17075115e-01
   3.10365915e-01 -8.67051780e-02  3.87629628e-01 -3.26218128e-01
  -1.95689946e-01 -2.26938695e-01  2.31934786e-01 -2.86564440e-01
   1.05115712e-01]
 [ 3.04989278e-01 -9.96218026e-02  2.89332509e-01  1.36576235e-01
   4.46249068e-01  3.85978460e-01 -1.01510674e-01 -3.89836222e-01
  -1.49826705e-01 -2.22197220e-01  3.85960937e-01 -2.13448718e-01
   1.78507924e-01]
 [ 4.77220446e-01 -3.70476276e-01  1.47703007e-01 -2.03164607e-01
  -8.23401660e-02  3.57909620e-01  2.18014508e-01  7.46645629e-02
  -3.58722508e-01  1.82245538e-01 -1.40160769e-01  4.54199463e-02
   7.95694627e-03]
 [ 2.27506161e-01 -5.27432486e-02 -1.26158282e-01  4.90761995e-01
   3.46235394e-01  1.01066060e-01 -1.31158233e-01 -3.80227268e-01
   3.80327046e-01  2.94723481e-01  4.76458073e-01  5.52865207e-01
   4.37507093e-01]
 [-2.70738512e-01  1.42675042e-01  6.78691193e-02  7.58077651e-02
   3.39995697e-02 -2.97651678e-01 -1.59240142e-01 -1.07463807e-01
   3.88594836e-01  1.62093520e-01  5.29059291e-01  9.76821631e-02
   1.74215347e-01]
 [ 2.03707218e-01  2.42873773e-01 -8.65552947e-02  3.72993886e-01
   2.53905296e-01  3.99464548e-01 -1.71420127e-01 -7.59468973e-02
  -3.47498745e-01  9.24842339e-03  2.55133569e-01 -6.09024167e-02
  -2.63909817e-01]
 [ 4.14645940e-01  5.91441207e-02 -6.11327626e-02  1.25094885e-02
   4.27731797e-02  3.68806958e-01  4.46441352e-01 -8.06177855e-02
  -4.27971035e-01 -7.85746351e-02  4.78050351e-01 -3.59426409e-01
   1.36929110e-01]
 [ 1.30887583e-01 -4.55529064e-01  2.47562781e-01 -2.12135077e-01
  -2.94008609e-02  1.58526182e-01 -3.37186158e-01 -1.44271791e-01
  -4.37941015e-01  4.57066476e-01 -2.04399694e-02  3.96148145e-01
   1.15115754e-01]
 [ 1.87455639e-01  3.14586073e-01 -5.02402633e-02 -1.93397492e-01
   6.05966747e-02  1.10889606e-01  9.03101191e-02 -1.53064966e-01
  -3.10917675e-01  2.81052113e-01  2.91301399e-01  8.85640234e-02
   1.20464973e-02]
 [-2.89860547e-01 -3.61012161e-01 -4.49132860e-01  5.36753953e-01
   3.42290569e-03 -6.53288737e-02  3.99093255e-02 -1.12814605e-01
  -3.53296548e-01 -2.71696538e-01  2.53490299e-01  6.44176677e-02
  -1.12313377e-02]
 [ 2.62751192e-01 -2.75247723e-01 -2.04224233e-02  3.68347436e-01
   1.21025681e-01 -9.60250273e-02  1.53912410e-01 -3.92186642e-02
  -4.48663414e-01  4.11689848e-01 -2.35072225e-01 -6.54093847e-02
   1.73942465e-02]
 [ 3.97590071e-01  3.30553651e-01 -1.59053206e-01  4.20901328e-01
   4.89936909e-03  2.82001585e-01 -2.57225990e-01 -2.57539898e-01
   2.35047191e-01  2.09564855e-03 -2.68424839e-01 -2.96677589e-01
   3.46663088e-01]
 [-3.11646134e-01  2.33106092e-01  2.32398942e-01  1.71808243e-01
  -5.37733585e-02  1.26603812e-01  1.89756975e-01 -4.02460814e-01
  -8.42959881e-02  7.67640695e-02 -4.65612784e-02  4.95996833e-01
  -1.39563516e-01]
 [ 3.11366528e-01  1.54217303e-01 -4.48188111e-02  5.12457728e-01
   1.82781339e-01  3.12040836e-01  2.26588503e-01 -7.76800811e-02
  -9.57090035e-02  2.85699815e-01  1.94969550e-01 -2.19200134e-01
   1.96110830e-01]
 [ 5.67736506e-01 -2.08140671e-01 -3.46275240e-01  1.41082993e-02
   1.75555959e-01  3.34744453e-01 -3.87819856e-02 -4.09535974e-01
  -1.76303819e-01  2.95129329e-01  9.89555195e-02 -1.89321250e-01
  -1.96053267e-01]
 [-9.03151631e-01 -7.23263919e-02  2.08668739e-01 -8.86309624e-01
   2.64184332e+00  5.95940053e-01  5.42660356e-01 -2.47243047e-02
  -2.68258840e-01 -1.80119663e-01 -8.36229622e-01 -4.53222901e-01
   7.40850210e-01]]
Peso 2:
[ 0.50627095 -0.07766128 -0.11739943  0.47563243 -0.18885493 -0.1337031
  0.01049143  0.00118186 -0.06320477  0.15618747  0.46495014  0.30571494
 -0.02703054]
Camada: saida
Peso 1:
[[-1.0044414   0.7443801 ]
 [-0.46513113  0.2970434 ]
 [-0.32825044 -0.07849701]
 [-0.40303293  1.1316113 ]
 [ 1.8366868  -1.7760774 ]
 [-0.19228469 -0.7365608 ]
 [ 0.16673017 -0.299987  ]
 [-0.18254516 -0.07647797]
 [ 0.42295316 -0.30625227]
 [ 0.08968518  0.7568856 ]
 [-0.94990027  0.4418097 ]
 [-0.19017018  0.7423402 ]
 [ 0.86484176 -0.22912018]]
Peso 2:
[-0.426732    0.42673263]



pesos modelo: 
Test loss: 0.0010, Test accuracy: 1.0000
Camada: meio
Peso 1:
[[ 0.10717207  0.24293572 -0.14035645 -0.29371145 -0.07122231  0.06998682
   0.34803927 -0.1182678  -0.23455068 -0.07494241  0.35192996 -0.16697985
  -0.1348184 ]
 [-0.29576972 -0.44350702  0.35799485 -0.22627954  0.4100513   0.28759444
   0.16262734 -0.12347937 -0.2724839  -0.22286053  0.10594326  0.09926492
  -0.12293378]
 [-0.2930395   0.15741193 -0.4189626  -0.22880813 -0.02625158 -0.42899922
   0.13945687 -0.31014436  0.15120387 -0.3276353   0.3539635   0.38526714
  -0.0414294 ]
 [-0.01228285 -0.28997195 -0.4296392  -0.12256332  0.24056496  0.5866611
   0.13767107 -0.24973153 -0.29515165 -0.3139035   0.4182039   0.06111087
  -0.28342563]
 [ 0.05680554 -0.21062414 -0.31356862  0.32635516  0.2487671   0.11926141
   0.36288857  0.29952702 -0.22882067  0.08671419  0.33887896  0.64120114
   0.15328111]
 [ 0.31759033  0.24626127  0.3504579  -0.11210113  0.30324638  0.49633247
  -0.16128357 -0.42620227  0.07948592 -0.20644015 -0.21555331 -0.10320273
   0.48210698]
 [ 0.37865955  0.20057516 -0.35358715  0.15870179  0.06640329  0.21660338
   0.3312277  -0.3883545  -0.21022287  0.47292507 -0.19734375  0.21891999
   0.3713725 ]
 [-0.19155966 -0.10297317 -0.3004019   0.3445019  -0.05467026 -0.07463944
  -0.0351849  -0.35320726  0.27207658 -0.04092718 -0.26469648  0.17146483
   0.26484922]
 [ 0.2824687   0.4916417   0.02919049 -0.40010843 -0.22298665  0.01659772
   0.40496466 -0.2957466  -0.14166406 -0.02463379  0.28709763 -0.05858997
  -0.18838583]
 [ 0.42195395  0.43713924  0.29609165 -0.4229676   0.11533277 -0.12948573
  -0.13603392  0.37394017  0.18135887  0.04418553  0.28436607  0.385547
  -0.25283298]
 [-0.06167682  0.39790106 -0.10311338  0.02194506 -0.07310356 -0.02178741
  -0.12496427 -0.20943289  0.42426714  0.22946368 -0.2408501  -0.01745659
  -0.02487715]
 [ 0.22730269 -0.27155936 -0.33491522  0.19566394  0.32313085  0.37025532
  -0.03396532  0.22814229 -0.05240633 -0.05851673  0.3547612   0.3731235
  -0.40419668]
 [-0.2865837  -0.3749712   0.10502834 -0.05850599  0.3042797   0.03829095
  -0.30598015 -0.07430939  0.18374406 -0.38975295  0.15142065  0.48108447
  -0.27021614]
 [ 0.06331746  0.28446883  0.19398017  0.04387106  0.00510224  0.21795069
   0.11525293 -0.01508331 -0.2846637   0.31093606  0.20072213 -0.09114285
   0.07410672]
 [ 0.4085713   0.03330744 -0.07787218 -0.08208825 -0.0706934   0.08718262
   0.39675358 -0.35266045  0.27423608 -0.12295526 -0.07742074  0.24159765
   0.1984998 ]
 [-0.00468827  0.3664881   0.03003069  0.17447901  0.38701168  0.5468912
  -0.20381734  0.13485007  0.05205232  0.22479014 -0.02838579  0.12776954
  -0.10833585]
 [ 0.08252066 -0.5465686   0.10214945 -0.06440262  2.3066103  -1.4100095
   1.0186179  -0.10851467 -0.3678549   0.22225416  0.21073262 -1.4062784
  -0.39810184]]
Peso 2:
[-0.00448172  0.11614712 -0.0173645  -0.12706995 -0.13659744  0.72468966
  0.09942912 -0.02137022  0.024964    0.01325365  0.00533328  0.67926157
  0.18279953]
Camada: saida
Peso 1:
[[ 0.21591637  0.10469019]
 [-0.4423416   0.2050095 ]
 [-0.0469566  -0.22726691]
 [ 0.05106191 -0.24285279]
 [ 1.5348694  -1.6007141 ]
 [-1.3497633   1.0158155 ]
 [ 0.18651645 -1.0185059 ]
 [-0.2546852  -0.3834032 ]
 [-0.68496156 -0.42758107]
 [-0.3300397  -0.66736406]
 [ 0.24254566  0.2695106 ]
 [-1.2237906   1.0569824 ]
 [-0.7257247   0.02300767]]
Peso 2:
[-0.28096697  0.28096616]



pesos modelo: 
Test loss: 0.0017, Test accuracy: 1.0000
Camada: meio
Peso 1:
[[-2.86744416e-01  2.34469473e-02  5.99132180e-02  1.72809482e-01
   3.01464081e-01 -6.18602633e-02  1.01862013e-01  1.71921432e-01
   2.33189940e-01  1.03524923e-01 -3.99211556e-01  3.25577855e-01
  -4.23163891e-01]
 [-2.57081747e-01  3.85471344e-01  1.08555019e-01  2.10122466e-01
   1.37871802e-01 -4.10723120e-01  3.44073176e-01  1.76253259e-01
  -4.40730304e-01  1.29206896e-01  4.23582077e-01 -8.85031819e-02
  -2.50809908e-01]
 [ 1.02479875e-01 -5.51987290e-02 -1.73121065e-01 -4.17790681e-01
   4.37911928e-01  4.31136906e-01 -4.15915489e-01 -5.89084029e-02
   2.47841239e-01  9.15713906e-02  1.21785939e-01  3.12091947e-01
  -1.37221068e-01]
 [ 3.03976674e-04 -2.01989591e-01  1.71255961e-01  2.62276232e-01
  -2.89764106e-01 -3.23878974e-01  5.06076336e-01  2.25700065e-01
   2.23340526e-01  2.12808289e-02 -2.97358353e-02  1.80598214e-01
   5.08567274e-01]
 [ 3.07879448e-01  1.28255427e-01  3.38876575e-01  2.09391728e-01
  -3.72416228e-01 -2.33956546e-01 -1.11419419e-02 -3.56528461e-02
   4.01291192e-01 -2.77195461e-02  2.77813729e-02  8.03288147e-02
  -2.67898917e-01]
 [-6.18993677e-02 -3.27968121e-01  3.45412046e-01  2.78200030e-01
   2.52924651e-01  1.62104830e-01  4.08272833e-01  5.03419712e-03
   2.02609465e-01  1.34805009e-01  3.90561938e-01 -3.71706486e-01
  -1.19522072e-01]
 [ 1.27980128e-01  1.87994689e-01  3.02807957e-01  1.65488496e-01
  -1.96341529e-01 -3.33906889e-01  4.18544948e-01 -7.67791225e-03
  -1.05297752e-02  1.20161615e-01 -9.60239545e-02 -2.22829819e-01
  -1.45672336e-01]
 [-9.01128128e-02 -2.32573435e-01  1.60158783e-01  3.55839252e-01
  -2.03493282e-01  2.13529199e-01  1.56723455e-01 -1.89918265e-01
   6.48746863e-02  6.24562614e-02  2.23960519e-01  4.09412265e-01
   3.93448859e-01]
 [-2.10456356e-01 -4.51208651e-01  3.05600166e-01 -1.47765279e-01
   2.79112875e-01 -3.67540479e-01 -2.82172859e-02  1.19414637e-02
   2.52831969e-02  8.78633410e-02  8.47955123e-02  1.93589434e-01
   1.72181666e-01]
 [ 8.82658884e-02  1.67270094e-01  5.56048870e-01 -4.52255219e-01
   3.15031260e-01 -4.23858285e-01  4.35519010e-01 -1.92728832e-01
  -2.04805639e-02  2.46083841e-01  3.20278972e-01 -4.32817526e-02
  -4.02424842e-01]
 [ 2.45359480e-01 -2.70164698e-01  5.06910980e-01  3.12220693e-01
  -2.95762986e-01 -1.04835525e-01  5.23236394e-01  2.60457128e-01
  -3.84343117e-01  1.24505185e-01 -7.11237863e-02 -3.94836485e-01
  -2.95737237e-01]
 [-7.86652938e-02  5.23233861e-02  3.28234762e-01 -1.83301732e-01
   3.43429834e-01 -3.90474126e-02  5.26855350e-01  1.55198425e-01
  -4.61243600e-01  7.71242231e-02  1.58565536e-01  3.33141625e-01
  -3.63710761e-01]
 [-2.45711673e-02 -2.06119940e-01  8.03418383e-02  3.07027817e-01
  -1.81713194e-01 -9.54422951e-02 -2.82382399e-01  6.98026940e-02
  -3.35957133e-03 -8.96235108e-02  3.09846371e-01 -3.74959588e-01
   3.95751536e-01]
 [ 3.97544466e-02  2.34117284e-02  5.22870421e-01 -1.47846676e-02
   2.67894417e-01 -3.28471065e-01 -3.17445248e-01  2.17688322e-01
   1.65712833e-01  7.08560720e-02  3.58876050e-01  1.75220355e-01
   4.21064854e-01]
 [ 9.30357873e-02  2.87477344e-01  3.21219385e-01 -1.57423466e-01
  -3.69878560e-01 -2.35771969e-01  4.66606915e-01  2.52034571e-02
  -1.53715417e-01  9.02695283e-02 -2.91929841e-01 -7.74535630e-03
  -1.37893990e-01]
 [ 2.42145341e-02  3.60993445e-01  1.43285869e-02  1.58976093e-01
  -3.13549698e-03  2.84039974e-01 -1.60986811e-01 -6.76291138e-02
  -3.40925872e-01 -1.36600956e-01 -3.21352512e-01  1.23430848e-01
  -1.62245333e-01]
 [ 7.54766405e-01 -7.86300600e-02 -9.98591363e-01  2.61035621e-01
  -2.59006470e-01  2.29869038e-01 -1.91743314e-01  1.18515027e+00
  -2.84716934e-01  2.70338535e+00  5.30775964e-01  5.48911452e-01
  -2.19240755e-01]]
Peso 2:
[-0.06988312 -0.03400892  0.7641298  -0.11923362 -0.12377723 -0.01221716
  0.2940066  -0.02613718 -0.06102318 -0.150967   -0.08150983 -0.03935246
  0.19036144]
Camada: saida
Peso 1:
[[ 0.538727   -0.6178144 ]
 [ 0.10020632  0.15187448]
 [-1.4946734   0.6813682 ]
 [-0.13751589 -0.19252737]
 [ 0.28518096  0.25220096]
 [ 0.2861775   0.6287054 ]
 [-0.0669437   0.70038694]
 [ 0.6022832  -0.764827  ]
 [ 0.16832781  0.21536621]
 [ 1.9116063  -1.7985104 ]
 [ 0.20678245 -0.18119779]
 [ 0.22108111 -0.24728708]
 [-0.6684123  -0.05281639]]
Peso 2:
[-0.8078637  0.8078629]



pesos modelo: 
Test loss: 0.0019, Test accuracy: 1.0000
Camada: meio
Peso 1:
[[-1.76044703e-02 -7.89416730e-02  2.43988514e-01 -1.63678765e-01
  -4.30940092e-01  4.90995049e-02  1.39848411e-01 -1.83521181e-01
   1.50014341e-01  1.22751892e-02  3.60516071e-01  6.65140152e-02
   8.40963721e-02]
 [-2.91206539e-01  3.13582897e-01  6.75138831e-02 -1.05417371e-01
   4.99108434e-03  2.38867342e-01  2.59948075e-01 -1.21655554e-01
  -3.12972337e-01 -3.93221974e-02  2.97662199e-01 -5.85634708e-02
   3.22948098e-01]
 [-4.30867374e-01  4.04027224e-01 -1.47388518e-01  3.56709957e-01
  -2.19933912e-01 -4.21813190e-01 -2.37646520e-01 -1.10404164e-01
  -4.19959098e-01 -2.59776533e-01  2.91915476e-01 -2.54064798e-03
  -3.76031607e-01]
 [ 2.05728114e-01 -3.21845025e-01 -1.10427171e-01 -2.74156742e-02
  -1.62098095e-01  1.54808536e-01 -1.76340789e-01  2.60639101e-01
   3.46554875e-01  4.91526686e-02  3.31895828e-01  1.55157700e-01
   2.77496457e-01]
 [-2.47721165e-01  2.41899446e-01 -2.99741477e-01  2.92008549e-01
   5.05631268e-01  2.77307838e-01  6.89949617e-02  3.29859019e-03
   2.74827570e-01 -9.94676203e-02  2.88121879e-01 -1.03963606e-01
   1.24718040e-01]
 [ 4.23117727e-01  3.41879189e-01 -2.15371728e-01  1.74350590e-01
  -4.04608190e-01  3.02161187e-01  8.06271657e-02  1.39318660e-01
  -1.94758773e-01  3.78649756e-02  6.83916882e-02  8.32983777e-02
   2.27073953e-01]
 [-3.84946585e-01 -4.00466293e-01 -2.69118398e-01  2.10369334e-01
   5.55787385e-02  4.08392102e-01  4.35636342e-01 -3.37985396e-01
   2.92540044e-01  7.11347833e-02 -1.31401464e-01 -1.10131884e-02
   2.26869896e-01]
 [ 2.98236310e-01 -1.49666280e-01 -2.44762987e-01 -1.28249720e-01
  -1.27004519e-01  3.83228362e-01  1.22920908e-01 -3.85050058e-01
  -7.63036609e-02  5.09308994e-01  1.48857413e-02  4.07274336e-01
  -6.86612027e-03]
 [ 3.42991263e-01 -2.47897387e-01 -3.14132035e-01 -9.37464684e-02
  -3.71237010e-01 -1.03602238e-01 -1.23232242e-03  1.22815907e-01
   3.91524553e-01  1.78489342e-01  3.92677844e-01  1.00531224e-02
   9.77883115e-02]
 [-1.98529586e-01 -3.58916931e-02  4.41638887e-01  2.82915533e-01
  -2.27874443e-01 -1.01821475e-01 -1.40481681e-01 -2.54673779e-01
  -2.05591589e-01 -1.11366086e-01  5.15021145e-01  1.62672848e-01
   2.61909872e-01]
 [-4.36112210e-02 -2.96437383e-01  1.41144082e-01 -1.41386062e-01
   5.04692614e-01 -3.45202029e-01  6.63197739e-03 -3.80195111e-01
  -1.10215902e-01  2.84405768e-01  4.81271684e-01  2.25071192e-01
  -1.02957286e-01]
 [ 2.83833772e-01  1.69230446e-01  3.97527963e-01  3.80189180e-01
  -4.07738388e-01  2.30644271e-01  2.89640039e-01  3.71549070e-01
   1.75841868e-01  1.40246093e-01  2.21288025e-01  6.40606582e-02
   3.56042087e-01]
 [ 2.78001040e-01 -7.10993558e-02 -4.06335652e-01  2.90206820e-01
   1.55263826e-01  5.01794755e-01  1.56214461e-01 -8.38961974e-02
   5.25738820e-02  5.65297067e-01 -1.53869241e-01  1.91255644e-01
   8.55549425e-02]
 [ 1.71358854e-01  5.99076264e-02 -2.28485703e-01 -3.78822945e-02
   1.33035019e-01  1.55358866e-01 -2.52499908e-01 -4.75410879e-01
  -2.20877409e-01 -2.08150759e-01 -1.87435776e-01 -3.69160995e-02
   2.98130572e-01]
 [ 2.99495220e-01  5.49289472e-02 -2.19869167e-01 -2.39667296e-01
  -3.16834003e-01 -1.32032380e-01  2.93926418e-01 -1.90457880e-01
   2.51294076e-01  7.93232173e-02  1.16395399e-01  4.96516414e-02
   2.30232388e-01]
 [-3.13152112e-02 -3.29493225e-01 -7.24923983e-02  4.37309712e-01
  -2.44246796e-02  5.20048626e-02  1.10045679e-01  2.88285792e-01
   2.46226892e-01  5.37486732e-01 -4.53912802e-02 -1.01449579e-01
   1.73634127e-01]
 [ 5.96795738e-01 -2.86789536e-01 -2.49839380e-01  1.38668358e+00
  -3.24661165e-01 -7.56474435e-01  2.47082517e-01 -5.98098971e-02
   9.39781070e-01 -1.11713827e+00 -9.94742870e-01  1.73162448e+00
  -1.40097761e+00]]
Peso 2:
[-0.05145415  0.03038514  0.04679266 -0.04188034  0.10121737  0.25514638
 -0.01594761 -0.01801788 -0.08440388  0.54980576  0.45033416 -0.06869604
  0.60533214]
Camada: saida
Peso 1:
[[ 0.7487031   0.07633609]
 [ 0.17849858  0.36400026]
 [-0.40158555 -0.06452778]
 [ 1.3040873  -0.52383304]
 [-0.13303193  0.4011991 ]
 [-0.6653643   0.6568723 ]
 [ 0.50454515  0.42610097]
 [-0.49307504  0.06536216]
 [ 0.93604267 -0.22616658]
 [-0.80195016  0.98866165]
 [-0.9769014   0.5695931 ]
 [ 1.2818683  -0.98562455]
 [-0.8415093   1.3136388 ]]
Peso 2:
[-0.28316993  0.28317037]



pesos modelo: 
Test loss: 0.0024, Test accuracy: 1.0000
Camada: meio
Peso 1:
[[ 1.96290553e-01  2.86371112e-01  2.80472279e-01 -3.82252574e-01
  -2.41608918e-02 -1.18039727e-01 -2.29739696e-01 -1.24607891e-01
  -6.66685998e-02  1.66862309e-02 -3.12095255e-01 -3.67141932e-01
   1.59168124e-01]
 [-4.34545070e-01  3.94049287e-02 -1.56165600e-01 -9.19691026e-02
  -3.81543338e-02  2.06844985e-01 -3.68421108e-01 -2.87592947e-01
   3.99502218e-01  3.15639734e-01  4.04124379e-01  3.66590381e-01
  -1.56115919e-01]
 [-1.28516823e-01 -1.77387416e-01 -4.42338407e-01 -4.37311947e-01
  -1.20821118e-01  2.21273959e-01  2.79615343e-01  1.86526477e-01
   2.39341319e-01 -3.09785664e-01  6.66441917e-02  4.34872508e-01
   3.73574138e-01]
 [ 5.55071235e-01  1.48084521e-01  9.55753997e-02 -4.85304624e-01
  -1.00447848e-01  2.53986031e-01  2.07270741e-01  2.72588640e-01
   4.54254150e-02  3.90429832e-02 -1.43779784e-01 -1.18124656e-01
   2.69968599e-01]
 [ 2.65973002e-01 -1.71249256e-01  6.25851080e-02  2.94938177e-01
   3.42190325e-01 -2.33632252e-01 -7.19537288e-02  1.87290385e-01
   1.91803679e-01 -7.67278522e-02 -2.75548130e-01  2.48181611e-01
   2.55367726e-01]
 [ 1.57452803e-02 -1.63570583e-01  1.35107160e-01 -2.10763499e-01
  -3.84920955e-01  3.34802456e-02  4.06154186e-01 -1.32865787e-01
  -2.55262926e-02  1.92247406e-01  2.90645473e-03  1.78147867e-01
   1.22600058e-02]
 [ 4.80484039e-01 -9.31698456e-02  1.83723345e-01 -1.71079934e-01
   1.39842451e-01 -2.59952933e-01  6.06374033e-02 -3.15998904e-02
   1.60311520e-01  1.05667032e-01 -6.99258149e-02  1.69433832e-01
   2.50061423e-01]
 [ 1.82024725e-02 -1.75844148e-01  2.19502166e-01  2.37179790e-02
   3.18557397e-02  3.30177009e-01  4.15235996e-01 -2.82376111e-01
  -2.78061271e-01  3.09654057e-01 -3.83124985e-02  4.27928329e-01
   2.46982872e-01]
 [-1.98109955e-01  3.94422233e-01  3.94661367e-01 -2.86501527e-01
  -4.48052466e-01  2.68248290e-01  3.67540598e-01 -5.80354556e-02
  -8.17424282e-02 -2.62071900e-02  4.55112576e-01 -4.15893167e-01
   2.29454249e-01]
 [-5.84939979e-02  1.81623474e-01  2.09612772e-01  1.72716156e-01
   3.27329457e-01 -3.27153832e-01  2.43153155e-01 -2.47165069e-01
  -8.92337039e-02  4.07060012e-02  5.31258583e-01 -4.77468520e-02
  -1.53379813e-02]
 [ 4.03291583e-01  3.94004136e-01  1.35025278e-01 -3.11530262e-01
   2.72755563e-01 -2.78893083e-01  3.46568525e-01  3.66114050e-01
  -2.53395349e-01  1.68968865e-03  3.72044742e-01  1.14096612e-01
   2.68760979e-01]
 [-2.17215165e-01  1.13840148e-01 -6.36185557e-02 -1.57156453e-01
  -4.21627790e-01  1.73457831e-01 -1.56797305e-01  3.95753324e-01
   2.88755536e-01 -1.13642635e-02 -2.76439399e-01  3.04039419e-01
   5.99341869e-01]
 [-6.33174181e-02  1.18788570e-01 -2.73474097e-01  3.05136621e-01
  -1.83348671e-01 -4.53402884e-02  4.28454578e-01  2.07303151e-01
   2.16635376e-01  2.74642617e-01  1.10644311e-01 -1.85696974e-01
   8.69638007e-03]
 [-1.02435797e-01 -4.77579720e-02  1.20329708e-01  2.69784510e-01
  -3.07271391e-01 -4.62262303e-01 -6.78110272e-02 -3.68544728e-01
   2.91374922e-01 -3.97335924e-02 -1.69741049e-01 -3.47969323e-01
   1.09874876e-02]
 [-2.43618175e-01  2.98015960e-02 -4.51246276e-02 -4.60231721e-01
   2.54395187e-01 -1.42760929e-02  3.41677725e-01  2.00015038e-01
  -2.40511876e-02 -9.91416425e-02  2.71754414e-01 -1.48973405e-01
  -1.02019586e-01]
 [-2.65540272e-01 -9.60267857e-02  1.13445170e-01  7.38161579e-02
  -2.20987037e-01 -3.98978502e-01 -1.16055474e-01  2.19434172e-01
   4.08437759e-01  1.57969221e-02  3.61383975e-01  1.03900410e-01
   2.95597851e-01]
 [-4.04954046e-01  1.17539537e+00  1.34204733e+00 -1.33752912e-01
  -1.50268584e-01  1.83906764e-01 -9.77977931e-01  1.03695500e+00
  -2.55874038e-01  1.89213860e+00 -6.71896696e-01  1.59418404e-01
  -1.22159886e+00]]
Peso 2:
[ 0.23791042  0.05735606 -0.21665064 -0.12340879 -0.14628333 -0.04163688
  0.5108303  -0.01776871  0.15875475 -0.04932463  0.4274928  -0.00516247
  0.6791401 ]
Camada: saida
Peso 1:
[[-0.26873395  0.46817023]
 [ 0.75575453 -0.72998357]
 [ 1.1917518  -0.5884173 ]
 [ 0.39336586  0.05139845]
 [ 0.08926352 -0.15294632]
 [-0.26841488  0.09659521]
 [-0.7983048   0.9923869 ]
 [ 0.9918958  -0.15115742]
 [-0.6172603   0.18983975]
 [ 1.4215242  -1.0477563 ]
 [-0.8625327   0.4460124 ]
 [ 0.15300444  0.18641362]
 [-1.1770663   0.9092897 ]]
Peso 2:
[-0.4510559   0.45105544]



pesos modelo: 
Test loss: 0.0025, Test accuracy: 1.0000
Camada: meio
Peso 1:
[[-2.11813107e-01 -3.68157089e-01  2.10433066e-01 -7.68686831e-02
   8.62311125e-02  1.95998073e-01 -1.62721902e-01  4.41415489e-01
  -2.77354151e-01 -1.59358472e-01 -5.06551564e-02  2.90945709e-01
  -8.27665925e-02]
 [ 4.30144906e-01 -3.83847773e-01 -4.28295404e-01  3.13649535e-01
   2.99462199e-01  1.07395887e-01  9.47177410e-02 -1.01244211e-01
  -4.20120418e-01  5.35249710e-04 -3.37901145e-01  4.02991354e-01
  -4.30574477e-01]
 [ 4.56380844e-02  3.51345360e-01  3.69986117e-01  1.18426323e-01
  -1.71319127e-01 -3.87062907e-01 -2.98799574e-01 -3.63944918e-01
   7.72479177e-03  3.22604239e-01 -3.91648114e-02  2.85783648e-01
   3.83584201e-02]
 [ 1.06469952e-01  2.02671722e-01  1.78252384e-01  2.32177824e-01
   3.59594703e-01  4.17669207e-01 -9.53304395e-02 -1.71402041e-02
   2.25947678e-01 -2.74048418e-01 -2.82234490e-01  7.22993836e-02
   1.67863145e-01]
 [-1.77896082e-01 -6.15232699e-02  1.11140311e-01  9.21795517e-02
  -7.70124272e-02  2.64121473e-01  2.02280924e-01 -1.31321609e-01
   3.95806998e-01  9.48677510e-02 -1.12082399e-02 -3.79996449e-01
  -2.86232740e-01]
 [ 5.37042134e-02 -3.84919555e-03  1.13056093e-01  1.53741777e-01
  -3.00914496e-01 -1.81281701e-01 -1.65448621e-01 -2.61202604e-01
   4.70987737e-01  1.50773332e-01 -1.06029455e-02  4.20376897e-01
  -1.56134188e-01]
 [-5.72623834e-02  2.02236846e-01 -6.56259886e-04  4.84796762e-01
  -1.80828288e-01 -4.50812191e-01 -2.49824762e-01  3.13064545e-01
  -2.54377872e-01 -1.61349177e-01 -2.19530687e-01 -3.53853792e-01
   1.03676237e-01]
 [ 4.91010919e-02  2.33164486e-02 -1.06731625e-02 -2.82689668e-02
   1.90695882e-01 -5.65345120e-03  3.53520572e-01 -1.39614359e-01
   4.59728539e-02 -2.12207019e-01 -3.57254654e-01  4.12541747e-01
  -3.06740969e-01]
 [ 2.33840942e-01 -7.69176334e-02  9.06026140e-02  1.49311796e-01
  -1.31495863e-01  2.40666240e-01  1.31000817e-01  2.13829324e-01
  -1.35427058e-01  3.45034361e-01 -1.31238028e-01 -2.44489625e-01
  -3.97961512e-02]
 [ 1.62184268e-01  2.76280884e-02  3.62890184e-01  1.44612461e-01
  -2.27648184e-01 -3.01047027e-01 -2.32148856e-01  2.19809785e-01
   8.89614001e-02  9.13454220e-03 -1.04551436e-03 -1.52774557e-01
  -2.81278700e-01]
 [ 4.79452342e-01  2.35776931e-01 -1.80449352e-01  3.11385870e-01
  -2.89670080e-01 -1.97192430e-01  1.64993629e-02  3.18485916e-01
  -1.81723028e-01  3.25047821e-01  8.32057148e-02  3.93574834e-01
  -6.96385354e-02]
 [-6.39493689e-02 -7.92271737e-03 -2.62280375e-01 -1.76670533e-02
  -2.51576006e-02 -1.31477509e-02  1.11538798e-01  1.72628731e-01
   1.95774242e-01  2.74310559e-01 -8.97922963e-02  3.63558769e-01
  -4.12185043e-01]
 [ 4.33693305e-02  3.25699031e-01  2.71693498e-01  4.23283815e-01
   4.08730358e-02  3.13581675e-01  2.89847314e-01  3.74407053e-01
   3.12381536e-01  2.47925445e-01  1.74950331e-01 -1.21463850e-01
  -3.69969457e-01]
 [ 2.94584688e-02  2.37615611e-02  9.53051075e-02  2.38461539e-01
  -4.48040366e-01  1.24829352e-01  1.77485764e-01  4.29963507e-02
   2.66281188e-01  4.36417848e-01 -3.57183191e-04 -1.33847669e-01
   2.11523682e-01]
 [ 4.16212864e-02  1.83556452e-01 -2.71921784e-01  1.21523246e-01
   2.08391361e-02  2.98567772e-01  4.79117543e-01  1.68049678e-01
  -1.49775192e-01 -1.57000124e-01  4.13880259e-01  3.01927954e-01
   2.31244236e-01]
 [ 2.80441672e-01  1.17825016e-01  3.71166110e-01  2.85888195e-01
  -3.99255455e-01  2.75687486e-01  1.33104306e-02  4.19530809e-01
   2.00782627e-01  3.88836741e-01  8.83383676e-02 -2.42490917e-01
  -4.92364950e-02]
 [-6.45969510e-01  2.17404318e+00  6.30505860e-01 -1.32354307e+00
  -2.05462933e-01  6.18899167e-02 -5.15073180e-01 -7.75967002e-01
  -8.52422714e-01  1.18492520e+00  1.11493997e-01 -3.82214040e-01
   2.46272743e-01]]
Peso 2:
[ 0.40108737 -0.17642573 -0.01160612  0.5320937  -0.02374567 -0.03099487
  0.20289631  0.39412525  0.5287691  -0.04856698 -0.0050704   0.05803763
 -0.05352691]
Camada: saida
Peso 1:
[[-0.56589586  0.6869119 ]
 [ 1.524668   -1.5341108 ]
 [ 0.8313197  -0.02386837]
 [-0.5973822   1.4682616 ]
 [-0.02437964 -0.18763126]
 [ 0.03102686 -0.0345496 ]
 [-0.8497496  -0.09473657]
 [-0.89125216  0.5021729 ]
 [-0.89451295  0.707934  ]
 [ 0.93734044 -0.6120983 ]
 [-0.20143455 -0.2683238 ]
 [-0.08124133  0.29556125]
 [ 0.16376802  0.45834726]]
Peso 2:
[-0.36303294  0.36303288]



pesos modelo: 
Test loss: 0.0016, Test accuracy: 1.0000
Camada: meio
Peso 1:
[[ 2.52967656e-01 -1.38337523e-01  1.42898381e-01 -3.27562779e-01
   1.26453638e-01 -2.49827132e-01  8.12836289e-02  1.97018921e-01
  -6.64930940e-02  1.74853265e-01  2.79211104e-01 -2.57979721e-01
  -3.68731499e-01]
 [-4.46222186e-01 -1.59082085e-01  4.09519136e-01 -1.14828318e-01
  -2.40807921e-01  2.30225027e-01 -3.36232692e-01 -3.29668820e-02
   2.89148033e-01  3.04141760e-01  3.35888743e-01 -6.40044808e-02
   3.70113194e-01]
 [ 2.82592297e-01 -1.66997612e-02  2.74762988e-01  7.36069679e-03
   6.20040298e-02  2.91919947e-01 -1.56284273e-02  1.38932467e-01
  -1.24611169e-01 -3.09822679e-01  1.30972683e-01 -1.91860676e-01
   4.18693602e-01]
 [ 2.22624138e-01 -2.05504805e-01  1.98352993e-01  1.80005357e-01
   4.81839895e-01  1.90681070e-02  2.97136813e-01  3.75061855e-02
   2.81483471e-01 -4.24251616e-01  2.19440818e-01  4.29820180e-01
  -1.73284456e-01]
 [ 8.20368081e-02 -8.82366672e-02 -2.14248836e-01 -3.00929812e-03
   3.21636677e-01  2.05912471e-01 -4.41545606e-01  4.42381859e-01
  -2.92185277e-01 -4.13806409e-01  4.32247251e-01 -1.75446525e-01
   2.43323430e-01]
 [ 1.08550966e-01 -3.91822517e-01  4.17310484e-02  8.41573179e-02
  -4.03821498e-01 -3.16700816e-01 -3.70567411e-01  1.36219025e-01
  -2.74284512e-01 -1.57903224e-01  1.35876179e-01  4.45836574e-01
  -1.83400996e-02]
 [ 3.47406343e-02  2.55414605e-01 -1.87688082e-01 -2.96265811e-01
  -2.27113679e-01 -4.14846033e-01 -3.54471892e-01 -1.97898731e-01
   1.01790214e-02  2.56214023e-01 -2.07277685e-01  5.63576639e-01
  -4.81727608e-02]
 [-5.24569042e-02  3.14691871e-01  2.84330398e-01  4.43090975e-01
  -2.13190526e-01  1.28910780e-01  2.88148463e-01  3.00509334e-01
   2.20957458e-01  2.30729833e-01  2.38943204e-01 -1.53211817e-01
   1.79912388e-01]
 [-7.74289891e-02  8.86447877e-02 -2.67950535e-01  1.89605832e-01
  -3.28161746e-01 -4.34555113e-01 -4.39288080e-01 -1.23915389e-01
  -2.24109188e-01  1.45884514e-01  3.23849738e-01 -9.47589949e-02
   2.70068884e-01]
 [ 6.48364937e-03  1.95846781e-01 -1.35083511e-01  8.52355361e-03
   3.62759858e-01 -1.76160932e-01  1.17801093e-01 -2.60556787e-01
  -3.44812781e-01 -2.47929886e-01 -5.37597425e-02  1.58648297e-01
   4.54727024e-01]
 [ 1.08764671e-01  1.01096541e-01 -4.08173800e-01  2.21615240e-01
   1.75412595e-01 -1.47274464e-01 -4.91640605e-02  2.01399341e-01
  -4.10860151e-01  1.08912729e-01  4.34367061e-01  2.70341020e-02
  -9.91557837e-02]
 [ 1.09035701e-01 -4.59160656e-02 -2.46928424e-01 -3.02083105e-01
  -1.16826653e-01 -2.90725142e-01  2.94702291e-01  2.53983468e-01
   2.31575314e-03 -1.47086561e-01  2.96370149e-01  1.60970882e-01
   3.61356735e-01]
 [ 7.50270933e-02 -2.41634950e-01  1.27021745e-01 -8.48139524e-02
  -3.81769896e-01  1.01922102e-01 -3.16319287e-01 -1.34689391e-01
   1.00218721e-01  2.72959918e-01  1.68860853e-01  4.39899683e-01
  -9.59428698e-02]
 [ 2.16671303e-01 -3.95705730e-01  7.66229704e-02 -1.78740144e-01
  -1.89009041e-01  2.03932971e-01 -2.19577789e-01  2.30602995e-01
  -1.08322337e-01 -1.81738019e-01  3.06368619e-01  4.17242497e-01
   1.40107021e-01]
 [ 2.06908107e-01 -3.23868096e-01  8.74917284e-02  2.51391649e-01
   3.12431574e-01  8.64112675e-02  1.06568411e-01  4.07313913e-01
  -3.57977390e-01 -1.46705002e-01  4.63142157e-01  1.31390378e-01
  -6.35727569e-02]
 [ 9.55813825e-02 -2.34930620e-01 -3.74884367e-01  3.21618408e-01
   5.58638692e-01 -4.35777605e-01 -1.67326018e-01 -1.22525774e-01
  -2.38062158e-01 -2.86832124e-01 -1.89134166e-01  4.70479250e-01
  -4.23194319e-01]
 [ 2.81228948e+00  1.46795228e-01 -4.43225622e-01  1.70933947e-01
  -9.03823748e-02  2.71280974e-01 -2.13174850e-01 -4.93759960e-01
  -1.62264600e-01  3.29569519e-01 -8.70036066e-01 -1.28360629e+00
  -1.16127715e-01]]
Peso 2:
[-0.2507198  -0.01997775 -0.08020865 -0.00774674  0.18769963 -0.10187431
  0.04484729  0.19824453 -0.03357805 -0.01119695  0.35617355  0.6894363
  0.02426659]
Camada: saida
Peso 1:
[[ 1.9768889e+00 -1.9402508e+00]
 [-1.9083054e-01  6.0639307e-02]
 [ 2.0036420e-01  1.2266268e-03]
 [-1.5739360e-01 -1.2819226e-01]
 [-1.2958340e-01  6.1347806e-01]
 [-3.7973911e-01 -1.0995162e-02]
 [ 3.7837610e-01  6.5092707e-01]
 [-5.6464916e-01  2.1407086e-01]
 [-1.5394108e-01 -5.8001101e-01]
 [-3.4182337e-01 -4.1748315e-01]
 [-5.8352929e-01  8.5199279e-01]
 [-1.6257585e+00  4.4890416e-01]
 [-2.8032815e-01 -5.2847687e-02]]
Peso 2:
[-0.40642664  0.40642646]



pesos modelo: 
Test loss: 0.0018, Test accuracy: 1.0000
Camada: meio
Peso 1:
[[-0.36721647  0.35361892  0.31820714  0.10708678 -0.18130532 -0.24777879
  -0.40661755  0.1775626  -0.43742198 -0.35905108  0.17064792  0.07661778
  -0.25809786]
 [ 0.30212516  0.1572504  -0.20921043  0.01766196  0.34174794 -0.39390415
  -0.40021446 -0.17963418 -0.04646888 -0.3671172  -0.24167743 -0.10521477
   0.36776823]
 [ 0.09475434 -0.08842799 -0.05462998 -0.4036389  -0.17204213  0.15459716
   0.13337302  0.4136446  -0.28781313 -0.15316051  0.07998478  0.22559321
  -0.4353828 ]
 [ 0.09647276  0.4148703  -0.34242636 -0.15601477 -0.19102126  0.19299346
   0.13215017  0.10655876  0.32011163 -0.31995472  0.28783214  0.1370327
   0.39064193]
 [ 0.31645706  0.25795746 -0.22426504  0.30512425  0.2650413   0.04219753
   0.06442949 -0.05472406 -0.17512496  0.27154905  0.4505326  -0.07901579
   0.3172347 ]
 [ 0.2827786   0.22559883 -0.33701792 -0.25658163 -0.1355261   0.3024974
   0.09706262 -0.11708063  0.2568559  -0.2098858  -0.03838963  0.43449435
   0.40551504]
 [-0.39532056 -0.11721128  0.23279813  0.19278683  0.05429053  0.0760853
  -0.08124617 -0.20574819  0.1676896  -0.28233328 -0.29154843  0.04680492
  -0.04699796]
 [ 0.257997    0.36076036  0.42036995  0.13979916 -0.02226151 -0.03385913
   0.01305189 -0.1919621  -0.21640387 -0.38656494  0.4281356  -0.12206373
   0.5003624 ]
 [ 0.00231958  0.11703544  0.12849484 -0.08457515 -0.03974731  0.34358355
   0.13213651  0.10879109 -0.30507186  0.08185843  0.24141261 -0.08257143
   0.03199099]
 [-0.33759925 -0.19054745  0.39146447  0.11757492  0.17985387 -0.00784012
   0.17145754  0.29647747 -0.29787567  0.39205915  0.11032151 -0.0354162
   0.4185075 ]
 [ 0.15153638  0.46387795  0.41295123  0.23354593  0.06466489  0.08044738
   0.09362222  0.33129355  0.33195505  0.11959173  0.02959221  0.20768452
   0.08024324]
 [-0.21480715 -0.34066436 -0.12050582  0.19727688  0.01287365 -0.08657543
  -0.18945071  0.3607912  -0.20562203  0.30974266  0.07314808 -0.02791156
   0.32101047]
 [-0.04683506  0.13477293 -0.06362335 -0.35726398 -0.19322988  0.2979173
  -0.05073703 -0.2353767  -0.07481793  0.11855186 -0.11402528  0.05643834
  -0.12570898]
 [-0.4103849   0.1335376  -0.40095985 -0.08486806 -0.25755367  0.4037713
   0.24448854 -0.27433205 -0.08175795 -0.09407678 -0.22610952  0.26146552
  -0.03308999]
 [-0.23026933  0.30448496  0.11862166 -0.22569625  0.28623557  0.37296215
   0.02328608  0.09436252 -0.32079887 -0.04132086  0.10022976  0.19570264
   0.04209498]
 [-0.31323552 -0.04676124 -0.16713798 -0.36680764  0.48026878  0.46036577
  -0.07516386  0.47504118 -0.0510752   0.34577537  0.43818003  0.04267139
   0.09896962]
 [-0.12416129 -0.7853435   0.57604355 -0.10800354 -0.40008116 -1.2719225
   0.9381632  -0.39099216 -0.41054663 -0.06777     1.5820975   1.7572458
  -1.3169025 ]]
Peso 2:
[ 0.00711283  0.39138854 -0.00655847  0.06622292  0.256184    0.56747544
  0.01945839  0.1555598  -0.07900262  0.00560255 -0.11718939 -0.04563644
  0.63698745]
Camada: saida
Peso 1:
[[-0.14094117 -0.05019591]
 [-0.35591668  0.9707326 ]
 [-0.0805431  -0.46425885]
 [-0.41268095  0.17494082]
 [ 0.01836186  0.73809206]
 [-1.2287731   0.7961447 ]
 [ 0.41578126 -0.78168005]
 [-0.28742543  0.3114862 ]
 [-0.16598873 -0.19332124]
 [-0.31425193 -0.05000988]
 [ 1.5136147  -0.6421551 ]
 [ 1.6095042  -0.70494974]
 [-1.0438114   0.95638895]]
Peso 2:
[-0.27197897  0.27197906]



pesos modelo: 
Test loss: 0.0014, Test accuracy: 1.0000
Camada: meio
Peso 1:
[[-1.56263709e-01 -1.48449451e-01  1.44160926e-01 -3.78428400e-01
   1.91001892e-01 -3.46825719e-02  1.94513142e-01  3.24525237e-02
  -3.64040434e-01 -4.18948084e-01  2.64496386e-01  6.05546832e-02
  -1.72342181e-01]
 [-4.30237025e-01  3.68996441e-01 -1.89612269e-01  3.35905254e-01
  -3.32556516e-01 -2.80477285e-01  3.83967936e-01 -4.13776070e-01
   8.69694948e-02 -1.57883525e-01 -7.15389550e-02  1.31067932e-01
  -2.99376905e-01]
 [ 1.53723598e-01 -1.29613221e-01 -2.94092596e-02 -3.09114456e-01
   2.51351237e-01 -2.49530077e-02 -3.03933799e-01  4.03461158e-02
  -1.23641640e-01 -1.89022660e-01  3.67778540e-03 -8.97077024e-02
   2.82961190e-01]
 [-3.27059366e-02  4.19815391e-01  3.11855823e-01 -3.75123441e-01
   5.78043377e-03 -4.06035781e-02 -4.30423915e-01 -2.20586658e-01
   3.11479628e-01  2.84062177e-01 -3.16544294e-01  3.27845454e-01
   3.66540928e-03]
 [ 7.17513338e-02 -2.13310122e-01  4.36029166e-01  3.07339370e-01
   3.20061028e-01  2.19760269e-01  1.17003908e-02 -2.89906621e-01
   3.36637974e-01  3.50642294e-01 -2.10692644e-01 -3.91860783e-01
  -2.05273688e-01]
 [ 3.78604412e-01  1.33626221e-03  3.23591411e-01 -1.25311449e-01
   1.05171055e-01  6.08532839e-02  4.07722503e-01 -1.95845231e-01
   1.35540918e-01 -3.01145643e-01  1.17048420e-01 -1.67905480e-01
  -1.41777843e-01]
 [ 4.21336770e-01 -4.94084917e-02  1.08266741e-01  1.43377826e-01
   2.52904415e-01  3.44548434e-01 -4.04056646e-02 -2.72956401e-01
   3.81646961e-01  2.26910532e-01  4.36934054e-01  4.06601757e-01
   2.33177871e-01]
 [ 2.78137684e-01  1.62511334e-01 -1.01387233e-01  4.78586078e-01
   1.71419196e-02  1.03052661e-01 -1.66445002e-01 -2.21623071e-02
   8.20078254e-02 -1.73109069e-01  3.47328931e-01 -3.40248615e-01
   2.23284930e-01]
 [ 2.06809878e-01  4.32822555e-01  4.19038057e-01  3.35120112e-02
  -1.10303536e-01  3.63534808e-01 -3.22232038e-01  2.96904027e-01
   4.04974312e-01  3.39273751e-01  5.52673377e-02  5.91383036e-03
   1.49554342e-01]
 [-8.15170854e-02 -3.82557581e-03 -3.76228541e-01  4.24904257e-01
  -3.30735326e-01  1.59098208e-01  1.96162403e-01 -7.02730641e-02
   2.22205326e-01 -7.14578554e-02 -9.02763009e-02 -3.98659468e-01
   1.90075323e-01]
 [-2.26630777e-01  2.59487391e-01 -2.44055599e-01 -2.02063397e-01
   3.97283524e-01  4.47418511e-01 -3.21498424e-01  1.12695917e-01
   3.96307021e-01 -3.47396165e-01  2.97797263e-01 -3.84739488e-01
  -3.77802253e-01]
 [ 2.33207002e-01  5.99821322e-02  4.54878211e-01  4.55139577e-01
  -2.13459611e-01  2.52602816e-01  2.03430757e-01  4.11994815e-01
   2.34061498e-02 -2.22870298e-02  3.47436666e-01 -3.66073847e-02
  -1.89702973e-01]
 [-2.11610243e-01 -2.83253193e-01 -2.15970233e-01  4.89405751e-01
  -4.94193286e-03  2.08291411e-01  3.67439717e-01 -4.23053324e-01
   2.72162706e-01  3.20948780e-01 -2.07426220e-01 -4.48005080e-01
  -2.54081041e-01]
 [ 4.63814616e-01 -4.03027833e-01  1.24448776e-01  4.13565904e-01
  -3.91703993e-01 -1.34146392e-01 -1.44849885e-02 -3.75189841e-01
  -6.57125488e-02 -2.75584102e-01  1.34753913e-01 -1.33654758e-01
  -3.21161486e-02]
 [-7.18874037e-02  1.75706416e-01 -2.58936644e-01 -3.06744605e-01
  -9.92427096e-02  3.08688819e-01 -1.62609115e-01 -8.30451548e-02
   4.21821982e-01  3.81283939e-01  4.36222315e-01 -5.94423935e-02
  -2.69457549e-01]
 [-3.25785577e-02  4.10627037e-01  1.69666916e-01 -1.51797146e-01
   6.45986721e-02  1.16517723e-01  3.28084022e-01  3.02930951e-01
   1.14987470e-01  3.67375463e-01  3.70867312e-01 -4.29155231e-01
  -4.20917869e-01]
 [ 7.60359526e-01 -1.50308952e-01 -5.57722747e-01 -5.86930394e-01
   3.52305889e-01  1.94276726e+00 -1.31674215e-01  2.06985604e-03
  -2.12723780e+00  5.88714421e-01 -8.70766163e-01  3.22552264e-01
  -3.88367772e-01]]
Peso 2:
[ 0.02079898  0.00188039  0.18654843  0.13911688  0.01654061 -0.14276831
  0.03204843  0.02898941  0.91432714 -0.02060182  0.2751415  -0.04893234
 -0.15649906]
Camada: saida
Peso 1:
[[ 0.92912304 -0.12353094]
 [-0.649767   -0.5055405 ]
 [-0.7113764   0.17618275]
 [-0.48023826  0.32492912]
 [ 0.05232803 -0.2905111 ]
 [ 1.5609545  -1.0811106 ]
 [-0.3442915   0.20383364]
 [ 0.25874254  0.6109485 ]
 [-1.6901908   1.683922  ]
 [ 0.05286794 -0.5754931 ]
 [-0.54519683  0.7073257 ]
 [-0.13948965  0.24138054]
 [ 0.44505867 -0.50589114]]
Peso 2:
[-0.06661335  0.06661344]



pesos modelo: 
Test loss: 0.0016, Test accuracy: 1.0000
Camada: meio
Peso 1:
[[-2.18689725e-01  8.37504864e-02 -2.53120214e-01  3.54697645e-01
   2.83349812e-01  3.11449766e-01 -3.65183473e-01  1.86127782e-01
   2.32524693e-01 -1.13573670e-02 -3.88702363e-01  1.44892156e-01
  -2.90454298e-01]
 [-4.25355971e-01 -1.94303006e-01 -2.40028709e-01 -1.86587036e-01
   1.32404983e-01  1.86000049e-01 -5.11106551e-02  3.24442923e-01
   1.17911756e-01  3.33551943e-01 -2.27174163e-03  2.06686199e-01
   6.26494884e-02]
 [-9.95677710e-02  1.09912634e-01 -2.53688425e-01 -2.40019321e-01
  -6.92006946e-02 -4.27686453e-01  2.18899250e-01 -3.69016588e-01
   2.23843396e-01 -3.91728699e-01 -4.09073859e-01  3.84270847e-01
  -3.71484518e-01]
 [ 1.52825922e-01  3.29366058e-01  4.40240383e-01 -1.74277484e-01
   1.60489157e-01 -2.33648170e-04  1.84060633e-01 -2.13732928e-01
  -6.39674217e-02  1.57298490e-01  3.47217858e-01 -1.96521208e-01
   5.21703274e-04]
 [ 2.24875323e-02  2.55845398e-01  4.64093268e-01 -2.53530234e-01
   3.34005475e-01  1.97012439e-01  2.06052169e-01  1.09614685e-01
   3.44737582e-02  1.37365103e-01  4.05434400e-01 -3.07515055e-01
   3.38684231e-01]
 [ 5.67331649e-02 -2.91229766e-02 -3.02027781e-02 -8.86970684e-02
  -1.83288217e-01  2.61085154e-03 -3.11730653e-02  4.30990249e-01
   3.24423432e-01 -3.08844656e-01  2.51216471e-01  8.38325769e-02
  -3.29593033e-01]
 [-3.73576105e-01 -1.71022072e-01  1.05009638e-01 -1.08389802e-01
  -3.90882969e-01  3.48959476e-01 -1.56122565e-01 -1.30165249e-01
   1.99299410e-01  2.34601013e-02  1.70981348e-01  2.96546221e-01
  -3.32461566e-01]
 [ 1.06884362e-02 -3.14646155e-01  3.41976434e-01 -3.98793638e-01
  -3.24414492e-01  1.87334821e-01  1.52062654e-01  2.05594122e-01
  -5.38771190e-02 -3.68076175e-01  1.66028321e-01 -3.47056419e-01
  -3.17018747e-01]
 [-2.45479777e-01  1.60940409e-01  3.17269444e-01 -3.63220423e-01
  -4.19355899e-01  5.98991802e-03  3.88576947e-02 -3.27408493e-01
   1.00773491e-01  4.15277332e-02  2.24544391e-01 -2.10614167e-02
   2.35482603e-02]
 [ 2.78281033e-01  4.48774993e-01 -4.84771617e-02  2.85966873e-01
   5.01794994e-01 -2.61783421e-01 -5.19706234e-02  1.90892324e-01
  -1.08121149e-01  3.16318870e-02  1.28402874e-01 -3.29307437e-01
   2.00583532e-01]
 [-1.89464092e-01  1.24051951e-01  5.34829497e-01 -2.52759218e-01
  -4.25764740e-01 -1.36855334e-01  4.31401759e-01  1.85888156e-01
   3.34776426e-03 -5.38027026e-02  2.73801923e-01  4.12672341e-01
   1.70182720e-01]
 [ 2.43623823e-01 -1.63133800e-01  1.37948036e-01 -6.46742433e-02
  -4.03534651e-01 -5.32109058e-03 -1.03890030e-02  2.18869769e-03
   2.26951584e-01 -2.92043239e-01 -1.08418286e-01 -1.46468833e-01
  -2.28053957e-01]
 [ 6.19756430e-02 -3.33514690e-01  4.82148863e-02  1.78154111e-02
  -3.79770935e-01  3.16173136e-02 -7.73289576e-02  2.27321982e-01
  -2.20238447e-01 -4.56440151e-02 -6.74470589e-02 -1.65853962e-01
   3.72713476e-01]
 [-3.30917180e-01  2.09610295e-02  2.02340275e-01  2.23804951e-01
  -8.18940252e-02  2.72674769e-01  3.36654820e-02  7.60151297e-02
  -1.56110123e-01 -2.99055785e-01  1.31952435e-01  1.31798431e-01
  -8.57756881e-04]
 [-2.60789305e-01  3.41349989e-02  3.24837416e-01  1.20344110e-01
   3.37754220e-01  1.04085840e-01  1.26838773e-01  1.19337454e-01
  -9.33814943e-02 -2.68143773e-01  3.80253226e-01  4.62506413e-01
   4.10282493e-01]
 [-2.73055673e-01 -6.15800880e-02  3.59140843e-01 -3.11311066e-01
  -1.33907214e-01 -1.19332872e-01  2.25499585e-01  1.29229859e-01
  -1.85804926e-02  1.47490606e-01 -1.00144982e-01  1.03992321e-01
  -2.05479711e-01]
 [ 7.40754232e-02 -1.05019994e-01 -1.84595299e+00  6.04782216e-02
  -3.68673354e-01  9.92468596e-01  2.38586402e+00 -4.77874964e-01
   1.17168345e-01 -1.51614875e-01  2.79293537e-01  5.12354299e-02
   4.30324554e-01]]
Peso 2:
[-0.07133511  0.02073842  0.9549583  -0.12195078  0.09497096  0.02044505
 -0.09355232  0.30232647 -0.01439752 -0.06604893 -0.0284975   0.03460282
  0.00566551]
Camada: saida
Peso 1:
[[-0.4365446   0.01746115]
 [ 0.18315741  0.3581224 ]
 [-1.454248    1.6200595 ]
 [ 0.45351505 -0.46300635]
 [-0.11927679  0.4438539 ]
 [ 0.05132097 -1.0777514 ]
 [ 1.7280654  -1.6168962 ]
 [-0.7960955   0.23550454]
 [-0.02794759 -0.1806835 ]
 [ 0.12967822 -0.38013452]
 [-0.2615042  -0.34284163]
 [-0.13253659  0.19120294]
 [ 0.15793377 -0.17438754]]
Peso 2:
[-0.31835592  0.31835538]



pesos modelo: 
Test loss: 0.0016, Test accuracy: 1.0000
Camada: meio
Peso 1:
[[ 4.29985464e-01  4.08638299e-01 -3.95351350e-02 -9.96592343e-02
  -3.36513221e-01 -1.16547644e-01 -2.45561600e-02  2.54708946e-01
  -2.83936501e-01 -2.26840913e-01  1.41573370e-01  4.14824486e-01
  -3.46959829e-02]
 [ 3.48810911e-01 -1.94412500e-01 -1.28845006e-01 -2.65730530e-01
  -2.63635993e-01 -1.93022013e-01  2.48429000e-01 -2.95560211e-01
   1.46243393e-01 -2.13970006e-01 -2.84071982e-01 -3.78711820e-01
   1.60269797e-01]
 [ 4.39254642e-02  1.51231050e-01  1.60792232e-01 -2.06001788e-01
  -3.17913294e-01  3.71453822e-01 -7.28190839e-02  3.66023362e-01
   1.47176147e-01  2.96741128e-02 -3.36960942e-01  2.38108814e-01
  -2.76238561e-01]
 [ 2.82813400e-01  4.77336869e-02  2.83756614e-01  2.04678670e-01
  -2.51785547e-01  5.00661433e-01 -3.04921627e-01  6.18747286e-02
   2.80402839e-01  6.49670810e-02  3.23124439e-01  2.79009819e-01
   6.54122233e-02]
 [ 1.39441118e-01 -9.48409736e-02  2.16280743e-01  2.99467146e-01
   1.08976342e-01  4.40950356e-02 -3.14822704e-01  4.06467140e-01
   3.63063097e-01  2.37533703e-01 -1.27136230e-01  2.68414646e-01
   3.85363907e-01]
 [ 1.15024205e-02  1.56292564e-03 -2.45153964e-01  2.58365452e-01
  -8.57034400e-02  4.00102884e-01 -2.63778389e-01 -1.53639838e-01
  -3.04238815e-02  7.28503913e-02  3.52016836e-01 -1.19786628e-01
  -2.27586720e-02]
 [ 2.95860898e-02 -4.06876624e-01 -2.57043988e-01 -2.38564208e-01
   1.15881644e-01 -2.34287661e-02  8.28653201e-02 -3.02095950e-01
  -1.39582038e-01  3.88368189e-01 -3.35691690e-01  3.78819406e-01
   9.32020321e-02]
 [-1.19607799e-01  3.83977860e-01  2.98029184e-01 -1.62899643e-01
  -1.35276979e-02  4.52436984e-01 -1.96503744e-01  3.54683012e-01
   9.69415084e-02  6.50746077e-02  4.33139890e-01  1.57161430e-01
   1.67223945e-01]
 [-4.35752273e-02  1.69947535e-01  1.16605498e-01 -1.19770519e-01
   2.83940494e-01 -1.25305146e-01 -1.87297985e-01  3.21011692e-01
   1.46436051e-01  3.87650549e-01 -3.03519517e-01  3.88420582e-01
   5.00033610e-02]
 [ 8.71058032e-02  2.90205300e-01  3.17104280e-01 -1.06668554e-01
   3.56861532e-01  1.21306777e-01  1.51827842e-01  4.25624490e-01
  -4.20011610e-01  7.63583332e-02  4.00422603e-01  4.69752699e-01
  -1.49400458e-01]
 [ 1.33986965e-01 -1.14509203e-01  3.19584727e-01  2.66228646e-01
  -1.53782126e-02  5.72116114e-02 -1.68934301e-01  1.89195827e-01
  -5.01037249e-03 -3.90827805e-01 -1.79330885e-01  2.67991796e-02
  -4.48252074e-03]
 [ 3.61902237e-01  8.53823200e-02 -9.50958952e-03  7.45720267e-02
  -1.48111686e-01 -2.13255763e-01  1.48379534e-01  3.78150165e-01
  -7.11847171e-02  1.56716064e-01 -2.59144247e-01  3.54475826e-01
   7.54115656e-02]
 [ 2.60565013e-01  2.53379077e-01  3.59364748e-01  1.24512896e-01
   1.67679787e-01  1.55288577e-02  3.34900290e-01  4.26823974e-01
  -2.73741335e-01  1.75485849e-01 -3.22088957e-01  4.32463884e-01
  -1.26798227e-01]
 [ 3.62110958e-02  4.14788246e-01  4.02691752e-01  1.19250730e-01
  -2.42715821e-01 -6.74505308e-02  2.20573142e-01  1.86923027e-01
  -3.77599984e-01  4.83346656e-02  1.15064785e-01  2.55339265e-01
  -4.62059706e-01]
 [ 1.90565482e-01  1.53583586e-01  1.03104962e-02  5.03089368e-01
  -8.57406706e-02 -8.44044611e-02 -3.56124610e-01  3.66986133e-02
  -1.70757785e-01  3.21109205e-01 -1.96026593e-01  2.25333363e-01
   3.72757800e-02]
 [-8.21529925e-02  3.28828126e-01 -4.29865830e-02  3.39760125e-01
  -1.12128899e-01  3.63363862e-01 -9.75950658e-02 -3.66130531e-01
  -5.99793121e-02  1.37905955e-01  3.94653261e-01 -4.66319267e-03
  -3.21769536e-01]
 [ 1.54370141e+00 -8.67843628e-02  1.24685085e+00 -7.99378216e-01
   3.94421995e-01 -7.04778075e-01  1.29190415e-01 -3.94256175e-01
  -3.51629406e-01  1.09335124e+00  6.05853856e-01 -1.83761811e+00
  -3.09134692e-01]]
Peso 2:
[-0.13360031  0.00791444 -0.11491907  0.29437488  0.0017054   0.31431356
 -0.11998403  0.1008281   0.04240851 -0.15500537  0.05744098  0.8165003
 -0.14553055]
Camada: saida
Peso 1:
[[ 1.3622016  -0.77797675]
 [ 0.0563769   0.2115269 ]
 [ 0.69388175 -1.0468974 ]
 [-0.7028998   0.7228711 ]
 [ 0.32912025 -0.6513757 ]
 [-0.12374888  1.001684  ]
 [-0.13124947  0.35193163]
 [ 0.1513867   0.8141536 ]
 [-0.62261504 -0.41387597]
 [ 0.1469739  -1.3399497 ]
 [ 0.5111164  -0.15589662]
 [-1.3854762   1.6642483 ]
 [ 0.17504306  0.12605715]]
Peso 2:
[-0.2662772   0.26627675]



pesos modelo: 
Test loss: 0.0015, Test accuracy: 1.0000
Camada: meio
Peso 1:
[[ 1.40942037e-01 -2.41758257e-01  1.44919872e-01 -9.15642381e-02
   1.60424471e-01  9.85002518e-03  1.99080467e-01  3.19136679e-01
   8.74484181e-02 -2.68075943e-01 -3.76336008e-01  1.23977602e-01
   2.39255369e-01]
 [ 1.72387064e-01  4.40390408e-01  6.51824474e-03  4.28629994e-01
   3.90510499e-01  2.53471851e-01 -4.34800327e-01 -1.98710725e-01
  -2.68936634e-01 -3.22815120e-01  3.21068168e-01  2.64774978e-01
  -4.46190327e-01]
 [ 1.69993699e-01 -2.41838232e-01  3.91767681e-01 -3.30171525e-01
   1.07053936e-01 -2.32273623e-01  4.36691284e-01 -2.80772746e-01
  -1.73407257e-01  8.88448954e-02 -8.55339170e-02  3.81514430e-01
   2.53703296e-02]
 [-3.66260946e-01  4.16350633e-01 -7.63979973e-03 -1.70761243e-01
   1.25475332e-01  4.15685624e-01 -1.22492678e-01  2.72815526e-02
   2.59651393e-01  1.04182035e-01 -2.66422391e-01  1.66322082e-01
  -1.68824084e-02]
 [-2.84174114e-01 -1.46522552e-01  3.26686025e-01  1.64559856e-01
   5.56791723e-01 -3.66031900e-02  3.55947584e-01 -3.31169128e-01
  -1.70806378e-01  8.78167748e-02  4.17406827e-01  3.49325925e-01
  -4.19943422e-01]
 [-4.14484560e-01  2.88722694e-01  2.34446064e-01  3.39601278e-01
   1.12799801e-01 -4.43258584e-01  1.88741416e-01 -2.53093243e-03
   1.46840572e-01  3.03381920e-01  2.62835503e-01 -2.11902320e-01
   2.41799548e-01]
 [ 1.32652789e-01 -4.01316255e-01  1.30929083e-01  4.09042150e-01
  -4.68913130e-02  2.89072007e-01  3.31231654e-01 -2.73524433e-01
   4.24287580e-02  3.78756940e-01 -3.11183572e-01 -2.33723447e-01
   1.33686885e-01]
 [-2.74402887e-01 -3.15489322e-01 -1.92721024e-01 -2.95790583e-01
  -1.64902732e-01 -2.86368337e-02  3.23358715e-01 -3.67686450e-02
  -3.50248665e-01  1.45272791e-01  4.50955890e-02 -4.14985120e-01
  -4.68928039e-01]
 [ 2.78986305e-01  7.77056739e-02  4.10475671e-01  2.54759461e-01
   4.96545494e-01 -2.44519696e-01  2.74147391e-01 -2.26571076e-02
  -4.47889626e-01  2.76669323e-01 -3.73791099e-01 -2.18963310e-01
   1.13523133e-01]
 [ 1.75959110e-01  3.22386891e-01  1.27485901e-01  3.44044745e-01
  -1.56327486e-01 -2.98908114e-01 -1.07155424e-02 -4.13630754e-01
   2.21556742e-02  3.12521219e-01  5.03212094e-01  4.16650534e-01
   1.79760873e-01]
 [ 3.56696844e-02  1.41361192e-01  3.87978405e-01  9.56872571e-03
   4.10214871e-01  2.23344415e-01  2.38385051e-01 -3.05332094e-01
   3.80441099e-01  2.53617316e-01  3.46168905e-01  4.58991826e-02
   2.45479494e-01]
 [-3.87810290e-01 -4.85669374e-02  2.64336765e-01 -3.54697257e-01
   1.32811489e-02 -4.36151832e-01  2.18167186e-01 -2.17056558e-01
  -3.83942991e-01  4.87951428e-01 -2.88846552e-01 -1.88448235e-01
  -4.28578854e-02]
 [-4.18203473e-01 -3.51755679e-01 -2.99866851e-02 -2.39897892e-01
   1.68763071e-01 -3.90662283e-01  4.32319075e-01 -3.04760277e-01
   2.49308228e-01  1.25707328e-01 -2.07602963e-01 -1.91275999e-02
   2.92712618e-02]
 [-2.17605382e-02 -4.06575948e-01  3.73579085e-01 -3.73719454e-01
   2.57962942e-01  3.53650413e-02 -3.84197295e-01 -4.08116370e-01
   3.86541873e-01  1.59010381e-01  3.58295709e-01 -4.46330220e-01
  -1.34587854e-01]
 [-3.22008520e-01  2.57991076e-01  2.21378267e-01 -6.61742911e-02
   5.07898748e-01 -3.62183243e-01  2.64284164e-01 -1.48602009e-01
   3.81150603e-01  1.73982263e-01 -1.63532883e-01 -9.94589403e-02
  -2.25224957e-01]
 [ 2.02593744e-01 -1.27325431e-01  1.17582619e-01  1.86352864e-01
  -1.34058669e-01  3.40515792e-01 -3.60184759e-01  2.02104449e-03
  -2.21190855e-01  3.56463879e-01 -2.09945124e-02 -2.08785564e-01
  -1.15143113e-01]
 [-2.02430129e-01  1.69450983e-01  2.10123086e+00 -2.00831249e-01
  -1.34893310e+00  1.33844763e-01  4.23503786e-01 -3.36915612e-01
   2.36360416e-01 -1.94810903e+00 -3.98284286e-01 -3.26427579e-01
   1.38579950e-01]]
Peso 2:
[ 0.0482615   0.00306985 -0.12889811 -0.01784513  0.7156976  -0.00090891
 -0.02659129 -0.00812328 -0.02266738  0.6500619   0.17929615 -0.03083157
 -0.09577981]
Camada: saida
Peso 1:
[[-0.61417574  0.3175891 ]
 [-0.5360753  -0.6516066 ]
 [ 1.7689308  -1.213294  ]
 [-0.16486573  0.01201621]
 [-1.1878461   1.0494916 ]
 [-0.19384395 -0.25093478]
 [ 0.22580889 -0.4001727 ]
 [ 0.58642757 -0.40598595]
 [ 0.18966739  0.05829885]
 [-1.3048947   1.6435171 ]
 [-0.69162935  0.04752307]
 [ 0.23862529  0.18215607]
 [-0.14218023  0.09257678]]
Peso 2:
[-0.10492244  0.10492263]



pesos modelo: 
Test loss: 0.0011, Test accuracy: 1.0000
Camada: meio
Peso 1:
[[-0.13361558 -0.13010338 -0.34585613 -0.4214659  -0.27374643  0.195808
  -0.02246013  0.21188998 -0.13727322 -0.28449923 -0.42562148 -0.13688594
   0.22063851]
 [-0.372909    0.12186658  0.3710243   0.02140754  0.033959   -0.06978363
   0.41047704 -0.33540753  0.02664599  0.24776644  0.06332624  0.11146241
  -0.31280473]
 [-0.38378444  0.3388813   0.26213783 -0.08197895 -0.41875565  0.04857352
   0.10188216 -0.15514234 -0.07422632 -0.32114935 -0.36126322  0.266042
   0.3784297 ]
 [ 0.36104128 -0.40808088  0.2930474   0.22749946  0.26808554 -0.2029511
  -0.35766605  0.17351265 -0.17552486 -0.00859533  0.01567207  0.0889345
   0.16942376]
 [ 0.14014229  0.10598398  0.15342593 -0.19873525  0.24960631 -0.25436002
  -0.20272005 -0.283656   -0.02012051 -0.04382776 -0.3332619   0.11605049
   0.30817443]
 [ 0.15929618 -0.19688356  0.3890067  -0.43263134  0.22124286  0.18001299
   0.15836604 -0.29994294 -0.01845171 -0.1725712   0.08317488 -0.07231327
  -0.18828656]
 [-0.08404367 -0.01693384  0.23219357 -0.02559878  0.383657   -0.27402127
  -0.3720936  -0.24916506  0.26164636 -0.17911649 -0.40122592  0.2672971
   0.29805934]
 [ 0.01723401 -0.4334222   0.3053347   0.0053479   0.44409198  0.2787791
   0.2963452   0.3017602   0.19662283 -0.14077784 -0.1083659   0.36253124
   0.32113343]
 [ 0.22845107 -0.03549851  0.25225052  0.40602043  0.390912   -0.2952971
  -0.13538045  0.15894006  0.3321563  -0.03247252  0.03723881  0.04313094
   0.23461917]
 [ 0.20781644 -0.02548602 -0.40537825 -0.15809888  0.50316495 -0.22555968
   0.40298593  0.13025586  0.2852087  -0.1616169  -0.3156975  -0.07665601
  -0.15541878]
 [ 0.345365   -0.28080094  0.26310617 -0.34598315  0.4632729  -0.39722216
   0.24401306  0.3399472  -0.08251595 -0.06914152  0.26228145  0.25834483
   0.15653595]
 [ 0.09158503 -0.31043297  0.3018019   0.19556141  0.02759162 -0.10638164
  -0.36137438 -0.31935236  0.11405996 -0.1278455   0.31704122 -0.07671639
   0.27434558]
 [ 0.00911933  0.13929744  0.21286498 -0.37365013 -0.00219042 -0.14818092
   0.196313    0.00377965 -0.18050528  0.4051278  -0.29809365  0.0317605
   0.1115163 ]
 [-0.19893786  0.30885452 -0.21490419  0.09368969 -0.00749082 -0.25902778
   0.24806568  0.07391789 -0.19827034  0.21959941  0.07430186  0.10558552
  -0.09301912]
 [ 0.27610242  0.19783935  0.10152412  0.03013108  0.48162585  0.33875614
  -0.08570376  0.44612458  0.21983938 -0.14607148  0.26533142  0.1544212
   0.4283035 ]
 [ 0.18058495  0.10307015 -0.24559815  0.41609764  0.5043516   0.30994216
  -0.30623734 -0.30969003  0.24757579 -0.37006894 -0.2720835  -0.0281687
   0.10908761]
 [ 1.3925667   0.17370743 -0.15952256 -0.15234438 -1.6462746   0.08450341
  -0.03236321 -0.21078657  1.4365003   0.1993889   0.2736207   1.8182437
  -0.9018405 ]]
Peso 2:
[-0.3439346  -0.01669419  0.08233202  0.01972826  0.6059453  -0.09468897
  0.05905516  0.02883464 -0.11846104 -0.04640087 -0.0015873  -0.17076364
  0.39041075]
Camada: saida
Peso 1:
[[ 0.6811634  -1.060288  ]
 [ 0.00356892 -0.3348107 ]
 [ 0.24550514  0.64762336]
 [-0.00297493  0.18277484]
 [-1.1715788   1.4449732 ]
 [ 0.08362512 -0.3160704 ]
 [ 0.21878974  0.56653553]
 [ 0.1843183   0.433286  ]
 [ 0.77352184 -1.0093901 ]
 [-0.48441097 -0.32595628]
 [-0.13458592 -0.12893625]
 [ 1.2749821  -1.3223373 ]
 [-0.5627561   0.77081525]]
Peso 2:
[-0.5015961  0.5015964]
