


pesos modelo: 
Test loss: 0.0040, Test accuracy: 1.0000
Camada: meio
Peso 1:
[[-2.38591507e-01  1.43409520e-01  3.08277875e-01 -1.11117989e-01
  -1.77245706e-01  7.23244250e-02  1.85643584e-01  1.25489801e-01
  -3.62980008e-01 -5.84549904e-02]
 [-4.11768764e-01  4.42573577e-01  2.25326926e-01 -3.64508092e-01
   1.48448855e-01 -2.46744841e-01  6.01002574e-03  1.14277601e-02
   4.01971608e-01 -2.32060879e-01]
 [-1.11555398e-01  2.24656314e-01 -7.47905374e-02  3.88269335e-01
   1.13651723e-01  4.60253686e-01  9.45895910e-04 -4.07921016e-01
  -3.47224742e-01 -9.22659636e-02]
 [-9.79421511e-02 -2.10036412e-01 -8.11083615e-02  1.15248203e-01
  -2.38635585e-01  1.00523224e-02  3.45789462e-01 -5.96039817e-02
   1.90308601e-01  4.46368575e-01]
 [ 1.98509514e-01 -3.87748778e-02 -1.12352043e-01  3.43110710e-01
  -1.28477171e-01  1.06581990e-02 -2.61345118e-01  8.58005078e-04
  -2.89457232e-01  1.92592305e-03]
 [ 2.99963266e-01  3.88047367e-01 -8.91882446e-05  1.24702655e-01
  -4.02773678e-01  2.75067508e-01  4.22346778e-02  8.73687416e-02
  -4.78410870e-01  4.01081592e-01]
 [-2.67858077e-02  1.54586166e-01 -3.41458738e-01  5.63864559e-02
  -1.00513443e-01  1.35062984e-03 -1.32661536e-01  4.85235266e-02
  -3.78660858e-02  7.30231330e-02]
 [ 2.15919420e-01 -2.40032941e-01  2.18087837e-01  2.72953808e-01
   2.50234574e-01  3.87867004e-01  2.50093579e-01  2.90256560e-01
   3.31835806e-01  3.06691289e-01]
 [ 2.35690534e-01 -2.49733493e-01 -3.74232978e-01  4.64814723e-01
   2.32158750e-01 -8.67050961e-02 -3.45484018e-01  1.67283595e-01
   9.97176394e-02  2.92281032e-01]
 [ 3.64337236e-01  1.76266849e-01  2.55267829e-01  3.59349638e-01
  -2.54726231e-01  3.46048206e-01 -4.12922859e-01  2.68595666e-01
  -4.60332394e-01 -3.01357388e-01]
 [ 9.01632234e-02 -8.96931216e-02  1.33016691e-01  2.62051791e-01
  -1.72275394e-01  4.36824970e-02 -4.35426444e-01  9.31885373e-03
  -3.94387811e-01 -1.45907119e-01]
 [ 1.33717045e-01  3.68484914e-01 -3.75197440e-01  2.18583390e-01
   2.86401957e-01 -5.47546372e-02 -3.52161944e-01  2.80722082e-01
  -2.96463966e-01 -4.49318796e-01]
 [-2.82116830e-02 -8.82949457e-02 -3.99827987e-01 -1.02337472e-01
   5.50707996e-01  2.96020508e-01 -1.69564709e-01 -2.29343191e-01
  -4.22135472e-01 -7.46960416e-02]
 [ 1.28278807e-01  6.76963180e-02 -7.49631748e-02  2.34832987e-01
   5.45405746e-01 -1.11204661e-01  1.44095257e-01  7.48592988e-02
  -1.86983883e-01 -3.34151298e-01]
 [ 3.36503237e-01  5.36014557e-01 -2.60490954e-01  3.15373361e-01
  -2.19677150e-01  1.25216112e-01 -2.99339890e-01  3.36207926e-01
   3.82959366e-01  8.89724791e-02]
 [ 4.32745963e-01  2.39377007e-01 -2.40269333e-01  4.19597000e-01
  -3.33183795e-01  3.24447125e-01  1.18972480e-01  2.72234827e-01
   1.22113682e-01  9.27353501e-02]
 [ 1.96822250e+00 -7.78065741e-01 -3.73353034e-01 -2.07644773e+00
  -5.37861943e-01 -1.08338821e+00 -4.18283015e-01  3.69717181e-01
   7.90402200e-03 -2.73288369e-01]]
Peso 2:
[-0.02995629  0.41822296 -0.05282323  0.7994466   0.18290474  0.47961074
 -0.08070946 -0.01827329 -0.06007699  0.09425466]
Camada: saida
Peso 1:
[[ 1.4802618  -1.4584924 ]
 [-0.5503074   0.89980793]
 [ 0.17903608 -0.5056381 ]
 [-1.8176018   1.3345913 ]
 [-0.54130256  0.20949742]
 [-1.1936127   0.41032404]
 [-0.06430372 -0.56962657]
 [ 0.20189619 -0.44824156]
 [ 0.42312846 -0.143677  ]
 [ 0.00947576  0.5283147 ]]
Peso 2:
[-0.03140318  0.03140309]



pesos modelo: 
Test loss: 0.0038, Test accuracy: 1.0000
Camada: meio
Peso 1:
[[ 5.7407051e-02  3.6402971e-02 -4.3855426e-01  1.3892850e-01
   2.9643014e-01 -1.9730592e-01  3.2311311e-01 -3.2889485e-02
  -2.6733297e-01  4.6785071e-01]
 [-8.4109038e-02  1.0689327e-01  4.5107165e-01  3.6309609e-01
   1.6135904e-01  5.1963121e-02 -2.7456737e-01 -2.1881598e-01
  -2.1656242e-01  2.3669949e-01]
 [-2.3822489e-01  1.6482589e-01 -4.5130193e-01 -6.7542076e-02
   7.0772558e-02  4.3435314e-01 -4.6659911e-01  1.6139105e-01
  -3.2761759e-01  1.9118157e-01]
 [-3.1569172e-02  9.6739270e-02  9.2530742e-02  3.4608197e-01
  -4.0027374e-01 -1.5063961e-01 -4.0835929e-01  9.9480242e-02
  -4.2080131e-01  5.9360600e-01]
 [-2.8649475e-02 -2.0265947e-01 -4.0384572e-02  1.0564301e-01
   2.1507086e-01 -4.4447109e-01  1.7879808e-01  2.4643516e-02
   6.9750555e-02  1.3096760e-01]
 [ 1.7114390e-01 -5.6061760e-02 -5.0091740e-02 -4.6131313e-01
  -2.2155681e-01  2.5269011e-01 -1.4423135e-01  1.6529242e-02
   1.3385063e-01  1.2682828e-01]
 [-1.8289544e-01 -1.5073809e-01  2.8354958e-02 -4.5612165e-01
  -3.0557925e-01  3.5318226e-01 -1.1682126e-02  4.9290288e-02
  -1.7683388e-01  1.0100000e-01]
 [-6.0593747e-02 -1.2361245e-01  5.6338895e-02  3.9563209e-02
  -2.7852330e-02 -3.8441062e-01  4.1507240e-02  2.2785608e-02
   3.7233293e-02  3.1006464e-01]
 [-5.7777446e-02  1.3947874e-01  3.7942071e-02  1.3393594e-01
  -3.3547053e-01  3.2892715e-02  1.1672446e-01 -2.7553301e-02
   3.2388877e-02  1.5085474e-01]
 [ 2.4585539e-01  8.0584697e-03  6.6650249e-02 -2.9405102e-01
  -5.1984001e-02 -2.5900885e-01 -2.8842142e-01  6.5549500e-02
  -4.3249017e-01  5.1654810e-01]
 [ 2.3223332e-01 -4.6659976e-01 -6.9814767e-03 -1.7416713e-01
  -2.9795444e-02  2.0311722e-01 -1.1679405e-01 -1.1355497e-02
   2.2620350e-01  2.5940895e-01]
 [-1.2639464e-01 -2.5960541e-01  7.6783784e-02  3.1504935e-01
   5.3793430e-02 -2.6096752e-01 -2.4960861e-01  5.2755632e-02
   1.5734254e-01  3.7105823e-01]
 [ 4.9202986e-02 -4.1639283e-02  5.6380257e-02  2.5530553e-01
   2.1472973e-01  1.6446942e-01 -3.1640157e-01  7.5388119e-02
  -3.3285883e-01  5.0616831e-01]
 [ 1.6595623e-01  2.7726492e-01  4.9163811e-02  2.0953724e-01
  -4.3136891e-02 -2.8597599e-01 -2.0667198e-01 -1.9574301e-02
  -4.4508672e-01  3.1096247e-01]
 [-2.2149868e-01 -6.4780139e-03  1.0376477e-01 -2.4741757e-01
  -3.0422866e-01 -5.4696634e-02 -3.3602115e-02  4.7293451e-02
  -2.7643588e-01  3.3331913e-01]
 [-3.9363921e-02  8.8291783e-03  2.0596110e-03  1.3128845e-01
  -3.8686648e-01 -7.1730763e-02  1.8576078e-01 -3.7862666e-02
  -3.1199428e-01  1.0333588e-01]
 [ 1.0953470e+00 -1.2962474e-02  2.1052740e+00  3.2967278e-01
  -4.2818382e-01 -8.0829106e-02 -8.0736354e-02  2.1423762e+00
   2.2508465e-01 -6.8467969e-01]]
Peso 2:
[ 0.04312069 -0.13533837 -0.14896657 -0.14931418 -0.07746354 -0.04244917
 -0.10425904 -0.10301637 -0.0378045   0.7657699 ]
Camada: saida
Peso 1:
[[ 0.6006854  -0.8874049 ]
 [ 0.12383557 -0.26818463]
 [ 1.6086657  -1.2189007 ]
 [-0.0361337  -0.5881074 ]
 [ 0.35837582 -0.6691494 ]
 [-0.5283673  -0.5412962 ]
 [ 0.62171954  0.2007339 ]
 [ 1.6592276  -1.1214913 ]
 [ 0.13375248 -0.65008175]
 [-1.1334438   0.8388454 ]]
Peso 2:
[-1.2864617  1.2864614]



pesos modelo: 
Test loss: 0.0010, Test accuracy: 1.0000
Camada: meio
Peso 1:
[[ 0.45650974 -0.422889   -0.12601402 -0.4220128  -0.06257322  0.0709919
   0.25071868  0.31912032 -0.14567333  0.35605064]
 [-0.46651134 -0.10035682  0.34617332 -0.38321936 -0.16425514 -0.09316567
   0.1768637  -0.21341005 -0.23846272  0.47050574]
 [-0.00267738 -0.27043068  0.20446953 -0.4608523   0.06901291 -0.02575913
   0.04866174 -0.14725605  0.07762024 -0.28027016]
 [ 0.14398876 -0.24756664 -0.1373245  -0.21687697  0.07114267  0.13177723
   0.06508247 -0.34077507  0.44995925  0.06005697]
 [ 0.02601865 -0.2256866   0.20807499  0.04950126  0.19306627  0.06817109
  -0.3186867   0.36270687  0.0613397   0.23375167]
 [ 0.00299823 -0.390066    0.31502306  0.07033436  0.13995904  0.06866641
  -0.37813446  0.10936394 -0.17038642 -0.45330587]
 [ 0.22434714  0.42409194 -0.27110422  0.01746117  0.16933095  0.05145299
  -0.09579001 -0.04360785  0.36082664 -0.41846845]
 [ 0.39308065 -0.16345218  0.15017888 -0.3429317   0.366698    0.42611897
  -0.2410505   0.19889435 -0.29188702  0.01059895]
 [ 0.06748556 -0.14436577  0.5739077  -0.00253382 -0.05362488  0.17740831
   0.3062845   0.12255412  0.4326525  -0.3996688 ]
 [ 0.19553399  0.39946067 -0.23554076  0.10851771 -0.21367149 -0.12990136
  -0.15164818 -0.00732095 -0.35450733  0.35624784]
 [ 0.15802093  0.3754468  -0.17593189 -0.36414275  0.1243176  -0.06315712
   0.36305752  0.25248978  0.25597638  0.03866353]
 [ 0.29062217  0.43368044  0.46469212  0.1706501   0.00821212  0.18668473
   0.22185245 -0.33288363 -0.44387692  0.13319233]
 [ 0.2946066  -0.46667454 -0.0918557   0.10925325  0.0226065   0.21263218
   0.41021752 -0.25267008  0.47000274  0.2808567 ]
 [ 0.22308251  0.05159285  0.5253726  -0.31706288  0.18213138  0.34292972
   0.2998888   0.28354234  0.06335467  0.13512523]
 [ 0.40509167  0.28318357  0.03931163  0.18079652 -0.02635303  0.0740711
   0.3926899   0.01108149 -0.14607513 -0.28384143]
 [ 0.29028916 -0.13331364  0.4217672   0.44074008 -0.03711596  0.22349218
   0.28681573  0.22131579  0.26192573  0.05892676]
 [-1.8929487   0.07529771 -0.912656    0.61705804 -0.45357883  2.1176755
   0.7922269   0.45241177 -0.292117   -0.1423641 ]]
Peso 2:
[ 0.8753026  -0.05237785  0.44389117  0.09094446  0.13376665 -0.20258355
  0.00248103  0.012731    0.12580274  0.00462146]
Camada: saida
Peso 1:
[[-1.5872294   1.583909  ]
 [ 0.3579068   0.01240647]
 [-0.8788831   0.613     ]
 [ 0.6600702  -0.06459855]
 [-0.4851672   0.08773626]
 [ 1.6527476  -1.3843759 ]
 [ 0.97008944  0.10522712]
 [ 0.5962495   0.13678846]
 [-0.6168432   0.20666088]
 [-0.48457003  0.09568261]]
Peso 2:
[-0.19874153  0.19874139]



pesos modelo: 
Test loss: 0.0016, Test accuracy: 1.0000
Camada: meio
Peso 1:
[[ 4.95224297e-02 -2.39414439e-01  2.57029027e-01  5.85453212e-02
  -1.23143077e-01  3.39536697e-01 -1.13146186e-01  3.04517180e-01
   1.48620039e-01  3.30989093e-01]
 [-3.78968060e-01 -1.40912414e-01  5.81500828e-02 -4.16919112e-01
  -1.37202829e-01 -3.83647144e-01 -3.22001576e-01  3.75241965e-01
  -7.19211698e-02 -1.15697384e-01]
 [ 6.33951724e-02 -1.36004061e-01 -7.41295516e-02 -1.81795985e-01
   1.82116181e-01  4.69418555e-01  4.61388618e-01 -2.36736715e-01
  -3.62808943e-01  2.67343074e-01]
 [-1.63609274e-02 -1.52122244e-01  2.69378200e-02  2.18444958e-01
  -9.63225588e-02 -2.47458622e-01  1.01045288e-01  2.56119877e-01
  -1.88092396e-01 -5.84312193e-02]
 [-2.53547490e-01 -1.28967479e-01 -4.52030063e-01  2.44420528e-01
   2.67980341e-02 -3.22856039e-01  1.63758680e-01  1.46624640e-01
  -1.77531943e-01  1.19208662e-05]
 [ 1.61323562e-01 -2.38557070e-01  3.70886147e-01  9.52045918e-02
   4.17743355e-01  5.14003754e-01  1.80324167e-01 -3.16465020e-01
  -6.58986941e-02 -1.76561639e-01]
 [ 3.31241012e-01  3.93255562e-01  2.23263964e-01  1.06819727e-01
  -2.47809052e-01  1.66527063e-01  4.44831073e-01 -3.18273664e-01
  -3.76474336e-02  3.21506411e-01]
 [ 2.78992534e-01 -1.11211777e-01  1.52487427e-01 -1.35526702e-01
   1.96924936e-02 -1.48524314e-01  2.68150151e-01  2.57798165e-01
   1.13135260e-02  2.79386580e-01]
 [-3.19510251e-02  2.38911122e-01  1.24332622e-01 -4.46221024e-01
  -8.13586935e-02  2.34802812e-01  8.54919180e-02 -1.69946373e-01
   3.92728269e-01  8.80322754e-02]
 [-4.36812162e-01 -4.05018508e-01 -2.01157570e-01 -3.78437757e-01
   2.67237071e-02  5.74567467e-02  2.56064475e-01 -1.39903367e-01
   1.89843401e-01  1.76664129e-01]
 [-2.78489649e-01  2.42009327e-01  3.33675355e-01 -6.09423816e-02
  -9.05701367e-04  2.56050825e-01  2.02582359e-01 -1.15375027e-01
   5.53518295e-01  3.61167192e-01]
 [ 1.51748508e-01 -2.32336938e-01  2.02200219e-01 -2.88462996e-01
  -2.86521047e-01  4.44696546e-01  1.35581627e-01 -4.23746020e-01
   4.94589955e-01  1.33768946e-01]
 [-2.26025656e-01  2.66215811e-03 -7.16115236e-02  5.04382476e-02
   3.84816080e-02  1.77081510e-01  5.64367473e-02  4.89663817e-02
   4.08125043e-01  7.91617706e-02]
 [ 2.60939568e-01 -4.59122419e-01  3.77792448e-01  3.06704342e-01
   4.29845810e-01  1.26397982e-01  1.69209108e-01 -2.15523273e-01
  -5.82568757e-02  5.42639792e-02]
 [-2.66913176e-01  9.59311798e-02  4.16078866e-01 -3.24191123e-01
  -3.99541408e-01  7.05401748e-02  2.80902773e-01  3.32353085e-01
   2.13673830e-01  3.06322992e-01]
 [-3.79051715e-02 -4.08585131e-01  3.25113498e-02 -1.28867820e-01
  -3.32296073e-01 -7.44727906e-03  3.05142224e-01  2.47849405e-01
   3.81469637e-01  4.17834282e-01]
 [ 1.55110076e-01  4.94181998e-02 -2.78590292e-01 -2.49401227e-01
  -2.70288348e-01  8.82997811e-01 -1.98458230e+00 -2.06215680e-02
  -1.15491974e+00  1.97298205e+00]]
Peso 2:
[-8.4236830e-02 -8.6387148e-04  2.2550210e-02  3.5120293e-02
 -2.0845450e-02  4.7982626e-02  8.8462460e-01 -4.8033604e-03
  4.8777422e-01 -1.1859910e-01]
Camada: saida
Peso 1:
[[ 0.2517491   0.45279017]
 [-0.39627925 -0.31795418]
 [ 0.06246163  0.47915182]
 [-0.10273089  0.13995463]
 [-0.20112705 -0.2555881 ]
 [ 0.31558794 -0.9131807 ]
 [-1.6528548   1.7052472 ]
 [-0.5509923  -0.05572258]
 [-1.3356183   0.4891456 ]
 [ 1.4077394  -1.4025711 ]]
Peso 2:
[-0.06886216  0.06886198]



pesos modelo: 
Test loss: 0.0020, Test accuracy: 1.0000
Camada: meio
Peso 1:
[[ 2.46722102e-02 -7.64440298e-02 -2.30540901e-01 -3.98549497e-01
   1.60886675e-01  2.94833481e-02 -2.10490912e-01 -8.05905163e-02
   3.14489335e-01  4.48000640e-01]
 [ 3.34417731e-01 -4.23095584e-01  3.53840679e-01  2.22658664e-01
  -4.83813286e-02  2.73231953e-01 -2.38431469e-01 -5.13765216e-03
  -4.70828742e-01  3.90101820e-01]
 [-5.86132407e-02  1.02831572e-01 -2.06983179e-01 -1.51764721e-01
   2.10418195e-01  4.53667134e-01 -2.15232939e-01  4.45091873e-01
  -2.56548762e-01 -1.61572248e-01]
 [ 2.10500613e-01  9.52072348e-03 -4.02885169e-01 -2.85799474e-01
  -1.65288538e-01  1.50087029e-01  4.57343251e-01  2.23550901e-01
   1.94910467e-01  2.20519304e-01]
 [-1.50014162e-01  1.21928893e-01  6.04431145e-02 -3.53549063e-01
  -5.34978621e-02  3.82598609e-01  5.38304329e-01 -4.69721287e-01
   2.00558573e-01 -2.05720648e-01]
 [-2.46749580e-01  2.25016102e-01  3.86447489e-01 -6.29157051e-02
   7.86363985e-03 -1.18553214e-01  3.52409661e-01 -4.54788655e-01
  -2.02411368e-01 -1.17001720e-01]
 [ 2.92057633e-01  4.04227972e-02  4.75122392e-01  1.02843263e-03
   4.65198271e-02 -1.87587496e-02  2.83711255e-01  2.75314063e-01
  -1.46680012e-01 -2.70605415e-01]
 [-1.96613669e-01  2.89623499e-01  3.25800508e-01 -2.30557412e-01
   7.94562101e-02 -3.50554407e-01  5.20191312e-01 -3.70426387e-01
  -3.99594009e-02 -4.29196835e-01]
 [ 1.43945366e-01 -1.37146411e-03  2.92004377e-01  9.64851677e-02
   4.47678156e-02  5.87519305e-03  2.50191718e-01  2.49467716e-02
   1.20497406e-01  1.28591970e-01]
 [-1.23071641e-01  7.70619363e-02  3.38782132e-01  1.15610864e-02
   1.77366287e-01 -1.74353004e-01  3.23573977e-01  2.49438092e-01
   2.20939666e-01 -1.47221357e-01]
 [-6.64149225e-02 -7.01703206e-02 -3.82319957e-01  1.01848595e-01
  -4.66289550e-01 -2.79750705e-01  8.02802946e-03 -1.96606576e-01
   1.01620071e-01  8.63513127e-02]
 [ 3.16672325e-02  1.91108480e-01  2.49027774e-01 -4.20294613e-01
   3.47442120e-01 -1.27196223e-01  4.03855890e-01  1.08206287e-01
  -1.57855734e-01 -2.46803865e-01]
 [ 2.07856044e-01  1.44173786e-01 -2.29254663e-01 -8.33691880e-02
   1.42934099e-01  3.85123372e-01  6.82982862e-01 -4.28647935e-01
   1.32455394e-01 -1.79775491e-01]
 [ 1.86635312e-02  1.62644893e-01 -3.40506762e-01  2.15439662e-01
  -3.40340495e-01  2.70124257e-01  4.39439893e-01 -3.68935138e-01
  -8.01682621e-02  1.11023277e-01]
 [ 2.48690829e-01 -8.88928548e-02 -3.99837464e-01 -2.46084034e-01
   2.57129103e-01  2.36001298e-01  2.99944699e-01  6.01913547e-03
   9.86566320e-02  4.58172150e-02]
 [ 2.86251009e-01  5.68014057e-03 -4.51876819e-01  1.98903918e-01
  -5.21088541e-01 -6.17420226e-02  4.84119564e-01 -1.06140845e-01
   1.94357172e-01 -1.06850788e-01]
 [ 9.58121717e-01  2.74831367e+00 -4.65565979e-01 -5.76177761e-02
  -1.40625119e-01  6.71786606e-01 -9.79419053e-01 -3.60328436e-01
   1.10996151e+00 -2.03589484e-01]]
Peso 2:
[-0.14838706 -0.24185468  0.05808632 -0.30773962 -0.13984089  0.00121585
  0.72245604 -0.27745694 -0.17382053 -0.1133087 ]
Camada: saida
Peso 1:
[[ 0.9240111  -0.16641435]
 [ 2.1904607  -1.4829217 ]
 [ 0.10654155  0.4706102 ]
 [ 0.48233926 -0.5211079 ]
 [ 0.21219099  0.2023522 ]
 [-0.18187322 -0.7901896 ]
 [-0.829172    1.4578135 ]
 [ 0.13592978 -0.4925606 ]
 [ 0.5408647  -0.7715142 ]
 [-0.0848849  -0.3397381 ]]
Peso 2:
[-0.79776347  0.7977633 ]



pesos modelo: 
Test loss: 0.0013, Test accuracy: 1.0000
Camada: meio
Peso 1:
[[-3.80715966e-01 -3.38768065e-01 -1.20171010e-01 -2.39076480e-01
   1.51204675e-01 -4.34179872e-01 -1.96695298e-01  3.06860775e-01
   2.88800329e-01 -3.40205073e-01]
 [ 3.67430955e-01 -3.06782871e-01  5.50031662e-04 -1.46070540e-01
   9.70952213e-02  4.36294824e-01 -4.51260209e-02 -3.44245017e-01
  -3.91937822e-01 -4.09448534e-01]
 [-3.15579772e-01  2.38454193e-01 -3.78950298e-01 -3.82370949e-02
   2.51982540e-01 -3.46106887e-01 -3.46675128e-01  4.09785718e-01
  -3.15746427e-01 -1.90888345e-01]
 [ 2.81589210e-01 -5.91218136e-02  5.83274722e-01 -1.58722699e-02
   1.70985088e-01  3.18511784e-01 -2.44883344e-01  2.58355916e-01
   2.98173547e-01 -4.61727500e-01]
 [ 4.58231330e-01  1.36405319e-01  5.26435673e-01  1.21895187e-01
  -1.11784853e-01  3.42994153e-01  1.71621829e-01 -1.36987701e-01
   6.83446974e-02 -1.27819717e-01]
 [ 4.82112795e-01 -5.39532602e-02 -2.91196942e-01  6.09923862e-02
   9.19547081e-02 -1.51595056e-01 -8.76564234e-02  4.20980304e-01
   1.72827840e-01  3.15744132e-01]
 [-3.13003182e-01 -6.79968223e-02  1.11548826e-01 -9.01274756e-02
  -1.62288338e-01  3.81183475e-01  6.01024330e-02  5.85513115e-01
   2.58009821e-01 -9.00950581e-02]
 [-1.37373373e-01 -2.25498304e-01 -1.03235632e-01  9.98430103e-02
   1.79840252e-01 -2.88319260e-01 -3.55778784e-01  5.59955239e-01
   4.51298468e-02 -2.27698639e-01]
 [-2.55326957e-01 -2.93257944e-02  4.09121141e-02 -1.75977051e-01
   1.70112118e-01  2.60895967e-01  4.35533017e-01  1.52429134e-01
  -1.87617704e-01 -1.15524374e-01]
 [ 4.24793541e-01  3.70701551e-01 -6.61371201e-02  1.13759831e-01
  -3.08837835e-02 -1.31921470e-01  4.36359234e-02  4.62190479e-01
   1.10920265e-01 -1.23547334e-02]
 [ 5.72639525e-01  3.07889521e-01  7.97566772e-02  1.00987025e-01
  -1.72388390e-01 -1.33953393e-01  7.36228898e-02 -2.06898991e-02
   8.04805011e-02 -3.92471522e-01]
 [ 4.95613664e-01 -1.97517455e-01  7.79904276e-02  1.95135146e-01
   1.83664367e-01  1.73253380e-02 -3.08476388e-01  5.52797556e-01
   2.73315370e-01 -8.46475959e-02]
 [-1.49825826e-01 -1.85611472e-01 -1.59818366e-01 -1.79060232e-02
   1.51238829e-01 -2.12294310e-01 -2.99389392e-01  2.60127902e-01
  -1.02566689e-01 -2.27062657e-01]
 [-2.36120820e-01 -4.88880686e-02  5.88864625e-01  1.20734558e-01
   4.92394380e-02  1.18672244e-01 -3.45736533e-01 -1.25390902e-01
  -1.25097573e-01 -6.91875294e-02]
 [-1.29116714e-01  1.80085286e-01  4.20137197e-01  1.47185130e-02
   1.32953718e-01  2.66234249e-01  1.70694277e-01  3.63519460e-01
  -7.26046320e-03  4.35171247e-01]
 [ 4.03825551e-01  5.63958809e-02  1.18034281e-01  7.90668130e-02
  -4.90173139e-02 -1.35360226e-01  1.40346885e-01 -7.45874718e-02
   3.68721746e-02  4.82056648e-01]
 [-4.19626772e-01  9.10816312e-01 -5.70533097e-01  1.92211449e+00
   1.23428154e+00  9.15021956e-01 -6.08711503e-02 -8.19707155e-01
   1.65657353e+00  1.47150625e-02]]
Peso 2:
[ 0.41789645  0.04321989  0.49225402 -0.11343121 -0.12189999 -0.04056073
  0.05107304  0.5788546  -0.16572985  0.05787728]
Camada: saida
Peso 1:
[[-1.0577267   0.17508976]
 [ 0.77860826 -0.54379076]
 [-0.7137597   0.91733843]
 [ 1.5593407  -0.8704581 ]
 [ 0.7102927  -0.9886356 ]
 [ 0.6552474  -0.43408817]
 [-0.3952206  -0.13597439]
 [-0.74861264  0.9627887 ]
 [ 1.3383014  -0.8923625 ]
 [-0.43100414  0.11187386]]
Peso 2:
[-0.7969859   0.79698616]



pesos modelo: 
Test loss: 0.0039, Test accuracy: 1.0000
Camada: meio
Peso 1:
[[ 2.78117627e-01  1.10817879e-01  1.85970753e-01 -1.51439369e-01
   5.11841476e-02 -6.21444583e-02  3.56808931e-01 -4.01869982e-01
  -3.06580454e-01 -7.42455423e-02]
 [-1.93620831e-01  1.84483141e-01 -5.34493923e-02 -5.90916872e-02
  -4.37421113e-01  3.86275083e-01  1.71377957e-02  4.50764924e-01
  -3.62438381e-01  1.63529009e-01]
 [ 2.65627295e-01  2.78557152e-01  3.73812765e-01 -1.84544653e-01
  -3.90941799e-02  1.97719544e-01  4.34697002e-01 -4.45129395e-01
  -6.30458295e-02 -3.89011145e-01]
 [-2.55565029e-02 -1.09879978e-01  2.08001480e-01 -4.18495804e-01
  -1.96037114e-01  1.11480512e-01 -2.40453959e-01  4.64848708e-04
  -8.57290477e-02 -4.05882448e-01]
 [-3.36060934e-02 -3.57177883e-01  8.30465034e-02  2.52125025e-01
   2.00289264e-01 -2.46468931e-01 -1.61397308e-01 -8.88452632e-05
  -3.96569967e-01 -4.17964637e-01]
 [-4.23083045e-02 -4.61135715e-01 -4.00839224e-02  1.89413667e-01
  -2.87476312e-02 -3.30493599e-01  3.90332758e-01 -2.12133702e-04
   6.27493709e-02 -2.16932520e-01]
 [ 3.63842100e-02  1.52631477e-01 -2.59590983e-01 -9.43073332e-02
  -4.57561046e-01  3.27976972e-01  3.81968170e-01  5.78998937e-04
   3.01662058e-01  1.78621054e-01]
 [ 3.71734202e-02 -3.45416933e-01 -2.33290687e-01  1.67178974e-01
   8.51260424e-02  5.12326777e-01 -1.55758485e-01  2.18939691e-04
  -1.38762519e-01 -3.27413499e-01]
 [ 3.54997022e-03 -7.81554580e-02 -5.65101728e-02 -4.52002168e-01
   1.45275608e-01  4.67166230e-02 -1.12647764e-01 -2.83377412e-05
  -2.76753634e-01 -3.85006547e-01]
 [ 5.28848357e-02  2.12069258e-01 -5.86956553e-03 -2.89524198e-01
  -1.39227092e-01 -1.18688926e-01 -3.66752028e-01 -2.24625510e-05
  -2.74927765e-01 -2.66125351e-01]
 [ 7.17959404e-02 -1.44030467e-01 -3.60956490e-01 -3.14064175e-01
  -3.92146349e-01  6.03557527e-01  3.05782855e-01  3.68321576e-04
  -3.76795046e-02 -5.61200753e-02]
 [ 6.65961429e-02  3.12119052e-02 -2.79358685e-01  3.21483999e-01
   1.95886970e-01  1.57966837e-01  7.26037920e-02  1.88899081e-04
  -3.73411804e-01  3.27738076e-01]
 [ 6.92626312e-02  3.35774496e-02 -1.15609966e-01 -3.27965826e-01
  -4.61736500e-01  9.71229598e-02  3.57195228e-01 -1.15446644e-04
   2.44362459e-01 -2.42323816e-01]
 [ 7.47194663e-02 -2.28725776e-01  2.99605697e-01 -1.75628066e-02
  -2.98557997e-01  1.96478501e-01  2.46959180e-01  3.50139308e-04
   1.82386085e-01  2.83245612e-02]
 [-3.70556526e-02 -3.82177792e-02  1.38127208e-01 -5.60575798e-02
  -3.79505664e-01  1.67115360e-01 -1.45182207e-01  1.47807921e-04
   3.01582217e-02 -1.79390773e-01]
 [-7.48873204e-02  2.77154535e-01 -2.03514233e-01 -1.52796015e-01
  -1.94388717e-01 -3.28989774e-02 -3.34855497e-01  3.09702300e-05
  -1.03310004e-01  2.92046607e-01]
 [ 1.51510286e+00  3.30478400e-01  2.31061891e-01 -3.08987260e-01
   6.18355907e-02 -1.07833505e-01  3.09054941e-01  2.79935503e+00
   1.84543699e-01  1.63226232e-01]]
Peso 2:
[-1.5591933e-01 -2.4070498e-02 -1.8976317e-01 -5.2650213e-02
 -3.0846654e-03  2.8904510e-01  7.4369749e-03 -2.1817825e-04
 -8.7940231e-02 -2.4913492e-02]
Camada: saida
Peso 1:
[[ 1.3893846  -0.33762848]
 [-0.11599975 -0.11807968]
 [ 0.3900986  -0.12462814]
 [ 0.5607718   0.526143  ]
 [ 0.07386317  0.6503986 ]
 [-0.19882603  0.5915715 ]
 [-0.28575352 -0.05533736]
 [ 1.7018896  -2.0152814 ]
 [ 0.1032974   0.36791316]
 [-0.10664296 -0.44227722]]
Peso 2:
[-2.4133892  2.4133894]



pesos modelo: 
Test loss: 0.0117, Test accuracy: 0.9999
Camada: meio
Peso 1:
[[-0.22112495  0.2097716   0.09013763  0.34954777 -0.27372593  0.0991284
   0.06209937 -0.12078691 -0.32056588 -0.24109796]
 [-0.2739571   0.28955582 -0.08069098  0.3169761  -0.06096277 -0.21419558
  -0.2634524  -0.4441272   0.30209544 -0.05194852]
 [ 0.35166487 -0.19959489  0.21630809  0.4518793   0.43458393 -0.42305118
  -0.11650681  0.12255886 -0.4453516   0.32197323]
 [ 0.2911837   0.2934592   0.14660957 -0.04074105  0.05123727  0.5179542
   0.0721355  -0.09536366 -0.40403306 -0.4001395 ]
 [-0.26506877  0.09457499 -0.11033381  0.21804167  0.3354096   0.05121252
   0.33337158  0.12186567  0.1753467  -0.33620057]
 [ 0.2653311   0.02346059  0.04116267 -0.21923965  0.38948002 -0.00422775
   0.18842067  0.02227602  0.24285597  0.47795334]
 [ 0.43911114 -0.45043808  0.00265578  0.2000411  -0.35810015  0.06896091
  -0.3410717   0.16129197  0.3753322  -0.07234841]
 [-0.42987746 -0.08982746  0.19328885  0.25350827 -0.06426948  0.44987333
  -0.1812013   0.37382272 -0.3823845  -0.00963963]
 [-0.34144497  0.21152484  0.11366728  0.35927352 -0.27516708  0.48399925
  -0.45564336  0.21317148 -0.4001811   0.3053688 ]
 [-0.3910003  -0.4583495   0.22768655 -0.2530171  -0.4382112   0.10704181
   0.08995167  0.45629126 -0.19532786  0.02169566]
 [ 0.22392844 -0.19016704 -0.02959741  0.38341555  0.31336167  0.08809629
  -0.4320395   0.477941   -0.12048706  0.08364531]
 [-0.42394555 -0.33919805  0.17462115 -0.30657682 -0.16068895  0.22834833
  -0.41339085 -0.241168    0.48915315  0.42877278]
 [-0.13453811 -0.03177552  0.17466319  0.2517894   0.41055754  0.4750687
   0.15880303 -0.02794286  0.35587725  0.32607934]
 [-0.39387068  0.24900262 -0.03562301  0.16181485  0.23229766  0.16085532
  -0.42865452 -0.21653959  0.37965983  0.01658629]
 [ 0.20364654 -0.17151663  0.04188214  0.01982467 -0.15608087  0.43144485
  -0.19475004 -0.11510859 -0.2773962   0.2200697 ]
 [ 0.00403527 -0.32887423  0.19711182  0.05081409  0.18566081  0.37793332
   0.25629866  0.3532824  -0.1143566  -0.30957448]
 [-0.01771281  0.15238553  2.352876    1.3332373   0.08440545 -1.6454833
   0.19898617 -0.7882842  -0.13835481  0.06035875]]
Peso 2:
[ 0.01781514  0.00358997 -0.22297776 -0.02600347 -0.00459903  0.6651408
 -0.02728473  0.5308831   0.20186533  0.01477838]
Camada: saida
Peso 1:
[[ 0.26082125  0.4093736 ]
 [ 0.0256119  -0.12326515]
 [ 1.7632073  -1.5089232 ]
 [ 0.99651    -0.61934245]
 [-0.2295821  -0.2257237 ]
 [-1.6104707   0.9932361 ]
 [ 0.308654    0.49600667]
 [-0.76053476  0.77093035]
 [-0.24787094  0.7091676 ]
 [-0.33195975 -0.17308052]]
Peso 2:
[-0.37591434  0.37591314]



pesos modelo: 
Test loss: 0.0035, Test accuracy: 1.0000
Camada: meio
Peso 1:
[[ 0.22807547  0.42888108  0.07313773  0.22851023  0.44781587  0.0732927
  -0.33224922 -0.00701514  0.18966183 -0.32355785]
 [ 0.24494043  0.1913921  -0.41531807  0.39302465 -0.3018138  -0.32709616
  -0.46477026 -0.15097788 -0.396167    0.29591438]
 [ 0.19788799 -0.22548935 -0.05773118  0.10460016 -0.2193948  -0.33809853
  -0.3180808   0.29820368  0.36795202 -0.37536016]
 [-0.13787097 -0.38060397 -0.20810485  0.18228303  0.11723656  0.30249336
   0.26703343  0.44233745  0.07659443  0.1451949 ]
 [ 0.03764715 -0.45884717  0.45091146  0.30249146 -0.09476299  0.03006005
  -0.17968903 -0.2991721   0.01244038  0.32687166]
 [ 0.27064458 -0.02719333 -0.25356427 -0.01337216  0.44050455 -0.167042
  -0.01500665 -0.17033882  0.10854815  0.25813243]
 [-0.2923851  -0.01739034  0.44407156  0.23307243 -0.34470078 -0.32319394
  -0.23764     0.0527637   0.10258777  0.31512296]
 [ 0.41122448  0.08567832  0.05639679  0.51049256 -0.08802871  0.05856492
   0.14536835 -0.44951922  0.06804263 -0.18744388]
 [-0.19760883  0.18646972 -0.27124065 -0.04705419 -0.17596304 -0.41752052
   0.10087815  0.49432042  0.12581627  0.16520728]
 [ 0.1114306   0.18638921  0.00305674  0.33781436  0.34852222  0.4320619
   0.24370588 -0.18889636 -0.00946937 -0.14665703]
 [ 0.17819339 -0.15314463  0.25849932  0.17427553 -0.04842906 -0.0567851
   0.04310688 -0.30541942 -0.01006344  0.31187278]
 [ 0.04005187 -0.07762889 -0.15626675  0.1727878  -0.12801665  0.26870245
   0.0261174  -0.18386629  0.07905061  0.3766424 ]
 [ 0.46409258 -0.08088253  0.02966839  0.23184362  0.2597448   0.21050435
  -0.33520067 -0.46546516  0.09128381  0.3723484 ]
 [-0.22898172  0.3888009  -0.10643429  0.33368456  0.06737956  0.22571202
   0.3595821   0.46568733  0.20021306 -0.04941938]
 [ 0.06151304 -0.24997757  0.34275365  0.5180755   0.34352636  0.20882726
   0.16939646  0.2438315   0.03839581 -0.23067494]
 [ 0.22247581  0.17464782  0.0718905   0.46387786  0.17817381  0.18712445
  -0.2905354   0.285341    0.05626572 -0.40859348]
 [ 0.39891893  0.06865746  1.1378993  -1.6685518  -0.33781323  0.49353784
   0.59640324 -0.11704752  2.3544474  -0.35076302]]
Peso 2:
[-0.07478547  0.00949034  0.05473292  0.8446698   0.08408724 -0.13369076
  0.03713585  0.08587817 -0.22846778  0.26415306]
Camada: saida
Peso 1:
[[ 0.4320342  -0.11418584]
 [ 0.3445538   0.47888535]
 [ 0.8011407  -0.577325  ]
 [-1.2816399   1.5184999 ]
 [-0.56385416  0.27104223]
 [ 0.59808666 -0.5238784 ]
 [ 0.3037998  -0.22486123]
 [-0.50482357 -0.09260996]
 [ 1.6262428  -1.5824894 ]
 [-0.5055725   0.58609706]]
Peso 2:
[-0.4567245   0.45672417]



pesos modelo: 
Test loss: 0.0032, Test accuracy: 1.0000
Camada: meio
Peso 1:
[[-0.10164517 -0.15685123 -0.28270847 -0.0476647  -0.44596872  0.1486722
  -0.10097048  0.27797195 -0.22675173 -0.42515054]
 [ 0.25487503  0.02350536  0.23339698  0.4612287   0.18208763 -0.017858
  -0.05416858  0.35410908  0.13804576  0.11308458]
 [-0.28814745 -0.07038176  0.33989903 -0.30301327 -0.37678888  0.00681499
   0.20500955  0.09674421 -0.33790365  0.36133662]
 [-0.1873591   0.28194842 -0.34513217 -0.4026554  -0.03380169  0.634541
  -0.16141404  0.08832386  0.27778405 -0.08487879]
 [-0.3504037  -0.05545679  0.25842083 -0.04914294  0.25633606  0.19692828
  -0.16235544  0.01955208  0.05063469  0.23298447]
 [-0.4718765  -0.04281493 -0.15142635 -0.16693519  0.08066865  0.2668822
  -0.3431757   0.04283724 -0.19819424 -0.38164732]
 [ 0.05556649  0.25020313 -0.01981323  0.20068964 -0.08111145  0.6490202
   0.05428585  0.09937067 -0.01587323 -0.01403996]
 [-0.22992504 -0.17355467 -0.00764929 -0.1955312  -0.07032802 -0.04991604
  -0.12962808 -0.02813078  0.15624572 -0.22595039]
 [ 0.3936977  -0.08137708 -0.4431084   0.2925035  -0.25394925 -0.0222907
   0.14443018 -0.02384314 -0.15843491 -0.01523856]
 [ 0.07586034  0.12131938  0.01034692  0.02237269 -0.38175914  0.30422932
  -0.23573098  0.03020416 -0.22692432 -0.22892816]
 [-0.4038269  -0.00975908  0.27701145 -0.4506739   0.26290914  0.23483083
   0.1262382   0.02793113 -0.1314017   0.10084642]
 [ 0.1451908  -0.18954296 -0.33629227 -0.30706033  0.0672813   0.26785383
  -0.3768982   0.06944287 -0.25843054  0.22142653]
 [-0.04298325  0.14434913  0.09830147 -0.4674952   0.08339947  0.52771705
   0.14537294  0.08207127  0.17737989 -0.11743439]
 [-0.01367112  0.25845158  0.021865   -0.24432406 -0.48502415  0.48244295
  -0.34274125  0.06436044  0.03575485 -0.21962272]
 [-0.05904562  0.05997826 -0.3006885  -0.23320277 -0.41571906  0.18301609
  -0.2603708  -0.01113885  0.3531895   0.05217695]
 [-0.18089229  0.24276231 -0.32975012  0.22193348 -0.04961989  0.51605886
  -0.24805003  0.05853868  0.04876766  0.2631179 ]
 [-0.20392989  1.0958632   0.20457873 -0.410267   -0.09698094 -0.7454961
   0.47025597  2.997979    0.23185489  0.10672859]]
Peso 2:
[-0.06394291 -0.17459628 -0.02962096 -0.05693305 -0.2629259   0.7759214
  0.0056763  -0.1489975  -0.11456865 -0.02186857]
Camada: saida
Peso 1:
[[ 0.3903019   0.21461399]
 [-0.02761441 -1.2400206 ]
 [ 0.19753239 -0.67506576]
 [ 0.28344005 -0.04031827]
 [ 0.30238718 -0.3047501 ]
 [-0.9843963   1.0313455 ]
 [-0.00363672 -0.08009236]
 [ 1.4228803  -2.607252  ]
 [ 0.3494393   0.20198084]
 [ 0.39108285  0.47666076]]
Peso 2:
[-1.05812    1.0581192]



pesos modelo: 
Test loss: 0.0045, Test accuracy: 1.0000
Camada: meio
Peso 1:
[[-3.6697710e-01  6.3528985e-02 -1.6589236e-01  4.0402740e-02
  -1.0230321e-01  4.1897801e-01 -4.5587593e-01  8.5503489e-02
   2.5890729e-01 -2.2412537e-01]
 [-7.8237355e-02 -2.5404277e-01  3.0259123e-01  2.8550276e-01
   2.6105645e-01  9.6598655e-02  3.4866133e-01 -2.3024577e-01
   4.4730082e-01  3.6650100e-01]
 [-3.4271142e-01  2.6694924e-02 -1.5571415e-02  1.3259760e-01
  -8.1259131e-02 -3.5019088e-01  4.6637312e-01  4.0905496e-01
  -3.0807480e-01  3.5334781e-01]
 [ 6.0348153e-02  7.4164324e-02  1.5114871e-01 -3.6223873e-03
  -5.0708912e-02 -1.4606199e-03  2.6785216e-01  3.7213996e-02
  -2.4432677e-01  1.3657652e-01]
 [-4.0379390e-01  1.3785492e-01  1.0332285e-01  1.1747678e-02
   5.5436337e-01  4.6273600e-03  1.3709114e-01  9.9328101e-02
  -1.9393595e-01 -2.6997662e-01]
 [-2.1623574e-01  7.9432392e-04 -1.1556137e-02  1.3525188e-02
   4.6241990e-01  4.4429069e-03 -2.3735636e-01 -1.5866375e-01
  -1.0088531e-01  2.4542689e-01]
 [ 3.3000377e-01 -5.4733563e-02 -3.7900209e-01  1.0372022e-03
  -8.1077874e-02 -5.1670702e-04  1.4192668e-01 -3.1006727e-01
   1.1332116e-01  1.5149915e-01]
 [-3.5022682e-01 -2.8403552e-02  1.5284352e-01  1.1974849e-02
   3.0971912e-01  4.0786164e-03 -3.4393969e-01 -1.9240530e-01
   2.4242189e-03 -5.6274913e-02]
 [-2.8193554e-01 -8.4022246e-02  2.0718522e-02  1.2366293e-02
   2.9172087e-01  4.2234901e-03 -4.8281994e-01 -8.9183554e-02
  -4.6094716e-01 -1.2081958e-01]
 [-4.0147230e-01 -4.3225633e-03 -3.2160226e-01  1.1164970e-02
   3.4938326e-01  4.1520596e-03 -2.0695443e-01 -9.8858312e-02
  -3.4186053e-01  6.2038045e-02]
 [-1.2939270e-01  5.2907996e-02 -3.3904845e-01 -3.3660806e-03
  -2.6283439e-02 -6.3753093e-04 -2.3728067e-01 -2.8520219e-03
  -1.8515763e-01 -8.0219805e-02]
 [-3.8705114e-01 -5.7738461e-02  8.8230081e-02  1.7568819e-02
   5.5083507e-01  6.6708671e-03  8.5995510e-02 -4.5848233e-01
  -7.1548060e-02  7.2867088e-02]
 [-2.5152314e-01  9.9328637e-02  1.9518152e-02  1.4173699e-02
   5.9558040e-01  6.0345819e-03 -4.9941048e-01 -3.4774360e-01
   2.9923037e-02 -1.8879187e-01]
 [ 3.9604005e-01 -4.8013378e-02 -5.7463896e-02 -6.2846025e-03
  -2.7209920e-01 -3.1205998e-03  2.3570167e-01  3.1127712e-01
  -1.9061330e-01  9.4234683e-02]
 [-4.5649445e-01 -7.2885476e-02 -3.8377714e-01  1.6440298e-02
   5.1117206e-01  5.9477971e-03  6.9354638e-02  2.3552500e-02
  -2.6214501e-01 -4.4242799e-01]
 [-1.3017616e-01 -7.7483766e-02 -5.1764272e-02 -5.0235796e-03
  -2.2558160e-01 -2.0044527e-03 -2.0830376e-02  4.9225058e-02
   1.3282533e-01 -1.1196620e-01]
 [-3.4179395e-01  1.3174343e+00  9.7638011e-02  1.7410204e+00
   3.2810456e-01  2.5293522e+00  3.7731677e-02  2.6963738e-01
   3.7106413e-01  1.5057065e-01]]
Peso 2:
[ 0.01037071 -0.02152388 -0.05009077 -0.04643923  0.34961924 -0.01549262
 -0.16729285 -0.11265626 -0.01961401 -0.18232498]
Camada: saida
Peso 1:
[[-0.5165964  -0.29063565]
 [ 0.54792076 -0.91554064]
 [ 0.60249215  0.40386754]
 [ 1.6036582  -0.5853164 ]
 [-0.53943855  0.5013086 ]
 [ 1.4309953  -1.8743696 ]
 [-0.22372347 -0.43839514]
 [ 0.24924302 -0.36339843]
 [ 0.08445861  0.22526872]
 [ 0.08044603 -0.21392444]]
Peso 2:
[-2.170845  2.170844]



pesos modelo: 
Test loss: 0.0042, Test accuracy: 1.0000
Camada: meio
Peso 1:
[[ 4.50050145e-01  4.47466463e-01 -1.00528210e-01  2.92732328e-01
  -4.47715640e-01  9.72566903e-02  3.77727717e-01 -1.04112595e-01
  -3.30124795e-01 -1.72465920e-01]
 [-3.36674303e-01 -6.73191845e-02 -3.57453048e-01 -1.75897896e-01
   3.95384401e-01  3.28566402e-01 -3.66828859e-01  3.75978082e-01
  -2.61607051e-01  4.72369492e-02]
 [ 2.79907554e-01  2.12520152e-01 -2.54937172e-01  6.06522262e-02
  -3.60263169e-01  5.27092814e-03 -6.47901595e-02  3.05439323e-01
  -3.12058628e-01  2.25840002e-01]
 [ 5.89502156e-01  1.16502769e-01  2.08808646e-01 -3.68093818e-01
   2.58463532e-01  1.13244079e-01  1.61935166e-01 -4.44550589e-02
   2.49888510e-01  2.88984622e-04]
 [ 3.67562234e-01 -7.01820254e-02 -1.55030265e-01  2.56772220e-01
   2.51517117e-01  3.46496493e-01 -2.02441007e-01  1.13836735e-01
  -2.38378540e-01 -3.50025386e-01]
 [ 4.85717982e-01 -2.57171601e-01 -1.61304578e-01 -2.18935683e-01
   1.03270680e-01 -3.62243176e-01 -1.08587500e-02  6.15457632e-02
  -4.06711623e-02 -3.71505082e-01]
 [ 1.34170666e-01  2.55467445e-01  1.40395239e-01 -7.13567212e-02
   1.57396972e-01 -1.58368349e-01  1.73560735e-02 -4.21501517e-01
   8.75465497e-02  4.16648239e-01]
 [ 1.54268414e-01  1.70665458e-01 -4.35769588e-01  2.07825586e-01
  -2.72316672e-02  1.74752116e-01  2.02266395e-01  3.40550363e-01
   1.52514309e-01  3.99725705e-01]
 [-2.32793335e-02  3.12378645e-01  2.29699731e-01 -1.49398446e-01
   7.80419111e-02 -6.00417182e-02 -1.07255615e-01 -2.05139458e-01
   6.47155046e-02 -7.80452192e-02]
 [ 1.25389650e-01  2.76899993e-01  2.84526706e-01  2.23217309e-01
   1.40052170e-01 -2.24435359e-01 -6.84128702e-02  3.83776367e-01
  -4.23093028e-02 -4.77535505e-04]
 [ 1.56525254e-01 -1.92414075e-01 -5.72852418e-02  5.09348465e-03
  -1.06505588e-01 -4.53717947e-01 -7.51316547e-02  8.92683566e-02
  -3.59988302e-01 -3.29287589e-01]
 [ 1.16718441e-01  3.93862188e-01 -3.91397297e-01 -7.21950680e-02
   8.19296911e-02  9.40022916e-02  1.94327846e-01 -2.80761987e-01
   1.98477045e-01  4.76481736e-01]
 [ 2.39935786e-01  6.35310858e-02  2.22252116e-01 -1.46704659e-01
   1.62344761e-02 -4.11285907e-01  3.56038027e-02  1.59487888e-01
   2.23165631e-01 -2.89577812e-01]
 [ 3.37547034e-01 -1.29895955e-01 -3.74077022e-01 -1.64920717e-01
   7.22873956e-02  1.72552153e-01  9.05708373e-02  2.18813583e-01
  -4.38098460e-01 -2.11106271e-01]
 [ 2.64147729e-01  5.11003256e-01  1.87840000e-01 -3.54404777e-01
  -4.86076288e-02 -3.33292633e-01  3.46189678e-01 -3.05796295e-01
  -2.57732719e-01  4.20183480e-01]
 [ 5.18089652e-01 -9.18876380e-02 -3.79975885e-01 -5.29798687e-01
   1.28098965e-01 -4.04253155e-01  1.77178271e-02 -3.75254422e-01
   2.03292295e-01 -2.55130470e-01]
 [-1.43938124e+00 -6.28539503e-01 -1.72793373e-01 -3.54739308e-01
   2.17939162e+00 -2.28492707e-01  1.82444620e+00  1.04245067e-01
  -4.18272875e-02 -4.21397805e-01]]
Peso 2:
[ 0.6546758   0.51173204 -0.28377286 -0.23793007 -0.25350466 -0.08282714
 -0.00067023 -0.00189932  0.04672881  0.2551838 ]
Camada: saida
Peso 1:
[[-1.2454565   1.2078779 ]
 [-0.9485782   0.51293415]
 [ 0.26504225 -0.23857334]
 [ 0.20289937 -0.60104275]
 [ 1.4265406  -1.4223113 ]
 [ 0.3737995  -0.03536911]
 [ 1.3651497  -1.1215539 ]
 [-0.44108546 -0.42215836]
 [-0.65356976 -0.3480193 ]
 [-0.89254075 -0.18233676]]
Peso 2:
[-0.54250145  0.54250085]



pesos modelo: 
Test loss: 0.0013, Test accuracy: 1.0000
Camada: meio
Peso 1:
[[-0.08926928  0.21043137 -0.39789614  0.44156006 -0.00436035  0.26243505
   0.09230331  0.06735829 -0.03454861 -0.149798  ]
 [ 0.0621365  -0.44316366 -0.43462437 -0.15111399  0.06876412  0.08921644
  -0.03632239 -0.33487964  0.37213275 -0.15991583]
 [-0.30401397  0.24205562  0.4432095  -0.09830141  0.37110683 -0.20237243
   0.10845944 -0.23053145 -0.4525533   0.22382924]
 [ 0.11147693  0.46318766 -0.3218438  -0.00411628  0.29650605  0.03511311
  -0.2979243   0.4310999  -0.16232891  0.06978161]
 [ 0.26286355  0.3683193  -0.47928324  0.16191205  0.14811733  0.12576047
  -0.24062796  0.35908356  0.18781282 -0.10879284]
 [ 0.35849965  0.26789093  0.00433268 -0.20238896  0.09576368  0.19768888
  -0.35752156 -0.39687133 -0.19877279 -0.32447276]
 [ 0.25094873 -0.18582794 -0.0092604   0.04132253 -0.14147611  0.06648754
   0.36952254  0.03802584 -0.2695781  -0.2426033 ]
 [ 0.31747317  0.00630359 -0.3687623   0.30380222  0.16528682  0.09801202
  -0.44375008  0.11384039  0.24175026 -0.42883587]
 [ 0.1676244  -0.00662092  0.22408417 -0.37262002  0.08095282  0.02525799
   0.20391096  0.42967147 -0.38242573  0.272301  ]
 [ 0.26665768  0.13629472 -0.4513675  -0.34894052 -0.2469803   0.10997722
  -0.23252411  0.09346452 -0.46805874 -0.16300271]
 [ 0.36417863 -0.1900705  -0.10557313 -0.24960172 -0.0458656   0.10026531
  -0.34939012 -0.08762898 -0.33466268  0.20160268]
 [-0.11605914  0.4317356   0.36328918 -0.23023905 -0.16646129 -0.06288262
   0.28604984  0.1743338  -0.22610289 -0.33413082]
 [ 0.38293004  0.04703521 -0.39759383 -0.410092   -0.05669818  0.17455368
   0.3051364   0.31333026 -0.02308035 -0.27475265]
 [-0.03611726 -0.28670886  0.13045636  0.15832655 -0.04444562 -0.11992185
   0.31479976  0.22988036  0.05555076 -0.04012409]
 [ 0.37126863  0.16980994 -0.45601022 -0.41854686  0.38832888  0.12433082
  -0.26829278 -0.03028472 -0.44988132 -0.00377175]
 [ 0.40576768  0.0990556   0.1229078  -0.18203364  0.0471117   0.17244442
   0.07752135 -0.05118727 -0.07323962 -0.42577356]
 [-1.774079   -0.2753396   0.27555963  0.07889683  0.2267158   2.5955908
  -0.43407393  0.27948576  0.04293169  0.16661337]]
Peso 2:
[ 0.8377392   0.17570177 -0.04552679 -0.00383858 -0.01568932 -0.2538335
  0.14655247 -0.0306552   0.00177218 -0.02143822]
Camada: saida
Peso 1:
[[-1.4711593   1.4650683 ]
 [-0.537711    0.3043186 ]
 [-0.46589932  0.25699902]
 [-0.30148274 -0.45278126]
 [-0.14061028 -0.31875867]
 [ 1.886398   -1.8745345 ]
 [-0.1520261   0.45332912]
 [-0.28637195 -0.39664248]
 [-0.16210204 -0.04138753]
 [-0.13089213 -0.50479096]]
Peso 2:
[-0.3303124  0.3303133]



pesos modelo: 
Test loss: 0.0023, Test accuracy: 1.0000
Camada: meio
Peso 1:
[[-3.96824718e-01  5.45607507e-02 -4.39579844e-01  9.36773419e-03
   1.18824869e-01 -4.59650278e-01 -2.69319266e-01 -1.97856426e-01
   1.04803115e-01 -3.74367088e-01]
 [-4.52836871e-01  6.07205927e-02  2.74788469e-01 -1.43269151e-01
  -2.43182480e-01 -4.64052528e-01  2.43331641e-01 -4.63371336e-01
   4.28561538e-01  3.23171943e-01]
 [-9.63705182e-02  3.32309455e-01 -4.71197605e-01  1.71244353e-01
   4.46823567e-01 -4.53823328e-01  9.64520872e-02  1.89840883e-01
   4.48108226e-01 -2.09945828e-01]
 [ 4.56891865e-01  4.06408817e-01 -1.69645697e-01 -2.06781849e-01
  -3.09300274e-01  5.35629869e-01  4.14385080e-01  2.83037663e-01
  -4.66819517e-02  1.85647458e-01]
 [ 3.46933424e-01  3.18427794e-02 -1.57754958e-01  1.72690377e-02
   3.70760351e-01  3.78643908e-02 -2.99718499e-01 -1.16543755e-01
   1.66492000e-01 -4.54474092e-02]
 [-2.78727502e-01 -3.15217227e-01 -7.89358988e-02  4.79929179e-01
  -4.38407570e-01 -1.34526730e-01 -2.27678776e-01  3.10825586e-01
   2.57295370e-01 -3.10566073e-04]
 [-2.32807294e-01 -7.80644566e-02 -8.53058770e-02 -4.53425258e-01
  -4.50411111e-01  3.83603305e-01 -4.41622257e-01 -7.77680427e-02
   3.20543647e-01  4.12860662e-01]
 [ 1.78606346e-01  3.55394214e-01  4.49572474e-01  3.06348085e-01
  -2.00326085e-01  2.16780916e-01 -1.01194933e-01 -9.82193127e-02
   1.32515296e-01 -1.16651751e-01]
 [ 4.30753946e-01  2.41308913e-01  1.76298589e-01  1.87220320e-01
  -3.02452594e-01  5.36677182e-01  1.53907582e-01 -4.18214530e-01
   3.05686891e-01  3.25441241e-01]
 [-1.88173905e-01 -4.12605643e-01  8.05416107e-02  3.08615416e-01
  -2.79989421e-01  1.31879359e-01  3.03492129e-01 -2.93260366e-01
   3.79039824e-01  2.38465145e-01]
 [-2.81337917e-01 -2.45208293e-01  4.44089890e-01 -1.86608195e-01
  -3.20121348e-01 -1.31751522e-01 -1.38670221e-01 -6.01254329e-02
   4.09538329e-01 -1.18282609e-01]
 [-9.15768445e-02 -4.47921395e-01 -3.13403681e-02 -2.31461942e-01
   3.46276760e-01  2.76862055e-01 -1.41650170e-01 -4.69040543e-01
   3.67745489e-01  3.42284709e-01]
 [ 1.10141873e-01 -2.28389159e-01 -5.20903841e-02 -3.96497667e-01
   2.88043737e-01  1.72668591e-01 -4.15836453e-01 -1.90139174e-01
   2.37324640e-01  1.16222858e-01]
 [ 1.08744279e-01 -1.48553550e-01  4.40090120e-01  2.18115300e-01
  -3.73891508e-03  5.40834814e-02  9.09524709e-02  5.07591851e-02
   2.47161761e-01 -1.09522641e-01]
 [ 1.06768295e-01 -2.60077357e-01 -9.57244039e-02  1.85187101e-01
  -4.26958412e-01  4.70520139e-01  1.29303902e-01 -2.74973214e-01
  -5.13614938e-02  1.87900752e-01]
 [-1.97729617e-01 -2.34815031e-01  2.55183727e-02 -3.78164798e-01
  -4.38023627e-01  2.50762433e-01 -3.44908476e-01  1.45834535e-01
  -9.98114496e-02 -4.72881645e-02]
 [ 8.16186965e-01  3.01723480e-02  1.12246513e+00 -9.85165685e-03
   2.05769703e-01 -1.41376257e+00 -1.30113408e-01  1.75068587e-01
  -1.33740032e+00  2.25189543e+00]]
Peso 2:
[ 0.08324237 -0.03589145  0.0017367   0.02405805 -0.05193548  0.7239754
  0.09768923 -0.20851521  0.61588156 -0.1378497 ]
Camada: saida
Peso 1:
[[ 0.56744486 -0.26037082]
 [ 0.56269413  0.20928569]
 [ 0.46897322 -0.9329209 ]
 [-0.4290475  -0.19812757]
 [-0.12367048  0.64839226]
 [-1.0568037   1.4073498 ]
 [-0.64493054 -0.03929878]
 [ 0.5162764  -0.6456021 ]
 [-0.66707987  1.4117932 ]
 [ 1.7047342  -1.392836  ]]
Peso 2:
[-0.42226204  0.42226222]



pesos modelo: 
Test loss: 0.0021, Test accuracy: 1.0000
Camada: meio
Peso 1:
[[-0.14702472 -0.28111845 -0.16026682  0.37730566 -0.33224463 -0.13206315
   0.29266962  0.26354596 -0.4348903  -0.47041717]
 [ 0.05356088 -0.36807317 -0.25247526 -0.38491595 -0.2015976   0.00415039
   0.00526622  0.40023986  0.3028449  -0.149302  ]
 [-0.11075339  0.09276631  0.4018832   0.12625465  0.15594909  0.04823342
  -0.19351575 -0.3687728   0.15781805 -0.31925476]
 [ 0.08129579  0.3956055   0.25906935 -0.10274723  0.13247505 -0.43912998
  -0.18357155  0.1942324   0.11370935 -0.30233455]
 [-0.4473687   0.43085048  0.42294952  0.46378195 -0.37665787 -0.00796337
  -0.36457837 -0.08486215 -0.06891046  0.25374547]
 [ 0.20946166  0.33828643  0.20556441  0.20125976  0.2224664   0.30397964
   0.11765037 -0.00348218 -0.03547952 -0.24885301]
 [-0.17332949  0.32156548 -0.12051371 -0.34171146  0.425725   -0.01531819
   0.3983329   0.37744397  0.1822912   0.49488676]
 [-0.48628682  0.10984879 -0.09222946 -0.3036358   0.15447658 -0.04516469
   0.0247741   0.12700298  0.08385566  0.05946104]
 [ 0.01170458  0.18683556 -0.11016252 -0.22690523  0.09874584  0.1428574
   0.1894603   0.3598803   0.43849444 -0.21394973]
 [-0.46376768  0.09322704 -0.1179625   0.23945944 -0.21032597 -0.44607398
   0.01952503  0.23204392 -0.44334027 -0.1997234 ]
 [ 0.01069705  0.51498294  0.28842926  0.44686723  0.4522042   0.10263134
  -0.42788246  0.03672187 -0.2224398   0.40807295]
 [-0.26511133  0.1354621   0.10929646  0.24015836 -0.17237084 -0.22101766
   0.19520372 -0.10476133 -0.4564796  -0.07953304]
 [-0.00812699  0.18763132 -0.06875625  0.36135295  0.32416654  0.3380595
   0.01085185 -0.00546982  0.3105856   0.3454116 ]
 [-0.13793162  0.01148409  0.07310283 -0.04164485  0.01813286 -0.3479179
   0.37367424 -0.17378236 -0.37535822 -0.42051908]
 [ 0.20548043  0.41407236  0.18317671 -0.25803238  0.3250442  -0.2685086
   0.12522419  0.09730158  0.1733937   0.16137907]
 [ 0.20194742  0.36226267  0.22254707 -0.35363793  0.01913681  0.2082987
  -0.4323559   0.16625485 -0.08118831 -0.06717664]
 [-0.26299682 -2.0499377   2.0779247   0.5420068   0.54023165  0.30617544
   0.25763482  1.1082828   0.23061444  0.6166871 ]]
Peso 2:
[-0.15633143  0.96434844 -0.1470349   0.01675448 -0.08385202 -0.01931911
 -0.00154382 -0.19141342 -0.00867735  0.03719712]
Camada: saida
Peso 1:
[[ 0.10300547 -0.5935851 ]
 [-1.9193075   1.484128  ]
 [ 1.7034721  -1.0621706 ]
 [ 0.7881307   0.38443834]
 [-0.09853467 -0.6603737 ]
 [ 0.21108526  0.18285418]
 [ 0.72486854  0.48267004]
 [ 0.90476567 -0.6942509 ]
 [ 0.05603857 -0.0767059 ]
 [ 0.7035335   0.1389028 ]]
Peso 2:
[-0.43121386  0.43121442]



pesos modelo: 
Test loss: 0.0009, Test accuracy: 1.0000
Camada: meio
Peso 1:
[[ 0.30261788  0.16487846 -0.23292372 -0.14694953  0.45404258  0.13106468
   0.3277155   0.14249715  0.01762086 -0.05473685]
 [ 0.32138053  0.4248717   0.18014362  0.44183037  0.34044424 -0.07055765
   0.43314853  0.23134652 -0.375453    0.32300356]
 [ 0.15027115 -0.26144093  0.36542103 -0.36887854 -0.13265511 -0.35542032
  -0.16563824  0.04018697  0.13648859  0.44576755]
 [-0.04361897 -0.25415522  0.36092195  0.1918558  -0.19019999 -0.21045513
   0.09363664  0.16129686 -0.17653574  0.20392625]
 [-0.2991708  -0.12824816 -0.45465142 -0.29361632  0.21504967  0.41589537
   0.31775185 -0.09011658  0.43332905  0.44736496]
 [ 0.07864492  0.0365236   0.26401022  0.45599186  0.21329181  0.35752365
   0.37356177  0.37407163  0.06629957 -0.05390263]
 [-0.14735132  0.30589706  0.31753784 -0.2489546   0.35863993 -0.04518268
   0.42401206  0.23517834  0.15904635 -0.3494931 ]
 [-0.39325064  0.22753453 -0.27374068 -0.3282347   0.41853443  0.03921491
   0.22142835  0.06143766 -0.25241217  0.40987504]
 [-0.10151956  0.16141166  0.12895522  0.4060289  -0.00585354  0.07183651
   0.2818204   0.05228085  0.11112306  0.27072057]
 [ 0.14706884 -0.00318913  0.22149418 -0.03784284  0.4300428   0.29166052
   0.17398818  0.2503508  -0.23745155  0.19758168]
 [-0.11492018  0.19291727 -0.3511937  -0.01849985  0.06934856 -0.45602208
   0.21721737 -0.22297387  0.25385875  0.36502877]
 [-0.20747432  0.31290665 -0.33348173  0.48235264 -0.13087454 -0.15264331
   0.38493568  0.06910437  0.2820479  -0.2925896 ]
 [ 0.31002507  0.07927991 -0.3950286  -0.07320739  0.39026076  0.43199298
   0.2190811  -0.10504711  0.18981302  0.47334954]
 [ 0.33447537  0.3511558  -0.36837503 -0.01732912  0.4334021   0.14189658
   0.36876097  0.4411047  -0.17214029 -0.2611414 ]
 [-0.4152419  -0.05940967  0.24796267 -0.3400559   0.27821112 -0.01252454
   0.24138522  0.18658645  0.03296042 -0.3569061 ]
 [ 0.25284725 -0.1221331  -0.26706845  0.34755856  0.01759745  0.11701046
   0.03341949 -0.13430767  0.17213525 -0.06560866]
 [ 0.16038972  1.4968364   0.50337374 -0.5100576  -0.71294445  0.39184284
  -1.8312974   1.6590996   1.0760267   0.84193057]]
Peso 2:
[-0.03458193 -0.08631768  0.00556639  0.26726723  0.17251407 -0.01213624
  0.9315922  -0.09547006 -0.03428809 -0.05896403]
Camada: saida
Peso 1:
[[-0.26460576 -0.04656017]
 [ 1.1768996  -0.7516293 ]
 [-0.33866385 -0.50702083]
 [-0.22433232  0.5416946 ]
 [-0.89896107  0.05297195]
 [ 0.46630704  0.124893  ]
 [-1.3313665   1.7434094 ]
 [ 0.90363264 -1.3684242 ]
 [ 0.56308967 -0.8622993 ]
 [ 0.9107126   0.22254741]]
Peso 2:
[-0.46419403  0.46419296]



pesos modelo: 
Test loss: 0.0009, Test accuracy: 1.0000
Camada: meio
Peso 1:
[[-4.59923059e-01  5.87663054e-03 -2.30587095e-01 -3.53522837e-01
   4.35852259e-01  3.68969947e-01 -9.66226161e-02 -1.74431980e-01
   4.65041697e-02 -6.81978762e-02]
 [ 1.37244195e-01 -8.12327266e-02 -4.76372838e-02 -3.16334784e-01
   2.24985749e-01  2.39599317e-01 -1.84697717e-01 -4.38746333e-01
   3.00785989e-01  3.89072388e-01]
 [ 2.01850265e-01  5.65337837e-02 -3.45495582e-01 -8.46565068e-02
   4.15712267e-01 -2.86606431e-01 -1.21391684e-01 -4.63409096e-01
   2.65776664e-01  2.01420575e-01]
 [-1.95016190e-02 -2.85155345e-02  2.58472353e-01 -4.28844273e-01
   4.34519947e-01 -8.22111443e-02  3.73816460e-01 -4.37560290e-01
   2.18464285e-01 -9.51182619e-02]
 [ 1.68937579e-01  7.47700781e-02 -4.64400977e-01 -1.22226983e-01
   4.51586485e-01 -1.43044725e-01  2.84617841e-01 -3.14981252e-01
   9.25573632e-02  2.42675096e-01]
 [ 4.41930354e-01  3.44683886e-01  2.73353696e-01  1.50681406e-01
   1.41988412e-01 -1.58352241e-01 -1.20322849e-03 -2.80584628e-03
  -1.34918392e-01 -8.76004025e-02]
 [ 7.70779252e-02  1.50638089e-01  3.54907244e-01  3.86976823e-03
   8.14875811e-02 -1.10686347e-02  1.26654521e-01 -2.49907464e-01
   5.58424331e-02 -8.28418136e-02]
 [ 1.81862965e-01  3.17319572e-01 -2.15921447e-01 -3.51226777e-01
  -4.07386541e-01 -8.14040527e-02 -4.33119088e-01  7.00430050e-02
  -1.47268370e-01  3.75730306e-01]
 [ 2.16775522e-01  5.62431753e-01 -2.36046985e-02  1.30097149e-02
  -1.67332336e-01  3.28390181e-01  1.00853503e-01 -1.66348755e-01
   1.14779636e-01 -3.12296271e-01]
 [ 1.47007108e-01  5.24354339e-01 -4.67791349e-01 -2.81327426e-01
  -1.70220211e-01  3.43941450e-01 -1.25929147e-01  3.66760530e-02
   1.87091365e-01  2.99399048e-01]
 [ 4.30534303e-01  2.94591695e-01  1.18361235e-01  1.40223220e-01
   3.74149084e-01 -1.68542355e-01 -2.81363755e-01  3.98676217e-01
   1.37209862e-01  1.92087263e-01]
 [ 1.73546210e-01  3.61696690e-01  4.74802226e-01 -3.90190810e-01
   2.59976178e-01  2.80248582e-01 -1.79261044e-01  2.02128321e-01
   2.00794712e-01 -1.48977518e-01]
 [ 6.43329024e-02  4.72247124e-01 -3.56772870e-01 -3.97795111e-01
  -1.69150636e-01  3.78642887e-01  7.62317032e-02  4.02677029e-01
  -2.77939402e-02 -4.55472559e-01]
 [ 3.46532136e-01  2.46481717e-01 -1.75041959e-01  8.31003860e-02
  -2.66169488e-01 -2.09968790e-01  1.35527998e-01 -2.97137856e-01
  -3.96508902e-01  1.03783190e-01]
 [-3.51551801e-01  7.64557347e-02 -8.48820955e-02 -1.54967634e-02
   2.91237265e-01  3.62116337e-01 -4.38183427e-01  2.74230214e-03
   3.67075533e-01 -1.01877384e-01]
 [ 2.35068306e-01  4.37446475e-01 -4.85926241e-01  2.48110205e-01
  -5.98000288e-02  1.62757143e-01  1.52465746e-01  7.84048587e-02
  -2.42925704e-01  2.46738985e-01]
 [ 1.83001912e+00 -2.03200531e+00  2.50040263e-01  4.57166642e-01
  -5.12560248e-01  1.43585777e+00 -4.41552222e-01  1.26625836e-01
   5.91434240e-01 -3.59856427e-01]]
Peso 2:
[-0.28570977  0.7974079  -0.00259642  0.0272463   0.33105958 -0.0226466
  0.01175359 -0.0045939  -0.04520255  0.08517256]
Camada: saida
Peso 1:
[[ 1.5560298  -1.1605792 ]
 [-1.6560394   1.6375444 ]
 [-0.23022121  0.11727894]
 [ 0.69031703  0.4931433 ]
 [-0.5860396   0.6265089 ]
 [ 1.0181028  -0.86851996]
 [ 0.56444126  0.7237843 ]
 [-0.12799884 -0.13100094]
 [ 0.4648116  -0.30825284]
 [-0.74621224 -0.22822411]]
Peso 2:
[-0.2991103   0.29911044]



pesos modelo: 
Test loss: 0.0008, Test accuracy: 1.0000
Camada: meio
Peso 1:
[[-4.30736750e-01  3.75647753e-01  9.14046168e-03  6.31922781e-02
   6.69059455e-02  5.86772859e-02 -1.35180801e-01  2.04817146e-01
  -4.29915041e-01  4.26606685e-01]
 [-3.41564417e-04 -2.29486778e-01 -7.21035898e-02  1.50851905e-02
   2.52434462e-01  4.57804888e-01  4.79390323e-02  5.99259436e-02
  -1.15376055e-01  4.51456457e-01]
 [ 1.36838704e-01 -4.34600204e-01  4.56939369e-01 -2.80798078e-02
   2.05146819e-01 -1.50534034e-01  4.58210081e-01 -1.93971932e-01
   3.36473674e-01  2.86680728e-01]
 [ 1.01442792e-01  6.62307665e-02  3.27236176e-01  1.23956189e-01
  -1.73044831e-01 -1.45233214e-01  4.30011362e-01  3.87475342e-01
   4.25996184e-01 -2.92088091e-01]
 [-7.51449764e-02  1.41931981e-01 -1.67033374e-01  9.15185437e-02
   4.88832653e-01  3.87293361e-02  3.07684332e-01 -3.22755992e-01
   6.51917048e-03  2.36102447e-01]
 [-3.71701330e-01 -1.70648962e-01 -1.32730380e-01  1.08199634e-01
   3.05312663e-01  3.43041569e-01 -7.91929290e-02 -4.36093807e-01
   3.50179791e-01  3.93025726e-01]
 [ 3.12236577e-01 -1.03997789e-01  4.97251213e-01  7.83279985e-02
   4.43412215e-01 -2.78946906e-01 -3.61087948e-01 -4.32754941e-02
   4.39639986e-01  2.30115369e-01]
 [ 4.39071953e-01 -4.57558446e-02  1.96635485e-01  5.08233681e-02
  -1.11071423e-01  1.73764557e-01  4.57834274e-01 -1.76600695e-01
   1.64315790e-01 -4.41539347e-01]
 [ 4.08246607e-01  3.34974557e-01 -1.01389468e-01  9.38465893e-02
   1.55529901e-01  4.63262916e-01  9.06076431e-02  2.14404508e-01
  -9.94732156e-02  3.46882075e-01]
 [-2.51784831e-01  4.89735097e-01  2.15294108e-01 -7.77674764e-02
   9.17781331e-03 -9.71563384e-02 -3.34899127e-01 -3.81448627e-01
  -1.18730202e-01 -3.73695254e-01]
 [-4.63831723e-01  4.85413969e-01 -2.92941123e-01  1.23364970e-01
  -2.28356764e-01 -1.33957535e-01 -3.38208973e-02  2.84460843e-01
   3.63453865e-01  2.96668649e-01]
 [ 2.59308517e-01 -1.75286442e-01 -2.74244156e-02 -4.29051463e-03
   1.71961010e-01  2.16496244e-01  5.96362278e-02 -3.61675024e-01
   1.51913404e-01 -4.56189126e-01]
 [-4.11159396e-01 -1.20034941e-01 -2.65327573e-01 -8.01059306e-02
   4.71284501e-02  3.67899835e-01  2.41463650e-02 -2.38084733e-01
  -4.00575884e-02 -4.43942398e-02]
 [-4.60273147e-01  4.72636640e-01 -4.39033091e-01  1.72875881e-01
  -2.15955381e-03  4.51984137e-01 -2.54473329e-01 -3.93722132e-02
   2.08224654e-01 -4.19019043e-01]
 [-3.73616695e-01  4.07517970e-01  3.75225872e-01  1.64173827e-01
  -3.74852180e-01 -3.41730446e-01  4.96076435e-01 -3.18059325e-02
   4.46939915e-01  4.87383306e-01]
 [ 4.11779612e-01  2.67717510e-01 -2.37959102e-01  1.07256912e-01
   2.65816420e-01  3.06547105e-01  2.63595492e-01 -3.82084846e-01
   1.71144351e-01 -4.05264258e-01]
 [-2.53132313e-01 -7.36497104e-01 -3.57474685e-01  2.81441832e+00
  -5.59671462e-01 -3.93500328e-01 -6.03475273e-01  9.83962044e-03
  -1.21290219e+00 -1.06185801e-01]]
Peso 2:
[ 0.00713019  0.3338953   0.1244304  -0.19156745  0.29548022  0.23329857
  0.28172633 -0.00635822  0.60324746  0.06552669]
Camada: saida
Peso 1:
[[-0.1518413  -0.01850454]
 [-0.58533216  0.66732824]
 [-0.16502473  0.5345622 ]
 [ 2.042306   -1.7914487 ]
 [-0.62163323  0.21682984]
 [-0.06738688  0.7964508 ]
 [ 0.07702261  0.95382345]
 [ 0.46364215  0.33677498]
 [-1.0670946   0.842928  ]
 [-0.48066863  0.06564857]]
Peso 2:
[-0.3706377   0.37063757]



pesos modelo: 
Test loss: 0.0024, Test accuracy: 1.0000
Camada: meio
Peso 1:
[[-0.16254333  0.43205228  0.27219537  0.43161508  0.3352302  -0.45340466
  -0.373308   -0.32407624 -0.02775228  0.14054963]
 [-0.26294678  0.46872893  0.4078689   0.02770227 -0.07267353 -0.2972388
  -0.35326016 -0.17255133  0.08046016 -0.25465745]
 [-0.46741855  0.3309721  -0.43992084  0.18261465  0.03268811  0.26145276
   0.13196829 -0.15483168 -0.18878654 -0.07402593]
 [ 0.31001872 -0.2850156   0.15818737 -0.26728764  0.34188646 -0.40410632
   0.38652575  0.41865984 -0.21198432  0.06887654]
 [ 0.19438393  0.30273166  0.26557878 -0.44285783  0.21420187 -0.33077392
   0.06639791  0.4135258   0.31545642  0.19770785]
 [ 0.12630913 -0.37693912  0.07310572 -0.27544942 -0.10668088  0.02198372
  -0.05823984 -0.13930237  0.2555512   0.10329709]
 [-0.2996792  -0.0278376   0.29341874  0.35562333  0.2226126  -0.23701377
   0.06265286  0.40491888  0.00850973 -0.14387275]
 [ 0.1463066   0.03323365  0.02316589 -0.51242536  0.3870195   0.10340445
   0.42544016  0.34976926  0.17764978  0.31540096]
 [ 0.22391877  0.14543279  0.02227232 -0.4118492   0.09829339  0.29451135
   0.356145    0.10436424  0.3343748  -0.42306608]
 [-0.29696342  0.00963464  0.2730608   0.3047837  -0.17600144  0.06430569
   0.50394994  0.3247175  -0.0365821   0.16102299]
 [ 0.13493615  0.3867189   0.15315738  0.09049188  0.33790055 -0.17141597
  -0.39612147 -0.0115479  -0.01090661  0.3099155 ]
 [ 0.01847596  0.18692803  0.0860173   0.32718724  0.10954789 -0.48754784
   0.02401819 -0.05566256 -0.26099253 -0.02013305]
 [ 0.08223402 -0.33600724  0.3257623  -0.23554866 -0.0482481  -0.46917486
  -0.05397697  0.25065008  0.39041746 -0.2963883 ]
 [-0.21036582  0.40218768  0.08860337  0.24117118  0.07198495 -0.41501415
  -0.05188335  0.10282806  0.35874102  0.17593253]
 [-0.2977496  -0.30231065  0.43782023  0.27272642  0.21299468  0.13369463
  -0.0715206   0.4279139  -0.05462863  0.30144998]
 [-0.36208335 -0.00807161  0.33124453 -0.1361649  -0.11386046  0.3024747
   0.3256188   0.25503606  0.20089221 -0.3577076 ]
 [-0.27326787 -0.2949776  -2.2458904  -0.0564206  -1.1978593  -0.18440135
  -1.0910788   1.716884   -0.7176579  -0.25007716]]
Peso 2:
[-0.15737934 -0.03787265  1.0391806  -0.11008739  0.53823376 -0.15046777
  0.45833558  0.15473928  0.0385906  -0.09636569]
Camada: saida
Peso 1:
[[-0.52560645  0.37397423]
 [ 0.20404163  0.15774424]
 [-1.6064829   1.7994937 ]
 [-0.03946463  0.28179368]
 [-0.8027205   0.90109634]
 [ 0.40529507 -0.44676685]
 [-0.58063245  0.90897447]
 [ 0.95789254 -1.5000348 ]
 [ 0.23764916  0.891862  ]
 [-0.04847583  0.30175933]]
Peso 2:
[ 0.5438622  -0.54386157]



pesos modelo: 
Test loss: 0.0086, Test accuracy: 1.0000
Camada: meio
Peso 1:
[[-0.4297467  -0.35719734  0.01351443  0.13010666 -0.16679847  0.21578488
  -0.16855985  0.04021695 -0.01481107  0.24105379]
 [-0.2767942   0.4095526   0.45007506 -0.30313867  0.4409283   0.4361156
   0.00571814  0.38336423  0.2483218  -0.3996533 ]
 [-0.26750278  0.3642061   0.26034084  0.35896483 -0.02905637 -0.04416203
   0.13758442  0.07063499 -0.2617733  -0.03742674]
 [-0.25692472  0.19248879  0.205618   -0.39011696 -0.15243272 -0.14925352
   0.05962772 -0.05264678 -0.10988464  0.410474  ]
 [ 0.22421813 -0.00833078  0.38060075  0.3481521  -0.45100424 -0.11302062
   0.2956076   0.15789145 -0.0154789   0.46134728]
 [ 0.06513576  0.3970819   0.13627616  0.01863172  0.27553645 -0.45866743
   0.10949019  0.17289907  0.4262791   0.04224598]
 [ 0.4607561  -0.298245    0.01937787 -0.21368128  0.03141785 -0.17758894
   0.3920298   0.0591287   0.30807918 -0.23161651]
 [ 0.14418261  0.3438558   0.2901677  -0.2036632  -0.11196735  0.36429924
   0.27366734  0.109698    0.1618992   0.3951815 ]
 [ 0.1380486  -0.45767078 -0.04244773 -0.26940012 -0.4259398  -0.30245784
   0.05406885 -0.45155016 -0.37125233 -0.34298095]
 [-0.083367    0.43522474  0.18424793 -0.44626617 -0.3795556  -0.47639748
   0.21450122 -0.24423124 -0.16939051  0.43676323]
 [ 0.13585222  0.09076742  0.10424072 -0.04839151  0.27455595 -0.4664856
   0.02525487  0.15859112  0.43957078 -0.20655914]
 [ 0.24519576  0.23447153  0.0763899   0.07202114 -0.07491397  0.16925038
   0.13580407 -0.34236926 -0.16541825 -0.15883768]
 [-0.01645943 -0.19337642  0.40130064 -0.23824558  0.11019757 -0.00393328
   0.11061778  0.44045496  0.4863766   0.4134445 ]
 [ 0.18007018 -0.09202986  0.40963537 -0.16221586 -0.14626992  0.2981901
   0.08597721 -0.02830436  0.06525898  0.33164775]
 [ 0.3188673  -0.42909968  0.14297192 -0.4159278  -0.28768116 -0.12512764
   0.5254612   0.19623317 -0.10276555  0.26367393]
 [ 0.08387598  0.12486288  0.3234655   0.16668428 -0.14042702  0.03034398
   0.31787047  0.41341364 -0.16590181  0.5715328 ]
 [ 1.3989668  -0.16865322 -1.7371714  -0.46651852 -0.0615437  -0.0358531
  -1.71845    -0.27572516  0.46426553  1.4211102 ]]
Peso 2:
[-0.05987834 -0.00178002  0.8333625  -0.0164785  -0.06427184 -0.10258994
  0.7059896   0.04341863  0.01482322 -0.05677792]
Camada: saida
Peso 1:
[[ 1.0138521  -1.0033288 ]
 [ 0.15939166  0.5511828 ]
 [-1.0336094   1.7032175 ]
 [-0.43384606 -0.6785968 ]
 [-0.43954343  0.61859244]
 [ 0.19204812 -0.5163836 ]
 [-1.8899955   0.6916289 ]
 [-0.6315982  -0.14028372]
 [ 0.7266098   0.1118417 ]
 [ 1.1570455  -0.92267996]]
Peso 2:
[-0.11565207  0.11565199]
