


pesos modelo: 
Test loss: 0.0016, Test accuracy: 1.0000
Camada: meio
Peso 1:
[[ 1.53104752e-01 -4.01770830e-01  3.07375222e-01  4.07467216e-01
   3.13294381e-01  3.62597615e-01 -1.63471490e-01 -3.85564089e-01
   1.86430484e-01  2.41517276e-01  5.71513772e-02 -3.75721037e-01
   4.06814307e-01  1.23571128e-01  4.32840794e-01]
 [ 7.65239298e-02  1.02257639e-01 -1.58459067e-01 -3.28805625e-01
  -9.48842168e-02  8.06658566e-02  1.05515927e-01 -2.73856759e-01
  -4.06276554e-01  1.27510697e-01 -1.56046748e-02  6.85112178e-02
   2.90423185e-01  2.25342482e-01  1.30903035e-01]
 [ 1.27210826e-01 -1.27883106e-01 -9.83436406e-02  2.28790969e-01
  -4.45036590e-02 -2.26526648e-01 -7.94491768e-02 -8.25278461e-02
  -2.60809720e-01 -5.64385056e-02 -2.48109341e-01  2.79584438e-01
   4.25582200e-01 -1.13746375e-01  8.30834806e-02]
 [ 1.03608526e-01 -6.38737082e-02 -2.98798144e-01 -1.42954499e-01
   2.46036593e-02  3.48314941e-01  4.43732172e-01  7.99993426e-02
  -1.34355137e-02 -2.74085641e-01  1.13009758e-01  1.46292984e-01
   4.74297404e-01 -7.14622736e-02 -1.35003164e-01]
 [ 1.62734568e-01 -2.47299090e-01  2.05749527e-01 -8.50424618e-02
  -1.83577016e-02  3.30564417e-02  1.77272260e-01 -1.81216076e-01
   3.25616330e-01 -1.62457272e-01  2.18354255e-01 -1.80599302e-01
  -1.51582509e-01  1.69631556e-01  1.64444730e-01]
 [-2.17280373e-01  1.50434062e-01  1.43970549e-01  2.11918220e-01
   1.04197890e-01 -2.02052444e-01 -2.72320956e-01 -2.27759629e-01
  -2.03966528e-01 -4.12899375e-01  1.25206620e-01 -1.36057124e-01
   2.64728129e-01  2.72588402e-01 -7.38336763e-04]
 [ 2.76014835e-01  5.79645820e-02 -1.46958724e-01 -2.33294114e-01
   4.68553305e-01  3.23362648e-01 -2.02872008e-01  7.34672323e-02
   3.29208761e-01  2.96251863e-01  2.01520070e-01 -2.77938217e-01
  -2.63137430e-01 -4.33609098e-01  1.53885975e-01]
 [ 1.29967824e-01 -3.45632106e-01  1.19399868e-01 -3.17974910e-02
   2.25428477e-01 -1.69937417e-01 -1.82537660e-01 -1.95844114e-01
  -1.33738741e-01  4.30533856e-01 -9.53967869e-02  2.77093679e-01
   2.23880172e-01 -1.84416339e-01  1.00258268e-01]
 [ 2.31842220e-01 -2.85693184e-02 -3.74737978e-01  2.71178663e-01
   3.29146653e-01  3.72001044e-02  3.54975343e-01  4.05681133e-01
  -9.91062671e-02 -4.86950725e-02 -1.99977402e-02 -7.01728463e-02
   1.24343723e-01 -3.40962373e-02  2.35805219e-05]
 [ 1.26067521e-02  2.41455749e-01  2.95408636e-01 -1.06339425e-01
   2.18386859e-01 -2.22098716e-02 -3.93297561e-02 -7.08303452e-02
   7.22535886e-03 -3.31021510e-02  4.08790052e-01  2.62233227e-01
   1.18180225e-02 -1.20437309e-01  3.37382793e-01]
 [ 1.68265522e-01  2.82254905e-01  1.12186529e-01  1.55263409e-01
   1.03624806e-01  2.34082252e-01  2.45780319e-01  4.36866641e-01
  -2.18764141e-01 -3.50762725e-01  5.90817630e-01 -3.78255308e-01
  -2.58872151e-01  2.04786614e-01 -8.31884593e-02]
 [ 2.28729337e-01  1.21480122e-01 -2.65748441e-01  1.35863081e-01
   1.34318545e-01 -6.36648312e-02  9.98533741e-02  1.35907635e-01
   1.84819713e-01  2.59019732e-01  4.00245368e-01 -2.78221611e-02
  -9.08636078e-02 -2.32314631e-01  3.67444932e-01]
 [-9.18934196e-02  3.97332966e-01 -2.29906023e-01  2.25123093e-01
   9.35421139e-02 -2.17891727e-02 -6.95858896e-02  4.64104563e-01
   2.74885058e-01  1.28538325e-01  1.29091263e-01 -3.23114902e-01
  -2.88880095e-02 -1.07020266e-01  9.80125889e-02]
 [ 1.47831589e-01  2.84914583e-01  3.29297269e-03 -1.01217888e-01
  -1.82649791e-01 -2.96086930e-02  2.99350411e-01  4.50999290e-01
   4.60565716e-01  3.28957140e-01  1.21208534e-01 -2.81276286e-01
  -3.43340397e-01  1.20659314e-01 -1.97758563e-02]
 [ 1.97002321e-01 -4.80089821e-02 -1.05100490e-01 -1.62541289e-02
   4.56465840e-01  3.97018224e-01 -4.03783396e-02 -3.48085046e-01
  -1.77539065e-02 -1.96620494e-01  2.60819912e-01 -3.46349090e-01
   2.86468267e-01 -3.57739538e-01 -1.58649497e-02]
 [-1.47973329e-01  3.46588969e-01 -1.63546219e-01  3.16485047e-01
   5.57869785e-02  1.35057345e-01 -3.29533160e-01 -2.57079422e-01
   1.22459568e-01  1.91632640e-02  4.76428032e-01  3.72741997e-01
   1.90661937e-01  2.47744322e-01 -3.70323732e-02]
 [ 9.52961087e-01  9.43947256e-01  5.87972403e-01  8.75825763e-01
  -1.22169030e+00  1.63530278e+00 -3.30277890e-01 -3.04147601e-01
  -4.47968751e-01 -2.20774740e-01 -1.30373251e+00 -2.01032609e-01
  -2.96809465e-01  1.17947169e-01  1.34735060e+00]]
Peso 2:
[-0.14391011 -0.06906227  0.09743412 -0.01397742  0.6367656  -0.07112258
  0.1786952   0.16936941  0.27535188  0.03071236  0.5373862  -0.06468376
  0.15684876 -0.15163651 -0.07304765]
Camada: saida
Peso 1:
[[ 1.1569239  -0.0394065 ]
 [ 1.0787      0.01335563]
 [ 0.13588817 -0.34572786]
 [ 0.8161029  -0.21580708]
 [-1.0135169   0.9223009 ]
 [ 0.8507621  -1.272162  ]
 [-0.7113668  -0.10217541]
 [-0.31250194  0.37923583]
 [-0.59324616  0.65996915]
 [-0.33237225 -0.10427128]
 [-0.6966857   1.5068566 ]
 [-0.04636358 -0.181241  ]
 [-0.43896413  0.49010232]
 [ 0.39285693 -0.00630768]
 [ 0.9727313  -0.8775947 ]]
Peso 2:
[-0.4395976   0.43959823]



pesos modelo: 
Test loss: 0.0010, Test accuracy: 1.0000
Camada: meio
Peso 1:
[[ 4.23761398e-01 -2.45946601e-01  1.63255662e-01  3.48496348e-01
  -1.93811581e-01  3.30567986e-01 -1.81916356e-03 -9.27908719e-02
   2.14864939e-01 -1.77111745e-01  2.78062254e-01 -4.12140906e-01
  -4.25598830e-01  3.80791157e-01 -1.07642531e-01]
 [ 3.88746709e-01 -5.98555803e-03 -6.07768893e-02  1.67257875e-01
  -9.19111669e-02  3.59446555e-01 -2.83045173e-01 -2.43251979e-01
   1.58882886e-01  6.59144223e-02 -3.26513439e-01  2.58276731e-01
  -1.26203597e-02 -3.96901071e-01  1.29568487e-01]
 [-1.20814890e-01 -3.01363766e-01  2.00414687e-01 -5.79222441e-02
   1.46616846e-01 -3.87120813e-01 -4.81086075e-02  3.48256558e-01
  -2.57772028e-01 -3.33490670e-02  1.61740810e-01  3.29558760e-01
   3.61656994e-01 -3.99195671e-01 -3.17702293e-02]
 [ 4.44733053e-01  4.32076335e-01  3.40142660e-02 -2.41437078e-01
   3.33210588e-01  1.28246441e-01  2.87446320e-01 -2.39774615e-01
  -4.43228930e-02 -4.69971970e-02  4.29359466e-01 -6.23281077e-02
  -3.62678796e-01  3.60477656e-01  2.73372501e-01]
 [ 3.74319643e-01  2.87939847e-01  1.05395839e-01 -3.93870443e-01
   2.22039282e-01 -1.26441151e-01 -3.04278940e-01  1.25425294e-01
   3.47864985e-01  1.83218569e-01 -1.83453292e-01 -2.89580911e-01
  -1.56379666e-03  3.89790416e-01 -3.18583436e-02]
 [-1.90614730e-01  3.50672632e-01  9.52003971e-02 -4.11909148e-02
  -1.04460523e-01  1.11038499e-01  3.94961566e-01  1.98436871e-01
   2.25837499e-01 -2.50980288e-01 -1.29669666e-01 -8.61033574e-02
   1.66048393e-01  1.14085585e-01  1.56209290e-01]
 [ 2.00005174e-01 -1.48301469e-02  2.61220157e-01 -6.11121505e-02
  -1.22831061e-01 -6.12155236e-02 -3.08191150e-01 -2.62525026e-02
  -2.28752881e-01 -2.84607261e-01  1.22692296e-02  3.58997613e-01
  -2.07946315e-01 -9.69231054e-02  3.16283852e-01]
 [ 4.40008432e-01  4.00746614e-01  2.53920197e-01 -2.21420556e-01
   2.03631610e-01  2.70774424e-01 -3.88387471e-01  1.60052463e-01
  -1.38124824e-01 -3.10167521e-01  3.72858137e-01 -2.79241353e-01
  -2.63486922e-01  3.39910150e-01  2.61320733e-02]
 [ 1.28635004e-01  3.24980468e-02  6.58441857e-02 -8.83341581e-02
   1.13711096e-02  2.36243904e-01  1.10142954e-01 -3.70508544e-02
   1.16694972e-01  4.45727736e-01  2.88508266e-01  8.55163634e-02
  -2.33045086e-01 -3.56623441e-01 -2.67085880e-01]
 [-4.13105994e-01  5.05392373e-01  2.14213189e-02 -3.52821589e-01
   7.54298717e-02 -1.76050127e-01  2.32240349e-01 -9.42145102e-03
  -1.38697594e-01 -2.30479375e-01 -1.34245768e-01  7.25214630e-02
   5.71446307e-02 -4.32915270e-01  3.51676941e-01]
 [ 3.34289640e-01  3.10143709e-01  1.82559505e-01 -8.95652026e-02
  -9.88537744e-02  1.22448362e-01  6.28044680e-02  6.49038702e-02
   3.44669282e-01  2.81581402e-01 -1.26916945e-01 -2.67276198e-01
   1.14714541e-01 -3.67404222e-02  3.55571568e-01]
 [-7.86214545e-02  1.10439561e-01  1.75020233e-01 -4.32915419e-01
   1.58921123e-01 -1.55141978e-02 -2.12756678e-01 -1.62110463e-01
   1.39248818e-01 -2.76638269e-01  3.45602632e-01  3.17396909e-01
   2.51391351e-01 -8.27195421e-02  8.24152678e-03]
 [ 4.66879219e-01  6.29325807e-02  1.84097826e-01 -2.93376565e-01
  -1.12092039e-02  2.47086793e-01  4.54301126e-02 -1.02958217e-01
  -3.80687624e-01  7.17545822e-02 -2.37357527e-01  9.90260392e-02
   4.18359578e-01  1.35709077e-01 -9.51115340e-02]
 [-1.44217819e-01  4.48877305e-01 -2.54200399e-01 -3.57893378e-01
   4.26609293e-02  2.79969454e-01 -2.62599468e-01  1.40130281e-01
  -2.12714568e-01  6.42398223e-02  8.91569704e-02  2.06415087e-01
  -3.24146628e-01  1.26970127e-01 -8.68699234e-03]
 [-1.17791876e-01  1.52896345e-01  1.11816777e-02  3.10953677e-01
   5.86493872e-02 -1.63080677e-01 -3.54807168e-01  2.96745956e-01
  -2.11348355e-01 -1.64595529e-01  1.01599433e-01  5.95309995e-02
   1.62046254e-01  3.62943739e-01 -2.29842141e-01]
 [-3.12932402e-01  3.45304757e-01  2.33427450e-01  3.32699150e-01
   1.53553456e-01 -5.30156344e-02 -1.06084064e-01  1.42821267e-01
  -3.81546259e-01 -9.70046129e-03  3.80616367e-01  1.11635000e-01
  -9.29958001e-02  1.17987029e-01  6.33384436e-02]
 [-1.89109072e-01 -1.36245704e+00 -6.31575346e-01  2.39064887e-01
   1.85870063e+00  1.60091496e+00  1.42243683e-01  8.66365373e-01
  -2.79636770e-01 -3.55594814e-01 -5.70440173e-01 -2.05484286e-01
   8.82547870e-02 -2.81044543e-01  1.12452185e+00]]
Peso 2:
[ 2.0027587e-01  7.6748252e-01  2.3039216e-01 -2.5232842e-02
 -1.3933295e-01 -6.1727554e-02  3.4276899e-02 -5.3589761e-02
 -4.0780827e-02  1.2667264e-01  2.2580677e-01  9.3781181e-02
  5.3899415e-04 -4.2368709e-03 -6.0523219e-02]
Camada: saida
Peso 1:
[[-0.3403094   0.4383566 ]
 [-1.2441947   1.2802662 ]
 [-0.6572042   0.21643682]
 [-0.44784144 -0.09241172]
 [ 1.2896856  -1.3105495 ]
 [ 1.1257977  -0.86875665]
 [-0.28747746  0.22922504]
 [ 0.5064507  -0.5639458 ]
 [-0.4118936  -0.41426238]
 [-0.23494999  0.3214559 ]
 [ 0.12500545  0.9076413 ]
 [-0.26546052  0.5077768 ]
 [-0.40563545 -0.35020897]
 [-0.49610227 -0.13898747]
 [ 0.70256144 -0.89364666]]
Peso 2:
[-0.5239991  0.524    ]



pesos modelo: 
Test loss: 0.0011, Test accuracy: 1.0000
Camada: meio
Peso 1:
[[-1.26379222e-01  1.30684763e-01 -2.93580592e-02 -2.46742457e-01
  -3.35615456e-01 -3.91106427e-01  4.08731252e-01  3.70886475e-01
  -1.70367807e-01  1.87086552e-01  2.46224403e-02  1.18418545e-01
  -1.53411150e-01  2.37274259e-01  1.49054259e-01]
 [-2.70700753e-01  2.79391021e-01 -4.15334493e-01 -1.11264735e-01
  -3.55607748e-01  2.92495787e-02 -1.78410798e-01  4.20723826e-01
  -9.90380347e-02  4.16922569e-02 -4.32237267e-01 -1.57893121e-01
   2.32301086e-01  3.21161896e-01  4.31193203e-01]
 [-6.00488484e-02 -1.25807613e-01  3.77992064e-01 -3.66769344e-01
  -3.43112916e-01  8.61716568e-02  2.93446749e-01 -2.61489928e-01
   3.76508921e-01  4.49567437e-02 -8.98937881e-02  3.56919080e-01
  -3.64109874e-03  1.11496598e-01 -1.81263685e-02]
 [ 3.92090768e-01 -3.59934777e-01  9.94926970e-03  3.09931695e-01
  -2.11302400e-01 -4.07955736e-01  1.47273809e-01  1.24174252e-01
   2.95149922e-01 -2.40996748e-01  4.11132991e-01  1.89187124e-01
   3.11585516e-01  3.51763040e-01  3.67569298e-01]
 [-1.07518742e-02 -4.28076208e-01  7.02674016e-02  3.11013013e-01
  -3.05559427e-01 -4.27006662e-01  1.54845670e-01  4.02379066e-01
  -3.25366944e-01 -2.61862762e-02  5.51026165e-01  1.36920130e-02
  -1.16872527e-01 -3.00474912e-01  2.03918353e-01]
 [ 1.77603543e-01  1.33516386e-01 -2.19918728e-01 -2.70975769e-01
   2.39862949e-02 -2.01084673e-01  1.74413502e-01  9.19695944e-02
  -3.64162505e-01 -2.84677267e-01  1.79345816e-01 -3.31478775e-01
  -3.82714421e-02  1.99109659e-01  2.55300730e-01]
 [ 2.82890528e-01  2.45494887e-01 -1.81198582e-01  3.86064619e-01
   1.39621496e-01  4.53076482e-01 -2.46250585e-01 -2.71008283e-01
  -2.25987077e-01 -1.85474083e-01  1.13503456e-01  5.25237694e-02
   3.02815199e-01  2.29837615e-02 -2.93912113e-01]
 [-2.46505842e-01  3.13096493e-02 -3.02154064e-01  6.18501082e-02
   1.99020699e-01  9.80100781e-02  4.64875028e-02  4.88338590e-01
   1.84178352e-01  4.06894416e-01  1.83841363e-01  5.07761054e-02
   5.61563373e-02 -3.61963004e-01  2.63198614e-02]
 [ 5.09149909e-01  1.72882840e-01 -3.18857521e-01 -2.95924628e-03
  -2.25591406e-01  1.04475729e-01 -1.93120942e-01  3.59593660e-01
  -3.38651001e-01  3.07973444e-01  2.34572649e-01 -9.87315774e-02
   3.21236938e-01 -1.42586082e-01 -3.28335226e-01]
 [ 2.29275867e-01 -2.57569492e-01  1.73497975e-01  3.41856539e-01
  -3.35799336e-01  5.93741834e-02 -4.15812135e-01 -2.88755447e-01
  -2.46246412e-01  7.01465234e-02  2.83972044e-02 -4.11361903e-01
   4.64396179e-01 -2.98756473e-02 -4.39998545e-02]
 [ 1.94418907e-01  3.47537547e-02 -1.34266913e-01 -2.76192129e-01
  -1.17874697e-01 -3.30866486e-01  5.04492745e-02  1.76818639e-01
  -2.91451849e-02  2.12176919e-01  2.11699545e-01  2.21318498e-01
  -1.96157485e-01  1.50034219e-01 -1.37569457e-01]
 [ 3.63289237e-01  3.63403484e-02 -1.29407153e-01  2.53854096e-01
  -4.21303026e-02 -1.13299415e-01  2.39310309e-01  2.13015247e-02
   2.51451910e-01 -2.61745602e-01  3.01062524e-01  2.85481095e-01
   4.14378166e-01 -3.37241143e-01  2.84795076e-01]
 [-2.75859833e-01 -1.50115624e-01  3.63448113e-01  4.58477557e-01
  -6.85638711e-02 -4.00089949e-01 -2.14798614e-01  6.10868894e-02
   1.58501789e-01 -3.00834626e-02  2.44185716e-01 -3.20048422e-01
  -1.75608508e-02  2.30000034e-01  8.89236480e-02]
 [-1.03254505e-01 -3.32070500e-01  2.02332120e-02  4.09695148e-01
   7.21356692e-03 -3.74495238e-01  1.94391951e-01  2.22364202e-01
   2.35631187e-02  1.23270832e-01  1.80171743e-01 -3.79548699e-01
   1.19939610e-01  8.10242519e-02 -1.99425027e-01]
 [ 3.12761247e-01 -1.49451867e-01 -2.77144521e-01  3.50220770e-01
  -2.39876628e-01  1.59555614e-01 -3.03448111e-01 -6.69832528e-02
  -4.25052881e-01 -8.40986595e-02  2.90898055e-01  2.23948523e-01
   2.61650026e-01  4.51187164e-01 -1.94046309e-03]
 [ 1.50245488e-01 -3.29555839e-01 -3.98845166e-01  2.13222697e-01
  -1.29060745e-01  5.17689772e-02 -4.30271387e-01 -9.91352573e-02
  -3.47583294e-01  2.72825599e-01  3.04219276e-01 -3.36736321e-01
   1.24814652e-01  8.62216353e-02  4.65862811e-01]
 [ 1.09839046e+00 -2.05969378e-01  3.93453380e-03  1.17161202e+00
   1.45204082e-01 -9.71409902e-02 -3.80562186e-01  7.03648448e-01
   2.29788825e-01 -3.44425470e-01 -2.19427872e+00 -2.73884654e-01
  -1.17661643e+00 -4.84641135e-01  7.08886623e-01]]
Peso 2:
[-2.8515698e-02  1.4483844e-02 -5.7807681e-04 -6.7928724e-02
 -9.3187191e-02  3.0316826e-02 -6.4409479e-02  6.4740062e-02
 -7.2169849e-03  8.2611948e-02  8.9065689e-01 -5.9742238e-02
  4.9521077e-01  1.6178419e-01  4.7970682e-02]
Camada: saida
Peso 1:
[[ 0.9168969  -0.77582735]
 [-0.4076611   0.25023964]
 [ 0.23237619  0.21194509]
 [ 0.6886549  -1.0127724 ]
 [-0.401811    0.43021113]
 [-0.08350998  0.47314158]
 [-0.25668123 -0.43627703]
 [ 0.41409627 -0.7672742 ]
 [ 0.10535923  0.15984346]
 [ 0.10863006  0.4901229 ]
 [-1.6716499   1.8228588 ]
 [-0.18498978 -0.3064889 ]
 [-0.98988837  1.0107344 ]
 [-0.78332585 -0.21939594]
 [ 0.15768771 -0.6356197 ]]
Peso 2:
[-0.07260398  0.07260392]



pesos modelo: 
Test loss: 0.0011, Test accuracy: 1.0000
Camada: meio
Peso 1:
[[-1.52551174e-01  1.98976189e-01  1.89256579e-01  2.20478147e-01
   6.58396780e-02  3.48499984e-01  1.50558144e-01  1.45462424e-01
   3.98626477e-01 -2.42971480e-01 -1.34987235e-01 -3.16551656e-01
   1.27960533e-01 -4.40948308e-02  4.14806634e-01]
 [-2.33201325e-01 -1.23939604e-01  1.30669802e-01  2.83770829e-01
  -1.45247370e-01 -3.45030963e-01 -2.46004462e-02 -8.74181390e-02
  -1.34853959e-01  1.36722893e-01  3.96231920e-01  1.68749124e-01
  -1.36480927e-02  1.72263384e-02  1.28721386e-01]
 [-2.10142434e-01  2.39856988e-01 -1.63167983e-01  6.62367344e-02
  -8.10371935e-02 -3.47476274e-01 -1.44831419e-01  1.61145627e-02
  -3.17894161e-01 -2.44409442e-02 -9.45655406e-02  3.95349532e-01
   1.14935368e-01 -3.07934761e-01 -2.79390335e-01]
 [ 3.28891501e-02  2.15163186e-01  2.56233569e-02  1.42353579e-01
  -6.59552589e-02  1.68284401e-01  2.02168092e-01  4.24284153e-02
  -3.35532837e-02  5.10822758e-02 -2.85086572e-01 -1.00679286e-01
   1.76700763e-02 -8.70367438e-02 -1.91011608e-01]
 [ 2.72460669e-01  2.16782242e-01  5.12596607e-01 -3.48904818e-01
   8.82465690e-02 -1.73571199e-01 -2.52851516e-01  2.35030398e-01
  -4.43794519e-01  3.03039342e-01 -4.09360141e-01 -1.56296149e-01
   7.38816261e-02  4.44759339e-01 -6.45971820e-02]
 [-3.73537630e-01  1.84213594e-01 -2.03595668e-01  2.56868333e-01
   9.96065736e-02  3.71591263e-02  3.70941281e-01 -3.27137768e-01
   3.04517865e-01 -1.29603013e-01 -3.90023440e-01 -1.38450682e-01
   4.62586619e-02  3.55657995e-01 -1.22550212e-01]
 [ 2.24347681e-01 -1.86231196e-01  3.32106411e-01 -4.29803766e-02
   8.26053768e-02  2.24917158e-01  1.62984952e-01  1.91085592e-01
  -4.06248093e-01  2.55281895e-01 -2.41451696e-01 -1.61908031e-01
   1.72803372e-01  5.03307581e-01  1.04599129e-02]
 [-4.47135210e-01  2.35932022e-02  2.36530140e-01  2.53155798e-01
  -5.42238690e-02 -4.39103357e-02 -2.63738930e-01 -2.96291828e-01
  -2.64455050e-01  1.18736267e-01  8.20536166e-02  8.98981988e-02
   1.94305927e-01  3.02782476e-01 -3.40677015e-02]
 [-1.09388240e-01 -3.60179305e-01 -6.57140911e-02 -4.06128556e-01
   3.48242745e-02 -3.77247244e-01  4.91242200e-01 -2.22472131e-01
   2.47688759e-02 -2.12361943e-02 -7.83450231e-02  5.11733070e-02
   1.42043248e-01  4.27039653e-01  8.95193219e-02]
 [-7.40491003e-02 -3.50962989e-02  2.80995890e-02 -2.70235389e-01
  -2.13015489e-02  2.38360614e-01 -3.01303834e-01 -7.81905502e-02
  -3.99360120e-01 -1.89536845e-03  3.20741475e-01  1.01879284e-01
   2.18958706e-01  3.70751083e-01  9.95809063e-02]
 [-2.79640168e-01 -1.32579640e-01  4.47782159e-01 -3.29584867e-01
   1.28269896e-01  4.71685897e-04 -1.10266082e-01  4.69271421e-01
   3.77763361e-01  1.06274001e-01 -2.09840149e-01  3.47639583e-02
  -1.33762807e-01  3.92441601e-01  2.52785474e-01]
 [-1.64804980e-01  1.75341032e-02  4.44264680e-01 -2.75449336e-01
   2.74161343e-02 -3.53050798e-01  3.75445150e-02 -4.23778184e-02
   8.10397863e-02 -2.42518820e-02 -3.83573383e-01 -3.06025535e-01
   8.42572451e-02  3.72918397e-01  3.95710021e-01]
 [ 1.54960334e-01 -2.39511058e-01  9.48380381e-02 -1.42050341e-01
   2.35104840e-03 -4.23366606e-01 -2.52869368e-01  2.44615540e-01
  -2.64217585e-01  1.88673474e-02 -4.51016948e-02  1.77647784e-01
  -3.54815722e-01  2.21369900e-02 -1.36066340e-02]
 [-3.62502635e-01 -2.79894590e-01  4.41914648e-01 -1.82991087e-01
   3.91632691e-02 -1.48136958e-01 -3.80311877e-01  2.26316601e-01
   5.62235108e-03  1.42697901e-01 -1.57801956e-01 -4.31499541e-01
  -7.30852559e-02  4.12438869e-01  3.42166930e-01]
 [ 1.72121942e-01 -9.67363492e-02 -2.05002964e-01  1.30216423e-02
  -3.26219834e-02  3.72205563e-02  2.43423283e-02  3.22984070e-01
  -2.27079645e-01  7.62440339e-02 -3.28348666e-01 -2.94884712e-01
  -4.08386551e-02  2.17439264e-01 -1.82014182e-01]
 [-6.19256310e-02  6.07038364e-02  5.41444719e-02  3.20723504e-01
   3.36607471e-02 -3.80898774e-01  1.73926577e-02  4.22013313e-01
  -2.44512916e-01 -1.70356501e-02  5.02436198e-02 -1.55233026e-01
   2.01893583e-01  2.89671004e-01  4.11204509e-02]
 [ 1.82209045e-01  2.87696905e-02 -7.23685980e-01  2.30648294e-01
   2.00112581e+00 -1.16355926e-01 -1.26430869e-01 -2.90218800e-01
   2.00893611e-01  1.99011385e+00  3.55285972e-01 -3.72322500e-01
   6.12624228e-01 -6.66827977e-01  1.33386147e+00]]
Peso 2:
[-0.08145896 -0.13204142  0.49804595 -0.00157348 -0.06042635  0.03361645
  0.13503471  0.2253553  -0.05066236 -0.18660277 -0.00182049 -0.16662806
 -0.13570803  0.5945602  -0.02023631]
Camada: saida
Peso 1:
[[-0.00200255  0.33015144]
 [-0.46702206  0.2509492 ]
 [-0.83579606  0.43998915]
 [-0.36691353 -0.4085581 ]
 [ 1.3548235  -1.3127357 ]
 [ 0.05056555  0.26237896]
 [-0.48476455  0.03332742]
 [-0.1528061   0.48166454]
 [-0.02521556  0.49956575]
 [ 0.8631267  -1.6496347 ]
 [ 0.18784067  0.2112984 ]
 [ 0.5202756  -0.37358057]
 [ 0.05277634 -0.5663872 ]
 [-1.1209875   0.6250057 ]
 [ 1.0073311  -0.7071539 ]]
Peso 2:
[-0.86087817  0.8608766 ]



pesos modelo: 
Test loss: 0.0069, Test accuracy: 1.0000
Camada: meio
Peso 1:
[[ 3.55768889e-01  3.50266695e-03  1.84150428e-01  3.42204839e-01
  -3.71449232e-01  3.47929686e-01  3.63480151e-02  3.37652653e-01
  -3.36824656e-01  3.14099759e-01  2.41741389e-01  2.13440269e-01
  -3.69374990e-01 -3.43436867e-01 -1.90523133e-01]
 [ 3.39561433e-01  1.79892868e-01  1.66848928e-01 -8.84106755e-02
  -6.12545609e-02  2.03078657e-01  2.01758653e-01 -1.20905340e-01
   3.67816299e-01  4.15112525e-01  4.39589620e-02 -3.80552679e-01
  -3.54750335e-01  1.41634017e-01  1.69535726e-01]
 [-3.06843966e-01 -1.26184016e-01  4.12117869e-01 -4.31927055e-01
  -4.17561650e-01 -6.40305579e-02 -3.19782615e-01  2.36319214e-01
   1.83710456e-02  3.32104534e-01  5.82339168e-02  5.25545776e-02
  -2.31004715e-01 -1.20573103e-01 -1.89067677e-01]
 [-1.07990861e-01 -5.87262064e-02 -2.08727822e-01 -1.19624600e-01
   5.21408319e-02 -9.54675488e-03 -1.91956814e-02 -3.17114413e-01
   6.76815659e-02  4.06937659e-01 -1.37072906e-01  2.88100153e-01
  -3.15127403e-01 -3.76968354e-01 -2.13131562e-01]
 [-2.85415873e-02  3.34554046e-01 -2.36167032e-02  1.19121201e-01
   3.22777927e-01  1.76761225e-01  1.00065902e-01  2.91666716e-01
   9.92759168e-02 -1.73044488e-01  1.87286928e-01  1.43463209e-01
  -2.37531841e-01  3.12991947e-01  8.24608058e-02]
 [ 8.16171542e-02  3.65569770e-01  3.64028960e-01 -3.03589553e-01
   5.37733674e-01  2.81005770e-01 -3.36714238e-01  2.67783195e-01
  -1.26389018e-03  2.35307440e-02  2.69520432e-01  3.79505187e-01
   4.88980442e-01 -4.01276737e-01  8.17435086e-02]
 [-7.30911642e-02  2.60006413e-02  1.75472409e-01 -2.58187354e-01
   9.69870910e-02  1.12219423e-01  2.79650331e-01  8.95103440e-02
   7.98634440e-02 -3.90351832e-01  1.93867415e-01 -1.09727411e-02
  -1.80832461e-01 -2.28597656e-01 -4.06003088e-01]
 [ 3.66078764e-02 -5.28917015e-02  3.07883233e-01 -3.92179452e-02
   1.79607362e-01  3.07082444e-01  8.29636902e-02 -1.05749972e-01
   1.55683890e-01  2.64111608e-01  3.99255931e-01 -3.58601250e-02
  -2.17939347e-01 -2.63330698e-01  2.71242261e-01]
 [ 4.98490408e-02  3.25176537e-01  1.51745901e-01 -2.91989028e-01
   1.77271649e-01  3.44638854e-01  4.18969952e-02  7.21182153e-02
  -1.17388412e-01 -1.45368725e-01 -2.80690312e-01  3.25995773e-01
   1.64817706e-01 -6.53126370e-03 -9.43915099e-02]
 [ 1.95042759e-01 -2.02494517e-01  1.70696989e-01  2.88988203e-01
   4.28752869e-01  2.27633789e-01 -3.72169495e-01  3.07459950e-01
  -8.63670409e-02 -2.49062493e-01  2.10005954e-01  2.24225894e-01
  -3.85082126e-01 -2.81175017e-01  3.49388063e-01]
 [ 1.40469521e-01  1.32585689e-02  3.00645262e-01  3.91215473e-01
   1.59905106e-01  4.01771009e-01 -5.26939444e-02  1.87999532e-01
  -4.89210570e-03 -1.88546672e-01 -3.05123329e-01 -1.50589481e-01
  -6.41930103e-02 -3.67159694e-02 -1.56672187e-02]
 [ 1.52951092e-01  1.91720605e-01 -1.45361722e-01  3.80732745e-01
   2.21327111e-01  2.80030340e-01  1.28380984e-01  1.60678387e-01
  -8.43214691e-02  4.85082209e-01 -6.68537468e-02 -6.62869364e-02
   1.05433032e-01 -3.72205973e-01 -3.43390614e-01]
 [ 1.33865371e-01 -3.19778115e-01 -9.32832956e-02 -6.01957962e-02
   1.65968135e-01  5.19450903e-01  1.21628046e-01  3.29257727e-01
   2.75118589e-01  3.20133537e-01 -1.51123881e-01 -1.24032507e-02
   1.86807021e-01 -1.47679046e-01  6.42220229e-02]
 [ 1.11971468e-01  2.32982427e-01 -1.10625565e-01 -3.85789305e-01
   1.53581768e-01  9.47868228e-02 -2.28556380e-01 -1.72959849e-01
  -4.80939746e-02 -2.09526554e-01  9.84973535e-02  3.62027407e-01
  -1.22791670e-01  4.17001499e-03  3.57558012e-01]
 [ 2.37189345e-02  2.43651077e-01  2.37202182e-01 -4.21231151e-01
   2.54800439e-01  9.94196236e-02 -2.24090993e-01 -6.51031211e-02
   7.17260242e-02  1.91443354e-01  2.83123165e-01 -1.04859479e-01
   4.84463543e-01 -9.32999030e-02  2.57070541e-01]
 [ 2.15490952e-01 -2.43716672e-01 -9.32263136e-02 -2.43245855e-01
   2.57756233e-01  6.35600910e-02 -1.52998716e-01 -1.45660654e-01
   2.53349483e-01 -1.79119915e-01 -1.68445587e-01 -2.75763631e-01
  -3.60427588e-01 -3.83603990e-01  1.76600367e-01]
 [ 1.69837141e+00  6.88261986e-01  8.50767672e-01  1.55323327e-01
  -1.41109383e+00 -1.20217109e+00 -3.02780926e-01  1.03447950e+00
   1.13108230e+00  5.35260141e-01  6.08103350e-02  8.54964435e-01
  -4.42937553e-01  2.64001805e-02  1.33307166e-02]]
Peso 2:
[-0.19309223 -0.02633984 -0.137137   -0.00183873  0.73333365  0.5206442
 -0.19918375 -0.0192066  -0.13854934  0.0230669   0.00383619 -0.10760978
  0.17726077  0.01263774 -0.04517391]
Camada: saida
Peso 1:
[[ 0.95632535 -1.4167278 ]
 [ 0.90111315  0.20754531]
 [ 0.4717963  -0.66710925]
 [ 0.39133126  0.32073957]
 [-1.2431369   1.1286043 ]
 [-1.2656302   0.61554104]
 [-0.01627002 -0.39297572]
 [ 0.6789511  -0.68308365]
 [ 0.7306662  -0.76559114]
 [ 0.63805234  0.0646001 ]
 [-0.53688014 -0.43092185]
 [ 0.1565961  -0.8697538 ]
 [-0.51988924  0.35581383]
 [-0.46645263  0.35632163]
 [-0.0293735  -0.00306364]]
Peso 2:
[-0.5716203  0.5716194]



pesos modelo: 
Test loss: 0.0012, Test accuracy: 1.0000
Camada: meio
Peso 1:
[[-2.30437323e-01  3.82470340e-01  7.05505311e-02  3.55657488e-01
   2.11493105e-01 -1.27464056e-01  1.98681325e-01 -4.63370383e-02
  -3.06762159e-02  1.88968569e-01 -4.07988250e-01  1.01426750e-01
  -4.28891003e-01  5.33771813e-02 -4.17406797e-01]
 [ 7.92471468e-02  1.36305779e-01  1.16909176e-01  2.61537045e-01
  -2.32473493e-01  7.00786412e-02 -7.56784081e-02 -4.18243110e-02
  -2.79471576e-01 -3.82511437e-01 -3.01008105e-01 -1.63342357e-01
   4.18246955e-01 -9.87076461e-02  4.26919252e-01]
 [ 4.31865126e-01 -3.48451883e-01  2.78273910e-01  3.92506033e-01
   1.61323637e-01  3.71223837e-01  1.14811271e-01  7.91939795e-02
   2.60846764e-01  1.91690773e-01  1.53401941e-01 -4.28124666e-01
  -2.44370773e-01  3.83996099e-01  2.96490699e-01]
 [ 1.17236018e-01 -2.35888168e-01 -3.90596300e-01 -1.00815877e-01
   2.79680312e-01  2.96959996e-01  3.09434175e-01  2.92131096e-01
   1.48796871e-01 -1.55428648e-01 -3.27709347e-01 -1.43534854e-01
   1.65083542e-01  2.41565853e-02  2.15863734e-01]
 [-5.55890240e-02  3.22733730e-01 -9.99688264e-03  3.56060386e-01
  -3.21298271e-01  1.22112796e-01  4.19296294e-01 -1.42439911e-02
  -1.83223695e-01 -2.73721814e-01  1.25006465e-02 -3.98613483e-01
  -1.02762438e-01  2.95845300e-01  1.60519689e-01]
 [ 1.12657979e-01  3.82768624e-02 -3.09960604e-01 -2.38063931e-01
   3.87725174e-01  3.32501419e-02 -2.07233205e-01  1.58544242e-01
  -3.60758275e-01 -3.70380469e-02 -2.82818586e-01  8.88934210e-02
   2.10545450e-01  2.34879538e-01 -1.97133515e-03]
 [ 2.20694914e-01  3.78589988e-01 -1.74902588e-01  1.01451032e-01
   4.19605047e-01  2.62844473e-01 -1.18111625e-01 -1.67444736e-01
  -2.50012100e-01 -3.62856925e-01  3.29011053e-01 -2.75849730e-01
  -2.02730894e-01  1.83366343e-01  1.78124398e-01]
 [ 3.10442775e-01  3.46491754e-01 -4.08723474e-01 -2.33683974e-01
  -9.63846445e-02 -5.18022571e-03  3.52209896e-01  8.36306438e-02
   2.37585735e-02  2.47129530e-01 -2.18961854e-02 -1.71765879e-01
   1.65576041e-01  2.13085189e-02 -3.23807776e-01]
 [-1.34377163e-02  8.22431967e-02 -4.12062965e-02  2.28888482e-01
  -1.88334864e-02  2.02055931e-01  1.85932010e-01 -2.71802217e-01
  -9.54493601e-03 -2.24642158e-01 -2.30907023e-01 -9.00111347e-02
  -2.37339333e-01 -2.03518495e-01 -8.77408870e-03]
 [-1.68047834e-03 -2.63585895e-01 -3.01631898e-01 -4.68106121e-02
   2.47749552e-01  2.50530511e-01  2.15305135e-01 -1.64847523e-01
   5.11591025e-02 -2.04953700e-01  5.88413179e-02  2.88369298e-01
   3.15225035e-01 -1.15252055e-01  8.76250118e-02]
 [-8.87444094e-02 -4.06752497e-01  5.23069799e-02  2.73961890e-02
  -1.02472037e-01  3.45993280e-01  4.25886571e-01 -5.64877018e-02
  -1.68209225e-02  2.46418953e-01 -2.39037737e-01 -1.75020531e-01
   2.21691802e-01 -1.11895308e-01  2.33961836e-01]
 [ 1.06662549e-01  4.09484357e-01  3.89517307e-01 -2.22414777e-01
   1.44859269e-01  1.39885724e-01 -2.43245840e-01  4.95437682e-01
  -8.51702690e-03 -1.62538797e-01 -3.36151630e-01 -3.19672853e-01
   3.36641431e-01  3.12711596e-01  1.65142611e-01]
 [-7.25394264e-02 -1.06364109e-01  3.48944724e-01 -2.58498311e-01
  -5.68605885e-02  2.53963530e-01 -1.13317333e-01  4.35642898e-01
  -3.44429702e-01 -4.22644436e-01 -7.53984079e-02  2.50936419e-01
   2.93273807e-01  3.48085910e-01  3.28845859e-01]
 [-1.42044071e-02 -3.99450630e-01 -3.68963152e-01  2.00850919e-01
  -3.57033521e-01  2.49185905e-01 -2.15491634e-02 -2.00570405e-01
  -3.29134278e-02 -3.95508498e-01 -1.75306663e-01 -7.85977617e-02
  -3.72350633e-01  2.24598378e-01  1.66234612e-01]
 [ 6.47000894e-02 -1.19991794e-01  8.01530033e-02 -3.60586882e-01
  -7.99957514e-02  3.58031660e-01 -1.80695415e-01 -3.24950695e-01
   1.07667968e-01  3.41616809e-01 -2.48199791e-01 -2.34794468e-02
  -3.39693636e-01  3.24077249e-01  2.41319403e-01]
 [ 1.48420408e-02 -5.88223338e-02  2.95223027e-01 -3.59565347e-01
   4.97275978e-01  1.97825357e-01  2.03915566e-01 -1.78281844e-01
  -3.46169204e-01  2.35473774e-02  2.46895552e-01  2.47052342e-01
  -2.89907813e-01  4.42708373e-01  3.65945518e-01]
 [ 1.50552666e+00 -1.22137398e-01  2.91720003e-01 -3.03171098e-01
  -5.12350500e-01 -1.73907959e+00 -2.83667415e-01 -1.11741737e-01
  -3.51624399e-01 -1.65733770e-01  5.83225079e-02  4.39097919e-02
   1.40634149e-01 -8.80414605e-01  2.03740859e+00]]
Peso 2:
[-0.02318442  0.02302869 -0.0125741   0.00115367  0.23148426  0.7864857
  0.05830223  0.08982845 -0.07795063  0.0319251  -0.02099121 -0.01798712
 -0.00599732  0.33854938 -0.28145757]
Camada: saida
Peso 1:
[[ 0.8545437  -1.1137093 ]
 [-0.06702413  0.16983393]
 [ 0.03108824  0.00654992]
 [ 0.44393128  0.4778275 ]
 [-0.1517723   0.7530395 ]
 [-1.4750906   1.3767565 ]
 [ 0.3701574   0.81054014]
 [-0.38994962  0.05828433]
 [ 0.3389853  -0.10566708]
 [-0.01982447  0.2963252 ]
 [ 0.0493476  -0.502985  ]
 [ 0.5617675   0.14806002]
 [ 0.38937148  0.27373165]
 [-1.003334    0.41584533]
 [ 1.1413573  -1.5801439 ]]
Peso 2:
[-0.3204067  0.3204073]



pesos modelo: 
Test loss: 0.0009, Test accuracy: 1.0000
Camada: meio
Peso 1:
[[-2.66923606e-02 -1.55047148e-01  1.34752691e-02 -1.39794320e-01
   7.03252852e-02 -1.44644141e-01  4.10991222e-01  4.31113839e-02
   4.08382505e-01 -3.65541518e-01  5.68268895e-02  1.10165685e-01
  -4.00566250e-01  1.01334780e-01 -1.85406506e-02]
 [ 6.41818941e-02  4.04937536e-01 -2.10165858e-01  2.54666835e-01
   3.70015651e-01  4.00632411e-01 -3.77492905e-02  1.63427621e-01
   2.55008936e-02 -8.94412994e-02 -3.15890849e-01 -8.08838904e-02
  -4.23600674e-01  1.50964588e-01 -2.08830237e-02]
 [-1.18735790e-01 -9.86639857e-02  2.22462803e-01  1.01915151e-01
   3.86736125e-01 -4.39135432e-02  1.92137867e-01  1.65797859e-01
   9.12403166e-02 -4.10828024e-01  1.17410690e-01  1.19941324e-01
   2.82373995e-01  1.73724085e-01 -2.46335298e-01]
 [-4.46149372e-02 -1.48678392e-01 -2.30237186e-01  3.73391122e-01
   3.16239119e-01 -1.92772508e-01  6.25505373e-02  3.34494174e-01
   2.83187062e-01  3.32197160e-01 -1.47402123e-01  1.80610269e-01
  -3.57345790e-01  2.37194389e-01  7.91839734e-02]
 [ 5.98686263e-02 -1.93538576e-01 -1.58043340e-01 -3.18450958e-01
  -2.53978729e-01 -3.94168407e-01 -3.77835531e-04  7.09906444e-02
   2.73697637e-02  2.53386259e-01 -9.70979035e-02  1.59514695e-01
  -2.63587415e-01  5.64259663e-03 -1.48972362e-01]
 [-1.10746570e-01  4.69131380e-01 -1.14094034e-01 -3.46113950e-01
  -8.35674107e-02  1.65612772e-01  5.29683894e-03 -3.89556102e-02
   3.39500993e-01  3.80832344e-01  3.82206917e-01  3.52810323e-01
   1.32989138e-01  3.46742384e-02 -3.99263240e-02]
 [-1.34988144e-01  2.33329564e-01 -4.19877291e-01 -2.59841271e-02
  -4.09929127e-01 -3.13474163e-02 -3.27979773e-01  3.45102936e-01
   9.55057368e-02  3.17551911e-01 -1.45116881e-01  3.40747774e-01
  -2.57516742e-01 -1.72138378e-01  3.20668757e-01]
 [ 3.34010571e-01  8.16121250e-02 -1.67011410e-01  1.55269653e-01
   1.61804512e-01 -6.16552457e-02 -1.23899624e-01 -9.74293128e-02
   2.73909301e-01 -2.93701977e-01 -3.86960983e-01  2.00137496e-01
   3.76452625e-01  3.98136795e-01 -1.31611153e-01]
 [ 1.69722989e-01  1.70995548e-01 -4.59131688e-01 -4.34746109e-02
  -1.38921574e-01  1.42085865e-01  2.17624351e-01  1.32163346e-01
   2.36328155e-01 -1.73173815e-01 -1.77963182e-01 -5.81757464e-02
  -2.56623924e-01  1.02459624e-01  3.89467865e-01]
 [ 3.73165250e-01  2.46590734e-01  1.21244878e-01  1.57909334e-01
  -1.88048556e-01  1.60864621e-01  1.61671460e-01  7.45586231e-02
   1.70720458e-01  1.15659028e-01 -1.47809857e-03 -1.37712471e-02
  -3.26861292e-01  1.51942566e-01  2.28332177e-01]
 [ 3.04845393e-01 -2.14416176e-01 -1.99279413e-02 -3.34098339e-01
   3.98985386e-01 -2.98054248e-01  2.31033601e-02 -1.58119753e-01
   1.44213000e-02  6.48090541e-02 -2.66352117e-01  2.60927975e-01
  -4.21933472e-01  4.25641567e-01 -5.19539602e-02]
 [-3.68566555e-03 -2.33685542e-02  2.51524091e-01 -2.12605894e-01
  -6.25524670e-02  1.75251186e-01 -1.57325059e-01  4.07716148e-02
   1.39904514e-01 -3.11576366e-01 -8.88257101e-02  5.95083795e-02
   3.07376117e-01 -3.73104401e-02 -4.95354366e-03]
 [ 5.14070466e-02  2.16758907e-01  3.59274387e-01 -9.20101702e-02
   4.34939414e-01  2.47636124e-01 -2.75261700e-01 -9.10502523e-02
   1.17654100e-01 -7.55026713e-02 -4.32759710e-02  2.89676517e-01
  -4.07473266e-01  1.26765206e-01  2.96447445e-02]
 [ 2.42749006e-01 -2.32835606e-01 -4.34720635e-01 -3.31605971e-01
   3.24359328e-01 -3.30586821e-01 -1.23677693e-01  2.78993428e-01
   1.21336095e-01  4.24471796e-01  3.77455316e-02  1.60446659e-01
  -1.84117332e-01  3.18596303e-01 -2.75669366e-01]
 [ 1.84346542e-01  3.51890862e-01 -2.80292749e-01  1.99939579e-01
   8.36325735e-02 -1.47779226e-01 -1.10255606e-01  1.53102696e-01
   4.95096296e-01 -2.35350549e-01 -3.50982130e-01 -1.36237159e-01
  -2.14069232e-01  1.27436668e-01  1.61841422e-01]
 [ 4.19932842e-01  3.03394794e-01  1.16947576e-01  3.96458328e-01
   3.85315903e-02 -3.85975122e-01 -4.24243182e-01  2.01190874e-01
   3.55709523e-01 -1.25923082e-01 -3.78436059e-01 -2.41279230e-01
  -1.59306452e-01  1.27135471e-01  2.39374176e-01]
 [-1.10628915e+00  1.25122142e+00  1.83744743e-01  1.31074637e-01
  -3.00082773e-01 -5.39773665e-02 -3.95297185e-02  6.26007915e-01
  -1.80677009e+00 -1.85572788e-01 -2.96863198e-01 -9.07510340e-01
  -4.22817767e-01  1.69990230e+00 -5.64698577e-01]]
Peso 2:
[ 4.69973534e-01  2.19124537e-02 -9.02454853e-02 -9.25398059e-03
  8.63655731e-02  2.58119253e-04  6.77777268e-03 -4.23169844e-02
  6.98287427e-01  3.53654362e-02 -4.95461700e-03  4.11099315e-01
 -1.49839530e-02 -1.15230896e-01  2.99552798e-01]
Camada: saida
Peso 1:
[[-0.7383792   1.0236146 ]
 [ 0.7601053  -0.8666334 ]
 [-0.46656072  0.05112098]
 [ 0.47072253  0.34421897]
 [ 0.23770034  0.7126966 ]
 [-0.30762962 -0.28276393]
 [-0.27493045  0.01339493]
 [ 0.1728507  -0.7090499 ]
 [-1.4820449   1.2917885 ]
 [-0.3755962  -0.05422755]
 [-0.08812571 -0.27150214]
 [-0.9023412   0.5275382 ]
 [-0.13633323 -0.3649723 ]
 [ 1.175823   -1.2185882 ]
 [-0.73464483  0.20737156]]
Peso 2:
[-0.09194281  0.09194242]



pesos modelo: 
Test loss: 0.0016, Test accuracy: 1.0000
Camada: meio
Peso 1:
[[ 1.51607662e-01  1.97735339e-01 -3.60956401e-01 -9.48518217e-02
   1.24868006e-01 -1.53947681e-01 -3.21806908e-01  2.22422391e-01
  -3.70751321e-02 -2.21556455e-01  4.17435676e-01 -3.48402858e-01
  -1.64793581e-01  3.37330103e-02 -3.97708833e-01]
 [-1.98693514e-01  2.12962359e-01  4.32041287e-03  2.56007701e-01
  -3.88916314e-01  3.84923905e-01  1.35238439e-01 -1.46822155e-01
   1.55141741e-01 -4.57330048e-02 -2.94537753e-01  1.09934539e-01
  -2.16072500e-02 -4.28171217e-01 -1.65624440e-01]
 [ 2.31451958e-01  2.26333469e-01 -1.51482761e-01  1.70408279e-01
  -4.56852019e-02  2.43820280e-01 -1.67746395e-01 -2.60999352e-01
  -1.30562454e-01  8.88185799e-02 -1.68854147e-01 -2.45016217e-01
   1.91034287e-01 -2.48601466e-01  4.44555283e-02]
 [ 7.88996443e-02 -6.09194860e-03  2.51319297e-02  9.68019012e-03
   2.97295839e-01 -6.15951717e-02  1.22392751e-01  2.13592172e-01
   3.99152637e-02 -4.06037748e-01  1.17182679e-01 -2.58772939e-01
   4.77491558e-01  3.58469695e-01 -2.85630882e-01]
 [-1.59309238e-01  3.32619458e-01 -4.19441134e-01  3.85074466e-01
  -8.48173723e-03  1.29160121e-01  3.87883902e-01 -1.22898050e-01
  -3.31557572e-01  2.41930261e-01 -3.94324847e-02  3.22081536e-01
   6.57426491e-02 -1.20331226e-02  2.21828967e-01]
 [-1.24948584e-02  3.86912823e-01 -3.51430565e-01  4.01179731e-01
  -4.14506197e-01  3.05321068e-01  1.82844430e-01  1.61765113e-01
  -2.42616534e-01 -2.73480624e-01  1.45208523e-01  4.18569833e-01
  -2.48708576e-01  2.37876236e-01  3.77953172e-01]
 [-3.18682879e-01 -1.77575275e-01 -2.61944979e-01  3.24591398e-01
  -1.21044338e-01 -4.37974721e-01 -1.33908212e-01  2.48367965e-01
  -2.10871220e-01  2.39662528e-01  1.27905920e-01 -2.81506181e-01
  -9.82115567e-02  3.50050628e-01 -4.13440913e-02]
 [-3.23534161e-01 -2.23668560e-01 -8.32360089e-02  3.80278766e-01
  -2.45969612e-02  3.78562361e-01  1.14262469e-01 -2.40182847e-01
   1.01934463e-01  2.45126680e-01  1.92112267e-01 -1.12285845e-01
   3.13341469e-01  2.94978559e-01 -7.20972270e-02]
 [-2.21277103e-01  2.37777308e-01  1.26252294e-01 -2.29556456e-01
  -3.56307358e-01  3.45738202e-01  1.73169836e-01 -7.93904886e-02
   2.09214464e-01 -1.53888017e-01  5.08168750e-02 -2.51314472e-02
   2.96713471e-01  3.26369017e-01  1.59097686e-01]
 [-7.86802769e-02  4.38459635e-01  3.26808870e-01 -2.66770337e-04
   3.26832354e-01 -1.16935462e-01  3.33605230e-01 -3.76182377e-01
   1.47677176e-02 -2.63872355e-01  1.38117805e-01 -4.09206860e-02
   4.51758325e-01  3.18868011e-01  2.71025240e-01]
 [-3.41885015e-02  2.26333484e-01 -2.99875796e-01  1.79178178e-01
  -3.31541330e-01 -3.22364241e-01  4.01316695e-02  5.06558418e-02
  -4.74061780e-02  1.19089097e-01  1.27107725e-01 -3.15038472e-01
   2.38604099e-01 -1.05665922e-01 -3.16441655e-01]
 [-2.30384424e-01 -1.62027940e-01 -6.79112226e-02  1.62586328e-02
  -1.82626039e-01 -2.56907046e-01 -3.67009193e-02 -4.10588294e-01
   1.25159239e-02  7.78485760e-02  2.15230212e-01  6.00993969e-02
   4.69147116e-01  3.07291806e-01 -2.85032302e-01]
 [ 2.53397137e-01 -1.47252977e-01  3.30005258e-01  6.51963502e-02
   4.60130069e-03  4.08499986e-01 -5.69841936e-02  2.19743297e-01
  -4.23251837e-01 -1.21323816e-01 -1.03659727e-01 -3.02310467e-01
  -2.58406699e-01  3.21992874e-01 -7.57376328e-02]
 [ 1.73327237e-01  3.25730443e-01  3.17029178e-01  4.14854065e-02
  -2.38840446e-01  1.69653475e-01  1.52706116e-01 -1.15229212e-01
  -2.39980042e-01  3.73158269e-02 -1.31123289e-01  2.06708372e-01
   6.11931905e-02 -2.47869447e-01  2.46662542e-01]
 [ 1.82248816e-01  1.96672052e-01  2.05038428e-01  3.50387961e-01
  -4.20666367e-01  2.01620176e-01  1.92302093e-02 -1.16875194e-01
   7.89109617e-02 -6.55521452e-02  1.06581420e-01 -3.12884867e-01
  -7.08913580e-02 -1.07041739e-01 -2.56489068e-01]
 [-4.48754102e-01  5.78419209e-01  1.16368636e-01  1.34101078e-01
   3.25009584e-01  4.49601263e-02  1.26293972e-01  1.10655785e-01
  -4.30194199e-01 -1.57914966e-01  2.49030679e-01  3.74333799e-01
   3.21619481e-01  4.48614061e-02  2.90549427e-01]
 [-3.29002380e-01 -9.27481413e-01  3.29272389e-01 -1.00759983e+00
   6.03928305e-02 -1.89091623e-01  1.52731073e+00  1.61579713e-01
  -3.13336819e-01  9.83455926e-02  2.08403683e+00 -8.76344070e-02
  -7.92522252e-01 -8.97030592e-01  2.95213193e-01]]
Peso 2:
[-0.1102616   0.5173637  -0.00811827  0.44616327 -0.1392878   0.04281474
 -0.20828436 -0.0950448   0.01121854 -0.00905866 -0.2500257   0.0172154
  0.3608903   0.3693416   0.01835623]
Camada: saida
Peso 1:
[[ 0.2394267  -0.40047467]
 [-0.6150582   1.0770634 ]
 [ 0.11218327  0.00467399]
 [-1.0942469   0.6192084 ]
 [ 0.48612887 -0.42875832]
 [-0.652712   -0.31267214]
 [ 1.1611263  -1.1569219 ]
 [ 0.4973741  -0.15104008]
 [-0.07006784  0.06140547]
 [-0.17896745 -0.08885565]
 [ 1.4330337  -1.48059   ]
 [-0.04726299  0.12587483]
 [-0.25887966  1.1045119 ]
 [-1.0661057   0.3758763 ]
 [ 0.16566768 -0.3410509 ]]
Peso 2:
[-0.32672253  0.32672203]



pesos modelo: 
Test loss: 0.0011, Test accuracy: 1.0000
Camada: meio
Peso 1:
[[-3.94321680e-02  3.54591578e-01 -9.81552303e-02 -2.90865362e-01
  -2.10533395e-01  3.45387071e-01 -2.38042369e-01 -3.44423950e-01
   2.84193665e-01  3.35391015e-01  4.28505749e-01 -3.60507309e-01
   4.31589156e-01 -3.39053392e-01 -2.31422216e-01]
 [-1.45579785e-01 -2.68524587e-01  4.01282221e-01  1.39724344e-01
  -2.15418935e-01  2.16175050e-01  3.64736766e-01  1.75897807e-01
   2.29837209e-01  4.20589417e-01  4.22503650e-02 -4.10240412e-01
  -3.11859280e-01 -7.47881830e-02 -2.23654881e-01]
 [-1.25579745e-01 -2.23947555e-01  1.82348102e-01 -1.46700561e-01
   3.60302061e-01 -5.46200573e-02  3.82158130e-01 -9.15733874e-02
   3.57519478e-01  1.22602254e-01 -3.66416276e-02 -2.71611631e-01
   3.29911619e-01  1.51846439e-01  2.52836615e-01]
 [ 2.16488224e-02 -5.66780344e-02 -4.78089118e-04 -3.62512261e-01
   4.56812233e-01  3.25519592e-01 -1.31972969e-01  2.55672842e-01
   2.89613903e-01 -2.13492841e-01  2.57637978e-01  1.61364421e-01
  -1.75226361e-01  1.62542641e-01  2.46592566e-01]
 [-9.28744152e-02  4.99849021e-01 -7.30244219e-02 -8.59747007e-02
  -1.50845930e-01  1.00321598e-01 -3.48897427e-02 -1.71617821e-01
   1.48833096e-01 -4.11948055e-01 -2.25828320e-01 -1.94116160e-01
  -3.72119039e-01 -1.33524910e-01  1.72339320e-01]
 [ 9.37486887e-02 -4.04789418e-01  1.68471068e-01  4.22957718e-01
   9.03762132e-02 -2.03555614e-01 -4.79688384e-02 -2.85727710e-01
   3.14358592e-01 -3.80334735e-01 -3.81209538e-03  3.73609573e-01
   3.96208853e-01 -2.46931389e-01  1.18274905e-01]
 [-9.86372456e-02  1.98868498e-01 -2.04467386e-01 -1.70583248e-01
   2.21074626e-01  4.00801271e-01  3.82226825e-01 -2.27578849e-01
  -1.15606830e-01  7.26449490e-02 -1.11882882e-02  2.45360076e-01
  -2.91746825e-01 -6.48840442e-02  2.55991518e-01]
 [ 1.11450031e-01 -2.68254071e-01  3.36237431e-01  4.63468283e-01
   5.46087027e-01 -1.41641021e-01  1.91784829e-01 -2.87367582e-01
   4.43548150e-02 -4.20225203e-01 -5.46772145e-02  7.19282404e-02
  -3.73687088e-01  7.35296011e-02 -4.52809930e-02]
 [ 7.47167096e-02 -3.47891450e-01  3.77823979e-01 -3.02015781e-01
   3.68061066e-01  3.34346235e-01  2.98831880e-01  2.30429977e-01
  -2.47233942e-01 -4.70325351e-02  3.81131582e-02  2.73927510e-01
  -1.16913810e-01  1.61839694e-01  2.43679117e-02]
 [ 1.96703568e-01  3.89970392e-01  1.09869316e-01  1.73154712e-01
   3.92192155e-01 -3.20381135e-01 -1.18847497e-01 -1.69625640e-01
   3.54814380e-01  1.33339450e-01  1.91118404e-01 -2.11223051e-01
   2.77537674e-01  2.10498691e-01  2.74484307e-01]
 [ 1.96954936e-01 -7.79024810e-02  2.10078806e-01 -3.02087605e-01
   1.63611040e-01 -3.50802749e-01 -1.43158227e-01  3.01817685e-01
  -1.26825303e-01  1.91975981e-01 -2.53231078e-01 -1.01927727e-01
   3.74033630e-01  2.11634919e-01  2.44301051e-01]
 [ 1.45474896e-01 -3.99536461e-01  3.74238878e-01 -3.99906874e-01
   2.08812058e-01  2.06570789e-01  3.90515596e-01  1.75412595e-01
  -1.83380470e-01  2.67166287e-01  2.60783285e-01 -1.31557239e-02
   3.04263145e-01  3.48453730e-01  4.40230757e-01]
 [ 2.02381328e-01  1.37047842e-01  2.64874965e-01  1.73900694e-01
   4.18896139e-01 -1.20047063e-01  2.26399884e-01 -5.48083745e-02
   2.55936086e-01  1.03467017e-01  2.36692086e-01 -2.78431028e-01
  -4.90865856e-02  2.16451794e-01  3.95808995e-01]
 [-5.43087767e-03 -1.59749031e-01 -2.30166048e-01  3.60835284e-01
  -6.80217147e-02  3.49885166e-01 -5.98508120e-02  5.86373359e-02
  -2.81073675e-02 -1.35522783e-02  5.63280992e-02  1.47581056e-01
   4.48882729e-01  1.69750720e-01  2.49443620e-01]
 [ 3.24694753e-01 -5.47498576e-02  3.28492641e-01  3.72943819e-01
   1.00529522e-01  2.27841735e-01  1.40118033e-01  4.34495121e-01
  -1.45802731e-02  3.30455720e-01  8.03203806e-02  3.19463536e-02
   1.89361408e-01  1.93413347e-01  4.65613067e-01]
 [-2.73934603e-01  1.62729446e-03  3.66928875e-01 -3.87823015e-01
  -1.27880976e-01  4.03019398e-01 -9.14410949e-02  4.48052764e-01
   4.14089799e-01  3.40548247e-01 -1.39506966e-01  1.42678870e-02
   9.72029194e-02 -6.50781840e-02  1.99460670e-01]
 [ 9.66102183e-01 -2.46972740e-01 -7.54469633e-01  4.06475328e-02
  -8.39239419e-01 -5.59502542e-01  1.52989507e+00  3.88075620e-01
   1.25448954e+00 -1.00444354e-01 -5.17556742e-02  4.95310664e-01
  -3.41026098e-01  1.44524252e+00 -1.38597417e+00]]
Peso 2:
[-0.08334181  0.14634232  0.38817292  0.0377322   0.3558957   0.28558946
 -0.0520611  -0.04460901 -0.10256263 -0.01766378  0.00434003 -0.02954992
  0.1006645  -0.15564418  0.55906713]
Camada: saida
Peso 1:
[[ 1.0396575  -0.05889171]
 [-0.45191172  0.44046494]
 [-0.48617673  0.9373265 ]
 [-0.31929332 -0.03732328]
 [-0.16837195  1.3127277 ]
 [-0.3238042   0.632441  ]
 [ 0.89587784 -1.0673747 ]
 [ 0.6731197   0.08034723]
 [ 0.78960276 -0.92629504]
 [ 0.03390297 -0.03142371]
 [ 0.2718088   0.36333945]
 [ 0.6662943   0.00600672]
 [-0.5210568  -0.02867958]
 [ 1.106072   -0.9690084 ]
 [-0.5880698   1.4921038 ]]
Peso 2:
[-0.4455052   0.44550452]



pesos modelo: 
Test loss: 0.0013, Test accuracy: 1.0000
Camada: meio
Peso 1:
[[ 7.04109967e-02 -1.72061652e-01  1.98808521e-01  7.31488764e-02
  -7.98598528e-02  3.05502504e-01 -2.91636050e-01  3.29649597e-01
   1.50686353e-01  3.87626082e-01  1.61886185e-01 -3.53020996e-01
  -2.09636673e-01 -3.76732051e-01 -2.78390884e-01]
 [ 3.80407125e-01  1.51100785e-01 -3.15649569e-01  1.08294457e-01
  -4.03185099e-01  3.63229424e-01  1.62866443e-01  3.63730401e-01
  -5.23983836e-02  3.36993963e-01 -2.64284909e-01  3.98813039e-01
   3.86672109e-01  3.87569875e-01 -3.52073252e-01]
 [-3.53536457e-01 -8.84106755e-02  3.49998683e-01  5.64604998e-04
   4.25381333e-01  2.95853823e-01  6.48122728e-02 -6.30407929e-02
   2.21493274e-01 -3.93326759e-01 -2.06573486e-01 -4.01965022e-01
  -1.22904539e-01 -2.68730342e-01 -3.25782716e-01]
 [ 2.83709854e-01  1.60233006e-01 -4.14583117e-01 -1.84283689e-01
  -2.48768494e-01 -3.48433405e-01 -2.02070922e-01  5.18637598e-02
   4.31242138e-01  2.66010195e-01  7.39395618e-02 -1.69398397e-01
   1.83734242e-02  4.47490841e-01  3.35684896e-01]
 [ 2.69784808e-01  1.31187841e-01 -2.95960963e-01  4.57646310e-01
   2.02002406e-01 -1.39866576e-01  3.70893389e-01  2.58822858e-01
   2.22767610e-02  2.31591403e-01  3.93767118e-01 -4.27265316e-01
  -1.92593839e-02  4.51783270e-01 -5.80843203e-02]
 [ 9.73947272e-02  3.50133419e-01  4.08083737e-01 -2.91448087e-01
   2.45676041e-01  3.14456224e-02  1.73431665e-01  8.64087194e-02
   3.07487905e-01 -6.62789568e-02  1.31618381e-01 -4.83724214e-02
   1.82746530e-01  8.01899582e-02 -1.51829094e-01]
 [ 1.05938099e-01  2.07510591e-01 -3.51787925e-01  3.83752197e-01
   3.00748438e-01 -3.55551302e-01 -1.10947296e-01  2.43142955e-02
   3.20363849e-01 -4.29177791e-01 -1.57352298e-01 -4.17292595e-01
  -1.71625819e-02 -2.81028986e-01 -1.75409332e-01]
 [ 2.59882689e-01  7.22170472e-02 -3.97587679e-02  3.95043403e-01
   3.29314470e-01 -1.07379757e-01 -1.63169608e-01 -1.71773106e-01
  -1.85098946e-01 -1.19590923e-01  5.51642440e-02 -2.08536461e-02
   4.49437380e-01 -1.98757842e-01  3.28951776e-01]
 [ 1.83207408e-01  2.28803933e-01  1.19966352e-02 -6.96900040e-02
  -1.62743270e-01  3.06264132e-01  3.88938263e-02  3.48318547e-01
   2.18724553e-02  1.88363537e-01  1.60549462e-01 -1.20650180e-01
   3.53435357e-03 -2.50490069e-01  5.73710576e-02]
 [ 3.57585996e-01  5.64038977e-02 -4.23610359e-01 -3.61041278e-01
   2.08378807e-01  2.48838719e-02 -3.69032030e-03  9.61451381e-02
   2.38240510e-01  3.01943123e-02 -1.83385327e-01 -1.95814505e-01
   8.04426670e-02 -6.59587085e-02  3.40286613e-01]
 [-7.38969892e-02  3.38010877e-01 -1.38717309e-01  2.23096997e-01
   2.63640191e-03 -1.04082055e-01 -2.53625721e-01 -2.03041025e-02
  -2.20707312e-01 -2.20666543e-01 -3.36072952e-01 -2.39679947e-01
   2.64210194e-01 -3.29111844e-01  3.84321690e-01]
 [ 4.59836096e-01 -6.42886534e-02 -2.61436760e-01 -1.37986913e-01
  -2.79901296e-01 -7.31345341e-02 -1.00795038e-01  4.32040840e-01
  -2.25876123e-01 -7.07027409e-03 -1.42242819e-01 -2.47418404e-01
  -6.85956553e-02 -2.71193683e-01 -2.23519906e-01]
 [ 4.06102836e-01  3.24755549e-01 -3.64246666e-01 -1.74754098e-01
   3.70513834e-02 -2.20355690e-01  1.20694965e-01  3.19682151e-01
   1.32058889e-01  2.37561822e-01  2.53732726e-02 -2.33672708e-01
   3.04539025e-01 -3.11858863e-01 -1.91038853e-04]
 [-5.17665967e-02  1.49470985e-01 -3.09684217e-01  1.96689233e-01
  -4.12961841e-01 -8.48088115e-02 -1.18043207e-01 -1.12065874e-01
   3.30241680e-01  1.19256347e-01  4.22253579e-01 -1.88966319e-01
  -1.09099641e-01 -8.46653134e-02 -1.27451241e-01]
 [-3.07647344e-02  2.50984222e-01  3.79135817e-01 -2.79454619e-01
   3.02393764e-01 -2.27538168e-01  3.98638219e-01 -8.75427425e-02
   2.74287939e-01 -3.47588003e-01  3.15893531e-01  3.65204930e-01
  -4.99381460e-02  2.22150132e-01  3.45535070e-01]
 [ 1.33415401e-01  2.28390113e-01 -1.18097700e-01 -1.90945908e-01
   4.30186927e-01 -3.34547848e-01  4.20038700e-01 -7.76473060e-02
  -2.01514080e-01 -4.30768639e-01 -2.93244004e-01 -4.57367189e-02
   3.22903216e-01  3.16059411e-01  8.14744830e-02]
 [-1.49231017e+00 -1.68323338e+00  2.37174287e-01  6.12342417e-01
  -2.49923438e-01 -2.81438172e-01  5.18427014e-01  1.21463752e+00
   1.08111632e+00  1.65509537e-01 -3.99010807e-01 -1.94861948e-01
   1.49695992e+00 -4.92066413e-01  1.50792345e-01]]
Peso 2:
[ 0.65325123  0.7812246  -0.00443531  0.08007334  0.06917754  0.01550329
  0.02279877 -0.00766349  0.02085131 -0.12136617  0.144308    0.00797969
 -0.11995055  0.16982609 -0.01721106]
Camada: saida
Peso 1:
[[-0.9825973   1.278152  ]
 [-1.4578456   1.2631094 ]
 [-0.42409715 -0.36721238]
 [ 0.73953044  0.20053153]
 [ 0.22852162  0.72318506]
 [-0.15809593  0.36148572]
 [ 0.31328052 -0.44575137]
 [ 1.0981454  -0.57541454]
 [ 1.117898   -0.26523367]
 [-0.14824517 -0.01156132]
 [-0.04848805  0.6314146 ]
 [-0.5442541  -0.301086  ]
 [ 1.1018374  -0.8533767 ]
 [-0.34520122  0.29583868]
 [ 0.09263808 -0.05864677]]
Peso 2:
[-0.2588278  0.2588276]



pesos modelo: 
Test loss: 0.0014, Test accuracy: 1.0000
Camada: meio
Peso 1:
[[ 3.44644159e-01  2.82941490e-01  7.95300305e-02  3.02136511e-01
  -1.91448450e-01 -2.51468092e-01 -3.21804225e-01 -2.32045770e-01
   2.90094465e-01  4.07269627e-01 -1.16210252e-01  4.15947706e-01
  -8.24648142e-03 -2.20641553e-01 -3.51345330e-01]
 [-1.31827623e-01 -7.43058622e-02 -3.52018654e-01  3.36598963e-01
  -3.21968466e-01  2.36064106e-01  4.60579991e-02 -2.57195234e-01
   3.63667756e-01 -3.34547341e-01 -7.46981502e-02 -3.47897589e-01
  -2.13079751e-02  1.12293214e-01  3.11724842e-02]
 [-3.98608238e-01 -4.09760654e-01 -1.43940061e-01  3.36281061e-02
   4.29745287e-01 -1.79446638e-02 -4.31816876e-01 -1.30335629e-01
   5.30520082e-03 -1.27846569e-01  3.24074358e-01 -4.13397312e-01
   2.18019634e-01  1.37444705e-01 -2.13575006e-01]
 [ 1.79449111e-01  3.36652249e-01 -4.28939909e-01  4.25787389e-01
   5.22067547e-01 -1.02442682e-01  2.63249546e-01  8.30659866e-02
   2.08320141e-01  2.94736363e-02 -3.21197540e-01  4.38062876e-01
  -1.26170427e-01  1.09249294e-01 -6.40077218e-02]
 [ 3.15031991e-03  9.98928696e-02  2.74230599e-01 -1.64657876e-01
   2.37299889e-01 -1.59546420e-01  2.06882030e-01  2.19683245e-01
   3.02039087e-01 -3.84273678e-01 -2.82586157e-01 -1.51263878e-01
   1.18907541e-01  4.63270485e-01  1.34087384e-01]
 [ 3.02218825e-01  3.14325452e-01  2.25579053e-01 -2.98099637e-01
  -1.60624012e-01  7.21038086e-03  3.85716110e-01 -1.50720432e-01
   2.51671076e-01 -3.33132185e-02 -2.48292148e-01  6.19926266e-02
  -3.79721195e-01 -6.71125054e-02 -8.25556275e-03]
 [ 1.90862373e-01  2.03676056e-02 -1.05503902e-01  1.27842322e-01
   6.11629896e-03  3.01698953e-01  1.75390393e-01  8.56744125e-02
   2.25050300e-01  3.77481341e-01 -2.87242115e-01 -2.48904198e-01
   6.55478314e-02  1.69965960e-02 -1.10860094e-01]
 [ 4.13839698e-01  7.17419833e-02 -3.79847378e-01 -1.39216417e-02
   3.88743997e-01  2.58736070e-02 -4.47206855e-01  6.10946910e-03
   3.38087350e-01  2.72155881e-01  2.46501610e-01  2.94316143e-01
  -1.24409333e-01  1.26134664e-01 -2.26814553e-01]
 [ 7.40280673e-02  3.15926969e-01 -4.32739109e-01 -2.23923787e-01
   5.73926345e-02  2.37242058e-01  3.87564749e-01  1.24170303e-01
   2.77336806e-01  1.22905754e-01  1.56770334e-01 -8.11614469e-02
   3.50896508e-01 -2.97750324e-01  4.73322980e-02]
 [ 4.23807263e-01 -7.97165632e-02  2.27430612e-01  5.28846860e-01
   3.20798248e-01 -3.77253860e-01  2.84264714e-01 -5.20216301e-04
   1.95762411e-01  1.49865359e-01  2.13479742e-01 -3.80826473e-01
   1.88793503e-02  4.36357677e-01 -3.03478360e-01]
 [ 2.85109639e-01  8.04830864e-02 -1.77951530e-01  2.63292968e-01
   4.33337748e-01 -1.61610395e-01  2.00402156e-01  3.50612751e-03
   1.21726103e-01  1.12270698e-01 -4.51729000e-02 -1.12818480e-01
  -7.30701461e-02  8.46945941e-02  4.04323548e-01]
 [ 4.54404414e-01 -5.86393215e-02 -1.86206758e-01  3.02879184e-01
  -3.01279008e-01  2.88600594e-01  1.32304654e-02 -1.10171206e-01
   3.93908411e-01  3.28897446e-01  2.34779909e-01  3.74663919e-01
  -1.57925691e-02 -5.16121052e-02  4.34820712e-01]
 [ 1.59248486e-01  2.92852581e-01  1.28385127e-01 -3.18508029e-01
   3.78638774e-01  2.70692799e-02  1.83925256e-01  1.69915318e-01
   1.07244037e-01  1.22738518e-01 -7.43447170e-02  1.26459450e-01
   3.91095817e-01 -6.73405901e-02  2.61746794e-02]
 [-1.43288925e-01  3.38669538e-01 -2.05009952e-01  8.37208703e-02
  -6.95557520e-02 -5.27853109e-02 -1.42009079e-01  1.84505899e-02
  -6.50759563e-02  2.88496256e-01 -1.28534570e-01  4.14175630e-01
  -5.72637133e-02  4.83499706e-01 -1.49307400e-01]
 [-2.86859334e-01  3.36169451e-02 -2.78029591e-01  4.19349410e-02
  -1.14357300e-01  1.10424742e-01  9.12417248e-02  1.05675265e-01
  -1.75306306e-03  3.13160643e-02 -3.35331976e-01  2.49877706e-01
   3.40800166e-01  2.17277884e-01  1.53006837e-01]
 [ 2.83600360e-01 -3.08768570e-01  1.40304655e-01  2.01070338e-01
   3.36008817e-01 -2.99366653e-01  3.37134033e-01  1.63436517e-01
   4.62980308e-02  3.32695246e-01  1.31669998e-01  1.31785050e-01
  -1.54594362e-01 -1.59721583e-01 -3.12095881e-01]
 [ 1.10632348e+00  9.99894857e-01  2.82761276e-01  6.58401787e-01
  -1.01406741e+00 -6.60915300e-02 -8.35486591e-01  1.74279702e+00
  -1.40175295e+00 -8.63329589e-01 -9.15898383e-02 -5.07580876e-01
  -1.31056041e-01 -7.11754680e-01 -3.99809688e-01]]
Peso 2:
[-0.22016603 -0.08337893 -0.0788807   0.05954025  0.3987684  -0.06093565
  0.26369128 -0.03297924  0.5144451   0.333238   -0.04166302  0.12361463
  0.02091645  0.39590105  0.03586122]
Camada: saida
Peso 1:
[[ 0.43408638 -1.2109071 ]
 [ 0.5459747  -0.67456764]
 [-0.1111852   0.02903983]
 [ 0.5115242  -0.4388906 ]
 [-0.64421415  0.8068092 ]
 [-0.34092999  0.30645066]
 [-0.5737392   0.7684029 ]
 [ 1.3456001  -1.052209  ]
 [-0.9664601   1.142044  ]
 [-0.44078493  0.9332218 ]
 [-0.5408102   0.3271334 ]
 [-0.33960903  0.3449508 ]
 [-0.58931726 -0.3912034 ]
 [-0.70024914  0.4237157 ]
 [-0.36497498 -0.09476001]]
Peso 2:
[-0.19512893  0.19512917]



pesos modelo: 
Test loss: 0.0023, Test accuracy: 1.0000
Camada: meio
Peso 1:
[[ 2.84546316e-02 -3.96812856e-02  2.92342275e-01  2.46619016e-01
  -2.13487357e-01 -7.71665573e-03  2.56612688e-01 -3.20318639e-01
   4.17222112e-01  9.77059305e-02 -8.86571109e-02  7.62122571e-02
   1.78080648e-01 -3.84175837e-01  3.05865973e-01]
 [ 3.47004384e-01 -1.09520316e-01 -1.17038041e-01  2.54239231e-01
  -3.84235084e-01 -1.59582615e-01  6.72830641e-02 -1.93432271e-02
   8.64063203e-02 -1.68960482e-01  2.39728242e-01  1.89563245e-01
  -3.02051306e-02  4.05340105e-01 -6.61933422e-03]
 [ 9.36919451e-03 -2.88076997e-02  2.82992631e-01 -1.68543190e-01
   1.10433847e-01 -3.65858972e-02  3.75766754e-02  4.40352559e-02
   2.13372439e-01 -1.09796077e-01  1.89555198e-01 -2.63040781e-01
  -4.05674875e-01  9.18266475e-02 -3.94339621e-01]
 [ 4.96804476e-01 -2.36296326e-01  3.29522491e-01 -3.80903661e-01
   1.14973020e-02  2.83632606e-01 -3.99219282e-02  2.76121348e-01
  -1.25759840e-01  3.02764833e-01  1.28353275e-02 -3.74434412e-01
   4.55973446e-02 -1.45741031e-01  3.12947273e-01]
 [ 1.07779102e-02  3.99301648e-01  2.58590430e-01  1.00985073e-01
   3.29268157e-01 -2.51654893e-01  2.00543776e-01 -4.20298308e-01
  -2.16422230e-01  2.21239738e-02  2.94639617e-01 -1.72953337e-01
   1.30677730e-01 -3.40929180e-01 -3.31127733e-01]
 [ 1.71286389e-01 -6.41748086e-02 -4.07500029e-01  2.79557824e-01
  -2.04707786e-01 -5.65067679e-02 -6.82325587e-02 -1.46818593e-01
   1.52183566e-02 -7.07705766e-02 -7.29899853e-03  1.30790606e-01
  -4.22072373e-02 -3.92376542e-01  8.96562487e-02]
 [ 1.56522065e-01  4.25999850e-01 -4.32542086e-01 -2.04998881e-01
   2.28030562e-01 -4.35224950e-01  2.83375800e-01  2.38852188e-01
   2.25039989e-01 -1.10708669e-01 -1.06940798e-01  2.46469378e-01
   7.87470490e-02 -2.87632585e-01 -2.31143251e-01]
 [ 2.61501014e-01 -1.01708164e-02 -2.07701921e-01 -3.64250928e-01
   1.10411756e-01 -3.80721271e-01  1.59036666e-01 -1.26979887e-01
   1.32229269e-01 -2.66260356e-01  3.95898968e-01 -1.39982164e-01
   2.88565934e-01 -6.33208156e-02  1.60674915e-01]
 [-1.75678302e-02 -4.24552932e-02  2.33940870e-01 -1.81637511e-01
  -3.37546498e-01 -2.16077849e-01  5.11990953e-03 -2.78147697e-01
   3.00589144e-01  1.66799724e-01  2.82640725e-01 -4.21522230e-01
   5.41471355e-02  1.44522816e-01 -2.51565665e-01]
 [ 3.06011558e-01  3.82256925e-01  2.96837896e-01 -2.35213146e-01
  -6.85833395e-02 -3.08992952e-01  3.75729620e-01 -4.03364629e-01
  -3.19515020e-01 -4.97110859e-02 -1.55851007e-01 -4.16108444e-02
   9.70274881e-02 -2.44996384e-01 -3.19864899e-01]
 [ 8.05393234e-02  1.66542202e-01 -3.10564071e-01  4.19071727e-02
   3.31938684e-01  2.94392407e-01 -1.30165294e-01 -2.50657529e-01
   1.02820411e-01  6.08618967e-02  1.81553841e-01 -3.38396206e-02
   3.81793454e-02 -3.89452517e-01 -4.29255754e-01]
 [ 3.57171327e-01  2.03632668e-01 -1.35557741e-01 -4.11876768e-01
   5.90376696e-03  1.06550634e-01 -3.20088595e-01 -3.38395745e-01
   1.17013350e-01 -2.66357455e-02  4.03480440e-01  1.26259714e-01
   3.55151147e-01  2.29564458e-02  3.55585963e-02]
 [-7.65968394e-03  4.35621440e-01  3.44113797e-01  1.20503254e-01
  -1.18542932e-01  3.24855186e-02 -3.78721714e-01  8.42968524e-02
   8.56239572e-02  3.22815746e-01  2.28482053e-01 -1.32678896e-01
   6.89599589e-02 -3.83008689e-01 -4.30631667e-01]
 [ 1.06704496e-01  2.70363212e-01 -1.87651768e-01  3.41832727e-01
   3.21569949e-01 -3.76023710e-01  1.72613546e-01  2.83474452e-04
  -2.66651452e-01 -1.48991540e-01  1.37393489e-01  2.35673875e-01
   1.32444978e-01  2.46445581e-01 -4.10544783e-01]
 [ 4.34252858e-01 -1.72101725e-02 -1.23823173e-01 -2.02411279e-01
   4.71489467e-02  1.07240714e-02  3.47980112e-01  1.53815806e-01
   7.68177062e-02  2.86273569e-01  3.07874352e-01  1.97652042e-01
   2.76089191e-01  9.77400094e-02 -2.07623571e-01]
 [ 1.91091225e-02  1.06218986e-01  6.03497922e-02 -1.93275660e-01
  -2.29001760e-01  4.12310511e-02 -2.51822799e-01  1.14107225e-02
  -1.14928991e-01 -2.62842298e-01  1.07909031e-01 -3.66248399e-01
  -6.15607835e-02 -3.95528823e-01 -1.92568600e-01]
 [-1.35747015e+00 -7.67521083e-01  6.82864934e-02 -2.00964853e-01
   4.70564574e-01  1.25487402e-01 -3.48983407e-01  6.02775738e-02
  -1.40115216e-01  2.51171410e-01 -1.30080140e+00 -5.47763295e-02
   2.47491479e+00  1.55455798e-01  1.70302048e-01]]
Peso 2:
[ 0.5848652   0.22268967 -0.00995687 -0.01597723  0.01001815 -0.12413679
  0.18387747 -0.05329478  0.09456794  0.00254153  0.6310554   0.00421021
 -0.19153945 -0.00239361 -0.01272372]
Camada: saida
Peso 1:
[[-1.0407342   1.1019433 ]
 [-0.48756737  0.6209531 ]
 [ 0.4299878   0.37055328]
 [-0.288304   -0.45147976]
 [ 0.2917654  -0.11422884]
 [-0.39628458  0.39902672]
 [-0.5308022   0.14480726]
 [ 0.43023452  0.03103909]
 [-0.5630103  -0.12061269]
 [ 0.0745117  -0.3447938 ]
 [-1.0864801   1.0565166 ]
 [ 0.06297628  0.12246898]
 [ 1.9844208  -1.47674   ]
 [-0.4281068   0.4743637 ]
 [ 0.12719086 -0.3548221 ]]
Peso 2:
[-0.19412503  0.1941253 ]



pesos modelo: 
Test loss: 0.0014, Test accuracy: 1.0000
Camada: meio
Peso 1:
[[-0.2892794  -0.3451977   0.00929022  0.3194919  -0.09104481  0.16577187
  -0.1255905  -0.27769536  0.34686956 -0.2720952  -0.13584226 -0.11243618
  -0.41712362 -0.32834664  0.1355438 ]
 [-0.42804632 -0.17007235 -0.35870087 -0.08193928 -0.37929255 -0.15378052
  -0.13161725 -0.10975322  0.41840962 -0.32050475  0.26584032  0.11154452
   0.22395065  0.05337936 -0.42991492]
 [-0.319036   -0.11199772 -0.25783098 -0.00807768 -0.36492282  0.17667761
   0.33251563  0.06444278 -0.2250776  -0.04944152  0.07418588 -0.06903201
   0.36342916 -0.254354   -0.09431797]
 [-0.31773284  0.35879126 -0.18563169 -0.01344085  0.00856871  0.2801143
   0.3035457  -0.10023385  0.2893844  -0.28946602  0.0772649   0.5456716
  -0.12227958 -0.35009712  0.44868678]
 [ 0.5462765   0.02688338  0.3251613   0.265574   -0.01969907  0.17556797
   0.25564146 -0.28840032 -0.36388373  0.06924774  0.32815152  0.21066621
  -0.4080876  -0.12944144  0.16713507]
 [ 0.12088832 -0.12929556  0.07422452  0.38135144  0.28117722  0.11349805
   0.21884324  0.30345538 -0.01393181  0.3479548  -0.3458976   0.18566732
   0.2853967   0.11523931  0.23949024]
 [-0.16502354 -0.01683047 -0.14187513 -0.27531686  0.42127562  0.08454352
  -0.10544509  0.23197982 -0.37312692  0.25273263 -0.24126735  0.3089619
   0.15102907  0.09272898 -0.05945725]
 [ 0.19587736  0.12959968  0.29444867 -0.13083895  0.36029425 -0.1616106
   0.03468371  0.13886112  0.41982636 -0.16696157 -0.13492216  0.16368471
   0.34955668  0.3739328   0.22914435]
 [-0.00655587  0.05052628  0.18481867  0.15337382 -0.11176749  0.43108466
   0.08635598 -0.08730599 -0.33398777  0.33443055 -0.16527626 -0.00621363
  -0.23963095  0.10949816  0.14492865]
 [ 0.39465618 -0.24295151 -0.07992949  0.19463862  0.29973605  0.20531884
   0.24593207 -0.19185194 -0.02485812 -0.45831567  0.0400129  -0.2578041
   0.19851738 -0.04947794  0.10588682]
 [ 0.29054797  0.23685701  0.22704698  0.25096866 -0.02208033 -0.22361758
  -0.17221944 -0.1401773  -0.25320336  0.07448071 -0.13478282  0.0433239
  -0.36519998 -0.3967177   0.3052285 ]
 [-0.11745813  0.08530723  0.02520922 -0.29897782 -0.26289046  0.1799072
   0.0864509   0.25621238 -0.25869805  0.27954218 -0.14486104 -0.2385549
   0.22489968 -0.2698641   0.25445116]
 [ 0.30982754  0.45556232  0.28188017  0.00618712 -0.23950884  0.05236296
  -0.02157957 -0.2351069   0.3461181   0.13458705  0.16684651  0.2769501
  -0.02088173  0.26609844  0.25558603]
 [-0.25316057  0.00628517 -0.0900372   0.341955   -0.19902195  0.03471829
   0.16199422 -0.07006311 -0.00426511  0.26755053 -0.00683094 -0.32135403
  -0.37594968  0.10453598  0.40594158]
 [ 0.28973374  0.4084532  -0.20648418  0.3852048  -0.09462579  0.09078646
  -0.11447453 -0.05718514 -0.41428214 -0.29791078  0.461794    0.2345182
   0.3491537  -0.34567347  0.2246278 ]
 [ 0.04806612  0.07014632 -0.08280973  0.16052572 -0.28401378  0.38868886
   0.10554349 -0.4162727  -0.1070214  -0.09154569 -0.03309231 -0.2667245
  -0.02402086  0.38157535  0.17542388]
 [-0.59226775  1.362017    0.81758374  0.7397314   0.39543375 -0.7692771
   1.6631634  -0.01695466 -0.11284039 -0.14394453 -0.21082085 -0.5591311
  -0.14989354 -0.22921087 -1.9588258 ]]
Peso 2:
[ 0.30505434 -0.07504768  0.06817855 -0.05779498 -0.02839909  0.22964476
 -0.02457815  0.00091081  0.00516819 -0.032591    0.05790341  0.34314132
 -0.12004575  0.09690155  0.9026224 ]
Camada: saida
Peso 1:
[[-0.2633399   0.86266476]
 [ 0.8399287  -0.9979295 ]
 [ 0.83767366 -0.08035186]
 [ 0.45339918 -0.37859553]
 [ 0.00310472 -0.444641  ]
 [-0.16077402  0.9347419 ]
 [ 1.628574   -0.47744828]
 [-0.50459003 -0.2987905 ]
 [-0.21575956 -0.13251737]
 [-0.08692716  0.05687765]
 [-0.08029651  0.20254609]
 [-0.54363054  0.4221661 ]
 [-0.19371295 -0.20287299]
 [-0.43877572  0.2456887 ]
 [-1.6587261   1.3436248 ]]
Peso 2:
[-0.21208093  0.21208176]



pesos modelo: 
Test loss: 0.0029, Test accuracy: 1.0000
Camada: meio
Peso 1:
[[-1.27744466e-01 -3.33128273e-02 -1.46624863e-01 -2.84878790e-01
   1.92992300e-01 -3.41376662e-03  1.75846815e-02 -4.21385288e-01
   1.49316996e-01 -2.12799892e-01 -3.69507223e-01 -8.00546706e-02
   1.28366798e-01  1.12328917e-01  2.97781616e-01]
 [ 4.77076471e-02 -3.76810491e-01 -3.11028838e-01  2.12126285e-01
   2.44985431e-01  1.25906616e-01  9.93945897e-02  2.47501343e-01
  -2.09500074e-01  4.17814285e-01  4.57130671e-02  1.46473557e-01
   2.94733942e-02 -1.20541006e-01  9.73868370e-03]
 [ 3.02742124e-02 -2.67171443e-01 -4.11203206e-02  3.58636767e-01
  -3.48196357e-01 -9.63591039e-02 -8.56128037e-02 -3.08020175e-01
  -3.02965403e-01  3.79598349e-01  3.32611710e-01  3.86692792e-01
   2.56310701e-02 -3.37344587e-01 -1.35785788e-01]
 [ 3.99182737e-01 -3.98962229e-01  1.27577484e-01 -1.92473486e-01
   1.55903529e-02  7.46995956e-02 -3.15212458e-01  1.95487693e-01
   3.92393082e-01  8.99090618e-02 -1.57176122e-01  5.73349856e-02
   4.93322648e-02  4.14679915e-01  1.90292865e-01]
 [-4.14065085e-02  1.40388340e-01  1.19000465e-01 -8.53300840e-02
  -2.64200181e-01 -3.56465101e-01  3.55573148e-01  3.56939584e-01
   2.35844910e-01 -1.84805974e-01  3.95131201e-01  6.91370666e-02
  -1.53366581e-01 -2.14603469e-02  1.42163783e-01]
 [-5.97764552e-02  2.05654293e-01  3.12156141e-01  1.03064321e-01
  -4.33000177e-01 -3.40310037e-01 -3.03168923e-01  2.80081749e-01
   3.38383436e-01  2.07107052e-01  1.17415175e-01  1.54964730e-01
  -8.54035467e-03  1.08541980e-01 -2.63049990e-01]
 [ 3.94493550e-01  2.96733916e-01  1.69833258e-01 -3.33251953e-01
  -2.67889827e-01  1.02729738e-01 -8.40479508e-02  3.20515454e-01
   3.52975428e-01  3.38745899e-02 -3.22249830e-01  1.82704583e-01
   4.12342787e-01  3.60950887e-01  3.21095169e-01]
 [ 4.78433907e-01  2.90963855e-02  4.07417476e-01  3.53932887e-01
  -2.77918249e-01 -2.52203286e-01 -3.74002278e-01  9.60739776e-02
  -1.69594154e-01  1.13086239e-01  3.78070444e-01 -1.43412560e-01
   4.95301902e-01  1.11046685e-02  2.22562522e-01]
 [ 3.15169275e-01  3.93525213e-01 -8.47918242e-02 -1.28150403e-01
   2.02809364e-01 -3.85895967e-01 -2.21611306e-01  4.13457483e-01
   1.27780020e-01  2.30277985e-01 -6.00212067e-03  2.05348879e-01
   2.11053565e-01 -2.07108613e-02  9.55604762e-02]
 [ 1.24119073e-01 -5.14019839e-02  3.88090581e-01  4.90512885e-02
  -2.64274925e-01  3.91147956e-02 -3.97464007e-01  2.82514066e-01
   2.93335736e-01 -2.33702630e-01 -6.15221681e-04  1.34495616e-01
  -8.65421742e-02  2.59383649e-01 -2.21104383e-01]
 [-6.29906962e-03 -2.46920630e-01  3.14130336e-01  3.75392228e-01
   1.73507914e-01 -7.65080824e-02 -3.78664821e-01 -1.30320311e-01
   5.37273943e-01  4.02962208e-01  1.19756199e-01 -3.87797244e-02
   4.55827788e-02  2.96417624e-01 -3.36449742e-02]
 [ 4.77654994e-01 -3.38659912e-01 -6.94197565e-02  4.26825285e-01
   2.94799268e-01 -2.12236747e-01  4.19966817e-01  2.45384604e-01
   7.67256543e-02  2.12966427e-01  3.75381023e-01  1.23921491e-01
   1.50557235e-01 -2.40002096e-01  1.84339970e-01]
 [ 6.80566579e-02  2.68283248e-01 -3.93020660e-01 -4.97635864e-02
  -1.91323042e-01  1.93115950e-01 -5.29340506e-02 -2.22642034e-01
   6.50077105e-01  1.93895981e-01 -2.63605684e-01  1.04789823e-01
  -2.17623860e-02  2.32091621e-01  2.37966761e-01]
 [-3.96188319e-01 -2.69077390e-01  6.83988705e-02  1.00513808e-01
  -2.06528399e-02 -3.95238429e-01 -9.88624096e-02  2.29493991e-01
   4.28003073e-01  3.46933544e-01 -1.65533632e-01  1.48270294e-01
   8.68451148e-02  3.13218594e-01 -2.39686742e-01]
 [ 5.22490382e-01 -4.13681716e-01 -2.95356810e-01 -2.87547797e-01
   1.00403707e-02  1.71749979e-01  2.53864348e-01 -1.13015622e-01
  -7.24920779e-02 -2.80276537e-01  2.96606898e-01 -1.00630037e-01
   5.12749851e-02  1.17937855e-01  1.82408065e-01]
 [-3.51903230e-01 -1.99381053e-01 -2.48410165e-01 -3.19176674e-01
  -9.22864899e-02  1.03488900e-01 -7.80380890e-02  2.54519731e-01
   1.42602563e-01 -2.07837243e-02 -4.33424443e-01  1.19085230e-01
   4.66539145e-01  1.53095531e-03  1.93590775e-01]
 [-2.67892599e-01  4.98733789e-01  5.53768158e-01  5.67338169e-01
  -1.70768678e-01  6.51171729e-02  3.95521671e-01 -7.99699605e-01
  -1.25156033e+00  4.66021627e-01 -1.41694635e-01  2.17400241e+00
  -6.85307682e-01  9.92984056e-01  1.34066975e+00]]
Peso 2:
[ 0.20295158  0.01555802 -0.01164272  0.04824291 -0.10013837  0.01694182
  0.00396152  0.35043368  0.6330476  -0.06109851 -0.05208525 -0.18120894
  0.3596879  -0.24941601 -0.19746615]
Camada: saida
Peso 1:
[[-0.51303524  0.2137195 ]
 [-0.33881715 -0.6002311 ]
 [-0.14354494 -0.8301875 ]
 [ 0.5567187   0.07380444]
 [ 0.13816981 -0.34662965]
 [-0.08894591  0.20701712]
 [-0.44536316 -0.5620201 ]
 [-0.29492888  0.98025453]
 [-0.94453084  1.2469463 ]
 [ 0.70284927  0.21682669]
 [-0.20083237 -0.03984334]
 [ 1.5262     -1.4929941 ]
 [-1.1129516   0.07293929]
 [ 0.20575121 -0.9454868 ]
 [ 0.9943074  -0.5366022 ]]
Peso 2:
[-0.5732418   0.57324094]



pesos modelo: 
Test loss: 0.0010, Test accuracy: 1.0000
Camada: meio
Peso 1:
[[-1.87692031e-01 -4.00016814e-01 -2.47938380e-01 -6.81564510e-02
   2.99978703e-01 -1.89205498e-01  2.12197155e-01 -3.51013243e-02
  -3.47889334e-01 -3.38835120e-01  2.40958124e-01 -3.07365119e-01
  -1.26615018e-01  1.28105611e-01 -2.93230653e-01]
 [-1.77788377e-01 -9.32218730e-02  3.53148192e-01  7.29468167e-02
   3.46051365e-01  1.18560582e-01 -5.06775975e-02  3.68573040e-01
   1.05933398e-01  1.38333112e-01  3.64733785e-01  2.24305660e-01
  -1.81208760e-01 -3.40421587e-01  1.56186372e-01]
 [ 1.50360435e-01  8.03494453e-03 -3.17769349e-01 -3.17494631e-01
  -3.92707646e-01 -3.68129909e-01  2.72810161e-02  2.52066344e-01
  -5.32212853e-03  6.88171685e-02  1.23742729e-01  2.10685164e-01
   1.79653198e-01 -2.40051582e-01  1.93245411e-02]
 [ 2.76444610e-02  1.55594740e-02  3.55061173e-01 -8.96623209e-02
   2.87149996e-01  5.09460345e-02  2.81707793e-01 -1.97686702e-01
   1.53940678e-01 -1.79495439e-01  2.22133324e-01 -1.21381201e-01
   1.61019981e-01  2.67230541e-01 -1.91001538e-02]
 [-2.94462651e-01 -1.80750892e-01  2.09816173e-01  1.20012783e-01
   3.89119357e-01 -5.64073911e-03  2.37332970e-01 -2.47171640e-01
   1.47487119e-01 -4.79333997e-02  9.99344662e-02 -2.30755538e-01
   3.24542612e-01  1.72485262e-01  2.12239087e-01]
 [ 3.32203180e-01 -2.20074654e-01  3.35935727e-02  1.01724975e-01
   4.17542338e-01 -1.72678396e-01  1.19966000e-01  1.92595214e-01
   2.98022896e-01  5.09820759e-01 -5.48402481e-02  2.08516270e-01
  -1.59902185e-01 -4.17036153e-02 -2.09000990e-01]
 [ 3.53763908e-01  8.78523715e-05  3.18709940e-01 -5.02155572e-02
   1.95248619e-01 -2.59519696e-01  3.34924430e-01  8.56188610e-02
   2.09459782e-01  5.74229546e-02  3.09637725e-01 -1.48434877e-01
   3.79494756e-01  2.08324075e-01  2.06624210e-01]
 [ 7.78858885e-02 -1.75550446e-01  1.43711880e-01  2.27127969e-01
  -2.24265635e-01  1.49900481e-01  9.25973207e-02  3.48614484e-01
   4.18942243e-01  3.37044984e-01 -3.16172749e-01 -6.04397021e-02
  -9.34990123e-02  1.75033286e-01 -6.14792556e-02]
 [-2.88269877e-01  2.73316443e-01  3.10186595e-01  2.78481811e-01
  -3.73555511e-01 -3.40701453e-02  3.06101918e-01  1.99531123e-01
   3.49189967e-01  3.26480091e-01 -3.42715532e-01  1.83231935e-01
   2.90520638e-01  2.61423349e-01  6.57135174e-02]
 [ 1.97096858e-02  1.59196809e-01  6.97660595e-02  1.60788983e-01
  -2.02334255e-01  3.88000786e-01  4.58985507e-01  2.74068385e-01
   1.79157779e-01  2.88198471e-01 -2.40195170e-01  3.38412613e-01
   3.90288830e-01 -4.57667038e-02  2.15907559e-01]
 [ 1.37363896e-01 -2.84074783e-01 -2.86400411e-02 -2.62373462e-02
   1.81588426e-01  1.38313755e-01  2.55553275e-01  3.31366807e-01
   2.91602552e-01 -8.70395675e-02  2.12634653e-01  3.21510851e-01
  -5.98662719e-02 -1.79011986e-01 -2.75880545e-01]
 [-2.97779173e-01 -3.34965527e-01  3.71284962e-01 -8.16412047e-02
  -1.98841438e-01  3.95209864e-02 -1.32947132e-01  4.81525697e-02
   1.32866576e-01 -1.42538592e-01 -6.39136508e-02  2.20964298e-01
  -1.11139797e-01 -1.83504656e-01 -1.88001990e-01]
 [-2.92022833e-05  4.26936090e-01  4.36724037e-01  1.99688882e-01
   3.34422320e-01 -3.92953247e-01 -5.10036647e-02  1.50096551e-01
  -2.84202732e-02  4.58413333e-01 -3.33467484e-01 -4.17056307e-02
  -3.15429658e-01  9.64915603e-02 -2.06830710e-01]
 [ 3.26392442e-01  3.51670116e-01 -1.75984815e-01 -1.52236074e-01
   1.09661289e-01 -3.70636694e-02 -1.24906987e-01 -3.17995399e-01
   3.25257927e-01 -1.62009716e-01 -2.75281340e-01 -1.58221498e-01
  -2.31848806e-02  2.57357210e-01 -2.42046401e-01]
 [ 1.40211537e-01  6.31277263e-02 -1.93579793e-01 -4.26966809e-02
   6.19869605e-02 -9.45147946e-02  2.18151629e-01  1.26845509e-01
   5.38673341e-01 -2.35417113e-01  1.74092911e-02  2.35298365e-01
  -1.98865011e-01  1.74106151e-01  4.45530675e-02]
 [ 3.30326825e-01  3.10251683e-01  4.05595928e-01  1.56416476e-01
   3.23958427e-01  5.58216730e-03  4.58109468e-01 -2.92339742e-01
   3.40829730e-01 -1.05020829e-01  1.61990151e-01  2.31626064e-01
   9.91551355e-02  1.71490788e-01 -2.86763124e-02]
 [ 5.49486220e-01 -4.31744069e-01  4.17410803e-04  1.48977005e+00
   3.16203982e-01  2.58948237e-01 -1.07007504e+00  5.62228262e-01
  -8.63273740e-01 -5.93712807e-01  7.55276561e-01  1.21982872e+00
   9.11451221e-01  1.76937282e+00 -3.42668980e-01]]
Peso 2:
[-0.09032601  0.259856    0.13181397 -0.11022165 -0.03448473  0.00125824
  0.6450203  -0.02927304  0.51321375  0.3393352   0.13524526 -0.13977674
  0.00968222 -0.26673082 -0.20705575]
Camada: saida
Peso 1:
[[ 0.2766103  -0.4481899 ]
 [-0.5330571   0.15130408]
 [-0.23513862  0.22325549]
 [ 1.0923824  -0.86781764]
 [ 0.5529022   0.40658638]
 [-0.26405627 -0.41656   ]
 [-0.9332214   1.1261547 ]
 [ 0.41282034 -0.1735015 ]
 [-0.8661514   0.9112074 ]
 [-0.5032813   0.41107827]
 [ 0.14590678 -0.5737074 ]
 [ 0.71981215 -0.9437484 ]
 [ 0.47950348 -0.4986733 ]
 [ 1.0604573  -1.2159557 ]
 [ 0.11130825 -0.13287787]]
Peso 2:
[-0.5772475   0.57724726]



pesos modelo: 
Test loss: 0.0013, Test accuracy: 1.0000
Camada: meio
Peso 1:
[[ 1.91423088e-01  3.26448679e-03 -2.56395340e-02 -1.81178629e-01
  -2.72282779e-01 -2.59982973e-01  8.57536495e-02 -6.00065291e-02
   3.92872959e-01 -2.68168539e-01 -2.16486454e-02  3.17139000e-01
  -1.89216346e-01  1.14966124e-01  8.83632600e-02]
 [-4.97850180e-02  3.15389186e-01 -4.27962840e-02 -3.30957174e-02
   3.68209213e-01  1.14850849e-01  2.41800547e-02 -3.43820393e-01
   3.67364615e-01 -3.05833876e-01 -1.78419799e-01  2.97001004e-02
  -6.88578486e-02  4.26899940e-01 -2.23718777e-01]
 [-6.16290271e-02  3.82584304e-01  2.42760271e-01 -1.75939173e-01
   3.72561604e-01  8.56257975e-02 -1.43067807e-01 -1.79807931e-01
  -1.26004159e-01 -2.82333255e-01 -2.03964040e-01 -2.23965615e-01
  -2.21004948e-01  1.90530986e-01  1.01701051e-01]
 [-4.48307037e-01  3.25185716e-01  1.34626344e-01  2.83481300e-01
   9.16673616e-02  2.49571875e-01 -3.94487791e-02  1.13143556e-01
   2.12399945e-01 -2.22937867e-01  4.11514997e-01  1.38812643e-02
  -9.04067010e-02  2.19957754e-01 -3.07821512e-01]
 [ 2.52428323e-01 -4.22388524e-01  1.64129466e-01 -6.71345517e-02
  -5.96504323e-02  1.57429010e-01  3.74456733e-01  1.23939909e-01
   2.13010356e-01 -4.34247732e-01  1.05132274e-01  1.58241197e-01
  -3.66670430e-01 -3.68428379e-01 -2.63585865e-01]
 [ 7.80128175e-03 -2.86913276e-01 -1.29372820e-01  4.74891841e-01
   2.48912588e-01 -1.06640525e-01 -2.04922438e-01  1.60878211e-01
   2.37666652e-01  2.75040478e-01 -3.08232158e-01 -5.26701100e-03
   7.96495527e-02 -2.78617024e-01  2.06176326e-01]
 [ 2.42393598e-01 -6.70927987e-02 -6.33976087e-02  4.38454866e-01
   2.10651413e-01  1.81411520e-01  2.44450301e-01  1.33657098e-01
   9.11644325e-02  3.06735665e-01  3.87718797e-01 -3.46929550e-01
  -1.35559723e-01 -3.84049982e-01  4.08913404e-01]
 [ 2.53826618e-01 -4.05576169e-01  3.66468132e-01 -3.83299659e-04
   2.78500561e-02  2.13080496e-01  3.26963216e-01  4.67813537e-02
   2.97809452e-01  3.25985700e-01  2.59822279e-01 -1.62455156e-01
  -1.73070177e-01 -3.48157585e-01  3.25736314e-01]
 [-1.92822859e-01  1.81969686e-03 -2.47022256e-01  1.72784790e-01
   1.88407913e-01  3.69436353e-01  4.52581614e-01 -2.25085631e-01
  -2.25657851e-01 -4.37949926e-01 -3.79753619e-01 -4.92450446e-02
  -1.57797858e-02 -1.98340714e-01  4.03258592e-01]
 [-3.33288133e-01 -1.23353913e-01 -1.81328014e-01  3.24592479e-02
  -8.56030807e-02  3.50763291e-01 -4.79012728e-02  1.95021555e-01
   4.29781049e-01 -1.76935390e-01  4.08871293e-01  2.37261996e-01
  -1.25933411e-02 -2.68346995e-01 -3.34522575e-01]
 [ 1.97190359e-01 -3.24789405e-01 -2.98736334e-01  1.89916879e-01
   1.16430428e-02 -2.74886578e-01 -5.83901890e-02  1.07276261e-01
   1.38631031e-01  3.49454433e-01  5.78488782e-02  7.39127249e-02
  -6.96813092e-02 -1.65176466e-01 -2.58026749e-01]
 [ 6.57071844e-02  3.86638224e-01  2.35199839e-01  6.00390881e-02
   2.46677129e-03 -2.95214236e-01  1.56191420e-02  3.81871879e-01
   5.07359684e-01 -8.82192329e-02 -3.96673262e-01 -4.13430005e-01
  -1.67603031e-01 -3.79321247e-01  2.93911006e-02]
 [-4.30160135e-01 -3.39888543e-01  2.03653380e-01  1.07100189e-01
   1.21418126e-01  1.64764062e-01 -8.57022405e-02 -1.45645991e-01
   1.07735530e-01 -3.31314951e-01 -3.63473475e-01 -3.76715451e-01
  -4.15880620e-01  2.54302084e-01  1.97669238e-01]
 [-3.57855469e-01 -2.69780427e-01 -1.69290841e-01  2.97686189e-01
   1.22154588e-02  1.76657215e-02 -1.49761349e-01  2.80978203e-01
   2.89741188e-01 -3.73218894e-01  9.96676609e-02 -1.42525524e-01
  -1.87783554e-01  5.08254692e-02  2.68303633e-01]
 [-3.62696141e-01 -4.03158128e-01  2.62232482e-01  2.46890575e-01
   1.43620268e-01 -2.22787354e-02  2.48665735e-01 -4.91475388e-02
  -9.32053030e-02 -2.20751822e-01  2.57310681e-02  1.15141094e-01
  -2.94822574e-01 -3.22757274e-01 -1.03366204e-01]
 [ 1.67415202e-01 -1.51607580e-03  1.50882844e-02  3.30045104e-01
  -4.05416712e-02 -3.58364761e-01  2.71129638e-01  1.89566478e-01
  -1.20199315e-01 -3.99727464e-01  1.18254311e-01 -1.78622723e-01
   3.97178262e-01 -7.76958913e-02  3.43958080e-01]
 [-1.09072968e-01  3.89796853e-01  4.16721014e-04 -1.47782397e+00
   1.80730712e+00  3.37963283e-01 -7.87697911e-01  1.65170944e+00
  -1.18221033e+00 -3.30372781e-01  3.04208964e-01  4.34996873e-01
  -1.11650862e-01  1.54858068e-01  4.00944054e-01]]
Peso 2:
[-0.10881069 -0.02582278  0.00561778  0.64203    -0.0893583  -0.03859257
  0.4178537  -0.11385463  0.616168   -0.03509372 -0.00528388  0.03071757
  0.01692075 -0.0049697  -0.01902642]
Camada: saida
Peso 1:
[[ 0.31275415 -0.13263014]
 [-0.39088067 -0.21752617]
 [-0.10842834 -0.02436587]
 [-1.4668708   1.0275812 ]
 [ 0.9402916  -1.4562302 ]
 [ 0.3299866  -0.12809332]
 [-0.62817466  0.59558403]
 [ 1.3172235  -1.0295101 ]
 [-0.9150302   1.0257866 ]
 [-0.10988976 -0.28490132]
 [ 0.44628984  0.11628189]
 [ 0.44792813  0.23640919]
 [ 0.04801637  0.21786635]
 [ 0.09569374 -0.2704445 ]
 [ 0.5881794   0.23083007]]
Peso 2:
[-0.32280242  0.32280216]



pesos modelo: 
Test loss: 0.0031, Test accuracy: 1.0000
Camada: meio
Peso 1:
[[ 1.50377899e-01  2.79586405e-01 -4.20954674e-01 -2.90547609e-02
  -2.74355173e-01 -3.65681410e-01  2.75487274e-01  1.34558827e-01
   1.85409516e-01 -1.63017154e-01 -1.17822856e-01 -6.86773956e-02
  -7.37517774e-02  3.78865749e-01 -1.29585505e-01]
 [ 2.27990597e-01  3.14235687e-02 -1.47381008e-01  3.20131570e-01
   1.86335891e-01  4.05347735e-01 -2.19129831e-01 -2.09731847e-01
  -1.39135242e-01 -2.21715033e-01  3.17129701e-01  2.24765509e-01
  -3.80638063e-01  1.53961211e-01  2.64614433e-01]
 [ 3.76522690e-01  2.08761543e-01 -1.83794364e-01  1.67450398e-01
   1.42674595e-01 -1.76159799e-01 -2.87851989e-02 -1.94737107e-01
  -2.99570829e-01 -3.23229849e-01  7.02246130e-02 -1.14605635e-01
   3.37403327e-01  3.83254588e-02 -3.40274274e-01]
 [ 3.07435580e-02 -2.37259433e-01  3.92151535e-01 -6.78243637e-02
  -3.31089526e-01  2.03056395e-01  5.60289919e-01  1.82956010e-01
  -4.96145636e-02 -3.21712404e-01 -1.13506153e-01 -1.45641536e-01
   1.39776152e-02  2.14287698e-01  1.01296501e-02]
 [-1.41281411e-02 -7.90878013e-03 -2.49984965e-01  2.69735724e-01
   5.80209568e-02 -2.15446115e-01 -1.58130169e-01 -3.00740629e-01
   7.87127241e-02  1.88957855e-01 -1.24636680e-01  3.43837976e-01
   8.97470117e-02 -2.35861033e-01 -3.48368943e-01]
 [ 2.73807168e-01  2.13866964e-01 -1.74124673e-01 -3.21903522e-03
   1.94884524e-01 -1.53023496e-01  5.30767083e-01 -2.27555826e-01
  -9.05634910e-02 -3.58777851e-01 -1.65185153e-01 -7.14653507e-02
  -1.50866881e-01 -2.39694551e-01  3.13913465e-01]
 [-8.99770632e-02  5.24858385e-03 -2.88519502e-01 -1.97998770e-02
  -2.84469336e-01 -2.22875297e-01  1.13564037e-01 -1.41845077e-01
   2.85438031e-01 -4.28771555e-01  3.69411856e-02  1.88297704e-02
  -3.28411870e-02  1.94771662e-01 -3.31092775e-01]
 [ 8.20285156e-02 -5.75807542e-02 -3.42981160e-01  1.81098506e-01
  -2.40247503e-01  2.76842684e-01  2.92566746e-01 -2.03857258e-01
   4.64739501e-01 -2.46190146e-01  2.00964689e-01  2.84821153e-01
   7.04803765e-02 -9.36281458e-02 -4.17040080e-01]
 [ 1.83718145e-01  5.24346193e-04  2.25834817e-01  3.62588525e-01
  -3.72805506e-01 -4.04425383e-01  5.76754153e-01 -3.15131813e-01
  -2.20191494e-01 -2.26665795e-01  2.56519169e-01  3.24800640e-01
  -1.81161672e-01 -1.83993801e-01 -3.98421735e-01]
 [-1.82902943e-02  3.08732510e-01  9.33595896e-02 -1.08911559e-01
  -1.30484728e-02 -1.72756106e-01 -7.69610107e-02 -6.39838502e-02
  -3.01188737e-01 -3.24969530e-01  1.45605281e-01 -1.76643640e-01
   5.46604335e-01  3.73316675e-01 -9.91637632e-02]
 [ 9.58749503e-02  4.44863677e-01  7.15216547e-02  3.52162331e-01
   2.08755925e-01 -1.42568098e-02  5.02810717e-01 -6.75204992e-02
   1.82220578e-01 -1.58270702e-01  3.11266720e-01 -2.21826538e-01
  -1.71201915e-01  3.52598488e-01  2.56207943e-01]
 [ 5.89329563e-02  3.17737937e-01  3.78477603e-01 -8.52389038e-02
  -4.16807562e-01 -3.62058766e-02 -5.92047274e-02  9.32852458e-03
   6.12762794e-02 -4.19101328e-01 -3.10534865e-01  3.17840993e-01
   2.80304909e-01  3.66175681e-01 -3.17540526e-01]
 [ 1.34690449e-01  2.92320065e-02  2.84928381e-01  4.07549858e-01
  -1.03056423e-01 -2.90235966e-01  3.81887257e-01  3.05395216e-01
  -1.95080668e-01 -1.17061637e-01  1.49780139e-01  2.02730238e-01
   4.01149571e-01  3.83863747e-01 -2.44538233e-01]
 [ 1.05312400e-01  1.35328069e-01 -3.15228462e-01  4.06096458e-01
  -3.95176560e-02  3.67040992e-01 -1.10184021e-01  3.37068319e-01
  -1.68689504e-01 -2.86966503e-01  3.66861284e-01  1.73432648e-01
   4.19320762e-01 -1.89845666e-01 -2.76146948e-01]
 [ 1.27357692e-01  2.46798217e-01 -1.23156026e-01  2.07537159e-01
   1.67871356e-01  1.13290459e-01  3.40309799e-01 -3.33280534e-01
  -2.47929633e-01  3.28511566e-01  1.43868074e-01  2.47067153e-01
   1.03058755e-01 -2.00948846e-02 -3.55578810e-01]
 [ 6.88649714e-03  6.60060346e-02 -2.64351219e-01  8.29538479e-02
  -7.47385770e-02 -8.35449398e-02  3.25844325e-02 -3.93474430e-01
  -3.16262722e-01 -2.44990662e-01  3.69356275e-02 -3.94460589e-01
   5.54571509e-01  2.57392079e-02  2.00976521e-01]
 [ 2.53964949e+00 -6.56793475e-01  2.76712298e-01 -3.53119932e-02
   2.66128272e-01  2.92248577e-01 -1.22280169e+00  1.42062336e-01
  -1.52084619e-01 -9.67171695e-03  6.64898098e-01 -3.05161238e-01
  -8.83470953e-01  9.42866385e-01 -5.81332855e-02]]
Peso 2:
[-0.17483376  0.42225975 -0.00096892  0.03889065 -0.09380005  0.01392097
  0.6222166  -0.05337006  0.06836906 -0.00735378 -0.03572737  0.12288998
  0.48224437 -0.03672399 -0.00098072]
Camada: saida
Peso 1:
[[ 1.7422159  -1.7913345 ]
 [-0.51036876  0.8246445 ]
 [ 0.48317674  0.3545908 ]
 [-0.06546394  0.1493382 ]
 [ 0.07032333  0.35570127]
 [ 0.40671423  0.18645743]
 [-0.97488123  1.0694057 ]
 [-0.31111827  0.3996221 ]
 [-0.5206076  -0.18976595]
 [ 0.45444784 -0.08256355]
 [ 0.08184385 -0.76481646]
 [-0.7698709  -0.24270666]
 [-0.35393152  1.0668494 ]
 [ 0.34511194 -0.8080165 ]
 [ 0.11794478  0.10861681]]
Peso 2:
[-0.484037    0.48403677]



pesos modelo: 
Test loss: 0.0070, Test accuracy: 1.0000
Camada: meio
Peso 1:
[[-1.18380189e-02 -2.59027421e-01  3.36371034e-01 -7.85809457e-02
   2.55645722e-01  9.58590806e-02  3.88213068e-01 -1.00127608e-01
   4.64826226e-02  3.86888117e-01  9.34548080e-02  1.82683170e-02
   2.51837373e-02 -3.02744687e-01 -6.21303320e-02]
 [-7.88049698e-02  2.29045749e-03  4.26478356e-01 -2.88847387e-01
   1.36964589e-01  1.45771176e-01 -1.44713223e-01  3.32681239e-02
   1.21603101e-01  1.05576426e-01 -2.36533016e-01 -3.32244694e-01
  -2.98662663e-01  1.44962966e-02  3.92961174e-01]
 [-2.40774870e-01 -7.68950582e-03  2.52861112e-01 -1.89422205e-01
   2.28669673e-01  2.19916075e-01 -4.02486682e-01 -1.28711075e-01
  -5.95806539e-02 -3.14685017e-01 -8.53970349e-02  5.16867638e-02
   9.47631299e-02 -6.85085952e-02  3.38663131e-01]
 [ 2.34201968e-01  1.64217323e-01  1.33094192e-01 -2.21701503e-01
  -1.28723383e-01 -1.12632766e-01  7.75659084e-02  1.80172697e-01
   1.91353410e-01 -1.57585174e-01  2.53542483e-01 -1.36880845e-01
  -3.94800872e-01 -6.39745444e-02 -1.07823774e-01]
 [ 4.16891247e-01 -3.44129317e-02  2.11243257e-01  3.70774955e-01
   9.73394662e-02  2.71079957e-01 -4.20838684e-01  1.51536211e-01
  -1.69839948e-01  1.81897670e-01 -5.25905425e-03  4.26376253e-01
  -3.40600461e-02  2.21483678e-01  6.88272119e-02]
 [ 3.73307198e-01  1.58840477e-01 -2.57088188e-02 -2.49037996e-01
   2.88343906e-01 -1.95038378e-01 -2.12267220e-01  2.66724080e-01
   2.73938298e-01 -2.01589599e-01  1.73187971e-01  9.81724709e-02
  -2.28989907e-02  6.49039224e-02  2.39450350e-01]
 [ 3.80442649e-01 -2.23397985e-01 -5.11601493e-02  2.37383530e-01
  -3.94159347e-01  6.75804820e-03  2.08312690e-01 -1.48664594e-01
  -5.23669161e-02 -2.50587761e-01  2.75925696e-01  1.24653123e-01
   7.93559626e-02 -1.50471047e-01  1.72175020e-01]
 [ 5.23968339e-01  4.29910958e-01  8.40234570e-03  3.53718489e-01
   3.50021869e-01 -3.20918322e-01  2.28846259e-02 -1.93856340e-02
   1.84654206e-01 -4.26998556e-01  1.88478202e-01 -2.27791265e-01
   9.57453698e-02 -1.50038689e-01  1.09007321e-01]
 [ 4.32097524e-01 -4.13871825e-01  1.68077588e-01  9.26820859e-02
   1.11909352e-01 -2.20059976e-01 -3.56316328e-01  4.79785532e-01
   3.58931035e-01 -5.50942421e-02 -2.29324177e-02  3.42203081e-01
  -9.63798240e-02 -3.81892920e-02  3.50087464e-01]
 [ 8.20128024e-02 -3.68334740e-01  1.77749753e-01 -1.68492690e-01
  -2.46347070e-01 -1.73986107e-01 -3.87930989e-01  4.57557827e-01
   1.64446890e-01 -1.84957340e-01 -3.53358477e-01 -3.88095081e-01
  -1.31922781e-01  2.19875410e-01 -6.91804439e-02]
 [-4.35568811e-03  2.19759166e-01 -7.78865162e-03 -2.91490853e-01
   2.82957703e-01 -3.42494518e-01 -2.57624779e-02  4.79031920e-01
  -1.91358775e-01  1.57386363e-01  2.75708169e-01  2.25034967e-01
  -3.85412455e-01  3.00874859e-01  3.69946271e-01]
 [ 4.61510383e-02 -3.38594377e-01  8.26431066e-02 -1.52510062e-01
  -2.37479031e-01  2.23374292e-01  1.09249391e-01 -1.44613031e-02
  -2.33059436e-01 -1.90104753e-01  9.67614651e-02  1.72572628e-01
  -2.96499491e-01  1.94938079e-01 -1.99220940e-01]
 [-1.45600855e-01  2.18165740e-02  1.01103308e-02  1.73888996e-01
  -2.40494028e-01 -3.99597764e-01  4.52063590e-01  3.74933213e-01
  -1.32693335e-01 -3.28436375e-01  2.85225153e-01 -4.05100673e-01
  -4.26581264e-01 -1.68367729e-01  2.02280328e-01]
 [ 3.54502916e-01 -4.02643234e-01  2.08947703e-01 -2.27414370e-01
  -2.17489123e-01 -5.71838804e-02 -2.95255691e-01  2.19381586e-01
   4.12975073e-01 -1.52260795e-01  1.82597145e-01 -2.76831567e-01
   2.53330827e-01 -1.20665282e-01 -8.36363584e-02]
 [-2.49404743e-01  2.60273010e-01 -1.11698225e-01 -1.14095055e-01
   2.37830430e-01  3.76285403e-04  9.12819505e-02  5.14837623e-01
   1.02835193e-01 -1.59306437e-01 -3.24702948e-01 -7.34085217e-02
  -9.63882357e-02  3.70441079e-01 -1.84406415e-01]
 [ 5.69316089e-01 -2.40512982e-01  1.15287207e-01 -2.56156772e-02
  -1.24034025e-01 -2.05651447e-01 -4.14318115e-01 -8.89466628e-02
   1.10501692e-01  2.96310365e-01 -4.21089754e-02 -4.11542118e-01
  -2.60685802e-01  1.46767244e-01 -2.00313896e-01]
 [-1.09386599e+00 -1.83094144e-01  1.64417326e+00  6.42244279e-01
   1.75496832e-01  2.20547661e-01 -4.54409756e-02 -1.21133816e+00
   1.45315611e+00  1.83377430e-01  2.73435712e-01  2.59254710e-03
   1.37012109e-01  1.23611832e+00  1.17109740e+00]]
Peso 2:
[ 0.6631642   0.07395954 -0.18962537  0.02978356 -0.07041963 -0.01495792
  0.04286448  0.6744245  -0.04695853 -0.01092883 -0.2049086   0.04705338
 -0.007897   -0.12442368  0.04920645]
Camada: saida
Peso 1:
[[-1.0691648   1.0172989 ]
 [-0.0329361   0.30096838]
 [ 1.0351866  -1.1624798 ]
 [ 0.53986007 -0.3766157 ]
 [-0.13296361 -0.45412463]
 [-0.1713525   0.38415575]
 [-0.15868062  0.19486633]
 [-1.2188336   0.9829808 ]
 [ 1.030988   -0.88979506]
 [-0.09823993  0.28675354]
 [ 0.21787383 -0.31004688]
 [ 0.1827245   0.5016066 ]
 [-0.0733211   0.26111495]
 [ 0.4232144  -1.0567995 ]
 [ 0.9148068  -0.58912957]]
Peso 2:
[-0.55213755  0.5521369 ]



pesos modelo: 
Test loss: 0.0012, Test accuracy: 1.0000
Camada: meio
Peso 1:
[[-0.3541626  -0.29368934 -0.30113643  0.16098234 -0.12106463  0.13815984
   0.11002287 -0.02755728  0.3618876  -0.14599574 -0.31222454 -0.39997253
  -0.24082164  0.23513082 -0.23122111]
 [ 0.25868556 -0.11982197  0.33049557  0.31383237 -0.15086001 -0.1962064
  -0.40333623 -0.382524   -0.17123306  0.36840937  0.2184054   0.34682855
  -0.2583039   0.28641084  0.18538806]
 [-0.18787755 -0.17108676  0.3289353   0.14310494 -0.33135945 -0.13823089
   0.11476853  0.11471674  0.3937733  -0.40043017  0.34574124  0.1344414
   0.4204863   0.06875226  0.06702438]
 [-0.27045664 -0.3139345   0.10898992  0.17713957  0.15407193  0.4050353
   0.31745514 -0.28593627 -0.08273982 -0.0617424  -0.30071908  0.35782194
   0.13578753  0.41087046  0.09094264]
 [-0.25244036 -0.06630815 -0.22429767  0.2222318  -0.18771496 -0.356388
  -0.12400372  0.17359854 -0.11917799  0.06551686 -0.2746691  -0.00517051
  -0.0165574   0.14526154  0.05211246]
 [ 0.2984638  -0.04861933  0.46195507  0.37785405  0.03766203  0.268453
   0.09227572 -0.21219179 -0.15010862  0.2371668   0.22014675 -0.363197
  -0.12088741 -0.19924921  0.25307274]
 [ 0.4127714  -0.04011987  0.14909221  0.33885297  0.48972684 -0.4295723
   0.35582465 -0.31082687  0.0895808  -0.35743517  0.4158367  -0.10220934
  -0.12411954 -0.28200817  0.24103853]
 [ 0.43042704 -0.3544344   0.33288744  0.28917113 -0.09533232  0.03424302
   0.1055961  -0.0341083   0.30511862 -0.3812921  -0.18693896 -0.3712843
  -0.11583091 -0.30244273 -0.00461451]
 [ 0.13581896  0.03138025 -0.31579852  0.23587814  0.13178197 -0.40886703
   0.38003942  0.28572258 -0.15332763  0.03588937  0.299699   -0.40404397
  -0.28614768 -0.3755712  -0.03805677]
 [ 0.4559043   0.08154603  0.35503665  0.09025495  0.29374176 -0.3879881
   0.37463918 -0.00879389  0.01339323 -0.37200445  0.08651455 -0.14647363
   0.05119843  0.07715547 -0.09365299]
 [-0.18941882 -0.3270283  -0.3125776   0.21870954  0.15710333  0.02011674
  -0.20836616 -0.33344737 -0.13949439  0.3088667   0.05723346  0.31112707
   0.2097265   0.19237462  0.16210061]
 [-0.14692302  0.0872624   0.18953831  0.17265642  0.19199854  0.10553387
   0.22038336  0.11616416 -0.30937827 -0.22216831 -0.15382968 -0.0744079
  -0.29128435  0.13811536  0.18021795]
 [ 0.28561413  0.2846775   0.41434655  0.16772382 -0.03213515 -0.42771995
  -0.28775144  0.16404517 -0.28027242 -0.03433044 -0.23117124  0.1276754
  -0.29333398  0.12984726  0.10679205]
 [ 0.19207479 -0.14990038  0.39083254  0.1690668   0.428729   -0.40577707
   0.34584004  0.22245452 -0.10850132 -0.3367458  -0.2988177   0.22787069
   0.13023195  0.27739313  0.24841364]
 [-0.0957159  -0.30011722  0.17751223  0.15649177  0.3441291   0.25267753
  -0.17766157  0.19613644 -0.12736765 -0.20291781 -0.21387401 -0.22735836
   0.02205105 -0.38926026  0.23694828]
 [-0.17504872  0.0454339  -0.24281643  0.31231755 -0.20752497  0.29457113
   0.2939307   0.26539075  0.1702559  -0.26357576 -0.23615004  0.18385316
   0.25436014 -0.15126523 -0.10414759]
 [ 0.9099864  -0.22834045 -0.5626699  -1.9969896  -0.9734992   0.13029265
   0.6936553  -0.14747687 -0.16865292  0.01296454  0.05838411 -0.02966718
  -0.16964287 -0.07296366  2.0412226 ]]
Peso 2:
[ 0.05399136  0.04194855  0.15561149  0.79222053  0.5347384  -0.00130292
 -0.05909718  0.01591671 -0.1301962   0.00362159  0.0015084  -0.02172794
 -0.17032088  0.00353266 -0.09440652]
Camada: saida
Peso 1:
[[ 0.7348951  -0.32352942]
 [-0.4888095  -0.11742218]
 [ 0.03349402  0.8324114 ]
 [-1.2060202   1.9356014 ]
 [-0.74611443  0.80754197]
 [-0.52614737 -0.5532892 ]
 [ 0.5552717  -0.34362343]
 [ 0.08355048  0.27769762]
 [ 0.44986725 -0.08788355]
 [ 0.04413466  0.16171384]
 [-0.1571288  -0.11479851]
 [-0.21792182 -0.47383285]
 [ 0.38954988 -0.02767805]
 [-0.21677694  0.21326943]
 [ 1.6833501  -1.1480544 ]]
Peso 2:
[-0.19453372  0.19453372]



pesos modelo: 
Test loss: 0.0012, Test accuracy: 1.0000
Camada: meio
Peso 1:
[[-2.31031358e-01  1.70605987e-01  2.96914428e-01  3.16209495e-02
   3.64884824e-01 -3.63982916e-02 -1.06476963e-01 -6.78787529e-02
  -2.94273257e-01  1.11057848e-01 -1.25674635e-01  2.58023828e-01
   3.06677669e-01 -1.84204951e-01  1.35349840e-01]
 [-2.69077241e-01  1.72929257e-01 -2.39586607e-01  1.35724276e-01
   3.42092603e-01 -2.77060658e-01  2.45217830e-01  4.05199677e-01
  -2.69758523e-01 -3.62848967e-01 -1.33646578e-01  2.15868145e-01
   1.46148533e-01  1.02089256e-01 -2.36584023e-01]
 [-2.70081043e-01 -1.31993234e-01  8.77986848e-02 -3.37394446e-01
   3.32743853e-01  2.97258884e-01 -2.08699152e-01  2.53750056e-01
   4.01008755e-01  1.37613922e-01  2.32754797e-01 -1.77149236e-01
   3.46608669e-01 -1.89884916e-01 -1.36870712e-01]
 [ 3.23253393e-01  1.67739242e-02  2.67481536e-01 -1.91509649e-01
  -3.22891086e-01  3.37936640e-01  2.10523844e-01 -1.45609468e-01
  -2.18059331e-01  1.57655060e-01 -7.99081624e-02 -9.76983532e-02
   3.83346170e-01 -1.64813921e-01  4.30204451e-01]
 [ 2.13581994e-01 -4.73867320e-02  3.90879840e-01  2.62131155e-01
  -2.88059175e-01  1.40967891e-01 -2.01890647e-01 -2.45816827e-01
   5.94076626e-02 -2.20445190e-02 -3.15793723e-01  2.35266045e-01
  -1.72827274e-01  2.60360718e-01  5.02846576e-02]
 [-4.35581058e-02  6.54869601e-02  4.32770848e-01  3.86834852e-02
  -2.93462574e-01  8.17087106e-03 -3.63748670e-01  9.82821286e-02
  -4.47131246e-01  3.21226627e-01  1.32524297e-01 -3.97231519e-01
  -3.24930996e-01  2.86943197e-01  1.39073148e-01]
 [ 6.82713389e-02  2.87063122e-01  3.55645448e-01  1.53617099e-01
   2.19837338e-01  2.39311635e-01  2.45140463e-01 -3.55785787e-01
   3.82582217e-01 -7.88138658e-02 -1.37328982e-01  2.88930297e-01
  -2.01986909e-01  1.60932913e-02  1.17535412e-01]
 [ 9.64953005e-02  7.30352104e-02  2.12327540e-01 -3.77166331e-01
  -3.75940710e-01 -2.50761509e-01 -9.04312264e-03  3.49625796e-02
   1.30749300e-01 -1.94901273e-01  1.16249956e-01  1.22811005e-01
  -5.91527596e-02  4.51809866e-03  1.13246493e-01]
 [-1.47690475e-01 -1.04471520e-01 -2.26389468e-01 -1.66425362e-01
  -1.02218568e-01 -1.19778253e-01 -3.51212382e-01  1.80720821e-01
   2.03737751e-01  2.69333690e-01 -1.70566380e-01 -2.87640780e-01
   5.99084236e-03 -3.63960922e-01  2.92954564e-01]
 [ 1.87090158e-01  2.51170188e-01 -1.36622889e-02 -3.20586383e-01
  -1.83187500e-01  3.93126220e-01 -2.90895700e-01 -1.71920449e-01
  -1.98879927e-01  1.81899339e-01 -1.07778631e-01  2.03070119e-01
  -3.76926064e-01 -2.12533042e-01  5.80958307e-01]
 [-5.70944510e-02  1.98882580e-01  4.27757472e-01 -3.93936560e-02
  -1.98137015e-01  2.28926599e-01 -9.25483257e-02  9.44683105e-02
  -2.92779237e-01  3.14164907e-01 -4.32713926e-01 -3.58126372e-01
   1.90527663e-01 -6.42145844e-03  2.18139350e-01]
 [ 7.38232303e-03 -4.49268222e-02 -3.56279433e-01  1.87317908e-01
  -4.01446164e-01  3.42772692e-01  3.36824268e-01  2.54540499e-02
  -3.80933195e-01 -1.64432451e-02 -1.49944112e-01  3.46256584e-01
   1.54114619e-01  2.46871293e-01  3.02798718e-01]
 [ 1.61975786e-01  2.71903872e-01  4.53799158e-01 -4.35021341e-01
   3.59950244e-01 -3.23179394e-01 -3.60003114e-01 -3.49258423e-01
   3.50487173e-01 -1.77511007e-01 -6.08200580e-02 -2.67496794e-01
   2.02773005e-01  1.45383134e-01  2.31052622e-01]
 [-1.09123796e-01  1.63726538e-01 -1.65781990e-01 -2.76013166e-02
   7.28281811e-02 -4.20620739e-02  1.54629752e-01 -4.14654344e-01
  -3.45203519e-01 -5.43662794e-02  1.78501159e-02 -1.81107111e-02
  -1.83019698e-01  8.59371275e-02  2.46441886e-01]
 [ 5.92054203e-02 -1.38195045e-02  1.43256083e-01 -4.68004495e-01
  -7.54260346e-02  2.82014251e-01 -3.36941630e-01 -3.03237736e-02
  -3.34264517e-01  7.28582814e-02  1.68486722e-02  2.27863416e-06
   1.57499194e-01  3.69990110e-01  1.39755398e-01]
 [-4.07887921e-02 -7.51026571e-02  1.05674252e-01  1.51982799e-01
  -2.67851830e-01  1.18155535e-02  2.21049264e-01  2.09065378e-01
   1.30181596e-01  7.26160267e-03  1.39844924e-01  1.10670514e-01
   4.58114594e-02 -3.83843601e-01  8.99417326e-02]
 [ 1.81393135e+00  1.65775335e+00 -8.10442090e-01 -2.00265422e-01
  -7.52936900e-02 -3.93525451e-01 -2.77089011e-02 -2.32962459e-01
   8.41723233e-02  1.22706187e+00 -2.40231484e-01 -1.60695482e-02
   1.39026433e-01 -1.58089712e-01 -1.56029308e+00]]
Peso 2:
[-3.2269336e-02 -1.4034873e-01  4.8151496e-01 -1.9261873e-01
 -1.9129619e-02  1.9887717e-01 -6.1504807e-02 -2.3895219e-01
 -3.6373220e-02 -8.5877888e-03 -2.0550685e-01 -4.8042681e-02
 -1.5444287e-02  1.4238093e-04  7.9896033e-01]
Camada: saida
Peso 1:
[[ 1.0462283  -1.3071009 ]
 [ 0.5567418  -1.5705537 ]
 [-0.41221347  1.1234403 ]
 [ 0.18705297 -0.5120911 ]
 [ 0.11023194 -0.4050202 ]
 [ 0.07763409  0.7576202 ]
 [-0.3075435  -0.49561232]
 [ 0.24941953 -0.49547374]
 [-0.4817374   0.1171441 ]
 [ 0.68559253 -1.0418036 ]
 [ 0.5288074  -0.3419462 ]
 [ 0.33996734  0.3294099 ]
 [-0.27363312 -0.47654817]
 [ 0.24493669  0.4543218 ]
 [-1.4145474   1.140554  ]]
Peso 2:
[-0.4857584  0.4857584]
