


pesos modelo: 
Test loss: 8.5636, Test accuracy: 0.0000
Camada: meio
Peso 1:
[[ 0.19004613 -0.14116308  0.24253672 -0.43858388  0.35731834 -0.22302867
   0.38305098 -0.05815488  0.428553    0.26133996  0.17083651  0.20452023
  -0.33088434  0.10623312 -0.370121  ]
 [ 0.5916457   0.07878564  0.03547079  0.251807    0.12111519  0.09710045
   0.34380674  0.14209628 -0.03302766  0.61227256 -0.23591574 -0.14501613
  -0.27643162  0.2278719   0.1918643 ]
 [-0.7161245  -0.19072491 -0.05329968 -0.31249624  0.12980944 -0.11368383
  -0.11892325  0.41264296  0.09610471 -0.29816923 -0.34843603 -0.43212128
   0.24135065 -0.12008372  0.67225057]
 [ 0.14116657  0.42685866  0.33388472 -0.3779051  -0.10686457  0.31332666
   0.02642262 -0.04434782 -0.31748414 -0.3633231  -0.19323665 -0.30936524
  -0.33482015 -0.05765152  0.1493504 ]
 [ 0.09265663  0.3051197   0.36883768 -0.38461205 -0.32528847  0.39691284
   0.04372526 -0.04524793  0.06617545  0.00325792 -0.12404212 -0.28512096
   0.27102125 -0.24608634  0.29277948]
 [-0.27355322 -0.3665831   0.16919613 -0.27879634 -0.12023023  0.03484601
  -0.13186523  0.16278046 -0.02229774 -0.01942679 -0.14832607  0.39971942
  -0.25431728  0.2743076   0.43000543]
 [-0.6351771  -0.43728837  0.39927974  0.23791385  0.07894349  0.56927085
  -0.33026147  0.53622776  0.02718663 -0.0328148  -0.23696743 -0.09024668
  -0.33643624  0.0470826   0.77046126]
 [-0.0222488  -0.4127075   0.24650705 -0.04401857 -0.18200657  0.309709
   0.18411624  0.26855427  0.4197467   0.08621877  0.13980156 -0.22646742
   0.31649584 -0.17246822 -0.31763554]
 [-0.74470335 -0.0323284   0.28008074 -0.20869158 -0.3832315   0.53828675
   0.38151225  0.49087292  0.15545861 -0.28882006 -0.4025799  -0.19629622
   0.1552226   0.0035058   0.6380681 ]
 [ 0.08360046 -0.08919781  0.10153955 -0.16267425 -0.295676   -0.04636163
   0.29691947  0.1705029   0.10672438  0.14617544 -0.42178792 -0.38619798
   0.2053777   0.23907346  0.14872164]
 [-0.02774738 -0.3454429   0.30580455  0.23027611 -0.17780358  0.53025454
  -0.3355914   0.48889813  0.02360249 -0.43396452 -0.16621715  0.23532277
  -0.3937861   0.06918621  0.8658889 ]
 [-0.33952278  0.18879193  0.12016338  0.30474776 -0.35360134  0.31647485
  -0.26938838 -0.41247302 -0.04252711 -0.371956    0.29087716  0.3577559
  -0.14631504 -0.34515083 -0.20269921]
 [ 0.5769821  -0.40087584  0.25891867 -0.27947754 -0.33153078  0.09709419
   0.44189033  0.12147872 -0.42940742 -0.22628666 -0.37312526 -0.2516083
   0.08950755 -0.25352806  0.0745995 ]
 [ 0.6139002   0.18506014 -0.39092368  0.23613515 -0.40452665  0.17306855
  -0.11962803 -0.01187659  0.62870336  0.33187234  0.1687475   0.01220606
   0.22740671 -0.1413744  -0.21397941]
 [-0.3381195  -0.2295416  -0.2500826   0.18224156  0.22067803  0.2951414
   0.43241552  0.1917473  -0.31316102  0.05867194 -0.43552482 -0.10506925
  -0.43242857 -0.0630115   0.45516506]]
Peso 2:
[ 1.6824632  -0.21609566 -0.03546743 -0.13763054 -0.0282551  -0.09709188
 -0.01159017 -0.12147231  0.40199614  0.6180974  -0.07020333  0.03957582
 -0.11985039 -0.03679874 -0.07458497]
Camada: saida
Peso 1:
[[-1.5286462   1.5408471 ]
 [ 0.40111744 -0.4426791 ]
 [-0.20682727 -0.8234929 ]
 [-0.08488024 -0.22339292]
 [-0.39072767 -0.5195426 ]
 [ 0.81381994 -0.28837687]
 [ 0.01122516  0.04744171]
 [ 0.4312382  -0.7268569 ]
 [-0.55164593  0.5052001 ]
 [-0.45198533  0.6533707 ]
 [ 0.26840943 -0.1894594 ]
 [ 0.41017872  0.4997266 ]
 [ 0.24506642  0.06422354]
 [ 0.48490694  0.40535593]
 [ 1.151329   -0.9075702 ]]
Peso 2:
[-0.85398984  0.85399157]



pesos modelo: 
Test loss: 6.8736, Test accuracy: 0.0000
Camada: meio
Peso 1:
[[ 1.51405990e-01  4.59951460e-02 -4.28228855e-01 -8.79038274e-02
   3.84365976e-01  1.15673304e-01  2.02474892e-02  2.34524548e-01
   8.69647861e-02  4.00516868e-01  4.63622808e-03 -1.32305712e-01
  -2.48237580e-01 -5.03113866e-02 -8.89351070e-02]
 [ 4.26840857e-02  1.75707117e-01 -3.19424570e-01  4.45505045e-02
  -1.01173446e-01 -3.55955631e-01  1.10829882e-02  3.30254346e-01
  -1.27002820e-01  4.14456666e-01 -1.64597213e-01  2.86743760e-01
   1.11440860e-01  7.91033134e-02  4.89681587e-02]
 [-4.44374025e-01 -3.35317343e-01  4.98907566e-02  3.94283295e-01
  -4.11862344e-01  9.64072347e-03 -2.36334115e-01  5.63553199e-02
   7.84566045e-01 -6.16681159e-01  8.79833698e-02  1.99851155e-01
   1.81182519e-01 -5.54757416e-01 -5.23820519e-02]
 [ 3.73995602e-01  1.92944169e-01 -2.74258316e-01 -2.47938082e-01
  -1.07854575e-01  4.23830330e-01  4.38186467e-01  3.81528914e-01
  -7.31063485e-02  2.09394753e-01 -1.36527389e-01 -2.56377041e-01
   1.10545218e-01 -3.66290003e-01  2.53622115e-01]
 [ 1.55711308e-01  2.58046120e-01  3.04884017e-02 -2.86134213e-01
  -3.75203609e-01  1.29498422e-01  1.72220796e-01 -5.88710785e-01
   2.75887668e-01 -4.10485595e-01 -1.87231034e-01 -1.23359859e-02
   8.88377190e-01  2.90490270e-01 -2.21595541e-01]
 [-2.75259525e-01  9.74172354e-02  2.10155547e-01  2.46355474e-01
  -3.53828549e-01 -1.99795946e-01 -3.88463736e-01  2.48954654e-01
   3.58579755e-02 -1.63296759e-02 -4.29067910e-02 -2.70551652e-01
  -1.34097517e-01 -2.18143061e-01 -1.54386789e-01]
 [-1.19618542e-01  1.40158445e-01 -2.38516346e-01 -3.39822292e-01
   1.73045725e-01  2.94660211e-01 -5.40213734e-02 -5.37895679e-01
  -3.05328127e-02 -2.27940306e-01 -8.61502886e-02 -3.72725070e-01
   8.79910469e-01  2.83134162e-01 -2.16837764e-01]
 [ 1.42839193e-01  4.16094840e-01  3.49709570e-01  3.75091791e-01
  -3.81511658e-01 -2.50995755e-01  4.05434787e-01 -3.16783309e-01
  -4.41681296e-01  3.72582436e-01  7.72314072e-02  4.13075328e-01
   4.34616387e-01  9.91475582e-02 -2.23289371e-01]
 [ 3.85437571e-02  1.84342980e-01 -3.07686329e-01 -1.12889588e-01
   4.03935671e-01 -3.14147651e-01 -5.10068476e-01  1.63886502e-01
   6.12859130e-01  2.35595822e-01 -4.01725858e-01  5.87818027e-03
   4.47213799e-01  9.72266793e-02  1.76042318e-04]
 [ 1.29178166e-02  4.02811944e-01 -3.30898285e-01 -1.82955205e-01
   2.29050815e-02 -4.34290648e-01  2.57840574e-01  4.41137075e-01
  -1.11202598e-02  2.60635376e-01 -2.15500593e-01 -3.90732288e-02
   1.83319986e-01 -1.57967865e-01  2.36728668e-01]
 [-4.18744922e-01 -7.32183382e-02  2.01886296e-01 -1.31121218e-01
  -1.90521866e-01 -1.99726641e-01  8.86153057e-03 -1.48870811e-01
   5.27370036e-01  2.04706177e-01 -2.34701768e-01 -4.45849121e-01
   5.88247955e-01 -5.24825394e-01 -2.41746634e-01]
 [-6.69561625e-02  2.30468154e-01 -3.63962173e-01  4.02318895e-01
   1.53900921e-01 -3.23243111e-01  3.18587899e-01 -2.23137006e-01
   1.66827261e-01 -3.89849544e-01 -1.62469953e-01  3.25627327e-01
  -4.33687150e-01  2.35514224e-01  3.08596492e-02]
 [ 1.31315803e-02 -3.01737249e-01 -3.77678514e-01  1.09551340e-01
  -7.99475908e-02  1.93592504e-01 -1.03840977e-01  5.38926542e-01
   3.69842425e-02  2.58235663e-01  1.11439712e-02  3.55694652e-01
   1.32968813e-01 -2.90707260e-01  3.01029775e-02]
 [ 4.31124896e-01  1.69639751e-01 -9.13650692e-02 -3.40093762e-01
   1.61428958e-01  2.52495050e-01  5.36305487e-01  4.53975886e-01
   1.31619960e-01  4.95488971e-01  9.59820300e-03  3.53220589e-02
  -2.23060593e-01  5.38751543e-01 -1.91338956e-01]
 [-1.72961317e-02  4.59882826e-01  1.61027908e-02 -9.64212716e-02
   3.70628834e-01 -2.18106374e-01  2.88564283e-02 -4.62016195e-01
   6.26858592e-01 -4.43524152e-01 -2.58328259e-01 -2.38150209e-01
   7.51570225e-01  1.45175293e-01 -2.58380413e-01]]
Peso 2:
[ 0.7499794  -0.00500411  0.         -0.15852645  0.2002957  -0.10210268
  0.6832631   0.95659655 -0.03236227  0.9792222  -0.02791759  0.21935089
 -0.1327925   0.47727445 -0.08101403]
Camada: saida
Peso 1:
[[-0.3228002   0.9426529 ]
 [-0.04854798 -0.2031726 ]
 [-0.11615458  0.09962171]
 [ 0.41640314 -0.5151492 ]
 [ 0.1406556   0.55713856]
 [ 0.16717719  0.05143531]
 [-0.76991224  0.5317199 ]
 [-0.62913936  1.2495499 ]
 [ 0.8939633  -0.84542954]
 [-1.1373404   0.67539036]
 [ 0.20130214 -0.5118149 ]
 [ 0.1129094   0.63902825]
 [ 1.1747512  -1.1883054 ]
 [-0.5201334   0.4436202 ]
 [ 0.34602582 -0.55167145]]
Peso 2:
[-0.93933374  0.9393378 ]



pesos modelo: 
Test loss: 7.9243, Test accuracy: 0.0000
Camada: meio
Peso 1:
[[-3.45195621e-01 -7.92085528e-02 -2.36499339e-01  3.13707292e-01
   3.53885174e-01  1.71970785e-01  1.12678647e-01 -1.88192278e-01
  -2.36738071e-01  2.64496565e-01 -5.12309372e-02  3.59223068e-01
  -5.14489710e-02  3.39695513e-02  2.93037176e-01]
 [ 7.28031322e-02 -4.36070740e-01 -2.99126744e-01  1.37256861e-01
   2.44402792e-02 -3.20026517e-01  9.81438461e-06  2.75589734e-01
  -5.60991317e-02  4.97206748e-02  1.78904086e-01  9.37331002e-03
  -2.69017726e-01  4.98088896e-01 -2.66270459e-01]
 [-1.67983800e-01  3.09504688e-01  2.48530269e-01  7.45488405e-01
   3.10920477e-01 -3.24926376e-01  7.52051592e-01 -2.42266357e-01
   6.72718659e-02  8.59628856e-01 -9.71425623e-02  6.49076879e-01
   1.18537247e-02 -1.19891353e-01  3.53534549e-01]
 [ 1.23631179e-01  2.20817327e-03 -3.69920135e-01  3.35090339e-01
   2.71525443e-01  4.45328057e-01  2.25682020e-01  4.25678074e-01
  -3.41427743e-01  2.08409786e-01  2.35045969e-01  3.62237871e-01
   1.81286335e-02  9.40111279e-02 -1.51249290e-01]
 [-4.32571977e-01  1.83033347e-01  5.75336397e-01  4.49867845e-01
  -3.18607837e-01 -3.72953057e-01  5.20542800e-01  3.03714633e-01
  -3.70315194e-01  7.96163976e-02  1.65899441e-01  5.43220162e-01
  -3.63168269e-01  6.10490702e-02 -1.54784247e-01]
 [-3.75093937e-01 -4.35232818e-02  3.33882272e-01 -2.50412613e-01
   2.03327119e-01  1.66866302e-01  3.45513463e-01 -2.55372524e-01
   6.82479143e-03 -3.60579222e-01  2.29479313e-01  4.44178641e-01
   1.88369274e-01 -3.02385420e-01  2.73250759e-01]
 [-2.11737201e-01  3.75499308e-01  2.56311864e-01  3.33762079e-01
  -2.68613826e-02  6.46408200e-02  1.45676598e-01  3.22660148e-01
  -1.68885157e-01  8.87930691e-01  1.65733024e-01  7.45580494e-01
   3.03560078e-01 -3.30198139e-01 -5.68534024e-02]
 [ 1.60312355e-02 -3.73993814e-01  1.71318054e-01  9.91645455e-03
   3.01009119e-01  3.13326716e-03 -2.35825911e-01  2.27145433e-01
  -9.96562541e-02  2.05964446e-01  2.61978209e-01 -3.19203436e-02
  -1.94803804e-01  3.23424459e-01 -3.03925097e-01]
 [ 2.06687510e-01 -3.22165251e-01  6.00272894e-01  4.85355020e-01
  -2.17645884e-01  1.13399029e-01  9.81076881e-02 -1.77006543e-01
  -1.91249289e-02  2.25285217e-01 -2.80718774e-01 -9.18967277e-02
  -5.00159562e-02 -2.90207595e-01  2.06744477e-01]
 [ 4.42690253e-01 -1.37081385e-01 -2.28800774e-01  1.02719665e-01
   3.11089158e-01  7.56568909e-02  2.41148472e-02 -3.41679454e-01
   2.46699095e-01  2.57953048e-01  1.93089485e-01 -2.23027185e-01
  -1.27775043e-01 -7.44921267e-02 -4.46047962e-01]
 [-2.44145691e-02 -1.99147344e-01  3.06829363e-01  7.04085603e-02
   3.17368507e-01  2.00535893e-01  6.52037323e-01  2.48357058e-01
  -4.52334881e-01  4.22304273e-01  1.39625147e-01 -1.32302657e-01
  -2.59832084e-01  2.94612851e-02 -7.28611872e-02]
 [ 1.86156929e-02 -3.17943156e-01 -1.27548993e-01  1.49470448e-01
   2.91183949e-01 -1.44534111e-02 -8.67477059e-02 -2.29935363e-01
   7.11683631e-02  3.31429720e-01 -2.34890714e-01  3.98869395e-01
  -1.82933033e-01 -8.09342563e-02 -2.34633744e-01]
 [ 1.39785456e-02 -3.17383744e-02 -1.38953358e-01  2.44779378e-01
  -2.01577544e-01  2.02932507e-01 -9.28714592e-03 -9.15609151e-02
   3.97511899e-01  1.66401118e-01 -5.01638651e-01  9.37957224e-03
  -1.13665216e-01  5.40921211e-01 -4.46596630e-02]
 [-8.30719322e-02  5.63737936e-02  1.42020062e-01 -2.26084724e-01
  -3.06385517e-01 -1.43939089e-02 -1.88583112e-03  3.60615581e-01
  -2.02418298e-01 -2.90431589e-01 -1.28964141e-01 -1.42573804e-01
   1.64351448e-01  9.39464092e-01 -2.05546394e-01]
 [ 2.40087271e-01 -3.23559254e-01  1.89114377e-01  5.34253418e-01
   1.94215655e-01 -3.27558815e-01  2.95053035e-01 -4.79494721e-01
  -3.80026072e-01  2.13085279e-01 -2.37685844e-01  3.51790369e-01
  -4.34336513e-01  9.30638909e-02 -1.98757485e-01]]
Peso 2:
[-9.0649277e-02 -1.7884631e-02 -2.4678054e-06 -2.4466240e-01
 -8.4604628e-02 -2.0398785e-01 -3.6045130e-06  2.4103971e-01
  9.8201436e-01 -1.6626102e-01  4.6708757e-01 -9.3748188e-03
 -1.6436359e-01  1.2931963e+00 -3.9424203e-02]
Camada: saida
Peso 1:
[[-0.06077326 -0.555574  ]
 [ 0.15820652  0.12618627]
 [ 0.29441985 -0.7784288 ]
 [ 0.7873467  -0.8236109 ]
 [-0.19504315  0.28278503]
 [ 0.37406468 -0.4578759 ]
 [ 0.6387988  -0.8559359 ]
 [-0.3124275   0.20841034]
 [-0.8008253   0.88826424]
 [ 0.9207292  -0.93484896]
 [-0.6189227   0.38395134]
 [ 0.6022453  -0.68468535]
 [ 0.3560417  -0.10290731]
 [-0.98154753  1.343911  ]
 [-0.43875736  0.4209196 ]]
Peso 2:
[-1.3338468  1.3338491]



pesos modelo: 
Test loss: 7.1847, Test accuracy: 0.0000
Camada: meio
Peso 1:
[[-0.12064222 -0.34842995  0.2125436   0.12257671 -0.38377506  0.0854724
   0.38162017 -0.25472426 -0.22026455 -0.23510204 -0.1159935   0.04872292
  -0.07388246 -0.35510835  0.18066472]
 [-0.11990148  0.31484026  0.16469641 -0.26180583 -0.41443375  0.08536141
  -0.13775969  0.19166443 -0.19438103  0.403684   -0.21803497  0.20521621
   0.06274625  0.31627977 -0.05324611]
 [-0.3617683   0.17474559  0.24053931  0.40199202  0.26118708  0.03514243
   0.44000793  0.30721894 -0.03901809 -0.6550391   0.5018903  -0.41727686
   0.60822076 -0.42823136 -0.29638237]
 [ 0.23893088  0.1804725   0.00356135 -0.00182208 -0.403003   -0.28246602
   0.35086292  0.27354717 -0.24329098  0.13274306 -0.27147117  0.34433657
  -0.44386816 -0.29035717 -0.3616653 ]
 [-0.09781444 -0.3935924   0.27012324 -0.08658394 -0.17356035  0.5804368
   0.70789224  0.3589124  -0.3553959  -0.22548416 -0.27282026 -0.3205067
   0.7917736   0.25809333  0.37526125]
 [ 0.4053771   0.26420772 -0.04142609  0.41862053  0.08677745 -0.15534332
  -0.40773624  0.2598617   0.16535062 -0.07958695 -0.18326369 -0.3962873
  -0.29084808  0.26622963 -0.23063427]
 [ 0.40149802  0.05839853  0.4067941   0.30103868  0.32813543 -0.17827481
  -0.04232544  0.2767107  -0.1931521  -0.5764102   0.28427997  0.39491475
   0.6770275  -0.4676875  -0.07253954]
 [ 0.39847785  0.37759537 -0.05335286 -0.14962763 -0.07813099  0.12965202
  -0.12974727 -0.2425026  -0.2188969   0.4167621   0.24493355  0.0213553
   0.23234648  0.301897   -0.06873828]
 [-0.36794183  0.2631084   0.50208014 -0.3671208  -0.29512838  0.42287728
   0.6407255  -0.12153287  0.09417629  0.01253319  0.4765903   0.26626068
   0.12384571  0.32592186 -0.4253913 ]
 [ 0.28909284  0.04490706 -0.08935317 -0.11146986  0.4221576   0.10468328
  -0.04420632 -0.32677194 -0.07775599 -0.15394816  0.01627722 -0.11240989
  -0.17523521 -0.13409731  0.37631065]
 [ 0.25109082 -0.34869024  0.40052524 -0.35240212  0.37876266  0.55067927
   0.25034192  0.5124419   0.20216745 -0.11158813 -0.24065049 -0.36098716
   0.67498684 -0.13078034 -0.15626413]
 [ 0.15058905 -0.15563717  0.19912827  0.39855915 -0.41441444 -0.4352399
  -0.4086915  -0.314161   -0.38022885  0.01505116 -0.299848    0.36950547
  -0.04557675 -0.08403808  0.2704506 ]
 [-0.07499647 -0.31746736  0.16469738 -0.20165253 -0.42183226 -0.10205455
   0.00295102  0.03759669 -0.35619515  0.6535722   0.06996974 -0.19626723
   0.19725887 -0.29243454 -0.3134271 ]
 [-0.20172435 -0.36829317 -0.16940974  0.41074443  0.07039258 -0.12303892
  -0.3317898  -0.19388396 -0.00831124  0.79050905 -0.38494003 -0.28939787
   0.00598957  0.21254474 -0.43799457]
 [ 0.16920346 -0.07495408  0.09468922 -0.38295704 -0.22381642  0.45786104
   0.10837507  0.508542    0.19195747 -0.6186657  -0.21164423 -0.31928897
   0.3949341  -0.21646063 -0.3913698 ]]
Peso 2:
[ 0.00000000e+00  3.23670864e-01 -1.64695188e-01  1.58049077e-01
  1.03867427e-01  2.73291477e-07 -8.29097758e-07 -1.13979585e-01
  0.00000000e+00  1.52099633e+00 -1.18546730e-07 -2.05494776e-01
 -1.97254613e-01  7.56726563e-01  0.00000000e+00]
Camada: saida
Peso 1:
[[ 0.5791551  -0.2269319 ]
 [-0.39689907  0.3061585 ]
 [ 0.44695535 -0.6339546 ]
 [-0.01864322  0.32556534]
 [-0.00819136  0.23843773]
 [ 0.6067183  -0.26710796]
 [ 0.8866339  -0.24495491]
 [ 0.83867997 -0.18592791]
 [ 0.2983423  -0.58604455]
 [-1.0077336   1.865792  ]
 [ 0.10639268 -0.1950852 ]
 [ 0.5054206  -0.24252464]
 [ 1.2543772  -0.573958  ]
 [-0.98657596  0.2668903 ]
 [ 0.5075531  -0.21735024]]
Peso 2:
[-1.1595256  1.1595253]



pesos modelo: 
Test loss: 8.3392, Test accuracy: 0.0000
Camada: meio
Peso 1:
[[-4.0496039e-01 -3.7806129e-01  4.2957181e-01  3.4670180e-01
  -1.6317111e-01 -1.7368734e-02 -1.9583058e-01 -3.1013680e-01
   1.6571623e-01 -4.2860514e-01  3.7970304e-02  4.0177876e-01
  -2.0118909e-01  4.4565701e-01 -1.1486244e-01]
 [ 9.2385411e-02  2.7170798e-01  1.9455630e-01 -7.5534835e-02
   3.6879569e-01  3.7958509e-01  2.5432450e-01  1.6972488e-01
   5.4403341e-01  1.1544837e-01  3.2494327e-01 -1.7889200e-01
  -2.6634592e-01 -3.9882472e-01 -2.3905024e-01]
 [ 4.9385089e-01 -3.3263826e-01  5.7791978e-01  4.2080849e-01
  -4.1185525e-01 -5.3334147e-01 -1.8019661e-02  3.8995057e-01
  -7.3521453e-01 -1.3588390e-01  6.3485742e-02 -2.4469256e-02
  -2.1443385e-01 -3.6265349e-01  4.0984181e-01]
 [ 2.1671975e-01  9.8364294e-02  2.6975328e-01 -2.3953195e-01
  -3.6648524e-01 -3.9383867e-01 -3.9212704e-01 -2.8951761e-01
  -1.1537880e-02  3.8331389e-01 -1.5622169e-01 -1.7263487e-01
   2.5602508e-01  4.0294605e-01  2.8438151e-01]
 [ 5.7742602e-01  6.0972823e-03 -2.2801127e-02  8.4038056e-02
  -6.8419211e-02 -1.8080495e-01  3.2056528e-01  3.8590762e-01
  -2.3827551e-02 -2.0697653e-02 -1.3439614e-01 -2.2420399e-01
   2.5191721e-01 -3.5707119e-01 -1.0755246e-01]
 [-1.9505087e-01  5.1669568e-02 -5.6904614e-02 -3.0430454e-01
  -2.5394645e-01 -3.6755860e-01 -3.1918490e-01  1.1488801e-01
  -4.0965974e-01 -4.1074082e-01 -1.7413816e-01 -1.7171264e-02
  -3.2467988e-01 -2.4650580e-01  1.3154614e-01]
 [ 6.2208700e-01 -3.3508030e-01  9.1827407e-02  6.3269174e-01
  -6.6647165e-02  5.2905444e-02 -1.5389350e-01  2.5343084e-01
  -5.6863135e-01 -1.9509414e-01  2.5963107e-01  6.6862762e-02
  -4.0585536e-01 -2.3244177e-01  3.5250482e-01]
 [ 3.9506763e-02  3.2936603e-02 -3.3186761e-01 -2.2678387e-01
  -2.9178849e-01 -1.2005502e-01 -2.6268557e-01  3.1690013e-01
  -4.2223018e-01  4.1612703e-01 -7.1169436e-03  2.5665855e-01
   2.1678555e-01 -3.6073115e-01  3.2266009e-01]
 [ 5.3342885e-01 -4.3110716e-01  3.7216002e-01  4.6831408e-01
   1.4773865e-01  2.3135023e-01  4.5931208e-01  6.5408468e-01
  -1.6068836e-01 -2.6771748e-01 -4.6752650e-01  6.6808283e-02
  -1.2976253e-01  3.2976007e-01  4.1319767e-01]
 [ 1.3731688e-02 -2.1933587e-01 -9.5555604e-02  1.4571261e-01
  -5.5456966e-02 -1.6535437e-01  2.1738231e-01 -2.9412568e-02
  -3.2528311e-02  3.6814803e-01 -1.4989921e-01 -2.7830547e-01
  -4.1432178e-01  9.6443117e-02  2.8020036e-01]
 [ 9.3012601e-02  8.7609649e-02  5.2055442e-01  6.4705032e-01
  -2.1857320e-01 -1.5122704e-01  4.5654309e-01  4.2006657e-01
  -1.5013200e-01  2.6609069e-01 -1.8932641e-01 -4.0850767e-01
   3.7797913e-01 -4.0673622e-01  3.7589964e-01]
 [ 2.7772468e-01 -5.2292049e-02  2.9826289e-01  3.2172126e-01
  -1.3595104e-02 -4.4413248e-01  2.7970082e-01  4.2647892e-01
   1.4916241e-01 -7.1137547e-03  1.8820399e-01  4.0898985e-01
   4.3395340e-02  1.3602495e-01  3.6426812e-02]
 [ 8.4677741e-02  2.9291403e-01  1.9969390e-04  1.8700656e-02
  -2.2778483e-02  3.9179805e-01  2.1951678e-01 -1.7871042e-01
   3.4366488e-01 -2.7048096e-01 -2.4272901e-01 -2.9861799e-01
   2.2639942e-01  1.1992681e-01 -8.3692320e-02]
 [-1.2422587e-01  5.9226960e-01 -3.2907054e-01 -3.3121625e-01
   5.5228025e-01 -1.7200463e-01 -2.9084873e-01  8.2853489e-02
   6.9735110e-01 -3.0546227e-01 -2.1512353e-01  2.7369839e-01
   2.4309145e-01  1.7304438e-01 -6.3614041e-02]
 [-1.8989867e-01 -2.8906792e-01  2.4457933e-01  6.6119301e-01
  -5.0895619e-01  1.1162359e-01  3.0160043e-02  6.2878513e-01
   1.1401633e-01 -2.3295356e-01  2.9711993e-02 -3.6967799e-01
   6.1077695e-02  2.8249407e-01  1.7242014e-01]]
Peso 2:
[-8.4673829e-02  8.8244772e-01 -1.9629981e-04 -1.4321453e-02
  9.0857494e-01  3.6858690e-01 -1.1486799e-01 -6.3570365e-03
  1.1694863e+00 -6.0972676e-02  3.5620645e-01  1.1732400e-01
  9.9023893e-02 -1.8183261e-01 -1.2910533e-06]
Camada: saida
Peso 1:
[[ 0.29722282 -0.8920137 ]
 [-0.5494722   1.0887172 ]
 [ 0.5821912  -0.5914788 ]
 [ 0.60500026 -0.99463135]
 [-0.8457202   0.7520543 ]
 [-0.65869385  0.08427344]
 [ 0.21535158 -0.48822206]
 [ 0.8807341  -0.3907346 ]
 [-1.0712132   1.1452125 ]
 [-0.1742307  -0.5433352 ]
 [-0.6245465   0.07810289]
 [ 0.19991359  0.4501077 ]
 [-0.59807193 -0.35792643]
 [ 0.38577983 -0.28512827]
 [ 0.01693332 -0.42182   ]]
Peso 2:
[-0.88259333  0.8825978 ]



pesos modelo: 
Test loss: 8.7615, Test accuracy: 0.0000
Camada: meio
Peso 1:
[[ 4.4471943e-01  1.6053164e-01  4.2832547e-01 -1.9912016e-01
   1.1525750e-02  3.6795259e-01 -4.0449926e-01  2.9904747e-01
  -1.0286233e-01 -3.0774981e-01 -1.7076370e-01  2.4394983e-01
   3.3132905e-01 -2.2788914e-01 -3.6620107e-01]
 [ 5.6422043e-01 -1.3356232e-06  2.3100990e-01 -3.4235495e-01
   5.1750899e-03 -2.7847570e-01  2.5611609e-01 -3.2924876e-02
  -3.0860373e-01  5.7106370e-01  1.6532153e-01  1.8161060e-01
   1.1187641e-01 -1.5218234e-01 -2.6222345e-01]
 [-4.6225038e-01  2.6263790e-02  2.1735547e-01  1.4848565e-01
   1.9750726e-01 -8.1362739e-02  1.7521286e-01  3.2962149e-01
  -3.0700245e-01 -2.8164050e-01 -3.0970129e-01  1.8630956e-01
   3.4366757e-01 -4.1481033e-01  1.9959725e-02]
 [ 2.9626083e-01 -2.4230076e-01  4.7091901e-02  1.8927574e-02
  -1.4205766e-01 -3.2576531e-02  2.8089696e-01 -3.0042312e-01
   1.2173790e-01  1.6810548e-01  1.3795143e-01 -2.5008619e-03
  -8.4251761e-02 -1.8552482e-02 -8.8467330e-02]
 [-9.4566837e-02 -4.1471046e-01 -5.0966986e-02  1.2084265e-01
  -1.5728368e-01  4.6053720e-01  4.1533849e-01 -1.6892155e-01
   1.3483739e-01 -3.1906810e-01 -4.5223129e-01  8.7303358e-01
   2.4563184e-01 -1.3485754e-01 -1.6011781e-01]
 [ 1.8695104e-01 -4.1134441e-01  4.1085833e-01  1.4043641e-01
   2.6194072e-01  1.9781071e-01  3.5891896e-01 -4.0404648e-02
   3.2421476e-01 -3.9059070e-01  3.9529312e-01  1.5238494e-02
  -1.4076442e-01  2.4714386e-01  5.8090985e-03]
 [-1.2139029e-02  7.1537726e-02  5.7346100e-01  3.0272189e-01
  -3.7047616e-01 -2.1169059e-01 -4.2722598e-03 -4.3530688e-01
  -3.4019783e-01 -2.4915041e-01 -3.8526204e-01  6.5177053e-01
   3.4602576e-01 -4.0132496e-01  1.5332568e-01]
 [ 2.6381552e-02  2.5664181e-01  6.4796507e-03  2.9243785e-01
   1.9051254e-02  3.4642071e-01 -2.8436214e-01  2.5276494e-01
   7.1887851e-02 -3.2194731e-01 -4.4215193e-01  7.8586042e-02
  -2.5039726e-01  3.2962251e-01 -2.6499632e-01]
 [-5.5568206e-01 -3.4676258e-02  7.0643252e-01 -1.1164928e-01
   3.7221083e-01  2.6082340e-01  5.0552976e-01  3.5062033e-01
  -8.2129389e-02 -6.9328621e-03  2.9473749e-01  5.5491161e-01
   4.7744447e-01  4.2747682e-01  1.8925726e-01]
 [-9.9400371e-02  1.1632383e-01 -2.4197470e-01 -3.9605644e-01
  -4.2798096e-01 -2.4001527e-01 -4.1945040e-01 -9.6508592e-02
   2.5841892e-01  1.5130258e-01  2.9575396e-01  4.0849018e-01
  -3.2486147e-01  3.0043125e-02  4.1182530e-01]
 [-5.9576780e-01 -4.5445856e-02  6.9732654e-01  2.7925381e-01
  -4.8801807e-01 -3.2823092e-01 -3.7914146e-02  3.0849671e-01
  -3.7088960e-02 -4.6364877e-01  2.4659139e-01  8.9675504e-01
   9.1005385e-02 -3.1331140e-01  2.8553978e-01]
 [-4.2167842e-01 -4.4271287e-01  3.2019603e-01  4.3762147e-01
   4.2087489e-01  2.8200555e-01  2.2262812e-01  2.3311424e-01
  -1.7218778e-01  1.8138355e-01 -2.1223515e-02  7.6884329e-03
   2.3412985e-01  2.9088676e-01 -2.1113349e-01]
 [ 5.5549186e-01  4.3502995e-01  2.4688338e-01  2.1322241e-02
   1.1242813e-01  2.7968428e-01  3.3087149e-01 -2.1775086e-01
  -5.7329386e-02  4.0211935e-02  3.0734739e-01  2.6759961e-01
   1.9573522e-01 -1.1241713e-01 -1.6698478e-01]
 [ 6.4542735e-01  4.5783797e-01 -3.9330342e-01 -2.6124966e-01
  -2.6132014e-01 -3.1433105e-01 -4.5251518e-01  3.7565106e-01
  -3.1594107e-01  3.5806257e-01  1.7288056e-01 -1.4614126e-01
  -5.1549632e-02 -2.7475604e-01  1.9329512e-01]
 [-9.0346828e-02 -5.5957854e-01  3.7914288e-01 -4.0701094e-01
   2.1555386e-01  5.0829226e-01  1.8190473e-01  3.6958426e-01
  -3.2205331e-01 -3.5836065e-01  3.5108247e-01  2.1805234e-01
   3.7542112e-02  2.3688161e-01 -3.5656080e-01]]
Peso 2:
[ 1.2477436e+00  5.2158391e-01 -1.5125713e-01 -2.1321449e-02
  1.1291115e-01 -6.1716082e-07 -6.8077795e-02 -2.5660482e-03
  0.0000000e+00  1.1707146e+00  1.6134083e-01 -2.2594351e-01
 -7.4253812e-02  0.0000000e+00  3.9682768e-02]
Camada: saida
Peso 1:
[[-1.5372941   0.8211882 ]
 [-0.5860085   0.51283693]
 [ 1.153119   -0.19830336]
 [-0.04199836 -0.2832038 ]
 [-0.00383614  0.29494154]
 [ 0.53590196  0.16269061]
 [ 0.38911107 -0.22868592]
 [-0.03706431 -0.13548326]
 [-0.5790445   0.17001158]
 [-1.3676268   0.6801476 ]
 [-0.6883414  -0.3307269 ]
 [ 1.0559182  -1.1055567 ]
 [-0.02848166 -0.6994629 ]
 [-0.26348594 -0.3004427 ]
 [ 0.34363776  0.44742066]]
Peso 2:
[-0.90669435  0.9067    ]



pesos modelo: 
Test loss: 8.8529, Test accuracy: 0.0000
Camada: meio
Peso 1:
[[ 1.58882737e-02  4.09446001e-01 -2.86219418e-01 -1.27845526e-01
   3.48149657e-01 -4.32016134e-01  2.52867937e-01  1.69124246e-01
   8.79032016e-02  1.46998167e-01 -1.92291141e-02 -2.39948213e-01
   4.85092402e-02 -4.20647144e-01  1.42744303e-01]
 [-1.29636958e-01 -1.57926694e-01  3.00219115e-02 -4.44323659e-01
  -3.52710336e-01  6.16112232e-01 -5.20349033e-02  3.60879511e-01
   1.96376070e-01  4.16601188e-02 -1.01313725e-01  1.51633412e-01
  -1.70415337e-03  9.04325172e-02  3.31483036e-01]
 [-3.35640818e-01 -1.41116798e-01  3.31554294e-01  2.84635723e-01
  -3.55831802e-01 -6.22267246e-01  5.90218425e-01  3.32551658e-01
  -3.58041346e-01 -1.41313046e-01 -4.78036106e-02 -1.18741304e-01
  -9.74362493e-02  6.80580139e-02 -4.47149575e-01]
 [ 2.65416622e-01  9.03472304e-02 -2.85289586e-02 -3.63965183e-01
  -2.37209886e-01  1.01762593e-01  4.35923278e-01  1.28850222e-01
   3.96120727e-01  1.22704625e-01 -2.74826646e-01 -1.28156841e-02
   9.08677578e-02  7.81217217e-02  1.87458575e-01]
 [ 6.17536977e-02 -3.38972270e-01  6.15581036e-01 -1.20067090e-01
   2.31858969e-01 -7.49268413e-01  4.06191617e-01 -7.68804774e-02
   1.85401261e-01  4.68280159e-05  2.81184614e-01  1.08491659e-01
  -4.02140409e-01  3.81170213e-02 -2.56316178e-02]
 [ 1.09492958e-01 -2.25222468e-01  3.19405913e-01 -2.08378747e-01
   2.74668217e-01 -2.78005421e-01 -3.51600289e-01  8.73969197e-02
   3.76085043e-01  1.19398534e-01 -7.10399747e-02 -1.16093308e-01
   2.18878686e-01 -3.26740593e-01  2.63262272e-01]
 [-2.45882664e-02 -2.96886206e-01  8.89374465e-02 -3.25523257e-01
  -3.78292561e-01  9.40946043e-02  5.51796615e-01  5.84107280e-01
   9.47271585e-02  2.66059101e-01 -9.53987241e-03  2.71528661e-02
   4.33885455e-01 -9.33049917e-02 -1.64055955e-02]
 [ 3.88462365e-01 -4.44391459e-01 -4.17510688e-01  2.59394109e-01
  -3.10634375e-01 -1.69250280e-01 -1.81027889e-01  2.42048264e-01
  -1.32014722e-01  2.48316407e-01  6.15336895e-02  1.41074061e-01
  -8.81904364e-02  4.37231123e-01 -2.04843521e-01]
 [ 1.81367233e-01 -4.72623706e-02  7.95773923e-01 -2.76033819e-01
  -1.83346957e-01 -6.56933784e-01  8.26773167e-01 -1.91151559e-01
  -7.31354356e-02  4.11367834e-01  9.07498598e-03  1.28505170e-01
   3.52103591e-01 -2.07717463e-01 -4.48663741e-01]
 [-8.09560120e-02  2.75682211e-01 -4.18201923e-01 -1.74612701e-02
   1.03540659e-01 -3.57377827e-01  3.10987413e-01 -2.74196565e-02
  -3.40067863e-01 -2.15843827e-01 -4.63439226e-02 -4.23241317e-01
   3.55737209e-02  3.94678652e-01 -1.87401474e-02]
 [-5.07996738e-01  3.86886358e-01  2.82796323e-01 -2.97229081e-01
  -1.54280663e-02 -4.56637770e-01  8.19239795e-01  5.71109235e-01
  -1.66009247e-01 -4.39914048e-01 -3.89695793e-01 -3.20910275e-01
  -2.57466644e-01 -3.80785018e-01  9.48097035e-02]
 [ 2.79811919e-01  1.12156868e-02  1.58415377e-01 -7.36078620e-03
   4.13458765e-01  3.58969390e-01 -1.42494172e-01  3.95361245e-01
   1.34987295e-01 -3.13292950e-01 -1.84908032e-01 -3.11775595e-01
  -3.35625470e-01 -2.06730872e-01 -2.28362113e-01]
 [ 2.93087453e-01 -2.09338233e-01  3.84495914e-01  4.30985587e-03
  -3.94119531e-01  5.44671297e-01  1.26699537e-01  3.22555721e-01
  -3.69611144e-01 -4.14467335e-01 -2.07404792e-01  2.38494128e-01
  -2.34241948e-01  1.46658421e-01  2.32027531e-01]
 [-2.52477944e-01  5.07238388e-01 -4.20853883e-01  9.97070968e-02
   5.25856614e-01  6.70957744e-01 -7.30374008e-02 -6.06761985e-02
  -4.00055796e-01  4.95517492e-01  3.57264042e-01 -2.45287776e-01
   1.77866206e-01 -1.50021285e-01  1.70821369e-01]
 [-2.99421430e-01  2.11703181e-02  4.24636632e-01  7.15746880e-02
   6.07152581e-02 -2.36988321e-01  1.73413739e-01 -1.22525185e-01
  -1.51954055e-01  8.29803646e-02  2.45876849e-01 -3.78716409e-01
  -2.56993979e-01 -2.85539031e-02 -3.45998019e-01]]
Peso 2:
[ 6.57658756e-01  3.07617426e-01 -3.00232451e-02  2.74324000e-01
  3.36228430e-01  1.54035258e+00 -8.85760358e-07 -5.63287959e-02
  1.27794119e-02  1.93581849e-01 -7.49137811e-03 -1.24261834e-01
 -1.11665688e-01 -1.72822610e-01  6.61675274e-01]
Camada: saida
Peso 1:
[[-0.7076918   0.65353286]
 [-0.13367131  0.49268326]
 [ 0.96455085 -0.54080003]
 [-0.11617793  0.43015826]
 [-0.12896922  0.64028627]
 [-1.5564952   1.4978601 ]
 [ 0.8929194  -1.0268456 ]
 [ 0.12751037 -0.5264437 ]
 [-0.17974122 -0.12603168]
 [-0.0886495   0.35819346]
 [ 0.1276327   0.15471059]
 [ 0.01470966 -0.11971118]
 [ 0.37179643 -0.26568186]
 [ 0.19814013 -0.23009306]
 [-0.6750362   0.7565005 ]]
Peso 2:
[-0.4881058   0.48810908]



pesos modelo: 
Test loss: 7.2701, Test accuracy: 0.0000
Camada: meio
Peso 1:
[[-7.62984455e-02 -2.00730816e-01  1.85567200e-01  2.72755444e-01
  -4.08196032e-01  2.24708021e-02  4.20181215e-01  2.69546092e-01
  -3.53356838e-01  4.25047517e-01 -8.50443840e-02  1.78819478e-01
  -8.07431638e-02  1.31747425e-01  1.70819879e-01]
 [ 1.08529978e-01  1.06406704e-01 -2.45544940e-01  6.91668391e-02
  -9.67925265e-02  2.94098966e-02  3.83182633e-04  4.09853190e-01
  -1.27934337e-01  5.78734636e-01 -4.40296561e-01 -2.31951833e-01
   1.61959857e-01  9.02039781e-02 -2.48828274e-03]
 [ 6.10993028e-01  1.67641789e-01  5.01446426e-01  4.39265281e-01
   2.83662379e-01 -4.76672947e-01 -9.21567902e-02  1.01750106e-01
   2.40872025e-01 -4.69363332e-01  1.68213010e-01 -9.12013948e-02
  -9.67477858e-02  1.85994089e-01  3.37701887e-01]
 [-3.86135817e-01 -3.36052716e-01  2.33753681e-01 -3.65724802e-01
  -4.15045321e-01 -1.24909312e-01  3.58105242e-01  2.38129616e-01
  -4.02176440e-01 -4.46373403e-01  1.72587931e-01  3.76201212e-01
  -2.95156658e-01  3.85444701e-01  2.45115936e-01]
 [ 5.74810803e-01 -4.05669272e-01  2.50307888e-01  8.70684147e-01
  -3.65748882e-01  2.50961304e-01 -4.26261455e-01 -2.29882672e-01
  -2.11171761e-01 -2.55952729e-03  1.82104528e-01  2.43837535e-02
  -7.37096369e-02 -3.66763532e-01  1.91516634e-02]
 [-4.13378805e-01  3.92933667e-01  7.28542805e-02  1.07972920e-02
  -4.11743939e-01  3.62797201e-01  5.09792864e-02 -1.83764696e-01
  -2.96579838e-01  2.00633883e-01 -3.55069757e-01  9.75717306e-02
  -2.06504837e-01 -3.44383985e-01 -2.89513171e-02]
 [ 5.42163610e-01  1.78792253e-02  6.19489133e-01  3.65685999e-01
   1.57906383e-01 -5.52293837e-01 -2.07905695e-01  1.97835550e-01
  -2.57941753e-01 -8.83184820e-02  3.61662298e-01 -3.54318380e-01
   4.59262952e-02 -1.26195401e-01  4.56688672e-01]
 [-4.39681888e-01 -3.24108690e-01 -1.61169469e-01 -3.79021555e-01
  -2.19725683e-01  3.90932322e-01 -1.14758700e-01  1.84374928e-01
   1.25064671e-01 -1.71131045e-01  1.16983831e-01 -2.33340502e-01
   3.34604621e-01  7.28580952e-02 -6.36204183e-02]
 [ 1.37033090e-01  1.69696450e-01  5.67288041e-01  5.33869267e-01
  -1.46910876e-01 -3.19055729e-02 -2.79804587e-01 -1.76906541e-01
  -2.19802871e-01  2.54578292e-01  3.60680491e-01  1.72111392e-02
   2.22602308e-01 -1.41956687e-01 -1.97269619e-01]
 [ 3.43455195e-01 -4.27086055e-01 -5.70774376e-02  2.49265254e-01
  -3.15375537e-01 -4.41004127e-01  4.43427920e-01  7.43932128e-02
   1.04887843e-01  2.62626708e-02  4.34390664e-01 -2.88204014e-01
  -2.78899670e-01 -4.08964247e-01 -2.89147198e-01]
 [-1.82336438e-02 -6.27033636e-02  4.25747573e-01  5.79849601e-01
  -3.42773318e-01 -4.98733461e-01 -3.77905160e-01 -1.00348547e-01
  -2.47187123e-01 -5.64967096e-01 -2.15239853e-01  1.54803455e-01
  -1.86086297e-01 -2.96428770e-01  4.13666517e-01]
 [-1.71931565e-01  4.26832497e-01  2.26959586e-01 -1.26601428e-01
   3.00170302e-01 -2.82006502e-01 -1.82262063e-02  1.87678337e-01
   4.11627054e-01 -2.94662416e-01 -3.53443623e-02 -2.72717834e-01
   2.84663737e-02  9.39370394e-02 -2.32757479e-01]
 [-2.31307894e-01  1.00667544e-01  3.04289341e-01  7.01409653e-02
   1.68813616e-01  4.88427937e-01  5.64830601e-01 -3.61987621e-01
  -3.46230179e-01 -8.21493492e-02 -4.46631998e-01 -4.68828082e-02
  -2.06903249e-01  5.39307017e-03  7.93364495e-02]
 [-2.12437928e-01 -3.11649859e-01 -7.60616809e-02 -5.84382704e-03
  -3.74245852e-01  4.82725680e-01 -1.23143038e-02 -3.16198379e-01
  -1.00114852e-01  7.29612231e-01 -2.63909280e-01 -1.56858861e-01
  -2.29145706e-01 -3.60052325e-02 -1.22021824e-01]
 [-2.24352688e-01 -2.64341652e-01  6.47080064e-01  8.04665506e-01
   3.57385099e-01 -3.59950066e-01 -2.13046432e-01 -5.92287965e-02
   4.31710362e-01  9.39275473e-02 -2.99280554e-01  2.86745250e-01
   2.60827154e-01  2.64139831e-01 -1.21031925e-01]]
Peso 2:
[-1.0765991e-06  1.9472671e-01 -1.5533790e-02 -6.9163211e-02
 -1.8369474e-02  1.1635514e+00  1.0318915e+00  2.1891440e-01
  0.0000000e+00  8.4554446e-01 -7.7382470e-03  0.0000000e+00
 -2.0543251e-03 -5.7326362e-02 -2.7852422e-03]
Camada: saida
Peso 1:
[[ 0.4414634  -0.32871747]
 [-0.62396127 -0.1090308 ]
 [ 0.54817903 -0.97338986]
 [ 1.1704401  -0.8934439 ]
 [-0.0540343   0.12049484]
 [-1.3391153   0.7495627 ]
 [-1.0727379   0.72162616]
 [-0.61413795 -0.05721654]
 [ 0.44905472  0.537655  ]
 [-1.3089205   0.34010872]
 [ 0.5179551   0.5388397 ]
 [ 0.35042733 -0.26824638]
 [ 0.26243326  0.29953563]
 [-0.09450638 -0.14009374]
 [ 0.6224238   0.1849794 ]]
Peso 2:
[-1.0816154  1.0816189]



pesos modelo: 
Test loss: 7.1287, Test accuracy: 0.0000
Camada: meio
Peso 1:
[[-4.09341156e-01 -2.53500223e-01 -1.36114061e-02  1.47410393e-01
  -5.27292192e-02 -2.71278739e-01 -2.63632923e-01  3.56671691e-01
   3.23811769e-02 -1.78007007e-01  3.17142487e-01 -1.27499729e-01
   3.24375272e-01  3.19406688e-01 -1.24496669e-01]
 [ 2.17486024e-01 -4.67816442e-02  1.92496434e-01 -1.11073472e-01
   4.65409756e-02  5.01787066e-01  7.63274506e-02 -1.63572863e-01
   5.62775843e-02  1.51110381e-01  4.20291126e-01 -3.84114563e-01
  -3.95358279e-02  2.09332332e-01 -1.85877681e-01]
 [-5.72265923e-01 -1.94371879e-01 -4.49189246e-01  1.44576520e-01
   3.60832751e-01 -2.30434507e-01  1.05206943e+00  3.53920937e-01
  -4.58026707e-01 -1.44996196e-01 -1.84281826e-01 -2.91028023e-02
   1.81866646e-01 -3.85880262e-01 -3.13816607e-01]
 [ 2.54118323e-01 -2.19208762e-01  1.38802528e-01  9.30925608e-02
   4.06377435e-01 -3.39246213e-01 -2.32365429e-01  2.75576711e-01
  -2.34414846e-01  2.08818257e-01 -5.45261502e-02 -4.00483787e-01
  -6.97813630e-02  1.92653418e-01  1.79284155e-01]
 [-5.85863829e-01  1.16232693e-01  1.51221380e-01  2.99177498e-01
   1.62973076e-01 -3.71290982e-01  4.47580785e-01 -3.00594009e-02
  -5.85284308e-02  1.39007866e-01  3.74874063e-02  2.06269622e-02
   5.75736523e-01  2.43746161e-01  2.83907712e-01]
 [ 1.74965858e-02 -3.31968784e-01 -2.87803531e-01  2.65823424e-01
  -2.65828729e-01  2.46004581e-01  2.18343079e-01  3.01823497e-01
   7.68101215e-02  3.52565885e-01  3.98650408e-01  4.24668550e-01
   5.88595867e-05  1.83006704e-01  3.12804818e-01]
 [-3.66791874e-01 -4.04388160e-01  2.41441224e-02  1.04058832e-01
   1.01904355e-01 -1.78484887e-01  1.01365292e+00 -7.67550152e-03
   8.61442164e-02  1.40587986e-02 -2.91227341e-01 -2.59125710e-01
   5.47376990e-01  3.04250717e-02 -1.27239048e-01]
 [-1.93238854e-02 -2.45351598e-01  2.45384455e-01 -2.42431268e-01
  -4.16428685e-01  2.47999310e-01  3.75088632e-01  3.49328160e-01
   6.70959353e-02  2.90830553e-01 -6.82798028e-03 -3.55182230e-01
   4.22162592e-01  2.58495569e-01 -1.26082182e-01]
 [ 9.32497755e-02  8.95478725e-02 -5.35892308e-01 -9.67828482e-02
   3.52582991e-01 -1.19021758e-01  6.02823853e-01  3.77773464e-01
  -4.15370584e-01 -9.40593481e-02  1.00778952e-01 -7.36745298e-02
  -6.40671477e-02  3.05103898e-01  2.48562992e-02]
 [ 3.33798349e-01 -1.18342966e-01 -2.42067039e-01 -2.03420728e-01
   4.29194987e-01  2.32250273e-01  1.04896486e-01  1.73238575e-01
   3.60247970e-01 -4.35582280e-01  4.84961271e-02 -5.24558127e-02
   3.27444971e-01 -3.63360614e-01  2.47679532e-01]
 [-3.56882042e-03 -4.16730314e-01  1.42252520e-01  1.68970495e-01
  -1.98858604e-01 -1.16919711e-01  4.95750576e-01 -3.51845592e-01
   2.34049872e-01 -1.99625447e-01 -3.01630080e-01  4.10943270e-01
   4.31051224e-01 -2.35243097e-01 -3.24249625e-01]
 [-3.06951940e-01 -9.77965295e-02 -1.87369883e-01 -3.49083543e-01
   4.02285933e-01  3.79622161e-01 -4.36533689e-02  8.67003202e-03
  -5.92171848e-02 -6.50057793e-02  1.10063076e-01 -4.45574343e-01
  -4.26327974e-01  2.57552981e-01 -2.66543031e-02]
 [ 4.60524827e-01  3.82699281e-01  2.20550269e-01 -4.06698078e-01
  -1.11658864e-01  3.58778387e-01  8.16368684e-02 -3.81169349e-01
   4.71018463e-01 -2.98000604e-01 -3.72313917e-01 -3.30075055e-01
   3.09205353e-01 -3.30418468e-01 -3.27356458e-01]
 [ 5.29978164e-02 -3.70781004e-01  2.86107242e-01 -7.97621310e-02
  -2.80674875e-01  6.41360521e-01 -1.99028865e-01  4.76557016e-01
  -3.40613842e-01  3.40143852e-02  3.36039722e-01 -4.03324038e-01
  -4.35393155e-01 -2.02522904e-01  1.28747404e-01]
 [-2.12328628e-01 -4.84771430e-02 -2.99223214e-01 -4.11708802e-02
   4.70431030e-01 -1.60986528e-01  8.49707365e-01 -1.00958854e-01
  -4.65788960e-01  1.18536890e-01 -3.28521691e-02  1.92088008e-01
  -4.20193002e-02 -1.83886260e-01 -2.12245256e-01]]
Peso 2:
[ 1.1505297e+00 -1.9452991e-02  7.2256541e-01 -8.1240565e-02
 -1.0550469e-06  7.8908658e-01 -7.3646531e-02  1.8448824e-01
  5.5024201e-01 -8.6513333e-02  6.2376720e-01  0.0000000e+00
 -2.4821570e-06 -6.7209587e-02 -3.4098029e-02]
Camada: saida
Peso 1:
[[-1.128326    0.90947706]
 [-0.39390624 -0.34169784]
 [-0.6184369   0.7012021 ]
 [-0.16222014 -0.0877502 ]
 [ 0.38966286 -0.13197248]
 [-1.0193003   0.6076987 ]
 [ 1.3424351  -1.2309487 ]
 [-0.19930498  0.21980622]
 [-0.385663    0.65883875]
 [ 0.1494584   0.00187101]
 [-0.56574845  0.62912345]
 [-0.13298348 -0.31856248]
 [ 0.53549844 -0.34858075]
 [-0.04738135 -0.24992219]
 [ 0.01085521 -0.09779431]]
Peso 2:
[-0.9844793   0.98448306]



pesos modelo: 
Test loss: 7.2287, Test accuracy: 0.0000
Camada: meio
Peso 1:
[[-4.34541106e-01 -3.27301443e-01 -1.94327623e-01 -1.53221607e-01
   4.04959321e-01  3.82931471e-01  2.88964331e-01  3.84526134e-01
  -2.95003116e-01  3.61909449e-01  1.10566854e-01  2.44180977e-01
  -1.52063966e-02 -3.68694067e-01  3.34806144e-01]
 [ 7.43076280e-02 -2.60618240e-01  2.56525911e-02 -3.63931686e-01
   1.20623194e-01  1.70733958e-01 -8.33872631e-02  1.95153877e-01
   2.10058540e-01 -3.03143859e-01 -3.82416010e-01 -1.65594041e-01
   9.83319711e-03  5.43598056e-01 -2.36812279e-01]
 [-3.25961709e-01  2.47518837e-01  1.56880319e-02  2.22907752e-01
  -2.06138700e-01  2.16945648e-01  2.08610371e-01 -1.07376575e-01
   2.79146254e-01 -3.31217736e-01  2.10731089e-01  6.87114894e-01
   7.10722983e-01 -3.88828218e-01  1.42843783e-01]
 [ 4.40744936e-01  2.40201533e-01  1.83191180e-01 -2.04258054e-01
  -3.53919387e-01  2.38781393e-01 -1.93282187e-01 -1.94931328e-01
  -3.85972470e-01 -3.21776390e-01  1.51145637e-01 -1.87416375e-02
   8.99717808e-02 -2.53901899e-01 -1.61485285e-01]
 [ 2.18245298e-01 -3.19337666e-01 -3.68870407e-01 -3.70293111e-01
   4.99240249e-01 -3.62258971e-01  4.51901406e-01 -3.52824569e-01
  -2.47051820e-01 -2.88783073e-01  1.00344039e-01  6.03615880e-01
   4.19867456e-01 -1.43995360e-01  2.96563834e-01]
 [-2.73662090e-01 -1.75147235e-01  1.71108842e-01  2.02516019e-01
   1.95141137e-02 -4.14171457e-01 -1.64953023e-01  2.66127706e-01
  -1.99991465e-02  3.38444948e-01  4.37825978e-01  2.89867222e-01
   3.97360563e-01  3.35558534e-01 -3.18405360e-01]
 [ 2.99394608e-01 -1.11781329e-01  8.58365893e-02  3.52306157e-01
   1.82027012e-01 -3.29359591e-01 -1.56665191e-01 -3.64518017e-01
   2.28755459e-01 -3.23258162e-01  1.95082784e-01  4.79554683e-01
   2.20756501e-01 -7.06853449e-01 -1.52029246e-01]
 [-1.34693772e-01 -2.00382486e-01 -2.82417238e-02  3.03116143e-02
  -9.38728750e-02 -1.27202988e-01 -2.36750975e-01  1.13834381e-01
   2.13581145e-01 -2.01441050e-01  3.31705570e-01  3.86250257e-01
  -1.68940663e-01 -9.66021121e-02  2.55297601e-01]
 [ 4.94238853e-01  1.95481837e-01 -3.59407544e-01 -1.34089097e-01
  -8.10335353e-02 -1.26666158e-01  1.59844890e-01  4.97487187e-03
  -2.18653783e-01  3.37516844e-01  3.98115933e-01  2.18829408e-01
   7.00773776e-01 -8.39877427e-01 -4.49844778e-01]
 [-2.32819214e-01  2.31339574e-01 -1.95245236e-01  3.43805134e-01
   6.45684004e-02 -3.62796366e-01  5.65832853e-03 -3.08778942e-01
  -2.99167395e-01  3.12829435e-01  2.70439565e-01  2.24014819e-01
   1.21392429e-01  7.90765882e-03 -2.35637605e-01]
 [ 3.69421467e-02 -9.33684111e-02 -3.65653664e-01 -4.89670858e-02
   3.61860335e-01 -1.44026339e-01  2.83740044e-01  4.03937161e-01
   3.42912853e-01 -3.29005510e-01 -2.97620773e-01  4.57962304e-01
   8.33986521e-01 -2.77930528e-01  3.26247185e-01]
 [-4.18563813e-01  3.19397688e-01 -3.83416384e-01 -6.30504191e-02
   2.12313175e-01  1.58016503e-01 -8.29274654e-02 -1.79121017e-01
   2.37280130e-01  4.26138401e-01 -2.07245663e-01  4.11820471e-01
  -4.27179158e-01  2.19583452e-01 -3.21552038e-01]
 [-8.62138420e-02 -3.39422673e-01 -4.29155529e-01 -3.04662794e-01
   2.80652851e-01 -4.10204306e-02  3.15867253e-02 -4.14474249e-01
  -3.60288948e-01 -2.03897089e-01 -2.63373628e-02 -8.12204629e-02
   4.31595236e-01  6.87874734e-01 -3.15112054e-01]
 [ 2.00993773e-02 -8.04811716e-04 -4.24132913e-01  1.93280965e-01
   9.81850177e-02 -2.65987337e-01  3.35554481e-01 -2.39018634e-01
  -3.73869359e-01  1.85955614e-01 -6.31770790e-02 -3.20788741e-01
  -1.16847446e-02  7.12601900e-01 -1.01609290e-01]
 [ 1.02025613e-01 -1.77387625e-01  2.28762507e-01  1.13185517e-01
   6.33633554e-01  1.80081606e-01  4.81538862e-01  1.26130998e-01
  -2.30256721e-01  3.95151973e-01  7.56472275e-02  2.54441947e-02
   5.08476853e-01 -6.27741277e-01  2.50432640e-01]]
Peso 2:
[-9.2019923e-07  0.0000000e+00 -2.8828796e-02  1.6962296e-01
 -1.2062215e-01 -1.7073846e-01 -2.4330484e-02 -1.9516757e-01
 -4.6220617e-03  1.1364079e-01  7.8346581e-08  1.3120818e-06
 -5.2310031e-02  1.8176259e+00 -9.9795878e-02]
Camada: saida
Peso 1:
[[ 0.30824345 -0.11844272]
 [ 0.5822619   0.4436164 ]
 [ 0.3825856  -0.2411137 ]
 [-0.58046156  0.02223476]
 [ 0.4310683  -0.37017632]
 [ 0.16647103 -0.39254987]
 [-0.11808054 -0.7254626 ]
 [ 0.49133992 -0.46147472]
 [-0.27370518  0.07685391]
 [ 0.2807125   0.5406196 ]
 [-0.36664873 -0.5430884 ]
 [ 0.54481673 -0.6854497 ]
 [ 1.3198743  -0.59524024]
 [-1.7971376   1.7236413 ]
 [-0.47606385 -0.00274282]]
Peso 2:
[-0.7388542  0.7388573]



pesos modelo: 
Test loss: 6.3974, Test accuracy: 0.0000
Camada: meio
Peso 1:
[[-1.51319653e-01 -1.82690561e-01 -2.50452578e-01 -2.52675712e-01
   2.33614445e-03  2.56919205e-01  6.02012873e-02  1.61186635e-01
   3.65501404e-01 -9.63849127e-02 -3.47950667e-01 -2.96583474e-01
  -4.02897865e-01 -2.18027368e-01  2.06747293e-01]
 [ 8.26899782e-02 -9.24681872e-02  1.46536186e-01  2.95544207e-01
  -3.03789377e-01  2.43227869e-01  9.33904871e-02 -2.39456296e-02
  -4.48964089e-02 -8.45062956e-02  1.72044232e-01 -1.03869081e-01
   4.36014205e-01 -1.77219272e-01  4.82395411e-01]
 [-1.07842371e-01 -2.00919025e-02  4.68851060e-01 -2.61667013e-01
   1.76881492e-01  3.26732755e-01  2.32890304e-02 -1.45454377e-01
  -1.12038590e-01  3.93337309e-01 -4.36982065e-01  4.13897187e-01
  -4.03751284e-01  1.95868254e-01 -7.74412811e-01]
 [ 1.25561655e-02  1.88210368e-01 -4.34498996e-01  1.53488159e-01
  -3.41715306e-01  2.89863825e-01 -4.20058787e-01 -2.24811003e-01
  -4.24407423e-02  2.35538661e-01  2.69997716e-01 -2.63678551e-01
   1.59958661e-01  1.18470192e-01  1.98849440e-01]
 [-2.70448886e-02  2.76624523e-02  4.21288222e-01 -4.91315313e-02
  -2.56532192e-01  4.69802976e-01 -1.91281736e-01 -3.36225867e-01
   6.00965321e-01 -2.60510266e-01 -2.26952553e-01  6.13779604e-01
  -1.25966355e-01 -2.17728406e-01  3.45226787e-02]
 [ 3.20603549e-01  4.14013028e-01  1.81838334e-01 -1.19030595e-01
   3.86252999e-01 -5.16030490e-02  2.67339051e-01  3.97512615e-02
  -1.41697258e-01  2.12237239e-02  4.19182122e-01 -3.48155379e-01
   3.01590264e-02 -2.17556834e-01  3.60112846e-01]
 [ 1.33061618e-01 -1.52066156e-01  8.79614651e-01  7.04904646e-02
  -3.19447726e-01  5.11063755e-01  2.52480745e-01  2.88967192e-02
   3.18803459e-01  3.52994204e-01  2.22533226e-01  6.04750514e-01
  -1.96170494e-01 -2.40107775e-02 -3.46453711e-02]
 [ 2.15980291e-01 -1.90678954e-01 -2.41889730e-01  2.48109400e-01
  -2.96950340e-04 -5.59120476e-02  3.08341980e-01  3.03654969e-01
   1.27305806e-01 -2.96623707e-02  1.61768794e-02 -5.53097129e-02
  -1.35522753e-01  1.44159853e-01 -1.48356467e-01]
 [ 8.39417130e-02 -2.22695284e-02  8.04905832e-01  2.05904260e-01
  -4.32602674e-01  5.91128580e-02  3.43552411e-01 -1.53872550e-01
   6.11971259e-01  3.35997641e-02 -1.44006848e-01  3.00472260e-01
   2.26252124e-01  6.69857860e-02 -3.56440544e-01]
 [ 4.25655186e-01 -1.83524787e-01 -1.52794898e-01  8.70810151e-02
  -6.62877262e-02 -4.26193625e-01  2.83528626e-01  1.21939301e-01
   4.53231037e-02  3.14100742e-01 -3.21162879e-01 -2.82546520e-01
   2.67251432e-01  1.04228616e-01  4.33615744e-01]
 [ 3.20638657e-01  1.50109515e-01  7.93767512e-01 -3.16495568e-01
  -3.54301214e-01  3.09246868e-01  3.61091383e-02  3.62238586e-01
  -2.82756165e-02  4.08965945e-01  7.83932209e-03 -4.82525006e-02
  -2.14763489e-02  2.43480563e-01  2.79391184e-02]
 [-4.35491145e-01 -7.09258914e-02 -3.47877324e-01 -2.95964777e-02
  -5.40751219e-02 -3.09282422e-01 -3.02881330e-01  5.68874478e-02
   2.11915374e-01  4.36752677e-01 -2.59600937e-01 -1.40849352e-02
  -1.64761633e-01  3.92713130e-01 -2.21038863e-01]
 [-1.93149060e-01 -2.06792653e-01  2.13180259e-01 -4.38092321e-01
   6.89905211e-02 -2.14372441e-01 -8.64848960e-03 -3.08885008e-01
   2.77313560e-01  1.08572163e-01 -2.44617179e-01  6.11321330e-02
   4.51036021e-02 -4.19532597e-01  5.18766105e-01]
 [-3.31000537e-01  6.00623488e-01 -2.26875871e-01  3.26210946e-01
   1.97165966e-01  4.89621572e-02  1.00487739e-01 -2.59511709e-01
   2.03174219e-01 -2.19594419e-01  7.11774677e-02  4.39016223e-02
  -2.31077239e-01 -4.87817824e-02  7.79284060e-01]
 [-1.40892178e-01 -1.46003604e-01  8.24542224e-01  3.67314130e-01
  -2.31985733e-01  4.30731118e-01  3.82066250e-01 -3.23488712e-02
   3.20436418e-01 -6.89062029e-02  2.13875651e-01  1.69087052e-01
  -3.19227964e-01 -4.01379853e-01 -6.19677484e-01]]
Peso 2:
[-0.00655936  0.46199915 -0.21318401  0.29149136 -0.26539367 -0.04896343
  0.10308187  0.         -0.24267137 -0.02405603 -0.17396282 -0.06113374
  0.6050383   0.          1.5279073 ]
Camada: saida
Peso 1:
[[ 0.26451734  0.26537803]
 [-0.61189216  0.41690063]
 [ 1.1116089  -1.2606581 ]
 [-0.4534404   0.15595114]
 [ 0.26418367 -0.4345138 ]
 [ 0.0454527  -0.74454904]
 [ 0.22333151  0.235286  ]
 [-0.12594062 -0.25196198]
 [ 0.31997767 -0.4682417 ]
 [ 0.41787985  0.03819427]
 [ 0.26711714 -0.15598686]
 [ 0.5142279  -0.54082733]
 [-0.36131406  0.706358  ]
 [-0.1615049  -0.11004531]
 [-1.3160245   1.4770298 ]]
Peso 2:
[-1.1688572  1.1688573]



pesos modelo: 
Test loss: 6.6079, Test accuracy: 0.0000
Camada: meio
Peso 1:
[[-2.76692986e-01  2.97262132e-01 -4.15477365e-01  4.24711525e-01
  -1.40298992e-01 -1.55814588e-01 -1.00225955e-01 -1.79625154e-02
  -1.25612378e-01  1.97086751e-01 -1.32825404e-01 -1.01419598e-01
  -9.59024429e-02 -1.51846468e-01 -2.87310392e-01]
 [-2.65937269e-01  4.74297069e-02 -1.86736993e-02  5.16633749e-01
  -1.95376985e-02  1.92209370e-02 -1.40911743e-01 -4.01991308e-01
  -2.93437213e-01  1.40684932e-01  3.06196511e-01  1.05365757e-02
  -2.86993563e-01 -2.46598646e-01  4.88554239e-01]
 [ 3.74756008e-01  6.80429578e-01 -3.31397712e-01 -2.84695566e-01
   3.22342217e-01  5.89494467e-01  2.71845907e-01  9.89061594e-02
  -2.35017598e-01 -2.86420941e-01 -1.05309285e-01  2.92042702e-01
   2.15963051e-01 -2.58159041e-02 -1.51216924e-01]
 [-2.23958760e-01  3.05464506e-01  1.95952654e-01  1.36381090e-01
  -5.21405339e-02  4.92898226e-02  1.62896693e-01  2.61790574e-01
   9.88030434e-03 -1.34963423e-01 -3.43922079e-02  7.50005245e-04
   1.17227495e-01  3.03773880e-01  2.90013015e-01]
 [ 1.64852664e-01  7.64842868e-01  1.42969787e-01 -2.10462864e-02
   2.89939612e-01  5.86074948e-01 -2.77078182e-01  3.67307127e-01
   2.91251957e-01 -3.30778658e-01 -2.29651645e-01  5.83492696e-01
  -3.00319552e-01 -2.75393724e-02 -1.78651094e-01]
 [-1.29851997e-02  2.87674308e-01 -3.22040081e-01 -4.19324368e-01
   3.97987068e-02 -3.60230029e-01 -6.24355078e-02  2.22197533e-01
   1.20890319e-01  2.08935738e-01  3.18568051e-01 -2.94709146e-01
  -1.46462917e-01 -3.56918275e-01 -3.21533710e-01]
 [ 1.58900604e-01  3.66824307e-02 -1.83762789e-01 -2.40099758e-01
   8.68281722e-02  5.88178515e-01  2.25718871e-01 -3.86152744e-01
   4.32777405e-03 -4.14177835e-01 -2.22183451e-01  3.29645485e-01
   1.55096380e-02 -1.84982657e-01  7.60638639e-02]
 [-1.11353546e-01 -5.31716049e-02 -4.67133820e-02 -4.48473394e-02
  -4.42668110e-01 -2.51523852e-01 -3.91811520e-01  2.31307745e-01
  -3.05168331e-01 -3.64209026e-01 -2.63271928e-02  4.38975275e-01
  -4.04535174e-01  2.19059944e-01  1.79578304e-01]
 [-4.25334603e-01  5.34055948e-01  3.11098397e-01 -2.95566142e-01
  -1.40846267e-01  4.99736726e-01 -1.21579498e-01  3.36152017e-01
  -1.02279305e-01  2.59868860e-01 -2.77601749e-01  3.88910919e-01
   5.47617534e-03 -1.15289688e-01  1.47419780e-01]
 [-4.33948636e-03  1.56453788e-01  7.98189640e-02  3.88280690e-01
   4.45122182e-01  2.98546433e-01  3.05536032e-01 -1.80123270e-01
  -3.14246058e-01  3.62103522e-01  3.56902063e-01 -4.63314354e-02
  -4.25913513e-01 -1.24912083e-01  4.51502502e-02]
 [-3.32136899e-01  1.44129276e-01  3.95777822e-01 -3.94034326e-01
   1.20713055e-01  5.11357300e-02  2.85239905e-01  1.20971322e-01
  -4.28164452e-01 -1.88089013e-02 -6.78655624e-01  4.75177437e-01
  -2.24295273e-01 -4.18095112e-01 -3.15026380e-02]
 [-2.40663648e-01 -1.07217193e-01  1.11073434e-01 -1.57205284e-01
  -3.86320382e-01 -3.14601660e-01  3.64935577e-01  1.06463373e-01
   2.27937758e-01 -5.13406396e-02  2.95225084e-01 -2.08681241e-01
   2.53092408e-01 -1.32118464e-01 -2.35788807e-01]
 [-2.67694920e-01  3.67711455e-01 -2.99955040e-01  8.72045159e-02
   2.57028788e-01  1.81559369e-01 -1.31031260e-01 -2.51853794e-01
   3.24602500e-02  5.45252934e-02  5.65448344e-01  1.02966223e-02
   3.49046350e-01 -1.13261141e-01 -1.65673316e-01]
 [-2.63041049e-01 -3.26372176e-01  5.91240004e-02  7.57662594e-01
  -1.18879139e-01  8.03061351e-02 -1.93518788e-01 -9.05993581e-03
  -2.21376747e-01 -1.74958140e-01  4.65088427e-01 -3.18677165e-03
  -4.12383586e-01  1.85973078e-01 -3.85903895e-01]
 [ 3.26258689e-01  7.58365154e-01 -1.24523014e-01 -4.74987090e-01
   3.65788519e-01  4.49988723e-01 -5.25839143e-02  2.19815165e-01
  -6.08743131e-02  4.33872342e-02 -4.25097376e-01  2.43908882e-01
  -1.79960236e-01  7.02129602e-02 -4.92661834e-01]]
Peso 2:
[-3.7648465e-02 -9.1214128e-02 -6.0241483e-02  1.1339607e+00
 -4.5191031e-02 -1.7578115e-01 -1.4401613e-01 -2.3190631e-07
 -3.4400776e-02 -1.4191335e-01  1.3605222e+00 -1.0248465e-02
  2.3997346e-01 -9.3245350e-02  3.0767378e-01]
Camada: saida
Peso 1:
[[-0.51311296  0.40506154]
 [ 1.1234734  -0.5390448 ]
 [-0.12362198 -0.5699342 ]
 [-0.81914234  1.2476592 ]
 [ 0.15442796 -0.28124005]
 [ 1.0661229  -0.59664226]
 [ 0.09024844  0.31775358]
 [-0.17180362 -0.27613425]
 [ 0.39125827 -0.1084708 ]
 [ 0.503836    0.15762687]
 [-1.3098544   1.313098  ]
 [ 0.5660104  -0.57579404]
 [-0.13169481  0.56574565]
 [ 0.5124716   0.21499914]
 [-0.23855707  0.55385935]]
Peso 2:
[-0.8242474  0.8242525]



pesos modelo: 
Test loss: 9.3796, Test accuracy: 0.0000
Camada: meio
Peso 1:
[[-3.34895939e-01  7.50270486e-03 -4.10238177e-01  3.05555582e-01
   1.40430331e-01  3.26257706e-01  2.48898864e-01  1.09440982e-02
   3.90890419e-01  1.30781412e-01 -1.20165825e-01 -3.49893272e-01
  -1.38525933e-01 -3.09736192e-01 -8.35230947e-02]
 [ 3.52020655e-03 -2.90312141e-01 -2.12130845e-01  4.11672473e-01
   2.37681672e-01 -1.33838966e-01 -4.06184345e-01  2.61365235e-01
  -3.51074398e-01  1.46087646e-01 -2.74973243e-01  8.43621865e-02
  -3.50150429e-02  2.55447984e-01  4.12639856e-01]
 [ 2.87081540e-01 -2.95618325e-01 -1.82079136e-01  1.13706075e-01
  -6.57016784e-02  5.82929328e-02  5.72829843e-02 -3.58550966e-01
   3.20653200e-01  2.67114043e-01  2.51297295e-01 -5.50747871e-01
   6.21303737e-01 -8.03668797e-02 -6.67981267e-01]
 [-3.91693056e-01 -2.10608259e-01 -3.60358834e-01  6.52015209e-04
  -3.12145472e-01 -7.07144439e-02  2.49157548e-01  1.10060871e-01
   9.57075357e-02 -3.59986484e-01 -1.09439015e-01 -9.64207351e-02
  -2.48212099e-01  7.58215189e-02 -3.65190923e-01]
 [ 3.87414068e-01 -2.18894333e-01 -3.16273391e-01  2.62940109e-01
   3.65542732e-02 -1.95647046e-01  1.29357040e-01  2.95863390e-01
   2.49641612e-01  2.40437854e-02 -9.84893739e-02 -2.27493197e-01
   7.12180138e-01  2.56449282e-01 -2.22453982e-01]
 [ 3.24162424e-01  2.58779168e-01 -5.82980812e-02  2.69458652e-01
  -2.51911223e-01 -3.37206274e-01 -4.40073609e-02  9.94268060e-03
  -1.58994496e-02  2.59792745e-01 -3.23515326e-01  2.83799469e-01
   1.19349718e-01 -4.45370793e-01 -8.13030601e-02]
 [ 3.26793879e-01  3.73701155e-02 -4.80758488e-01 -5.15538514e-01
  -1.39557794e-01 -4.83622432e-01 -1.58479452e-01 -1.63685344e-02
   1.86915800e-01 -3.17980945e-01  2.04237044e-01 -9.97352749e-02
   9.04142737e-01 -2.56644815e-01 -3.00073177e-01]
 [ 1.19774163e-01  6.05036020e-02 -4.06947732e-02 -1.00074768e-01
   4.33841527e-01  7.61583447e-02 -1.25393689e-01 -1.12344742e-01
   3.03256810e-02  2.85044074e-01  1.64984167e-01  3.63303542e-01
   4.22365487e-01 -1.83562964e-01 -4.09082592e-01]
 [ 7.03883469e-01  5.92180490e-02  1.03406817e-01 -5.01748741e-01
  -3.74705791e-01 -1.56687543e-01 -1.03674918e-01 -3.84944558e-01
  -5.15324213e-02 -1.75475195e-01 -3.83146524e-01 -6.39940321e-01
   8.43283534e-01  2.97298729e-01 -4.83006030e-01]
 [-1.01262450e-01  1.68262303e-01  5.09298146e-02  7.46667385e-03
   2.88346052e-01  1.28246427e-01 -2.20236838e-01 -1.06719673e-01
   3.23674858e-01  3.02268028e-01 -9.59250629e-02  6.26049638e-02
   3.92373681e-01 -1.83072716e-01  3.69196475e-01]
 [ 2.62222579e-03 -4.34455484e-01  1.16068460e-01  1.12620974e-02
  -3.97502258e-02 -2.04762161e-01 -4.16001320e-01 -1.17294967e-01
   4.79052551e-02  2.59425342e-01  2.20359683e-01 -2.50657767e-01
   4.73974973e-01 -2.88232595e-01  8.96205083e-02]
 [-4.36585724e-01 -4.46827084e-01  5.81346154e-02 -4.42867279e-02
  -2.35994160e-01  3.84787858e-01 -1.24172419e-01 -1.80662274e-01
  -3.81927162e-01 -3.48424017e-02  3.46543550e-01 -3.83779526e-01
  -3.06072891e-01  2.86377311e-01 -1.38239443e-01]
 [ 1.30040631e-01  4.67773795e-01  3.01475883e-01  3.77673283e-02
  -2.36168534e-01  4.64171469e-01 -3.54443967e-01 -7.81484917e-02
  -2.46697262e-01 -4.62770700e-01 -1.33208692e-01  6.28107727e-01
   4.76339459e-01  2.32314337e-02  4.05128509e-01]
 [-3.46399933e-01 -1.32311612e-01  3.21935862e-01  2.58594495e-03
   3.93787414e-01 -3.11290920e-01  1.13069941e-03  4.61880475e-01
   1.74389243e-01  4.46765870e-01  3.45199183e-02  5.20971775e-01
  -4.29682910e-01 -2.37751957e-02  1.24919832e-01]
 [ 3.71876866e-01  1.24597311e-01  4.10544761e-02 -1.04061425e-01
   6.02104478e-02  2.33631343e-01 -2.50762761e-01 -1.32139111e-02
  -4.99720067e-01  1.91412028e-02 -1.35910243e-01 -1.66620210e-01
   3.22880715e-01  2.65234858e-01 -1.33730732e-02]]
Peso 2:
[-3.5197956e-03  1.4365654e-01  5.1858366e-01  3.3425477e-01
  5.4782891e-01  3.2411420e-01 -3.7316685e-03  4.1302353e-01
 -7.1662543e-03  2.4041514e-01 -3.5657335e-02  1.2633108e+00
  2.2662075e-06 -2.3101281e-02  8.9245051e-01]
Camada: saida
Peso 1:
[[ 0.37504715 -0.8332688 ]
 [-0.5205226  -0.17779583]
 [-0.4043508   0.61658597]
 [-0.38782358  0.32532847]
 [-0.25679633  0.7759499 ]
 [-0.12667577  0.71869415]
 [ 0.46159467 -0.03676573]
 [-0.5393143   0.23294364]
 [-0.23170948  0.42949307]
 [-0.24864297  0.4080235 ]
 [-0.08394486 -0.5170132 ]
 [-1.0690861   1.3487349 ]
 [ 0.8621869  -1.3975984 ]
 [-0.29054815 -0.41863707]
 [-0.7071705   1.1108807 ]]
Peso 2:
[-0.63925016  0.639252  ]



pesos modelo: 
Test loss: 6.3747, Test accuracy: 0.0000
Camada: meio
Peso 1:
[[-0.20271382  0.04880652 -0.20945928  0.41015    -0.38209543 -0.29499564
   0.31247646 -0.3159818   0.36280137  0.41652602  0.27028006  0.2702759
   0.22661072  0.36711794  0.15781713]
 [-0.04310382  0.16039144  0.03925877  0.21953182  0.12772657 -0.15124153
   0.4099712  -0.34082884 -0.06851047 -0.236902    0.06869646  0.25260144
   0.31314835  0.2423751   0.3410788 ]
 [ 0.17560205 -0.5845395   0.201415   -0.03232093  0.27776283  0.61562014
   0.25891548  0.26730996  0.37104565  0.58187914  0.16405083  0.09013027
  -0.32198215  0.12497253 -0.3337205 ]
 [ 0.01464653  0.15286773  0.17604321 -0.2161639  -0.43320596  0.15926284
  -0.20972297 -0.37055945 -0.24587736  0.1848495   0.2486403  -0.20795001
   0.03843221  0.35664254  0.24324322]
 [ 0.6724174  -0.22297785  0.0240806   0.02101728 -0.40758303 -0.13121226
   0.2389589  -0.34419867  0.37723193  0.27400595 -0.25610483 -0.38923696
  -0.11319501  0.4972407  -0.05017608]
 [ 0.05135983  0.18046618  0.08536386 -0.12102103  0.4378742   0.04256856
   0.41248804  0.4185871   0.42563355 -0.18163338  0.00406173 -0.4338052
   0.36089534 -0.10774231  0.1043762 ]
 [ 0.6422311  -0.38983542 -0.219565    0.12087244 -0.2814594   0.21128172
  -0.05448416 -0.43060678  0.26196155  0.05690022 -0.51577234 -0.21817875
  -0.15458079  0.5097953  -0.2669273 ]
 [-0.22585368  0.25194842 -0.055913   -0.0978108   0.23381644 -0.43354982
   0.06148189  0.37409532 -0.23884624 -0.11676547 -0.14118993 -0.4402775
   0.16566956  0.09396666  0.27053213]
 [ 0.2489807   0.16148558 -0.26787913  0.34641746 -0.04176068  0.70142245
   0.41458422  0.370892   -0.22720574  0.367344    0.05027172 -0.75698674
   0.29678974 -0.01108657 -0.12334502]
 [-0.24371566  0.4221064   0.14691353 -0.42462412 -0.32609615 -0.16479799
  -0.18750507  0.40698862  0.16763246 -0.02285144  0.15658647  0.4280746
   0.07392991  0.20377219 -0.3681361 ]
 [ 0.02965476 -0.04085049 -0.15258092  0.33218458  0.20891678  0.23360905
   0.05831873 -0.23151319  0.15257902  0.66139096 -0.5280929  -0.14421949
   0.18590842  0.49965242 -0.17164814]
 [ 0.2505833  -0.05458117 -0.27155936 -0.32510573  0.08835179  0.10863423
   0.41194278  0.26036328 -0.19535121 -0.19276994 -0.1164262  -0.265397
  -0.0243749  -0.17323631  0.20418936]
 [ 0.18947665  0.15147392 -0.05433793  0.3357698  -0.4412325   0.2142818
  -0.15622029 -0.0293162   0.1690178   0.34597006  0.46921554  0.6754709
  -0.33944845  0.0968508  -0.38809785]
 [-0.3244102   0.594498   -0.42447057 -0.07760823 -0.07270993  0.05314638
   0.2296639   0.08210514  0.08603033 -0.28601345  0.5504168   0.19783224
   0.53472334 -0.147131    0.25403103]
 [ 0.66471744  0.23144865 -0.14495003  0.11792697  0.22425377  0.46618006
  -0.0775418   0.29261762  0.55303586  0.47704467 -0.13759004 -0.74069107
  -0.10862469  0.38829324  0.15390146]]
Peso 2:
[-0.01132773  0.66517276 -0.04324926 -0.21953261  0.2252153  -0.05315124
  0.00176467 -0.08210749 -0.08603334 -0.05480833  0.72508717  1.4130902
  0.39924422 -0.09685017 -0.03279684]
Camada: saida
Peso 1:
[[ 0.98216987 -0.38456893]
 [-0.90580773  0.39423338]
 [ 0.3046562  -0.51966435]
 [ 0.22345449 -0.46914175]
 [ 0.21082935  0.6727613 ]
 [ 0.56113005 -0.73357046]
 [-0.41671887 -0.4705271 ]
 [ 0.36851543 -0.09916279]
 [ 0.23484558 -0.5309    ]
 [ 0.7096672  -0.64834136]
 [-0.3920404   1.0841801 ]
 [-1.4530003   1.2139614 ]
 [-0.36615786  0.48599392]
 [ 0.90921205  0.13522829]
 [ 0.0861804   0.18650472]]
Peso 2:
[-0.94849735  0.9485038 ]



pesos modelo: 
Test loss: 7.8262, Test accuracy: 0.0000
Camada: meio
Peso 1:
[[-0.4262095  -0.22253618  0.07969409 -0.03620675 -0.35314155 -0.06067505
   0.34110415  0.18356669  0.43734604 -0.04041946 -0.20536993 -0.27300134
   0.21783632 -0.41832498  0.11130524]
 [ 0.3655155   0.2019458  -0.13288976 -0.1784829  -0.31146663  0.03349919
   0.00452701 -0.16091996  0.13638014 -0.16485259  0.12146007  0.00193804
   0.6978559  -0.11694418  0.11664003]
 [ 0.44470745  0.605025    0.38929987 -0.17401494 -0.40169388  0.49503452
  -0.49136275 -0.36869842 -0.41168797 -0.34851173  0.04501155  0.6786041
  -0.19285251 -0.03057082 -0.25160542]
 [ 0.02588886  0.00696671  0.23143345 -0.44474503  0.41019022  0.09071785
   0.36927408 -0.06969383  0.2908796   0.42850488 -0.34757844 -0.25605154
  -0.27120292  0.1255598   0.14046031]
 [ 0.08946212  0.16992545 -0.15206358 -0.48477545 -0.05280331  0.43655053
  -0.3002636   0.17618787  0.04221043 -0.39207053 -0.08473188  0.65203655
  -0.17864844  0.21743199 -0.0963501 ]
 [ 0.2538222  -0.40847272 -0.28071004  0.40094984 -0.26187044  0.42256737
   0.11306858 -0.29309857  0.35134876 -0.2972873  -0.31316352  0.17946965
  -0.04022968 -0.0934051  -0.24244556]
 [-0.31354058  0.36497396 -0.13774386 -0.34352496 -0.10723573  0.5204476
  -0.04825522 -0.14717665  0.10736412  0.22731888 -0.40671778  0.8438631
  -0.59000146 -0.3115799  -0.01158204]
 [ 0.02261198 -0.23963463  0.25736588 -0.10048676  0.3277753   0.4098695
   0.35905778  0.43456072  0.25459975  0.24424577 -0.07563525 -0.19157684
  -0.42532006  0.2495783  -0.13204864]
 [ 0.29535055  0.37923688 -0.3078821   0.2914934  -0.09113774  0.15735887
  -0.16997239 -0.3952558  -0.04913247 -0.22412798  0.36924797  0.77901614
   0.0106273   0.1975632  -0.05620187]
 [-0.41982722 -0.23078686  0.19598562  0.16872782 -0.01970765 -0.42811745
   0.22740495 -0.0190824   0.38722235  0.32300436 -0.26009855  0.20682597
  -0.31903476 -0.43343756  0.02499586]
 [-0.05665966  0.523476   -0.27884924 -0.12098161 -0.30902854  0.5900683
  -0.25791806 -0.0094454  -0.27342868  0.37223363 -0.22942932  0.4660761
  -0.22462222 -0.25744218  0.35504222]
 [-0.44106117  0.13718706  0.15723795 -0.07600161 -0.38499057  0.17291296
   0.43865222  0.29954505  0.09458637  0.30991232  0.38804758 -0.23661439
   0.00974384  0.3186856  -0.36438632]
 [-0.07669123  0.04575428 -0.3829194   0.65169346  0.13492557  0.25518632
   0.58904463 -0.13188156 -0.22840989 -0.11852679 -0.28397804  0.181681
   0.00773065 -0.13515715 -0.3177523 ]
 [-0.33546808 -0.33926412  0.46311235 -0.2257598   0.07659848  0.08481899
   0.5216414  -0.40488693 -0.3467165  -0.31596282 -0.29303896 -0.11380349
   0.56998175 -0.10590431 -0.3567817 ]
 [-0.18544921 -0.08777487 -0.18126851 -0.43839207  0.41651964 -0.22081105
  -0.0735788  -0.09811234 -0.2889329  -0.09334114 -0.16604263  0.6438638
  -0.42587084  0.35368598  0.16644776]]
Peso 2:
[-0.0728897  -0.04575232  0.31092915  0.7969866  -0.21154353 -0.11660046
  0.7478373   0.         -0.01598272  0.          0.11906913 -0.0583874
  1.4150677  -0.0373617   0.09536388]
Camada: saida
Peso 1:
[[-0.02686054 -0.35150495]
 [ 0.92274904 -0.1545777 ]
 [-0.09232843  0.54506683]
 [-0.8585839   0.67557555]
 [ 0.43959433 -0.4807727 ]
 [ 0.16450877 -0.8437685 ]
 [-0.63482827  0.91324544]
 [ 0.25453788  0.0395658 ]
 [ 0.08064877  0.03519334]
 [ 0.21108657 -0.40705034]
 [-0.6103901  -0.32211897]
 [ 1.258007   -0.92814946]
 [-1.3374736   1.357565  ]
 [-0.29797515  0.29097918]
 [-0.47452307 -0.21419862]]
Peso 2:
[-0.8351497   0.83514965]



pesos modelo: 
Test loss: 5.8424, Test accuracy: 0.0000
Camada: meio
Peso 1:
[[-0.36368114  0.36874962 -0.22764443 -0.18225479  0.04635969 -0.37636673
   0.11910117 -0.1765179  -0.28566754  0.17197669  0.11448288  0.27029413
   0.36860663  0.1187554  -0.25105536]
 [ 0.406335    0.12576452  0.23144935  0.07830077  0.5160104  -0.32598397
   0.17057069 -0.17724401 -0.43950227 -0.21864003 -0.14483279 -0.1001915
  -0.22588204 -0.10110267  0.08301112]
 [ 0.31742084 -0.27977523  0.6349247   0.5969672   0.08792046 -0.03637294
  -0.64667124 -0.29950988  0.11602945  0.19659832  0.3789976  -0.33114323
   0.2758863   0.05042202  0.13522637]
 [-0.11998188 -0.19850142  0.24266267 -0.02667668  0.30580348 -0.30794948
   0.36998975  0.10615373  0.19561553  0.43472672 -0.17883664 -0.28025442
   0.28382164 -0.1726565  -0.17567992]
 [-0.30980492 -0.28946134 -0.03139367  0.6327926   0.15046552 -0.12380122
  -0.33563077 -0.34302998 -0.3650855   0.40831113  0.20658574  0.40022877
  -0.18878792 -0.15788905 -0.1843749 ]
 [-0.07097375 -0.0519565   0.41978753 -0.25271857  0.29184222 -0.173051
   0.14006919  0.2847401  -0.19123137  0.08245653  0.0864656   0.18021262
   0.44664133 -0.220909    0.19711256]
 [ 0.39946193 -0.21673545 -0.03184386  0.2554767   0.03332598  0.36399454
  -0.30040085 -0.33742636  0.20108446  0.33442822  0.14132632  0.41496065
   0.16589232  0.20539863 -0.36057153]
 [-0.2633866   0.16239876  0.3724497  -0.04370967 -0.41094083 -0.2363442
  -0.12481824  0.4163229   0.3773129   0.360075   -0.22375757  0.23483741
  -0.21822846 -0.21847637  0.32815355]
 [-0.17743243  0.19367483  0.5341256   0.8872695  -0.3395837  -0.12261106
   0.11935851 -0.13058129  0.04077788 -0.1731393   0.43139246 -0.19814177
   0.30073905 -0.5760316   0.04220265]
 [ 0.4188093   0.12750113  0.17781305  0.36719704  0.29568744  0.09496373
   0.0850094  -0.29582208 -0.25236595  0.15204608 -0.14198995  0.163279
  -0.36208516  0.3512748  -0.32988888]
 [-0.31418794 -0.21782064  0.05297966  0.5652432  -0.41621733 -0.34081373
  -0.31444466  0.34132975 -0.32860872  0.46835005  0.5596299   0.12389617
   0.12800916 -0.14252742 -0.2941512 ]
 [ 0.2919159   0.01191813  0.29667526 -0.29025736  0.11716187 -0.13170722
   0.28594965  0.33933568 -0.2720154  -0.36306357 -0.10613483  0.04299507
  -0.43305126 -0.1026766  -0.15505481]
 [ 0.1796509   0.4962413  -0.06195296  0.08184648 -0.08835364 -0.02270419
   0.43737108 -0.19000253  0.391571   -0.11858673  0.26406813 -0.315761
  -0.23429121  0.3835191  -0.4325238 ]
 [-0.22005144  0.29318202 -0.4442519  -0.01022394 -0.10678271  0.38228783
   0.7956671   0.0054084  -0.28213704 -0.15946189 -0.26165447 -0.2563119
  -0.42067423 -0.42687905  0.16921605]
 [-0.42449707 -0.3853453   0.6588555   0.96912265 -0.38572347  0.12266673
  -0.29637334 -0.32792678 -0.07527888  0.3184905   0.37441626 -0.13360576
  -0.4262839   0.1926737   0.17947072]]
Peso 2:
[ 4.8811711e-02  6.5407938e-01 -5.3191032e-02 -7.8303099e-02
  8.3973020e-01  2.4382043e-01  1.3178425e+00 -5.4086209e-03
  3.9944217e-02  2.1655767e-06 -3.7109146e-06 -1.8278550e-02
 -2.1357210e-02  9.9655956e-02  3.2633871e-01]
Camada: saida
Peso 1:
[[-0.30037197  0.0018681 ]
 [-0.84665763  0.38037068]
 [ 0.87692875 -0.05113504]
 [ 0.84698164 -1.3501227 ]
 [-0.7768144   0.8095412 ]
 [ 0.0847616   0.69364965]
 [-1.0623614   1.407854  ]
 [ 0.40581712  0.36447772]
 [-0.22197133  0.5531722 ]
 [ 0.67137825 -0.062982  ]
 [ 0.50572586 -0.6409086 ]
 [-0.53988665  0.58656853]
 [-0.4039569  -0.20946261]
 [-0.5067665   0.17914933]
 [-0.06892221  0.5050367 ]]
Peso 2:
[-1.0857298  1.0857372]



pesos modelo: 
Test loss: 7.6716, Test accuracy: 0.0000
Camada: meio
Peso 1:
[[-4.22792196e-01 -1.32751942e-01 -4.17168736e-02  2.50751674e-01
  -2.20313504e-01  1.19115055e-01  1.08848631e-01  2.68127322e-01
  -3.79136264e-01 -3.14612210e-01  1.64644241e-01 -3.53164792e-01
   6.94477558e-02 -2.54296064e-01 -2.91143090e-01]
 [ 2.98688263e-01  1.25045687e-01 -4.98509593e-02  5.10698974e-01
  -9.69700813e-02 -9.00011137e-03  1.95871919e-01 -3.57146770e-01
   4.48647857e-01  2.46641204e-01 -1.46080464e-01  1.62892461e-01
  -5.86921796e-02  1.83580920e-01  1.08202294e-01]
 [-2.09180072e-01  4.39295858e-01  4.69347149e-01 -1.88388944e-01
  -3.11346412e-01 -1.49732947e-01 -8.89119785e-03  3.83858770e-01
   2.25841790e-01 -4.62891728e-01  4.21347558e-01 -1.48090661e-01
  -2.93951452e-01 -1.90059021e-02  5.35995886e-02]
 [ 2.39581525e-01 -1.91277206e-01 -2.61682242e-01  2.49220550e-01
   1.05130434e-01  4.53220308e-02 -2.43777826e-01  2.76753783e-01
   3.67076874e-01  1.89051628e-01 -3.94563377e-02  2.69754231e-01
  -2.68808007e-01  3.86611164e-01  1.55325949e-01]
 [-4.65985686e-01  7.69339859e-01 -2.30304807e-01 -4.35321331e-01
  -3.26016933e-01  2.96852618e-01 -3.32087696e-01 -1.79436430e-01
  -1.87573284e-01  1.79303423e-01  1.73262119e-01  2.57783830e-02
  -4.33827162e-01  5.23072720e-01  4.10878271e-01]
 [ 9.00178552e-02 -2.30496943e-01  4.44141030e-01 -1.63246304e-01
   2.63934791e-01  3.24049294e-01 -4.23208356e-01  1.10585213e-01
   6.25068545e-02  2.99906313e-01  3.97900641e-01  6.19683862e-02
  -4.44433898e-01  2.81968415e-02  2.85757780e-02]
 [-2.07597669e-02  8.94341052e-01 -3.46011162e-01 -1.70607865e-01
   2.48512805e-01  2.72532195e-01  5.02406918e-02  1.15324415e-01
  -2.71281719e-01 -5.76671779e-01 -1.99941278e-01 -3.25396597e-01
  -4.69338596e-02  6.27961516e-01 -6.53109923e-02]
 [ 1.04259849e-01  1.77873909e-01  2.62254715e-01  1.26197755e-01
  -1.59121454e-02 -3.32855582e-01  2.91788936e-01  4.25633013e-01
  -1.74158096e-01 -4.36577410e-01  1.43038332e-02 -1.97847709e-01
  -2.73493826e-02 -2.34212160e-01  1.74287319e-01]
 [-2.61356235e-01  5.50959647e-01  1.80531859e-01  2.47580901e-01
  -1.22344464e-01 -3.01823288e-01  2.89157152e-01  1.47540187e-02
  -4.61136013e-01 -1.81701896e-03 -1.68888420e-01 -1.87559664e-01
   1.26900315e-01  6.23818576e-01  1.93644732e-01]
 [-4.19074237e-01  2.66750395e-01  2.59368360e-01 -3.03789973e-02
  -2.17338681e-01  9.92469192e-02  1.35547817e-01  3.17745030e-01
   2.69710720e-01 -8.18203986e-02  1.78415775e-01 -2.62065768e-01
   1.51273370e-01 -2.34834939e-01 -2.67550349e-03]
 [-2.97306389e-01  8.65923285e-01  3.02268296e-01  1.84101284e-01
  -6.57230616e-02 -2.52079338e-01 -3.89611453e-01 -4.02819701e-02
  -1.57070488e-01 -4.19572562e-01 -2.92039037e-01  3.63172650e-01
  -4.42112267e-01  1.94613144e-01 -2.87546337e-01]
 [ 4.28716779e-01  8.18709135e-02  1.75976753e-01  1.29415154e-01
  -2.58693784e-01  4.04960275e-01 -5.02993464e-02  6.00119233e-02
   2.18668580e-01  1.45778298e-01 -3.11752439e-01  1.92418754e-01
  -3.80993992e-01 -1.14200622e-01 -2.03702152e-02]
 [ 3.33500534e-01  1.25036895e-01  4.08996016e-01 -1.55613780e-01
  -6.28259555e-02 -2.14184225e-01  3.48311543e-01  4.58812690e-04
   1.78600580e-01  1.69872463e-01 -5.05811572e-02 -1.24404162e-01
   7.92678669e-02  1.83553651e-01 -3.80201131e-01]
 [ 1.78433448e-01 -1.10365637e-01 -4.38817352e-01  5.37398517e-01
   6.03951998e-02 -3.70944262e-01  3.56747329e-01  2.16541693e-01
   4.57897216e-01  5.21218836e-01 -4.05084103e-01 -1.16881318e-01
   9.60697010e-02 -3.12044740e-01  2.99746305e-01]
 [ 3.27414185e-01  8.37577224e-01 -1.01829313e-01 -2.95435250e-01
  -3.67042661e-01  3.76775950e-01 -3.66842508e-01  5.03757179e-01
   2.98019722e-02 -8.10200050e-02 -9.46852267e-02 -1.74499929e-01
  -3.84349823e-02  4.63990152e-01  3.07802707e-01]]
Peso 2:
[ 5.9371096e-01 -1.2503751e-01 -3.1238699e-02  7.0394164e-01
  3.0883020e-02 -2.8886348e-02  2.4407229e-01 -4.5901394e-04
  7.1418631e-01  1.1928748e+00  0.0000000e+00 -6.9101468e-02
 -1.7851752e-01 -1.8355598e-01 -5.4428852e-03]
Camada: saida
Peso 1:
[[-0.97751313  0.17034654]
 [ 1.0338708  -1.5070744 ]
 [ 0.06406128 -0.06727333]
 [-1.0491028   0.18661547]
 [ 0.02087216  0.08718214]
 [ 0.231849    0.42161712]
 [-0.35031143  0.3150057 ]
 [-0.14261556 -0.40700173]
 [-0.07942384  1.256137  ]
 [-1.1911696   0.8404059 ]
 [-0.2551982  -0.49570715]
 [ 0.08469887 -0.03383793]
 [ 0.56702477 -0.43917727]
 [ 1.0095047  -0.4353432 ]
 [-0.28290594 -0.3101201 ]]
Peso 2:
[-1.357153   1.3571446]



pesos modelo: 
Test loss: 6.7355, Test accuracy: 0.0000
Camada: meio
Peso 1:
[[-1.15130544e-02 -2.03876123e-01  1.78066909e-01  1.63608730e-01
   2.78544188e-01  1.79859936e-01  3.99354637e-01  2.40376174e-01
  -3.20861995e-01 -4.07957822e-01  7.18711019e-02 -8.31552148e-02
   5.73175550e-02  9.62074995e-02 -2.16288447e-01]
 [ 1.23053849e-01  5.34702241e-01 -1.12460755e-01  1.94838986e-01
  -2.86840856e-01  3.22803885e-01  1.44795552e-02  1.44225925e-01
   1.01154000e-01  1.69136673e-01  6.60956139e-05 -3.19700874e-02
   4.73959237e-01  1.45995319e-01 -3.84650886e-01]
 [ 1.35785386e-01 -5.81448913e-01  4.50646728e-01  4.43324089e-01
  -9.07476172e-02  4.15008545e-01 -2.43245408e-01 -3.49220961e-01
   2.80382663e-01  4.14478213e-01  5.26775301e-01 -4.08432603e-01
   5.61697967e-02  1.75584823e-01 -3.81564021e-01]
 [-3.10861081e-01  3.36774766e-01  2.61031389e-01 -3.84462893e-01
   1.75573111e-01 -3.98542374e-01  4.26395833e-02  2.72541761e-01
  -3.49604309e-01 -3.57854009e-01  5.23746908e-02 -3.50085378e-01
   3.71273100e-01 -3.07235837e-01 -2.74610400e-01]
 [-3.37023288e-01 -1.99068654e-02  1.80063099e-01 -1.53404042e-01
  -3.17845911e-01 -4.09691215e-01  1.14327393e-01 -2.98270822e-01
   3.75653952e-01 -1.79392975e-02  4.85157162e-01  4.10472363e-01
  -1.99458539e-03  2.50516772e-01  2.36454010e-01]
 [-2.71416783e-01 -2.03950658e-01 -8.63517225e-02 -2.30260566e-01
   4.30105686e-01 -1.72796279e-01  1.48130298e-01  2.82346487e-01
  -1.03332430e-01  3.42269659e-01 -4.36366618e-01  2.31307268e-01
   8.75248909e-02 -3.76224577e-01 -1.89767957e-01]
 [ 2.68870443e-01  3.94073036e-03  1.54906631e-01  1.38347462e-01
   3.75784248e-01 -3.38652432e-01  7.67568126e-02  7.65017718e-02
   3.76056463e-01  6.25106633e-01  1.76091939e-01  1.98318467e-01
   2.13972315e-01  4.32803988e-01  3.82993817e-01]
 [ 1.83671176e-01 -3.05022895e-01  3.53588760e-01  2.68865228e-02
  -3.71511072e-01 -1.09949321e-01  3.34647536e-01  4.44634914e-01
   2.66729474e-01 -3.28049064e-03  1.49768591e-01 -2.95974314e-01
  -4.18847650e-01  1.78714335e-01  1.68488979e-01]
 [ 1.48069292e-01  4.12888173e-03  3.96672040e-01  6.81807697e-01
  -3.16317111e-01 -3.47167075e-01  4.56117168e-02  2.96750222e-03
   6.87952280e-01  9.47042331e-02 -2.64551602e-02  4.06745106e-01
  -4.06395704e-01  6.43290281e-01 -4.32695985e-01]
 [-4.10814375e-01  2.18159795e-01 -8.88584256e-02 -1.74533606e-01
  -1.54356092e-01 -3.93789083e-01 -1.53735012e-01 -2.14087069e-02
   4.19408798e-01 -2.09952414e-01  3.89283061e-01  1.41764760e-01
   2.97881186e-01 -2.62609333e-01 -2.36171052e-01]
 [ 2.97279269e-01 -5.36998034e-01  1.28435314e-01  6.72949612e-01
  -3.44020069e-01  8.44011307e-02  8.36931095e-02 -6.59536660e-01
   4.44052011e-01  6.24498487e-01  4.85665090e-02  1.48933217e-01
  -2.62130558e-01 -1.98413700e-01  3.07525218e-01]
 [ 3.55891943e-01 -2.69867867e-01  8.98803473e-02  1.80950463e-02
   2.70977199e-01  3.92582953e-01 -3.33071172e-01 -2.91213691e-01
  -9.23139155e-02 -3.75977159e-03  4.87038195e-02  3.97657633e-01
   1.57940090e-02 -2.75791585e-02 -3.05757284e-01]
 [-8.31957310e-02  1.05307445e-01  2.37040088e-01  1.27266467e-01
   8.66632015e-02 -1.47398636e-01 -2.75808990e-01  4.83573854e-01
  -2.26832964e-02 -1.02988496e-01  2.02950686e-01 -1.36790290e-01
   3.95182788e-01 -9.84841883e-02 -4.05986786e-01]
 [ 7.40565807e-02  4.78443742e-01  2.10855916e-01 -3.28015476e-01
   9.24679786e-02 -1.56097382e-01 -3.49536650e-02  7.09033489e-01
  -4.10889655e-01  2.89160423e-02 -3.12508315e-01 -8.39961767e-02
   3.93757910e-01 -3.83581430e-01  2.98823029e-01]
 [ 3.34709376e-01  7.36334398e-02 -3.10038835e-01 -9.71505865e-02
   3.88837487e-01  2.04987884e-01  4.83349174e-01 -6.44487798e-01
   5.98708093e-01  5.69921911e-01  5.77906191e-01 -2.51512557e-01
  -4.44906116e-01  6.11630619e-01 -1.92835301e-01]]
Peso 2:
[-4.9259868e-03  9.4253641e-01 -1.0527392e-01 -1.2726478e-01
  2.2774087e-01  7.9279341e-02 -4.6567624e-03  1.3759618e+00
 -4.1571144e-02 -1.3091066e-01 -6.5138556e-05 -8.2195457e-03
  6.4747131e-01 -2.5222383e-02 -4.0116657e-02]
Camada: saida
Peso 1:
[[ 0.4210403   0.23684086]
 [-1.2570096   0.48465428]
 [ 0.41427204 -0.21941955]
 [ 0.709134   -0.433116  ]
 [-0.4141261   0.02533157]
 [ 0.40408263  0.62040603]
 [ 0.39585626  0.18387693]
 [-1.4382243   1.0756608 ]
 [ 0.61147904 -0.9803778 ]
 [ 0.6297226  -0.8081154 ]
 [ 0.6239212  -0.33069992]
 [ 0.02375571 -0.03825019]
 [-0.7700489   0.5214502 ]
 [ 0.28467607 -0.75177896]
 [ 0.18802056 -0.19878255]]
Peso 2:
[-0.9091008  0.9090978]



pesos modelo: 
Test loss: 8.6200, Test accuracy: 0.0000
Camada: meio
Peso 1:
[[ 0.22664422 -0.41814286  0.01557851  0.06862289  0.10202748  0.221434
   0.09850448 -0.1631771   0.11944991 -0.17403418  0.06108117  0.03334582
  -0.01032215 -0.07428709  0.13845164]
 [ 0.05160707 -0.31406575 -0.38996685  0.17814223 -0.38170996  0.13059272
   0.07118049 -0.17319757  0.1176139  -0.28105804  0.21191753  0.11102009
   0.15353161  0.3622051   0.46255457]
 [ 0.46144968  0.36830533 -0.1342147   0.14419597 -0.05497909  0.9044603
   0.08790234 -0.38241762 -0.19622755  0.20898634  0.39811718 -0.24213196
   0.10758185 -0.5594245  -0.29968193]
 [ 0.11992401 -0.15817985  0.16537654  0.08460993 -0.01048669 -0.3447364
   0.3884071  -0.28346992 -0.05404133 -0.39831442  0.07018304 -0.05809474
   0.39226907  0.28986382  0.08471245]
 [ 0.42283046 -0.37727696 -0.14817509 -0.52595496  0.43687022  0.8282622
   0.65470153  0.19541061 -0.0286437   0.32378963  0.3045613  -0.25705373
  -0.10652295 -0.59457076  0.05072217]
 [ 0.1201058   0.33895618 -0.12558392  0.22376192 -0.44167873  0.4456781
   0.1494422  -0.2126484  -0.20780288  0.4201166  -0.17227831 -0.36342427
  -0.20525776 -0.21657655 -0.2000656 ]
 [ 0.278377    0.03365108 -0.02373835 -0.4049038  -0.1202091   0.25094712
   0.63267416 -0.25867853 -0.19895671 -0.13087955  0.20493749  0.27188686
  -0.36928284  0.21949938 -0.57800245]
 [-0.3416624   0.3697347   0.1709339  -0.02883551  0.17113721  0.29778713
   0.13427758  0.01492822 -0.43504757  0.42755872 -0.35747465 -0.26731932
  -0.13709983  0.30549967  0.42113644]
 [-0.00939906 -0.3705411   0.39357805 -0.53423285 -0.06436571  0.43535686
   0.33426163 -0.2996322  -0.2050234   0.15440495  0.21993747 -0.196732
  -0.3886416  -0.39743686  0.13193083]
 [-0.2279239  -0.07011628 -0.10299978 -0.13905746 -0.30104685 -0.2177445
   0.408664    0.10950685 -0.20488362 -0.07353485 -0.35109192  0.02799511
  -0.36756235  0.11336076  0.43028092]
 [ 0.18350908 -0.20728052 -0.26855183 -0.46071145 -0.11374843  0.7970004
   0.08361996 -0.15874815 -0.2605341   0.1723982   0.03405512 -0.25282177
  -0.44197962  0.07249951 -0.04012493]
 [-0.29613692 -0.43209505  0.3816592   0.44654965 -0.29347005 -0.06788868
  -0.32210076  0.09593815 -0.16494939  0.1777798  -0.0023759   0.40404886
   0.20112395 -0.04329073  0.15925837]
 [ 0.12585162 -0.1529012  -0.0384998   0.46702662 -0.14561132  0.09432743
  -0.0232314  -0.42727506 -0.1953417   0.02685817 -0.13959472  0.21272616
   0.04688481  0.04894647  0.13810243]
 [ 0.18126175  0.19016515 -0.14621374 -0.0438547  -0.36259314 -0.10150871
  -0.38636965  0.3023052  -0.0126559  -0.25590023 -0.12163001  0.23960522
   0.42475134  0.7760512   0.05658255]
 [-0.12221751 -0.05493909 -0.4219005   0.17744046 -0.28307965  0.34931493
   0.6959935   0.3430996  -0.37966704  0.18518427  0.25265002 -0.16380103
  -0.25304857 -0.29691374 -0.07774984]]
Peso 2:
[-1.2159142e-01 -1.1410905e-01  0.0000000e+00  9.9126285e-01
  0.0000000e+00 -9.4318397e-02 -5.3928520e-06  1.9789340e-01
 -1.1769567e-01 -1.8723121e-06 -1.5774306e-06  5.6174517e-01
  9.8185591e-02  1.2988195e+00  6.5331686e-01]
Camada: saida
Peso 1:
[[ 0.43112952 -0.19218189]
 [ 0.41521022 -0.15240537]
 [ 0.5604073  -0.45536435]
 [-0.8746297   0.9507638 ]
 [-0.30280894  0.585804  ]
 [ 0.878      -1.2365475 ]
 [ 0.78992814 -0.6290304 ]
 [-0.17352901  0.30069   ]
 [ 0.5532803  -0.27431202]
 [ 0.01460283 -0.5128836 ]
 [ 0.12381926 -0.40967047]
 [-0.3886101   0.6687368 ]
 [-0.4093407  -0.1203287 ]
 [-1.3527995   1.0604345 ]
 [-0.7047796   0.6703629 ]]
Peso 2:
[-0.75565666  0.7556603 ]



pesos modelo: 
Test loss: 7.6006, Test accuracy: 0.0000
Camada: meio
Peso 1:
[[ 0.18391854  0.37176293  0.07056493 -0.37678254 -0.03314868 -0.23619525
   0.01317072 -0.3500387   0.28041393 -0.04644275 -0.4259806  -0.31520632
  -0.24594378 -0.10763311  0.09995723]
 [ 0.3198346   0.1802068   0.33509174 -0.29487157  0.03906071  0.29220805
  -0.11760056  0.5795568   0.4407528  -0.12596926 -0.27389848 -0.17527717
  -0.10071872  0.18302803  0.3642804 ]
 [ 0.4286602  -0.15591758 -0.09374444  0.25934693  0.5297695   0.25005978
  -0.01687121 -0.26528874  0.21025868 -0.06619772 -0.3051005  -0.15470058
  -0.22109514 -0.4555869   0.07720721]
 [-0.14400896 -0.34230143 -0.41260472  0.15214223 -0.35388142 -0.43497986
  -0.01224577  0.3123634  -0.2961526   0.04359111  0.06166226  0.2849335
  -0.00089425  0.30667174  0.1315037 ]
 [ 0.08787797  0.15248904  0.4533936  -0.26912612  0.8002459   0.10174693
  -0.12333831 -0.3136721  -0.42069694  0.54740775 -0.3021803  -0.42287192
   0.25445345 -0.2312371  -0.39744884]
 [ 0.02530956  0.15772778  0.03391147 -0.31379995  0.18010259 -0.08694774
   0.24786365 -0.3633188  -0.2396487   0.05993795  0.06663162 -0.2453244
  -0.25078517 -0.356978    0.15673542]
 [ 0.5066083  -0.09288579  0.64887697  0.28274998  0.6749961   0.28691024
   0.42171735 -0.63557416 -0.06293006  0.64048934  0.17925793  0.29248437
  -0.04335451 -0.38068318 -0.4419064 ]
 [-0.12693569  0.12387151  0.43795556  0.33420205 -0.35304785 -0.29752177
   0.10085255  0.40749073 -0.07972685 -0.32129765  0.03438613 -0.39425716
  -0.303932    0.24142337 -0.41736248]
 [ 0.3675381  -0.49453506  0.6162886  -0.01917488  0.17669769 -0.15294673
  -0.20428407 -0.3139937  -0.48418325 -0.08796711 -0.13340563 -0.0506696
   0.3247114   0.21611479 -0.08819193]
 [-0.00362352  0.40685952 -0.06237558  0.03481841  0.29891032  0.01488438
  -0.35447383  0.10687643  0.31792533 -0.44046044 -0.12603036  0.42166466
  -0.28233927  0.23181224  0.09685034]
 [-0.20428094 -0.34959835  0.20755558 -0.37265667  0.69821936 -0.1667686
  -0.15713322 -0.3735056  -0.3480443   0.5957256   0.1733467   0.16372484
   0.32199708  0.28117183  0.0842399 ]
 [ 0.16157359  0.30185926  0.00470266  0.09144837  0.15202326 -0.3006785
   0.04895952 -0.12486836  0.37932712 -0.4248299   0.13850576  0.21484911
  -0.43049762  0.363167    0.4295624 ]
 [-0.30715054  0.24417162  0.04761165  0.3914009   0.10462388 -0.43115255
  -0.28039485  0.46594387 -0.00865131  0.05016015 -0.08385587  0.08727126
  -0.19836557  0.3363338  -0.01304925]
 [-0.3752184   0.6784822  -0.38493094  0.29925603 -0.16381125  0.3560857
  -0.42825103  0.15704525  0.6532042  -0.09104359 -0.3138553  -0.4468159
   0.17665409 -0.00175205 -0.40622473]
 [-0.31572747 -0.2995918   0.40801072 -0.53056526  0.7882797  -0.3106807
  -0.3937363   0.01385926 -0.11194859  0.06618703 -0.15961373 -0.24031377
  -0.42964652 -0.28652838 -0.11592984]]
Peso 2:
[-7.4974389e-07  9.7883642e-01 -3.0693060e-02  3.2696861e-01
 -3.8852010e-02  1.3062762e-01  0.0000000e+00  1.0198727e+00
  9.5046908e-01 -2.1952192e-06  0.0000000e+00  3.9083570e-01
 -8.7002050e-03  4.3575636e-01  1.3630319e-01]
Camada: saida
Peso 1:
[[ 0.19155091 -0.14586712]
 [-0.97592115  0.87332076]
 [ 1.0659028  -0.1564955 ]
 [-0.05280538  0.73122084]
 [ 0.9254309  -1.2601078 ]
 [ 0.18254098  0.5113563 ]
 [ 0.25657904 -0.51114345]
 [-0.7490567   1.2116761 ]
 [-1.260503    0.5186573 ]
 [ 0.54669243 -0.3742199 ]
 [-0.07904035 -0.1528391 ]
 [-0.52502745  0.28045964]
 [-0.54077584 -0.36694524]
 [-0.81589895  0.08125927]
 [ 0.28982612  0.58731186]]
Peso 2:
[-0.6794563  0.6794589]
