


pesos modelo: 
Test loss: 0.7162, Test accuracy: 0.7978
Camada: meio
Peso 1:
[[ 6.74811602e-02  1.87701881e-01  1.59070015e-01  1.98906600e-01
  -5.50609827e-02 -4.28479970e-01  4.01225805e-01 -3.81996900e-01
  -1.91029519e-01 -3.17455113e-01 -9.59621668e-02 -1.34505033e-02
   2.10446835e-01 -1.44988418e-01 -1.82900310e-01]
 [-1.66215319e-02 -6.17939904e-02 -2.52264082e-01  2.36558259e-01
   1.03349939e-01 -2.82897830e-01  4.71561134e-01  1.63317382e-01
   2.72467732e-01 -2.57465571e-01 -1.82426110e-01 -1.65497944e-01
  -9.85715166e-02 -6.38457239e-02  2.70736575e-01]
 [-3.50233763e-01  2.12938204e-01  4.28069413e-01  3.03420961e-01
   1.24582820e-01  4.45194274e-01  2.40248546e-01  3.04110739e-02
  -2.38911226e-01 -4.13560681e-02  3.16256553e-01  3.03111374e-01
   2.86836892e-01 -3.25579405e-01  3.35990340e-01]
 [ 3.53382856e-01 -2.50753015e-01 -1.18572868e-01 -3.76665980e-01
  -2.31177371e-04 -6.06371015e-02  3.01359206e-01  3.46434563e-01
   7.74719119e-02  2.88384050e-01 -7.78805912e-02  2.86587268e-01
  -1.92681983e-01  2.86497980e-01  2.45609894e-01]
 [ 2.24215940e-01  2.48197511e-01 -1.41409431e-02 -2.82238930e-01
   1.20054394e-01  1.01915356e-02 -1.51040807e-01  5.79432286e-02
  -2.65511405e-02 -2.08023474e-01 -3.11719656e-01  3.54934514e-01
  -2.94668734e-01 -2.85604864e-01 -8.55007246e-02]
 [-1.39845207e-01 -2.99465388e-01 -1.91764995e-01 -2.48556852e-01
  -6.42659664e-02 -1.68284819e-01  9.39721242e-02  2.63843566e-01
   1.27718434e-01  2.37818986e-01  4.01155055e-01 -1.03162587e-01
   3.58499318e-01  1.07110873e-01  2.37560994e-03]
 [ 5.44725418e-01 -3.73172492e-01 -4.44837838e-01 -2.03141421e-01
   2.85391789e-02  4.32194263e-01  3.91889602e-01  1.59427896e-01
   6.64232597e-02  4.07698393e-01 -2.78363168e-01 -6.73511550e-02
  -1.88818723e-01  4.32912447e-02  2.83786446e-01]
 [-2.24234775e-01  1.46130189e-01  8.58976170e-02 -3.18954021e-01
   5.82963526e-01 -2.61392176e-01 -2.97953010e-01  5.84571600e-01
  -1.46357030e-01  8.30636770e-02 -4.16947246e-01 -4.72723663e-01
   1.03419095e-01  4.34032865e-02  2.89264590e-01]
 [ 2.53237158e-01  2.72122443e-01  1.09311812e-01 -3.01619977e-01
   4.91559625e-01  2.54923284e-01  4.91393238e-01  1.29909292e-01
  -3.38360935e-01  5.59001148e-01  2.35109940e-01  5.18238842e-01
  -4.14364904e-01  1.29110128e-01 -1.34907991e-01]
 [-1.87412888e-01 -2.94360667e-01  2.46956557e-01  4.25134480e-01
   2.44346872e-01  3.87430519e-01 -6.50435090e-02  5.99853516e-01
  -1.25408947e-01 -2.82663941e-01  9.98147205e-02  1.63497895e-01
   2.03368496e-02  1.85531732e-02  7.08403051e-01]
 [-1.80775046e-01  4.08444792e-01  2.39396587e-01  3.38337153e-01
  -1.05179146e-01 -9.28331614e-02  3.59626770e-01  2.20805526e-01
  -3.11697394e-01  1.23690397e-01  4.07406569e-01  5.57843506e-01
  -8.23478922e-02 -3.10162663e-01  6.02123179e-02]
 [-5.40192500e-02  4.49912436e-02 -3.64048332e-01 -8.16135779e-02
   1.24984115e-01  3.74280691e-01 -3.91806692e-01  3.23211402e-01
   9.08405054e-03 -3.02714169e-01  3.63462299e-01 -3.43826294e-01
  -2.84927696e-01 -2.69465923e-01  1.31798878e-01]
 [-4.15234938e-02 -1.66638032e-01 -1.76164448e-01 -4.11721677e-01
  -3.10713321e-01 -3.59149516e-01  4.78210784e-02  4.12168652e-01
   5.18932007e-02  6.28473103e-01 -2.19242305e-01 -3.01594995e-02
   3.81330132e-01 -3.74840498e-01 -2.85146683e-01]
 [-6.07828237e-03 -2.68943459e-01  2.15729952e-01 -1.92893326e-01
   5.31538486e-01  5.65274239e-01 -2.09422439e-01  6.12515688e-01
  -3.56447190e-01  8.46480951e-02 -3.52287740e-01 -5.50583750e-02
   3.18167388e-01 -2.33725578e-01  2.64717400e-01]
 [-5.65630734e-01  2.44067073e-01 -6.42213374e-02  2.39461899e-01
  -6.02403522e-01 -2.50312358e-01  1.15449607e+00 -2.10638404e+00
  -7.31721595e-02  1.02937233e+00 -4.82434988e-01  7.73727238e-01
  -1.54781938e-01 -4.46670115e-01 -5.73267639e-01]]
Peso 2:
[ 0.36969253 -0.00945454 -0.01763957  0.0017459   0.4584378   0.35728377
 -0.1360098   1.0214629  -0.08315209 -0.09308354  0.27728513 -0.04309228
  0.11627045 -0.02960192  0.60575175]
Camada: saida
Peso 1:
[[-0.60287744  0.62707895]
 [ 0.4363383   0.21533261]
 [-0.09284373 -0.0764817 ]
 [ 0.3244841   0.37678486]
 [-0.4033429   1.103893  ]
 [-0.8303614   0.39489236]
 [ 0.5145252  -1.44355   ]
 [-1.8580772   1.7956617 ]
 [-0.14859882 -0.5444733 ]
 [ 0.96699035 -0.7155375 ]
 [-0.2973459   0.5938329 ]
 [ 0.22103092 -1.1112449 ]
 [-0.43233487  0.13655375]
 [ 0.1462256  -0.07710362]
 [-0.63914245  0.9458756 ]]
Peso 2:
[-0.10632638  0.1063238 ]



pesos modelo: 
Test loss: 0.9202, Test accuracy: 0.7545
Camada: meio
Peso 1:
[[-0.03784674 -0.40396848 -0.03544408  0.26564962  0.20703423 -0.420189
  -0.41198108 -0.23449716 -0.2937075  -0.15015095 -0.03716028  0.17227215
  -0.02696499  0.07745469  0.03102493]
 [ 0.29539567 -0.17024904  0.3311978   0.30665913 -0.3928448   0.22457792
   0.2356017   0.2546852   0.12144219 -0.13134833  0.07846934  0.15373544
  -0.1292131   0.29325494 -0.24064387]
 [ 0.25641    -0.32342595  0.18962629 -0.19976501 -0.22382963 -0.09796625
   0.00520964 -0.43985054  0.21959282  0.35838223  0.29814935 -0.4300161
  -0.07537724  0.19259581  0.27333915]
 [-0.07608779 -0.26225007 -0.04347168 -0.27607232  0.1126027   0.38516438
   0.19944797  0.38147914 -0.22431003 -0.36952972  0.11983489  0.11536364
   0.42192557  0.15359399 -0.294561  ]
 [ 0.43723354  0.18838705  0.16369265  0.2807338   0.25947663 -0.21775904
   0.05589647  0.13230245 -0.04638783  0.3444153   0.40575817 -0.1533277
  -0.22550258  0.24113843  0.11021601]
 [-0.046517    0.22105055  0.03856708  0.2894799  -0.26824668 -0.31322157
   0.08200729 -0.25352803 -0.23486164 -0.42709464  0.37504008 -0.41866478
   0.12480247  0.12385877 -0.44048488]
 [ 0.33987096  0.17518462  0.14016867 -0.3452269  -0.37986657 -0.27024028
   0.18450761 -0.31753814 -0.18040842 -0.32102424  0.15850435 -0.05862324
   0.38687038  0.4507862   0.07815785]
 [-0.53636396 -0.08727751 -0.26913962 -0.11607247 -0.31225792  0.11931299
   0.13437134 -0.14018683 -0.41181266 -0.34896928  0.23840716 -0.2727036
   0.13464396  0.63782436  0.22505346]
 [ 0.7461786   0.2152262  -0.4241062  -0.29971185  0.21459757  0.40187374
   0.1374277  -0.3781174   0.1430813   0.0339592  -0.1470827  -0.27195033
   0.08667772  0.30154815  0.37823614]
 [-0.35425785  0.37971586 -0.45718184 -0.26694474 -0.12494861 -0.15949184
  -0.46343043 -0.28140426 -0.31347823  0.11370647  0.05847122  0.02814958
   0.00818697  0.6491418   0.29926094]
 [-0.0957219   0.31089044 -0.35676458 -0.0446419  -0.19795324  0.16051546
   0.1836041   0.25743726  0.42480317  0.3426398   0.1858596  -0.24939694
   0.19335087 -0.26949483  0.21390057]
 [-0.4282352   0.03359821 -0.45466548 -0.41416436 -0.04526225 -0.12089849
  -0.15766118  0.16278122  0.30950505 -0.03804961  0.05995858 -0.07311263
  -0.21175945  0.79195714 -0.29868302]
 [ 0.51084894 -0.3400124  -0.35718256 -0.45957556 -0.46186665 -0.20026158
   0.26471752 -0.21042252 -0.39123055 -0.44450814 -0.34592605 -0.03635561
   0.32040438  0.39346364  0.19400252]
 [-0.03457778 -0.219797   -0.05143912  0.3803374  -0.0713168  -0.16165923
  -0.21869962  0.1690603  -0.05105303  0.15616083  0.30319142  0.04709041
   0.34192762  0.6607314  -0.21544085]
 [ 1.6551682  -0.26245937  0.04878558  0.27020395  0.20349152 -0.40104803
   0.79087204  0.03640553 -0.1697601   0.06292762 -0.5587676  -0.29437208
   0.61487156 -2.1815138  -0.3590596 ]]
Peso 2:
[-0.13754195  0.1353931  -0.17570914  0.00771942  0.0015837   0.1431088
 -0.11866026 -0.03934008  0.05101311 -0.00999715  0.32383844  0.014985
 -0.07903852  1.3086599   0.01809533]
Camada: saida
Peso 1:
[[ 1.6372001  -0.94857955]
 [-0.3280006   0.1586939 ]
 [ 0.492487   -0.385806  ]
 [ 0.15388465  0.3315932 ]
 [-0.57455546 -0.02331568]
 [-0.56042117  0.6065947 ]
 [ 0.6059778  -0.6466479 ]
 [-0.263017    0.35841003]
 [-0.31282932  0.16298527]
 [-0.5645427  -0.31185982]
 [-0.5941698   0.45890254]
 [-0.24023572  0.17463276]
 [ 0.62479824 -0.15136302]
 [-2.1087136   2.0975313 ]
 [-0.40675762 -0.22571862]]
Peso 2:
[ 0.02285362 -0.02284684]



pesos modelo: 
Test loss: 0.7489, Test accuracy: 0.7952
Camada: meio
Peso 1:
[[-2.08208799e-01 -4.08340186e-01 -1.02467716e-01 -3.82950902e-03
  -4.26181555e-02  4.44371521e-01  3.99167538e-01  1.51318073e-01
   4.09891009e-01  3.81965220e-01  1.00814641e-01 -3.75581026e-01
   1.87215924e-01 -4.06726003e-01  2.04656482e-01]
 [-2.48793826e-01  9.08808783e-02  4.24018383e-01  6.04174845e-02
   4.15538877e-01  1.99926734e-01  3.57534289e-01 -3.21183205e-01
  -3.97020161e-01 -3.16596270e-01  2.82618287e-03 -3.10802251e-01
  -2.67068505e-01 -1.50252119e-01  7.53605962e-02]
 [ 4.87050235e-01  2.19150543e-01 -3.53146084e-02 -1.87531620e-01
   5.32926507e-02 -1.27929598e-01  2.70748645e-01 -2.90962934e-01
   4.12178695e-01  2.84573227e-01  2.89997488e-01  2.91383475e-01
   1.26942113e-01  3.42084289e-01  4.84415740e-01]
 [-3.19282442e-01 -3.40899587e-01  3.11597828e-02 -5.55127263e-02
   2.01772258e-01  4.26072866e-01  3.47086370e-01  3.08275193e-01
   2.53877670e-01 -2.00140923e-01  4.41610247e-01 -3.22541654e-01
   6.14288189e-02  3.21156412e-01 -3.86142731e-01]
 [-2.99744606e-01  1.65290818e-01 -3.75853367e-02 -1.97723448e-01
   4.14148681e-02  2.03403786e-01 -8.92569721e-02 -3.66273940e-01
  -4.12712872e-01 -2.25965716e-02 -2.78337508e-01  3.46633524e-01
   2.40963593e-01 -1.46163061e-01 -2.34021053e-01]
 [-7.61777349e-03 -4.54324931e-01 -1.62220046e-01  7.55772218e-02
   2.99424529e-01 -3.80113184e-01 -8.96238536e-02  3.27775121e-01
  -1.84167922e-01  2.71279901e-01 -9.18461457e-02  3.63397300e-01
   1.57645810e-02 -2.54847795e-01 -3.47863697e-02]
 [-7.55624324e-02  2.68882126e-01  2.95355409e-01  2.38514245e-01
   2.35774904e-01  2.40888789e-01  1.15090117e-01 -3.00119758e-01
   1.05874039e-01 -3.70344341e-01  2.29343310e-01 -1.20319352e-01
  -2.79874235e-01  2.80482098e-02  4.94344011e-02]
 [-1.63578130e-02  1.99807569e-01 -3.85097802e-01 -3.15448761e-01
   8.52892339e-01 -2.93233097e-01 -1.94163881e-02 -2.68731296e-01
   2.26495415e-01  3.59165519e-01  4.43275481e-01  1.14721239e-01
   2.46373028e-01  1.40003532e-01 -1.87241182e-01]
 [ 1.99651673e-01 -2.81176209e-01  4.06028509e-01  3.22919369e-01
   1.15700670e-01  1.09197199e-01  2.98510283e-01  3.19934815e-01
   4.01850760e-01 -4.20500159e-01 -2.96364009e-01 -1.81346357e-01
  -4.08773750e-01 -3.50466855e-02 -2.98486978e-01]
 [-7.84472600e-02 -2.75324017e-01 -1.70592189e-01  1.51217118e-01
   4.04524654e-01  3.40519220e-01 -5.76841235e-01 -1.25258982e-01
  -1.56317666e-01  2.25800723e-01  1.71338856e-01 -1.08130045e-01
  -1.44202143e-01  5.35159230e-01  3.40374768e-01]
 [-3.85445893e-01  1.38291884e-02 -1.72713801e-01  3.59163672e-01
   3.75628173e-01  7.24295229e-02  6.44685209e-01 -2.36065552e-01
   2.44409800e-01 -4.59403008e-01 -4.22150612e-01 -2.70033568e-01
  -3.95579517e-01  2.92862207e-01 -2.52574235e-01]
 [ 4.44745690e-01 -2.35177636e-01  3.93176228e-01  1.65458143e-01
   6.05743110e-01  3.94224495e-01 -3.32043886e-01  1.80364966e-01
   3.36071968e-01 -2.38372579e-01 -2.81301141e-01  1.18577302e-01
  -3.82656962e-01  3.27576160e-01  1.57166690e-01]
 [-6.03318363e-02  1.34593457e-01 -4.14895654e-01  4.56822008e-01
   1.56485409e-01 -2.68103749e-01  1.81736231e-01 -2.16271743e-01
  -3.91659021e-01  1.35031298e-01 -9.94107947e-02 -9.52460840e-02
   3.80238861e-01  1.63415626e-01  2.55862445e-01]
 [ 1.68660313e-01  4.32952791e-01  8.66999403e-02 -3.46950322e-01
   7.56063163e-01 -4.26012836e-02 -3.13841879e-01 -3.71742368e-01
   1.58904269e-01  3.91514152e-01  2.32590958e-01  2.57000357e-01
   8.39855522e-02 -1.19186178e-01  3.19712371e-01]
 [ 1.45955579e-04  2.85336860e-02 -2.79423952e-01  1.20099819e+00
  -2.12721086e+00 -3.61915737e-01  1.67418671e+00 -3.69345427e-01
  -3.13263208e-01  3.27501029e-01  3.43654044e-02 -3.20161730e-01
   1.56021312e-01 -6.51605248e-01 -9.71847177e-02]]
Peso 2:
[ 0.07713129 -0.04493496  0.2512548  -0.11047471  1.1305264   0.15958865
 -0.16564743  0.06538816  0.10915692  0.15029077  0.11341758 -0.09492864
  0.00842663  0.46384472  0.125681  ]
Camada: saida
Peso 1:
[[-0.12649132  0.1900159 ]
 [-0.13949326  0.3172575 ]
 [-0.5103953   0.24619164]
 [ 0.92073053 -0.75244683]
 [-2.1208344   1.702666  ]
 [-0.48779556  0.09642682]
 [ 1.433678   -1.2561764 ]
 [-0.510851   -0.1727149 ]
 [-0.7699973  -0.25982445]
 [-0.5782756   0.44695553]
 [ 0.33016047  0.75972986]
 [ 0.19733484  0.20466594]
 [-0.07379361  0.03631303]
 [-0.6170664   0.75316   ]
 [-0.77922535 -0.37176713]]
Peso 2:
[-0.11228938  0.11228616]



pesos modelo: 
Test loss: 0.8009, Test accuracy: 0.7862
Camada: meio
Peso 1:
[[-2.28360519e-01 -2.71185845e-01 -3.02349389e-01  1.92221701e-01
  -1.54536396e-01  2.56183624e-01 -6.97376728e-02  3.78905654e-01
   2.52429247e-02 -7.25254416e-02  3.35741699e-01  2.93105960e-01
   2.03455269e-01 -1.65553987e-02  9.52550173e-02]
 [ 7.07697198e-02  5.80188222e-02  1.70956261e-03 -2.45759636e-01
  -8.13314989e-02 -8.98608044e-02 -3.44984740e-01  9.57157637e-04
   4.40746248e-01  7.27063417e-02  1.57776713e-01 -2.91939974e-01
  -3.08449000e-01  3.46089065e-01  2.44140685e-01]
 [-5.72909452e-02 -2.38468409e-01 -2.84597218e-01 -1.61747858e-01
   2.66686648e-01 -2.37025514e-01 -1.08661793e-01  7.35143423e-02
  -2.87121117e-01  3.14169526e-01  3.43985051e-01  2.22367734e-01
   1.53654451e-02  4.54007775e-01  4.57097590e-01]
 [-1.31226808e-01  3.44607115e-01 -1.67266220e-01 -6.52355626e-02
   3.51994000e-02  3.27633530e-01  3.57604861e-01 -1.04049355e-01
   4.49347317e-01 -1.75782681e-01 -3.24909985e-01 -3.46716464e-01
   4.58799422e-01 -1.43908679e-01 -1.21202983e-01]
 [ 2.29642823e-01 -3.85287702e-02 -2.91534420e-02 -3.66471112e-01
  -2.55064905e-01  4.79468048e-01 -3.38363737e-01  1.40600458e-01
   4.32008952e-01  1.28304303e-01 -4.46829408e-01  2.42182285e-01
  -1.46978796e-01  2.88785528e-02 -1.16469309e-01]
 [-1.33411929e-01 -1.75537691e-01 -2.78254926e-01  2.97407806e-01
   4.93417799e-01 -1.26265705e-01 -7.43989497e-02  1.07666321e-01
   4.16561186e-01 -2.69465568e-03 -1.24523714e-01  9.48373377e-02
  -4.14905734e-02  1.74901277e-01 -6.32724464e-02]
 [-4.54319194e-02 -4.41970229e-02 -3.70456338e-01 -4.09202397e-01
   4.84232098e-01  4.92205083e-01  4.71787751e-01  1.75271422e-01
  -1.66710183e-01  1.65517375e-01 -1.70910865e-01  2.22486943e-01
   2.73643494e-01  2.58229017e-01 -8.31976384e-02]
 [-8.65273550e-02 -2.79778272e-01 -9.89741683e-02 -5.50757162e-04
   9.72399786e-02  2.02574745e-01  7.85812885e-02 -4.48916495e-01
   1.00532681e-01  8.28033149e-01  1.77255318e-01  2.16135550e-02
  -1.13147676e-01  1.57842353e-01  4.82238621e-01]
 [ 3.73764694e-01  7.36502856e-02 -4.01405782e-01 -1.11520052e-01
   1.10734865e-01 -3.67781073e-01 -4.03185308e-01  3.97020459e-01
  -3.36770028e-01  3.80749643e-01 -3.26322496e-01 -9.40346643e-02
  -1.57982185e-01 -2.79089451e-01  2.01470792e-01]
 [-8.92501771e-02 -2.16978133e-01 -2.57595330e-01  4.21084940e-01
  -2.72115737e-01  3.24411333e-01 -1.71168029e-01 -1.31359383e-01
   8.22535828e-02  9.64461982e-01  1.44163325e-01 -2.21054386e-02
   6.36918172e-02  2.22266331e-01 -2.70144671e-01]
 [ 1.88743025e-02 -3.60260993e-01 -3.39840412e-01 -1.25279948e-01
   3.02055359e-01  9.95227993e-02 -1.63351610e-01  2.37016290e-01
  -2.14183897e-01  1.20919030e-02 -2.87915856e-01 -3.07962954e-01
   8.27326104e-02  2.71472298e-02 -3.64179999e-01]
 [-1.98531926e-01 -3.87718529e-01 -1.84422344e-01 -2.04651788e-01
  -8.77932385e-02  3.64410490e-01  8.29179361e-02 -6.03331387e-01
   2.45538086e-01  5.88266492e-01 -3.18388012e-03  4.25110832e-02
  -2.70329028e-01  2.31938437e-01 -1.24301016e-01]
 [ 3.98198575e-01 -3.96073878e-01  8.36483687e-02 -2.93124080e-01
  -3.59700888e-01  2.94742316e-01  4.50996578e-01  4.21668321e-01
   3.56787294e-01  2.46249899e-01 -3.30592901e-01 -2.75541514e-01
   2.27998376e-01  2.43355319e-01  2.75794625e-01]
 [-4.43993628e-01 -4.26947922e-01 -1.93046004e-01  2.12482676e-01
   1.97973490e-01 -1.85591385e-01 -1.95422098e-01 -4.24871504e-01
   4.40457255e-01  4.07643348e-01  3.60256851e-01  1.59688845e-01
   8.38617384e-02 -4.83669460e-01  1.07105143e-01]
 [ 6.28906012e-01  3.91770512e-01 -3.42899561e-01  1.37263000e-01
  -5.53265274e-01 -3.18740278e-01 -1.93154663e-01  2.20558453e+00
  -5.06733894e-01 -1.45984304e+00 -2.94095099e-01 -1.27413422e-02
   8.08607340e-01  8.39804232e-01 -3.93974334e-01]]
Peso 2:
[-0.08995281 -0.02902875 -0.0017869   0.01355973  0.32820696  0.25405285
  0.09684436 -0.41010863  0.42397785  0.9789058  -0.05705582  0.0320495
  0.03735585 -0.07763327  0.19173709]
Camada: saida
Peso 1:
[[ 0.8203122  -0.3214778 ]
 [ 0.12399688  0.5318655 ]
 [ 0.07814886 -0.09337659]
 [ 0.15525043  0.2655475 ]
 [-0.677469    0.6109849 ]
 [-0.40260816  0.6909413 ]
 [-0.1009815   0.38286346]
 [ 1.2942567  -2.0035956 ]
 [-0.7849996   0.44244653]
 [-1.6492083   1.4955745 ]
 [ 0.06635114 -0.14821343]
 [ 0.06765705  0.23831707]
 [ 0.6471701  -0.31055614]
 [ 0.01585129 -0.86729544]
 [-0.8461657  -0.20266968]]
Peso 2:
[-0.49854064  0.49854487]



pesos modelo: 
Test loss: 1.1586, Test accuracy: 0.7111
Camada: meio
Peso 1:
[[-0.17227745  0.15969956 -0.01753154  0.29035586  0.12030667  0.07022685
  -0.23184596  0.21564984  0.03884932 -0.4452724  -0.09451741  0.26053333
   0.28311568  0.15819496  0.41726917]
 [ 0.34529212 -0.07787243  0.10262819  0.10338572  0.08039914  0.50058705
  -0.39836082  0.15258543 -0.13550526 -0.28073698  0.24300721 -0.24254438
  -0.0846843  -0.25873604  0.00643984]
 [ 0.1183517   0.42410415 -0.08787692  0.06209974 -0.073929   -0.15836751
  -0.30072302  0.06370148 -0.28923714  0.3418566   0.2923122   0.0271298
  -0.35242194 -0.06866516 -0.02938471]
 [ 0.20765583  0.15276815 -0.320902   -0.31924403  0.2526922   0.3084969
  -0.4423223   0.4265566   0.19964133  0.30014932 -0.12814349 -0.2154278
  -0.02521522  0.00401808  0.2817157 ]
 [ 0.1495451  -0.08279284 -0.17080729 -0.32388514  0.25651196  0.258072
  -0.41685796 -0.15032074  0.46511674 -0.05205823 -0.16887419 -0.06636612
   0.42601472 -0.13097958 -0.35325915]
 [ 0.02851203 -0.09364586 -0.2616847   0.05391345 -0.2367782   0.51532817
   0.3165685  -0.37535575  0.35894912 -0.06114595  0.05197079 -0.18673196
   0.14888231  0.3233042   0.29951662]
 [ 0.3448705   0.02856323  0.07766983 -0.20627747  0.1585934   0.5154033
   0.20535132 -0.26615644  0.31379297  0.16276845  0.41118804 -0.01180167
  -0.01455943  0.18391155  0.40533683]
 [-0.45565364  0.6105547   0.07577241  0.17799729  0.6267479   0.37620047
   0.33809263  0.39000076  0.2165707  -0.32062393  0.02733432 -0.00312552
  -0.22878721  0.17432809  0.28096262]
 [ 0.26434168  0.46778908 -0.10751648 -0.03758142  0.41322652  0.1608536
  -0.02538955 -0.17275189 -0.24872613 -0.20233223 -0.2731533  -0.28960374
   0.3340732   0.34838298  0.40852758]
 [-0.45318756  0.17131485  0.05615497 -0.33775264  0.29124764  0.71940434
  -0.4045423   0.38512382  0.02573037 -0.17518911  0.07409789  0.32569146
   0.2422734   0.06573434 -0.46168378]
 [ 0.16050059  0.23495044 -0.0562711  -0.25716904 -0.48268136 -0.10895552
  -0.27046815  0.24980287 -0.3097758  -0.07079432  0.08825694 -0.01172352
  -0.07732735  0.14836635 -0.20143433]
 [-0.59063405 -0.01945448 -0.44418716  0.1837504  -0.19279659  0.6461382
  -0.30334455  0.2564597  -0.02037447  0.038142    0.58189744  0.10869428
  -0.18718171 -0.18600485 -0.02322444]
 [ 0.4626814   0.08279234 -0.37297782 -0.05436187 -0.30537403  0.06409156
  -0.20680182  0.4078567   0.37663668  0.35875893  0.3100823  -0.17187358
   0.08543355  0.36249375 -0.00994783]
 [-0.60340106  0.6441874   0.01615683 -0.16164091  0.1017359   0.12358842
   0.14012904 -0.04331107  0.15817578 -0.19404383  0.2736081  -0.00420244
  -0.22161102  0.03399237 -0.19883113]
 [ 2.2844641  -1.1508259   0.4311096  -0.37558985 -0.10489967 -1.3072112
   0.07656327 -0.29111433 -0.22787835 -0.3016397  -0.6146339   0.24812555
   0.530296    0.44215846  0.7356232 ]]
Peso 2:
[-0.3927416   0.5350038   0.00108294 -0.03917748  0.2988667   0.85497713
 -0.05095209  0.08949503  0.19981563  0.0277613   0.46331942  0.01157418
  0.00810098 -0.11668259  0.00870429]
Camada: saida
Peso 1:
[[ 2.055046   -1.3933433 ]
 [-1.2134235   0.62170035]
 [-0.32192466  0.03276113]
 [ 0.10705806 -0.18542731]
 [-0.37687412  0.66244465]
 [-1.5736182   1.08294   ]
 [-0.0362534  -0.44996718]
 [ 0.2226182   0.7638201 ]
 [-0.03418832  0.7397534 ]
 [ 0.21328318  0.4372324 ]
 [-0.6290657   0.69659317]
 [ 0.0713424   0.2091255 ]
 [ 0.06973798 -0.50040495]
 [ 0.09168101 -0.5664081 ]
 [ 0.9181121   0.04216228]]
Peso 2:
[-0.41153574  0.4115384 ]



pesos modelo: 
Test loss: 0.9134, Test accuracy: 0.7613
Camada: meio
Peso 1:
[[-3.04642916e-02  2.50471592e-01  3.14786017e-01 -1.41323954e-01
  -3.66999388e-01 -1.98817551e-02  5.32834530e-02 -1.42619014e-03
   1.07210755e-01  4.39268589e-01  1.07600272e-01  1.17455244e-01
   4.50022817e-02  3.95403028e-01  1.64980412e-01]
 [ 1.02462217e-01 -1.18185982e-01  3.53922844e-02  3.54209870e-01
   1.17123514e-01  2.92833030e-01 -3.80054086e-01  1.16550200e-01
   1.19741127e-01  3.02108258e-01 -1.87556878e-01 -1.52133211e-01
   3.43391776e-01 -4.25881669e-02  3.43021721e-01]
 [-2.62755722e-01  3.68531793e-01  3.49456638e-01  3.34417909e-01
   1.47657171e-01 -2.22827792e-01  3.71360660e-01  1.30536065e-01
   4.24669117e-01  1.20103620e-01 -2.84686442e-02 -3.25101048e-01
  -4.25827026e-01  4.95029986e-02  1.30686238e-01]
 [-1.64298072e-01  2.69178301e-01  5.99508919e-03  3.99345458e-01
   1.29829794e-01 -3.26485842e-01  1.21550180e-01  3.97817969e-01
   3.19274485e-01  2.13664714e-02  3.23451281e-01  5.33065535e-02
   2.65228361e-01 -1.84472322e-01 -1.80043448e-02]
 [-2.57115155e-01  3.58070135e-01 -2.01099813e-01  2.99175441e-01
  -1.76673844e-01  1.49868488e-01  2.77262926e-01  4.04645741e-01
   4.10631180e-01  3.20883930e-01 -1.36280194e-01  9.96566191e-03
   3.35114688e-01 -3.12827051e-01  4.38129641e-02]
 [ 1.84141412e-01 -3.43928486e-01  4.22297567e-02 -4.62651886e-02
   3.90001833e-01  4.65678751e-01  2.21709639e-01  3.22739691e-01
   1.54218435e-01 -2.57207721e-01  2.84024954e-01  1.74329981e-01
  -1.91378057e-01  1.76191673e-01 -6.71131909e-02]
 [-2.84549236e-01  2.74329036e-01 -2.97883321e-02  3.42304826e-01
   1.92004636e-01 -1.43117994e-01  1.59197345e-01  4.03258801e-01
  -2.06918968e-03  1.51115805e-01 -3.08705956e-01 -4.13417488e-01
  -1.66030303e-01  7.32134506e-02 -1.20939821e-01]
 [-4.68460023e-02  5.34655273e-01  2.98595540e-02  1.11690462e-01
   3.06274951e-01 -1.69690028e-01  2.24211946e-01  2.87115276e-01
  -2.51284719e-01 -3.38927686e-01 -1.67393014e-01 -4.48716171e-02
  -2.41646588e-01 -1.59272119e-01  6.88316286e-01]
 [-6.73679858e-02  3.60655427e-01  3.22275102e-01  9.47018489e-02
   3.12697858e-01  1.54326931e-01  3.20586711e-01  5.43120168e-02
   1.01919338e-01  6.08368337e-01  5.11251986e-01 -7.64334053e-02
   1.90667167e-01  1.77634940e-01  2.39963323e-01]
 [ 3.42829198e-01  5.09919763e-01 -2.47308925e-01  2.64503568e-01
  -2.59270072e-01  3.15221697e-01  6.01001494e-02 -2.41415828e-01
  -3.19571197e-01 -5.27757823e-01 -2.25371107e-01  3.30925107e-01
   7.57256448e-02 -5.01235910e-02  6.49102688e-01]
 [-1.84790939e-01 -4.84104902e-01 -2.08109960e-01  4.87224787e-01
   3.96655709e-01 -4.00475897e-02  2.95104593e-01 -2.37321988e-01
  -8.12910199e-02  4.01634336e-01  7.28121167e-03 -2.45050088e-01
   5.26382476e-02  7.96607286e-02 -3.31946343e-01]
 [ 1.83318004e-01 -1.61207750e-01  3.19551528e-01 -8.03082138e-02
  -3.39803696e-01 -2.58760720e-01  3.25044096e-01  1.33648694e-01
  -2.57617980e-01 -4.44059014e-01 -4.59287077e-01  3.83843035e-01
   5.92817783e-01 -2.44527400e-01  2.66634881e-01]
 [-1.02450334e-01 -4.74809229e-01  4.89359498e-01 -4.12073553e-01
  -2.22913504e-01  1.74888477e-01  2.10390806e-01  2.94350833e-01
   1.50442436e-01  3.20317417e-01  4.40037906e-01  4.22770232e-01
   3.00554901e-01  4.36809719e-01  1.52505770e-01]
 [-3.35667163e-01 -9.25001577e-02  3.86585355e-01  2.66626149e-01
   2.53886878e-01 -4.19694245e-01  2.55847633e-01 -2.85061039e-02
  -1.12062052e-01 -4.56808597e-01 -2.97196448e-01 -3.94381911e-01
   5.93222976e-01 -3.96311164e-01  5.13336599e-01]
 [-2.37026066e-01 -6.53461646e-03 -8.90830159e-01 -1.06361365e+00
  -6.27848208e-02 -4.26022828e-01 -1.04365194e+00 -3.84716690e-01
   1.00858533e+00  1.81525755e+00  1.10260916e+00  8.81883800e-02
  -5.50758541e-01  4.45892066e-01 -4.96871382e-01]]
Peso 2:
[-0.03818337  0.06701341  0.4814686   0.52136445  0.01948096  0.24546546
  0.37882683  0.18181477 -0.20740129 -0.44645402 -0.08767871  0.1379698
  0.35605857 -0.03972558  0.5603671 ]
Camada: saida
Peso 1:
[[ 0.05522832 -0.14090495]
 [ 0.1550693   0.6764311 ]
 [-0.73018914  0.7335948 ]
 [-0.8825542   0.933286  ]
 [ 0.04805008  0.2575991 ]
 [-0.61474663  0.1589525 ]
 [-0.9769248   0.60600007]
 [-0.7546451  -0.03316234]
 [ 0.724801   -0.81841606]
 [ 1.5648026  -1.4527376 ]
 [ 0.6361171  -0.84211314]
 [-0.25395748  0.26688805]
 [-0.64883566  0.6258811 ]
 [ 0.16268297 -0.5079732 ]
 [-0.9025487   0.84258515]]
Peso 2:
[-0.49040547  0.49040923]



pesos modelo: 
Test loss: 0.7366, Test accuracy: 0.7991
Camada: meio
Peso 1:
[[ 1.21876359e-01  1.16414249e-01 -4.11437601e-01  4.05014992e-01
  -4.13907439e-01  4.09066916e-01 -4.04296875e-01 -1.34712756e-01
   8.44800472e-02 -5.28189838e-02 -1.42638743e-01 -8.11809897e-02
   3.37675869e-01 -2.07722485e-01  3.28940034e-01]
 [ 4.05232877e-01 -1.89000130e-01  1.76448584e-01  2.75523484e-01
   5.41001223e-02 -3.87943275e-02 -9.87016559e-02 -3.45686525e-02
  -2.29843453e-01 -2.72720933e-01 -7.23829642e-02  4.49071944e-01
   3.21212113e-02  2.57599115e-01  1.91486180e-01]
 [ 4.54733998e-01 -3.97903949e-01  9.50775221e-02 -9.79419351e-02
  -1.35043517e-01  3.18906665e-01 -1.42259687e-01 -3.07612956e-01
   1.56602889e-01 -1.53110728e-01  2.73967743e-01 -3.33228141e-01
  -3.44935328e-01 -2.09216967e-01 -1.68795183e-01]
 [-7.36192688e-02 -1.57776266e-01 -2.29538098e-01 -2.45776042e-01
   3.85100991e-01  2.47662082e-01  3.55462313e-01  2.46224761e-01
   1.18409410e-01 -6.95205703e-02  2.59219587e-01  1.44475982e-01
  -4.36362028e-01 -2.50638783e-01 -2.21696213e-01]
 [ 3.50580543e-01 -3.67428362e-01  2.41389230e-01  2.36960232e-01
   1.41275108e-01  4.72497046e-02 -4.26965386e-01 -5.30315563e-02
   4.41465944e-01  1.49780646e-01  2.18370199e-01 -2.44772166e-01
   4.25805807e-01  3.11032057e-01  2.65444577e-01]
 [ 8.02545473e-02 -1.13752149e-01 -1.26233175e-02 -2.22023129e-01
   4.94526237e-01  1.57251656e-01  3.55948240e-01 -4.19035941e-01
  -7.46164396e-02  4.00809646e-01 -1.54150069e-01 -3.67768615e-01
   2.42069378e-01 -3.89043212e-01 -8.49541128e-02]
 [ 2.67569453e-01 -3.24487120e-01 -1.65936068e-01  3.19246262e-01
  -6.74182177e-02 -1.55588865e-01 -3.04681505e-03 -2.15992749e-01
  -1.29590765e-01 -1.58855334e-01 -1.59331515e-01 -4.09179218e-02
  -3.55979949e-01 -1.76338494e-01 -1.14155784e-01]
 [ 2.82252252e-01  1.94229379e-01  4.32218283e-01  5.54175489e-02
   9.96474102e-02 -1.23135298e-01 -3.69237095e-01 -2.94945002e-01
  -4.53329295e-01  3.08009952e-01  5.88999212e-01 -4.37556654e-01
  -2.26633146e-01  4.03717041e-01 -1.39657915e-01]
 [ 2.62791589e-02 -7.68688321e-02  2.57352531e-01  9.50123891e-02
  -1.44872338e-01  2.85181403e-01 -2.93518722e-01  2.13842586e-01
   2.12076291e-01  2.35164344e-01  2.35372499e-01  2.11737752e-01
  -2.91276336e-01 -3.42085063e-01  2.20250353e-01]
 [ 7.13328600e-01 -9.66773555e-02 -4.14483726e-01  3.89429778e-01
   2.70417958e-01 -4.95350152e-01 -4.31159556e-01 -3.11122894e-01
   1.68102384e-01 -3.29224080e-01  7.02787101e-01  3.27456236e-01
   2.42154032e-01 -1.23297252e-01  4.90741991e-02]
 [-3.09376568e-01 -2.42806926e-01 -2.62872756e-01 -1.98116124e-01
   2.61356652e-01  5.24556376e-02  3.18772495e-01  3.27579409e-01
   4.49383557e-01  2.86475331e-01  2.47440681e-01  1.70517638e-01
  -3.05188656e-01 -9.15965345e-03  4.61183816e-01]
 [ 6.09699011e-01 -2.01862603e-01  3.62942717e-03  1.11994050e-01
  -1.99524835e-01 -4.52367179e-02  2.83466607e-01 -5.07361209e-03
   3.22329700e-02  2.08779424e-01  8.67156029e-01 -1.88781787e-02
   2.57690102e-01 -6.29140958e-02 -4.88642836e-03]
 [-4.38861810e-02 -2.68320322e-01 -4.14710134e-01 -3.50676626e-01
   4.24774513e-02  4.83975649e-01  1.66263431e-01  7.55408918e-03
   1.86901778e-01  2.69942671e-01  2.10264787e-01  4.18840557e-01
   8.98322389e-02 -3.87740791e-01  7.95482483e-04]
 [ 2.88728595e-01  2.49122262e-01  1.14844956e-01  4.82855469e-01
   4.77432579e-01 -4.89515394e-01 -4.21141088e-01  2.83165008e-01
  -2.66894642e-02  1.77873224e-01  6.03011250e-01 -3.24016869e-01
   8.58322233e-02  3.64141256e-01 -3.00552487e-01]
 [-6.10225558e-01  2.36372232e-01  1.70738623e-01  1.45631716e-01
  -7.07258523e-01  1.81288028e+00  7.69110993e-02 -7.07530379e-02
   1.41799116e+00 -5.88929892e-01 -1.37138438e+00  4.44866680e-02
   3.94242913e-01  2.57503420e-01  1.22275925e+00]]
Peso 2:
[ 0.61058825  0.00314542 -0.00325439  0.03515551  0.55338955 -0.2991372
 -0.06486675  0.013106   -0.22073302  0.22294399  0.92390364 -0.01067258
 -0.02850794  0.01828309 -0.04330791]
Camada: saida
Peso 1:
[[-1.0846895   0.7016655 ]
 [-0.48279348 -0.0245359 ]
 [ 0.37861452  0.42840466]
 [ 0.08800182  0.4957986 ]
 [-0.8400651   0.6715294 ]
 [ 1.32119    -1.2755901 ]
 [ 0.47544968  0.25823683]
 [-0.5671445  -0.3456773 ]
 [ 0.8062708  -1.1015675 ]
 [-0.8023712   0.24481359]
 [-1.3116158   1.5562967 ]
 [ 0.48258457  0.3459736 ]
 [-0.00842409 -0.19400547]
 [ 0.22886597  0.3659018 ]
 [ 0.95543945 -0.59663606]]
Peso 2:
[-0.39843193  0.39843622]



pesos modelo: 
Test loss: 0.8740, Test accuracy: 0.7640
Camada: meio
Peso 1:
[[ 0.4371631   0.255682    0.05648875  0.400886    0.24237871 -0.27276954
   0.283863    0.32276994  0.00579554  0.30462444  0.27531528 -0.24998398
   0.00309861 -0.311687   -0.41248357]
 [-0.19238375 -0.23241307  0.11467155  0.22065246  0.28254983  0.346093
   0.0285946   0.20433144  0.39573812  0.05585118 -0.3183542   0.20628372
  -0.04284452  0.13952613  0.16922468]
 [ 0.12255757  0.06775559 -0.38749287  0.18335925 -0.28965232 -0.0597134
   0.501342    0.25531858  0.30503392  0.22137247  0.41914478  0.07735617
  -0.22181986 -0.3060027  -0.15804024]
 [-0.07335534 -0.2745523  -0.05467392 -0.10523804  0.46170816  0.10771739
  -0.11042965  0.17365362  0.23974553 -0.09928812  0.16887791  0.28810188
  -0.11421439 -0.280561    0.33729488]
 [-0.28270516 -0.02553777 -0.07677586  0.24127324 -0.1049577   0.27975887
   0.11644225  0.17139797  0.51195335 -0.12534168  0.21197462 -0.021945
  -0.3131762   0.08886149  0.21964559]
 [ 0.20876414 -0.00647036  0.02867522 -0.1457477  -0.19918722 -0.00996407
  -0.12614349 -0.03368951  0.08698063  0.20705785 -0.18887952  0.04064912
  -0.3743564  -0.0116417   0.2587612 ]
 [ 0.43664324  0.24148186 -0.21983112  0.04762795  0.16623828  0.10293184
   0.35458842 -0.04336795  0.09194392 -0.17215605 -0.36243427 -0.06477406
   0.2500609  -0.01651016  0.3890123 ]
 [ 0.49750018  0.09037768  0.32498327 -0.07036909 -0.07227042 -0.2841421
   0.5321402  -0.41829813  0.5473414   0.25680223 -0.37792793  0.21580036
  -0.3217894   0.02153876  0.12858368]
 [-0.01357054  0.3678937   0.1736109   0.24887146  0.45780897  0.3144855
  -0.2351085   0.12083716  0.21691138  0.33975628  0.32174566 -0.10118799
   0.19512707 -0.4176393  -0.05172329]
 [-0.36346126 -0.48419243 -0.23889615  0.3127569   0.02731491 -0.26987112
   0.5749547  -0.42153308  0.5373421  -0.37002298 -0.32789564 -0.14848821
   0.2067559  -0.28783515  0.3722334 ]
 [-0.47785735  0.17529453 -0.3569068  -0.21735787  0.41320315  0.28278604
   0.2891218   0.4399908   0.13721204  0.4044966  -0.043749    0.49323735
   0.32882318 -0.24720934 -0.27758735]
 [-0.16335198 -0.36078587 -0.0509859  -0.30208623 -0.28586408 -0.5092956
  -0.12937377 -0.543216    0.37388244  0.00533424 -0.03095607 -0.3122253
  -0.02236679 -0.03272552 -0.41973826]
 [ 0.01301373  0.17293853 -0.21657133  0.3320518  -0.44027224 -0.0803679
   0.21487327  0.3603208   0.19981235  0.4346811   0.21738169 -0.12923582
   0.40360525  0.13826823 -0.19512625]
 [-0.20514125  0.13939995 -0.37024453  0.23364165  0.48387414 -0.32914698
  -0.14449903 -0.39509293  0.7311712  -0.382747   -0.27743477  0.48162654
   0.17040394  0.14068158  0.09489135]
 [ 0.27511322  0.2742283  -0.13195139  0.435659   -0.35525623  1.1466335
  -0.4583758   2.2203717  -1.3360382  -0.4244262   0.39885315 -0.51898026
   0.52137256 -0.03399057  0.28651553]]
Peso 2:
[ 0.00870832 -0.17165415 -0.10120706 -0.07523224  0.13115448 -0.21636547
  0.36615452 -0.426985    0.9722231  -0.01375861  0.01189336  0.2383757
 -0.06178759 -0.1368231  -0.03958022]
Camada: saida
Peso 1:
[[ 2.1113986e-01  4.2204630e-01]
 [ 4.4272754e-01 -4.7781587e-01]
 [ 1.8060420e-01 -5.3585196e-01]
 [ 3.5928171e-02 -2.9106849e-01]
 [-5.4977447e-01  1.2177511e-01]
 [ 7.6933026e-01 -9.7265255e-01]
 [-1.2923846e-01  9.8122978e-01]
 [ 1.6632030e+00 -1.8746413e+00]
 [-1.8578274e+00  1.0045704e+00]
 [-4.6786806e-01 -1.2469240e-01]
 [ 1.7642250e-03 -5.6026584e-01]
 [-3.1365141e-01  5.5084622e-01]
 [ 4.0628773e-01 -1.2633164e-01]
 [ 5.3943676e-01 -1.4976865e-01]
 [-4.1745962e-03  1.8420208e-02]]
Peso 2:
[-0.8980261  0.8980293]



pesos modelo: 
Test loss: 1.2164, Test accuracy: 0.7087
Camada: meio
Peso 1:
[[-0.29257217  0.41287768  0.2515201  -0.13620782  0.31046665 -0.38327447
  -0.08713007  0.0988214  -0.27933884  0.0710628   0.13587773 -0.22340272
  -0.26890314 -0.13722247  0.3974929 ]
 [ 0.00653491  0.41121903 -0.0990389  -0.26018333 -0.19381602  0.32497203
  -0.10105225 -0.13505243  0.32090324  0.06616925 -0.1034285   0.04938151
   0.00393877  0.17391805  0.1434885 ]
 [ 0.0383127   0.055771   -0.03962782 -0.22636703  0.37431526 -0.08493137
   0.17186888  0.20902902 -0.29300645  0.3307077  -0.0908917  -0.15270263
   0.1556748   0.5848421   0.23501463]
 [ 0.29274672 -0.14406589  0.17632762  0.10482317 -0.02982443  0.27269042
  -0.05352756  0.05574045  0.15639606 -0.08483199  0.32590768  0.1743298
  -0.01151595 -0.15748318 -0.23783737]
 [-0.31216976 -0.41104633  0.28783768  0.42544025  0.3038127   0.11540312
  -0.16062658 -0.22189559  0.06015361  0.05733642  0.39658523  0.0909791
   0.20430724 -0.02367722  0.13863955]
 [-0.18874364 -0.37312847  0.23646711 -0.2339846   0.17288439  0.12646893
  -0.43182644 -0.28903204  0.39268327  0.1785602   0.23170957  0.39959535
  -0.0564311  -0.00941135  0.06433225]
 [ 0.3945949  -0.2097774   0.08168119  0.04827921  0.27888608 -0.34495223
  -0.03844605  0.13221984 -0.06113648  0.05500524 -0.09372772  0.12989263
   0.11604824  0.23983824  0.02599043]
 [-0.36865082 -0.34446302  0.7025737   0.13676135  0.48505393 -0.43684974
  -0.2745154  -0.05038406  0.23784007 -0.25309822 -0.24649316 -0.18642594
   0.05082181  0.24699044 -0.20348343]
 [-0.13843434 -0.31155193  0.32607862  0.36682028 -0.23476967 -0.03521396
  -0.31678316 -0.4189057  -0.36117208  0.3715128   0.2680599  -0.14828788
  -0.32607663  0.31446978  0.08047353]
 [-0.1845233   0.02081941  0.11755541  0.05851799  0.43749055 -0.16491672
   0.1936307   0.38031876  0.7749432  -0.4569582  -0.07656536 -0.47528192
  -0.13077642  0.12146231  0.17066942]
 [-0.13845436 -0.3723482   0.03954411  0.20294319  0.21577775 -0.19499634
   0.2494351  -0.33314458  0.20816949  0.19767818 -0.3688098   0.23019539
  -0.12794526 -0.00739222 -0.3787799 ]
 [ 0.3782912  -0.39824104  0.5539635   0.05947848 -0.06983183  0.13294013
  -0.3913402   0.3339269   0.5641784  -0.36978316  0.33744732 -0.20738551
  -0.2521562   0.5478474  -0.05922273]
 [ 0.32815322 -0.3206434  -0.10474335 -0.00942592 -0.01835427 -0.29716548
  -0.3864615  -0.21680552  0.4456174   0.5187976   0.48219818  0.37193307
  -0.17794628 -0.06334442  0.0453696 ]
 [-0.225128    0.40909094  0.21350765 -0.2874897   0.37085682 -0.29218134
   0.26585266 -0.11609683  0.3216326  -0.5338201   0.36013788  0.02449558
   0.2458442   0.6511699  -0.27128088]
 [-0.21423511  0.34964192 -0.8546008   0.7577701  -0.58233434 -0.11593229
  -0.29806578 -0.06564105 -0.8362586   2.1096942  -0.7252061   0.949021
   0.13858648 -1.0827364  -0.12054276]]
Peso 2:
[ 0.0011252   0.02740762  0.5521695  -0.01536449  0.45343867 -0.02285058
  0.00354837 -0.0763256   0.61408633 -0.4037956   0.23343682 -0.12477308
 -0.21002068  0.859402    0.08728276]
Camada: saida
Peso 1:
[[-0.4511332   0.34199715]
 [-0.5645387   0.12763213]
 [-0.6411003   1.1046932 ]
 [ 0.45826882 -0.6096801 ]
 [-1.1489491   0.06479991]
 [-0.1568875   0.3515037 ]
 [ 0.4845783   0.5319656 ]
 [ 0.37214363 -0.06485743]
 [-0.8876308   1.091598  ]
 [ 1.251927   -1.9244565 ]
 [-0.37257046  0.56715894]
 [ 0.9554476  -0.5116958 ]
 [ 0.33167246 -0.34324038]
 [-1.272598    0.8525677 ]
 [-0.35732034  0.06974456]]
Peso 2:
[-0.37809584  0.378098  ]



pesos modelo: 
Test loss: 0.7355, Test accuracy: 0.7973
Camada: meio
Peso 1:
[[ 3.47856641e-01 -1.28890872e-01 -3.86355698e-01 -3.29620063e-01
   2.61990190e-01  6.31482005e-02 -4.24088329e-01 -1.61389232e-01
  -3.29368234e-01  2.07650304e-01  1.53323650e-01  3.21583092e-01
  -7.45790303e-02 -1.72495931e-01  4.04786527e-01]
 [ 1.50033623e-01 -6.69373497e-02 -2.43120909e-01 -3.32710832e-01
  -1.69936672e-01 -2.73897737e-01  7.50240907e-02  2.90336192e-01
   3.86530548e-01 -7.01024309e-02  4.40068766e-02  1.72132909e-01
   4.46632892e-01  1.18102007e-01  1.34317145e-01]
 [ 1.51531905e-01  4.53499034e-02 -4.16648626e-01  4.13942903e-01
  -2.80431695e-02 -3.63863558e-02 -2.87796080e-01 -3.48142058e-01
  -2.45183021e-01 -2.46431395e-01  2.88513929e-01 -1.56917945e-01
  -1.99377418e-01  4.29059453e-02  3.09968501e-01]
 [-1.55201638e-02  1.75946966e-01 -2.59694636e-01  4.62775588e-01
  -3.66040051e-01 -6.59896806e-02  3.92762244e-01  1.88408941e-01
   4.10199076e-01  4.43373948e-01  8.72620419e-02 -3.99552286e-01
  -1.62755117e-01  1.45083830e-01 -1.28076732e-01]
 [ 4.89136457e-01  1.83413655e-01 -3.57613564e-01 -3.65978777e-02
  -1.91999078e-01 -1.77572057e-01  1.41463563e-01  1.23551443e-01
  -2.62802809e-01  7.21559823e-02  1.13880314e-01  2.04567298e-01
  -1.04805015e-01  1.16048036e-02 -7.75720999e-02]
 [-6.15196899e-02  1.32108986e-01 -4.04393911e-01  4.58633304e-01
   8.30820948e-02 -2.34880492e-01  3.34784955e-01  2.82446921e-01
   4.58895326e-01  8.77359807e-02  1.03233911e-01 -1.35024190e-01
   1.38181508e-01  2.54017442e-01  2.59841084e-01]
 [ 9.27812457e-02 -1.60317775e-02  4.95719723e-02  2.24062592e-01
  -5.47124371e-02  2.05623537e-01  4.20121878e-01  3.26792628e-01
   2.19625935e-01  3.34706634e-01  4.55456078e-02  1.82939738e-01
  -1.80421352e-01  2.12004796e-01  4.41488624e-01]
 [ 7.21925855e-01 -6.14920445e-02 -4.39161569e-01  1.30261019e-01
   1.86167493e-01 -3.75949681e-01  3.59742194e-01 -2.24253774e-01
  -8.12861472e-02 -5.72938360e-02 -4.65180069e-01 -2.41497368e-01
   3.01934689e-01  1.18103087e-01 -8.79139826e-02]
 [ 3.23660254e-01  3.79274845e-01 -1.62034392e-01 -7.58986846e-02
  -3.16808373e-01 -4.26854283e-01 -1.36493631e-02  5.05148172e-01
  -1.04905896e-01  6.34525418e-02  4.91458803e-01  4.84355032e-01
  -1.58235088e-01  5.41157305e-01  2.27246135e-01]
 [ 4.65054959e-01 -1.29302353e-01  6.29224777e-02  4.95341986e-01
   7.11454228e-02  4.03681785e-01  1.95271239e-01 -2.72324711e-01
   5.68619296e-02  1.35053933e-01 -9.90350917e-02 -5.12393415e-01
   3.47171813e-01  5.09420037e-01  2.95783609e-01]
 [ 4.19960290e-01  9.07312613e-03 -5.91504946e-02 -3.89557630e-02
  -2.96430498e-01 -4.57968982e-03  2.50578046e-01  3.19026321e-01
   3.46433446e-02  2.12425038e-01  2.29599103e-01  2.57332921e-01
  -6.52633458e-02 -3.80038887e-01 -3.17043513e-01]
 [ 7.70113826e-01 -2.60472327e-01 -8.56628540e-05 -4.10167687e-03
   3.29119325e-01  1.61121428e-01 -3.33611727e-01  1.64186195e-01
   2.42576987e-01 -2.36474231e-01 -2.68840402e-01  2.04763994e-01
   3.82876098e-01  9.59195662e-03 -3.42970908e-01]
 [ 1.69138804e-01 -3.55253704e-02 -3.26612413e-01 -1.49233326e-01
   6.28856868e-02 -3.60541284e-01  3.20356846e-01  1.14242412e-01
  -1.55019350e-02 -5.08153811e-02  1.65828526e-01  5.31077504e-01
   1.96872279e-01 -1.17293105e-01  3.36006135e-01]
 [ 1.80914745e-01 -2.62470126e-01 -1.27189187e-02  3.93435150e-01
  -2.52703756e-01  7.64350668e-02 -4.71833825e-01  4.41567339e-02
   2.03419045e-01 -3.89923602e-01 -4.42322254e-01 -2.54622400e-01
   5.60649157e-01  1.00637160e-01  4.22077358e-01]
 [-1.80551100e+00  3.65356356e-01  2.35965610e-01 -3.55922163e-01
  -1.56200051e-01 -2.97910303e-01  7.45785773e-01  4.10747200e-01
  -4.31002557e-01 -5.53796709e-01  2.01187563e+00  3.24941695e-01
  -1.13062844e-01 -7.07785189e-01 -7.02721357e-01]]
Peso 2:
[ 8.2001507e-01 -5.1238101e-02 -1.8980037e-04  2.9101241e-01
 -1.3580537e-01  2.0338725e-03 -1.0746420e-01 -2.2056560e-01
  3.2545578e-01  1.9165666e-01 -3.2231292e-01 -8.9262925e-02
  2.4976508e-01  4.7026411e-01  2.2405443e-01]
Camada: saida
Peso 1:
[[-1.8565708   1.2974793 ]
 [-0.11991972 -0.6920905 ]
 [-0.43146017 -0.49320337]
 [-0.9285365   0.0199471 ]
 [ 0.5472431  -0.5440876 ]
 [-0.2202001  -0.1778247 ]
 [ 0.7729352  -0.14001612]
 [ 0.452077   -0.34726065]
 [-0.41227278  0.6317943 ]
 [ 0.07203153  0.76517427]
 [ 1.7766593  -1.2429451 ]
 [ 0.08174001 -0.7602856 ]
 [-0.94183683 -0.12741542]
 [-0.94111836  0.53102785]
 [-0.12794591  0.78765136]]
Peso 2:
[-0.44332898  0.4433327 ]



pesos modelo: 
Test loss: 0.7735, Test accuracy: 0.7864
Camada: meio
Peso 1:
[[-0.24392901  0.31916142 -0.25308323 -0.38742384 -0.24420443 -0.4129634
  -0.33551192 -0.34398437  0.0819543  -0.14577925  0.2952637  -0.01376772
   0.1978038  -0.3411967  -0.21858416]
 [-0.01435463  0.0195455   0.29545012  0.21155117  0.38229975 -0.02372196
  -0.20051861  0.14106695  0.43090916 -0.11850021  0.34549528 -0.16577633
  -0.44652012  0.10397267  0.09517308]
 [ 0.1100262  -0.3875241  -0.12988938  0.14901939 -0.21873522  0.22984871
  -0.05866755 -0.24669841  0.03097439 -0.23283677 -0.1132489   0.11330859
  -0.4412238  -0.08736424  0.22022797]
 [ 0.09890417 -0.2990069  -0.38658983  0.00267856 -0.39134824  0.08714557
   0.4620882  -0.02630326  0.22520451 -0.32179537 -0.02524575  0.3825628
  -0.04563145  0.17880845 -0.03518289]
 [ 0.02208266  0.16574495 -0.31730387  0.39613903 -0.23072106 -0.08559191
  -0.2397111  -0.41680762  0.06191996  0.17034115  0.05905403  0.11115465
   0.255474    0.28470188 -0.05997622]
 [-0.24404931 -0.09793247  0.42794776  0.44373438 -0.15253691 -0.04119717
  -0.3326028   0.11304325  0.34957594  0.3478382   0.18164559  0.20875171
  -0.21942496  0.34998396 -0.12670125]
 [-0.3392906  -0.34384295 -0.29822913  0.31412753  0.07545381 -0.37193215
  -0.14132892 -0.07399815  0.10513809  0.27596095 -0.31421828  0.19444342
  -0.01323156  0.3004903  -0.06276351]
 [ 0.09979415 -0.31624684  0.1099389   0.65838134  0.36299     0.03196472
   0.5239072   0.43074334  0.14553142  0.0990799  -0.27359948  0.51522094
  -0.27273226 -0.11409359 -0.39050025]
 [ 0.24533787 -0.4519827   0.16466343  0.3551089   0.22015034 -0.369617
  -0.2673707   0.27648953  0.16291624  0.51208913  0.04875171 -0.03245975
   0.29004246  0.12747465  0.50531816]
 [-0.13905776  0.06231128 -0.16719201  0.58514863  0.27259046 -0.00849883
  -0.14803772 -0.2087389  -0.23162445 -0.07124676  0.34847254  0.6168976
  -0.24030869 -0.44205526  0.07974316]
 [ 0.1953979   0.2781181  -0.21788892  0.1557727   0.47210208 -0.0660212
   0.3876852   0.20195234 -0.24522005  0.4073516   0.16643003 -0.03959356
  -0.2350105   0.2316093   0.302655  ]
 [ 0.08189189 -0.2137802  -0.21984929  0.7086539  -0.2798092   0.0224508
   0.41079804  0.06237787 -0.09441371  0.3040362  -0.25284815  0.00648838
   0.08666158 -0.4666067  -0.08934628]
 [ 0.30594382  0.25612104 -0.35639718  0.03819147  0.05903129 -0.41049355
   0.53320265 -0.03564953 -0.03444057 -0.24961425  0.09938554 -0.49079037
  -0.21031274  0.3568348   0.15859684]
 [ 0.0263567   0.13340737  0.3330958   0.40865433  0.1997446  -0.272059
   0.33087292  0.0035972  -0.1515535  -0.27673915 -0.16338585 -0.14228454
  -0.20196654 -0.4060346  -0.44888613]
 [ 0.46889845  0.16100742  0.27237365 -1.7993802  -0.33411658 -0.01205224
  -0.29846433  0.46931317 -0.5580586   0.57303077  0.43190822 -0.1041875
   0.19902167  1.8476673   1.1807745 ]]
Peso 2:
[-6.1650243e-02 -7.4033807e-03 -3.9365463e-02  1.0491319e+00
  1.4948128e-01 -7.5564072e-03  3.1926811e-01  2.2412830e-03
  2.8949732e-01 -5.1906418e-02 -1.2632928e-02  2.1680264e-01
 -3.4867910e-05 -3.8173655e-01 -2.0991701e-01]
Camada: saida
Peso 1:
[[-0.20721875 -0.7397128 ]
 [-0.06299365  0.5200297 ]
 [ 0.41996315 -0.0337791 ]
 [-1.6766151   1.7215981 ]
 [-0.4042468   0.2649078 ]
 [ 0.18024062  0.01585465]
 [-0.27576447  0.8336931 ]
 [ 0.52272767  0.2490145 ]
 [-0.5970715   0.51611733]
 [ 0.2905178  -0.49928686]
 [ 0.35305476 -0.04604421]
 [-0.26599193  0.69922364]
 [-0.5747182  -0.4827389 ]
 [ 1.50024    -1.3954679 ]
 [ 1.0402862  -0.9148513 ]]
Peso 2:
[-0.4412773   0.44128293]



pesos modelo: 
Test loss: 0.7085, Test accuracy: 0.8059
Camada: meio
Peso 1:
[[-0.06337637  0.35100543 -0.08017904 -0.3222838  -0.12795886  0.32405633
   0.27396417  0.32623082  0.1676476   0.27187902 -0.28793147  0.07856399
   0.01872104  0.16384864  0.22563362]
 [ 0.15256433  0.41415265  0.18824723  0.04368455  0.33676633 -0.17100015
   0.15645117 -0.00740707  0.26267692 -0.37668929 -0.30715275 -0.20844536
  -0.35752738  0.2641673   0.39050704]
 [-0.4313587   0.2519497  -0.03423934 -0.35768616  0.41422904 -0.21713854
   0.3146525   0.16763371 -0.18249488 -0.08537187 -0.2788964  -0.39420322
  -0.2969638   0.16877046  0.05871258]
 [ 0.24499488  0.46685234  0.38732168  0.27683428 -0.08243146 -0.32553676
   0.47534633 -0.26339367 -0.40517187 -0.12182777 -0.0857925  -0.04023156
  -0.257076    0.05548758 -0.00598594]
 [ 0.12207434 -0.27468902  0.21193993 -0.18754028  0.27274868 -0.09303252
   0.023722   -0.36830583  0.32058337 -0.40853608  0.11065137 -0.28448623
  -0.19483052  0.13255659  0.14900795]
 [ 0.3049595  -0.318551    0.26426902 -0.14851882  0.51298857 -0.12648739
  -0.1739852   0.03742844  0.37130472  0.08225891 -0.12695092  0.18210395
   0.35039937  0.26207095  0.07971979]
 [ 0.19724374 -0.2590113   0.3826364  -0.01264605  0.34041604  0.12488776
   0.01910944 -0.42987546 -0.3477588  -0.42566127 -0.0797789  -0.0355892
  -0.12596025  0.1630316  -0.40792215]
 [-0.04522248  0.04469584  0.32936913  0.10408922  0.29616883 -0.40135512
   0.08794913  0.08590703 -0.09066229  0.28438583 -0.09650018 -0.1728994
   0.37129235 -0.67027783 -0.3135949 ]
 [ 0.03949445 -0.05284257  0.22672401  0.5517153  -0.08861756 -0.02873743
  -0.39653546  0.20923965  0.36722484  0.16847916  0.42141044  0.18438053
  -0.57422924  0.35677332 -0.15797925]
 [-0.41097793  0.21994708  0.10711821  0.5332758   0.4801761  -0.07485603
   0.23377855 -0.3368726   0.525454    0.42207843  0.2931395   0.01802189
  -0.00709259 -0.2643317   0.09181116]
 [ 0.27613574  0.3131204   0.01950058  0.11729752  0.22054026 -0.23815797
   0.03418831 -0.26100188  0.40530512 -0.2286855   0.05048694 -0.2590863
   0.25201735  0.43276465  0.22147532]
 [ 0.18066151 -0.17167254  0.642696    0.22263974  0.6664438  -0.00737919
   0.17804256  0.0806063   0.11784878 -0.23694167 -0.05338807 -0.17648523
   0.17590113 -0.4498024  -0.15031123]
 [ 0.38560855 -0.10313469 -0.04744155  0.16341384  0.1122475  -0.04102546
  -0.08254339 -0.3186659  -0.5036533  -0.20879184  0.0483457  -0.17634681
   0.3206328   0.17347158 -0.13813736]
 [-0.01938693  0.39907727  0.38966006  0.3266525   0.53713286  0.27813673
  -0.17002393  0.14089848 -0.29061833 -0.44561693  0.21528326 -0.23399915
  -0.31449622 -0.32181284 -0.20915276]
 [ 0.10140124 -0.41647175 -0.84022456 -0.5841925  -1.4137816  -0.36861792
  -0.2331062   0.24122007 -0.25329196 -0.05673945  0.05929148  0.09516862
   0.11871754  2.504836    0.41809416]]
Peso 2:
[-0.21332802  0.21525854  0.43429017  0.27427948  0.8335317  -0.00933513
  0.22447805 -0.00102655  0.15796497  0.02748708 -0.03765211  0.01616376
 -0.00091813 -0.4767665  -0.02382024]
Camada: saida
Peso 1:
[[ 0.14225367 -0.40102053]
 [-0.5754862   0.12076973]
 [-1.1309987   0.59440625]
 [-0.0883157   0.94379324]
 [-1.1280843   1.5555447 ]
 [-0.06847686 -0.24497025]
 [ 0.17049731  0.7848085 ]
 [ 0.05150605  0.06019421]
 [-0.8356683  -0.05095502]
 [-0.40097517 -0.12234133]
 [ 0.04851795 -0.00834144]
 [-0.18975346  0.2699562 ]
 [-0.3694604   0.46761724]
 [ 1.8542739  -1.9593434 ]
 [-0.00525167 -0.21498005]]
Peso 2:
[-0.42658165  0.42658427]



pesos modelo: 
Test loss: 0.8926, Test accuracy: 0.7657
Camada: meio
Peso 1:
[[ 3.40284407e-01  4.40690339e-01 -9.35074687e-02  2.73614228e-02
  -1.55116946e-01  3.18416119e-01  2.56788611e-01  2.37820446e-01
  -7.30301142e-02 -2.82083869e-01  6.06347322e-02 -4.47550118e-02
   1.23545706e-01  1.98653340e-01  3.77851486e-01]
 [-1.00696258e-01 -1.39106110e-01 -2.53564894e-01 -7.77268708e-02
  -2.12417260e-01 -3.52740884e-02 -2.68556364e-02  3.21376681e-01
   2.43674070e-02  8.51901844e-02  1.64698750e-01 -2.97287673e-01
   2.22193643e-01  1.15184896e-01 -4.05171253e-02]
 [-1.96081046e-02 -3.94976407e-01 -1.04768470e-01  3.30661654e-01
  -1.48598716e-01 -4.92635409e-05 -3.01949084e-01  2.55241871e-01
  -3.28706056e-01 -1.53843522e-01 -2.28722781e-01  4.31026034e-02
  -1.95287615e-01 -4.16108370e-02  3.96807224e-01]
 [ 5.69768474e-02  1.27304822e-01 -3.27103287e-01  3.50339830e-01
   1.54311821e-01  1.61742911e-01  2.08200887e-01  4.07926887e-01
   3.40934694e-01  6.24465384e-02 -4.37108487e-01 -2.48701349e-01
   6.63519427e-02 -6.90366998e-02 -3.29437643e-01]
 [ 2.95527220e-01  1.67145088e-01  9.87241324e-03  2.02184007e-01
  -1.18156642e-01  4.83387768e-01 -9.90851969e-02 -1.69259563e-01
   3.87394667e-01  2.70273328e-01 -1.16275646e-01 -4.19731408e-01
   2.12618679e-01  4.97516505e-02  2.40362778e-01]
 [-1.11439101e-01 -3.51184040e-01  3.31409633e-01  1.71151593e-01
  -1.01516768e-01  1.40505865e-01  1.69366181e-01 -2.31148615e-01
   4.67362106e-01  2.20099688e-01 -2.26495758e-01 -3.93914580e-01
   1.39153138e-01 -2.66251955e-02  1.68487772e-01]
 [-2.96261758e-01  3.50659102e-01 -8.37239400e-02 -1.25473067e-01
   1.88820437e-01 -7.29183182e-02 -3.50878954e-01  1.91490754e-01
  -3.76425028e-01  1.81739852e-01 -1.72700793e-01 -3.13931793e-01
  -1.79852560e-01  2.47679248e-01  2.99207628e-01]
 [ 1.68206409e-01 -2.28604704e-01 -3.38580102e-01  3.08252066e-01
  -1.22491205e-02 -3.14979941e-01  1.51158944e-01  1.21808119e-01
   3.88807446e-01  5.17893195e-01  1.52709320e-01  1.32203341e-01
  -4.24132198e-01  2.45118156e-01  1.23561122e-01]
 [ 3.32998961e-01  2.48827383e-01  5.21619283e-02  9.61329490e-02
   2.78419316e-01  1.44379616e-01  6.07837200e-01  1.86714858e-01
   2.53010660e-01 -1.45645142e-01  4.25603271e-01 -3.57692122e-01
   4.56347257e-01  2.33297348e-01  3.43754709e-01]
 [-2.53326476e-01  4.79898602e-01 -1.86286643e-01  2.83318460e-01
   9.65204835e-02  2.50786602e-01  2.30646908e-01 -3.38776737e-01
   2.97696814e-02  8.44758987e-01  1.58668652e-01  4.78675701e-02
  -3.98990601e-01  5.88831723e-01  2.82071114e-01]
 [-3.45939249e-01 -1.48143843e-02 -2.75868446e-01  1.28910512e-01
   6.04720056e-01  2.13861868e-01  1.10102326e-01 -3.09889644e-01
  -1.31637231e-01  5.52372038e-01 -2.42355525e-01  4.33306955e-02
   4.54935223e-01 -4.05859612e-02 -3.06486934e-01]
 [ 2.10523501e-01 -2.31340542e-01  2.66814940e-02  5.02905250e-01
   6.62777349e-02 -4.39573050e-01  3.76611471e-01 -1.41246587e-01
   2.28282213e-01  7.20541954e-01  1.25190988e-01 -2.50261426e-01
   1.44207135e-01  2.65054017e-01  3.06089342e-01]
 [ 2.40010053e-01 -1.97528213e-01 -3.61708969e-01  1.60341367e-01
   4.50685412e-01  5.41205108e-02 -3.07975501e-01 -1.61562771e-01
  -3.40651482e-01  2.91091092e-02 -1.65331408e-01  3.14585388e-01
   2.33223587e-01  3.00878018e-01  4.06637162e-01]
 [ 3.63639712e-01  9.58540440e-02  1.12929091e-01  3.78728509e-01
  -5.70916355e-01 -2.03721717e-01 -5.51005267e-03 -1.55697584e-01
   1.05687030e-01  5.05501628e-01  8.46479014e-02  3.91998410e-01
  -5.02271354e-01  8.54036137e-02  3.75803947e-01]
 [-1.42631695e-01  1.64716452e-01  3.26522470e-01 -1.02822101e+00
   1.59110415e+00  1.11088932e+00 -3.89202297e-01 -3.20291460e-01
  -4.11318630e-01 -1.47640884e+00  1.17944151e-01  5.47717251e-02
   1.18212080e+00 -8.25529635e-01  5.93915045e-01]]
Peso 2:
[ 0.0945484  -0.00706357  0.01378059  0.5526725  -0.27465537 -0.1378741
  0.22013481  0.20214683  0.123987    0.98011607  0.02870479 -0.05740078
 -0.23318106  0.40013    -0.07233153]
Camada: saida
Peso 1:
[[ 0.2343854   0.7166175 ]
 [-0.34350416 -0.01827715]
 [-0.37544402  0.06737405]
 [-0.80323017  0.9468435 ]
 [ 1.104185   -1.0652281 ]
 [ 0.9647683  -0.59540105]
 [-0.72084725 -0.10910996]
 [-0.39842445  0.35346827]
 [-0.20606185  0.2868842 ]
 [-1.3252286   1.7291695 ]
 [-0.4890597  -0.31483644]
 [ 0.53046006  0.00687215]
 [ 0.57519484 -1.3034644 ]
 [-0.21231857  1.3191005 ]
 [ 0.07821312 -0.33348846]]
Peso 2:
[-0.46214983  0.46215317]



pesos modelo: 
Test loss: 0.2940, Test accuracy: 0.8938
Camada: meio
Peso 1:
[[ 3.51220071e-01 -2.27779314e-01 -1.28001601e-01 -2.42589504e-01
   8.67351294e-02  1.28484190e-01  1.16137445e-01  2.13469088e-01
  -2.62378931e-01  1.50741935e-01  5.04753888e-02  1.63376808e-01
   1.28751636e-01 -3.44018906e-01  1.61052406e-01]
 [ 2.92027801e-01  7.77210519e-02 -4.64076027e-02  1.11220047e-01
  -3.51955146e-01  2.95598209e-01 -1.69923797e-01  4.30898555e-02
   3.32369924e-01  2.83427000e-01 -1.52622297e-01 -1.89573437e-01
  -1.05796799e-01  4.66683991e-02  1.07341401e-01]
 [ 8.97582471e-02  4.72528696e-01 -4.17202264e-02  2.78376620e-02
   3.57696533e-01 -3.51949781e-01  4.51308012e-01  8.63050073e-02
   2.38557369e-01  2.82941312e-01  1.41988546e-01  1.24436200e-01
   2.16157824e-01 -1.62672326e-01  1.27273947e-01]
 [-1.06021278e-01  3.18304092e-01  1.53013647e-01  6.58669621e-02
   1.99472800e-01 -6.53174054e-03 -6.56630620e-02  3.64267230e-01
   1.80143248e-02  3.99084955e-01 -2.94945538e-01  7.07475990e-02
   3.37726623e-01  3.90110612e-01  2.52195448e-01]
 [ 3.60874742e-01 -1.84123337e-01  2.35271946e-01  3.25146727e-02
   9.32147801e-02  3.38104516e-01  3.38890731e-01  3.01181287e-01
   2.89562911e-01 -5.95519086e-03 -3.57469499e-01 -3.83145183e-01
  -1.94908664e-01 -8.55054557e-02  2.67746985e-01]
 [-6.70224056e-02  2.76361704e-01  6.90234127e-03 -7.24547729e-02
   2.08576411e-01  8.18998218e-02  3.63932610e-01  1.82137042e-01
   3.66084501e-02  1.36028871e-01  4.53950167e-01 -2.06581786e-01
   3.65459442e-01  3.70915145e-01  1.29894316e-01]
 [-1.44408524e-01  1.79691032e-01 -4.33668196e-01 -3.91104026e-04
   1.61845729e-01 -1.78727373e-01  8.06046203e-02  2.15309843e-01
   3.90145816e-02 -1.33153290e-01 -2.32464805e-01  1.52632833e-01
   1.88276300e-03  1.20514408e-02 -2.55391628e-01]
 [-1.33914545e-01 -4.39223237e-02 -1.44878611e-01 -8.12487379e-02
   2.74205685e-01 -5.19990083e-03  1.19226970e-01 -3.87267351e-01
   8.77102256e-01 -1.27714291e-01 -6.08249120e-02 -3.20903845e-02
   7.75355026e-02  5.00381878e-03  1.62252516e-01]
 [ 4.40991610e-01  5.51468670e-01 -2.65654176e-01  2.37139598e-01
   3.79336894e-01  1.51505351e-01  2.20357358e-01  2.05044791e-01
   2.80375421e-01 -5.86958565e-02 -3.00316811e-01  4.57868218e-01
  -2.99767733e-01 -1.38664711e-02  5.54295659e-01]
 [-2.39726335e-01  2.94192806e-02  3.45230545e-03  2.06827611e-01
  -3.25913370e-01  5.64607456e-02 -1.38890306e-02 -3.16564262e-01
   5.13299048e-01 -3.47378790e-01 -3.47915053e-01  3.20897788e-01
  -2.64120158e-02  4.57124978e-01 -1.69764310e-01]
 [ 6.53951526e-01 -7.24243447e-02  2.47016668e-01  2.49653496e-02
   1.12708353e-01 -1.89007506e-01  3.38087343e-02 -4.12317753e-01
   2.49134779e-01  5.88865690e-02 -2.31208175e-01 -3.49591523e-01
  -3.89792889e-01  2.53516227e-01  1.29417524e-01]
 [ 2.54524592e-02 -4.84085947e-01 -3.85491252e-01  3.32230508e-01
   2.17886195e-01  1.97373673e-01  5.10675132e-01 -2.54501343e-01
   5.54260552e-01 -2.16878974e-03 -2.54675597e-01 -4.41422174e-03
   2.96842217e-01  2.72842348e-01  2.70868242e-01]
 [ 3.03598672e-01  2.23807484e-01  9.70187858e-02  1.40219152e-01
  -2.85444446e-02 -1.79219276e-01 -5.90339154e-02 -2.00487182e-01
   5.41231297e-02 -2.89518535e-01 -3.92780155e-01  4.88803945e-02
  -2.50709541e-02  5.61755896e-02 -3.03622782e-02]
 [-2.85286363e-03 -2.60176122e-01 -3.26642692e-01  5.57837009e-01
   2.08178192e-01  2.10841641e-01 -1.01536684e-01  5.02579987e-01
   5.66530824e-01 -1.38256624e-01 -1.77506074e-01  1.64845720e-01
  -1.14547618e-01  3.49182397e-01 -2.17953175e-01]
 [ 1.64169669e+00  5.15370011e-01 -3.32263201e-01 -9.90797102e-01
   1.52097449e-01 -4.03059840e-01 -8.61228108e-01 -2.61959702e-01
  -1.83866203e+00 -3.58748704e-01  3.78475785e-02 -6.37084320e-02
   1.01400211e-01 -8.41864586e-01  9.01920140e-01]]
Peso 2:
[-0.14389156 -0.03787099  0.03922823  0.5861732  -0.0645749  -0.11407433
  0.3898948  -0.04179622  0.9641387   0.11475272  0.01507045  0.0443416
 -0.02192594  0.42603546 -0.06780068]
Camada: saida
Peso 1:
[[ 0.727058   -1.6556851 ]
 [ 0.26652992 -0.85856223]
 [-0.66008455 -0.45274955]
 [-1.0558848   0.91816974]
 [ 0.0697734  -0.18093832]
 [-0.12844937 -0.10324104]
 [-0.3284153   1.0037252 ]
 [ 0.11820019  0.50547296]
 [-1.6617807   1.7657216 ]
 [-0.41266975  0.4211615 ]
 [-0.37112683  0.3832379 ]
 [-0.19437139  0.13620032]
 [-0.17715737  0.36075526]
 [-0.69455636  0.6245491 ]
 [ 0.2748464  -0.87847835]]
Peso 2:
[-0.03919256  0.03920005]



pesos modelo: 
Test loss: 0.7245, Test accuracy: 0.7927
Camada: meio
Peso 1:
[[ 1.65655136e-01  1.44138396e-01  2.91901529e-02 -3.93535316e-01
  -4.09807116e-01 -7.35297501e-02  4.39770401e-01 -1.80731148e-01
   1.15058541e-01 -5.29644191e-02 -4.32684243e-01 -2.06663594e-01
   1.35844111e-01 -1.64752454e-01  1.82646871e-01]
 [ 4.34265193e-03  9.21031535e-02  1.28010169e-01  4.51523252e-02
   4.46480513e-01  3.81546646e-01  2.58991704e-03 -1.22292623e-01
   1.18571699e-01 -9.56515521e-02 -5.78489192e-02 -6.23535179e-02
   4.05476630e-01  2.61899769e-01  7.31742149e-03]
 [ 7.71830603e-02 -1.36612356e-01 -2.38269731e-01  2.99024045e-01
  -3.56230408e-01 -3.04298848e-01 -1.27366826e-01  4.40926105e-02
  -1.08200915e-01 -7.41045773e-02  3.70929897e-01  2.50267476e-01
   2.72020727e-01  1.86083436e-01 -2.54121274e-01]
 [-3.52615714e-02  2.01555461e-01 -8.92612990e-03  2.65050292e-01
   1.94053337e-01 -2.59209387e-02 -7.67483637e-02 -2.52535567e-02
  -2.23108754e-01 -1.92635357e-01  3.22973967e-01 -2.45344818e-01
  -3.89634132e-01  3.37491393e-01 -4.38884288e-01]
 [ 4.89185870e-01 -2.89815396e-01  2.31770471e-01 -1.42188415e-01
   1.76994190e-01  4.31762695e-01 -9.58743989e-02  1.21188603e-01
   3.06545287e-01  3.41341347e-01  9.92512256e-02  3.66621792e-01
  -3.17127496e-01  4.29178178e-01  2.45611534e-01]
 [-3.29039097e-02 -2.57814229e-01  3.28298539e-01 -7.65599757e-02
  -2.23568290e-01  1.79143310e-01 -3.26934189e-01 -7.62837380e-02
   1.42023072e-01  3.89732957e-01  1.62912294e-01 -5.28285205e-02
   4.08239305e-01 -1.01973884e-01 -1.04930073e-01]
 [-3.55561107e-01 -1.77359819e-01 -1.62794277e-01  2.49707356e-01
   3.79056990e-01 -2.13391840e-01 -1.97667927e-01  9.99780074e-02
   1.80677459e-01  2.03272611e-01 -9.89593193e-02  1.00760572e-01
   4.54459578e-01  3.72056775e-02 -1.49569601e-01]
 [-2.78359890e-01  9.71694067e-02 -6.69261292e-02  4.01218802e-01
  -5.10833144e-01  1.28062710e-01  2.62751877e-01 -4.45786817e-03
   7.68126100e-02  4.77448910e-01 -4.61396307e-01 -3.04909557e-01
  -1.43996641e-01 -1.12543739e-05 -2.68323064e-01]
 [-2.73068607e-01 -2.51424730e-01 -3.15560490e-01  2.83177942e-01
   3.93925488e-01  2.94275992e-02  4.41129394e-02  3.18799883e-01
  -3.46668601e-01 -4.99247760e-02  3.59900266e-01  6.92279041e-02
  -4.47037555e-02  1.75522774e-01  2.00759515e-01]
 [ 3.89414251e-01  6.65727928e-02  1.11698136e-02  8.47056806e-01
   1.87322587e-01  3.54464561e-01 -4.07882124e-01  1.76962167e-01
   2.22847790e-01 -7.77224153e-02  1.80360731e-02  3.40477601e-02
   2.00776249e-01  6.17779672e-01  1.67815775e-01]
 [-3.78744483e-01 -3.68254155e-01  2.64273375e-01  1.19175486e-01
   5.08467793e-01 -2.34096065e-01 -7.21085072e-02  5.91057241e-02
   3.76982778e-01  6.49723232e-01  5.31697571e-01  2.80586958e-01
  -4.08527374e-01 -6.73668552e-03  8.88145640e-02]
 [ 1.92740019e-02  1.45795524e-01  8.41795951e-02  4.32277441e-01
  -9.31224525e-02  9.22673754e-03 -4.21549082e-02  1.36691391e-01
   3.31637055e-01  5.21498144e-01 -3.60877514e-01 -1.18866310e-01
  -2.52943784e-01  3.05220664e-01  4.01798755e-01]
 [-8.45204294e-02  3.20938289e-01  2.99874604e-01  2.23852262e-01
   3.54291290e-01  5.29828131e-01  3.03959340e-01  4.65095609e-01
  -2.63275921e-01 -1.12095207e-01  2.98206117e-02  1.88956961e-01
  -4.19218600e-01 -5.80046736e-02 -3.17935318e-01]
 [-4.16541338e-01  2.70104855e-01  1.58036277e-01  8.45931292e-01
   1.11518465e-01 -4.21951488e-02  8.58131144e-03 -1.43114254e-01
  -1.78936236e-02  6.14169598e-01  3.98371965e-02 -3.21159750e-01
   2.13729158e-01 -1.68172404e-01 -1.75624207e-01]
 [ 1.32509306e-01  2.45638862e-01  1.32446855e-01 -1.58907104e+00
   1.02142632e+00 -6.19288981e-01 -3.54982376e-01  8.79823089e-01
  -1.35336861e-01 -1.01279712e+00  1.30016291e+00  6.71728551e-01
  -9.52519998e-02 -1.13765490e+00  2.90162802e-01]]
Peso 2:
[ 0.08581832 -0.11939546 -0.00866449  0.890098   -0.16173245  0.27079678
 -0.09538051 -0.09774532  0.16148709  0.5372079  -0.15090999 -0.01339147
  0.02180788  0.7327483   0.00422179]
Camada: saida
Peso 1:
[[-0.55567664  0.07280092]
 [ 0.3393813   0.00963223]
 [ 0.3225735   0.20248616]
 [-1.5895058   1.5872912 ]
 [ 0.37166172 -1.1482899 ]
 [-0.68254703  0.26623562]
 [-0.25774044 -0.46107978]
 [ 0.73909265 -0.5673262 ]
 [-0.32517207  0.253503  ]
 [-0.5824967   1.225156  ]
 [ 1.1532084  -0.8353057 ]
 [ 0.6356409  -0.6560293 ]
 [ 0.37138745  0.6064211 ]
 [-0.9483356   1.1465192 ]
 [-0.31967956 -0.38515538]]
Peso 2:
[-0.17251058  0.1725111 ]



pesos modelo: 
Test loss: 2.1102, Test accuracy: 0.6444
Camada: meio
Peso 1:
[[ 0.31663305  0.2067703   0.26699477 -0.26430094  0.34263676 -0.19789729
   0.41218555  0.273574    0.12608272 -0.01537988 -0.24850425  0.00388795
   0.09240657  0.09192663 -0.3625086 ]
 [-0.04758764  0.1491507  -0.26070198 -0.04084997  0.14438076 -0.3001848
  -0.26027787  0.27064803  0.00542859 -0.12252601 -0.10682324 -0.25061622
  -0.3133303  -0.0531817   0.30049756]
 [ 0.08173731 -0.48686242 -0.14994994  0.26538408 -0.43988734 -0.03776477
  -0.09781285 -0.08483854  0.28960425 -0.01405768  0.33948877 -0.30860794
  -0.12383849 -0.41912296 -0.13705829]
 [ 0.38203698 -0.11757527  0.07228177  0.00712591 -0.32003462 -0.3391198
  -0.11302111 -0.22244094 -0.07518842  0.05158069 -0.09642524  0.16238992
   0.14365448  0.1784871  -0.05440916]
 [ 0.18267556 -0.15987322  0.32308024  0.3345597  -0.30953413  0.14843234
   0.3220259  -0.06410599 -0.22023433  0.20342761  0.17925562  0.17527655
  -0.17261603  0.3673633   0.11911538]
 [ 0.35250622 -0.07290617 -0.15920463 -0.13380332  0.03289414  0.02414817
   0.21658409  0.48130536  0.09474683 -0.0663374  -0.31418848 -0.06889682
   0.24211477 -0.04882572  0.2892572 ]
 [ 0.52876914 -0.39320812  0.38388178  0.08283976 -0.05342728  0.30404186
  -0.02636957  0.48284778 -0.03545596  0.17969659  0.06007677 -0.292633
   0.32152903 -0.42168465  0.36391205]
 [ 0.54047483  0.25233078 -0.2961874   0.11444961 -0.1138779   0.28006408
  -0.05636606  0.25468013 -0.4729515  -0.19905223 -0.29380396  0.13618554
  -0.46985215  0.1476524  -0.31532457]
 [ 0.15372361  0.3155991  -0.02097174  0.2571667  -0.30982348 -0.39020777
   0.08507393  0.42473543  0.48001477 -0.36620793  0.41938064 -0.13963269
   0.4738548  -0.27364308  0.3936462 ]
 [ 0.8700158  -0.39185745 -0.19516495 -0.1620303  -0.32238817 -0.28489828
   0.06832137  0.06666222  0.00706515 -0.03175251  0.27811724 -0.27522027
  -0.36869723  0.11779568 -0.61188555]
 [-0.16559932  0.17566842  0.45793203  0.03186508 -0.22480886  0.06166844
   0.08896384 -0.03160443  0.05102453 -0.21037053  0.298152    0.06816596
   0.11292542  0.44385535  0.12717813]
 [ 0.54166687  0.06233944 -0.38598284 -0.06367113  0.15438372 -0.03974541
  -0.4357023   0.519903   -0.48593456  0.27270627  0.49613002 -0.09102654
   0.08436508  0.34981337 -0.5421905 ]
 [ 0.27618694  0.29712114 -0.1180699   0.14547321 -0.15677302  0.11487305
   0.34898406  0.13675074  0.41076556 -0.15721518 -0.05844373 -0.3528014
   0.44604662 -0.35291192  0.36412668]
 [ 0.7331332   0.25428602 -0.2298551  -0.47397837  0.03538168 -0.35693184
   0.0899118   0.3372854   0.1439338  -0.20889425  0.47571588 -0.02244612
  -0.302687    0.21412396 -0.45002893]
 [-1.3214065  -0.08425934  1.096761    0.45651406 -0.17936903  0.07880412
   0.12418219 -1.0475758   0.93237615  0.07463628 -0.67655224 -0.3454855
   1.0298725   0.06976909  1.5683063 ]]
Peso 2:
[ 0.98902464  0.02063988  0.07671358 -0.14809461  0.01012826  0.02894456
 -0.03267901  0.68829244 -0.22262011 -0.05157788  0.39114812 -0.09385802
 -0.17655003  0.10095254 -0.44587928]
Camada: saida
Peso 1:
[[-1.3930212   1.4780594 ]
 [-0.2843094   0.2516208 ]
 [ 0.6385217  -0.61429805]
 [ 0.2461657  -0.43173364]
 [-0.3029283   0.54209065]
 [ 0.1057348   0.31401432]
 [ 0.3048896   0.1537008 ]
 [-0.77429676  1.167524  ]
 [ 0.66791666 -0.93614525]
 [-0.3537283  -0.537333  ]
 [-0.6305198   0.59168273]
 [ 0.08572631 -0.52562726]
 [ 0.8571851  -0.91951954]
 [ 0.02427319  0.41816005]
 [ 0.9815017  -1.443579  ]]
Peso 2:
[-0.6195737   0.61957383]



pesos modelo: 
Test loss: 0.9919, Test accuracy: 0.7439
Camada: meio
Peso 1:
[[ 2.44289637e-01  2.04943836e-01  2.12068260e-01 -8.76481533e-02
  -1.13942713e-01  4.05404508e-01 -2.68761873e-01  2.21047401e-01
  -1.62026614e-01  2.88335979e-02 -1.86095715e-01  3.72722626e-01
   3.54516506e-02 -2.35130191e-01  1.68764710e-01]
 [-3.27291310e-01  1.79670542e-01 -5.21803237e-02 -2.94781357e-01
   5.76763004e-02  1.14610568e-01  1.10568300e-01  4.51515585e-01
   2.12185279e-01  1.75735757e-01  7.98613131e-02 -8.38497188e-03
   1.60155386e-01 -3.40643048e-01 -3.40300471e-01]
 [-2.00593859e-01  5.18812090e-02 -4.62512635e-02 -1.18343115e-01
  -4.17593539e-01  8.09473023e-02  3.14805388e-01  2.66364843e-01
  -3.23092975e-02 -1.02516815e-01  1.21168561e-01  2.92153388e-01
  -2.97567070e-01  5.90586402e-02 -2.87916631e-01]
 [-4.08753693e-01  2.33310997e-01 -3.03966671e-01  3.25905412e-01
  -3.66096228e-01 -1.38457036e-02 -2.74554342e-01 -1.29306659e-01
   6.54580712e-01  1.58339918e-01 -1.94045633e-01  8.53883922e-02
  -4.18671399e-01 -8.16954300e-02  3.46994638e-01]
 [ 9.03597549e-02  3.80592227e-01  3.00398350e-01 -9.19429958e-02
  -3.14280391e-01  1.56278148e-01  3.08435321e-01 -7.86659941e-02
   4.78343844e-01  2.95303017e-01  2.41919622e-01  2.88389146e-01
  -3.10256153e-01  1.34316638e-01  7.14258328e-02]
 [-2.92496115e-01 -2.26230860e-01 -2.17315778e-02  3.53939801e-01
  -1.34042930e-03  2.26494431e-01 -4.05911833e-01  1.03461720e-01
   2.39894331e-01  1.03165738e-01 -1.78581908e-01  1.54134408e-01
  -1.48144320e-01 -1.68117613e-01 -2.49508396e-01]
 [-5.96604869e-02  1.43306956e-01  2.28950325e-02  3.71700585e-01
  -2.54669607e-01  4.06087160e-01  3.02081764e-01 -1.78452536e-01
   3.86808068e-01  1.78485200e-01 -3.54439229e-01  3.46607029e-01
   2.54666805e-01 -3.82557124e-01  1.15781054e-01]
 [ 2.01271042e-01 -1.62370697e-01  3.43241304e-01  1.34160280e-01
   2.55153477e-01  1.45505667e-01  1.09924212e-01  3.54361236e-01
   6.82360470e-01 -5.13678014e-01 -5.36957607e-02 -5.01370251e-01
  -5.26231714e-02  1.47337154e-01 -3.84479731e-01]
 [-1.70825198e-01  3.35055858e-01  3.78918320e-01 -1.02609992e-01
  -3.06003600e-01  1.19687296e-01 -3.11178267e-01  1.61548063e-01
   2.34696865e-01  4.91944760e-01  3.62995774e-01  3.31432402e-01
   2.83295006e-01 -3.03948015e-01 -3.23362321e-01]
 [-1.21280923e-01 -3.66306394e-01 -6.93724379e-02 -4.46959585e-01
   3.12556356e-01 -6.61300346e-02 -1.50949880e-01 -3.40799958e-01
   4.27060783e-01 -5.87670982e-01  1.17969155e-01 -3.41355026e-01
  -2.39793092e-01  4.24463540e-01 -7.59765655e-02]
 [-2.67785788e-01 -2.33375564e-01  2.51644164e-01  2.27627054e-01
  -1.30693763e-01  2.11072907e-01  1.28144920e-01  2.06572469e-02
  -2.40829900e-01  1.36084870e-01 -3.18443626e-01  1.71484917e-01
   3.23077291e-01 -3.16734076e-01 -2.96363562e-01]
 [-6.45779446e-02 -6.93468675e-02  3.40667039e-01 -2.70706564e-01
  -2.77419925e-01  3.72471184e-01  6.39583692e-02  2.59343758e-02
   5.34618974e-01 -4.73333508e-01 -2.57097661e-01 -3.71347666e-01
   3.63938540e-01  2.24893793e-01  3.40409607e-01]
 [-2.22657137e-02  1.97824612e-01 -3.85094523e-01  2.98577845e-01
  -2.36942574e-01 -2.13158816e-01  3.30481470e-01  2.69048512e-02
   1.03679344e-01  1.39033869e-01  3.91536891e-01 -2.50396822e-02
   2.26235181e-01 -1.59969226e-01  3.68817477e-03]
 [ 2.19729066e-01 -2.44854972e-01  2.88090348e-01  1.47488728e-01
  -4.18170780e-01  5.78852832e-01 -1.58479437e-02  3.31602067e-01
   3.13460022e-01 -3.19286197e-01  2.14300320e-01 -2.87079275e-01
   2.09934250e-01 -3.27558160e-01 -2.98849881e-01]
 [ 2.04249084e-01  9.66345131e-01 -1.38688773e-01  4.02582049e-01
   1.96734428e-01 -8.45293045e-01 -4.85945046e-02 -4.91414577e-01
  -1.31023371e+00  2.35951614e+00 -1.32324263e-01  1.31230772e-01
  -4.37006094e-02  8.09776783e-03 -2.90377975e-01]]
Peso 2:
[-0.03099794 -0.09037567  0.15348409 -0.14332792  0.00381275  0.6489251
 -0.01379428  0.11858533  1.0556308  -0.32929873  0.06210687 -0.15230185
  0.00181035 -0.00688099 -0.00220489]
Camada: saida
Peso 1:
[[ 0.5138199  -0.35370463]
 [ 0.48073962 -0.75054616]
 [-0.74623764 -0.09296759]
 [ 0.28007114 -0.5457974 ]
 [ 0.14706227  0.30263036]
 [-1.1527842   0.6264387 ]
 [-0.29621682 -0.1243861 ]
 [-0.62313765 -0.08418159]
 [-1.533698    1.4709532 ]
 [ 1.9371859  -1.6108686 ]
 [ 0.10065815  0.4968662 ]
 [ 0.09227533 -0.5214707 ]
 [-0.42921057 -0.28861034]
 [ 0.51579493  0.47723007]
 [-0.1126307  -0.11079834]]
Peso 2:
[-0.5789333  0.5789346]



pesos modelo: 
Test loss: 1.0842, Test accuracy: 0.7196
Camada: meio
Peso 1:
[[ 0.03122902 -0.2620713   0.32606107  0.23981965 -0.10474074 -0.16918898
  -0.02816933 -0.07075858  0.41304243  0.17549121 -0.14892104 -0.30241144
  -0.17622542 -0.2893711   0.2632351 ]
 [-0.04250597 -0.12080033 -0.25132483  0.38992867  0.3568984  -0.16391748
   0.36566833 -0.19148596  0.20017345  0.30826995  0.03481427  0.20745996
  -0.08918464 -0.40681526  0.26718435]
 [-0.03189762  0.3379598   0.32390323 -0.17959084  0.42972144  0.33830184
   0.31571797 -0.07781403  0.3144046   0.02671233  0.07846801  0.09318436
   0.03214985  0.07722673 -0.3210892 ]
 [-0.20131202 -0.2771306  -0.10388365 -0.14744988  0.23319179  0.20764227
   0.02951384  0.27272016  0.02545355  0.1303629  -0.02655929 -0.13524117
  -0.00488733 -0.32843372 -0.06684846]
 [-0.20003653 -0.2411278   0.22484294 -0.38419765  0.08140836  0.07899179
   0.10634536  0.22448884  0.18075712  0.44592175 -0.21402921  0.08790745
   0.24863411 -0.40196562  0.12427852]
 [-0.13692063  0.2712412  -0.17517215  0.34258577  0.22243817  0.0894313
   0.14727454 -0.05260414 -0.10692425  0.379182    0.14651921  0.31831613
  -0.01507515  0.22669236 -0.3270146 ]
 [ 0.28667402  0.12975317  0.17999503  0.02544541  0.38126993  0.1481281
  -0.15842153  0.23372655 -0.31802356 -0.09111437 -0.3656231  -0.01057523
   0.03397666  0.32907677 -0.15629531]
 [-0.14465083 -0.11886161 -0.14898044 -0.06780523  0.6509133   0.07180526
  -0.12442277 -0.53351516 -0.3033644   0.06423991 -0.2710854  -0.259096
   0.35251674 -0.26332426 -0.45485145]
 [-0.18736733  0.30081975  0.10534824  0.17690335 -0.07149544  0.34981158
   0.25286657 -0.01360869  0.22322004  0.11808394  0.09090077  0.18376662
   0.01777692 -0.01722807  0.14274345]
 [ 0.00280889  0.3501077  -0.11941513  0.3032005   0.76975435 -0.21513472
  -0.34565672 -0.45402506 -0.26823014  0.01733352 -0.19915141 -0.3504662
  -0.02386855  0.24835014 -0.24450484]
 [-0.04755594 -0.17610343 -0.09730599 -0.45128727 -0.01931686 -0.40022683
   0.01302936  0.38668168  0.26091143 -0.11923773  0.18869686  0.16659392
   0.45202875 -0.1075487   0.3176895 ]
 [ 0.11673351  0.00989406 -0.02983482 -0.37123084  0.5220019   0.26055282
  -0.44587514  0.05555322 -0.26080212  0.65174633 -0.342589   -0.2308521
  -0.3694141  -0.4318627  -0.15688722]
 [-0.38324428 -0.3703923  -0.3230775   0.38307983 -0.0139265   0.41340297
   0.2364124   0.34169558  0.01030088  0.47887525  0.04169982  0.07904913
  -0.02099533  0.43315554  0.4619591 ]
 [ 0.02031031  0.2647202  -0.01219431 -0.38086894  0.16897243 -0.45438737
  -0.2902799  -0.19641343  0.41373315  0.48294216  0.247246   -0.30322516
  -0.32900882 -0.38825473 -0.32133895]
 [-0.17341748 -0.17866874  0.00194482  0.08097041 -0.84725094  0.6328856
   1.6395907   1.1017454  -0.4332056  -1.2126075  -0.18067136  1.4624199
  -0.49016315  0.09644213  0.51840824]]
Peso 2:
[-0.06170707  0.11663804  0.07144378 -0.00303533  0.89264905 -0.1353815
 -0.28531814 -0.2727934   0.07981405  0.8373944   0.04165167 -0.23863971
  0.06378511 -0.00203176 -0.03384104]
Camada: saida
Peso 1:
[[ 0.51652956 -0.03437481]
 [-0.06664811  0.3392752 ]
 [-0.37505984 -0.03373763]
 [ 0.10936724  0.17889796]
 [-1.3745887   1.0004419 ]
 [ 0.6302669  -0.17593203]
 [ 1.2779356  -1.2742575 ]
 [ 0.7699188  -0.9485405 ]
 [-0.5722922  -0.1087383 ]
 [-1.2611381   1.0803846 ]
 [-0.28046593  0.47537398]
 [ 1.1785303  -1.2012048 ]
 [-0.70120275 -0.21952225]
 [-0.32448778 -0.3589153 ]
 [ 0.5630498  -0.08538064]]
Peso 2:
[-0.6746652  0.674667 ]



pesos modelo: 
Test loss: 1.0445, Test accuracy: 0.7281
Camada: meio
Peso 1:
[[-2.37023935e-01 -1.51576072e-01 -1.88576281e-02 -1.20652229e-01
   2.91564465e-01  1.01378977e-01  1.24632001e-01  8.83554816e-02
  -2.61372596e-01 -1.90385312e-01 -3.47961873e-01  2.59906173e-01
  -6.08535409e-02 -1.10676289e-01 -9.43332613e-02]
 [-2.43551314e-01  3.32491338e-01  3.54258835e-01  4.06624258e-01
   1.06753804e-01  2.98802823e-01  3.75746220e-01  2.66855747e-01
  -6.94361627e-02 -2.45530054e-01  2.09181488e-01 -2.42967725e-01
   5.41560687e-02  2.45608494e-01  2.78074443e-01]
 [ 7.19572976e-02 -3.20861846e-01 -2.89256483e-01  1.26460895e-01
  -1.93008542e-01 -2.71376017e-02  4.20691073e-01  3.69806319e-01
  -2.81286836e-02  3.40789407e-01  2.54646778e-01  1.64091900e-01
   2.13244870e-01 -1.23890541e-01  3.69788349e-01]
 [ 2.44985402e-01 -9.57432464e-02  1.28506705e-01 -1.98133141e-01
   1.49059042e-01  2.97315896e-01  4.04970139e-01 -1.50391206e-01
   1.70389578e-01 -4.22233641e-02  2.09065378e-01  2.16269627e-01
   2.05200553e-01  2.24566936e-01  7.49439523e-02]
 [-4.37976092e-01  9.80401039e-02 -1.12694567e-02  1.22874022e-01
  -2.62154192e-01 -1.55510455e-01 -6.46782443e-02 -2.82780111e-01
   1.62998527e-01  1.94868982e-01  3.17334741e-01  2.13481888e-01
  -1.70799494e-01  2.28417099e-01 -6.15160838e-02]
 [ 1.88777409e-02  3.55087630e-02 -1.36454687e-01 -6.18625619e-02
  -3.14857602e-01  2.22739339e-01  8.86908919e-02  1.25343427e-01
   1.86762303e-01  7.73093030e-02 -2.15737626e-01  3.86379540e-01
  -2.97179669e-01  4.85135198e-01 -2.21962094e-01]
 [-4.09139693e-01 -3.57359737e-01 -7.02803880e-02  6.90019205e-02
   1.82809412e-01  3.60723548e-02  3.37788641e-01  2.85856009e-01
   1.11667775e-01  2.86645114e-01  3.69988889e-01 -2.41378799e-01
  -7.64588490e-02  3.71601701e-01 -4.04689610e-01]
 [-5.63445278e-02 -3.70635152e-01 -4.01990086e-01  4.41992462e-01
  -1.75204650e-01 -5.54939866e-01  3.48159254e-01  3.01624328e-01
  -2.52064407e-01  3.40448558e-01 -5.55695713e-01 -1.59949839e-01
  -2.15404928e-01  6.66296303e-01 -1.28561571e-01]
 [-2.06141636e-01  3.43718946e-01 -2.28037640e-01  7.84062445e-02
  -4.33256686e-01  8.93265307e-02  5.90294264e-02 -9.97326598e-02
  -4.19547439e-01 -4.17725034e-02  2.87489951e-01 -2.40758583e-01
  -1.37027696e-01 -2.26657256e-01 -4.85367566e-01]
 [-1.96079656e-01  2.62353867e-01 -2.81309038e-01  1.81940988e-01
  -2.03502595e-01 -7.60807889e-03  4.83790487e-01 -1.03098296e-01
  -2.55474031e-01 -8.51481780e-02 -5.35408616e-01 -4.66489047e-01
   1.96142290e-02  5.99356294e-01 -9.47686210e-02]
 [-4.34957951e-01  3.76548439e-01  3.33136730e-02  9.81868505e-02
   5.87826110e-02  3.56037229e-01  2.42294043e-01 -1.27513264e-03
  -3.45898688e-01 -1.23131312e-01  1.70953814e-02 -2.71695822e-01
   3.79924327e-01 -4.30787534e-01 -2.21309826e-01]
 [-3.88852417e-01  6.66983351e-02 -8.73529688e-02 -4.78193723e-03
  -3.17108750e-01 -3.75369340e-01  1.84916928e-01 -2.73505360e-01
  -5.39448895e-02  3.08116619e-02 -1.36878505e-01 -1.77731439e-01
   3.84921938e-01  5.88128328e-01 -2.49054715e-01]
 [-3.87832224e-01 -4.95854728e-02  9.86757204e-02  3.43850732e-01
  -3.34552616e-01  4.07115996e-01  6.48967251e-02  2.74658263e-01
  -8.15534070e-02  2.85244316e-01  4.19088840e-01  2.41023198e-01
   2.98082173e-01  2.24599957e-01  3.25399861e-02]
 [ 3.41676146e-01 -3.44160736e-01  1.08888485e-01  3.93992245e-01
   3.65087479e-01 -3.78226578e-01  5.43248594e-01  2.98641980e-01
   1.89454388e-02 -3.86187404e-01 -5.81271529e-01 -1.50542453e-01
   4.23369616e-01  3.79969478e-01  3.44410837e-02]
 [-4.12886202e-01 -3.31464887e-01  5.74076362e-03 -3.23209047e-01
   6.11912012e-02  1.93197608e+00 -1.58581901e+00  9.72950041e-01
   3.19547623e-01 -5.10400236e-01  1.12031865e+00 -9.48559567e-02
  -4.72805679e-01 -6.33273005e-01  2.09601521e-01]]
Peso 2:
[-0.01515909  0.06835076 -0.03916412  0.1368389  -0.03707922 -0.30817237
  0.9426752   0.00324704  0.00781684  0.14305891 -0.29783744 -0.09075757
  0.2727834   0.7768665   0.02532349]
Camada: saida
Peso 1:
[[ 0.30894366 -0.30839866]
 [-0.63988674 -0.10228766]
 [-0.54184836 -0.24783283]
 [ 0.0772972   0.73798835]
 [-0.02208938 -0.47392955]
 [ 1.667165   -1.199476  ]
 [-1.1328995   1.76012   ]
 [ 0.8896096  -0.23981813]
 [-0.61588293 -0.44744828]
 [-0.5998275  -0.07017714]
 [ 1.1094702  -0.93101954]
 [ 0.27434495 -0.05174035]
 [-0.4921127   0.5314226 ]
 [-0.7452255   1.273301  ]
 [-0.6077038  -0.05068703]]
Peso 2:
[-0.4170236  0.4170267]



pesos modelo: 
Test loss: 0.8283, Test accuracy: 0.7723
Camada: meio
Peso 1:
[[ 0.38382733 -0.4221726   0.21261793  0.38520855  0.1637165  -0.25293192
   0.1715942   0.05780399 -0.00896227 -0.05580041  0.3820179  -0.32050246
  -0.05191419  0.12977773 -0.26888162]
 [ 0.21065602 -0.1944817  -0.27306512  0.3517616   0.4343182  -0.37795684
  -0.1260948   0.14183831 -0.31460768  0.2468544  -0.2636408  -0.06199464
  -0.05986231 -0.10551073 -0.26379663]
 [-0.2352375  -0.25331295  0.46910152  0.29972455 -0.07860701 -0.26626357
  -0.2513485  -0.19029066  0.25731382  0.2591783   0.4358914   0.26867995
   0.2860673  -0.07051014  0.35747623]
 [ 0.34396037  0.17285216 -0.00720668  0.31219494  0.4101991   0.28138167
   0.08567432  0.34561795  0.14146626 -0.4422825  -0.4410549   0.39467895
   0.0892394  -0.10733445 -0.00708656]
 [ 0.10789251 -0.29443833 -0.0863359   0.10274352  0.3912164   0.39852476
   0.11527295 -0.12029151 -0.0313595  -0.45375842 -0.22048366 -0.1779639
   0.08556602 -0.35562593  0.30235565]
 [ 0.03535001  0.12324224 -0.18294081 -0.14894386  0.15147442 -0.3987075
  -0.13475749 -0.1771605  -0.28603172  0.09736762 -0.23427562 -0.17367244
   0.26624075 -0.25763172  0.1723188 ]
 [-0.13737118  0.39787838  0.35018018  0.13052405 -0.13528964 -0.41196474
  -0.09632017 -0.10701119  0.12937129  0.05731727 -0.44335082  0.04510606
   0.25728434 -0.20819232  0.3479998 ]
 [ 0.4772218  -0.22947642 -0.034419    0.41425374 -0.02065114  0.02323046
   0.2819617  -0.33765557 -0.28243485 -0.07716715  0.02604843 -0.39654383
   0.03900064 -0.40642664  0.5536201 ]
 [-0.18004085 -0.23318933  0.289186    0.13153747  0.57367903  0.15648276
   0.11576661 -0.16799703  0.01051614  0.10913589  0.33888003 -0.20970674
  -0.01810915 -0.11796023  0.4481369 ]
 [ 0.25855958  0.22105101 -0.4660369   0.5089725  -0.4155442   0.03038756
  -0.37046614 -0.32904792 -0.00676104 -0.28705597 -0.40003946  0.2805385
   0.37677345 -0.2084594   0.07487708]
 [ 0.50849277  0.30467808  0.6290895  -0.30168164  0.3146142   0.05280994
   0.5257247   0.36904737  0.53551567  0.32325363 -0.39454234 -0.29366022
   0.19797845  0.29171562  0.3623506 ]
 [ 0.17391898  0.2206556   0.28116214  0.672054   -0.5074692   0.13640909
  -0.14660302 -0.24997085 -0.17417994 -0.17273673 -0.3227881   0.06172932
   0.17937568  0.3571281   0.51715666]
 [ 0.14505903 -0.1364514   0.22164318  0.449066    0.5238553   0.17737193
   0.16928609 -0.25121048  0.29402816 -0.15533963 -0.25393215  0.12782061
   0.17303483 -0.22110336 -0.34912404]
 [ 0.57953614  0.10777426  0.15816164  0.56593764  0.01977922 -0.20142198
  -0.01121849 -0.2986655  -0.08951543  0.03024431  0.2544351   0.25985378
   0.22820956 -0.11699069  0.49735868]
 [-1.083843    0.06195718  1.3814694  -1.201839    1.1391565   0.11798877
  -0.60071886 -0.05686794  0.7156181  -0.18509784  0.3675649  -0.00433519
  -0.9854345   0.40678114 -1.1852719 ]]
Peso 2:
[ 0.7139727  -0.00747443 -0.09348404  0.6588901  -0.3016553  -0.00991517
  0.19921568 -0.04463456  0.02677802  0.01548686  0.01310574  0.08035822
  0.3597487  -0.00613398  0.5709245 ]
Camada: saida
Peso 1:
[[-1.0335995   1.082077  ]
 [ 0.4587521   0.3982649 ]
 [ 1.1455003  -0.90568304]
 [-1.2402025   1.2647161 ]
 [ 1.039274   -1.1711124 ]
 [-0.45494714 -0.43342352]
 [-0.80746114  0.08822972]
 [ 0.06446027  0.5134014 ]
 [ 0.32921726 -0.6808958 ]
 [-0.42809138  0.40762937]
 [-0.2814033   0.15483226]
 [-0.28726235  0.29831183]
 [-0.70148385  0.8379722 ]
 [ 0.3804372   0.4347519 ]
 [-1.0677009   1.1574026 ]]
Peso 2:
[-0.21469103  0.21468991]
