


pesos modelo: 
Test loss: 0.0869, Test accuracy: 0.9517
Camada: meio
Peso 1:
[[-3.08573246e-04 -1.24619395e-01  2.76965618e-01  9.72424746e-02
   3.13432515e-01 -8.54961574e-02  4.09567535e-01  4.13137078e-01
  -1.20166242e-01  1.76590741e-01 -4.06586409e-01  2.38142073e-01
  -2.73490191e-01 -4.09012973e-01  2.16578364e-01]
 [-8.99200886e-02  3.48924667e-01  3.83164048e-01 -3.99086252e-02
   1.34625629e-01  3.33095998e-01 -4.54778038e-02  1.39633128e-02
   1.39150575e-01 -3.23809028e-01 -1.87699825e-01  1.86984569e-01
   1.35518178e-01  1.46494597e-01  1.14743903e-01]
 [-6.39559031e-02  2.64534894e-02  1.00619555e-01  1.32482499e-01
   1.54260978e-01  2.56563485e-01  3.77893478e-01 -2.57237822e-01
   1.96166441e-01  1.85668260e-01  2.39093333e-01 -3.74307856e-02
   3.08996379e-01  4.03310776e-01  3.90333056e-01]
 [ 3.30991298e-01  4.35746431e-01  3.88708323e-01  4.65512238e-02
  -1.26328304e-01  3.87703508e-01  2.29929641e-01 -4.24168259e-01
   2.86707491e-01  5.29101677e-02 -4.71279234e-01 -3.83299172e-01
   3.06460202e-01 -4.69225794e-02  2.76571423e-01]
 [ 1.08545713e-01  2.55302012e-01  5.13246506e-02 -1.86937153e-01
   3.99321824e-01  3.93201821e-02  3.62086415e-01  1.42824695e-01
  -1.28241017e-01 -4.25698131e-01  6.09216951e-02 -2.71455109e-01
  -9.66920406e-02  3.29681486e-01  2.95065671e-01]
 [ 7.17327073e-02  2.61870980e-01 -4.50192153e-01  1.76130936e-01
   2.17940122e-01 -3.00145805e-01  2.22020835e-01 -4.18891907e-01
   1.19177721e-01  3.71377617e-01 -2.59846061e-01 -3.97426009e-01
   4.26571339e-01 -8.67411643e-02  1.89320780e-02]
 [ 1.41767398e-01 -4.51339900e-01  3.80199194e-01  2.17383817e-01
   3.48273665e-02  3.08835775e-01  2.21735239e-02 -2.30534777e-01
   4.86742318e-01  3.09500813e-01  7.59419277e-02 -1.37819931e-01
   3.79202813e-01  4.40247238e-01 -3.03755663e-02]
 [-1.32769823e-01 -4.42787200e-01 -1.58442810e-01 -8.45658407e-02
  -3.60113353e-01 -1.50235817e-01 -3.61972116e-03  4.44302142e-01
   3.25134814e-01 -4.25682902e-01 -2.21957147e-01  1.26017287e-01
   3.03168595e-01 -4.31946367e-01  3.21847707e-01]
 [-4.18175710e-03  2.05497280e-01  5.95033690e-02  3.00466597e-01
   3.32884610e-01 -4.31649797e-02  6.20583892e-01  2.10969895e-01
  -8.92486423e-02  4.31576511e-03  2.31559962e-01 -4.40526664e-01
  -1.80022478e-01 -9.67750773e-02  1.01865552e-01]
 [ 2.98228532e-01 -4.34064567e-01  1.01083852e-01 -6.12302050e-02
  -2.10691258e-01  3.34646553e-01  1.82368800e-01  4.50648218e-01
  -2.97690153e-01  1.07064374e-01  1.87690705e-02 -4.96919416e-02
   1.66809544e-01  3.42243999e-01  1.80990785e-01]
 [ 3.43624115e-01 -2.45173946e-01 -2.31963366e-01  1.13125600e-01
  -2.84163475e-01  3.23116593e-02 -6.29058406e-02  3.30976993e-01
   9.63806883e-02  9.17275995e-02 -1.54946029e-01 -2.09597513e-01
   2.89838731e-01 -3.27212900e-01 -1.75564855e-01]
 [-3.53293151e-01  2.17292503e-01 -3.99458289e-01 -7.18348622e-02
  -2.88006365e-01  5.38988471e-01  4.97663468e-01 -1.21815912e-01
  -2.25682333e-02  1.66096762e-01  1.74498577e-02 -3.10753728e-03
   1.22053690e-01 -1.49480402e-02 -5.09744644e-01]
 [ 1.75043702e-01 -2.80357480e-01 -4.44620728e-01  4.08356905e-01
  -2.88710237e-01  1.99372977e-01  3.32150757e-01  4.35779124e-01
  -1.65901378e-01 -2.71926194e-01 -2.44949892e-01  3.26023251e-01
  -4.15988686e-03  3.77206594e-01  2.91906774e-01]
 [-4.75260794e-01  2.97649652e-01 -1.75054356e-01 -2.53168523e-01
  -2.45738998e-01  1.10035390e-01  4.00929809e-01  1.76279351e-01
   3.55850995e-01  2.96618611e-01  1.47788733e-01 -2.56322443e-01
   5.91781735e-01 -2.84784108e-01 -4.84611034e-01]
 [ 6.41049445e-01 -3.23967010e-01  8.06217715e-02  1.98666072e+00
  -2.91002333e-01 -3.88707489e-01 -1.57406569e+00 -2.74729699e-01
  -6.05877459e-01  5.88242561e-02 -4.31817651e-01 -3.31769347e-01
  -9.59565103e-01  2.29329541e-01  1.80888128e+00]]
Peso 2:
[-0.12258007 -0.00093334 -0.02372833 -0.17816433 -0.04871422  0.20199704
  0.9316106   0.15589456  0.35380676  0.04979058 -0.19457412 -0.095954
  0.53600055 -0.05101009 -0.33995166]
Camada: saida
Peso 1:
[[ 0.56519395 -0.5170087 ]
 [-0.25254014 -0.03123213]
 [-0.2916166  -0.01130034]
 [ 1.401568   -1.3806778 ]
 [-0.4534544  -0.46023637]
 [-0.32339737  0.5448756 ]
 [-1.363798    1.5095382 ]
 [-0.613318    0.09929448]
 [-0.48496434  0.41540083]
 [-0.03326973  0.34622666]
 [ 0.21751797 -0.41938818]
 [ 0.44032264  0.0310745 ]
 [-0.8469977   0.98509234]
 [ 0.48911098  0.18987301]
 [ 1.1847508  -1.4503213 ]]
Peso 2:
[-0.4571401  0.4571445]



pesos modelo: 
Test loss: 0.0673, Test accuracy: 0.9690
Camada: meio
Peso 1:
[[-4.14783895e-01  5.02391160e-02  5.88716865e-02  4.16372359e-01
   2.52662480e-01 -2.68262446e-01  2.99042344e-01  3.38962138e-01
  -3.32112640e-01 -1.19219303e-01 -2.16435149e-01  1.55726969e-01
  -2.35657543e-01 -1.60399437e-01  3.93240154e-02]
 [ 2.11405396e-01  2.51161337e-01  4.72217858e-01 -3.32298636e-01
   6.01081774e-02 -3.69428933e-01  4.70856845e-01 -1.74299031e-01
  -2.27872238e-01  5.99344000e-02 -2.26033136e-01 -4.26589221e-01
   2.13310376e-01 -1.16862036e-01  1.42544657e-01]
 [-3.65735114e-01  1.06923133e-01 -5.10470988e-03  8.05786550e-02
  -1.94873288e-01 -3.10736328e-01 -6.05675429e-02 -1.46334767e-01
   2.23665327e-01  1.97876766e-01  2.85933197e-01 -4.70272377e-02
   3.92448425e-01  3.90084714e-01 -2.46253297e-01]
 [-3.07686418e-01  2.29940191e-01  1.34464979e-01 -3.13287199e-01
   7.61963129e-02 -6.72575980e-02 -2.19966799e-01 -4.08590108e-01
  -2.23620966e-01  6.87058643e-02  3.26363355e-01 -3.86319280e-01
  -1.88859254e-02 -2.05803186e-01  5.16938806e-01]
 [-2.61474162e-01  2.66768605e-01 -3.04638952e-01  4.69694197e-01
   3.46499771e-01 -3.83974999e-01  1.40476644e-01 -8.84086788e-02
   3.05682182e-01  3.13285798e-01  3.87343854e-01  2.20981032e-01
  -2.14745015e-01  1.63907260e-01  1.31942570e-01]
 [-4.41778302e-01  1.69145558e-02  2.43409663e-01  5.09527683e-01
   1.99383348e-01  4.10585880e-01 -5.21044768e-02 -3.36528569e-01
  -1.57228276e-01  3.49140733e-01  2.72723258e-01  2.24409595e-01
  -6.08381629e-02  2.01790854e-01  4.44766134e-01]
 [-1.61645994e-01  1.19953074e-01  7.69217983e-02  2.18787178e-01
   3.73286307e-01  1.48566291e-01 -2.13009670e-01 -2.19531193e-01
  -3.46786350e-01  3.08764637e-01  1.14655130e-01  1.17421739e-01
  -2.73723334e-01  2.89387703e-01  2.13844255e-01]
 [-1.25476733e-01  2.61485845e-01 -8.13294277e-02  9.85365361e-02
  -5.04180614e-04 -3.12783152e-01  2.89565861e-01 -4.35618237e-02
  -3.67117226e-01  2.01365635e-01  1.26247272e-01 -1.14657216e-01
   3.42752874e-01  1.99853361e-01 -2.19674245e-01]
 [-1.20071329e-01  2.16706783e-01 -3.79051492e-02 -1.53964818e-01
  -7.45797763e-04  1.92733899e-01 -2.59926300e-02 -3.06497931e-01
   3.19850951e-01  3.33629474e-02 -8.99789035e-02  2.81464234e-02
   2.35987529e-02 -4.91957506e-03  1.43733785e-01]
 [ 1.49792448e-01  1.93482533e-01 -2.33558193e-01  4.17518854e-01
   1.07301474e-02 -3.89922947e-01 -1.48846701e-01 -3.73917341e-01
   5.11610396e-02  1.10167384e-01 -8.90648887e-02 -3.09921414e-01
   4.40105975e-01  1.06336050e-01 -2.81252488e-02]
 [ 1.54819340e-01  1.54060349e-01  4.49478149e-01 -2.87631273e-01
  -4.74485755e-02 -2.15173542e-01  4.98927414e-01  1.21986061e-01
   1.92726940e-01  2.65095383e-01 -3.84287387e-01  4.93049681e-01
  -1.85915321e-01  2.21311167e-01  3.21390182e-01]
 [-4.21084821e-01  6.36873364e-01 -2.03658734e-02  9.17620808e-02
  -3.02488714e-01 -2.10768104e-01 -7.36425593e-02 -2.97219396e-01
  -3.74295622e-01  7.23510504e-01 -3.04369330e-01  3.32079828e-01
  -3.65047663e-01  6.46026358e-02  9.93233696e-02]
 [ 4.17603366e-03  2.07361951e-01  4.35365468e-01 -1.54191300e-01
   2.50348389e-01  1.75607875e-02  8.08240548e-02 -1.77563995e-01
  -3.96951616e-01 -6.49478287e-02  5.05424976e-01  1.64718702e-01
   1.81500405e-01  5.82219779e-01  9.01243687e-02]
 [-2.34506264e-01  7.85154700e-01  3.71932417e-01  5.55168986e-01
  -8.64094421e-02  3.61041605e-01 -2.52729654e-01 -3.95992160e-01
  -3.25725347e-01  2.88525701e-01 -1.06097750e-01 -1.15474284e-01
  -7.16126487e-02  3.45516503e-02  3.89140211e-02]
 [-2.91384161e-01 -1.79670978e+00 -9.74736512e-01 -5.64182043e-01
   9.33104038e-01 -4.33532238e-01  1.10244429e+00 -1.74524128e-01
   1.03717864e-01 -1.44289017e+00  5.57425134e-02 -2.63830632e-01
   5.70833325e-01  1.28139329e+00  1.03901815e+00]]
Peso 2:
[-7.76169647e-04  8.93023074e-01  5.34851313e-01  3.79505336e-01
 -4.55472618e-02  3.32746506e-02  1.45350426e-01  1.34667160e-03
 -3.02322372e-03  8.34589541e-01 -1.18919667e-02  1.10434614e-01
  1.90283526e-02 -1.72305837e-01 -8.35554581e-03]
Camada: saida
Peso 1:
[[-0.48731297 -0.48524225]
 [-1.9001939   1.1652302 ]
 [-0.5946845   1.0131379 ]
 [-0.10199655  0.87529784]
 [ 0.28204644 -1.091994  ]
 [ 0.3365819   0.52968955]
 [ 0.8618386  -0.66982913]
 [ 0.09892263  0.33763832]
 [ 0.2509382   0.43759418]
 [-1.5134982   1.0893441 ]
 [ 0.35216218 -0.00556731]
 [-0.631666   -0.14456181]
 [ 0.59629846 -0.14053752]
 [ 0.97777975 -0.8142719 ]
 [ 0.82171273 -0.67715317]]
Peso 2:
[-0.09491988  0.09492142]



pesos modelo: 
Test loss: 0.0822, Test accuracy: 0.9566
Camada: meio
Peso 1:
[[ 0.3193509   0.01436439  0.00568625 -0.05567417 -0.2545399   0.30544424
   0.09505713 -0.13589093  0.10251933  0.39659178 -0.34056246 -0.16939467
   0.40816438 -0.31095088  0.18310606]
 [ 0.30982405  0.10431944  0.27129886  0.00448699 -0.03079342  0.2514297
   0.12667787 -0.2678437  -0.27991244 -0.10089616  0.23301972  0.30446082
   0.2219606   0.05338532 -0.10778664]
 [-0.23027243 -0.3360631   0.06351703  0.321781    0.18509714 -0.11395054
  -0.1344703   0.45596394  0.22743967  0.1386256   0.31281623  0.06417396
  -0.35816607  0.16354527 -0.02055872]
 [ 0.02912707 -0.1863247   0.39017096  0.26912063 -0.26402262  0.18726361
  -0.11358002  0.34440416 -0.3474386   0.03986481  0.01452713 -0.03269294
   0.08437841  0.23394677 -0.28428188]
 [-0.31182855  0.02839042 -0.02347616 -0.02761244 -0.07798617  0.0842197
   0.33612758  0.221699   -0.15639041  0.44411042 -0.31454706  0.2374288
   0.27434668  0.2759143   0.13317432]
 [ 0.13347977  0.4226681  -0.11000237 -0.0225321  -0.23456934  0.19956166
  -0.1369736  -0.11140706  0.33285615  0.48368523 -0.00504088  0.4218436
  -0.30363125  0.47905672  0.04722148]
 [ 0.2022175   0.16315517  0.35192317  0.3264135  -0.10441775 -0.20616177
   0.09700872  0.09914794  0.31940678  0.21483165  0.35029638  0.10615958
  -0.31889603 -0.06218078 -0.23069036]
 [-0.26570886  0.219248   -0.11276598 -0.03152119 -0.12880503  0.42754346
   0.04826557  0.13883597  0.28362045 -0.07328279  0.4289923   0.31042635
  -0.22717588  0.30144167  0.17138799]
 [ 0.405198   -0.27253044  0.33147338  0.19438235 -0.1975885   0.03498954
   0.552355    0.22060008  0.14830296  0.10896646 -0.18423997 -0.06659581
   0.02159485 -0.20810446 -0.1372048 ]
 [-0.08086626 -0.3430578   0.4511223   0.5029025  -0.17558989  0.18287517
  -0.19522138  0.467787   -0.25400585 -0.27415335 -0.1014901   0.23122668
  -0.39208248  0.13425225 -0.39584747]
 [ 0.41182575  0.1706737   0.29000017  0.06781283  0.22990872 -0.17992812
   0.0191372  -0.00441648  0.2045115   0.2675106   0.40633184  0.20355403
  -0.42918092  0.2904329  -0.15334575]
 [-0.1688496   0.01614518  0.06608715 -0.22095905 -0.0539363   0.38763788
  -0.47911686  0.7706124   0.00299476  0.3788949   0.5066708  -0.07417491
   0.09265143  0.03651941 -0.29601833]
 [-0.30882105 -0.13496663 -0.33313593  0.05029817 -0.1242103   0.431405
   0.38997358 -0.02447993 -0.30651957  0.07538513  0.335723    0.02600789
  -0.19915207  0.26753977 -0.3977297 ]
 [ 0.02775682  0.0772284   0.27905557  0.05960898  0.34133944  0.40528113
  -0.43183142  0.24533997 -0.34307918  0.52020264 -0.09134061  0.717716
   0.339412   -0.3094299   0.3331865 ]
 [-0.17616935  0.326853   -0.88921803  1.6249032  -0.34656873 -0.84876055
   0.72134405 -1.1681793  -0.10800724 -1.0513809  -0.39733803 -1.1892892
  -0.4021969   1.8072207  -0.22257105]]
Peso 2:
[ 0.00158264  0.00617676  0.50418013 -0.16574627 -0.14171615  0.27112782
  0.05342385  0.77293175  0.01012873  0.700505    0.08305018  0.5459645
  0.04348391 -0.23839131 -0.07405211]
Camada: saida
Peso 1:
[[-0.55828613  0.02039955]
 [ 0.2825479  -0.15260914]
 [-0.87246865  0.6960373 ]
 [ 1.5554367  -0.74814117]
 [ 0.04955824 -0.27677372]
 [-0.32015914  0.924788  ]
 [ 0.42432293 -0.77679545]
 [-1.3341457   0.7979173 ]
 [-0.03957761  0.10792905]
 [-0.66382045  1.1578792 ]
 [-0.48452926  0.18256707]
 [-0.96944106  0.99588144]
 [-0.06361344  0.3589719 ]
 [ 0.7577907  -1.7473807 ]
 [ 0.3794143  -0.34156957]]
Peso 2:
[-0.1256888  0.1256887]



pesos modelo: 
Test loss: 0.0777, Test accuracy: 0.9598
Camada: meio
Peso 1:
[[-0.02993768  0.16824245  0.03244504 -0.01529297 -0.37521914  0.21836644
   0.05534834 -0.43393272 -0.28353408 -0.070178    0.20618165  0.11592817
   0.18798006 -0.24022575 -0.05550846]
 [-0.07705454  0.07847525 -0.2577062   0.1111232   0.21678974  0.3319235
   0.3330211  -0.3478117  -0.29626113 -0.09488732  0.32538727 -0.09207717
  -0.02494752  0.21595903  0.05336827]
 [-0.02539189 -0.00351745  0.24650411  0.35062614 -0.41915432  0.379713
  -0.06439368  0.0303609   0.24009116 -0.02657352 -0.09074289 -0.02135032
  -0.39872965  0.5839544   0.2689292 ]
 [-0.0812789   0.4524453   0.34641004 -0.04898338 -0.28013843  0.33974838
   0.36482435 -0.16818321 -0.07728043  0.15403613  0.17405306  0.10757288
   0.01768535  0.30734438  0.07102547]
 [ 0.05504283  0.2762689  -0.14729132 -0.02746619  0.3792213  -0.05660986
   0.27840224 -0.360089    0.09896026 -0.44392943  0.1037064  -0.01602598
   0.2752244   0.4161911   0.24052344]
 [ 0.08659343 -0.09187414  0.25760463 -0.2141549  -0.25256345 -0.12126861
  -0.2881785   0.11137233 -0.40683362 -0.22330534  0.08216923 -0.23811153
   0.38638318  0.4586811   0.2907093 ]
 [-0.38913062  0.39262596  0.07586418  0.45643574  0.3841482   0.08129417
  -0.12569074  0.10489322 -0.38537997 -0.36086485 -0.03876011 -0.3234319
  -0.26209518 -0.11093363 -0.09477388]
 [-0.24803199  0.2231872  -0.19728199  0.39825946  0.18605366  0.3637492
  -0.12324951 -0.46266788 -0.22681433  0.06293092  0.3490892  -0.01783171
   0.40325645  0.43007433  0.39198565]
 [-0.0715163   0.4129903  -0.35457492 -0.05884046 -0.06814597 -0.01843451
   0.18676095 -0.44213206 -0.29818287 -0.11151318 -0.10262827 -0.08947766
   0.13510956  0.35220146  0.11011368]
 [ 0.34730855 -0.3087395  -0.26098704 -0.21222807 -0.04342246  0.16215178
  -0.14975089  0.14687042 -0.02442268 -0.35626817  0.48299533  0.00735169
   0.41460136  0.07996808  0.08064015]
 [ 0.05237775 -0.07191087  0.28461236  0.2774601  -0.4518632   0.21767549
   0.2585824   0.14121185 -0.25118846  0.08204774  0.41052952  0.05318156
  -0.13749689 -0.00803048  0.03931747]
 [ 0.08089256 -0.04089765 -0.36919224  0.3417615  -0.00640109 -0.06308562
  -0.09556779 -0.09747414  0.11972734 -0.18754864  0.7493447  -0.22319871
  -0.15573084  0.09285412 -0.44020522]
 [ 0.22913322 -0.19144402  0.1706004  -0.35116148  0.21345975 -0.15645035
   0.3230571   0.03229601  0.12665409  0.3510619   0.19385487  0.24384652
   0.36250854 -0.11298918  0.13699326]
 [ 0.501752    0.5731524  -0.22874308 -0.19894671  0.07819606 -0.49655426
  -0.2543092   0.2616718  -0.03121654 -0.06471104  0.6424531   0.39243725
   0.17142777  0.42639297 -0.21329167]
 [-0.17052168 -0.5652347   0.39304414 -0.3716786  -0.00785163  1.1948429
   0.9972861  -0.19677728 -0.11333697  0.18747404 -1.3067806  -0.22154799
   0.44311532 -1.4574105   2.1653109 ]]
Peso 2:
[ 0.26557565  0.39494073  0.00523796  0.31816703 -0.11823139 -0.10411575
 -0.05676945 -0.13649647  0.02071393 -0.02774952  0.7546554  -0.07547186
 -0.07167939  0.8340267  -0.2539911 ]
Camada: saida
Peso 1:
[[-0.17846029  0.5993818 ]
 [-0.90623975  0.31232744]
 [ 0.40586993  0.09557623]
 [-0.4352452   0.6667365 ]
 [ 0.13864958 -0.3184855 ]
 [ 0.6235237  -1.0060418 ]
 [ 0.40618896 -0.8566471 ]
 [ 0.13407221 -0.30215132]
 [-0.59693444 -0.39364076]
 [-0.25430155  0.09551016]
 [-1.19831     1.2613921 ]
 [-0.27602035 -0.32564053]
 [ 0.02680526 -0.6233739 ]
 [-1.3706796   1.2223691 ]
 [ 1.5556705  -1.5843571 ]]
Peso 2:
[-0.33317387  0.3331762 ]



pesos modelo: 
Test loss: 0.0352, Test accuracy: 0.9859
Camada: meio
Peso 1:
[[ 4.19491470e-01  3.05860519e-01 -2.20203891e-01  3.85267735e-02
   4.26626205e-01  9.84675288e-02 -1.31505489e-01 -4.37990278e-01
   2.26621926e-02 -3.76278549e-01  5.96441031e-02  3.41463327e-01
   4.46779191e-01  1.44055367e-01  1.40372455e-01]
 [-2.61242986e-01 -3.05895269e-01 -2.93631166e-01 -2.65297651e-01
   1.97972596e-01  1.46055415e-01  2.94934869e-01  4.99475390e-01
  -4.37247008e-01  4.39748734e-01 -8.33807960e-02 -1.76290154e-01
  -2.32185628e-02 -1.84597909e-01  4.39975530e-01]
 [ 6.02166802e-02  2.72493243e-01 -2.34687582e-01  1.35221526e-01
   9.38272197e-03 -7.35423155e-03  3.25525284e-01 -1.86213478e-01
  -3.99591684e-01  1.61878243e-01  1.27734080e-01  4.58526686e-02
   3.03663552e-01  4.67949957e-02 -1.15006506e-01]
 [ 5.22212029e-01 -1.59806401e-01  3.09952378e-01  7.32763559e-02
   1.59581617e-01  1.29823714e-01 -1.40461668e-01  4.12350804e-01
   1.79235488e-02  7.29198083e-02  2.02895343e-01  8.82764608e-02
   4.18106198e-01  3.42969865e-01 -1.36428177e-02]
 [ 1.46342069e-01 -8.95745009e-02  2.64360130e-01  2.28313610e-01
   1.05951495e-01  4.31889772e-01  1.74059764e-01 -1.60292357e-01
  -3.13898027e-01  6.72800615e-02 -3.07804555e-01 -3.35133635e-02
  -3.99086505e-01 -1.93689391e-01 -1.04507327e-01]
 [ 3.05534184e-01  2.78343290e-01 -4.22933787e-01 -1.46044478e-01
   2.35071197e-01 -3.07733528e-02  3.63599986e-01  3.13519061e-01
  -3.12857509e-01 -2.45001502e-02 -2.47424424e-01 -1.32759333e-01
  -3.40691447e-01  3.77061427e-01  6.35986403e-02]
 [ 5.37610687e-02 -2.96993375e-01  3.88476521e-01 -9.44023207e-02
   1.21592507e-01 -2.53663599e-01  5.81893921e-01  3.59508336e-01
   5.73960952e-02 -1.83480218e-01  2.08526552e-01  2.11625189e-01
   3.18575174e-01  8.45702514e-02 -2.80601114e-01]
 [ 2.43808508e-01 -1.18694022e-01  3.22670415e-02  4.71666967e-03
   2.34312072e-01 -3.23693842e-01  5.11587024e-01  4.67530519e-01
   9.30658076e-03  1.06929630e-01  3.85992117e-02 -1.56643987e-01
  -1.88279316e-01  2.09357768e-01  2.17233524e-01]
 [-1.13676161e-01 -3.27890903e-01 -3.53317678e-01  3.49452198e-02
  -5.18082827e-02  1.39385283e-01  3.30198139e-01 -2.87898872e-02
   1.21942662e-01 -2.31535286e-01 -4.39522356e-01 -2.18885485e-02
   1.11233078e-01  5.73406667e-02 -1.86828256e-01]
 [ 4.12264109e-01 -1.48018926e-01  1.99023895e-02  6.86098486e-02
   1.41517609e-01  1.83549687e-01  3.47665548e-01  5.00231981e-02
  -9.80716422e-02 -1.78726807e-01 -3.12720448e-01 -2.32649356e-01
  -3.34317863e-01 -1.60592005e-01  2.75672823e-01]
 [-1.25961885e-01 -3.41237783e-01 -4.05344479e-02  1.92001268e-01
  -1.01248018e-01  1.65305063e-01 -1.83659077e-01  6.50810897e-01
   1.35948993e-02  3.42260629e-01 -6.47549480e-02  2.74690449e-01
  -5.36592416e-02 -1.00802228e-01  3.04372042e-01]
 [ 5.65906227e-01  3.31697255e-01 -1.99979112e-01 -4.95942086e-01
  -5.68524897e-01 -2.09786430e-01 -2.01438919e-01  3.90880108e-01
  -1.52939945e-01  5.53346835e-02 -2.82220513e-01 -7.13957772e-02
  -3.85498226e-01 -4.11054224e-01 -5.14807761e-01]
 [ 4.44631398e-01 -4.36365247e-01  2.74260581e-01  4.66388673e-01
   4.30027395e-01 -5.95267341e-02  4.18292850e-01 -2.25764364e-01
  -3.06675553e-01  2.73631871e-01 -1.23159342e-01  3.43977481e-01
   1.45869091e-01 -2.75752574e-01  5.01308367e-02]
 [-1.05257484e-03 -3.50375026e-01 -1.43132418e-01 -3.81098509e-01
  -6.34394646e-01  5.05637884e-01  2.37040088e-01 -6.37999773e-02
  -3.62925589e-01  7.06254661e-01  9.78615060e-02 -4.65554111e-02
   4.01551351e-02 -4.20246385e-02  1.70004234e-01]
 [-7.60138571e-01 -1.99393436e-01 -3.75875592e-01  6.20570779e-01
   2.83177233e+00 -2.95136869e-01 -7.11642206e-01 -1.96683213e-01
  -2.48119771e-01 -4.83624965e-01 -3.04692220e-02  1.17082608e+00
   1.60647854e-01 -6.04055561e-02  9.64096785e-01]]
Peso 2:
[ 0.5574394  -0.13164277  0.04515358 -0.12446108 -0.36538696  0.4247502
  0.49185824  0.39560965 -0.01023944  0.574603    0.01215682 -0.02112144
 -0.01397467 -0.08951658 -0.03003647]
Camada: saida
Peso 1:
[[-1.2263132   0.31198525]
 [ 0.4141021  -0.4240211 ]
 [-0.25279248  0.04498167]
 [ 0.21242996 -0.69656205]
 [ 1.9272494  -2.1957312 ]
 [-0.808133    0.18304302]
 [-0.40951288  1.109936  ]
 [-0.47362372  0.59846956]
 [ 0.01011821 -0.28695622]
 [-0.5547235   0.8117194 ]
 [ 0.06789389  0.18254586]
 [ 0.6029621  -0.7184336 ]
 [-0.55374074 -0.5893095 ]
 [-0.04639367 -0.15232007]
 [ 0.5475537  -0.65004843]]
Peso 2:
[-1.0965606  1.0965648]



pesos modelo: 
Test loss: 0.2606, Test accuracy: 0.8974
Camada: meio
Peso 1:
[[ 0.41311115 -0.29986173  0.29357016  0.42947125 -0.3208328  -0.43938473
   0.26517832  0.35330862 -0.04215318 -0.40202314 -0.34447995 -0.2298572
   0.11377871  0.19186205 -0.14253137]
 [ 0.06825024 -0.06786593 -0.08049119 -0.24528596  0.44844434  0.15248863
  -0.14755243  0.0227475   0.3500797  -0.06718483  0.12225984 -0.09111197
  -0.3022364   0.0860687   0.23093206]
 [-0.15096444  0.08260896  0.49666598  0.34140664  0.31907246 -0.05280004
  -0.2908401  -0.1143676   0.3449536   0.05264037  0.42186186  0.16706234
  -0.13653728  0.01159482  0.28120112]
 [-0.35437644 -0.03737252  0.46105292  0.04269448 -0.17439854 -0.09573107
  -0.08159695  0.38990712 -0.1351737   0.11600459  0.39418545  0.24355558
   0.15905021 -0.43385476  0.06035851]
 [-0.1928625  -0.09233588  0.16405398 -0.15417792  0.06246927 -0.06332517
   0.15679298  0.40262863 -0.17140989  0.3214566  -0.1262795   0.29888391
   0.45628774 -0.30346185 -0.31968227]
 [ 0.01988845  0.0104887  -0.02011329  0.2563274  -0.08705965  0.16900161
  -0.01130227  0.26616454 -0.13797434 -0.3027834   0.33022973  0.2383934
  -0.34968713 -0.0806217  -0.27226475]
 [ 0.147452    0.21275292  0.4432079  -0.01462513  0.18702772 -0.33713073
  -0.03435684 -0.07139713  0.0497481   0.2826533   0.14985609  0.0165857
  -0.42162958 -0.18650153  0.01335747]
 [-0.1890764   0.3665557   0.26334143 -0.4433026   0.16102456 -0.34244815
  -0.04304091  0.2343348  -0.21916799  0.5626948   0.06550056 -0.12661381
  -0.17681919  0.32880643  0.18708123]
 [ 0.292577    0.21066219 -0.14228481 -0.13531156  0.02760557 -0.34732226
  -0.308048    0.10787449 -0.36162594  0.01489161 -0.08113271 -0.08313446
  -0.12405898  0.03722299 -0.11693435]
 [ 0.35258698  0.04959732  0.3638166  -0.15978618  0.208287    0.27831054
  -0.09053485  0.375554    0.3885595   0.44931325  0.09091898  0.21643189
  -0.31283495 -0.2501891   0.05375684]
 [-0.4087731  -0.09477143  0.57760125  0.00465199 -0.16264082  0.16232726
  -0.4389448   0.02915368  0.01845384  0.24493311  0.04725818 -0.16688439
  -0.23708579  0.1506496   0.43003076]
 [ 0.16457967  0.5054755   0.4102984  -0.1137281  -0.26250625 -0.03788546
   0.1008158   0.32560912 -0.40212283 -0.43097132 -0.5222764  -0.42349836
  -0.3076375  -0.3325103  -0.24965768]
 [ 0.42428556  0.2511114  -0.11024917  0.08569393  0.17619973 -0.2576698
  -0.02729169  0.17311914 -0.15793937  0.3856467   0.10500619  0.48717645
   0.12145824 -0.1841081   0.4129307 ]
 [ 0.1323769   0.35213     0.2862822  -0.00695115  0.6374487  -0.12638845
  -0.3046871   0.5119335   0.33541924 -0.34693187 -0.1566244   0.05658139
   0.40393773  0.14545313 -0.23808604]
 [ 0.0836836  -0.9875864  -1.4659305   0.31349945 -0.94546443 -0.23394634
  -0.0309962  -1.3769078  -0.01447923  1.7050003   1.3961928   0.64480263
  -0.38510132 -0.42890817  0.06381863]]
Peso 2:
[-8.7108568e-04  6.4547867e-01  8.1392676e-01 -5.9844892e-02
  5.5159545e-01 -9.7441763e-02  2.9276888e-04  7.1408314e-01
 -5.3900625e-03 -1.4144127e-01 -7.7228487e-02 -1.2760787e-01
  2.0764466e-02 -2.9254248e-03 -5.9798630e-03]
Camada: saida
Peso 1:
[[-1.3045925e-01 -2.2166054e-01]
 [-7.8084326e-01  1.0050628e+00]
 [-1.5582610e+00  1.0775890e+00]
 [ 1.5896149e-01  1.4292715e-01]
 [-6.4636022e-01  9.1518360e-01]
 [ 3.0920434e-01  9.4011897e-04]
 [-6.0716689e-02 -4.8927058e-02]
 [-1.2996491e+00  1.0302713e+00]
 [ 3.4515720e-02  1.3875830e-01]
 [ 1.3821136e+00 -1.3934308e+00]
 [ 1.1274251e+00 -7.7814204e-01]
 [ 5.6222326e-01 -6.0213804e-01]
 [-3.2757097e-01 -1.6911773e-01]
 [ 8.2590811e-02  9.7666651e-02]
 [ 7.1869791e-02 -1.7857757e-01]]
Peso 2:
[-0.15149754  0.15149784]



pesos modelo: 
Test loss: 0.3464, Test accuracy: 0.8783
Camada: meio
Peso 1:
[[-1.4925060e-01  3.8917577e-01  1.5280271e-01  2.1788013e-01
   2.5992680e-01 -4.1914353e-01 -9.8510802e-02 -4.0724087e-01
  -4.1577047e-01  2.1968210e-01  9.4487548e-02  4.1438168e-01
   7.3290288e-02 -2.3885286e-01  7.1088135e-02]
 [ 3.0303741e-01 -2.0783323e-01  5.2708299e-03  2.8795946e-01
   2.5972998e-01  4.7106646e-02  2.8613058e-01 -3.2266012e-01
  -2.7068642e-01 -2.8224787e-01 -1.1579664e-01 -3.2895210e-03
   5.4937911e-01 -1.4235865e-01 -3.6595798e-01]
 [-3.3163127e-01 -2.9049894e-01 -3.3261709e-02 -2.1636526e-01
   3.4569860e-01 -4.1071668e-02 -9.4230600e-02 -2.2178526e-01
  -3.2662384e-02 -3.7743658e-01 -9.2048675e-02  5.2175682e-02
  -1.4911605e-01 -8.0758914e-02 -1.8911360e-01]
 [-1.0374251e-01  1.4095989e-01 -4.3453583e-01  2.0597233e-01
   2.4103826e-01  1.0554132e-01  2.6494399e-01  2.9997960e-01
   1.4989564e-01  3.1222242e-01 -3.1556275e-01  2.0483324e-01
   2.4355930e-01 -1.9064989e-02  2.8712064e-01]
 [ 3.9797613e-01  2.2832507e-01 -1.4185387e-02  1.0147065e-01
  -3.5201642e-01  1.4970058e-01 -3.4901492e-02 -2.3851000e-02
   3.5642311e-01 -2.9360530e-01 -2.4144104e-01  5.5650318e-01
   4.6048120e-02  4.3879381e-01 -8.0781095e-02]
 [-1.5292813e-01  3.9607236e-01 -5.2316226e-02 -3.0437332e-01
   3.1261933e-01  3.0018309e-01 -4.6842203e-01  7.9431929e-02
  -3.1727877e-01 -3.5227951e-01  1.1431135e-01  2.7821267e-01
   4.7436309e-01  3.5720989e-01 -2.9095694e-01]
 [-1.1326987e-01 -3.9830950e-01 -3.8627297e-01  2.5576964e-01
   4.4061825e-01  2.1555750e-01  3.8429248e-01  2.4572268e-01
   2.7009356e-01  3.0787468e-01 -1.1514659e-01  7.0558292e-01
  -1.1614291e-01 -3.1718346e-01  1.4323135e-01]
 [-3.0002058e-02  4.3256921e-01 -3.8158339e-01  1.1183283e-03
   3.4484076e-01  3.3281618e-01  1.2191870e-01  4.1786064e-03
  -2.4495849e-01  2.1857734e-01 -1.1899251e-01  4.7107384e-01
   4.7948116e-01  1.5022589e-01  3.2236135e-01]
 [-2.2627383e-01  3.6616328e-01 -3.9905366e-01 -1.5865473e-02
   2.0526192e-01  2.0320532e-01 -4.6257585e-01  3.4232360e-01
   5.1927123e-02  1.9144019e-02  7.4012496e-02  4.4235215e-01
   2.0396082e-02 -4.1121814e-01  3.0602375e-01]
 [ 3.2932639e-01  3.9632586e-01  1.3561098e-01 -1.9178578e-01
  -5.5168346e-02 -3.5802241e-02  1.3096869e-01  8.6646460e-02
   1.6734803e-01 -2.7478638e-01  4.3792974e-02  2.3677436e-01
   3.2464564e-02  3.5456401e-01  2.2609492e-01]
 [ 3.8408667e-01  9.2350699e-02 -2.9649854e-01 -2.5741094e-01
  -2.5451964e-01  1.3428940e-01  3.8998529e-01 -3.3428213e-01
   8.6607104e-03 -4.8050082e-01  2.4029729e-01  2.2409172e-01
   5.0506729e-01 -2.5129139e-02 -1.3596088e-01]
 [-3.3383825e-01 -3.4568551e-01  3.9470011e-01  2.2917739e-01
  -5.1762704e-02 -7.1612680e-01 -1.5176238e-01 -3.1178662e-01
   1.4634080e-02  6.5177701e-02 -2.9253691e-02  1.3495933e-01
   7.1851361e-01 -3.0074492e-01 -5.7010856e-02]
 [ 3.6210853e-01 -1.4962749e-01 -2.6107082e-01 -3.2984215e-01
  -1.9338746e-01  3.3436602e-01 -2.5030790e-02 -3.4274313e-01
   2.7471140e-01  2.6520684e-02 -3.5581639e-01  3.8585793e-02
   2.0922841e-01  6.6497117e-02  3.5486549e-01]
 [-2.4400896e-01  5.1858734e-02 -9.9169075e-02 -4.1323555e-01
  -2.9954499e-01 -6.4702946e-01 -1.1306989e-02  6.3673727e-02
   6.1690416e-02  8.6656481e-02 -2.0675772e-01  5.2092922e-01
   1.6128689e-01 -4.2532530e-01 -3.8002875e-01]
 [ 9.4837648e-01 -2.3236895e-01 -3.9977539e-01  8.2066134e-02
   3.9168239e-01  2.9895787e+00 -1.5339601e-01 -1.4645959e-02
   3.8628367e-01  1.6307276e-01  2.2250861e-01 -1.1545409e+00
  -4.2864808e-01  7.0544460e-04  3.5766855e-01]]
Peso 2:
[-0.10916414  0.12905607 -0.01946749 -0.05103631 -0.02409649 -0.4824322
 -0.013256    0.01233879 -0.13349833 -0.1756554  -0.00231796  0.9924789
  0.5702302  -0.04306001 -0.06706554]
Camada: saida
Peso 1:
[[ 0.4375255  -0.83377254]
 [-0.39882708  0.02960192]
 [-0.14429525 -0.3990647 ]
 [ 0.14801237  0.01785196]
 [-0.24842975 -0.4561278 ]
 [ 2.000735   -2.3514411 ]
 [-0.23192498  0.05521476]
 [ 0.4730655   0.5933117 ]
 [ 0.4994389   0.16666135]
 [ 0.3074392  -0.36327967]
 [-0.1391592  -0.21054786]
 [-1.0203582   1.4525745 ]
 [-1.0068178   0.43309572]
 [ 0.4544186   0.31754085]
 [-0.11149781 -0.501705  ]]
Peso 2:
[-1.0045484  1.0045489]



pesos modelo: 
Test loss: 0.0619, Test accuracy: 0.9706
Camada: meio
Peso 1:
[[ 2.49212861e-01 -1.77894831e-02  4.43190753e-01  1.69536054e-01
   1.72561705e-01 -5.95357716e-02 -1.10852003e-01  5.80903888e-02
  -3.30684721e-01 -4.37005192e-01  3.20258498e-01  1.03038073e-01
  -3.51022840e-01 -3.23682308e-01  1.20432973e-02]
 [ 2.95845628e-01 -7.04155788e-02 -3.61782461e-01  2.98641264e-01
  -9.78595540e-02 -9.81619731e-02 -1.67983249e-01  6.91820756e-02
   3.49723995e-01  7.57282153e-02 -2.15278372e-01 -8.51873532e-02
  -2.41294444e-01  4.24828142e-01  7.33450353e-02]
 [ 2.56827861e-01  3.13194364e-01  5.44760004e-02  3.79189365e-02
   4.28645968e-01 -8.93451571e-02  2.31477752e-01 -2.39802673e-01
   4.74920422e-01 -1.64025366e-01 -7.81950951e-02  3.00823539e-01
   4.37893033e-01  2.22248654e-03 -3.88840199e-01]
 [ 9.64858085e-02  5.67983538e-02  4.01662648e-01 -3.96728218e-01
   1.08229741e-01  1.80202022e-01  1.02774754e-01 -1.29850507e-01
  -2.28797980e-02 -2.09288910e-01  1.79479182e-01  1.54232383e-01
   2.59769261e-01  3.35758537e-01  3.65455151e-01]
 [-1.06389217e-01 -3.52064133e-01  8.91214982e-02  2.80951351e-01
  -4.26156968e-01 -3.99609983e-01  2.70514846e-01  4.59274620e-01
  -8.91942456e-02  5.30847944e-02 -3.23327571e-01  2.42369503e-01
   2.47988030e-01  1.84750304e-01  2.33566798e-02]
 [-4.68013063e-02 -1.85161233e-01 -4.20168251e-01 -3.75296086e-01
  -4.08318698e-01 -2.09452100e-02  3.92772257e-01 -1.24653973e-01
   7.46845007e-02 -4.61989969e-01  4.32323366e-01  9.23592895e-02
  -1.18423305e-01 -1.80948749e-01 -1.86906666e-01]
 [-1.03041366e-01 -2.99514323e-01 -2.26653978e-01 -2.68199772e-01
  -1.17088586e-01  5.00031114e-01  1.62892953e-01  8.51018354e-02
   3.07496521e-03  3.56164008e-01 -4.03713137e-01  1.96393833e-01
   8.44507143e-02  2.86861151e-01  3.10948819e-01]
 [ 4.87680316e-01 -3.50520074e-01 -7.01364428e-02 -4.78143133e-02
  -4.14782763e-01 -1.60390779e-01  5.17442584e-01  5.54817736e-01
   1.24082752e-01  2.42829293e-01  1.66115925e-01  2.52727300e-01
   1.70556143e-01 -2.62261361e-01 -1.74412176e-01]
 [ 1.18029648e-02 -9.61581916e-02  3.66596818e-01 -3.19168448e-01
  -1.97124362e-01  4.35320824e-01  4.40966710e-02  1.24655761e-01
   5.20915501e-02 -1.60923645e-01  1.20626919e-01  1.52003899e-01
   3.79343122e-01 -1.20737530e-01  2.56595075e-01]
 [-2.20237836e-01  9.92103964e-02 -4.84103352e-01  2.71099001e-01
   1.84565037e-01 -1.78957149e-01  1.85267568e-01  3.55829656e-01
   3.03482592e-01  9.94039979e-03 -1.68416679e-01  2.56799668e-01
  -2.18552560e-01  2.94569105e-01 -2.24208996e-01]
 [ 1.98523626e-01 -4.45889533e-02  1.96911335e-01  8.75561088e-02
  -2.17007007e-02 -3.99962485e-01 -2.97069699e-02 -2.41018146e-01
   2.80622631e-01  3.34249347e-01 -3.27625722e-02 -1.55415744e-01
  -2.02098843e-02  7.59004205e-02 -3.70253801e-01]
 [ 3.07004184e-01  6.77866116e-02  1.18756384e-01 -1.28129199e-01
   1.41249090e-01  3.94384056e-01  5.05051792e-01 -2.64775872e-01
   4.62282389e-01 -5.93435913e-02 -1.85360536e-01 -5.80257773e-01
  -1.20884165e-01  1.66579440e-01 -3.27933908e-01]
 [-1.76829949e-01  1.75736696e-01  2.13344738e-01  2.23614976e-01
   1.81626454e-01 -1.26029477e-01  3.60311605e-02 -9.28689837e-02
   3.84731330e-02 -4.45301794e-02  1.55719578e-01  5.94040155e-01
   5.06232440e-01 -8.40276852e-02  3.48401606e-01]
 [-3.83329839e-01  1.44963741e-01  1.15067765e-01  1.38479546e-01
  -1.58832192e-01  2.94864655e-01  3.80151421e-01 -2.50900894e-01
   4.51641768e-01  3.54183614e-01 -1.29940778e-01 -7.07654893e-01
  -3.20610374e-01  3.36848408e-01  2.98019648e-01]
 [ 8.85225832e-01 -2.63355613e-01 -1.05508119e-02  2.54153013e-01
  -1.07676089e-01 -7.18294680e-02 -1.15023720e+00 -5.39141417e-01
  -1.13777161e+00 -4.13845569e-01 -2.46326327e-01  2.50372744e+00
  -9.71081674e-01 -5.65353751e-01 -3.98005158e-01]]
Peso 2:
[ 0.11223152 -0.01032642 -0.06855297  0.02685545  0.03585424  0.19654717
  0.76293933  0.3447345   0.72763723 -0.09024987  0.08178249 -0.3440018
  0.38203776  0.43976068  0.09843422]
Camada: saida
Peso 1:
[[ 0.4765198  -0.59684294]
 [ 0.17804973  0.2197238 ]
 [-0.11540613 -0.21873184]
 [ 0.22832136 -0.1984794 ]
 [-0.20734051  0.13046639]
 [-0.65521216  0.02413495]
 [-1.0399961   1.2782391 ]
 [-0.59653544  0.5689561 ]
 [-0.87493294  1.1764433 ]
 [-0.34138754 -0.20168912]
 [-0.28249887  0.12915629]
 [ 1.9431887  -1.8413517 ]
 [-0.60086435  0.91902125]
 [-0.83666754  0.29914898]
 [-0.6274629  -0.20645331]]
Peso 2:
[-0.44055688  0.44055966]



pesos modelo: 
Test loss: 0.2341, Test accuracy: 0.8889
Camada: meio
Peso 1:
[[ 0.35909408  0.43063855  0.38059503 -0.10595122 -0.24096529 -0.08413649
   0.3340758   0.25457734 -0.04599813  0.13135791  0.00915441 -0.39065477
  -0.25805658  0.42808664  0.04535818]
 [-0.11021865 -0.05279422 -0.39130497 -0.06553266  0.14193715  0.25546643
   0.06115462  0.1676302  -0.0732125  -0.12751281 -0.01554035 -0.08517941
  -0.15053675  0.4482257   0.00453758]
 [ 0.14786202  0.10909121  0.2050698   0.29982194  0.49650192  0.13628508
   0.24916184 -0.25074977  0.15563753  0.23233153  0.2858087  -0.07603038
   0.2842559  -0.07735406 -0.20682861]
 [-0.0279057   0.11574011 -0.37681186 -0.01470581 -0.03910675  0.09591254
   0.40530577  0.33479413 -0.34783226  0.22067219 -0.0826027   0.01943497
   0.0338677  -0.24854821 -0.17170005]
 [ 0.424652    0.07618648  0.40532497  0.2769683  -0.04823118  0.09213425
   0.06651532  0.27170283 -0.4505669   0.06812463  0.2798175   0.05589445
  -0.24452567 -0.24635957 -0.00607269]
 [ 0.4129441   0.09960271 -0.2814622  -0.09277704 -0.12348524 -0.17059404
   0.33391678  0.23400132  0.36103216  0.24600221 -0.04089486  0.45143926
   0.2589276  -0.10176425  0.18953933]
 [-0.14830884  0.15929478  0.25074512 -0.3881842   0.4122829   0.3119681
   0.2889455   0.17536463 -0.41321945  0.30303454 -0.20861906 -0.11803797
  -0.12048484  0.04160628 -0.2699646 ]
 [ 0.34768236 -0.18903925 -0.1485422  -0.22552027  0.37820932  0.2798343
   0.3284807   0.15004368  0.3502124   0.36954755  0.27578643  0.18607831
   0.20027445 -0.20223741 -0.02634342]
 [-0.2745801   0.13779707  0.19764574  0.22658467 -0.2717353   0.17525442
   0.5255576  -0.21224156  0.12952809  0.31975853  0.18405207  0.41673037
   0.12152721  0.42204702 -0.40612358]
 [-0.40052474 -0.1830527   0.16394977 -0.3264808   0.07673593  0.19384417
   0.06154189 -0.15020242 -0.31823865 -0.2897447   0.11472774 -0.06734343
   0.17296116 -0.33585206 -0.04119795]
 [-0.38382086  0.1745168   0.10099105 -0.07867372  0.03615363 -0.2877886
   0.25066322  0.4404946   0.2165341   0.11596037 -0.3059304  -0.12192577
   0.03457692  0.41656426  0.11330826]
 [ 0.16279364  0.06411729  0.3350591  -0.00861629  0.6382697  -0.10981024
   0.7095939  -0.20957163  0.22134317 -0.55756617 -0.44101083  0.40828043
  -0.25691518 -0.01043924 -0.01017861]
 [-0.19662596  0.32327113 -0.28678393 -0.4887041   0.3217095   0.4380082
   0.15492153 -0.19354996 -0.32186     0.5249466  -0.2625359   0.33026835
   0.47749692  0.27307093 -0.2534707 ]
 [-0.34777412 -0.43746868  0.21205342  0.23499617  0.45239097 -0.36121532
   0.44144824 -0.42495692  0.114533   -0.49671808  0.03459125  0.1523628
   0.08203568  0.42459542 -0.43053716]
 [-0.10280075  0.4405043  -0.00642532 -0.36652842 -0.8952223   1.0970343
  -1.9896275   0.4688678  -0.16116941  1.392061    0.0125927  -0.6401801
   1.6164694   0.31372827 -0.28027874]]
Peso 2:
[ 0.0495793  -0.11605374 -0.00521071 -0.2023125   0.53342736 -0.24830697
  1.0784798   0.02345295 -0.09277178 -0.3110958  -0.0556406   0.30906796
 -0.15841423 -0.00556033 -0.04333804]
Camada: saida
Peso 1:
[[ 0.0799619   0.48611143]
 [ 0.44589192 -0.3869874 ]
 [-0.08493935  0.16392852]
 [-0.00764611 -0.40629178]
 [-1.163599    0.6118071 ]
 [ 0.8279463  -0.799958  ]
 [-2.0721982   1.4048042 ]
 [ 0.70487446  0.09173476]
 [-0.12265104 -0.18886137]
 [ 1.2213641  -0.9294321 ]
 [-0.08768912 -0.1255237 ]
 [-0.03048419  0.9883417 ]
 [ 1.3446271  -0.8246836 ]
 [ 0.4035366   0.19464602]
 [ 0.23343265 -0.487816  ]]
Peso 2:
[-0.49013218  0.490136  ]



pesos modelo: 
Test loss: 0.1897, Test accuracy: 0.8975
Camada: meio
Peso 1:
[[-3.48123074e-01  6.44368529e-02 -4.01145816e-01 -1.44479811e-01
   7.62966275e-02 -2.16571212e-01 -1.04841918e-01 -1.29971266e-01
  -2.37532958e-01  2.20655560e-01 -2.76698112e-01 -3.84507477e-02
  -2.47975826e-01 -1.28710657e-01  3.38838577e-01]
 [ 4.41842265e-02  2.86742955e-01 -4.88155596e-02 -9.73231904e-03
  -1.98869422e-01  1.14608191e-01  1.09051518e-01  1.06858239e-02
  -3.66931140e-01  4.75819893e-02  1.49240315e-01  3.52687895e-01
  -3.11942220e-01  3.45273763e-01  4.58906591e-01]
 [-2.37585112e-01 -2.63089329e-01 -6.20045292e-04  1.34851232e-01
   2.31430575e-01  3.15955058e-02  5.59602380e-01  3.78307611e-01
  -6.17929175e-02  2.57123169e-02  3.08879077e-01 -2.59395510e-01
   6.25717416e-02  2.74291635e-01 -2.52336740e-01]
 [-1.57307521e-01  2.16168657e-01  1.21133074e-01  7.50703830e-03
   1.67594582e-01  1.38702273e-01  2.87326366e-01 -2.96717137e-01
  -1.44015312e-01 -1.10813990e-01 -2.90829502e-02  2.96105504e-01
  -5.35260290e-02 -2.09245503e-01 -2.30342314e-01]
 [ 3.00659150e-01 -3.35061938e-01  4.96401191e-02  7.18907565e-02
  -9.26132500e-02  1.12298332e-01  2.36926422e-01  1.51599020e-01
  -1.96730554e-01  6.28225580e-02  3.29065211e-02 -4.17480618e-01
  -2.57487833e-01 -1.21056750e-01  2.01656669e-01]
 [-1.85137510e-01  1.73599988e-01  1.87536299e-01  2.51706570e-01
  -1.70903262e-02  2.14617983e-01  4.47891593e-01  8.29470307e-02
   2.82100528e-01 -7.45213851e-02  2.73584664e-01  2.77024418e-01
  -1.00688338e-02  2.01394856e-01  2.31242001e-01]
 [ 8.33540410e-03  3.02212089e-01  3.34061176e-01 -3.19654465e-01
   1.97037887e-02  1.30444979e-02  1.45797834e-01  6.33533671e-02
  -1.75054744e-03 -3.09258848e-01 -1.13288514e-01  3.67590070e-01
   1.20953567e-01  2.14078873e-01  2.83621103e-01]
 [-2.90136039e-01  6.71729594e-02  4.33102280e-01  3.99851114e-01
   2.00240407e-02  2.07518205e-01  9.00328308e-02 -5.69257177e-02
  -7.81001449e-02 -2.64641792e-01 -6.72282577e-02 -2.79995382e-01
   2.83956081e-01  5.29590733e-02  3.23537439e-01]
 [-3.83401513e-01  1.89918801e-01 -3.41752559e-01 -3.28923494e-01
   3.45810860e-01 -2.32804799e-03  1.13351457e-01 -1.17621860e-02
  -6.30889535e-02  2.40526095e-01  2.10720733e-01  2.10456014e-01
   3.80335718e-01  2.83084452e-01  2.04288661e-01]
 [-3.65162760e-01  1.24161616e-01 -1.97027966e-01  4.67591286e-02
   2.33859941e-01 -7.30918050e-02  2.83866584e-01  1.67896330e-01
  -3.77276629e-01 -1.78127736e-01  2.59975195e-01 -3.72050852e-01
  -2.44732440e-01  2.72937596e-01  4.63489220e-02]
 [-2.21751317e-01  2.99701184e-01 -6.48759082e-02  1.65223628e-01
  -9.59568769e-02 -6.60883784e-02  4.79327917e-01  2.67306238e-01
  -2.99602091e-01 -2.28975087e-01  1.08945362e-01 -4.06298757e-01
  -2.97403812e-01  2.39051849e-01 -6.34977892e-02]
 [-3.14728528e-01 -2.25227594e-01  6.77959174e-02  4.51687485e-01
   1.41076759e-01 -3.75795841e-01  6.36727095e-01 -4.20519561e-01
  -4.40526426e-01 -2.69407272e-01 -4.46786731e-01  3.18159908e-01
   8.31589550e-02  3.17347586e-01 -1.31373825e-02]
 [ 7.43842497e-02  2.74611443e-01 -2.90512349e-02 -3.88158858e-01
   5.18910326e-02  1.97076425e-01 -6.78044036e-02  3.92089456e-01
   2.99387664e-01  6.44683316e-02  6.25136420e-02  4.90178727e-02
  -2.61090279e-01  4.21969801e-01  3.53385478e-01]
 [ 2.13577807e-01 -5.35456598e-01 -6.32327609e-03  2.97794312e-01
  -3.76768261e-01 -4.96830046e-01  2.72390038e-01 -3.79652351e-01
  -4.43607002e-01 -2.72588968e-01 -3.58291775e-01 -3.36899787e-01
  -9.30144489e-02  3.01016390e-01 -1.34468272e-01]
 [-1.12291723e-01  1.01874173e+00  2.36064151e-01  1.21123880e-01
  -3.20689470e-01  1.78802049e+00 -1.34176314e+00  1.84670043e+00
  -4.22324985e-03 -5.06272875e-02  1.13148367e+00 -1.64935261e-01
   1.89836100e-01 -8.89210224e-01 -8.19629431e-01]]
Peso 2:
[-0.12841444 -0.20284335  0.01762631  0.11066402  0.02384926 -0.17985082
  0.9524121  -0.19960654 -0.16187647 -0.16767578 -0.19158068 -0.05293603
 -0.02324447  0.4878142   0.4075595 ]
Camada: saida
Peso 1:
[[ 0.4325759  -0.48350695]
 [ 0.56482244 -0.80557436]
 [ 0.17469424  0.15659998]
 [ 0.11661319  0.57146925]
 [-0.3386817   0.02156499]
 [ 0.8885359  -1.5071944 ]
 [-1.4820818   1.1285404 ]
 [ 1.6040741  -1.0022838 ]
 [ 0.40842643 -0.50740546]
 [ 0.39255178 -0.47614706]
 [ 0.92390424 -0.68644625]
 [-0.4716615  -0.313868  ]
 [ 0.15399136  0.14502993]
 [-0.854043    0.69641286]
 [-0.34820512  0.88972425]]
Peso 2:
[-0.81120783  0.81121016]



pesos modelo: 
Test loss: 0.0978, Test accuracy: 0.9429
Camada: meio
Peso 1:
[[ 2.61187315e-01 -7.78707266e-02 -2.06087619e-01 -2.28382379e-01
  -2.58435309e-01 -1.05739146e-01  3.55268598e-01 -3.00349861e-01
  -4.18342263e-01  1.97630167e-01  1.20346010e-01  6.40198588e-02
  -1.54995203e-01  4.00863051e-01  6.31564856e-02]
 [ 3.05042207e-01  6.81293383e-02  1.85057633e-02  4.58390743e-01
   4.08687055e-01 -7.49736801e-02  3.97895634e-01  2.89605483e-02
   3.36119235e-01  1.72557712e-01 -2.78266221e-01  2.34682977e-01
  -3.30161273e-01 -3.42348248e-01  4.27341998e-01]
 [-1.92770377e-01  4.35433149e-01 -3.57339382e-01 -7.43620843e-02
   2.49720886e-01 -2.32684463e-01 -2.59232700e-01 -1.15122467e-01
   8.18748698e-02  3.35669845e-01 -1.02692492e-01 -9.49433297e-02
  -3.33089292e-01  1.80377308e-02  2.37069175e-01]
 [ 2.42005989e-01  4.19820726e-01  3.54671329e-01 -8.67337512e-04
   3.25331390e-01  1.41252518e-01  3.10211200e-02 -1.83190152e-01
   2.12510392e-01  1.10698879e-01  1.83953226e-01 -8.01004991e-02
  -1.87143669e-01 -2.67960846e-01 -1.01257928e-01]
 [ 1.53507106e-02  3.79765064e-01 -1.90390661e-01  2.36176252e-01
  -1.05243567e-02  3.84352595e-01 -1.54291883e-01  2.37008408e-01
  -3.37473899e-01  1.81701794e-01 -3.21715534e-01  2.21894622e-01
  -2.46272251e-01  1.96372524e-01  6.39523417e-02]
 [-3.52854162e-01  2.90090144e-01  2.41996452e-01  4.04524326e-01
  -3.54814887e-01 -1.33841962e-01  1.74358442e-01  2.44415402e-01
   5.02749793e-02  2.11195186e-01  2.15919927e-01  1.57926828e-01
   2.67501801e-01  1.47179231e-01  4.99375910e-01]
 [-1.58291951e-01  2.53796995e-01 -4.36301112e-01 -1.48448288e-01
   3.56161147e-01 -2.02431127e-01 -3.75289857e-01  3.03660125e-01
  -3.62885185e-02  3.66413772e-01  2.23537400e-01  1.46193534e-01
   3.25528562e-01  1.56605199e-01  3.26407671e-01]
 [ 3.36779058e-01  2.77022064e-01 -1.89042822e-01  4.61121500e-02
   2.78699696e-01  3.51639956e-01  2.08056405e-01  4.12633717e-01
   4.14732307e-01  9.26867649e-02  1.43650204e-01 -2.44167179e-01
  -1.20234989e-01 -3.10630471e-01  4.78926152e-01]
 [ 2.06033289e-01  3.41888756e-01 -2.61186153e-01 -2.15392768e-01
   3.81258935e-01 -1.24581218e-01  4.85672131e-02  1.85558334e-01
   3.95832211e-01  1.59323394e-01  1.34744227e-01  1.21831074e-01
  -3.08325082e-01  1.73511147e-01  9.45069417e-02]
 [-2.94835623e-02 -3.21516216e-01 -4.22967196e-01  3.87659222e-01
   1.34477586e-01  1.24251887e-01 -2.83794880e-01  1.25940278e-01
   8.31610411e-02  2.32732728e-01 -6.39121700e-03  3.22409607e-02
   2.29283735e-01 -2.93436319e-01  4.89568055e-01]
 [ 3.67618978e-01 -4.03047234e-01  6.57034516e-02  1.29445791e-02
   1.21708281e-01  1.58027291e-01 -2.14584023e-01  3.96896929e-01
   3.98060501e-01  3.02134842e-01 -2.94541240e-01  5.41056216e-01
   2.58518875e-01  3.95075530e-01  4.18001145e-01]
 [ 6.14382923e-01  1.54022917e-01  3.03032678e-02  2.46463984e-01
  -1.36318833e-01 -1.71534017e-01  4.79904890e-01  6.34065643e-02
  -2.29885817e-01  8.17542434e-01 -6.15911856e-02 -2.60698676e-01
   4.77109775e-02 -4.77543473e-02  2.50409846e-03]
 [-4.02699500e-01 -1.74000189e-01 -1.13502271e-01  3.37263644e-01
   1.68904915e-01  2.77268440e-01 -4.08121258e-01 -1.40929094e-03
  -2.43814990e-01  1.38652369e-01 -1.93822086e-01  7.73233950e-01
   1.53977005e-03  1.17521539e-01  1.06874697e-01]
 [ 5.00189960e-01  3.53158414e-01 -1.08597018e-01  5.69986463e-01
  -1.24573357e-01 -8.16946402e-02  4.35446389e-02  4.00097698e-01
   3.05564344e-01  3.60952914e-01  7.41351862e-03 -3.02478611e-01
  -4.09900218e-01  3.01223129e-01 -4.73814607e-01]
 [-1.97608188e-01  8.37550238e-02 -2.93260608e-02 -1.12494850e+00
  -1.61571249e-01  3.50408614e-01  1.67244837e-01 -1.03195179e+00
  -7.27845609e-01 -2.20714855e+00 -4.10705507e-01  9.47512805e-01
  -1.28117397e-01 -3.86372447e-01  1.64448810e+00]]
Peso 2:
[ 0.04339249  0.02023242 -0.00609209  0.5437955  -0.00775245  0.06219142
  0.01486698  0.483543    0.30452392  1.2037263  -0.00804123  0.07505736
  0.01638648  0.14861117 -0.05946374]
Camada: saida
Peso 1:
[[-0.63335603  0.2283228 ]
 [-0.25471833 -0.49593994]
 [ 0.42006359  0.16633734]
 [-0.4921454   1.3293037 ]
 [ 0.14526151  0.02271946]
 [-0.17524154 -0.7607812 ]
 [-0.33759007  0.04202401]
 [-0.96429694  0.7380883 ]
 [-0.7660645   0.22853777]
 [-1.6538929   2.0997727 ]
 [ 0.33199057  0.413367  ]
 [ 0.74426824 -0.8840495 ]
 [-0.21469657 -0.05864022]
 [ 0.04448894  0.5261511 ]
 [ 0.80698776 -1.5843251 ]]
Peso 2:
[ 0.19889076 -0.19888988]



pesos modelo: 
Test loss: 0.0511, Test accuracy: 0.9786
Camada: meio
Peso 1:
[[-2.21646518e-01  4.45614576e-01 -9.20568407e-02  3.02538753e-01
  -1.98061466e-02 -2.79624522e-01 -1.89104527e-01 -6.73466027e-02
   3.22023630e-01 -4.40870434e-01 -8.06173682e-02  1.12332702e-02
  -3.24624002e-01  2.02641547e-01 -3.86470735e-01]
 [ 3.45928973e-04  3.29676598e-01  4.18973565e-01 -2.35407904e-01
   2.81976461e-01 -2.19989732e-01  4.19034839e-01  2.09011585e-01
  -1.35288149e-01 -2.42920980e-01  3.45441341e-01  3.62052321e-01
   8.38856474e-02  4.58124429e-02  2.34259501e-01]
 [ 3.98174912e-01 -2.44201675e-01 -2.95765907e-01 -1.72873568e-02
   1.60575151e-01 -3.37323278e-01  4.35156733e-01  2.84103066e-01
   4.21512663e-01 -2.65753776e-01  2.56376565e-01 -2.66334534e-01
  -1.47416413e-01 -6.88541979e-02  4.76789534e-01]
 [-1.69812031e-02 -2.00959042e-01 -2.13620827e-01 -2.25535244e-01
   3.96640688e-01 -2.55822092e-01 -9.19999778e-02  4.24296230e-01
  -1.82040811e-01 -4.83180061e-02 -3.23281109e-01 -2.80725837e-01
   9.48230475e-02  2.35204577e-01 -1.06125996e-01]
 [ 2.78854489e-01 -4.42586631e-01  3.79030526e-01  2.40618795e-01
  -3.07715625e-01 -2.32306048e-02  3.43888402e-01 -2.53433675e-01
   3.50477815e-01 -3.55488108e-03  1.07653007e-01  1.36571363e-01
   2.76100457e-01  2.71517545e-01  3.88380796e-01]
 [ 2.28964195e-01 -9.32182521e-02  3.59341741e-01 -2.57084966e-01
   3.19644839e-01 -2.65165985e-01  4.71374616e-02 -2.28355721e-01
  -2.88794693e-02  2.59027630e-02  1.39298171e-01  2.48873845e-01
  -2.30641842e-01 -4.72400814e-01  3.55872542e-01]
 [ 1.81335106e-01 -1.19652338e-01 -2.31863707e-01  2.25869477e-01
   2.18975559e-01 -3.91326725e-01  1.36027366e-01 -3.66059154e-01
  -2.01408699e-01  2.35061213e-01  3.60907555e-01  4.45753753e-01
  -6.10850006e-02 -1.19653277e-01 -7.32006803e-02]
 [ 9.74561200e-02  1.18900746e-01 -1.71440899e-01 -4.36772972e-01
  -3.19266617e-02  4.14984763e-01  7.46862032e-03 -2.98562527e-01
   2.55710721e-01  4.64378029e-01 -1.08983465e-01 -2.17643961e-01
  -2.30720267e-01 -1.23990081e-01  2.03412548e-01]
 [ 2.04877660e-01  2.66453475e-01  4.57049489e-01 -2.28322104e-01
   2.82087713e-01  2.08562966e-02  2.55624264e-01 -4.21961755e-01
   6.71109408e-02 -1.31200820e-01 -2.30174482e-01  3.49623054e-01
   3.06043535e-01  1.62372336e-01  4.59929585e-01]
 [ 4.01298076e-01 -3.58481497e-01  1.62769154e-01  3.66316102e-02
   4.72186983e-01 -1.16100140e-01  8.06485191e-02  1.57261506e-01
   1.80069014e-01 -1.43162936e-01  3.23057503e-01  1.07444346e-01
   1.49554700e-01 -3.36646944e-01  3.06633800e-01]
 [-1.18487902e-01 -9.96875316e-02 -2.56316096e-01  1.17592715e-01
   2.74148524e-01  5.27335033e-02  4.69953001e-01  5.21760609e-04
  -1.33613035e-01  4.86330897e-01  1.73514634e-01 -5.08328117e-02
   2.96166003e-01 -1.19236484e-01  2.10299298e-01]
 [ 4.49858010e-01  3.91453952e-01  1.66226342e-01  9.56738070e-02
  -3.43201995e-01  2.54747812e-02  7.08983541e-01  2.07125604e-01
   4.71465915e-01  1.82861269e-01 -1.80636168e-01  2.94500172e-01
  -3.33449960e-01 -2.07542181e-01 -3.05909365e-01]
 [ 2.31483519e-01 -4.47330594e-01  4.97575194e-01 -9.70206261e-02
   2.17006356e-03 -3.06537896e-01  5.05726859e-02 -3.41422260e-01
  -3.89324158e-01  5.69830596e-01  5.35210371e-01  1.21375263e-01
   3.80556673e-01 -3.39876920e-01  6.76012397e-01]
 [ 2.92392761e-01 -2.69859493e-01 -2.87949592e-01 -2.19695106e-01
   2.00350121e-01  3.28620106e-01  6.20660961e-01 -5.07063009e-02
  -3.87086958e-01  5.97448230e-01 -3.04973513e-01 -1.24268390e-01
  -8.15319270e-03  1.62966892e-01 -7.48720616e-02]
 [-1.45886600e+00 -4.36652809e-01 -9.23277855e-01 -4.12879705e-01
  -9.97676194e-01  1.75808266e-01 -1.64807117e+00  2.32436173e-02
  -1.66110963e-01 -9.24468160e-01  5.67687929e-01  3.57262611e-01
   7.82211661e-01 -2.60291994e-01  1.76779854e+00]]
Peso 2:
[ 0.6858032  -0.06539304  0.45754218  0.03058471  0.22242694 -0.00190695
  0.8773875   0.05630398  0.10036813  0.39821962  0.01211473  0.01540542
  0.01988808 -0.21727905 -0.15114816]
Camada: saida
Peso 1:
[[-1.0869322   1.314513  ]
 [ 0.01115102 -0.49324107]
 [-0.8525759   0.6924201 ]
 [-0.25243044 -0.01992247]
 [-1.0439254   0.22412425]
 [ 0.5734123   0.5640743 ]
 [-1.2775865   1.5962789 ]
 [-0.40932506  0.2184395 ]
 [-0.5952872   0.51702464]
 [-1.109268    0.28643146]
 [ 0.28788194 -0.8371286 ]
 [-0.09273926 -0.5944122 ]
 [ 0.22033308 -0.79536664]
 [ 0.3735215  -0.46092296]
 [ 1.3267715  -1.4708835 ]]
Peso 2:
[-0.05161195  0.05161695]



pesos modelo: 
Test loss: 0.0954, Test accuracy: 0.9435
Camada: meio
Peso 1:
[[-2.52355397e-01 -2.34439269e-01  2.43119001e-01 -4.56040502e-02
   2.02740371e-01  3.08883846e-01  2.94202864e-01 -3.22300434e-01
   3.05430710e-01 -3.49651009e-01  3.83093417e-01 -3.47236812e-01
   4.22958016e-01 -3.04091215e-01  3.74765992e-01]
 [ 1.14244662e-01  1.96946934e-01  9.14656669e-02  2.36558408e-01
   2.43541002e-01 -2.20645458e-01  1.65741183e-02 -3.84857029e-01
   3.86567146e-01 -7.50442445e-02 -1.87146202e-01  8.15301612e-02
  -2.76919484e-01  4.09704834e-01 -1.10010682e-02]
 [-3.51388067e-01  1.95424736e-01 -1.62364483e-01  2.86500752e-01
   3.42919026e-03 -9.96553153e-02 -2.00821280e-01 -1.65508345e-01
   1.91341966e-01 -7.68725798e-02 -2.42776155e-01  5.86793125e-02
   6.86396286e-02  2.43630171e-01 -2.16906071e-01]
 [-3.81227851e-01  1.08124919e-01 -4.22923714e-02 -1.34332970e-01
  -2.25797929e-02  3.31367075e-01 -1.78107377e-02 -1.24107227e-01
   3.51939172e-01 -2.31307194e-01  2.83888608e-01  3.63857567e-01
  -1.25266865e-01  4.50067446e-02 -2.69177467e-01]
 [ 3.73648107e-01 -2.20537588e-01  2.87462831e-01  9.68858413e-03
   2.75828212e-01 -1.81960270e-01 -4.17537838e-01 -3.82063329e-01
   1.19097203e-01 -1.60600409e-01  4.26169038e-01  3.80557328e-01
  -2.22733751e-01 -2.96295345e-01  5.78287393e-02]
 [-3.62771377e-02  3.26404542e-01 -2.26018682e-01 -3.65386844e-01
   4.03352767e-01 -2.48010963e-01 -3.05389613e-01  4.47775900e-01
   3.34480882e-01  9.96377021e-02  6.73482120e-02  2.14527130e-01
   1.29115090e-01 -2.60158867e-01  9.54186320e-02]
 [-2.02053457e-01  2.16102060e-02  2.85924941e-01 -1.54876158e-01
  -4.20482159e-02  4.35695231e-01  1.82138942e-03  1.26089290e-01
   3.59283835e-01 -3.39216620e-01  4.44099724e-01  2.23103121e-01
  -7.17764348e-02 -3.81970376e-01  3.67486984e-01]
 [-3.68077695e-01  3.13032657e-01  1.93447992e-01  2.32786849e-01
  -7.16643259e-02  1.66901812e-01  2.14804798e-01  1.95690282e-02
   2.58689553e-01  4.20701772e-01  3.96195143e-01  2.66726345e-01
   4.72256452e-01  2.76717663e-01 -6.75559342e-02]
 [ 2.42094547e-01  2.68553615e-01 -3.85672629e-01  5.18745556e-02
  -3.40796500e-01  2.02729613e-01  2.35013753e-01 -1.52663752e-01
   3.93682182e-01 -2.09221184e-01 -2.93781281e-01 -1.95465446e-01
  -1.52210787e-01 -2.92987525e-01 -2.45134868e-02]
 [ 2.62434036e-01 -1.04976326e-01 -2.06036508e-01 -3.31085354e-01
   4.04313534e-01  4.67038274e-01  1.90333824e-03  2.73416758e-01
   3.03647481e-02  1.47817656e-01  1.53533459e-01  4.69290555e-01
   3.10916334e-01  2.55312622e-01  8.56610388e-02]
 [-3.81800085e-01  2.02228725e-01 -9.80237871e-02 -2.00899258e-01
   4.08776663e-02 -2.00865537e-01 -1.18286967e-01 -3.41512680e-01
   3.20715569e-02  1.82465196e-01 -2.87358105e-01  1.18508385e-02
   6.19575620e-01 -4.42631006e-01  2.43266121e-01]
 [ 3.45272571e-02 -4.21274334e-01  1.83807030e-01 -1.31640255e-01
   2.22122639e-01 -3.88672739e-01 -6.44315258e-02  5.91970742e-01
   5.59730530e-01 -2.97985375e-01 -3.05056542e-01 -2.76401311e-01
   2.09329650e-01  1.37539506e-01  2.55823612e-01]
 [ 5.39668053e-02  6.34660482e-01  1.84174135e-01  3.24504852e-01
   1.77624896e-01  3.88796255e-02  3.76332104e-01  3.62639248e-01
   1.92545310e-01 -3.74317437e-01  3.25299472e-01 -4.57446799e-02
   4.04815465e-01  8.36315453e-02 -4.14917260e-01]
 [ 1.68087453e-01 -2.98467517e-01  1.52471691e-01  1.67217359e-01
  -3.20094883e-01 -2.86562979e-01  2.00423241e-01  5.36293983e-01
   8.01109493e-01  4.97352034e-02  4.81513701e-02  2.12596118e-01
  -1.10994704e-01 -1.69828162e-01 -4.23692346e-01]
 [-3.23117435e-01  2.09417892e+00 -9.83599387e-03 -2.09518790e-01
   9.24909472e-01  8.24500561e-01 -4.40546572e-01 -1.38474941e-01
  -2.00706935e+00  8.62121060e-02  8.29773068e-01 -7.46565819e-01
  -8.43618810e-01 -4.87468801e-02 -8.29414930e-03]]
Peso 2:
[ 0.06019413 -0.32143846  0.00668468  0.03893403 -0.07998053  0.10780372
  0.02373341  0.1974972   1.0618167  -0.0038597  -0.01425853  0.27796605
  0.5117544   0.00248668 -0.00206667]
Camada: saida
Peso 1:
[[ 0.10027284  0.38391832]
 [ 1.446984   -1.6382059 ]
 [-0.3235074  -0.21206267]
 [ 0.05986204  0.4102389 ]
 [ 0.11380937 -1.0147753 ]
 [ 0.6831732  -0.34605983]
 [-0.48063722 -0.27525058]
 [-0.2993248   0.6914426 ]
 [-1.7807083   1.6820508 ]
 [-0.07609747 -0.07441941]
 [ 0.440079   -0.64213306]
 [-0.2360343   0.9456846 ]
 [-0.63432246  0.85592604]
 [-0.58905095 -0.44112414]
 [-0.3913885  -0.26198453]]
Peso 2:
[-0.3361005   0.33610427]



pesos modelo: 
Test loss: 0.0249, Test accuracy: 0.9956
Camada: meio
Peso 1:
[[-1.03284240e-01 -2.07298398e-02 -1.64090216e-01 -1.23155862e-01
   1.03518188e-01 -4.11302179e-01  3.62960577e-01 -3.46211106e-01
  -9.87050533e-02  2.98904896e-01  2.16989934e-01  8.48892331e-02
  -3.83163095e-02 -2.20125198e-01  4.29042280e-02]
 [-1.07144460e-01  3.75778794e-01 -1.66658014e-01 -1.05708636e-01
  -4.06446457e-01  4.20074224e-01  3.78648072e-01  4.74788338e-01
   9.36170220e-02  1.43407530e-03 -2.55165637e-01 -2.67868280e-01
   4.27170515e-01  1.60701513e-01 -3.23906898e-01]
 [-2.54943430e-01  5.48858158e-02 -2.65172571e-01  1.77967325e-01
  -1.64338220e-02 -2.82307506e-01  7.68893063e-02  1.12545103e-01
   1.66075692e-01  1.09053224e-01 -3.98523033e-01  3.09863836e-01
   2.18573049e-01  3.41912061e-02  3.99084389e-01]
 [-2.96272039e-01  2.91060984e-01  2.38603979e-01  2.54606307e-01
   4.15377557e-01 -1.25648111e-01 -2.20266625e-01 -5.22746146e-02
  -3.53770815e-02  1.82548389e-02 -2.35742629e-01  1.87727623e-02
  -5.95988259e-02  4.92930502e-01 -2.45951444e-01]
 [ 5.03908843e-02 -4.10788432e-02 -4.10099506e-01  1.69115603e-01
   3.02101135e-01  1.74584966e-02  9.85081866e-02  7.56456330e-02
   3.19963872e-01  2.88873315e-01 -3.28805923e-01  2.97906697e-01
   2.26451904e-01 -6.09726496e-02  3.02762210e-01]
 [-1.91724136e-01  6.55802265e-02 -1.94327518e-01 -3.22763741e-01
  -1.90240726e-01  8.69626105e-02  4.57313448e-01  2.05927119e-01
   2.72100359e-01  3.44139695e-01 -1.85727641e-01 -2.88529992e-01
   2.89456040e-01  3.97485495e-01 -2.91291595e-01]
 [-2.93562740e-01 -2.41454095e-01 -8.04203674e-02 -4.26814675e-01
   4.32779081e-02 -1.43521786e-01 -1.96194544e-01 -1.66990235e-01
   1.77618012e-01 -7.97964707e-02  3.36027056e-01 -9.31084622e-03
  -2.41037801e-01 -7.84132108e-02  4.63625103e-01]
 [-9.91084948e-02 -2.13681564e-01  2.40426823e-01  1.07750773e-01
  -9.50111747e-02  1.41326174e-01 -3.22219461e-01  3.12118288e-02
   1.79688722e-01 -3.41632892e-03 -2.01041445e-01  7.60279521e-02
   2.83238560e-01 -5.76901250e-02  5.56180887e-02]
 [ 4.08899814e-01  4.05820876e-01  2.42804304e-01  1.61965519e-01
  -1.79290473e-01 -4.93893735e-02  6.93482161e-02  4.18551028e-01
   2.78182715e-01  1.69843748e-01 -2.81946510e-01  3.40862304e-01
  -4.25014757e-02  3.63907665e-01 -2.14696586e-01]
 [-1.84486493e-01  3.95915151e-01  2.38371000e-01  1.45570159e-01
  -4.03962523e-01  3.36837202e-01 -1.47027969e-01 -1.43750027e-01
   2.57601947e-01  6.90439567e-02  3.32622528e-01 -4.00883973e-01
   1.85004890e-01 -7.98207968e-02 -1.49353519e-02]
 [ 1.99862346e-02 -1.78130612e-01 -2.20737487e-01  4.28578109e-01
   3.60196590e-01 -4.53513302e-03  4.01995748e-01  4.58007723e-01
   2.68005401e-01  1.97767079e-01  2.96537340e-01  2.73439646e-01
  -4.33169663e-01  3.20250571e-01 -2.97442198e-01]
 [ 1.37852952e-01 -6.19439185e-02 -1.76288396e-01 -2.17626333e-01
  -1.92013651e-01 -2.65962541e-01  7.31393471e-02  1.73500240e-01
   8.91129851e-01 -1.17937252e-01 -2.23841339e-01  3.04769307e-01
   2.52019882e-01  3.63574922e-01 -1.39930159e-01]
 [ 3.95599194e-02  1.23041801e-01 -1.85776010e-01 -7.82593712e-02
  -1.21715836e-01  1.13126725e-01  3.08696389e-01  1.86563790e-01
   6.98762983e-02  5.68449497e-01 -3.92313860e-02  9.40161347e-02
   1.59957096e-01  1.68197244e-01  3.75374734e-01]
 [-2.05694199e-01 -4.40960407e-01  4.73160565e-01  4.61190760e-01
   3.20456587e-02  2.83981822e-02 -1.99765086e-01 -4.94236797e-01
   4.00626391e-01 -4.26162928e-01 -6.52240543e-03  5.13136208e-01
  -1.29381672e-01  2.57287413e-01 -5.00353053e-02]
 [ 6.48593754e-02  1.34878099e-01  6.94903508e-02 -2.79808044e-01
   2.06777066e-01 -3.87494296e-01 -6.65272117e-01  8.52330327e-01
  -1.71024263e+00  2.37909698e+00 -2.32200831e-01 -2.09247217e-01
  -4.90662932e-01 -1.17699742e+00 -4.47544366e-01]]
Peso 2:
[-0.01805671 -0.04244325  0.03163328  0.1159177  -0.02799125  0.15420917
  0.35616136 -0.08074582  0.9328742  -0.20840257 -0.10860514  0.12430857
  0.13383584  0.66804576  0.16648337]
Camada: saida
Peso 1:
[[-0.19198902 -0.41875875]
 [ 0.2484579  -0.04378127]
 [ 0.34398118  0.5473807 ]
 [-0.47853607  0.04136791]
 [-0.4415883  -0.4256571 ]
 [-0.4961022   0.26513463]
 [-0.32013974  0.8288382 ]
 [ 0.85773957 -0.4645902 ]
 [-1.5194228   1.6270324 ]
 [ 1.909587   -1.4581231 ]
 [ 0.28852555 -0.12049708]
 [-0.5111259   0.08381207]
 [ 0.18788509  0.83693457]
 [-0.8330689   1.1238331 ]
 [-0.35717496  0.330796  ]]
Peso 2:
[-0.21564285  0.21564503]



pesos modelo: 
Test loss: 0.0478, Test accuracy: 0.9846
Camada: meio
Peso 1:
[[-1.16151631e-01 -2.24921793e-01 -1.65435284e-01 -2.31717691e-01
   9.55860019e-02  2.19151080e-01 -3.20147693e-01  2.32838631e-01
  -2.07709253e-01  1.30619764e-01  3.86176050e-01  3.96308601e-01
  -1.25921696e-01 -8.19617808e-02 -4.35280859e-01]
 [-5.39473668e-02 -2.09548414e-01 -3.73998374e-01  2.43574500e-01
  -1.30677782e-02  2.83648390e-02  1.42687494e-02  1.95775583e-01
  -4.09585387e-02 -3.39338183e-02  5.89799464e-01  4.11595345e-01
  -2.18366340e-01  2.63645589e-01 -2.28291333e-01]
 [ 1.57631576e-01  4.39596146e-01  2.49079138e-01  1.96211234e-01
  -2.87371159e-01  2.35439107e-01 -5.86974286e-02  2.73775786e-01
  -3.07816919e-02 -1.42036602e-01  2.04983234e-01 -5.44266626e-02
   3.41169715e-01  1.56007826e-01 -3.40830714e-01]
 [ 6.18477410e-04  4.56641503e-02 -2.00684831e-01 -6.45686779e-03
   2.50217170e-01 -2.74465214e-02  2.84401923e-01  3.86170030e-01
   3.73076469e-01 -1.73478633e-01  5.00210404e-01 -2.55335987e-01
  -2.86011159e-01  3.09530646e-02 -5.95408753e-02]
 [-1.07024916e-01  2.08532095e-01 -5.60776107e-02  1.79495454e-01
  -3.22671652e-01  4.06173289e-01 -2.67313629e-01 -2.12891534e-01
  -1.97138548e-01 -1.54242307e-01  3.03363174e-01 -1.11782253e-01
  -4.45520461e-01  1.71231091e-01 -1.28247365e-01]
 [ 2.53270715e-01  6.04856722e-02  3.50522131e-01  1.18889563e-01
  -4.27971303e-01  2.62545556e-01  4.28815126e-01 -3.16043288e-01
   2.81910092e-01  5.05981565e-01  3.10288370e-01 -1.10961258e-01
  -1.69357657e-01  5.11824340e-02  2.80900866e-01]
 [-1.60078004e-01  2.29340553e-01 -4.21320170e-01 -1.58673078e-01
   4.11093205e-01  5.89869916e-02 -7.51679987e-02  5.79027366e-03
  -1.09154902e-01 -2.38689348e-01  3.22878301e-01 -4.55895774e-02
   1.36861838e-02  2.39973739e-01 -3.68404925e-01]
 [ 6.81831222e-03 -1.63018152e-01  2.75922954e-01 -3.37868363e-01
   1.39083847e-01  1.54885516e-01  3.94984335e-01 -2.40573063e-01
  -7.14094266e-02  2.59684712e-01  2.68169284e-01  6.57867491e-02
  -2.20398024e-01 -1.09869272e-01  2.57614106e-01]
 [-4.46932763e-02  4.09268379e-01  1.00135230e-01 -7.94325024e-02
  -4.90002818e-02 -1.40430748e-01 -3.75895560e-01  4.54236679e-02
   1.04491606e-01  1.52225137e-01  5.99636324e-02 -2.62772948e-01
   2.01183990e-01  3.29749644e-01 -9.64279324e-02]
 [-1.02039367e-01 -1.04693539e-01 -2.20210239e-01  3.49620432e-01
   6.75245672e-02 -2.72367299e-01 -1.82678446e-01 -1.53971702e-01
   2.27701396e-01  5.54074794e-02  5.88468574e-02 -2.56029554e-02
  -2.47316465e-01  4.24918160e-02 -2.11537421e-01]
 [ 2.76437551e-01  2.02030361e-01  2.59748787e-01  2.47179747e-01
  -1.26335502e-01  3.81931812e-01 -3.83550107e-01  2.78497577e-01
   1.09657004e-01 -3.65984797e-01  3.96098763e-01  1.31781727e-01
  -2.94705540e-01 -5.16253933e-02  1.68793369e-02]
 [-2.10772350e-01  5.08633316e-01 -1.92924097e-01 -2.86129932e-03
   3.17367136e-01 -5.57468474e-01 -1.58458978e-01  1.94466621e-01
  -5.94719313e-02  5.19964695e-01  4.72884834e-01 -7.60815144e-02
  -3.46810758e-01 -2.69612730e-01 -1.27420470e-01]
 [ 4.20798779e-01  4.93821293e-01  1.05947159e-01  3.97410542e-01
   1.49290457e-01  3.92368168e-01  2.80718058e-01  3.03792715e-01
   2.77024925e-01  1.61813959e-01 -5.62072359e-02  1.75673172e-01
  -3.83531488e-02  2.16702893e-01  5.49448431e-02]
 [ 3.74402791e-01  1.96855381e-01  4.37769353e-01  1.61971614e-01
  -7.90915489e-02 -3.84812653e-01 -3.69126618e-01  5.70734702e-02
  -3.58993113e-02  5.07647276e-01  2.87452221e-01 -3.01776350e-01
  -1.54593512e-01 -3.29843432e-01 -4.17514324e-01]
 [-5.21684885e-01 -1.14164317e+00 -5.20251207e-02 -3.75149012e-01
  -1.78999335e-01  1.68237245e+00  4.23374712e-01  5.83839893e-01
   1.33113503e+00 -1.54964074e-01 -1.52890408e+00  1.52863383e-01
   2.95406818e-01  1.71202374e+00 -4.00712430e-01]]
Peso 2:
[ 0.12460761  0.64656717  0.06545862  0.15181842  0.07438043 -0.21491316
  0.03226169 -0.07493945 -0.12824076  0.24508584  0.9064696   0.00250661
 -0.07624404 -0.27138993 -0.02311189]
Camada: saida
Peso 1:
[[-0.5398072   0.03826145]
 [-0.8481456   1.0760583 ]
 [ 0.22211921  0.55804396]
 [-0.13994288  0.5212653 ]
 [ 0.27068087  0.63807434]
 [ 1.1158885  -1.2999443 ]
 [ 0.30503365 -0.12224269]
 [ 0.5727528  -0.44094017]
 [ 0.78160924 -0.9024461 ]
 [-0.32942313  0.3998201 ]
 [-1.5632478   1.3655198 ]
 [ 0.27665344 -0.18518196]
 [-0.32464144  0.21139655]
 [ 0.932132   -1.4868209 ]
 [-0.1297522  -0.23619805]]
Peso 2:
[-0.5077515  0.5077581]



pesos modelo: 
Test loss: 0.0802, Test accuracy: 0.9567
Camada: meio
Peso 1:
[[-1.25215739e-01 -7.36670792e-02  1.77763700e-01 -1.66377306e-01
  -1.77574217e-01  4.37332392e-01  1.08416378e-01  3.23570132e-01
  -3.22659254e-01 -1.79586321e-01 -2.15004161e-01 -2.34936565e-01
  -1.25021040e-02  3.78673017e-01 -2.74610519e-01]
 [-2.21493572e-01  2.39261165e-02 -3.49355102e-01 -2.29498312e-01
   3.93467516e-01 -2.33436123e-01  3.81613880e-01  2.14574784e-02
   4.12981778e-01  1.59542799e-01 -1.17414974e-01  2.39107639e-01
   1.68928206e-02 -1.70303911e-01  1.09577350e-01]
 [ 5.39577082e-02  5.05899228e-02 -7.38077834e-02  1.95036411e-01
  -3.45517665e-01 -2.28240490e-01  5.88826369e-04  1.26600504e-01
   2.82343388e-01 -2.87164032e-01  2.60817140e-01 -4.41071063e-01
  -3.50494124e-02  3.00602585e-01 -7.63033852e-02]
 [-2.85551399e-01  2.61130720e-01  1.22380577e-01  1.90500561e-02
  -2.58190781e-01 -4.01579529e-01  4.60641123e-02 -3.34322095e-01
   1.77775994e-01 -9.79586020e-02  2.51394182e-01  1.24014124e-01
   3.54055673e-01  3.31541359e-01  2.31016114e-01]
 [ 3.38352174e-01  1.95239708e-01 -4.68086898e-02  3.49703550e-01
   8.15233588e-02  3.38418595e-02  2.97518428e-02  3.46893668e-01
   1.61163986e-01 -4.36973184e-01  1.14670768e-01  2.59577185e-01
   9.20063928e-02 -1.44998506e-01 -3.38349402e-01]
 [ 5.89448679e-03  2.21046418e-01  2.06766516e-01 -1.90651834e-01
   3.35399538e-01 -3.45806956e-01  3.71763378e-01  1.34782583e-01
   1.34913862e-01 -3.03149521e-01  2.87572388e-02 -1.41266659e-01
   4.88092721e-01  3.60124975e-01  4.05019969e-01]
 [-1.57124735e-02  2.87834972e-01  2.27203116e-01 -3.79731357e-01
  -2.14202046e-01 -2.05408007e-01  6.47984222e-02 -4.17302519e-01
  -2.00412214e-01  3.05005573e-02 -1.50462881e-01 -4.26610500e-01
   3.62345159e-01  3.93780977e-01  3.80625457e-01]
 [ 2.94299185e-01  6.77395761e-02  1.56159014e-01  2.20490247e-01
  -4.04927701e-01 -2.06521243e-01  2.24847436e-01 -1.19665623e-01
  -3.17173481e-01  1.24384537e-01  3.61118555e-01 -1.93017542e-01
   2.03902304e-01  1.18658490e-01  2.71162391e-01]
 [-2.29295865e-01  2.64901966e-01 -2.25905508e-01 -2.93102115e-01
  -3.27057868e-01  3.72861832e-01  6.85135797e-02  1.73496455e-01
   1.44950882e-01  3.09012860e-01  1.70344502e-01 -2.43978202e-01
   2.30081722e-01 -2.62089252e-01  3.90173614e-01]
 [-3.44919294e-01  9.89792347e-02 -3.32546413e-01  4.29381520e-01
   4.04984169e-02  3.27765435e-01  2.77112007e-01 -4.22567755e-01
  -9.45237428e-02  9.61272866e-02 -4.07214373e-01 -4.80564237e-01
   5.62637374e-02  6.57849610e-02 -3.97217274e-01]
 [-4.09118325e-01  2.07493961e-01  3.34850252e-01 -4.06364590e-01
   3.56238261e-02 -4.23566461e-01  2.48278361e-02  4.39803004e-02
  -2.28814915e-01  7.83743933e-02 -4.06697005e-01  2.03527078e-01
  -1.03715146e-02 -3.69792670e-01  1.37434099e-02]
 [-2.26772815e-01  9.68315661e-01  3.96823604e-03 -3.57694961e-02
  -2.24543303e-01  2.28182063e-01 -8.32523778e-02 -4.10029218e-02
  -2.50651032e-01  3.17942947e-01  2.47589096e-01 -2.81388424e-02
   9.85364541e-02  1.45875722e-01 -2.49537826e-02]
 [-3.41426611e-01  2.99086899e-01 -2.35667512e-01 -4.44936186e-01
  -3.85927290e-01 -2.71751255e-01  1.75680786e-01  3.36162031e-01
   3.63868296e-01 -5.19875765e-01  3.75969648e-01 -3.15982640e-01
   8.76492679e-01  1.41313717e-01 -3.00940931e-01]
 [ 8.53449032e-02  8.23268235e-01  9.56919715e-02 -6.46449402e-02
   1.64228097e-01 -2.73099840e-02  2.48289332e-01  2.82361172e-02
   4.36585322e-02 -2.57084578e-01  4.53727543e-01 -7.74211437e-02
  -4.53211695e-01  2.51044363e-01 -1.87171519e-01]
 [ 9.78866816e-02 -2.25854754e+00 -1.82558030e-01 -1.67874649e-01
   1.27630949e-01  2.26998910e-01 -1.37518442e+00 -1.83661252e-01
   1.29193962e-01  3.59007388e-01 -4.06880677e-01 -3.29994112e-01
   1.98657274e+00 -5.89906514e-01 -2.73961335e-01]]
Peso 2:
[-0.05661348  1.2718209  -0.00174619  0.05557673 -0.05167102 -0.00808085
  0.584425   -0.00735179  0.01194107 -0.0294292   0.11235227 -0.22539912
 -0.00284496  0.24091585  0.05318063]
Camada: saida
Peso 1:
[[ 0.20722131 -0.31642517]
 [-1.9928507   2.0711043 ]
 [ 0.12445828  0.28464472]
 [ 0.07901205  0.35999852]
 [-0.12404475 -0.48657966]
 [ 0.51513916  0.28321737]
 [-1.1779861   0.83608633]
 [-0.36059278 -0.2807395 ]
 [ 0.14160685 -0.21768786]
 [-0.47043788 -0.3548014 ]
 [ 0.07716849  0.7305022 ]
 [ 0.45603696 -0.42117104]
 [ 1.0191451  -1.9272218 ]
 [-0.13668452  0.69429034]
 [-0.46502587 -0.08467285]]
Peso 2:
[ 0.16531958 -0.1653192 ]



pesos modelo: 
Test loss: 0.0588, Test accuracy: 0.9728
Camada: meio
Peso 1:
[[-2.68592238e-01 -1.37911797e-01  1.21923089e-01 -2.71787941e-01
  -1.93202853e-01 -1.37863070e-01 -2.14974731e-01  2.46301293e-03
   9.37606692e-02  1.36027634e-01  3.49545121e-01 -1.52787209e-01
   3.56082439e-01 -1.86101139e-01 -1.19289160e-01]
 [ 3.03936183e-01 -3.80359411e-01  2.67195135e-01 -3.10084254e-01
   1.07831523e-01 -1.56368881e-01 -7.40873441e-02  2.56179161e-02
   7.09814131e-02  4.49128181e-01  2.22543061e-01  3.30626220e-02
  -2.74664581e-01 -1.84105686e-03 -2.43926480e-01]
 [ 2.26883292e-01 -2.81446844e-01  4.30353619e-02  2.49354184e-01
  -4.15579021e-01  3.36129129e-01  3.82394195e-01  3.30233216e-01
  -3.03510070e-01  3.55436713e-01 -3.21164638e-01 -1.06028967e-01
  -2.64318794e-01  3.77434164e-01 -6.38286546e-02]
 [-3.46602499e-01 -1.70338139e-01 -6.09875433e-02 -3.79647255e-01
  -1.07942730e-01 -1.75390631e-01  1.58538342e-01  4.45657633e-02
  -1.55867785e-01  9.23404284e-03 -8.20524767e-02  4.63605404e-01
  -1.80616707e-01  5.30442744e-02  1.98148742e-01]
 [-2.11123213e-01 -1.24127552e-01  1.20687835e-01 -3.64592314e-01
   3.65661651e-01 -1.02164187e-01  4.48147714e-01 -7.96684064e-03
   2.57197097e-02 -2.29079112e-01  1.55110136e-01  2.55379416e-02
  -3.54610205e-01 -2.93629915e-01 -2.16105908e-01]
 [ 1.78455666e-01 -1.42367482e-01  4.94578570e-01  3.54613572e-01
  -1.35637701e-01  6.03133738e-01 -1.10082328e-01  3.14078145e-02
   7.17791766e-02 -2.06149206e-01  4.39294398e-01 -6.34046867e-02
   3.14565957e-01 -1.02151759e-01 -9.65075418e-02]
 [ 1.50698334e-01  7.95626268e-02 -3.16019692e-02 -2.44544327e-01
  -2.29564622e-01  1.84469178e-01  2.75014699e-01  2.51608670e-01
  -1.56350806e-01  2.53008485e-01  6.39030486e-02  2.29535744e-01
  -3.07475448e-01  1.50818273e-01  1.13236688e-01]
 [ 3.83830607e-01  1.21696554e-01 -3.22575122e-01  3.03634048e-01
  -2.76687652e-01  2.67306179e-01  2.79105335e-01  2.81621635e-01
   2.80293256e-01  5.09037495e-01 -2.96505898e-01  1.73718214e-01
   1.08065389e-01 -1.90121338e-01 -2.56199300e-01]
 [-2.36855581e-01 -1.15517549e-01 -1.10558294e-01 -3.86027157e-01
   4.24516797e-01  7.72590041e-02  4.88817036e-01  1.18243858e-01
   3.43386501e-01 -1.51065975e-01 -3.97289187e-01  4.97085638e-02
   1.05409756e-01  1.59745976e-01 -2.63535619e-01]
 [-2.38558307e-01 -1.97736308e-01 -1.32876620e-01 -2.56656528e-01
   3.08721587e-02  1.53544873e-01 -1.15061127e-01  2.51857102e-01
  -4.54806209e-01  4.96635824e-01  3.19889247e-01  5.53391874e-01
  -4.84496504e-02  1.28855169e-01  4.19446938e-02]
 [-1.77537754e-01 -5.23435473e-02  2.96310157e-01  1.82855651e-01
   3.33454311e-02 -1.06094040e-01  2.61684973e-02  6.06171899e-02
   1.01625793e-01  3.22843432e-01 -4.26607937e-01  1.61905572e-01
   3.09237659e-01  2.88941443e-01 -1.58551529e-01]
 [ 1.25805944e-01  1.97950751e-01  1.94688112e-01 -2.87769020e-01
   1.93735495e-01  2.61125296e-01  7.24399507e-01 -4.67634678e-01
  -8.46250332e-04  1.38424158e-01  3.38386148e-01  5.26403487e-01
   1.85371444e-01  1.35627732e-01  5.16716897e-01]
 [-3.84995550e-01  1.64436147e-01  9.06314142e-03 -1.33121818e-01
   9.05488431e-03  2.49027357e-01 -2.94048116e-02  2.57644773e-01
   2.07347184e-01 -1.98385671e-01  2.73222536e-01 -1.75915465e-01
  -3.26977015e-01  3.02253366e-01 -4.25924182e-01]
 [-3.43179367e-02  7.48760104e-02  1.17933661e-01  1.78205520e-01
   1.01310566e-01  5.48654735e-01  2.97315419e-01 -2.92694122e-01
  -6.17221817e-02  6.23672783e-01 -4.01973039e-01  1.45851314e-01
  -2.21788630e-01 -1.84095889e-01  1.42825067e-01]
 [-1.11406825e-01 -2.26626083e-01 -4.57502484e-01  1.96608871e-01
   7.42460415e-02 -8.52402747e-01 -9.96158838e-01  2.95045304e+00
   1.00221941e-02 -7.71771073e-01 -5.07214367e-02 -5.98954558e-01
  -4.44354773e-01 -5.16903162e-01  3.55961293e-01]]
Peso 2:
[ 0.15291332 -0.13972262  0.14534989 -0.11077061  0.02722363  0.61972207
  0.6973559  -0.39214736 -0.03553239  0.5828597   0.01162095  0.4275036
 -0.02362549  0.16045272  0.06492715]
Camada: saida
Peso 1:
[[ 0.08853807  0.6652307 ]
 [ 0.03330692 -0.41920564]
 [-0.73099315 -0.17380688]
 [ 0.3066869  -0.42247525]
 [-0.2609511  -0.06372101]
 [-1.3086092   0.3949756 ]
 [-0.9729829   0.9984095 ]
 [ 2.2871635  -1.9343745 ]
 [-0.00544985 -0.05960067]
 [-0.5966565   0.9371873 ]
 [ 0.02559545  0.18170725]
 [-0.81518805  0.48154   ]
 [-0.24714848 -0.297659  ]
 [-0.61288977  0.0574642 ]
 [-0.42590854  0.3526685 ]]
Peso 2:
[-0.43180463  0.43180883]



pesos modelo: 
Test loss: 0.0761, Test accuracy: 0.9599
Camada: meio
Peso 1:
[[-5.66243827e-02  3.68009090e-01  1.95519149e-01  2.57254481e-01
  -3.80815804e-01 -5.71886599e-02 -1.71560049e-02 -2.78102010e-01
  -2.09173203e-01  1.32461905e-01 -3.94794434e-01 -2.82637179e-01
  -2.60933757e-01 -3.94038588e-01  1.39062405e-02]
 [-2.00676456e-01  2.36538917e-01  6.04180247e-02  4.01274860e-01
   2.02578604e-01 -3.77247512e-01  4.11641032e-01  4.70027506e-01
  -3.70363951e-01 -1.89686909e-01 -2.50749171e-01  1.38562605e-01
   2.90454119e-01 -2.19563827e-01  2.96822309e-01]
 [-1.87536508e-01  1.56749673e-02  4.29996967e-01  3.63521069e-01
   3.13506484e-01 -1.48260266e-01  1.34333655e-01  1.07046984e-01
   1.03688717e-01  2.12119967e-02  1.93501696e-01 -3.96842360e-01
   9.18563232e-02 -1.23041973e-01  9.35683474e-02]
 [ 1.47083044e-01 -3.49218160e-01 -2.34831333e-01 -1.19882315e-01
   2.55794615e-01 -2.31394753e-01  1.86711848e-01  2.73645550e-01
  -1.12696774e-01 -2.45593160e-01  2.16477379e-01 -2.95309752e-01
   4.60974544e-01  4.12701517e-01 -1.64163172e-01]
 [ 3.37837994e-01 -1.19244166e-01  3.90866220e-01 -3.60474437e-02
   2.29710475e-01 -1.77270070e-01 -1.44034013e-01  1.80355776e-02
   2.70385236e-01 -4.32754576e-01  8.09936672e-02 -1.92007013e-02
   5.00284620e-02  8.10538977e-02  3.11444044e-01]
 [-1.35845721e-01  9.53968987e-02 -1.16758188e-02  4.46749032e-01
   2.02390984e-01  2.04038128e-01  4.22578961e-01 -2.31806189e-01
   2.03763515e-01 -5.65665290e-02 -1.62493698e-02 -2.24983040e-02
   2.22614899e-01 -3.23435903e-01  1.88885644e-01]
 [-2.91870534e-01 -4.82752830e-01  7.07174838e-03 -2.14839309e-01
   8.70333910e-02  3.45469862e-01  2.56680965e-01  1.77368164e-01
   1.25728145e-01  3.66487280e-02 -3.05044830e-01 -1.83066875e-01
   1.73064679e-01 -2.15135366e-01 -2.88002968e-01]
 [-8.44797790e-02  2.08548427e-01  4.20173079e-01 -1.19174257e-01
   1.81805134e-01 -3.29203427e-01 -8.28892663e-02  9.38632488e-02
  -6.05278276e-02  3.89394425e-02  1.48497373e-02 -1.19503096e-01
  -4.76709940e-02  2.22630680e-01  4.19064403e-01]
 [-1.16549999e-01 -2.89263844e-01  3.42030108e-01 -3.43838632e-01
   3.78721178e-01 -8.34303796e-02  2.16189562e-03 -3.22475106e-01
   4.60872322e-01  2.35205323e-01 -1.52435735e-01 -1.34962052e-01
   4.08482790e-01 -1.66110903e-01  2.14109808e-01]
 [ 4.27284211e-01  3.63679349e-01 -1.99523494e-01  4.14451838e-01
   5.69148585e-02 -4.04208034e-01 -5.83537407e-02 -2.70653546e-01
   3.39072496e-01  3.37624073e-01  9.97349098e-02  9.39638019e-02
  -1.66031212e-01 -7.25981295e-02  4.32918876e-01]
 [ 2.94052631e-01 -2.16058999e-01 -2.24090386e-02  7.08489388e-04
   1.43379346e-01  4.77219313e-01  1.58131823e-01  1.63437575e-02
  -3.71123920e-03 -7.32833892e-02 -2.49002218e-01 -1.64239660e-01
   1.96258336e-01  1.97770193e-01  3.80927116e-01]
 [ 1.94330290e-02 -1.83906287e-01 -2.02733904e-01  2.02529997e-01
   7.68497169e-01 -3.55417520e-01  6.38804674e-01  5.06828904e-01
  -3.43503468e-02  1.56409919e-01  1.01845630e-01 -3.08921576e-01
  -3.15578490e-01 -1.04926512e-01  2.86863502e-02]
 [-2.83115715e-01 -6.12323135e-02  3.40622962e-02  4.34161246e-01
   2.77809590e-01 -1.22442983e-01 -1.91157892e-01  3.14680427e-01
  -3.07359546e-01 -4.31591094e-01 -4.78431553e-01 -1.28788471e-01
   4.14343119e-01  3.37994277e-01 -2.92939823e-02]
 [ 4.18874294e-01 -9.51672439e-03 -2.03264430e-01 -1.99439615e-01
   9.71849203e-01  1.67369932e-01  4.92894828e-01 -2.17039675e-01
  -4.21875894e-01 -1.02882922e-01  2.08553150e-01 -4.12282825e-01
   1.94475874e-01  2.16369972e-01 -1.94062050e-02]
 [-1.86550379e-01  2.61183381e-02  6.96109772e-01  8.25035274e-01
  -2.33354402e+00 -2.05533847e-01 -8.16002011e-01 -5.78279078e-01
  -3.69627863e-01 -2.51679141e-02 -2.97022820e-01 -3.01088989e-01
   1.89934206e+00 -7.31003508e-02 -4.59972322e-01]]
Peso 2:
[ 0.11065388 -0.12432817  0.05522206  0.03151233  1.2478025   0.0879319
  0.6175174   0.2191114   0.14106578  0.0847287  -0.26107243 -0.00822346
 -0.08856235 -0.0054887   0.03555914]
Camada: saida
Peso 1:
[[-0.47561377 -0.04721534]
 [-0.06067234  0.40313542]
 [ 0.7619334  -0.30660775]
 [ 0.46918106 -0.6882897 ]
 [-2.1981308   1.8805078 ]
 [-0.4671294   0.0549783 ]
 [-1.0250038   0.71289426]
 [-0.77761227 -0.01635072]
 [-0.31085506  0.23909794]
 [-0.34361163  0.11207319]
 [ 0.31268087 -0.32350877]
 [ 0.44421926  0.19718792]
 [ 1.6553227  -1.0665783 ]
 [-0.15476368 -0.24878097]
 [-0.5979787  -0.24020283]]
Peso 2:
[ 0.15299137 -0.15299125]



pesos modelo: 
Test loss: 0.0836, Test accuracy: 0.9538
Camada: meio
Peso 1:
[[ 0.23089111 -0.23781669  0.1729303  -0.27143693  0.33876884  0.38645315
  -0.04709998  0.07644707 -0.1053485  -0.04904589 -0.21189149  0.11310762
   0.16232008 -0.34469247 -0.11409444]
 [-0.01028934 -0.28145248 -0.3380685   0.21909626 -0.18573363  0.13935745
   0.32688156  0.23640619  0.13673802 -0.07026906  0.47392726  0.16329557
   0.00590294  0.17264053 -0.13690697]
 [-0.09961893  0.16067086 -0.04539692  0.00715209  0.12193351  0.03637637
   0.19109999  0.14634365 -0.32630935 -0.01872452  0.17658699  0.36591786
   0.21010704 -0.2855978   0.35783505]
 [-0.35068637 -0.08139716  0.04453729  0.03058551  0.162998   -0.17068799
   0.18195224  0.13023272  0.16214806  0.09686761 -0.3426307   0.087949
   0.2723367   0.4187607   0.02972916]
 [ 0.40797165 -0.14537588 -0.12771858  0.12385835 -0.25973022  0.24132802
   0.17755355 -0.30445862 -0.31817812 -0.05241995 -0.22355393  0.2294392
  -0.18315203  0.02641808  0.3832552 ]
 [-0.1940327  -0.09652488  0.17493741  0.14240825  0.30593008 -0.12222054
   0.2537192  -0.09930068  0.24473858 -0.3021887  -0.31931305 -0.19329411
   0.4501204   0.1424899  -0.10533128]
 [ 0.20273909  0.06122034 -0.2737035   0.205508   -0.21679473 -0.3127682
   0.17902246 -0.08073711  0.4374497   0.03505616 -0.14016567 -0.2660944
  -0.17510293 -0.40526596  0.36707506]
 [-0.26710483 -0.19812128 -0.14298792  0.14348023 -0.45566043  0.36276227
   0.37388858  0.11242389 -0.2538487   0.2381611  -0.41812766  0.08600274
   0.04678556 -0.09978293  0.18483809]
 [ 0.3179345   0.28862712  0.44229108 -0.06605624  0.45538378  0.01310959
   0.08957935  0.11111137 -0.3360175  -0.29356423  0.21181764  0.04019991
  -0.38190547  0.05536504  0.16573352]
 [ 0.31908768 -0.01288075  0.38335586 -0.00881497  0.26977587  0.12108552
   0.28964707  0.27791387 -0.07140068 -0.2595467  -0.22224268 -0.03190398
   0.04787018 -0.12912281 -0.2100284 ]
 [-0.37825403 -0.07505344  0.43081877  0.23115675  0.10565959 -0.25064313
   0.41296718  0.43126398  0.08215657  0.00638293  0.3487107  -0.09276412
   0.19253266  0.09135373  0.44891566]
 [-0.18523484 -0.1583676  -0.09276505 -0.43369746  0.32438856 -0.2357437
   0.5392221  -0.0107365   0.3890763   0.2319934  -0.37275812 -0.05591449
   0.0733339  -0.01910012  0.22775306]
 [ 0.04047427 -0.42384267  0.11742818  0.49983996  0.04516294 -0.1028757
   0.09419882 -0.13412087  0.13448665 -0.24185903  0.34245837 -0.07946251
   0.0125255   0.06947542  0.20523384]
 [ 0.23348956  0.1378312   0.00619668 -0.55869406 -0.17993622 -0.01464392
   0.64330345 -0.28861514 -0.20387597  0.14818169 -0.19815744 -0.14178273
  -0.19168282  0.4855031   0.35645807]
 [ 0.25734743 -0.18615821  0.8674574   2.3980196  -0.18160592 -0.20551671
  -1.9520919   0.691687   -0.38931006 -0.4272738  -0.18120775  0.7847151
   0.37952694 -0.03321252 -0.21832883]]
Peso 2:
[-0.00615359 -0.11749901  0.00169987 -0.3753044   0.14443415  0.01388079
  1.1936092  -0.01057207  0.21059176 -0.16935453  0.08391378  0.06054302
 -0.00994241  0.06114094  0.17897943]
Camada: saida
Peso 1:
[[-0.03605002 -0.04756536]
 [ 0.49469113 -0.12393374]
 [ 0.1115535  -0.83029085]
 [ 1.8276913  -1.821927  ]
 [-0.12704596  0.5694396 ]
 [ 0.32920206  0.47272068]
 [-1.8333822   1.7678579 ]
 [ 0.4010294  -0.36982834]
 [-0.13914263  0.5280959 ]
 [ 0.43988997 -0.21355397]
 [-0.492705   -0.01976209]
 [ 0.67376876 -0.2000237 ]
 [-0.22685282 -0.54008543]
 [-0.20538816  0.12424675]
 [-0.5708312   0.09387838]]
Peso 2:
[-0.42936233  0.42936537]



pesos modelo: 
Test loss: 0.2326, Test accuracy: 0.8840
Camada: meio
Peso 1:
[[-0.18046278  0.17637491 -0.24337031  0.30525     0.37551522 -0.22614881
   0.43906355  0.2526849   0.25039554 -0.07269701 -0.12401783 -0.15418485
   0.28330737 -0.3348727  -0.32414067]
 [-0.2948312  -0.10207989 -0.10726933 -0.18150534  0.0542933   0.30599165
   0.32700297  0.09460433 -0.14524148  0.3361881   0.25493357 -0.2766294
  -0.22385173 -0.0698735   0.12960215]
 [-0.24556474 -0.25671425 -0.14367664  0.1758797  -0.06143946 -0.15249613
   0.07347327 -0.3056149  -0.2857524   0.06703954  0.3425253   0.19469346
   0.04946905  0.21804965 -0.17584467]
 [ 0.20353884  0.01039594 -0.22499877  0.11475073  0.01115628  0.1848469
  -0.01315192  0.16746569 -0.02329202 -0.04870106  0.0704453   0.2769037
   0.48734134  0.36702168  0.1637623 ]
 [ 0.31016448  0.25215206 -0.00783058  0.01497083  0.23539644 -0.10813116
   0.03613699 -0.29350784  0.30879602  0.23218668  0.2914624   0.22112739
   0.28799883  0.10663732 -0.05314613]
 [ 0.164262    0.34803605  0.00637684 -0.14577064  0.12362347  0.03921088
   0.00425677  0.02950671  0.2811989  -0.04323728  0.06647202 -0.23701504
  -0.08026484  0.13092774 -0.28387582]
 [ 0.09621368 -0.27537948  0.3116026   0.1691272   0.14883378  0.20075782
   0.21195208  0.16395834 -0.18698536 -0.10732155  0.31004536  0.144623
  -0.28208205 -0.36431807 -0.13479933]
 [ 0.08966056  0.41188362 -0.28061208  0.28137428 -0.27837092  0.44217536
   0.23635796 -0.33151102  0.0756711   0.23655331  0.44770253 -0.07248621
   0.38522768 -0.24764909  0.23006399]
 [-0.21147843  0.33680135  0.01286875  0.19803944  0.20274031 -0.2551795
   0.16111726 -0.40237585  0.41257364 -0.06482037  0.1353439   0.2766008
  -0.09231088 -0.13889802  0.13518174]
 [ 0.2970771   0.23688178  0.36550277  0.08727644 -0.1308447  -0.00966769
   0.05508528 -0.0158525   0.08618565  0.13820054  0.30067188 -0.2909634
   0.33265483 -0.12112883 -0.22672945]
 [-0.259597    0.14642124  0.29518762  0.20229848 -0.1578173  -0.36560145
   0.07020191  0.06060246  0.3712954   0.32643074  0.395255    0.04912109
   0.18871452  0.37200084  0.2518029 ]
 [ 0.11432009  0.06407288  0.39524224 -0.40126178 -0.21147056  0.21776055
   0.2675173  -0.01673154  0.05764447 -0.5329804   0.71180665 -0.39206412
   0.37146047  0.10622334 -0.30103222]
 [-0.2800589   0.07585809 -0.0178769   0.3575261   0.11112688  0.31782618
   0.31701428  0.16700655  0.5343249   0.4075886  -0.17538907 -0.28893912
   0.19664425 -0.0875932   0.3839224 ]
 [-0.43139714 -0.39694548  0.13806242 -0.44589698  0.0878862  -0.09034304
   0.20781893  0.0308079  -0.3586218  -0.6032151   0.6790764   0.4068784
   0.4473992   0.03942705 -0.06904903]
 [ 0.39863098  0.7214306   0.41018113  1.7070032   0.61725885  0.4116414
  -1.1750329  -0.1322111  -0.7710305   1.8628217  -1.2745435   0.37879556
  -0.577579   -0.23354083 -0.01653907]]
Peso 2:
[ 3.8168619e-03 -1.0491237e-01  3.9899857e-03 -2.8881943e-01
  9.5569417e-03 -4.8542067e-02  6.7783743e-01 -1.3494636e-01
  3.1455150e-01 -3.0562812e-01  8.4273362e-01  1.8167304e-04
  3.3438310e-01 -1.0512217e-01  1.8287139e-02]
Camada: saida
Peso 1:
[[ 0.43220243  0.06077649]
 [ 0.41819325 -0.4779905 ]
 [ 0.04237458 -0.14518414]
 [ 0.9867451  -1.5271034 ]
 [ 0.4326001  -0.3677728 ]
 [ 0.12103377 -0.26261565]
 [-1.1497161   0.874886  ]
 [ 0.13744254 -0.14096752]
 [-0.4394441   0.7598672 ]
 [ 1.4359983  -1.4691952 ]
 [-1.4040825   1.1293641 ]
 [-0.25667852 -0.36826345]
 [-0.11562549  0.99681664]
 [-0.3585187  -0.2605992 ]
 [ 0.17587511  0.37336802]]
Peso 2:
[-0.58641326  0.58641344]
