


pesos modelo: 
Test loss: 5.9873, Test accuracy: 0.0000
Camada: meio
Peso 1:
[[-3.00132155e-01  7.57828355e-02  6.02248609e-01 -3.57339648e-03
   2.96660781e-01  9.33075547e-02  4.88071471e-01  4.34778631e-02
  -3.59570563e-01 -3.55397969e-01  1.50333032e-01 -5.07287681e-01
   1.30254149e-01  4.14208889e-01  6.59336686e-01]
 [ 1.98979676e-02 -3.89278680e-01 -3.39215606e-01 -3.95019531e-01
  -2.44747460e-01  1.38940156e-01  2.75801837e-01 -2.49056146e-01
   2.12294936e-01 -8.72884989e-02 -3.97840589e-01 -2.58570075e-01
   3.53911161e-01  1.90228224e-04  2.70299137e-01]
 [ 3.96260858e-01  3.35527658e-02  3.51601005e-01 -1.76267877e-01
  -1.62310779e-01  2.69800574e-01 -1.40761718e-01 -2.71079957e-01
  -2.31083274e-01 -3.05738658e-01 -1.17831543e-01  1.06588453e-01
  -2.10220814e-01  2.00713322e-01  3.14492881e-01]
 [-4.34674174e-01 -4.42378730e-01 -3.05222869e-02  2.70222604e-01
  -2.62333393e-01 -6.41842484e-02  1.82752609e-02  1.29303515e-01
   1.07874274e-01  4.27749276e-01  2.47865438e-01 -6.81594014e-02
   9.84712243e-02  3.57333183e-01  4.43748176e-01]
 [-4.13817674e-01  4.32851255e-01  5.46752214e-01  3.13234746e-01
  -2.81757087e-01  3.16236317e-01  2.42386356e-01  2.73069263e-01
   3.84552896e-01 -1.37124792e-01  5.80707252e-01  3.88425440e-02
  -2.01717019e-01  2.14714080e-01  5.68054557e-01]
 [-2.13416412e-01  1.62529051e-01 -4.40400839e-02  7.30282664e-02
  -4.32858378e-01 -2.42673159e-02  3.41136754e-01 -4.90681529e-02
   1.25420034e-01 -7.41967857e-02  4.02390659e-02 -5.76139688e-02
   1.59519792e-01 -1.72178835e-01  4.11870480e-01]
 [-1.30830139e-01 -6.65155947e-02  4.62569714e-01 -1.98558912e-01
  -4.26906288e-01  1.58177301e-01 -9.52634290e-02 -3.17417264e-01
  -1.08314991e-01  2.81260818e-01  2.76443332e-01 -4.41649109e-01
   2.50000000e-01  7.29341149e-01  3.45560014e-01]
 [-3.50745380e-01 -5.57124615e-04  1.69120014e-01 -2.05831826e-01
  -2.16900140e-01  4.00742352e-01 -1.01168603e-01  3.71528864e-01
  -2.77400553e-01  1.66614234e-01 -7.59541690e-02 -4.14273053e-01
   4.11056936e-01 -2.91963458e-01 -2.35565633e-01]
 [-3.91167849e-01 -4.39104080e-01 -1.82068184e-01  1.24329254e-01
   3.71425986e-01  1.08436674e-01  5.80949962e-01 -1.26636714e-01
   6.68177605e-02  2.83073217e-01  3.90570521e-01  2.12365776e-01
   3.57579529e-01 -4.11829501e-02  3.96370322e-01]
 [ 3.97197247e-01  1.29772007e-01  3.37046087e-02  4.47043419e-01
  -2.49462381e-01  3.96429420e-01 -3.28883201e-01 -2.39557326e-01
  -4.45510060e-01 -3.40476543e-01 -3.40686053e-01  5.95178604e-02
  -3.32107186e-01 -2.65241235e-01 -2.71580338e-01]
 [ 1.24198020e-01 -1.64050758e-02  1.96921483e-01  1.35922596e-01
  -4.70347404e-02  2.18264181e-02 -1.76455528e-01 -3.23402613e-01
  -3.86951506e-01  2.77624935e-01 -1.75761059e-01  3.72402996e-01
  -2.81006485e-01  5.02475858e-01  3.49148780e-01]
 [-4.31959212e-01 -8.05480480e-02 -3.68201256e-01 -1.22476250e-01
  -2.25074053e-01  3.88133347e-01 -2.80233204e-01  3.82652760e-01
  -2.84839809e-01 -3.14407587e-01  2.90484369e-01  7.90730119e-02
  -2.61778951e-01  3.02872717e-01  3.85822773e-01]
 [-1.55602962e-01 -2.46655598e-01  4.16560650e-01  2.97607064e-01
   2.32161045e-01  4.36159372e-01  6.90534338e-02  3.23918164e-01
   3.64185572e-01  2.75950376e-02  3.26561838e-01  1.12154871e-01
   3.33315551e-01  5.79190016e-01  2.26019144e-01]
 [-1.71008945e-01  4.01136458e-01 -4.22694445e-01  9.30749774e-02
   3.35389376e-01 -3.95590395e-01 -3.62345755e-01 -1.23125285e-01
   2.55789995e-01 -4.34971541e-01 -8.16624761e-02  1.11425400e-01
   5.90771437e-03  4.19953585e-01 -1.58268452e-01]
 [ 2.05524087e-01 -1.21876478e-01  7.48930201e-02 -4.68094707e-01
  -8.02817047e-02 -1.61666393e-01  6.11631811e-01  9.15611386e-02
   1.58715010e-01  1.10727083e-02  5.06511152e-01  3.75469774e-01
  -6.02299385e-02  2.64653802e-01  7.78918922e-01]]
Peso 2:
[ 0.0000000e+00  0.0000000e+00 -2.4027618e-06 -3.9438855e-02
  0.0000000e+00 -6.3509594e-07 -1.5588677e-06  0.0000000e+00
  0.0000000e+00 -8.7133996e-02 -1.0879788e-06 -6.7894995e-02
 -2.7115824e-02 -3.0864799e-06 -5.0714680e-06]
Camada: saida
Peso 1:
[[-0.09478906 -0.56339014]
 [ 0.23331326 -0.20109531]
 [ 0.7145277  -0.5963957 ]
 [-0.4789819   0.37780282]
 [ 0.5365603  -0.2628647 ]
 [ 0.37796515 -0.04961434]
 [ 0.318008   -0.53260726]
 [ 0.01465809  0.09197336]
 [-0.3183547  -0.10787761]
 [-0.39551362  0.44786125]
 [ 0.6196455  -0.47775677]
 [-0.23922467 -0.14586526]
 [ 0.3509304   0.3274856 ]
 [ 0.6884582  -0.84550166]
 [ 1.0669032  -0.7719196 ]]
Peso 2:
[-3.6818712  3.6818893]



pesos modelo: 
Test loss: 7.2948, Test accuracy: 0.0000
Camada: meio
Peso 1:
[[ 0.3896749   0.31979316 -0.10853688  0.10854382  0.82795596 -0.32063848
   0.26131606 -0.38279733 -0.24982905  0.23371261 -0.3834266   0.02025709
   0.01795214  0.37746358 -0.14935297]
 [ 0.37912506  0.02668992 -0.41572985 -0.13058203 -0.35740298 -0.28869778
   0.35638344 -0.12389275  0.12664288 -0.33258337 -0.43706617 -0.31526348
   0.36933702  0.01192942 -0.14298752]
 [-0.29678735  0.56194127  0.16610892  0.20592178  0.5883272  -0.06511307
   0.39975256  0.00811133 -0.23285441 -0.23426376  0.16045177  0.17665845
   0.22022045  0.44964674  0.23642749]
 [-0.37090042  0.16027236  0.09492695 -0.11054075 -0.14976752 -0.1607014
   0.1253115   0.02899161 -0.13498953 -0.28610533 -0.14386758 -0.00351647
  -0.1123924   0.27188915 -0.2178039 ]
 [ 0.22181188 -0.07699106  0.06056116  0.12496743  0.18404722  0.09682953
  -0.36349517  0.06635332 -0.30080193 -0.12590262  0.13721704 -0.27182806
  -0.43098056  0.5934789   0.36561072]
 [-0.27085394 -0.44205055  0.09483111  0.08739203  0.09619504 -0.17742589
  -0.00979066 -0.24926235 -0.27274066  0.2559802  -0.21296646  0.02340409
   0.01524958  0.32074296 -0.3083232 ]
 [-0.13816835  0.28066522 -0.07046357 -0.48285416  0.82040066 -0.08101794
   0.03655252 -0.30228072  0.42865676  0.33156365 -0.22485472 -0.238802
   0.21156877  0.24482225 -0.4174446 ]
 [-0.42458647 -0.14584172  0.08194363  0.00448889  0.404445    0.39011443
   0.19392717  0.16986859  0.29349512 -0.2632091   0.2143324   0.3916955
  -0.43691766 -0.05455598 -0.07474729]
 [ 0.16692393  0.16849335 -0.04468709 -0.12857987  0.98080367 -0.22627442
  -0.17485446 -0.37643516  0.31200033 -0.37233078 -0.4036503  -0.31902337
   0.13291484  0.0125307   0.3081622 ]
 [ 0.15388185 -0.1704418  -0.08118758 -0.0632112   0.3202284   0.04250023
  -0.42843485  0.34294033 -0.15582207  0.2394076   0.28455263 -0.07391241
  -0.0743936  -0.08932534 -0.04891622]
 [-0.29090488  0.18138488 -0.25732186  0.22901036  0.7030629  -0.09023485
  -0.21056892 -0.19927669 -0.2955714  -0.04662412 -0.3997899   0.2607928
   0.19698125  0.35512042 -0.39700636]
 [-0.34180155  0.03309971  0.23909587  0.06638873 -0.31890756 -0.01361385
  -0.03241754  0.40731895  0.0949083  -0.1277552   0.2779324  -0.3326769
  -0.3559909   0.35563368  0.10284966]
 [-0.41995645  0.3307482   0.079487   -0.038445    0.6577084   0.35459697
  -0.03796902  0.25090092  0.13550699 -0.20430742 -0.08047652 -0.09231061
  -0.09341164  0.01657065 -0.0701361 ]
 [-0.38489634  0.43025875 -0.15980107 -0.05759999  0.11737144  0.05899775
  -0.11163792 -0.05315816  0.3930843  -0.08462846  0.27952534 -0.01990008
   0.0879674  -0.44142103  0.06292087]
 [ 0.36641008  0.00764439  0.2244241   0.02653485  0.6578991  -0.3509066
  -0.3364953   0.20490801  0.14167261 -0.328732   -0.4103109  -0.05032334
  -0.20981789 -0.04250972  0.01466838]]
Peso 2:
[-8.8776404e-04 -3.1453567e-06 -6.3296087e-02 -4.3434776e-02
 -2.7244721e-07  0.0000000e+00  0.0000000e+00  0.0000000e+00
  0.0000000e+00  0.0000000e+00  0.0000000e+00  0.0000000e+00
 -5.7668284e-02 -8.4058604e-07  0.0000000e+00]
Camada: saida
Peso 1:
[[-0.298376   -0.24962589]
 [ 0.3272068  -0.54795134]
 [-0.31903538  0.38445297]
 [ 0.30982822  0.36457008]
 [ 1.6201673  -1.1141776 ]
 [ 0.17649227  0.47252905]
 [ 0.284122   -0.05484408]
 [ 0.10827678 -0.30545852]
 [ 0.38896722  0.41132188]
 [-0.18543625 -0.18936822]
 [ 0.50051033 -0.28536677]
 [ 0.55992556 -0.53062695]
 [-0.41826868  0.5513263 ]
 [ 0.6044515  -0.35453126]
 [ 0.3616873   0.21411896]]
Peso 2:
[-3.6815403  3.6815608]



pesos modelo: 
Test loss: 8.0717, Test accuracy: 0.0000
Camada: meio
Peso 1:
[[ 0.11826354  0.08438388  0.10313314  0.2162376   0.47025913 -0.09138004
  -0.26262426  0.11652887  0.4601031   0.6657209   0.20149004  0.26901218
   0.7140768  -0.48612195  0.3099131 ]
 [ 0.13365793  0.28177172 -0.34398425  0.2129699   0.26798886  0.08104086
  -0.09381625 -0.18001261  0.42117417 -0.28568137  0.03380921 -0.08474702
  -0.41615614 -0.24688186  0.33204794]
 [-0.14547941 -0.2829692   0.13194668  0.30921298  0.02325762  0.33433756
   0.10328341 -0.09350458  0.44991326  0.66543067 -0.27129263  0.33241448
   0.01645003 -0.02097828 -0.23086981]
 [ 0.23561269  0.39196134 -0.16690692 -0.39260897 -0.01619342  0.43408805
  -0.4120284   0.22539091 -0.22589453  0.43465447  0.43570703  0.05732459
  -0.3681701   0.12445414  0.23083311]
 [-0.09076574  0.45664838  0.32558435 -0.00523514 -0.03483026  0.32604057
  -0.14301205 -0.14665526  0.5559787   0.4256764  -0.15941516  0.482874
   0.46633562  0.16870233 -0.139837  ]
 [-0.10956633 -0.29325086 -0.32246315 -0.15396702 -0.02358428  0.02439013
  -0.10133323 -0.17101055 -0.31051958 -0.4345878   0.4405675  -0.18207791
   0.19309622 -0.12165216 -0.26933104]
 [-0.18320674  0.47945455 -0.23160787 -0.37271518  0.31658655 -0.10507264
   0.39935988 -0.18980238 -0.14128956 -0.05644653  0.10870582 -0.2764196
   0.68095905 -0.3514329  -0.36032152]
 [-0.26070738  0.18980068 -0.40677834 -0.16141844 -0.2695195   0.01933637
  -0.20401217  0.11649925 -0.36544     0.38112622 -0.27906972  0.28192407
   0.03212455  0.28530008 -0.12662351]
 [-0.03891692  0.40838376  0.30606395  0.41156536  0.53265214  0.4309639
  -0.03222147 -0.17403996  0.18656287  0.73432446  0.03354717 -0.17051563
   0.2068436   0.36908552 -0.0700973 ]
 [ 0.25313896  0.2553653   0.4143334  -0.12559107 -0.02743798 -0.0911724
  -0.23143406  0.20927888  0.36305577  0.09925503  0.41876984 -0.35067898
   0.25053287  0.06553102 -0.39340824]
 [ 0.43985397  0.2905887  -0.36723086 -0.4427178   0.5042279   0.38930959
  -0.2086532   0.11872566  0.64340776  0.5390195   0.30042988  0.28537667
   0.29251763  0.19466409 -0.3981549 ]
 [-0.16700959  0.12526906 -0.04464626 -0.25710562  0.29100704 -0.36276662
  -0.35492152 -0.10186678  0.3355971   0.23811567 -0.41311362 -0.26656252
  -0.44300118  0.00396237  0.23047304]
 [-0.04102606  0.11079787 -0.36990967  0.10398936  0.05313746  0.41174603
  -0.40884098  0.16988468  0.10883721  0.4682076  -0.32035005 -0.14895731
   0.5132524   0.17082629  0.2678486 ]
 [ 0.40498132 -0.1700745  -0.4412291   0.09647793 -0.3291488   0.0829227
   0.3539744  -0.3640848   0.33787948 -0.25691527 -0.37688684  0.24489331
   0.02066663 -0.05143639  0.14366841]
 [-0.09958419 -0.33941492 -0.06655514 -0.40411168  0.15925132  0.54391044
   0.3651213   0.18112737 -0.23096567 -0.11625436  0.13696384 -0.03860823
   0.27301607  0.00591647 -0.19306168]]
Peso 2:
[ 0.0000000e+00 -1.1278082e-06  0.0000000e+00  0.0000000e+00
 -5.7853077e-07 -3.4205402e-06  0.0000000e+00  0.0000000e+00
 -1.0065264e-06 -4.0326991e-06 -3.0675042e-02 -1.1215689e-07
 -1.8233521e-08 -6.0779214e-02  0.0000000e+00]
Camada: saida
Peso 1:
[[ 0.08707243  0.5101813 ]
 [-0.04042861 -0.53981346]
 [ 0.5877335   0.19042134]
 [-0.07487851  0.40131527]
 [ 0.7484966  -0.3122975 ]
 [ 0.97454923 -0.10622141]
 [ 0.18669713 -0.4557268 ]
 [ 0.37893432  0.16107458]
 [ 0.71061975 -0.32301313]
 [ 0.65714955 -0.9786634 ]
 [-0.13199815  0.54257214]
 [ 0.15933897 -0.16432764]
 [ 0.6773272  -1.013623  ]
 [-0.48382598  0.270354  ]
 [-0.10982576  0.5293542 ]]
Peso 2:
[-3.6816397  3.6816485]



pesos modelo: 
Test loss: 7.3109, Test accuracy: 0.0000
Camada: meio
Peso 1:
[[ 3.95409644e-01 -2.10064910e-02  8.99648815e-02  4.56109762e-01
  -1.81098238e-01 -2.12377578e-01  3.03668141e-01 -3.22087631e-02
   4.40765411e-01 -2.59024858e-01  1.02245808e-01  1.26842141e-01
  -3.58700812e-01  1.67575762e-01  8.19004953e-01]
 [ 4.82293665e-02  3.20986927e-01  2.36979783e-01  4.28302765e-01
   1.17075205e-01 -2.64766872e-01 -3.73162150e-01 -2.67233491e-01
   1.41603529e-01 -3.51233482e-02  4.22193110e-01 -2.88971066e-01
   8.78058672e-02 -6.07502460e-03 -4.40594584e-01]
 [-2.04910293e-01  1.66104898e-01  2.99107850e-01  2.84999877e-01
   3.96421731e-01  1.35564327e-01 -4.92142439e-02 -2.03270242e-01
   4.79895562e-01  6.16595149e-03 -3.69250625e-01  4.23583806e-01
  -2.36501358e-02 -3.20086300e-01  3.48338723e-01]
 [ 3.91575158e-01 -4.75733876e-02  1.52749062e-01  3.41116607e-01
  -4.32688624e-01  5.98188639e-02 -3.16986203e-01 -7.64245987e-02
   2.87284613e-01  3.45501006e-01 -2.77469933e-01 -2.75064617e-01
  -1.07641220e-02  3.35318804e-01  2.53559172e-01]
 [ 4.05921638e-01  3.04227859e-01  3.64691913e-02  4.79335010e-01
   5.58555722e-01 -3.37842166e-01 -2.92723596e-01 -1.20454475e-01
   6.42568588e-01  1.15103066e-01  2.24983633e-01  1.60932079e-01
   2.61772275e-01  4.10157025e-01  6.41965806e-01]
 [-4.38958406e-04  2.85280883e-01 -1.05426967e-01 -1.27839983e-01
   6.65342212e-02 -6.76448345e-02 -7.01630116e-03 -2.65311599e-02
  -6.69934750e-02 -3.49612951e-01 -3.77101153e-01  4.22101498e-01
  -3.73056889e-01 -1.07639521e-01  2.22687423e-02]
 [ 1.72965380e-03  1.70174167e-01 -9.42578763e-02 -6.99515417e-02
   3.84509802e-01 -3.22957575e-01 -2.75364339e-01  2.30955258e-01
   3.56703430e-01 -1.84243232e-01  2.27051377e-01 -2.25877240e-02
  -3.70719433e-01 -9.74149182e-02  3.67520243e-01]
 [ 4.24398839e-01 -1.76205069e-01  1.14452124e-01  3.71956646e-01
  -8.22443366e-02  2.19996810e-01 -3.07735085e-01  4.10813868e-01
  -3.55953008e-01  2.50269294e-01  4.80652452e-02 -2.73687780e-01
   4.50274348e-02 -3.09650570e-01  1.21839464e-01]
 [ 4.21408899e-02 -3.38756412e-01 -2.69270152e-01 -2.85783529e-01
  -5.24489135e-02  3.04043949e-01 -3.66134018e-01  1.20420203e-01
   3.53789926e-01  9.10511613e-02 -1.56486630e-02 -1.08904026e-01
   5.18639535e-02 -1.55419245e-01  7.82488406e-01]
 [-3.66694331e-01 -3.79266798e-01 -3.07027102e-02  4.66240346e-02
   3.01320910e-01  2.46063709e-01  2.24587739e-01 -1.80351466e-01
   4.16049302e-01  2.64800251e-01  4.22311127e-01 -5.56391776e-02
   3.41195583e-01  1.05491817e-01 -3.81548703e-02]
 [-2.54284471e-01  3.35946172e-01  4.77882653e-01 -1.46003917e-01
   9.62517504e-03 -5.58605492e-02  8.86480808e-02  5.76925933e-01
   4.48689252e-01 -4.08864349e-01  3.72600019e-01  5.83049417e-01
   5.59564903e-02  9.96752921e-03  6.43849909e-01]
 [-4.23472464e-01  2.44252384e-01 -2.97844112e-01 -3.61083448e-02
  -2.19654769e-01 -4.41363782e-01  6.66791201e-02  1.11550093e-02
  -4.28656757e-01  2.12884784e-01 -2.46857658e-01 -1.72318727e-01
   1.67398036e-01 -3.93694520e-01 -9.11265314e-02]
 [-4.10020024e-01 -1.11764371e-01  3.70110720e-01 -2.74096668e-01
   3.65141928e-01  4.18361545e-01 -3.78078222e-03  5.51008165e-01
   6.92809075e-02  2.87714899e-01 -3.78164619e-01  4.34231400e-01
   1.78791821e-01 -3.39820683e-01  3.40770006e-01]
 [ 4.36576009e-01 -4.19047892e-01 -3.28184187e-01 -3.83643389e-01
  -4.31435168e-01  1.89563215e-01  3.26333642e-02 -2.66717553e-01
   2.93579757e-01 -1.84579641e-01 -2.73164034e-01 -3.51230621e-01
   4.68857884e-02  2.15207040e-01 -3.89435410e-01]
 [ 3.22480984e-02 -4.63694692e-01  1.88457415e-01  4.42778349e-01
  -1.66672364e-01 -3.61728519e-01  2.85187304e-01  2.52428442e-01
   3.90505761e-01 -4.87866700e-02 -2.56582946e-01  3.58310156e-02
   3.19312692e-01  3.19754779e-01  3.96598846e-01]]
Peso 2:
[-1.0473265e-02 -4.1621841e-02 -2.6897412e-06 -1.3905614e-06
 -9.9463921e-07  0.0000000e+00  0.0000000e+00 -2.3449977e-07
 -2.8221237e-07  0.0000000e+00  0.0000000e+00 -2.5109371e-06
 -1.1468632e-01 -1.8749896e-03 -3.1745687e-06]
Camada: saida
Peso 1:
[[-0.5583099  -0.41308346]
 [-0.27063805 -0.09759837]
 [-0.16261598 -0.6457708 ]
 [ 0.12105549 -0.2993304 ]
 [ 0.49525633 -0.14257151]
 [ 0.1945036   0.5525013 ]
 [ 0.00346297  0.05671352]
 [-0.05018311 -0.7499566 ]
 [ 0.90166086 -0.70394695]
 [ 0.04786599  0.49496365]
 [-0.07107359 -0.3460869 ]
 [ 0.05453512 -0.7204369 ]
 [-0.32836932  0.00846046]
 [-0.39713904 -0.20608133]
 [ 1.1660658  -0.9582375 ]]
Peso 2:
[-3.6816351  3.6816506]



pesos modelo: 
Test loss: 6.0617, Test accuracy: 0.0000
Camada: meio
Peso 1:
[[ 2.84722447e-02 -3.13468993e-01  4.57177591e-03 -4.36639905e-01
   1.17149152e-01  5.99268854e-01  7.92628825e-01  8.44841003e-02
   2.29381859e-01  3.32556546e-01 -4.42597210e-01 -2.64732867e-01
   8.14420581e-02 -3.35883945e-01  1.89804941e-01]
 [-1.58833236e-01  3.62287104e-01  4.44343805e-01  2.14918852e-01
   1.29146636e-01 -4.35436010e-01  4.46919203e-01  4.03944373e-01
  -1.54374748e-01 -3.02211195e-01 -4.11192894e-01  2.63475657e-01
  -4.12966818e-01 -1.57879800e-01 -4.36840028e-01]
 [-2.61814892e-01  5.01633167e-01  3.20886672e-01 -4.22578841e-01
  -2.24100858e-01  2.60048658e-01  6.69954836e-01  1.79491639e-01
   1.70559525e-01  6.00898743e-01 -4.07062918e-01 -1.35451868e-01
   4.43085693e-02 -8.23861063e-02  1.78820461e-01]
 [-1.11361027e-01 -1.71424448e-01 -3.82056296e-01  3.75181675e-01
   1.22366011e-01 -3.38228047e-01  3.14788163e-01  3.77588511e-01
   2.75874197e-01  4.37256157e-01  2.62054026e-01  4.42805648e-01
  -1.99140519e-01  3.25967014e-01  1.63518846e-01]
 [-4.14293647e-01  2.24364355e-01  2.63110161e-01 -3.26287746e-01
  -4.26023453e-01  2.16842815e-01  4.19439197e-01 -2.65086830e-01
   1.27017915e-01  4.60549355e-01 -4.25108194e-01  3.42250854e-01
   7.03207254e-02  2.04195306e-01 -4.93248075e-01]
 [ 1.03568316e-01  3.53594840e-01  1.87352359e-01 -3.25755924e-01
   2.72547007e-01 -5.29915094e-04  3.99151504e-01  5.86304069e-02
   3.27544332e-01 -3.59703720e-01 -4.49412763e-02  2.89537132e-01
  -3.82811189e-01 -4.08074051e-01  2.85435617e-02]
 [-2.98660398e-01  3.57455343e-01 -3.38192284e-01  1.08942449e-01
   3.18049133e-01  8.58096406e-02  6.14837945e-01 -2.43729621e-01
  -2.91779846e-01  1.97294980e-01 -2.80566216e-02 -3.22116941e-01
   3.46693575e-01  1.36991039e-01 -5.41014075e-01]
 [-2.51037121e-01  2.49210298e-02  2.23307908e-02  1.69156253e-01
  -9.43741202e-03 -3.86170805e-01  3.81378353e-01  1.19111598e-01
  -3.60940039e-01 -1.44605428e-01 -4.09389794e-01  2.62761593e-01
  -3.73915434e-02 -3.90261233e-01 -8.31868947e-02]
 [ 2.29783833e-01  4.34962064e-01 -6.76947981e-02 -1.72999203e-01
   2.15920955e-01  7.91850984e-01  5.85957095e-02  1.58681691e-01
  -2.73130238e-01  5.33699393e-01  6.29995465e-02  2.72279590e-01
  -2.85981447e-01  1.99919209e-01  3.15033495e-01]
 [-1.95235521e-01 -5.73957264e-02 -7.52080977e-02 -2.09320247e-01
   2.90489256e-01  4.46623623e-01 -2.81010717e-01 -1.38660610e-01
   5.13063073e-02 -3.34395468e-02  7.31736422e-02  2.70695984e-02
  -2.53776193e-01 -4.46765661e-01 -1.29987597e-01]
 [-1.22045487e-01 -2.12468967e-01  1.31569624e-01 -3.26360464e-01
  -3.77244093e-02  5.59873164e-01  2.67253160e-01 -4.26018864e-01
  -3.25663060e-01  2.27176815e-01 -5.38579226e-02 -7.24125803e-02
  -3.75403821e-01  4.83058542e-01  3.25781643e-01]
 [-1.15565211e-01  2.60846198e-01  4.41394269e-01  6.48000240e-02
   9.99086499e-02  3.03565562e-01 -2.65381336e-01 -4.32975233e-01
   3.46373618e-02  2.16312885e-01  3.73287499e-01  4.16669190e-01
   9.62703824e-02 -3.67558718e-01  3.90148103e-01]
 [ 2.16029584e-01  1.10800311e-01 -1.94547445e-01  3.81509960e-01
   4.08006549e-01  6.05300486e-01  3.87020946e-01 -4.26110655e-01
  -2.33530298e-01 -2.33885989e-01 -2.57898569e-01  3.54946822e-01
   1.73659891e-01  1.15304664e-01  2.80797064e-01]
 [ 4.10586596e-02  3.25170755e-01 -3.69415581e-01  3.93011928e-01
   2.13247836e-01 -3.01932693e-02  2.90441513e-01  4.09304261e-01
  -2.59716749e-01  1.91180944e-01  7.45401978e-02 -2.09200710e-01
   4.28859949e-01  2.10012674e-01 -2.96699584e-01]
 [-3.16832364e-01  3.52995723e-01 -1.17006496e-01 -4.30045724e-02
  -3.46235394e-01  8.46497357e-01  3.20673510e-02 -7.10603297e-02
  -3.70348424e-01  5.44062793e-01  2.90525317e-01 -1.41526684e-01
  -3.08814831e-02  4.72644597e-01 -1.35731012e-01]]
Peso 2:
[ 0.00000000e+00 -1.49251400e-06 -3.97329498e-03  0.00000000e+00
 -3.03011257e-02 -1.15846105e-05 -1.05683398e-06  0.00000000e+00
  0.00000000e+00 -8.95212679e-07  0.00000000e+00 -3.38467769e-02
 -2.41680052e-02 -2.63937818e-06 -1.20434545e-01]
Camada: saida
Peso 1:
[[ 0.44238746 -0.27468258]
 [ 0.12420642 -0.47705004]
 [-0.2775416   0.01347254]
 [ 0.30536306 -0.5036673 ]
 [-0.00922316  0.246151  ]
 [ 1.1675867  -0.8873317 ]
 [ 0.9051074  -0.7593481 ]
 [-0.03821623  0.21432805]
 [ 0.39276874  0.33786356]
 [ 0.13897176 -1.0740628 ]
 [ 0.01035559 -0.53391165]
 [ 0.0916283   0.23686218]
 [-0.12588142 -0.07375029]
 [ 0.5308349  -0.01500955]
 [ 0.01436836  0.3711404 ]]
Peso 2:
[-3.6816244  3.6816378]



pesos modelo: 
Test loss: 7.1373, Test accuracy: 0.0000
Camada: meio
Peso 1:
[[-0.07026768  0.29408595 -0.11018291  0.19357777  0.17886907  0.26655465
   0.7607158  -0.34811264 -0.09911557 -0.26794887 -0.1942338   0.39413923
   0.42788893 -0.18536109  0.31196287]
 [ 0.39866328 -0.25683224  0.21492267 -0.41271463  0.05024871 -0.4381611
   0.42605215  0.41891634  0.19803709  0.00377706 -0.1555312  -0.08184952
  -0.00670376 -0.14190495  0.290977  ]
 [-0.22143486  0.03106318 -0.17061603  0.25719136  0.07325751 -0.28779948
   0.6768463  -0.1630387  -0.3678191   0.33339274  0.05395889 -0.10195469
  -0.02973711 -0.37511006  0.25778008]
 [ 0.42721742  0.36191797 -0.37484914  0.06972486 -0.09272996 -0.27062768
   0.03904432  0.15403748 -0.4054673   0.40324086  0.40645218  0.4431734
  -0.43311596 -0.17482385  0.10408008]
 [-0.1266169   0.02831249 -0.07253921 -0.35192168  0.33071125 -0.12165323
   0.7572724  -0.37130028  0.40970436 -0.39711672 -0.0333845  -0.07224665
   0.28540862  0.17479527  0.09963613]
 [ 0.39921838  0.14325982 -0.2938842   0.140127   -0.1912595  -0.0271872
  -0.2606949  -0.29421622 -0.28579962  0.26917183  0.1963911   0.02213687
  -0.1653341  -0.08136576 -0.15059194]
 [ 0.00815013  0.31000975 -0.07079056 -0.13796562 -0.32256114 -0.23875572
   0.90226954 -0.10629392  0.30162433 -0.2677868   0.30911338  0.313328
  -0.4332354  -0.43063226 -0.39946148]
 [ 0.36233658  0.23651642  0.43782365  0.0224404  -0.29375952 -0.37165266
   0.3367626  -0.40524307 -0.14198375 -0.181896   -0.3844389  -0.12890697
  -0.02491015 -0.05442324 -0.23203745]
 [ 0.3174286  -0.17118628 -0.14251527 -0.19207135 -0.0541023  -0.30816424
   0.7893674  -0.19953941  0.07926001 -0.32625514  0.02969    -0.14619778
  -0.00312388 -0.40838462  0.31072035]
 [-0.22203654  0.10331482 -0.15992826 -0.28893876 -0.3969361   0.33391297
  -0.4333561   0.4103588  -0.3081929  -0.19871052  0.10555941  0.10620481
  -0.09526432  0.07197732 -0.27856317]
 [-0.15736982 -0.3029795   0.04983065 -0.3587006   0.38539714  0.32068306
   0.4491099   0.13133925 -0.1016946  -0.13123819 -0.30114537  0.41298163
   0.09939665  0.12473232 -0.02148808]
 [-0.38402444  0.38214594 -0.14075065 -0.06039515 -0.18016157  0.30872637
  -0.40082404  0.02395821 -0.19012812  0.04726163  0.13524991  0.33429557
  -0.426245    0.2294324  -0.03665704]
 [-0.22757843 -0.4381668   0.08345455 -0.05888546 -0.36317787 -0.2054823
   0.92800885  0.33397055 -0.31675205 -0.10224637 -0.20460501  0.34591973
  -0.38244033  0.2364726  -0.09509163]
 [-0.37159625  0.16096216 -0.2003651   0.11062616  0.43944657  0.03671876
  -0.17633972 -0.31233153  0.15093762 -0.32658204  0.10725665 -0.2351964
  -0.34497532  0.41784775 -0.2354781 ]
 [ 0.21328175  0.28787872 -0.42972597 -0.1313529  -0.29717708 -0.3034491
   0.6722907  -0.11653656  0.12990804 -0.15510726  0.09998584 -0.06432003
  -0.15038297 -0.38215876  0.46006575]]
Peso 2:
[ 0.0000000e+00 -3.9377056e-02  0.0000000e+00  0.0000000e+00
  0.0000000e+00  0.0000000e+00 -1.2379441e-05  0.0000000e+00
 -3.5685983e-02  0.0000000e+00  0.0000000e+00 -8.8229524e-07
  0.0000000e+00  0.0000000e+00 -8.5869502e-08]
Camada: saida
Peso 1:
[[-0.51368463  0.4924357 ]
 [ 0.01856978  0.20809138]
 [-0.17577827  0.26023102]
 [-0.45235616 -0.2321834 ]
 [-0.11083269  0.5843936 ]
 [ 0.44993234  0.15674883]
 [ 1.1841294  -1.7426314 ]
 [ 0.5371058  -0.0790993 ]
 [ 0.00895114  0.4177111 ]
 [-0.02720016  0.2733581 ]
 [-0.32374644 -0.09161729]
 [ 0.5740278  -0.00632558]
 [-0.27088434  0.485021  ]
 [ 0.30421048 -0.05244851]
 [ 0.03033397 -0.29342273]]
Peso 2:
[-3.6816156  3.6816227]



pesos modelo: 
Test loss: 7.4390, Test accuracy: 0.0000
Camada: meio
Peso 1:
[[-4.19555902e-02  4.29329753e-01  4.14319634e-02  1.79152548e-01
  -9.31543261e-02 -1.57789811e-01  3.47401440e-01  3.47730815e-01
   2.61881530e-01 -2.03939989e-01  1.43907994e-01  6.66103899e-01
   3.62331808e-01  4.46527064e-01 -3.94473404e-01]
 [ 3.45207632e-01 -3.78800303e-01  1.72106087e-01  1.69213533e-01
  -7.16897845e-03 -2.60103762e-01  3.67696166e-01 -1.43180937e-01
  -2.03948319e-02  4.46828127e-01  2.86424100e-01 -1.15365058e-01
  -1.09451592e-01 -1.42788112e-01  9.01753306e-02]
 [ 2.81310141e-01 -9.93750989e-02 -2.33518675e-01 -1.85197294e-02
   3.40248168e-01 -3.98830950e-01  1.54294550e-01 -3.43965918e-01
  -2.83787191e-01 -1.90531075e-01  4.87162173e-01  8.39368880e-01
  -4.14044023e-01  5.60932100e-01 -3.96943569e-01]
 [-3.54959965e-02 -4.32558656e-01  2.73736954e-01 -3.06624472e-01
  -3.18558812e-01  3.16723585e-02 -1.26522422e-01  3.85488272e-01
  -3.61818194e-01 -4.31103975e-01 -1.12635821e-01 -8.07554424e-02
  -1.05813146e-01 -4.28026378e-01  1.62813187e-01]
 [-3.60153675e-01 -2.16792345e-01 -2.06695691e-01 -4.35923606e-01
  -1.77352056e-02  3.90688866e-01 -3.80819678e-01 -1.56681240e-01
  -3.35068345e-01  1.88579857e-01  6.46874964e-01  6.63481295e-01
  -1.83495790e-01  1.44771874e-01 -1.40447944e-01]
 [-1.68298244e-01  4.45691645e-02  1.31705940e-01  1.95974231e-01
   2.90701449e-01 -2.75613666e-02 -5.20348549e-05 -4.14502621e-01
  -1.99301630e-01  3.80889773e-02  4.09885347e-01 -2.74372518e-01
  -4.32667315e-01  1.77591801e-01  1.74414277e-01]
 [-3.20105791e-01 -4.32050586e-01 -1.16850436e-01  3.73366475e-03
  -3.68024439e-01 -2.02514529e-01 -3.85034114e-01 -4.08052295e-01
  -2.16629207e-01 -2.08856314e-01  1.17324807e-01  5.44277966e-01
  -3.69786203e-01  2.17510313e-01  3.09802592e-02]
 [-5.35252690e-02 -7.05649555e-02  3.86690676e-01 -4.11781967e-02
  -4.45511132e-01 -1.26722455e-01 -7.84513056e-02 -8.64053369e-02
   2.45781720e-01 -1.90617412e-01  1.26093149e-01 -4.06306982e-02
  -8.65776539e-02 -1.94461852e-01  1.20459020e-01]
 [ 3.56500745e-01  9.62654948e-02  3.11680138e-02  2.56194174e-02
   2.16774061e-01  3.03440422e-01  2.19031006e-01  2.80206978e-01
   1.25954747e-01  4.98556793e-02  2.69986331e-01  6.92625701e-01
  -8.15387964e-02  6.40739202e-01 -2.20247611e-01]
 [-3.13125849e-02  1.95483327e-01 -1.15036666e-01 -3.17679793e-01
   1.64701045e-02 -3.71512979e-01 -1.24813348e-01  5.32096624e-02
   2.48816967e-01 -1.61230564e-02 -1.00177437e-01 -1.20636761e-01
  -3.22932094e-01 -3.30612212e-01  2.75315702e-01]
 [ 4.01652753e-02 -4.26119953e-01 -4.35892791e-01 -3.96783739e-01
   2.35992745e-01  1.06688231e-01 -3.96024287e-01 -2.37550229e-01
  -9.43115056e-02  5.47596216e-02 -1.91347420e-01  5.21504104e-01
  -1.90427959e-01  1.27644569e-01  3.11950684e-01]
 [-3.98464233e-01  9.73552465e-03 -3.40247929e-01  3.36538672e-01
  -3.13066810e-01 -3.98158640e-01 -3.69868308e-01  5.23138046e-02
  -1.85289741e-01 -1.81861132e-01  9.32376981e-02  2.79670894e-01
  -1.95038259e-01  2.38064826e-02  4.42727506e-01]
 [-1.10818714e-01  1.32088602e-01 -5.55997491e-02 -1.21353716e-01
   1.89743176e-01  2.68841475e-01  2.29713947e-01  2.87836909e-01
   4.05946374e-02 -3.52932692e-01  4.50890183e-01  8.23782027e-01
   3.05799305e-01  8.71750265e-02 -3.74051064e-01]
 [-1.36198550e-01  1.75196171e-01  5.82041144e-02 -2.44811118e-01
   2.24409580e-01 -7.94022679e-02  3.09580326e-01  7.81583190e-02
   3.32428575e-01 -2.88678586e-01  2.96382904e-02  2.89688289e-01
  -9.04944837e-02 -2.57036090e-01 -2.84249216e-01]
 [-1.66195840e-01  7.45643377e-02 -1.58622742e-01  2.89969146e-01
   2.04132691e-01  1.54622883e-01  3.03976357e-01 -4.15134251e-01
   2.79481947e-01  1.04225516e-01  1.61025479e-01  3.94580901e-01
   3.94725442e-01  4.56232548e-01  4.43462253e-01]]
Peso 2:
[ 0.0000000e+00  0.0000000e+00  0.0000000e+00  0.0000000e+00
 -3.3477903e-07 -4.6715025e-02 -9.2540063e-02  0.0000000e+00
  0.0000000e+00  0.0000000e+00 -2.6212986e-06 -2.0153961e-06
  0.0000000e+00 -1.4135876e-06  0.0000000e+00]
Camada: saida
Peso 1:
[[ 0.37593532  0.15394163]
 [ 0.5585519   0.05633771]
 [-0.27952972 -0.02116483]
 [-0.4182263   0.28672254]
 [ 0.6115922   0.36762387]
 [-0.1179726  -0.17051403]
 [-0.36839965 -0.186358  ]
 [ 0.5206952   0.57177997]
 [ 0.04632264  0.0549199 ]
 [ 0.48446763  0.33389437]
 [ 0.23119526 -0.8365359 ]
 [ 1.1088037  -1.3238837 ]
 [ 0.14793247  0.5398613 ]
 [ 0.88623804 -0.36820754]
 [ 0.02386689 -0.5507673 ]]
Peso 2:
[-3.6817255  3.6817439]



pesos modelo: 
Test loss: 7.2249, Test accuracy: 0.0000
Camada: meio
Peso 1:
[[ 0.43556115  0.31793833  0.8200487  -0.3806851   0.09293181  0.45430166
  -0.03524966 -0.38969877  0.03695151  0.01893802 -0.04655087  0.24851811
  -0.22610019 -0.12755612 -0.34133336]
 [-0.34448433  0.02907777 -0.23184787 -0.05287859  0.24879915  0.01292357
  -0.30595016 -0.11150196  0.09327906 -0.33865094 -0.12145543 -0.26406145
  -0.34710974 -0.11155325 -0.06552911]
 [-0.05214077  0.07951498  0.37301412 -0.26960248 -0.3991332   0.49033815
   0.58903444 -0.3175499  -0.32209927  0.33305436 -0.2537268  -0.22321954
   0.32057953 -0.06632588 -0.13592473]
 [-0.40694118 -0.05826053  0.13004762 -0.07046664  0.2905172   0.04853654
  -0.30198944 -0.30560163  0.07201523 -0.32394737  0.35913712  0.12583566
  -0.27920547 -0.42600128 -0.419632  ]
 [ 0.5497002  -0.25638336  0.69094765 -0.2804312   0.25596237  0.40199527
   0.28947845  0.07047665 -0.14733511 -0.06581883 -0.23344521 -0.08856127
   0.13053256 -0.2336106  -0.04105186]
 [-0.37940988 -0.37968433  0.19280303 -0.02945191 -0.43365175  0.19308591
  -0.21789719  0.37459546  0.39650846 -0.39694643  0.00947365 -0.09260479
   0.15670085  0.11271012  0.09903604]
 [ 0.36507687 -0.43037125  0.70790184 -0.20411475  0.31174308 -0.2504065
   0.32382345 -0.42124593 -0.21105395 -0.20008929 -0.3541341  -0.36545342
  -0.34979185  0.2962307   0.18991166]
 [-0.00449207 -0.2596488   0.38797998 -0.25633502 -0.09727779 -0.13053969
  -0.31206924 -0.08624265 -0.28064948 -0.22858144 -0.14943793 -0.17859504
   0.22186029 -0.17983913 -0.2849639 ]
 [ 0.63810897  0.32824582  0.42287883  0.09800529 -0.38426    -0.21374932
   0.5787246   0.15219623  0.4159202   0.00617574 -0.34224522 -0.25067416
  -0.2468439   0.4165636   0.0189248 ]
 [-0.37091684 -0.39665022  0.3235799  -0.2724563   0.2788357  -0.16422093
   0.4119978   0.10060501  0.20937473 -0.18741891 -0.43829715 -0.13019732
   0.4260499   0.29244977 -0.23515855]
 [ 0.6048852  -0.1893005   0.83804226 -0.40263504 -0.04608855 -0.24745327
   0.34770027  0.27138937 -0.29714978 -0.0947438  -0.30170262 -0.19356015
  -0.34980497 -0.2529974  -0.04612151]
 [ 0.28657007  0.30008674 -0.0720062   0.39978784  0.15564752 -0.21483931
   0.11172426  0.19728678 -0.41442809 -0.22087552 -0.21140102  0.41471022
  -0.44094345  0.15746939 -0.28521758]
 [ 0.42979345  0.41681767  0.00555099  0.02538046 -0.1265704   0.4165702
   0.10119593  0.43204075  0.13081646  0.17951144  0.29073662  0.08070201
  -0.28168094  0.27446476  0.07087249]
 [ 0.03800443 -0.0220829   0.33897573  0.43729556 -0.1639981  -0.42253846
   0.17900127 -0.42694128  0.11669511 -0.02288866 -0.29604703  0.01426277
   0.17352688  0.01750511  0.10840166]
 [ 0.48868552 -0.38083982  0.2597331  -0.20968094 -0.28037643  0.31082502
   0.15350677  0.05305463  0.30630994 -0.13470834 -0.12321612  0.35951126
  -0.24995637 -0.23705828  0.10604089]]
Peso 2:
[-4.1831108e-06  0.0000000e+00 -4.7388830e-06  0.0000000e+00
  0.0000000e+00 -1.9053745e-06 -2.7089989e-06  0.0000000e+00
  0.0000000e+00 -4.4538487e-02  0.0000000e+00  0.0000000e+00
  0.0000000e+00 -1.4768500e-02  0.0000000e+00]
Camada: saida
Peso 1:
[[ 1.0409697  -0.46017653]
 [ 0.16610456  0.2288605 ]
 [ 1.0407065  -1.201316  ]
 [-0.41822094  0.07071692]
 [ 0.2169736  -0.29363552]
 [ 0.72001016 -0.11379202]
 [ 0.46116164 -0.70846796]
 [ 0.34878093  0.23292392]
 [-0.03643906 -0.14039588]
 [-0.52715474  0.359509  ]
 [-0.26176217 -0.22923753]
 [ 0.438102   -0.03226018]
 [-0.34704298 -0.17257503]
 [ 0.3104345   0.3414544 ]
 [-0.14793715 -0.19474778]]
Peso 2:
[-3.6819222  3.6819396]



pesos modelo: 
Test loss: 6.2422, Test accuracy: 0.0000
Camada: meio
Peso 1:
[[-0.2855591  -0.04505506  0.49833158 -0.32535958  0.16394605  0.02725384
  -0.4239816   0.44627458 -0.34940854 -0.32671693 -0.33976963  0.13611376
  -0.06000906 -0.23573528 -0.22763959]
 [ 0.10380489 -0.32490432  0.4361604  -0.18522513 -0.04568925 -0.39933664
   0.03166607 -0.2512753  -0.268109   -0.17950347  0.14549178  0.01274401
   0.43695146 -0.25187975  0.36126566]
 [ 0.09002298  0.2746324   0.33515114  0.02388325  0.17476797  0.23338997
   0.05226719  0.4945857   0.17530715 -0.20527194  0.42609006  0.56248987
  -0.435454   -0.23101844  0.09484113]
 [-0.16299444 -0.32664207  0.29818296  0.38492876  0.24466932  0.27208865
   0.41236866 -0.4238866   0.16988844  0.09049362  0.01742673  0.20409948
  -0.43030024 -0.10855308 -0.18550396]
 [ 0.06253105  0.45916158  0.43639788 -0.2093114   0.48798347 -0.4140659
  -0.12120104 -0.2398187   0.07122046 -0.29494616  0.12828249 -0.12597051
   0.42975986 -0.05806318  0.37935644]
 [-0.28242925  0.15352803 -0.03748345 -0.37803036  0.0984484  -0.03632382
  -0.3584944   0.38939685 -0.32075804 -0.18778047 -0.18970823 -0.08004096
  -0.40372825 -0.12282726 -0.01669136]
 [ 0.38578737  0.35944447  0.220506   -0.02235448  0.5737056  -0.03985339
   0.13357228  0.5236186  -0.2753781  -0.3036006  -0.19541359 -0.2810703
  -0.41380242  0.2961911  -0.04627451]
 [ 0.36304098  0.22001314 -0.11137113 -0.04438502  0.27124065 -0.4298341
   0.00308889  0.17044371  0.34707123  0.19842017  0.36792433 -0.36016765
   0.3472218   0.22927141  0.18782985]
 [-0.39665055  0.25701967  0.52054447 -0.32599828  0.5864507  -0.19823465
   0.23583913  0.12496404 -0.01014975 -0.08389851 -0.39417645  0.4207363
  -0.26193184 -0.13963664  0.02906509]
 [ 0.1908105  -0.28511     0.2199204   0.25259668 -0.17813912  0.09139532
  -0.10713294 -0.295386    0.19649935 -0.08886462  0.25419903 -0.00217843
  -0.09944621  0.42239225 -0.39868653]
 [-0.27255768  0.7238586   0.30709285  0.19680321  0.7429883  -0.40079013
  -0.19464654  0.52129066  0.04447204  0.1993168  -0.35689226 -0.2088659
  -0.09065142  0.24020731 -0.02822124]
 [ 0.30453283 -0.36906874 -0.0693039  -0.05680427 -0.02998802  0.06051183
  -0.19403452 -0.0235301  -0.1918805   0.26154834  0.36411327  0.2460581
  -0.05983058  0.23452955  0.20164126]
 [-0.03067562  0.6931993  -0.17284428 -0.24639513  0.3480295   0.14180517
  -0.40901467 -0.2866394  -0.08098084  0.1485213  -0.18879053  0.2101373
  -0.07259476 -0.44547838 -0.17831051]
 [-0.3480413   0.26191288  0.30182588  0.44427484  0.24932247 -0.16077721
  -0.10611808  0.01011765 -0.33231106  0.03313631 -0.04731005 -0.11740008
   0.44349188 -0.36116832 -0.03832942]
 [ 0.23971814  0.6147558   0.47870967  0.05404621  0.4540391  -0.21212189
   0.2449829  -0.19212084  0.06991231 -0.23923618  0.13943565  0.59109944
   0.19073898  0.08392709 -0.01038517]]
Peso 2:
[ 0.0000000e+00 -6.0243642e-06 -2.8434697e-06  0.0000000e+00
 -6.4159904e-06  0.0000000e+00  0.0000000e+00 -1.7030753e-06
  0.0000000e+00  0.0000000e+00  0.0000000e+00 -2.7063513e-06
  0.0000000e+00  0.0000000e+00 -2.0977305e-02]
Camada: saida
Peso 1:
[[-0.3651921   0.05431139]
 [ 0.9260423  -0.93943876]
 [ 0.27423537 -0.9492392 ]
 [-0.10270005 -0.4759619 ]
 [ 0.86385626 -1.0940788 ]
 [-0.0162946  -0.41362906]
 [ 0.27967435  0.38247198]
 [ 0.5532643  -0.12912644]
 [-0.47028714 -0.3782863 ]
 [ 0.12855816  0.5053351 ]
 [-0.36856318  0.21451092]
 [ 0.17679057 -0.59416205]
 [ 0.26120824  0.43688118]
 [ 0.4307809   0.00699937]
 [-0.52965724  0.33673075]]
Peso 2:
[-3.6818647  3.6818771]



pesos modelo: 
Test loss: 7.2249, Test accuracy: 0.0000
Camada: meio
Peso 1:
[[-0.20973223 -0.43393785 -0.0563378  -0.24395463 -0.30844432 -0.2820201
   0.4225508   0.57300574 -0.06124926 -0.39194855 -0.39338967 -0.40133807
   0.63569283 -0.21931973 -0.15694311]
 [ 0.1825884  -0.06743926  0.3911124   0.23562384 -0.05566296 -0.2987663
   0.14626217 -0.41209024  0.11459023 -0.34045714 -0.13051677 -0.19996025
  -0.11320475  0.19835299  0.0516845 ]
 [-0.15657729  0.28577435 -0.07477099  0.35995877 -0.33406287  0.23272462
  -0.0130094   0.3999083   0.24963018 -0.26568896  0.2427746  -0.24181019
   0.39855325  0.37763622 -0.35398102]
 [-0.07525608 -0.13878301  0.23667145  0.42354798  0.20011836 -0.13554856
  -0.23781487 -0.09699491 -0.07812941 -0.38975507  0.32649994  0.42306817
  -0.40423772 -0.38376492  0.4362055 ]
 [-0.42891455  0.38240558 -0.03059397  0.37485063  0.15277773  0.5386719
  -0.39160842  0.66432464  0.5306123  -0.06224754 -0.09933266 -0.19318172
   0.57489216 -0.1320117  -0.03694692]
 [ 0.13309985  0.32889622  0.05203977  0.19152099 -0.32165706 -0.04922265
   0.3556031  -0.2938795   0.3518141  -0.0227479  -0.17195791  0.26817328
  -0.20647764 -0.09808174 -0.4195261 ]
 [-0.21837571 -0.40086275  0.19128007 -0.44078192 -0.2659151   0.3550592
  -0.00323913  0.6654076   0.4350234  -0.2336512  -0.24222985 -0.2598739
   0.5883028  -0.11260115 -0.31218076]
 [-0.37821355 -0.16865778 -0.20580132 -0.06965086  0.22691739  0.1250931
   0.4042679  -0.42649773  0.36016458  0.40292048 -0.2324711   0.28167903
  -0.3327515   0.24841148  0.34310365]
 [-0.30183482 -0.21627298 -0.16283879 -0.45760676  0.01709214  0.33002874
  -0.39223695 -0.12251934  0.39081928  0.21149188 -0.06792665  0.10579163
   0.5866877  -0.22970757 -0.2104592 ]
 [-0.3318657  -0.34229738 -0.32298967 -0.44704992  0.26870447 -0.26269463
   0.13817024  0.13320124  0.01798886 -0.3919497  -0.24932845 -0.00883603
   0.18435562 -0.20008084  0.13368541]
 [ 0.4089359   0.01692635  0.16227132  0.4053349   0.25265044  0.40738583
  -0.14092189  0.38607863 -0.21740703 -0.34323448  0.13328123  0.2921908
   0.10834264  0.23541823  0.320188  ]
 [-0.00812453 -0.06366712 -0.44403034  0.40082598  0.15339762  0.3637156
   0.06132984 -0.3461742  -0.09708694  0.28686863 -0.02912948 -0.24697025
   0.03080815  0.1579296   0.31455094]
 [-0.06319532 -0.26231515 -0.38676012 -0.35549966 -0.2677663   0.27992484
  -0.4418839   0.56291443  0.1625901   0.23559904 -0.30077648  0.3420856
   0.9109337  -0.3370351   0.12334865]
 [ 0.3046307   0.04273629  0.20232314 -0.23646693 -0.01430136 -0.31162867
  -0.0010736   0.30546546  0.04896155 -0.24750838  0.22609532  0.2120192
  -0.42925468 -0.36804014 -0.21951094]
 [-0.08604112  0.31886554  0.36235088  0.3720246   0.3943432  -0.13348436
   0.443941   -0.01147476  0.450909    0.41680485 -0.40714535 -0.02650142
   0.793014    0.42645767 -0.11845034]]
Peso 2:
[ 0.0000000e+00  0.0000000e+00 -6.1371950e-03 -1.4438328e-02
  0.0000000e+00 -8.6327805e-07  0.0000000e+00 -7.0975975e-06
 -4.1175072e-06  0.0000000e+00  0.0000000e+00  0.0000000e+00
 -1.0233169e-05 -8.8845175e-03  0.0000000e+00]
Camada: saida
Peso 1:
[[-0.12793905 -0.1051639 ]
 [-0.20628151 -0.07570952]
 [-0.3709478   0.0602237 ]
 [-0.5210488  -0.3035244 ]
 [ 0.32117647  0.22680992]
 [ 0.0497005  -0.7117973 ]
 [-0.26942414 -0.3682439 ]
 [ 0.3840285  -1.0181967 ]
 [ 0.8906363   0.05280648]
 [-0.28498206  0.5551976 ]
 [ 0.04067665 -0.52227235]
 [-0.49711028  0.27704304]
 [ 1.4005635  -0.99016684]
 [ 0.01252687  0.08362793]
 [ 0.580014   -0.35908508]]
Peso 2:
[-3.6817443  3.6817589]



pesos modelo: 
Test loss: 7.4855, Test accuracy: 0.0000
Camada: meio
Peso 1:
[[-0.16841273  0.29442045  0.2709561  -0.20084289 -0.2057332   0.11826843
   0.07207331  0.54789066  0.55846375 -0.12896934  0.5791399   0.28554446
  -0.34764913 -0.3957257   0.40642887]
 [-0.42306143 -0.24863283 -0.03673038 -0.3596564   0.06778252  0.39027894
  -0.00489032 -0.14822382 -0.42456228  0.24475259  0.4048689  -0.03801584
   0.06804639 -0.03804356  0.2748695 ]
 [-0.08404449 -0.352805    0.16718997  0.24970418 -0.33895758  0.3462535
   0.08733758  0.5544488   0.5618399   0.02727205  0.61059386  0.18332821
   0.08637464 -0.09171841  0.33076072]
 [-0.42746544  0.32460755 -0.08465296  0.1096949   0.3063835   0.12635398
  -0.01259154  0.04011941  0.04222366  0.44071198  0.4072349  -0.06160331
   0.4335382   0.24166101  0.02348906]
 [-0.16226062 -0.44440538  0.42384887  0.36277598 -0.39666495  0.3205272
   0.3117945   0.4667248   0.29217932 -0.09337236  0.23298427  0.12677354
  -0.37322557  0.1609497   0.00277442]
 [-0.40790674  0.06070042  0.3750319  -0.09290749 -0.27298373 -0.05975318
   0.0578059  -0.05982441 -0.42549428  0.14358431 -0.1785107   0.15700984
  -0.3422624   0.12366104  0.40734184]
 [ 0.23442653 -0.3240259   0.35208118 -0.37443066  0.17134374 -0.22286884
  -0.17250878  0.30407274  0.7077186   0.14973138  0.16831975 -0.28868338
   0.36054456  0.3924997  -0.0742568 ]
 [-0.00943089  0.35349524 -0.2250186  -0.4048734  -0.15911761  0.09700525
  -0.41827232  0.37407482  0.01861209 -0.31296018 -0.0834496  -0.36014855
   0.22088969  0.21112025  0.22022438]
 [-0.10019653  0.32412997 -0.07287221  0.21541125  0.3757643  -0.21137702
   0.29430827  0.44954616  0.70208436 -0.01549708  0.29178724  0.04909024
   0.10005409  0.1133973   0.36020902]
 [-0.26203483  0.21616602 -0.14201328 -0.12558147 -0.31372052  0.22919816
  -0.217548   -0.16745529 -0.06982723 -0.01057187 -0.43284792  0.4047506
  -0.08402476 -0.03079781  0.29274994]
 [ 0.4506088   0.20929766  0.31848598  0.19472766  0.2744143  -0.2924922
  -0.44058356 -0.15005866  0.3741788   0.23011085  0.09078488 -0.19033104
  -0.32637796 -0.3502639   0.47797662]
 [ 0.33294928  0.05743754  0.0576883   0.14484864 -0.16158381 -0.44334772
   0.16200072 -0.3474056  -0.2778135   0.36804175 -0.3716843   0.284779
   0.01536304  0.43287456  0.11550605]
 [ 0.19499671  0.19877833 -0.24303737 -0.4095989   0.3126222  -0.07479388
  -0.28239742  0.36240846  0.5458116  -0.19192342  0.4136456  -0.17382959
  -0.37763277 -0.12851012  0.66353923]
 [-0.0818415   0.07992172  0.3436343   0.28546673  0.42577195  0.10421455
   0.36916864  0.2700516  -0.08772779 -0.43956405 -0.03899762 -0.01154876
   0.17336363 -0.0294551   0.13296282]
 [ 0.47616827  0.10272235 -0.14741008 -0.11946678 -0.38182384 -0.07774788
   0.11829665 -0.04760566  0.43241426  0.06617986 -0.00413678 -0.34667373
   0.17721295 -0.02540007  0.51039344]]
Peso 2:
[-6.7512332e-07 -9.9387085e-03 -4.1122601e-07  0.0000000e+00
  0.0000000e+00  0.0000000e+00 -2.1439525e-03 -9.0871481e-07
 -8.4528642e-07 -3.2031652e-02 -9.3871165e-07  0.0000000e+00
  0.0000000e+00  0.0000000e+00 -1.0495920e-06]
Camada: saida
Peso 1:
[[ 0.0815623  -0.3791434 ]
 [-0.47766012 -0.2321822 ]
 [ 0.4472184   0.16127966]
 [-0.43764055 -0.14920557]
 [-0.1704902   0.01802266]
 [ 0.3589332  -0.2993859 ]
 [-0.5152397   0.470016  ]
 [ 0.7552591  -0.47161102]
 [ 0.7182687  -1.2645177 ]
 [-0.4451913  -0.36286503]
 [ 0.6210384  -0.54222214]
 [ 0.341493    0.08020151]
 [ 0.5456555   0.28936106]
 [ 0.39912933  0.22145402]
 [ 0.7282245  -0.58311915]]
Peso 2:
[-3.6818538  3.681862 ]



pesos modelo: 
Test loss: 7.2359, Test accuracy: 0.0000
Camada: meio
Peso 1:
[[ 0.01535386 -0.39607063 -0.3763052  -0.2603231   0.14799738 -0.0868392
   0.634381   -0.2472801   0.12266423 -0.34920758  0.41247386 -0.09617797
   0.68813217  0.14068511 -0.09118626]
 [-0.3478082  -0.43098626  0.3333181   0.3401894  -0.02071247  0.11228222
   0.21836793 -0.35005373  0.28153616 -0.21329679 -0.3279688  -0.37096238
  -0.31386584  0.11225003 -0.42194146]
 [-0.01928124 -0.19522232  0.15315372 -0.2779471  -0.31614685 -0.24333906
   0.60701066 -0.38372803  0.36253157 -0.36576855  0.29496247  0.4178118
   0.55422056  0.25804347  0.12504858]
 [-0.3346071   0.42374712 -0.05816254  0.15148044  0.11972302  0.14728135
  -0.17548245  0.16739035 -0.06520209  0.13076359 -0.242443    0.1162796
   0.04473794  0.38956445 -0.41875213]
 [ 0.01042858 -0.17707595  0.35946828 -0.12455478 -0.31633323  0.23865163
   0.5583571   0.14331377 -0.21284379  0.27604437 -0.25880328 -0.04652593
   0.2597822   0.58630437  0.11518884]
 [ 0.10169798  0.11195505  0.07448059  0.01162863  0.02866587 -0.3748724
   0.40749997 -0.11467296 -0.21932605 -0.02196914  0.04321802 -0.23971139
   0.24736434  0.02438098 -0.42833686]
 [-0.28783774 -0.37015927 -0.3831446   0.08208472  0.3478787  -0.07068309
   0.69764817 -0.0021776   0.44993713 -0.21608306 -0.00344887 -0.29819125
   0.6196753   0.3963252   0.10943592]
 [ 0.26905477 -0.28996265 -0.07469568  0.40369916 -0.3757884   0.1885001
   0.06749213  0.22702432  0.09305727 -0.364355   -0.18673226 -0.40730423
   0.2194168  -0.01173472 -0.08507851]
 [-0.27110118  0.03043497 -0.03584784  0.07604438 -0.0781616   0.04250845
   0.47146726 -0.03147605 -0.18764088  0.29468066  0.26205838 -0.31123286
   0.37476778  0.39529607 -0.37163955]
 [-0.3238783   0.15307039 -0.12185198  0.4122811   0.2868873   0.02789754
  -0.00136191 -0.01547509  0.2465496  -0.31572068 -0.403782    0.3295995
   0.22000206 -0.04178691  0.37860125]
 [ 0.23284662 -0.42050287 -0.32032394 -0.37440217 -0.13380367 -0.13074994
  -0.02031522  0.01992995  0.35106614  0.39693254 -0.33488178 -0.00391513
   0.40496314  0.5115223   0.10903573]
 [ 0.28610754  0.19400251 -0.00340942  0.4022944   0.40584248  0.1078096
   0.44427025 -0.40390354 -0.17129076 -0.36569664  0.01539427  0.3197714
  -0.25204408  0.01001167  0.20310616]
 [-0.00561854  0.30610287 -0.41585878  0.13096905  0.0136016   0.04183224
   0.3985756  -0.26917076 -0.12682605  0.18426287 -0.39803058  0.32932216
   0.66149974  0.3559548  -0.27544695]
 [ 0.4332173  -0.0089722  -0.13672036 -0.05367911  0.14716578 -0.4075115
  -0.25302875  0.13127625 -0.44186458 -0.22808959  0.2289204  -0.33111656
  -0.14799768  0.08566612  0.08379292]
 [ 0.06591177  0.33439738 -0.41994354 -0.4334191   0.15767223  0.0250577
   0.27326727 -0.36259902  0.11852936 -0.20647326 -0.06932002 -0.09492365
   0.47282374  0.29461628  0.14243317]]
Peso 2:
[ 0.0000000e+00  0.0000000e+00  0.0000000e+00  0.0000000e+00
  0.0000000e+00  0.0000000e+00 -6.0127729e-07  0.0000000e+00
 -2.4256822e-06 -1.6005648e-02  0.0000000e+00  0.0000000e+00
 -4.9439831e-07  4.1728583e-08  0.0000000e+00]
Camada: saida
Peso 1:
[[ 0.16009426 -0.11874339]
 [ 0.54256344 -0.02028298]
 [ 0.12650394 -0.24029735]
 [-0.22806618 -0.3841034 ]
 [ 0.00996268  0.27812248]
 [-0.02375984 -0.30676755]
 [ 0.89072806 -0.81883675]
 [-0.080163    0.45781207]
 [-0.11023968 -0.5262149 ]
 [ 0.04510741  0.24805705]
 [-0.43252504  0.03476399]
 [ 0.24594945  0.34513307]
 [ 1.2202932  -0.79651487]
 [ 0.99832594 -0.22988912]
 [ 0.24489576  0.5267321 ]]
Peso 2:
[-3.6816974  3.6817155]



pesos modelo: 
Test loss: 6.2987, Test accuracy: 0.0000
Camada: meio
Peso 1:
[[-1.68567151e-01 -1.51625559e-01 -3.53907108e-01  3.61404777e-01
  -1.84133992e-01 -1.46322295e-01 -1.33163810e-01  4.45693731e-02
   8.01514030e-01  1.71627790e-01  2.01418787e-01 -2.37793118e-01
  -1.14859343e-01  5.56740761e-02 -6.33388460e-02]
 [-4.45528179e-01  2.67968237e-01  4.41323340e-01 -2.72930115e-01
   1.07107162e-02  4.30261731e-01 -3.30845177e-01 -1.72576219e-01
  -2.08563000e-01 -2.03687087e-01  3.14772248e-01  1.30295753e-04
  -8.82833004e-02  2.49477386e-01  3.91463220e-01]
 [-2.71465182e-01  2.68132061e-01  3.32138419e-01  2.87174016e-01
  -1.87208608e-01 -2.79759705e-01 -4.42660004e-01 -7.84763396e-02
   4.17869240e-01 -1.76030427e-01 -3.26920524e-02  1.90815747e-01
   3.21628809e-01 -3.00027549e-01 -4.24171686e-02]
 [-4.04572845e-01  3.83649886e-01 -2.66341805e-01 -2.88313717e-01
   1.44203663e-01  5.41721582e-02 -6.95587397e-02  1.99722350e-01
  -3.28096330e-01  1.69384956e-01 -1.51883483e-01 -3.43359858e-01
  -3.85536373e-01  2.47829020e-01  1.80841684e-02]
 [ 4.08518672e-01 -4.17804509e-01  2.51817405e-01  1.36504650e-01
   2.62605458e-01 -3.05012167e-01  1.42553747e-01  2.20737636e-01
   3.76878530e-01 -3.20665091e-01  4.08632010e-01 -4.44763482e-01
   1.92274570e-01 -2.40609944e-02 -1.42839402e-01]
 [ 2.91309655e-01 -4.16943789e-01 -4.49581146e-02 -1.81699991e-02
   1.57641411e-01 -3.74339819e-02 -4.38760012e-01  3.34117591e-01
  -4.40668911e-01 -3.84636700e-01  2.29367375e-01 -1.90744847e-01
  -1.67618424e-01  2.97731102e-01  3.30669165e-01]
 [ 2.92524815e-01  3.36455911e-01 -3.37737143e-01  2.84002304e-01
   2.39555001e-01  1.41794771e-01  3.11053753e-01 -3.89820218e-01
   5.54883480e-02 -1.86553240e-01  5.60492814e-01 -9.38129425e-02
  -3.96407664e-01  6.66603446e-03  7.33432770e-02]
 [-3.23211014e-01  4.38343763e-01 -3.94399613e-01 -3.67813438e-01
   7.96576142e-02  3.61011803e-01  2.60655046e-01  4.16362345e-01
   2.24681437e-01  3.07383537e-01 -1.30799651e-01 -8.63698423e-02
   1.49186432e-01  4.35461462e-01  1.22983754e-01]
 [-3.71151328e-01  2.79485315e-01 -1.37621880e-01  3.76565963e-01
  -2.91369230e-01  1.28369838e-01  2.57444799e-01  7.65604377e-02
   8.41333866e-01  2.09539145e-01  5.43434098e-02 -1.77615047e-01
  -1.94369525e-01  1.04239404e-01  8.04365277e-02]
 [-1.04733795e-01  9.76121426e-02 -1.13810927e-01 -2.18540981e-01
  -1.69404685e-01  3.92177582e-01 -2.95327336e-01 -4.37084734e-01
   4.41674232e-01  1.97917759e-01 -2.40421191e-01  2.19202876e-01
  -2.93997318e-01  3.43492270e-01 -3.11445355e-01]
 [-1.05606198e-01 -3.52176763e-02  3.49397957e-01  5.05535960e-01
   2.48012543e-01  2.51324832e-01 -1.88306361e-01 -3.88823271e-01
   7.49976635e-01  2.35123917e-01  4.11224812e-01 -3.62132490e-02
  -3.64147186e-01 -1.68509781e-01 -2.62392044e-01]
 [ 1.94837153e-01 -1.31305039e-01  4.03618455e-01  3.64879251e-01
   3.52360964e-01  3.20083439e-01 -1.02669984e-01  1.67781413e-02
   1.65193677e-02  1.40839875e-01  3.10460806e-01 -4.34160352e-01
  -4.12112206e-01  2.94124842e-01 -2.86803395e-01]
 [-4.28395629e-01  1.43004790e-01 -3.86276573e-01  5.96384346e-01
   2.07258582e-01  3.98939073e-01 -2.64665037e-01 -1.42376572e-01
   7.95941234e-01  2.61762232e-01  6.09142005e-01 -2.39451557e-01
  -2.97298908e-01  2.97748744e-01  2.70743549e-01]
 [-1.36049807e-01  2.81699836e-01  3.70231569e-01  1.73167527e-01
   3.75496030e-01  2.71866024e-01 -7.93184638e-02  6.22224808e-02
  -1.00025922e-01  4.32981551e-01 -3.58230084e-01 -2.66955853e-01
  -3.76206577e-01 -2.58606672e-01 -2.39787206e-01]
 [-3.10358226e-01 -4.02821362e-01  1.51373267e-01 -2.12367564e-01
   3.57951909e-01 -1.42240301e-01 -1.15847319e-01  2.03470111e-01
   7.84346700e-01 -1.73255116e-01  6.32934630e-01  8.67233872e-02
  -2.88544476e-01 -1.59511358e-01 -2.69370377e-01]]
Peso 2:
[ 0.0000000e+00 -2.1742113e-02  0.0000000e+00 -1.9815409e-06
 -4.4951335e-08 -4.7095627e-02  0.0000000e+00  0.0000000e+00
 -3.5027215e-06 -2.1866444e-02 -5.2914620e-06  0.0000000e+00
  0.0000000e+00  0.0000000e+00  0.0000000e+00]
Camada: saida
Peso 1:
[[ 0.10549551 -0.24874714]
 [-0.17092027  0.26401892]
 [ 0.31494707 -0.14037958]
 [ 0.2519272  -0.8907166 ]
 [ 0.16938357 -0.10651875]
 [ 0.1477396   0.25943327]
 [-0.11874974  0.21349818]
 [-0.31892028 -0.49865133]
 [ 1.4230894  -1.0117096 ]
 [-0.4258777  -0.2361807 ]
 [ 0.7865976  -0.5162894 ]
 [-0.09772629  0.33679235]
 [-0.15984073  0.40880954]
 [ 0.51359224 -0.07641727]
 [ 0.13847113 -0.5822211 ]]
Peso 2:
[-3.6816745  3.6816864]



pesos modelo: 
Test loss: 5.7496, Test accuracy: 0.0000
Camada: meio
Peso 1:
[[ 0.379983    0.77843976  0.2602249  -0.23942213 -0.05447367 -0.20975366
   0.06131205  0.20041052  0.08273834  0.4178012  -0.3046306  -0.00086151
  -0.37310317 -0.4352972   0.16739762]
 [-0.26101166 -0.2552141  -0.19169444  0.35770738 -0.28438795  0.4010408
   0.05584294  0.1424653  -0.29903072  0.07138854 -0.30184463 -0.31641865
   0.26998103  0.11412889  0.05566299]
 [ 0.2748589   0.17858487 -0.14803256  0.24668086 -0.2516958   0.1373468
  -0.16050237  0.28001106 -0.01592791  0.33992076 -0.10071918  0.05031513
  -0.36713392 -0.16794491 -0.15178591]
 [-0.11817536  0.03686196  0.4335875  -0.28341883 -0.40411806  0.25594544
  -0.28485984  0.0780406  -0.01942423 -0.302512    0.32276362  0.22320813
  -0.3799704  -0.24800867  0.19110096]
 [-0.01729502  0.8236918   0.1939462  -0.19518265  0.4179604  -0.16068742
   0.26777494  0.23015103  0.03346586  0.6654001  -0.04633623 -0.11565238
   0.36064523 -0.24728543 -0.09515375]
 [-0.3698471  -0.2908035  -0.06230062 -0.24823524  0.13519073  0.09365547
   0.1140635   0.24082655 -0.3742799   0.35351956 -0.2152304   0.32255733
   0.29476553  0.38245475 -0.22067197]
 [-0.4743468   0.84501165  0.56720257 -0.09401095 -0.34067273 -0.2384028
   0.32691312  0.1962997   0.1273269   0.54186606 -0.26727062  0.09932791
   0.16031945 -0.1524019  -0.15307489]
 [ 0.4242878   0.09397119  0.40213084  0.26019257  0.16881281  0.39624184
   0.25451648 -0.145529    0.2680412  -0.02343106 -0.07849234 -0.38120458
  -0.09042868 -0.06941086  0.00543708]
 [ 0.1771446   0.14542735  0.3264453  -0.3620886   0.0248256  -0.06558296
  -0.37572306 -0.31162477 -0.14281404  0.22522035 -0.40381303  0.18915486
   0.19256121  0.09660572 -0.40488088]
 [ 0.41292608  0.06743628 -0.17887717 -0.12172446  0.2892449   0.10464895
  -0.28660518  0.3634295  -0.408355    0.36458606  0.09015924  0.33758724
   0.04280806  0.24495167  0.40446323]
 [-0.47538352  0.8215831   0.51982313 -0.32041866  0.12557006  0.06771052
   0.01650646 -0.14304745  0.03060952  0.58138096 -0.1519177   0.31920862
   0.1581245  -0.4225299   0.00162163]
 [ 0.03495947 -0.20803638  0.07208991  0.35305882  0.33976388 -0.05364254
   0.27844346  0.24425232 -0.3178057   0.34858143 -0.4170907   0.05291909
   0.26035178  0.40747696  0.36077124]
 [ 0.3576967   0.18852924 -0.18809603 -0.29496184 -0.03284702  0.19882715
  -0.2671453  -0.39784533 -0.3458042   0.26950014  0.35471576  0.20097983
  -0.2052134   0.08423811  0.29416835]
 [-0.06788859  0.4015817  -0.01313043 -0.09899998 -0.20899887 -0.4035164
  -0.35242483  0.24694532  0.26512212  0.09396583 -0.0145995  -0.31753606
   0.3480487  -0.34495422 -0.31591985]
 [-0.19606803  0.82246405  0.476074    0.23109531 -0.09924862  0.02901742
   0.19521728 -0.0329923   0.18954897  0.5963691  -0.03288466 -0.36164868
  -0.02834439 -0.05449149  0.16043502]]
Peso 2:
[-3.4380041e-02 -1.1393525e-05 -4.1394383e-06  0.0000000e+00
  0.0000000e+00  0.0000000e+00 -7.7673890e-02 -4.6660412e-02
  0.0000000e+00 -4.7646810e-07  0.0000000e+00 -4.2523686e-02
  0.0000000e+00  0.0000000e+00  0.0000000e+00]
Camada: saida
Peso 1:
[[-0.13474676  0.18790673]
 [ 0.90243196 -1.3820103 ]
 [ 0.9608552   0.06321603]
 [ 0.09743845 -0.26197165]
 [-0.2592847   0.12674218]
 [ 0.00977868 -0.23605603]
 [-0.54563254  0.1828729 ]
 [-0.4750439   0.37690496]
 [ 0.52483296  0.299039  ]
 [ 0.6954206  -0.9435832 ]
 [-0.07935637 -0.21098644]
 [ 0.24023592  0.17811842]
 [ 0.4177755   0.37007093]
 [-0.05915821 -0.47396815]
 [ 0.5823209  -0.4443956 ]]
Peso 2:
[-3.68161  3.68163]



pesos modelo: 
Test loss: 6.1796, Test accuracy: 0.0000
Camada: meio
Peso 1:
[[-0.03601371 -0.29996496 -0.3341933   0.31398046 -0.18455234  0.19005443
   0.46095636  0.4001874  -0.30920264 -0.44491744 -0.34107202  0.40479994
  -0.34287292  0.40361547  0.22316834]
 [-0.42080486  0.30917    -0.21813336  0.11351287 -0.11914477 -0.30304554
  -0.14357394  0.14194924 -0.26728094 -0.43624666 -0.41405192  0.12201679
   0.2585026   0.1744448  -0.0058108 ]
 [ 0.29666162  0.37270677 -0.4332725  -0.28004408 -0.10246643  0.27595115
   0.3068959   0.13030882 -0.07957223  0.22218794 -0.44379854 -0.15089166
  -0.28084046 -0.33935443  0.6186615 ]
 [ 0.00739735  0.07989144  0.26171392 -0.12093392  0.30378282  0.3457057
   0.07637876 -0.43118608  0.14392483 -0.2617812  -0.06542227  0.327789
  -0.40315014  0.17298841  0.41968912]
 [ 0.19329798 -0.4446332   0.13617021 -0.3209121  -0.2480059   0.09513767
  -0.13613552  0.5377946  -0.17686826  0.1972087  -0.3015592  -0.18683335
   0.37266856  0.02355283  0.82856303]
 [-0.44666106  0.2003392   0.26927292 -0.25439984 -0.0983853  -0.20949276
  -0.28681415 -0.0872612   0.10614413 -0.40828857  0.08131981 -0.28553382
   0.09005904  0.36132956  0.43836826]
 [ 0.2081888   0.05469877  0.19958133  0.4035951   0.22225726  0.05203098
  -0.06801046  0.67054856 -0.24235962 -0.21909948  0.12801439 -0.16506508
  -0.03554481 -0.13773021  0.5343238 ]
 [ 0.34930617  0.4147417   0.28763795  0.07501376  0.21826428 -0.3052535
   0.43222308 -0.05752462 -0.28531215  0.33565992  0.314353    0.14160532
  -0.23104307 -0.11118466 -0.23495767]
 [-0.12343956 -0.10360733  0.29099244 -0.26026893  0.02892113  0.01551614
   0.46101722  0.52443916 -0.33430237  0.04826209  0.2815318  -0.13538885
  -0.1235894   0.1831885   0.6668148 ]
 [-0.33635488  0.19180381 -0.00097701  0.43463463 -0.17033648 -0.3367418
  -0.44672996  0.22038805 -0.20434207 -0.21687476 -0.26364145 -0.06465083
   0.4447075  -0.32815337 -0.2943433 ]
 [ 0.49180713 -0.08442011 -0.38853955 -0.15357548 -0.24072646 -0.21080832
  -0.10992299  0.19212008 -0.04924005 -0.09944215 -0.3769281  -0.40030563
  -0.2589373  -0.0818544   0.7079429 ]
 [-0.14402625 -0.20349334 -0.3449489   0.03393865  0.35991132 -0.050033
   0.22678751 -0.05929619  0.14360815 -0.19813858 -0.32334355 -0.27554733
   0.31985748  0.20571285 -0.22623508]
 [-0.00428636 -0.06683782  0.1920299  -0.27094275 -0.09197187  0.13008906
   0.3371216   0.7283585   0.09647608  0.06788146  0.44335276  0.2745784
  -0.316481    0.0658915   0.20613393]
 [ 0.14355701  0.34536546 -0.03915393  0.39778078  0.38991696 -0.22163692
  -0.41687384 -0.27495468 -0.1461258   0.1596942   0.31883645  0.04077035
   0.12165141  0.27964765  0.10476559]
 [-0.00500318 -0.13387585 -0.01361865 -0.05906373  0.00229818 -0.46537173
  -0.05850773  0.7523285  -0.2463238  -0.2606048   0.13230675 -0.2410152
   0.06847227 -0.23495607  0.6452988 ]]
Peso 2:
[-1.2427058e-06  0.0000000e+00  0.0000000e+00  0.0000000e+00
  0.0000000e+00 -8.5350052e-02 -1.6391298e-06 -2.5566928e-06
  0.0000000e+00  0.0000000e+00  0.0000000e+00  0.0000000e+00
  0.0000000e+00  0.0000000e+00 -1.0708102e-05]
Camada: saida
Peso 1:
[[-0.2693895  -0.78414583]
 [-0.04456604  0.2100203 ]
 [ 0.0100438  -0.06190157]
 [-0.01552379 -0.57764834]
 [ 0.02684152  0.16749036]
 [-0.20372523  0.32908905]
 [ 0.300224   -0.24655539]
 [ 1.3242736  -0.5733716 ]
 [ 0.26194447 -0.01681077]
 [ 0.15229887  0.21806288]
 [-0.2795814   0.16702902]
 [-0.0414291   0.13465595]
 [ 0.27262396 -0.5750808 ]
 [-0.12544572  0.5130044 ]
 [ 0.6457063  -1.5327497 ]]
Peso 2:
[-3.6815457  3.681567 ]



pesos modelo: 
Test loss: 7.8182, Test accuracy: 0.0000
Camada: meio
Peso 1:
[[ 4.38268125e-01  5.09526074e-01 -1.75030172e-01 -5.61540723e-02
  -3.89811158e-01  9.56261635e-01  5.84730566e-01 -1.91909820e-01
  -1.15189344e-01  1.87737614e-01  2.99491107e-01 -3.78805161e-01
   2.14247525e-01  1.77298486e-01  4.21688199e-01]
 [-3.97552282e-01  2.24973619e-01 -4.20903265e-01  1.63661778e-01
   4.60952818e-02 -4.01659429e-01  1.13910317e-01 -2.48335466e-01
  -3.98786008e-01  1.17637038e-01  3.99907827e-01  3.10649335e-01
   4.04227555e-01 -4.68365252e-02 -1.76316470e-01]
 [-2.66918331e-01  5.12296498e-01  3.86976123e-01 -3.52777213e-01
  -2.74134338e-01  4.41887945e-01  3.64063591e-01 -2.62789726e-01
  -3.33985597e-01  9.59981754e-02  4.28571522e-01  3.42647344e-01
  -1.65570587e-01  1.04790926e-03 -2.30339780e-01]
 [ 2.23313272e-02  2.85236776e-01  3.60881925e-01  4.07099724e-03
   1.59926474e-01 -4.20683712e-01 -1.32847667e-01 -3.70824397e-01
   2.44188845e-01 -3.56123388e-01  2.14670718e-01 -2.49870121e-02
  -4.03729737e-01 -5.78346848e-02 -4.41263974e-01]
 [ 3.24776471e-01  5.75315177e-01 -3.80803883e-01  6.00805283e-02
  -1.08156532e-01  8.06743979e-01  4.60422367e-01 -7.66971111e-02
  -3.27714384e-01 -4.27117258e-01 -9.15577412e-02 -2.87966818e-01
  -3.45455229e-01 -1.79966420e-01 -2.72329807e-01]
 [ 1.93647802e-01 -2.89082587e-01  5.81112504e-03 -4.12479311e-01
  -1.59430951e-01  3.32607150e-01 -3.48477066e-01 -2.20612258e-01
   2.09035873e-01  3.44303370e-01 -3.57146859e-02 -1.40494525e-01
   1.81232512e-01 -2.20319465e-01  7.99745321e-02]
 [ 2.46678412e-01  8.57857913e-02 -4.16368335e-01 -2.38183469e-01
  -8.23231339e-02  4.86050814e-01  1.23579785e-01  4.17545438e-01
   1.77640080e-01  2.85708636e-01 -4.21850294e-01 -2.50456065e-01
   2.42508769e-01 -3.23012382e-01 -4.41613495e-01]
 [ 7.76488185e-02 -1.24439299e-01  6.70265555e-02  8.12571049e-02
   2.43905425e-01 -1.48702264e-02  2.14472950e-01  4.04771030e-01
  -2.74296939e-01 -1.64844990e-02 -3.40548187e-01 -1.92883193e-01
  -3.71917486e-02 -1.42207026e-01 -3.52619410e-01]
 [-2.03524694e-01  3.95211816e-01 -3.25820327e-01 -1.85447007e-01
  -8.46829414e-02  1.79997012e-01 -1.27895951e-01 -2.38904357e-01
  -1.04499638e-01  6.29057661e-02 -3.55242491e-01 -1.38452545e-01
  -1.18435204e-01 -2.13791087e-01  3.45289528e-01]
 [ 3.19530547e-01  3.52167845e-01 -1.30847514e-01  1.92419708e-01
   2.42788374e-01 -4.85897064e-04  3.91508102e-01 -1.93356186e-01
   6.55477643e-02 -1.61939949e-01  4.38481212e-01 -1.82303965e-01
   8.31583142e-03 -2.22345650e-01  2.94511616e-02]
 [-4.13677663e-01  6.95104480e-01  2.24246025e-01  3.98037851e-01
   3.04469585e-01  5.74476838e-01  4.30829078e-01 -4.09906060e-01
  -2.94367939e-01 -2.97832400e-01 -3.54607999e-02  3.79497260e-01
  -3.92252803e-02 -3.12972963e-01  4.32386100e-02]
 [-3.40085864e-01  2.14662850e-02 -1.95798516e-01 -3.28653872e-01
   2.38551319e-01 -7.24193454e-02 -1.29312456e-01  1.76979482e-01
  -4.32351261e-01 -1.67487264e-02  1.81894302e-02 -1.01825625e-01
   2.51028240e-01  9.11346674e-02  1.37021601e-01]
 [ 5.40672541e-02  6.58788800e-01 -2.72767603e-01 -1.48544341e-01
  -4.34302479e-01  5.75585961e-01  5.23437917e-01  4.72540557e-02
   1.24971032e-01  3.30577046e-01  9.84765887e-02  2.95762748e-01
  -2.82539725e-02 -3.49507153e-01 -3.85882288e-01]
 [-4.59543169e-02  3.75965178e-01  4.63973284e-02  3.18037391e-01
  -7.41785467e-02  2.69013286e-01  4.46337223e-01  3.26538861e-01
   1.31562412e-01 -3.38282883e-02  4.42758739e-01 -2.12677732e-01
   3.00302625e-01  1.43870592e-01 -2.34757647e-01]
 [-2.01267362e-01 -7.43975043e-02 -7.66859353e-02  1.72047555e-01
   2.02594817e-01  6.01937890e-01 -2.83304125e-01  1.79942787e-01
   1.66683733e-01  2.33936772e-01 -2.16226712e-01  5.17167002e-02
  -2.92151868e-01  1.90144777e-01 -4.23000336e-01]]
Peso 2:
[ 0.0000000e+00 -5.4661814e-06  0.0000000e+00  0.0000000e+00
  0.0000000e+00 -3.3647179e-06 -4.7892527e-08  0.0000000e+00
  0.0000000e+00 -7.8807771e-02  0.0000000e+00 -3.0011278e-02
  0.0000000e+00  0.0000000e+00  0.0000000e+00]
Camada: saida
Peso 1:
[[-0.4023736   0.58088183]
 [ 0.8107105  -0.7596109 ]
 [ 0.02676207  0.31370503]
 [ 0.2030198   0.34407347]
 [-0.25546604 -0.4822709 ]
 [ 0.9664944  -1.416708  ]
 [ 0.340847   -0.6244927 ]
 [ 0.57142055  0.5340159 ]
 [-0.5766074  -0.3983833 ]
 [ 0.26614827  0.24569471]
 [ 0.39109594  0.16410273]
 [-0.56576794 -0.0229832 ]
 [ 0.08608407 -0.54012656]
 [ 0.14630318  0.02649903]
 [ 0.55885565 -0.51056087]]
Peso 2:
[-3.6816413  3.6816525]



pesos modelo: 
Test loss: 7.7270, Test accuracy: 0.0000
Camada: meio
Peso 1:
[[-0.27163738  0.6374439   0.526191   -0.25201494  0.12973928  0.28296345
  -0.41892815  0.5435503  -0.19606379 -0.4196056  -0.4303641   0.35973144
   0.21652357 -0.26127642 -0.3512477 ]
 [-0.11081308 -0.3274926   0.13863373 -0.16376927  0.42958993 -0.13760898
  -0.2888497  -0.283715    0.09813184  0.4375732  -0.18880525  0.04899162
   0.21041632  0.35108155  0.23183817]
 [-0.32323766  0.7719937   0.5548872   0.42200798 -0.37589672  0.11700547
   0.2894206   0.7558321  -0.38198614  0.14553793 -0.25284237 -0.09573483
   0.35098493  0.2708727  -0.28743792]
 [-0.2689153   0.4043811  -0.17751312 -0.0903047   0.32763624 -0.20187949
  -0.349698    0.1016075  -0.37782374 -0.12910676  0.20574665  0.42084515
   0.37032956 -0.33755663 -0.10054016]
 [ 0.4118737   0.25393903  0.5469856  -0.16383082  0.20048559 -0.37379676
   0.38168848  0.04861609  0.4035762   0.13977273  0.4009428   0.376849
   0.38915443 -0.11398152 -0.43423948]
 [-0.18374476  0.10794806  0.14500588  0.13547224  0.32148486 -0.42585084
  -0.3653646   0.1773982   0.22463936 -0.10277873  0.05674064 -0.08426434
  -0.01884419 -0.10183159 -0.1454806 ]
 [-0.18883905  0.19909278  0.24581023 -0.16798297 -0.18065202 -0.41074786
   0.26448667  0.6238419  -0.24800931  0.00138586  0.12421928 -0.190498
   0.4005149   0.18255055  0.20041502]
 [ 0.24067837 -0.12341434 -0.36657438 -0.44409186  0.25933588  0.19352347
  -0.3062414   0.40220255  0.19362241  0.370929   -0.2781903   0.37795597
   0.1873895  -0.24676457 -0.11824137]
 [-0.03263664  0.41425255  0.33390874  0.10344183 -0.02964115  0.3037125
  -0.01657555  0.33435228 -0.11528146  0.04438713  0.07581948 -0.3694837
  -0.27539712  0.2101304  -0.13339317]
 [ 0.23018414  0.14117831 -0.35117796  0.31591356  0.39678627 -0.19638696
   0.35115427 -0.21544527 -0.02667361  0.06219345 -0.355998    0.30891818
  -0.01875579 -0.3822804  -0.43524164]
 [-0.30914316  0.4123301   0.5368213   0.24178803 -0.33729732  0.44587463
   0.26617026  0.56861687  0.3420952   0.21911009  0.18986025 -0.07883558
   0.43183672 -0.26837918 -0.23160861]
 [-0.10720566 -0.04910302 -0.25308174 -0.22452888 -0.25085956 -0.24514015
  -0.32158118  0.08401161  0.4447651  -0.32196236  0.02055123 -0.00186175
   0.16291511  0.24043018 -0.02633986]
 [-0.3808893   0.41844243  0.11379115 -0.32722732  0.12149167 -0.26353526
  -0.29354882  0.61646545 -0.35763875 -0.19574343  0.17301491 -0.12749642
   0.09846938 -0.22417638  0.30808926]
 [ 0.36388224 -0.3609572  -0.00842085 -0.30302143 -0.36615247 -0.3092696
  -0.3092826   0.37203544  0.41311276  0.4112699  -0.2433316   0.29350471
  -0.00756091 -0.3831785  -0.3676679 ]
 [ 0.3313864   0.5618618   0.06358198 -0.39676058  0.3056814  -0.37911442
  -0.06921177  0.22537023  0.01413119  0.07307313 -0.01027743 -0.14652017
  -0.22958817  0.05085677  0.44627976]]
Peso 2:
[ 0.00000000e+00 -1.14894265e-05 -1.08434392e-06  0.00000000e+00
  0.00000000e+00  0.00000000e+00 -3.73892859e-02 -4.95806262e-07
  0.00000000e+00 -2.47122962e-02 -3.63229625e-02  0.00000000e+00
 -1.75847788e-07  0.00000000e+00  0.00000000e+00]
Camada: saida
Peso 1:
[[-0.4444841  -0.40511823]
 [ 0.6710014  -1.234255  ]
 [ 0.9059097  -0.31771833]
 [ 0.16311848 -0.56297386]
 [ 0.5318235   0.15739387]
 [ 0.43985295 -0.5441267 ]
 [-0.05802479 -0.09213514]
 [ 1.1569637  -0.6673762 ]
 [-0.56259567  0.15546244]
 [-0.29356334  0.5792981 ]
 [-0.37056196 -0.36661044]
 [-0.30093008  0.44098258]
 [ 0.3095824  -0.3765284 ]
 [-0.04424948 -0.5757723 ]
 [ 0.255888    0.4376955 ]]
Peso 2:
[-3.681789   3.6818044]



pesos modelo: 
Test loss: 7.1137, Test accuracy: 0.0000
Camada: meio
Peso 1:
[[ 1.01158299e-01 -1.15935713e-01  5.70213497e-01 -5.35320938e-02
  -4.30929124e-01  1.04538381e-01 -3.46892536e-01  3.92780423e-01
  -3.48477393e-01 -1.15547851e-01 -7.66850114e-02 -1.83920100e-01
   5.94296396e-01  9.42841843e-02 -4.50527966e-02]
 [-2.57316083e-01 -2.05801010e-01  1.04989886e-01 -3.70196402e-01
   1.23139799e-01  3.68506849e-01 -3.28561962e-02 -2.13038966e-01
  -3.39942664e-01  3.39869976e-01  2.91914761e-01 -1.54107749e-01
   4.13072050e-01  1.24576390e-02  2.17495441e-01]
 [ 1.03773452e-01 -3.77820760e-01  2.08071247e-01  1.67409241e-01
  -1.86029404e-01  2.10112751e-01 -3.12647671e-01 -2.45433122e-01
  -2.08467245e-01 -2.80003548e-02  2.55844414e-01  4.66090649e-01
   5.91886222e-01  6.19346201e-01  1.70781493e-01]
 [ 4.33307886e-01  4.44557786e-01 -3.39899063e-01 -2.65028834e-01
  -4.12448496e-01 -1.12257630e-01 -1.90521687e-01 -2.29321957e-01
  -1.47801697e-01 -2.90970474e-01 -1.46239012e-01 -1.57029361e-01
   2.84165919e-01  2.84449875e-01  3.93151700e-01]
 [-1.91195831e-01 -2.22020552e-01  7.03359246e-01 -3.57772648e-01
  -4.76706326e-02 -1.94336146e-01 -2.33151242e-01 -4.48938981e-02
   6.03038669e-02  3.86919498e-01  3.30157936e-01  3.77628535e-01
   7.37785757e-01  4.85837609e-01  4.26577449e-01]
 [ 2.53505230e-01  1.70432091e-01 -2.39545912e-01  2.93024063e-01
  -1.39736235e-02  3.93670499e-01  4.43149090e-01 -1.11268252e-01
   2.16461301e-01  6.06091619e-02 -4.87578809e-02  1.73232257e-01
   5.34521341e-02 -3.50661904e-01  8.36309791e-02]
 [-3.15144271e-01 -3.59624624e-02  7.87116468e-01 -2.15019077e-01
   4.32373881e-01  9.09731984e-02 -4.25852120e-01 -9.71806198e-02
  -2.18310133e-01 -3.13687474e-01 -2.96807349e-01  5.36873676e-02
   1.09742336e-01 -1.52012870e-01  2.68986642e-01]
 [-3.19824636e-01  1.99017286e-01 -6.30670488e-02  2.29234099e-01
   1.53305292e-01 -8.00607800e-02  1.06461227e-01  2.54151404e-01
   4.13693786e-02 -2.46565714e-01 -6.85951710e-02  1.62126303e-01
   1.79636121e-01  1.44452214e-01  2.23908126e-01]
 [ 3.82613331e-01 -1.20606184e-01  1.35312855e-01  4.17712450e-01
   4.27518189e-01  6.23691082e-02  1.75433218e-01 -2.82176752e-02
   3.38392556e-01  2.09906563e-01 -8.42378512e-02  2.31051639e-01
   5.26427925e-01  5.35295188e-01  6.07001781e-02]
 [-1.81935996e-01 -8.63155723e-02 -2.81419516e-01  4.18210030e-01
  -9.64028239e-02 -1.41675413e-01  4.28745747e-02  2.37986624e-01
  -8.47269595e-02  1.65708005e-01  2.06367850e-01  2.42825150e-01
  -2.54748791e-01  6.62438273e-02  2.29198933e-01]
 [ 1.72068402e-01 -3.15116346e-01  6.34507120e-01  2.81874359e-01
   5.99861145e-04 -3.68565351e-01  3.75171125e-01 -1.78358927e-01
  -3.94583225e-01  4.35356796e-01  2.20373692e-03  4.24464017e-01
   2.80455530e-01  9.76128653e-02 -4.30541843e-01]
 [ 4.16835129e-01  7.48909116e-02  3.26189876e-01  3.32359374e-01
  -9.21306014e-03 -2.92315185e-02  2.99607754e-01  1.26332641e-01
  -2.21836835e-01  3.63930643e-01  1.45860076e-01 -4.42989558e-01
   4.31986928e-01  3.85528803e-01 -4.28728193e-01]
 [ 1.29066274e-01  2.72780120e-01  2.80052274e-01 -1.95627272e-01
  -2.02735066e-02  1.03352189e-01  2.55258858e-01 -1.60129830e-01
   2.57943869e-01  1.82268038e-01  1.03035755e-01  3.59336227e-01
   5.06364584e-01  4.64165658e-01 -2.97468126e-01]
 [-1.63042754e-01 -7.54126310e-02 -3.01936209e-01  3.70489717e-01
   2.40729451e-02 -9.96707678e-02 -3.50466907e-01  6.60567880e-02
   3.63622725e-01  3.78400385e-01  4.11550760e-01  2.91859269e-01
  -1.56933516e-01  4.09286022e-02  4.10223246e-01]
 [-3.82166415e-01  3.69249761e-01  4.87789065e-01 -1.22846782e-01
  -3.92872661e-01 -4.21551317e-01 -1.78099543e-01  3.68873715e-01
   2.73509085e-01 -2.67254084e-01 -1.57523185e-01  2.80635893e-01
   3.22216243e-01  1.85704038e-01 -3.80250812e-01]]
Peso 2:
[-6.9292833e-04  0.0000000e+00 -6.2542194e-06  0.0000000e+00
  0.0000000e+00  0.0000000e+00  0.0000000e+00 -7.6334830e-03
  0.0000000e+00 -8.4355847e-09 -7.8177005e-02 -3.3882275e-06
 -9.6815584e-06 -3.2593296e-06  0.0000000e+00]
Camada: saida
Peso 1:
[[-0.01495608  0.01408925]
 [-0.38210157 -0.5420549 ]
 [ 0.7090782  -1.1669469 ]
 [ 0.12092763 -0.17204729]
 [-0.34867382  0.3562739 ]
 [ 0.17790318 -0.48832762]
 [-0.06275904 -0.01849854]
 [-0.5711471  -0.49637604]
 [-0.41534176 -0.17030904]
 [ 0.27512196  0.01444586]
 [ 0.01928652  0.447468  ]
 [ 0.82988733 -0.06023669]
 [ 1.2149074  -0.5579144 ]
 [ 0.1302565  -1.0454514 ]
 [-0.5016717   0.11470801]]
Peso 2:
[-3.6815987  3.6816087]



pesos modelo: 
Test loss: 7.7646, Test accuracy: 0.0000
Camada: meio
Peso 1:
[[ 0.18546243 -0.327362   -0.2590596  -0.16149504  0.19593434 -0.40683272
   0.43900415  0.49621457  0.5931203   0.18364549 -0.24640687 -0.18935612
   0.2572957  -0.03763998 -0.07813218]
 [ 0.14176911 -0.3553301   0.16554779 -0.1223999   0.23843914 -0.32118666
   0.00754696  0.27577752  0.36212194  0.38625735 -0.33479464  0.29820853
  -0.04602724 -0.41244957  0.10886717]
 [ 0.35665634 -0.07245016 -0.28861877  0.49385956 -0.51326865  0.30651337
   0.5684388  -0.01073074  0.5684553  -0.27264875  0.3759847   0.18424895
   0.5088661  -0.19859174 -0.3869497 ]
 [ 0.34173888  0.43642366  0.09111857 -0.26742524  0.24044484 -0.29420286
   0.11071318  0.36272943 -0.19612104 -0.07895297  0.13009232 -0.40812713
  -0.00707749 -0.26406837  0.40218288]
 [ 0.08286984  0.31788206  0.1516729   0.15139908  0.18448028  0.33541584
   0.49147555 -0.01602042  0.21421738 -0.2853598   0.26035216  0.16190663
   0.60272664  0.10003799 -0.44509935]
 [ 0.44003266  0.41989547  0.11447871 -0.19628641 -0.406853    0.32190317
   0.14675862 -0.30653033 -0.4148389   0.33124226  0.36384833  0.25166297
   0.05440652 -0.05937338  0.12843227]
 [ 0.49038944 -0.20465054  0.26303148  0.3795646   0.13170475  0.04484192
   0.39513305  0.5727527   0.6954197  -0.08841202 -0.30941567 -0.27311203
   0.1598848   0.2533849  -0.22560643]
 [-0.36377984  0.00375584 -0.04590997 -0.19614416 -0.41451755  0.42563802
  -0.33234292  0.29934502 -0.11997837  0.22948241  0.2316612  -0.06597683
   0.41031557 -0.0539121   0.43648368]
 [-0.01793384 -0.22087157 -0.40884003  0.07070199  0.05107201 -0.4212449
   0.05984393  0.45302686  0.43635166 -0.31834555 -0.31309557 -0.2265164
  -0.03188245 -0.07406232 -0.17628941]
 [-0.12228209  0.35300487 -0.41390744  0.19932938  0.3211549   0.28113496
   0.10740417  0.43209356 -0.44221613 -0.11184627 -0.18271711  0.01688221
   0.0677231  -0.2051843   0.29680854]
 [-0.08697371 -0.11025169 -0.14447322  0.04980941  0.03563869 -0.2313414
  -0.27849504  0.55739784  0.43915644  0.20681351  0.4545968   0.23662022
   0.7127783   0.13503647 -0.19693446]
 [-0.4447156  -0.33667508 -0.15845355  0.05440599  0.37196112 -0.01276439
   0.3567024   0.42934573  0.01994905 -0.00336686  0.18126482 -0.43182188
  -0.1978523   0.06530762 -0.2004921 ]
 [-0.20384903  0.30160016  0.248326    0.05199187 -0.0232786   0.09228706
   0.44116852  0.6089659   0.53073907  0.1654982   0.07177731 -0.22792831
   0.32453552 -0.3734464  -0.20016348]
 [ 0.2838841  -0.26638296  0.10107648 -0.1008659   0.22761744  0.44258642
  -0.01121569  0.14227039 -0.1679804  -0.11012727  0.2667696  -0.43591613
  -0.11759883  0.2649973  -0.17684564]
 [ 0.14117427 -0.05815497  0.20605892  0.26609284  0.316034    0.1108219
  -0.3001326   0.05253871  0.5603071   0.0499042   0.45810172  0.34061974
   0.04081854  0.17061454 -0.30293775]]
Peso 2:
[-8.0619623e-07  0.0000000e+00  0.0000000e+00 -7.0826115e-07
 -1.0945801e-01  0.0000000e+00 -4.4535193e-07 -9.4835593e-07
 -2.7597881e-07  0.0000000e+00 -2.0730704e-07 -6.4920858e-03
 -1.6423271e-06  0.0000000e+00  0.0000000e+00]
Camada: saida
Peso 1:
[[-0.07397765 -0.62071466]
 [-0.56053734 -0.19557539]
 [ 0.05692738  0.38265115]
 [ 0.23860954 -0.48379266]
 [-0.39286715 -0.11443516]
 [ 0.45285273 -0.20287007]
 [ 0.33826527 -0.5318308 ]
 [ 0.85606295 -0.5378087 ]
 [ 1.2562835  -0.5919172 ]
 [-0.2097424   0.43528688]
 [ 0.30802354  0.00751167]
 [ 0.42801976  0.49089646]
 [ 0.712119   -0.79606265]
 [-0.06684685 -0.53335345]
 [-0.14985088 -0.5827687 ]]
Peso 2:
[-3.6821713  3.682179 ]



pesos modelo: 
Test loss: 6.3455, Test accuracy: 0.0000
Camada: meio
Peso 1:
[[-0.11928093  0.743767   -0.36924595  0.40275526 -0.02600273  0.05496615
   0.01744208  0.33522093  0.20828396 -0.10132694 -0.2777138   0.30269665
   0.28420296 -0.0545564   0.21856552]
 [-0.38406295  0.41456807 -0.11942211  0.4197582  -0.36798692 -0.047398
  -0.3615656   0.32295865  0.15088248 -0.26158202  0.04201883  0.18897831
   0.16944486  0.3336376   0.25815797]
 [ 0.11450619  0.8129781   0.15610385 -0.08185555  0.386559   -0.14773336
   0.248766   -0.30242443  0.30174965 -0.3763243   0.22489299 -0.08696938
   0.1667117   0.6769796   0.36466733]
 [ 0.31316566 -0.3569188  -0.2624007   0.3385635  -0.44453102 -0.23321949
   0.17381543  0.02964202 -0.20205286 -0.2710352  -0.22032054  0.08897859
   0.25706124 -0.29148322  0.01803097]
 [-0.32155633  0.00887692 -0.24387634 -0.08881973  0.30711412 -0.40715176
  -0.25743306 -0.11766803 -0.43727645 -0.07063577 -0.2669999   0.08611983
   0.31297937  0.7210851   0.5859619 ]
 [-0.19797875 -0.32686204 -0.31908968  0.12422019  0.35201764  0.4033503
   0.37003142  0.32378006 -0.39830002 -0.01318789  0.02374187  0.12451094
   0.07251263 -0.15592048 -0.02797922]
 [ 0.31747657  0.19409348 -0.38241667  0.26438972 -0.19064334  0.1858092
  -0.33618844 -0.17023379 -0.1445744  -0.07022929  0.36879283 -0.2783142
   0.43735737  0.1696788   0.0619823 ]
 [ 0.12235993  0.23229122  0.4253462   0.37268275 -0.13637373 -0.28342438
  -0.35813677 -0.40222615  0.2656448   0.44456398 -0.40582567 -0.36926258
   0.13957202 -0.41545445 -0.27529836]
 [-0.44329962  0.37777656 -0.06216821  0.19300975  0.03059289 -0.02819523
  -0.2538861   0.305273   -0.07602495 -0.11918849 -0.00900639  0.06758845
   0.40918005  0.33232424 -0.0731671 ]
 [-0.1358132  -0.15497461 -0.42446685  0.29324508  0.38105392 -0.27064452
   0.16406506  0.13081294  0.08672225 -0.30045414  0.4027856  -0.14621407
   0.2868212  -0.15406564  0.29748678]
 [ 0.12150979  0.5552828   0.34982216  0.31981552 -0.04122233 -0.19732983
  -0.2905477  -0.35474774 -0.09258783  0.02591753  0.39239258 -0.3104543
   0.14761503  0.01489845  0.46520337]
 [-0.21151541 -0.36773145  0.23836547  0.20118707  0.27868885  0.031142
   0.19420886  0.06735218 -0.39181334  0.27865273  0.12217218 -0.1685454
   0.41608596  0.2575125   0.2346608 ]
 [ 0.17704815  0.6732872  -0.33422166  0.46950895 -0.31411427 -0.30721867
   0.3562426  -0.12014312  0.0330866  -0.43358183  0.3444494  -0.41344362
   0.49997395  0.42460117  0.22855318]
 [ 0.1332022   0.39583725 -0.18893054  0.33049643  0.09320432 -0.04456127
   0.39362222 -0.40224865  0.10075289  0.1919896  -0.1237984  -0.4270384
  -0.42388287  0.3727936   0.19496375]
 [-0.29834706  0.58002585  0.01861581  0.03663976 -0.43227726 -0.42571273
  -0.2285516  -0.10579747  0.08025944 -0.26106244 -0.07890116 -0.25268018
   0.04229339  0.4278386   0.699382  ]]
Peso 2:
[ 0.0000000e+00 -9.2731580e-06  0.0000000e+00 -1.6388432e-06
  0.0000000e+00  0.0000000e+00  0.0000000e+00  0.0000000e+00
  0.0000000e+00  0.0000000e+00 -4.3976814e-02  0.0000000e+00
 -2.6871103e-06 -4.8329966e-06 -5.7177767e-06]
Camada: saida
Peso 1:
[[ 0.04398644 -0.47068062]
 [ 0.9767243  -1.0154414 ]
 [-0.16248617 -0.08242983]
 [ 0.84403414  0.2227239 ]
 [ 0.4572922   0.31719142]
 [ 0.31336993 -0.2363998 ]
 [ 0.28619522  0.19358844]
 [ 0.54283214 -0.58448863]
 [ 0.47954726 -0.2695162 ]
 [-0.35790476  0.16641378]
 [-0.28435755 -0.36863294]
 [ 0.5890738   0.5451493 ]
 [ 0.22783671 -0.59163165]
 [ 0.8734024  -0.6663995 ]
 [ 0.59181106 -0.73886895]]
Peso 2:
[-3.6820314  3.682049 ]
