


pesos modelo: 
Test loss: 0.5143, Test accuracy: 0.8174
Camada: meio
Peso 1:
[[ 3.95099819e-01 -1.97896361e-02  4.12278116e-01  6.73208237e-02
  -1.92044169e-01  1.89141095e-01 -1.41557157e-01  3.13559175e-01
   2.46064782e-01 -9.01654363e-03 -1.34265661e-01  1.77209973e-01
   2.47704804e-01  2.14047611e-01 -3.45613897e-01]
 [ 1.45754814e-02  1.30971342e-01 -1.21491209e-01 -3.00167084e-01
   1.27148181e-01  1.30920157e-01  1.85627475e-01  4.26040202e-01
   2.66537726e-01  1.17878996e-01 -7.07848072e-02  9.48714186e-03
   4.32367355e-01  3.94922942e-01  2.49843255e-01]
 [-1.76012442e-01  1.16717674e-01 -2.34993219e-01  3.24927837e-01
  -1.62456445e-02 -1.57539576e-01  7.77766332e-02 -2.19262823e-01
   2.69360632e-01 -3.67246836e-01 -2.98394740e-01  2.00645775e-01
  -3.57708573e-01 -3.75349820e-02  7.58616403e-02]
 [-3.16133350e-01  4.47275728e-01  3.15171450e-01  1.07539400e-01
   2.90685058e-01 -2.72165298e-01  3.74386400e-01  1.97727770e-01
   4.61050093e-01  2.16141105e-01  3.92948180e-01 -1.24196939e-01
  -2.64360696e-01  3.95457625e-01  3.53355557e-01]
 [ 2.60994226e-01 -2.13577345e-01  2.74338216e-01  1.38255626e-01
   2.70447880e-01  4.26272333e-01  8.88130292e-02  1.01268843e-01
  -2.55127162e-01  2.08942592e-01  3.76405120e-01 -2.97909826e-01
  -1.83019727e-01  4.64379907e-01 -1.58630550e-01]
 [-4.16419655e-01 -2.63690222e-02 -2.87962556e-01 -1.26601279e-01
   2.87605703e-01  3.67294788e-01 -5.68572581e-02 -3.64356458e-01
   4.18441296e-01  2.36728117e-01  1.81399480e-01 -9.78981480e-02
  -1.40014067e-01  2.96589404e-01  3.90816867e-01]
 [ 3.70241255e-01 -3.00623327e-01 -2.31826574e-01  3.27109218e-01
  -2.19734877e-01  5.92377968e-02  4.40362096e-01  3.01708698e-01
   2.02351138e-01  2.24698454e-01 -4.08458620e-01  3.79067063e-01
   1.59010470e-01  1.44095093e-01  3.17627043e-01]
 [-3.41400981e-01 -3.25219631e-01  1.41073033e-01  7.27977082e-02
   2.15034768e-01  2.83862315e-02  4.57886234e-02 -3.73130381e-01
   1.30499169e-01 -1.91121235e-01 -3.55938137e-01  1.08131774e-01
  -3.14722717e-01  9.88190547e-02  2.91581324e-04]
 [ 1.08658016e-01  3.96243423e-01  8.48017707e-02 -2.54244715e-01
  -3.30286995e-02  5.50855100e-01  2.74468251e-02 -5.02605379e-01
   3.42490561e-02  1.22822717e-01  3.60707231e-02  2.77751476e-01
  -5.90319671e-02  3.09769958e-01  5.47880948e-01]
 [-1.90476507e-01  6.34645969e-02 -4.10747498e-01  8.44736323e-02
   2.78766572e-01  3.95531148e-01  6.43337667e-01  2.19702199e-01
   4.19986695e-02  1.87783673e-01  2.64763743e-01  4.15634125e-01
  -9.64275822e-02 -5.06527543e-01 -4.52148408e-01]
 [ 2.15781145e-02  3.09696570e-02  3.74666452e-01 -4.63079482e-01
   3.74507755e-02 -1.31369671e-02  1.47002935e-01 -1.54928956e-02
   1.14136800e-01  4.50219214e-02  4.44454879e-01 -4.20129120e-01
  -4.31073785e-01  2.64510542e-01  2.39299208e-01]
 [-3.50685894e-01 -2.62129784e-01 -2.25385219e-01  2.54020751e-01
   5.22981465e-01  2.43228391e-01  2.30370596e-01 -3.15497041e-01
   4.36540067e-01  3.71138841e-01 -4.06972393e-02 -3.01469684e-01
   3.98971885e-01 -3.44479889e-01 -1.42113179e-01]
 [ 7.51762763e-02 -6.67039454e-02  3.48630935e-01 -1.28280535e-01
  -9.20724869e-02 -7.09332377e-02  1.07128084e-01  2.10183635e-01
   3.77136379e-01  3.44896972e-01 -4.00531113e-01 -2.13649303e-01
  -1.21480212e-01  4.55231637e-01  3.82305086e-01]
 [ 7.62810260e-02  3.52374971e-01  3.54524910e-01 -2.88769603e-02
  -1.43020526e-01  5.18327117e-01  7.01442122e-01 -3.83353792e-02
   1.26914158e-01  3.84883821e-01  1.25366300e-01  1.58910349e-01
  -2.39495516e-01 -4.72983330e-01 -3.06011200e-01]
 [-3.82274121e-01 -1.15238801e-01  6.66154504e-01  3.29607427e-01
  -7.05685973e-01 -9.94314492e-01 -1.42850482e+00  2.05131426e-01
  -1.42694676e+00  1.92489386e-01  1.56290412e-01  3.52476299e-01
   4.05462056e-01  3.85382384e-01  1.95049775e+00]]
Peso 2:
[ 0.01659829  0.01369079 -0.02106716 -0.00323931  0.5584015   0.53542554
  0.8950448  -0.01657929  0.5445551   0.02390942 -0.00925275 -0.00760343
  0.00458995 -0.20614682 -0.41175327]
Camada: saida
Peso 1:
[[ 0.18652035  0.32289493]
 [ 0.36683375  0.5297784 ]
 [ 0.32800683 -0.47577375]
 [-0.22338624 -0.05505993]
 [-0.8646076   0.7913442 ]
 [-1.3395301   0.35996163]
 [-1.11153     1.5683486 ]
 [-0.47915012 -0.3485602 ]
 [-1.2619189   1.020403  ]
 [ 0.03847525  0.10539075]
 [-0.328959   -0.3848179 ]
 [-0.4482609  -0.44316235]
 [ 0.23369779  0.31766897]
 [ 0.5278119  -0.6319485 ]
 [ 1.2903461  -1.7053883 ]]
Peso 2:
[-0.2660448   0.26604617]



pesos modelo: 
Test loss: 0.6966, Test accuracy: 0.7850
Camada: meio
Peso 1:
[[ 0.10270846  0.34025508 -0.11897749  0.29230082  0.21314144 -0.20528409
   0.18907171 -0.44434753  0.42317724  0.3339274  -0.21627054  0.07772851
   0.37416065 -0.12580195  0.16865265]
 [ 0.19873312 -0.32760695 -0.02069232  0.08739588 -0.31832755 -0.42034248
  -0.11146111 -0.36383572 -0.39622918  0.11589938  0.13225092  0.49709725
  -0.15713441  0.16831034  0.30180374]
 [ 0.20812024  0.47372106 -0.4032026   0.17835844  0.03250832 -0.3957586
   0.20335574 -0.23139621 -0.12005379  0.129421   -0.43363333 -0.30581567
   0.36034957  0.08190925 -0.38958815]
 [ 0.22811134 -0.34051293  0.01075849  0.5002358   0.02905762 -0.08123858
  -0.01907475 -0.3977168   0.02915033  0.08974951 -0.08468679 -0.31871083
   0.29421443 -0.13531734  0.28535867]
 [ 0.34817675  0.12278973  0.30217308 -0.06360077  0.42349     0.41051587
   0.43457082  0.00474587 -0.15845418  0.0643273   0.17014167 -0.29871744
   0.08801179  0.19965918 -0.3816561 ]
 [ 0.37110373 -0.01222647  0.18693835  0.23086517 -0.10022586 -0.17569193
   0.14164656  0.07196535 -0.24755965 -0.26373366 -0.39055645  0.11734236
   0.16260578  0.24863054  0.01028198]
 [ 0.37257457 -0.3160615   0.11132748 -0.09449027  0.49195296 -0.24658313
   0.08444893 -0.20961346  0.28456035  0.23383641 -0.24628451 -0.3663175
   0.06378868  0.3096127   0.02059622]
 [ 0.38046917 -0.38129702 -0.12067939 -0.06096109 -0.16667669 -0.30173194
   0.30117756 -0.31530815 -0.04338242 -0.00786889 -0.4007077  -0.28886148
  -0.19126946  0.1939869   0.22689785]
 [ 0.28225106  0.12647648  0.10943125  0.68033075  0.06392186 -0.00314984
   0.47619447 -0.3489974  -0.03841356  0.25809845  0.05736512  0.44975474
   0.20962347  0.35454866 -0.35202724]
 [ 0.6621029   0.0588276   0.26149124 -0.52395153 -0.37644047 -0.16809198
   0.14560434  0.11900268 -0.09539321  0.47227284  0.10714711  0.31590918
   0.4809606  -0.23833099  0.15440159]
 [ 0.12468883 -0.25555933 -0.30056134  0.4765282   0.26163018  0.23643468
   0.02911022 -0.26680988 -0.2488878  -0.17398474  0.16825995  0.00587344
  -0.03695831 -0.00878823 -0.04842705]
 [ 0.4028087  -0.07648432 -0.3845709  -0.29705003  0.07696701  0.5004608
   0.16136786 -0.15417065 -0.18296297  0.09102376 -0.41943395  0.53822535
   0.61723614 -0.28190854  0.32649928]
 [-0.14794572  0.27607492 -0.43740046  0.17493995  0.1970798   0.21489213
   0.09201976 -0.06561164  0.07932179 -0.25699094 -0.2711009   0.25557706
   0.3149586   0.3798191   0.45090732]
 [ 0.38834488  0.43028545 -0.23713599 -0.3314501  -0.45018312 -0.33687592
  -0.47318274 -0.18124378  0.06667016 -0.2991973  -0.3984521  -0.21167167
   0.04668241 -0.52850044  0.16671711]
 [-2.086907   -0.02352657 -0.32322448  1.4065274   0.17332824 -0.14714567
   0.18236849 -0.0747478  -0.30119923 -0.09258448  0.22640823 -0.22763552
  -1.1840819   1.2761995  -0.08362827]]
Peso 2:
[ 1.1381717e+00  6.6213846e-02 -1.4650534e-01 -3.1847391e-01
 -4.1475832e-02  1.1885697e-01 -1.0539669e-01 -1.0468898e-03
 -1.0828072e-01 -3.9160289e-03 -9.9110007e-02  1.6283895e-01
  6.9710129e-01 -2.1886209e-01  8.8378206e-02]
Camada: saida
Peso 1:
[[-1.7125895   1.9063203 ]
 [-0.49136075 -0.11996799]
 [ 0.42226103 -0.13325703]
 [ 1.2264545  -1.2281843 ]
 [ 0.1733806  -0.5544984 ]
 [-0.47957027  0.33198485]
 [ 0.65069187  0.0232533 ]
 [ 0.49823102 -0.238538  ]
 [ 0.521036   -0.1586895 ]
 [-0.23908012  0.49304017]
 [-0.3216871   0.17167486]
 [-0.38841528  0.28795174]
 [-1.0444145   0.97269213]
 [ 0.8393602  -1.1957271 ]
 [-0.70773125 -0.19683765]]
Peso 2:
[-0.28063658  0.28063983]



pesos modelo: 
Test loss: 0.3412, Test accuracy: 0.8720
Camada: meio
Peso 1:
[[-0.32221162 -0.44521526 -0.23205547 -0.36530906  0.04008552  0.23751271
   0.20579821 -0.37861127  0.1656639  -0.39163923  0.02022487  0.14958704
   0.05528128 -0.4362938   0.10707271]
 [ 0.1178839   0.31725496  0.24638143  0.12959996  0.22922267 -0.27936313
   0.3966768   0.12682681  0.2073007   0.06366395  0.27905136  0.4155213
   0.15406169  0.14473356  0.36556563]
 [ 0.2060773   0.01442153  0.43038064 -0.10644996  0.31676483 -0.44603303
   0.13894182  0.03162644  0.36797452 -0.10006987  0.08854035 -0.10551525
  -0.17788766 -0.26075295  0.4237878 ]
 [ 0.06625106 -0.2515388  -0.23712574  0.04535842  0.3674421  -0.16621824
  -0.2940958   0.1589821  -0.13568786 -0.25249547  0.38063332  0.05556441
   0.21506706  0.19288154 -0.19837031]
 [-0.34435555  0.01004039  0.506655   -0.31195518 -0.17466018  0.3508929
  -0.25416934 -0.05749925 -0.348049   -0.0311831  -0.11301557  0.211953
  -0.11033987 -0.20453176  0.28057256]
 [ 0.15351042  0.37774482 -0.3674753   0.34738067 -0.35138565 -0.22017364
   0.38419852  0.21349467  0.36106834 -0.02179655  0.5460093   0.26358968
  -0.12312852 -0.33378366 -0.23543073]
 [ 0.08429714  0.2644635  -0.12219821  0.05134273  0.38440394  0.20913821
  -0.12474325  0.11187781 -0.2832063  -0.00534323  0.42323768 -0.22049937
   0.27322483 -0.15090999 -0.2421266 ]
 [-0.14252406 -0.43080428  0.37597734  0.42381415 -0.2760485  -0.44312742
   0.3251349  -0.00321232 -0.39987075 -0.20780197  0.19727674  0.0834699
   0.01467957 -0.1951843  -0.3269412 ]
 [-0.0352731  -0.37277997 -0.16717051  0.45396778  0.45484692 -0.01035821
   0.06458729  0.36896193 -0.11712068 -0.0871276   0.06386143 -0.20914154
  -0.07062642 -0.059384    0.35482892]
 [ 0.58150554  0.102658   -0.0187963  -0.28912476 -0.03911683  0.3442024
  -0.44804692 -0.1959513  -0.26890886  0.2854613   0.65260625  0.15836434
  -0.40846658  0.4129567   0.535136  ]
 [ 0.266112    0.00742363 -0.37298524  0.16023299 -0.05758725 -0.06339318
   0.5800184   0.3724978   0.29454246 -0.08588135  0.3828467   0.24456097
  -0.23366764 -0.29478267  0.43994024]
 [-0.30827066 -0.1130297   0.31842503 -0.02248739 -0.17626716  0.08630276
  -0.45755595 -0.3753366  -0.25133118 -0.00689301  0.39811936  0.33400783
   0.02107287  0.04246331  0.13545503]
 [ 0.3066136   0.36610535  0.30855703 -0.16374485  0.05477883 -0.17041923
   0.11065259  0.35163307 -0.01161531 -0.37535453  0.14722584  0.38622224
   0.05455784 -0.39240044 -0.19573523]
 [-0.29445118  0.2632999   0.31335583  0.11827464  0.14284164 -0.27866518
   0.0146975  -0.58044803 -0.03281686  0.21823159  0.5967799  -0.03727342
   0.26646584  0.04036218  0.3145306 ]
 [-0.4737697  -0.09904604 -0.24794485 -0.7253266   0.7711401   0.49140528
   1.2272699   2.2880037  -0.06234683  0.04188481 -1.4820884  -0.10530798
   0.10394508  0.3233379  -0.4628854 ]]
Peso 2:
[ 0.16269755  0.07068844  0.34242678  0.36166054 -0.12105873 -0.05041059
 -0.10912513 -0.5213701  -0.00731786  0.02130245  0.9260859   0.04619151
 -0.03082692  0.00215265  0.28791627]
Camada: saida
Peso 1:
[[-0.42673185  0.33838567]
 [ 0.17368612  0.5061056 ]
 [-0.7762898   0.22054502]
 [-0.22227085  0.8703526 ]
 [ 0.4127134  -0.36195692]
 [ 0.38353267 -0.13603471]
 [ 0.40377867 -1.3186584 ]
 [ 1.8475155  -1.6816217 ]
 [-0.03732669  0.06005855]
 [-0.33724922 -0.17042392]
 [-1.1259943   1.7198353 ]
 [-0.15141302  0.11445192]
 [ 0.34434158  0.331429  ]
 [ 0.162832    0.20473851]
 [-0.60794556  0.38775352]]
Peso 2:
[-0.6875942   0.68759656]



pesos modelo: 
Test loss: 0.4091, Test accuracy: 0.8497
Camada: meio
Peso 1:
[[-4.85565960e-02 -2.75559127e-02 -8.78244042e-02  2.18623161e-01
   1.70229077e-01 -4.24784482e-01 -4.06927079e-01 -2.60068893e-01
   1.38132930e-01  2.30591297e-01  1.05255842e-01 -2.23345250e-01
   2.70792305e-01  1.36459053e-01 -2.42533386e-02]
 [ 1.56890482e-01  2.39410669e-01  3.12907696e-01  7.31429234e-02
  -3.14115793e-01 -3.60743463e-01 -2.03159824e-02 -1.93683803e-01
   2.28296384e-01  2.30797511e-02  3.98948252e-01  2.90563613e-01
   8.07516426e-02 -8.46787915e-02  4.90297526e-02]
 [-2.36242354e-01  1.95781678e-01  7.00687394e-02 -2.11671293e-01
   3.58175226e-02 -2.92516947e-01  1.75613880e-01 -1.30481988e-01
   1.91639915e-01  3.01493764e-01 -1.99230641e-01 -1.42586678e-01
   3.24457437e-01 -3.53208423e-01  1.23680811e-02]
 [-2.55951315e-01  3.50004166e-01 -2.54578650e-01  4.41060930e-01
   3.30236673e-01  3.97070795e-01 -1.90083668e-01  3.62285554e-01
   1.24135792e-01 -2.08666194e-02  2.22044960e-01 -1.37747675e-02
   2.60019481e-01  2.02873915e-01 -2.56755650e-01]
 [-2.17808589e-01  2.10786179e-01  2.17730597e-01  6.03903592e-01
   4.54186685e-02 -4.11173403e-02  7.14363530e-04  2.09836632e-01
  -2.19717413e-01  1.90875366e-01  3.49823862e-01  1.94294259e-01
   7.91478977e-02  4.47202504e-01 -1.32493258e-01]
 [-6.65060803e-02  9.36930813e-03 -8.83930102e-02  3.69099855e-01
   3.39550048e-01  2.48291805e-01  2.53746986e-01  1.51889801e-01
   1.68502852e-01  1.79606244e-01 -2.63536364e-01  7.49001279e-02
   3.22750449e-01 -3.40798497e-01  1.04390919e-01]
 [-8.20969865e-02 -2.18091398e-01 -1.52697027e-01 -1.02610074e-01
   9.11954269e-02  2.72425026e-01  5.09205103e-01 -1.56295451e-03
   2.93300867e-01 -3.51645164e-02 -5.29107936e-02  2.40454208e-02
  -1.47322297e-01  5.08881032e-01  3.73383462e-01]
 [ 5.71135655e-02  1.11559637e-01  3.97664964e-01 -2.54411042e-01
   3.32304567e-01  4.71275598e-01  5.40028811e-01  3.29508394e-01
  -1.81069747e-01 -1.04613103e-01 -2.39868104e-01  2.92437732e-01
   2.47063443e-01 -2.65141070e-01 -4.01229322e-01]
 [ 1.67071939e-01 -3.20729315e-02  4.01380599e-01  2.35665411e-01
  -1.35558233e-01  2.71775961e-01  1.78285047e-01  2.52243996e-01
  -2.48941332e-01  3.50700378e-01  2.25804672e-01  4.15158033e-01
  -2.58981377e-01 -3.03973168e-01  3.85770679e-01]
 [ 2.16929957e-01  2.19326407e-01  2.65841156e-01  1.72710478e-01
   1.76252812e-01  3.15269858e-01  4.55777526e-01 -5.48658311e-01
  -4.04469639e-01  1.09594695e-01  3.15053701e-01 -6.13299072e-01
   1.59881517e-01  2.38489956e-01  9.30861756e-02]
 [-1.70349613e-01  4.35103595e-01  1.74726956e-02  3.61360013e-01
  -2.09925324e-01 -3.27260137e-01 -1.37757272e-01  4.46443170e-01
  -4.14468080e-01  4.49564129e-01  2.17882678e-01  9.38520301e-03
   2.36301601e-01  2.96671689e-01  4.10414487e-01]
 [-3.12011968e-02  4.14467186e-01 -1.01317495e-01  6.10566974e-01
   3.24447989e-01 -1.72679797e-02  7.41698205e-01 -1.64315000e-01
   1.93078920e-01 -1.63954869e-02 -3.86068255e-01 -1.20563425e-01
  -1.65793411e-02 -3.56315434e-01 -1.30685836e-01]
 [-4.10015345e-01  2.27466822e-02 -1.41260490e-01 -3.36257070e-02
  -3.20097029e-01  1.31776080e-01  4.27575886e-01  8.35856702e-03
  -2.02184528e-01  3.90470386e-01  3.45429420e-01  2.98389494e-01
  -7.24501073e-01 -3.35777611e-01  2.42297068e-01]
 [ 2.86273897e-01  7.51812458e-01 -2.66010910e-01 -1.49056748e-01
  -7.28277639e-02  2.22675577e-01  1.48613423e-01 -2.54500568e-01
  -3.84196132e-01 -6.28743947e-01  9.59381685e-02 -2.04075158e-01
  -3.21989119e-01  2.63295472e-01  1.81565702e-01]
 [ 2.88318396e-01 -1.13918304e+00 -6.58362806e-01 -9.52810585e-01
   2.75577724e-01 -2.69382030e-01 -1.14315093e+00  1.72141290e+00
   2.78581381e-01  9.70403135e-01  2.35103816e-01  1.47899961e+00
  -3.52628119e-02 -3.46179336e-01 -6.60836473e-02]]
Peso 2:
[ 0.0565539   0.66182935  0.43409416  0.5548216   0.00775095  0.17175049
  0.62869877 -0.21802723 -0.00902453 -0.37807953 -0.02904081 -0.29475752
 -0.00478474  0.10364534 -0.03150288]
Camada: saida
Peso 1:
[[ 0.3046057   0.623691  ]
 [-1.3168811   0.85220134]
 [-0.76922476  0.3794573 ]
 [-0.8858129   0.87122226]
 [ 0.32292482  0.4252139 ]
 [-0.51332283  0.23348527]
 [-1.105237    1.0267408 ]
 [ 1.0701853  -1.3879997 ]
 [-0.44817382 -0.294827  ]
 [ 0.998766   -0.66528165]
 [-0.14464113 -0.28047344]
 [ 0.9004986  -1.3253828 ]
 [-0.3891151   0.19235773]
 [-0.6724024  -0.2675851 ]
 [ 0.26868653  0.25706607]]
Peso 2:
[-0.49009216  0.49009603]



pesos modelo: 
Test loss: 0.7915, Test accuracy: 0.7664
Camada: meio
Peso 1:
[[ 0.24859715 -0.38083822 -0.11438274 -0.17345202  0.08402622  0.20398456
  -0.01002958 -0.40718225  0.3856961  -0.21982004 -0.4414095  -0.43697074
   0.07934439 -0.11148652 -0.3409152 ]
 [-0.28440857  0.14449307  0.08165485 -0.26166004 -0.44626492  0.05229409
  -0.20086674 -0.30885834  0.47519365  0.12051731 -0.21654932 -0.21565954
   0.07345038  0.22435586  0.35342336]
 [ 0.10141054 -0.05085607  0.16360374  0.28201672 -0.4388428   0.3565717
  -0.17352381 -0.259029    0.03145451  0.09283572 -0.33575198 -0.09170745
   0.16221085  0.2740992   0.30813876]
 [-0.08909583 -0.02169063  0.05679489  0.24965005 -0.35286853  0.03376539
  -0.40961418  0.06716819  0.36146086  0.20992334 -0.20801641 -0.05225832
  -0.05742191  0.18567696  0.03402907]
 [-0.02823893 -0.18647668 -0.05115665 -0.1256772  -0.31784746  0.08578856
  -0.3248143  -0.3565172   0.14535679  0.10778897  0.32350796  0.4277024
  -0.17224295  0.18661226  0.05343319]
 [-0.11925257  0.01322705 -0.05223589  0.14108196  0.2397906   0.02152061
   0.4358816  -0.13612908 -0.08519976 -0.3058866   0.30563992  0.09414461
   0.0460562   0.3379573   0.13704513]
 [-0.01278159 -0.17588583  0.08370358 -0.36629528 -0.2537788   0.00207634
  -0.4276907  -0.01448151 -0.285947   -0.30278426  0.42765185 -0.45154214
   0.2942019   0.3668824   0.3076306 ]
 [-0.02992416 -0.28103855 -0.01637391 -0.20959511 -0.24258097  0.11859177
  -0.15415308  0.15559216 -0.26351056 -0.37598616  0.05137266  0.33796918
   0.12850548 -0.0333342  -0.03332812]
 [-0.25515908 -0.14030978  0.51098794  0.44758195  0.38235056  0.51417637
  -0.11473957 -0.37673306  0.35233024 -0.14707302  0.09038504 -0.2520189
  -0.21951064  0.16795892  0.48047456]
 [ 0.21270578 -0.43670782  0.02160813 -0.12710576 -0.01597777  0.2798985
  -0.29340836  0.26441073  0.25924098 -0.24578911  0.13362259 -0.01184637
   0.6924694   0.74086034 -0.1293079 ]
 [ 0.05811101 -0.13616595  0.42834616  0.33634424 -0.40675464 -0.07688605
  -0.11632647 -0.06295017  0.3219193   0.12625909 -0.3817307  -0.12684534
   0.3683006  -0.09541853  0.21691193]
 [ 0.07412983 -0.16125828 -0.38892063 -0.1997976  -0.28867853  0.48500478
   0.08156648 -0.21988949 -0.07088217 -0.19122702 -0.31268826  0.39533374
   0.33464044  0.18310511 -0.4720279 ]
 [-0.08574793 -0.03474486  0.0726473   0.28036213 -0.17983668 -0.10068621
  -0.37669805 -0.3990616  -0.24920268 -0.10896846  0.40203223  0.01371044
   0.33285484 -0.20604102  0.1340677 ]
 [-0.2759385  -0.15390751 -0.41912273 -0.3931118  -0.19932252 -0.0694597
   0.18093123 -0.38788047  0.10138486  0.3491732   0.33782572  0.24415423
   0.13584034  0.6595475  -0.6488038 ]
 [ 0.417138   -0.18422917  1.5830369   0.43865854 -0.2623189  -1.2368991
  -0.26423323  0.07635921 -0.5688035   0.17479792  0.2160241   0.35586125
  -0.9851525  -1.0363722   1.732826  ]]
Peso 2:
[ 0.00308067 -0.00634201 -0.33950615 -0.07093085 -0.02614062  0.81353545
 -0.01171533 -0.00610192  0.33044776 -0.00652472 -0.00647677 -0.01579613
  0.56791645  0.8172726  -0.4509473 ]
Camada: saida
Peso 1:
[[ 0.19321933  0.15680325]
 [ 0.4097714  -0.03598432]
 [ 1.1361167  -1.1848049 ]
 [ 0.28713533 -0.51000917]
 [-0.02616395 -0.4295867 ]
 [-1.1778178   1.1361039 ]
 [ 0.28570265  0.15164275]
 [-0.35924175 -0.526387  ]
 [-0.2563881   0.79855365]
 [ 0.5242847   0.42579278]
 [-0.22118397 -0.30620086]
 [-0.05637398 -0.09292714]
 [-0.904366    1.0052941 ]
 [-1.2963973   0.9681856 ]
 [ 1.233123   -1.3986275 ]]
Peso 2:
[-0.61014265  0.61014366]



pesos modelo: 
Test loss: 0.6967, Test accuracy: 0.7820
Camada: meio
Peso 1:
[[-8.57975781e-02  1.66814029e-01 -2.08657786e-01  4.32845771e-01
  -2.81043887e-01  4.01762426e-01  1.39447510e-01 -2.32126057e-01
   9.88929272e-02 -3.50354314e-01  2.70137191e-01  4.52505052e-02
   5.70635796e-02  2.14058399e-01 -3.83678883e-01]
 [ 3.16580385e-01  2.80409940e-02  1.18920609e-01  5.68785332e-02
   1.55410588e-01  3.26356769e-01  2.81586349e-01  4.20722514e-01
   1.15738660e-01 -3.04169983e-01 -1.54922813e-01  3.19191039e-01
   4.20289844e-01  4.73529905e-01 -5.88113293e-02]
 [-6.27516210e-02  6.52322173e-02  1.00674175e-01 -1.47044864e-02
   3.20439249e-01  3.64605814e-01  4.75821972e-01  6.20487392e-01
   2.14946754e-02 -4.51619685e-01  3.41770411e-01 -3.83702219e-01
   1.75382488e-03  1.86124444e-01  1.62611380e-01]
 [ 7.92183056e-02 -8.17562565e-02 -2.08434671e-01 -5.30674383e-02
  -3.90367359e-01  9.81920063e-02  4.80065614e-01  8.80181044e-02
   1.05531789e-01 -4.46544200e-01  1.37259603e-01  1.46024957e-01
  -2.92152286e-01  3.58873636e-01 -2.24273041e-01]
 [ 4.78642173e-02  2.41979927e-01 -1.99675456e-01  4.88045365e-01
   2.27297619e-01  3.00781876e-01  9.95380580e-02 -1.65817663e-01
   4.28701580e-01  3.29069018e-01  3.56734283e-02  1.90575019e-01
   2.67599151e-02  1.63104832e-01 -8.84078443e-03]
 [ 1.26221195e-01  7.45334104e-02  1.95376035e-02  4.07664001e-01
  -3.22838962e-01  3.35282952e-01 -1.01347610e-01 -1.57749131e-01
   3.36418241e-01  5.11803813e-02 -9.53785256e-02 -9.78145450e-02
  -1.05001584e-01  2.14892868e-02  2.51471311e-01]
 [ 2.88719058e-01  2.65917361e-01  3.22075069e-01 -1.36415020e-01
   3.57780904e-01 -1.08781286e-01 -1.37377083e-01  5.87966323e-01
   5.52176893e-01  1.31166741e-01 -1.66726440e-01  2.23417822e-02
  -3.80198479e-01  3.39747429e-01  4.16300483e-02]
 [ 2.57454038e-01  3.56217384e-01  2.57775396e-01  1.36439060e-03
  -4.50292975e-01 -8.52559805e-02  4.09340501e-01  1.12036347e-01
   1.82188734e-01 -1.93730637e-01 -1.20431945e-01 -2.15104476e-01
  -6.27759099e-02 -1.05346672e-01 -2.32647598e-01]
 [-2.25477397e-01  2.72619426e-01  3.31946641e-01 -1.40566483e-01
  -5.29215857e-02 -4.77400213e-01 -1.47799462e-01  2.02876464e-01
   3.90949070e-01 -1.39246443e-02  2.68367827e-01  9.95338634e-02
  -3.87523681e-01  1.61728501e-01  2.26987168e-01]
 [ 5.65396607e-01 -6.35041714e-01 -9.01656449e-02 -1.42894611e-01
  -3.28307331e-01  2.02186286e-01 -9.05592889e-02  3.65269668e-02
   3.36464405e-01  3.44487995e-01 -5.39646447e-01 -1.40570059e-01
  -2.02336892e-01 -5.02956271e-01 -1.35401234e-01]
 [ 2.82086879e-01  1.34365797e-01  3.67992342e-01  3.43774796e-01
   2.94124395e-01  2.28707328e-01 -1.79527655e-01  5.27140452e-03
   1.56347230e-02 -8.28450322e-02  4.09488201e-01  2.71471530e-01
  -1.69472337e-01 -5.48554659e-02  6.89674914e-02]
 [-1.98333263e-01 -3.58361244e-01 -4.90300097e-02  5.22207558e-01
  -2.56661147e-01  4.57807004e-01 -2.15747803e-01  7.16102958e-01
   3.25086951e-01  9.37775448e-02 -5.32491729e-02 -3.40544730e-01
   3.46988350e-01 -3.37328821e-01  6.07697899e-03]
 [ 2.39141315e-01  3.86106730e-01 -4.59420383e-02 -1.27696291e-01
  -1.84162538e-02 -2.71935314e-01  1.62909344e-01 -5.63952886e-02
   4.04681981e-01  1.04839325e-01  3.18238884e-01  4.22657669e-01
   1.69636950e-01  9.88742709e-02  2.17934757e-01]
 [ 3.93460125e-01 -2.08215252e-01 -5.24296939e-01  4.36195582e-01
   6.48005307e-02  1.26262844e-01 -3.18670660e-01  4.20145810e-01
   5.48786223e-01 -4.55409288e-01 -3.51349041e-02  2.79829055e-01
  -4.19940710e-01 -2.99899489e-01 -2.99314588e-01]
 [ 7.37948865e-02  1.32704771e+00  1.35237586e+00 -4.91624951e-01
  -6.11296706e-02  1.40378997e-01 -6.17717028e-01 -8.60023916e-01
  -6.62840784e-01 -2.66782105e-01  1.16552591e+00  3.40314925e-01
   2.43751794e-01  1.63233042e+00  8.41931760e-01]]
Peso 2:
[ 0.1940432  -0.51770043 -0.2957856   0.47677624 -0.06280182  0.07286985
  0.26931167  0.9581064   0.6838134  -0.11428252 -0.34862003 -0.0868173
 -0.03320915 -0.27128547 -0.07689895]
Camada: saida
Peso 1:
[[-0.5715967  -0.1523501 ]
 [ 1.2910625  -0.8373548 ]
 [ 1.1835972  -0.6256156 ]
 [-0.8300944   0.42836854]
 [ 0.38703227  0.40899214]
 [-0.17696354  0.06527039]
 [-0.44787583  0.39483008]
 [-1.0338582   1.1640763 ]
 [-1.0012195   0.8270128 ]
 [ 0.23832826  0.06615731]
 [ 1.1187934  -0.5516554 ]
 [ 0.48069364  0.15541959]
 [ 0.30428016 -0.09057958]
 [ 1.2271491  -1.223787  ]
 [ 0.05886561 -0.96640056]]
Peso 2:
[-0.72785884  0.7278648 ]



pesos modelo: 
Test loss: 0.4536, Test accuracy: 0.8441
Camada: meio
Peso 1:
[[-3.70655298e-01 -1.95235014e-04 -3.78383726e-01 -3.04583699e-01
   3.62598896e-01  2.27866173e-02 -2.03126445e-01  2.72120178e-01
  -4.14030701e-01 -2.49129072e-01  1.17154658e-01 -2.47859359e-02
   4.41919804e-01  5.19683361e-02  2.53070116e-01]
 [ 3.86963189e-02  2.27021590e-01 -5.40437289e-02  2.26238981e-01
   3.54628824e-02 -2.46663496e-01 -4.35853839e-01 -3.11090220e-02
  -1.66157216e-01  4.33683470e-02  1.10573396e-01 -2.91616380e-01
   3.27658445e-01 -3.26324522e-01 -1.15634836e-01]
 [ 2.34341934e-01 -9.73299742e-02  4.06351566e-01 -2.41490468e-01
  -4.02870297e-01  2.48643532e-01  1.22272454e-01  1.57110393e-01
  -3.53993177e-01 -9.55292359e-02  3.03635914e-02 -2.12296516e-01
   2.71660954e-01 -2.72428066e-01 -2.21180767e-01]
 [-3.14591587e-01  3.51746529e-01 -4.21854109e-03  1.80444747e-01
   3.50648820e-01 -1.81450341e-02  2.79741287e-02  6.66720793e-02
  -2.54333317e-01 -4.28280890e-01 -1.24881463e-03  2.48323262e-01
   1.51189761e-02 -1.32733122e-01  3.16069692e-01]
 [-3.70194495e-01 -1.05538540e-01 -6.47015944e-02  2.77435128e-02
   1.56209394e-01 -3.82341802e-01 -4.12251711e-01 -1.75383911e-01
  -4.31572616e-01  1.57159075e-01  2.41016954e-01 -1.31181866e-01
   4.04780298e-01  4.25434768e-01  4.10787277e-02]
 [-1.72659010e-02  2.69334108e-01  2.84337103e-01  1.06383272e-01
   2.89100409e-01 -1.78598717e-01 -9.12460983e-02 -4.65033483e-03
  -3.84078532e-01  2.74157196e-01 -1.80844888e-01  8.53290185e-02
   3.82722765e-01  2.70565867e-01  3.56342793e-01]
 [-2.12887809e-01  4.19583976e-01  6.20610490e-02  2.32941642e-01
  -2.11859569e-02 -2.73155302e-01 -1.79712161e-01 -1.12966120e-01
  -1.79400016e-02  7.61552975e-02  1.77324608e-01  1.94915757e-01
   2.43425131e-01 -9.85690653e-02  1.19403422e-01]
 [ 2.27678772e-02 -2.26547539e-01  3.21392953e-01  3.17193776e-01
  -3.40146750e-01 -3.85276258e-01 -3.54684323e-01  5.13112187e-01
  -3.23446304e-01  8.28314722e-02 -7.12179616e-02 -5.70341311e-02
  -1.57033220e-01 -1.46307433e-02 -3.42856765e-01]
 [-1.42111003e-01  9.54347998e-02 -2.20875591e-01  2.84080446e-01
  -3.18629026e-01 -2.72686481e-01 -2.34309226e-01  1.29469559e-01
  -1.05790850e-02  4.48372096e-01 -4.55703080e-01 -4.25463915e-02
  -7.66179934e-02  2.81150937e-01 -3.15007895e-01]
 [ 1.24188788e-01 -4.78498042e-01  2.86971301e-01  7.87236810e-01
   3.12598608e-02 -2.86417872e-01  3.86734992e-01 -2.76462942e-01
   3.77666324e-01 -2.25182027e-01  1.57464027e-01 -2.79739231e-01
  -2.61103988e-01 -2.39487171e-01 -3.46434563e-01]
 [ 2.23525494e-01  3.40167284e-01  5.80910206e-01 -9.00029242e-02
   4.98444699e-02  4.67894822e-01 -3.02485675e-01  5.04596174e-01
  -3.05253208e-01  4.05112028e-01 -3.62233259e-02 -1.51579931e-01
  -1.07810505e-01 -2.59984523e-01  1.20088659e-01]
 [ 3.61989141e-01 -4.72435206e-01  6.06515408e-01  5.52683711e-01
  -3.62270415e-01  3.22192639e-01  5.99903502e-02 -1.67663127e-01
   2.90014684e-01 -5.10854721e-02  6.86300471e-02  1.74871087e-01
  -2.53968269e-01 -3.22222024e-01  3.75413805e-01]
 [-4.31314230e-01  8.22775289e-02  6.30682483e-02  3.24261039e-01
  -4.03039038e-01  2.70725012e-01 -6.68664426e-02  6.04366481e-01
   2.23362163e-01  3.41824800e-01 -3.68476510e-01  1.71894580e-01
  -1.47129402e-01 -2.42689669e-01 -2.45769218e-01]
 [ 2.31684700e-01 -2.86515117e-01  1.57982588e-01  7.01151133e-01
   3.76628011e-01 -2.77409047e-01 -1.08813725e-01 -4.97261047e-01
   8.31393078e-02 -2.18376562e-01 -2.05251127e-01 -2.04473913e-01
  -1.44940540e-01 -3.17626297e-01 -4.05990124e-01]
 [ 8.74675363e-02  1.15711784e+00 -1.47941101e+00 -1.48161948e+00
  -1.65478349e-01 -8.62076655e-02  2.18445241e-01  1.74391937e+00
  -3.62276673e-01  8.19373667e-01 -2.77368426e-01 -3.31502408e-02
  -5.14421880e-01  2.45310649e-01  1.21263102e-01]]
Peso 2:
[-0.03782384 -0.16682626  0.95739275  0.91783804 -0.06216504  0.07679926
 -0.04124948 -0.36969534  0.0212603  -0.22895128 -0.1612494  -0.14243077
  0.20521645 -0.00425967  0.06041007]
Camada: saida
Peso 1:
[[ 0.00449934  0.00957183]
 [ 0.98761255 -0.7261898 ]
 [-1.3080858   1.3867216 ]
 [-1.5989814   1.3375549 ]
 [ 0.40189484  0.40552473]
 [-0.17634341  0.34135744]
 [ 0.43884364 -0.41689068]
 [ 1.6457962  -1.0515028 ]
 [ 0.2540954   0.5528534 ]
 [ 0.6484138  -0.6246523 ]
 [ 0.31005976 -0.07684299]
 [ 0.14428799 -0.30339733]
 [-0.8960762  -0.19934425]
 [ 0.31831893 -0.1301564 ]
 [-0.26990628  0.2892128 ]]
Peso 2:
[-0.48982486  0.48982853]



pesos modelo: 
Test loss: 0.6696, Test accuracy: 0.7835
Camada: meio
Peso 1:
[[ 3.13516438e-01  4.05015409e-01 -4.43634123e-01 -2.27946714e-01
  -3.74208003e-01 -4.41176742e-01 -2.72434294e-01 -1.61373317e-02
   2.22491324e-02  5.74035048e-02 -3.43706191e-01  1.17529631e-01
  -3.84149253e-02  3.47403467e-01  1.15216315e-01]
 [-4.17872787e-01  3.53947848e-01 -2.63211310e-01  2.31825307e-01
   2.59188145e-01 -2.16155678e-01  3.51858556e-01  8.99055004e-02
   6.49888441e-02  3.48632395e-01  1.73331007e-01 -2.71043722e-02
  -2.62400955e-01  6.70830347e-03 -3.27704042e-01]
 [-4.29088116e-01 -1.74994934e-02 -4.17001396e-01 -3.50829959e-01
  -1.00099239e-02  1.46382183e-01  3.22790504e-01 -1.16957478e-01
   1.56533614e-01 -7.45427907e-02  8.90290365e-02 -1.06489472e-01
  -1.53834701e-01 -6.77490979e-02  5.57649732e-01]
 [ 1.15818240e-01  3.96653354e-01 -2.73626298e-01  9.46973488e-02
   1.41133502e-01  9.25458670e-02 -3.43098521e-01  1.45965844e-01
  -4.05001342e-01 -1.04287518e-02  4.29076195e-01  1.03598535e-01
  -3.68052840e-01  2.39808783e-01  3.19096655e-01]
 [-3.38051945e-01 -1.43295703e-02 -1.90808669e-01 -1.34116605e-01
   8.52533877e-02 -4.07113642e-01 -2.69828707e-01  1.16261691e-01
  -1.03582405e-01  6.59857273e-01  2.03115538e-01  1.31377012e-01
  -4.20768082e-01  1.73914179e-01  2.27807999e-01]
 [-1.17838956e-01 -9.38487425e-02 -2.41102390e-02 -5.14342310e-03
  -3.44341785e-01 -1.50215775e-01 -9.71246138e-02 -1.44302428e-01
  -4.08955991e-01  5.56932271e-01 -2.66295433e-01  3.07759702e-01
  -3.85860920e-01  3.14061195e-01 -3.41739416e-01]
 [-3.11573595e-01  2.18123868e-01  8.32964927e-02 -3.33653986e-01
   2.54554451e-01  5.40297218e-02  4.70177010e-02  5.21302409e-02
  -3.88595462e-01  4.99049872e-01  3.60772371e-01 -1.71251461e-01
  -1.55082121e-01  1.77717969e-01  4.23233867e-01]
 [ 1.43492520e-01  1.45094976e-01  4.33453858e-01 -2.69210070e-01
   2.47100011e-01 -4.17780638e-01 -3.61584067e-01  1.91650316e-01
  -2.09044635e-01 -8.76220241e-02 -4.95517068e-02  5.05979266e-03
  -3.94987196e-01 -3.53815824e-01 -5.51578701e-02]
 [ 3.71316731e-01  1.41055301e-01 -1.66503135e-02  2.13503074e-02
  -5.27605340e-02 -4.55980450e-02 -9.02578533e-02  2.60258496e-01
  -2.82279074e-01 -2.94131041e-01 -1.15277477e-01  2.83999562e-01
   2.62817532e-01  3.82572204e-01 -2.23433614e-01]
 [-3.08573931e-01  6.12747490e-01  7.24666342e-02  2.90361494e-01
  -4.57600832e-01 -2.64662087e-01 -1.48617461e-01 -3.58985335e-01
   2.61548281e-01  3.20117652e-01 -3.32482308e-01  4.73971486e-01
  -1.92539647e-01 -4.49086905e-01 -5.88856055e-04]
 [-2.22548708e-01  4.27227207e-02  4.88319993e-01  3.28924924e-01
   6.60248697e-02 -1.41011834e-01  1.51181370e-01  2.53368020e-01
   2.72489399e-01  2.04975531e-02 -1.70859233e-01  5.17261684e-01
  -3.76203090e-01  4.74094987e-01 -1.52287021e-01]
 [ 5.48654079e-01  2.18156204e-01 -3.50167096e-01  3.07409167e-01
  -1.08551830e-01  9.52492282e-02 -9.79862064e-02 -4.39332962e-01
  -6.56857938e-02  3.92182589e-01  2.90431380e-01  7.34503567e-02
   2.92447716e-01 -4.50616568e-01 -1.20308504e-01]
 [ 2.86855191e-01  3.09081703e-01  1.89306289e-01 -4.21636194e-01
   4.12638664e-01 -2.30159312e-01 -7.07956124e-03  3.75339717e-01
   5.15210703e-02 -3.07808578e-01  3.44321251e-01 -6.85334727e-02
  -1.00379713e-01  1.22685514e-01  3.37287545e-01]
 [ 4.59779233e-01  4.98398155e-01  3.00983042e-01 -5.85305355e-02
   4.07594815e-02  2.90899903e-01 -2.95692980e-01 -3.84535819e-01
   2.67076701e-01  6.63399041e-01  2.39843115e-01  4.44761276e-01
   2.53339652e-02 -5.30036092e-02  4.57062572e-01]
 [ 1.89425632e-01 -1.04953313e+00 -2.65439719e-01  3.02846208e-02
   5.97035825e-01  2.75249034e-01 -1.18141316e-01  1.71853769e+00
  -1.27636120e-01 -3.12280953e-01 -5.42246699e-01 -9.94955301e-01
   3.51198405e-01  2.04474592e+00 -2.45195970e-01]]
Peso 2:
[ 0.06494926  0.70605344  0.07998286  0.1279477  -0.19460104 -0.10898912
  0.00698278 -0.41865143 -0.1925541   0.57491976  0.35086253  0.68717545
  0.01325755 -0.42868584  0.28150564]
Camada: saida
Peso 1:
[[ 0.09695508  0.58629525]
 [-0.513959    1.4381123 ]
 [ 0.06043753  0.49552733]
 [-0.63367677 -0.14800304]
 [ 0.4831582  -0.50062346]
 [ 0.38780305 -0.53612274]
 [-0.32066387 -0.23058002]
 [ 1.1442106  -1.5111237 ]
 [ 0.12822141 -0.26508385]
 [-1.0049775   0.36366272]
 [-0.36785814  0.56603307]
 [-0.7553426   1.2402663 ]
 [-0.4978631  -0.15280339]
 [ 1.4417056  -1.4836017 ]
 [ 0.0539446   0.90632945]]
Peso 2:
[-0.7734411  0.7734468]



pesos modelo: 
Test loss: 0.5212, Test accuracy: 0.8162
Camada: meio
Peso 1:
[[-0.3743347  -0.14682898  0.05410063  0.2514233   0.10276806  0.36703956
  -0.17765716  0.3027627  -0.36868584 -0.34772432 -0.07525504  0.3971777
  -0.35424948 -0.32848284 -0.39318964]
 [ 0.20714475  0.19124311 -0.18591943 -0.08220562  0.05415811 -0.26799718
   0.34889558  0.02583779 -0.07830174  0.02463691  0.23104665  0.01494351
   0.04713737  0.01996091 -0.2521037 ]
 [ 0.12352153  0.10174942 -0.29475632 -0.00797148  0.19420192 -0.33716622
  -0.0939173  -0.2728889   0.10827058  0.02776132  0.14212914  0.48443764
   0.13525605 -0.21365161  0.05403735]
 [ 0.32841682  0.09389463  0.10334051  0.14229284 -0.30904922  0.39606968
   0.19147126  0.30013764  0.23169908  0.1761786   0.08251407  0.02219582
   0.55046886 -0.24108802 -0.07829173]
 [ 0.01579374 -0.34072056 -0.41472903  0.37611154  0.04390341 -0.35270777
  -0.23187013 -0.02239808 -0.18716119  0.04876623  0.02550138 -0.37971386
   0.02489445 -0.2127175  -0.08858974]
 [ 0.28945696  0.37020132 -0.27873164 -0.2783541  -0.3599781  -0.0440191
  -0.27633724  0.24609457  0.01343284  0.03092065  0.21379635 -0.13779937
   0.3077641  -0.11528614  0.26597863]
 [ 0.21848932 -0.32220337  0.16532528  0.12280168 -0.4251372   0.26566154
  -0.3293547  -0.20701885  0.21827191  0.13785392  0.07177892  0.36815107
   0.39585328 -0.4360495  -0.01161766]
 [ 0.17941657 -0.2430134  -0.24781394  0.38638216  0.39036074  0.15682454
   0.30981615  0.37476638  0.23843643  0.10848121  0.07358931 -0.0653303
   0.45332265  0.2797088  -0.20991133]
 [-0.12889694  0.33044067  0.11259071 -0.1437489   0.22242461 -0.3365395
   0.33301368  0.27578261 -0.15541935  0.02586415  0.3945459   0.02523683
   0.69291013  0.08150382 -0.44490337]
 [ 0.43667927 -0.27455324  0.03586918  0.52220476 -0.1524042  -0.34693855
   0.1635733   0.29798713 -0.3196209   0.43035144  0.35376033  0.4259742
  -0.13127062  0.06425035 -0.06014957]
 [ 0.28093222  0.30476868 -0.17393531 -0.4327773   0.10942477  0.06303913
   0.65465456  0.08132368  0.13245726 -0.14919026  0.31168884  0.04581901
   0.23116446 -0.19280595  0.30842972]
 [ 0.39977702  0.26596257  0.25932288 -0.27888644 -0.24388626 -0.18272525
   0.03329277  0.5518399   0.4617245   0.7770116   0.6179167   0.08833995
   0.14774862 -0.05229004  0.24267468]
 [-0.23658489 -0.2888624  -0.15304616  0.64826185  0.2913816  -0.29966554
   0.3616932   0.33776575  0.22100727  0.31400234 -0.33637518 -0.15046261
   0.70197123 -0.26319146 -0.41234133]
 [ 0.6188856   0.3562823   0.06284294  0.12616165 -0.06573806  0.1910198
   0.22115104 -0.23507215  0.37685743  0.74439955 -0.04687611 -0.28823134
  -0.68006647 -0.28728718 -0.22054784]
 [-0.8363421  -0.34778067 -0.40712434 -0.6350017  -0.33988807  0.06713478
   0.8285219  -0.97449666 -0.63961166 -1.3701433  -1.4817244  -0.29658255
   1.3999555   0.08601618 -0.05333441]]
Peso 2:
[ 0.41955647  0.02839574 -0.13943134  0.41348976 -0.02790677  0.03577647
 -0.0512321   0.30577746  0.359038    1.0021394   0.81990147  0.1613598
 -0.19804785  0.01962679 -0.00401337]
Camada: saida
Peso 1:
[[-4.1573876e-01  1.1420981e+00]
 [-4.9527693e-01 -1.5638964e-01]
 [ 4.6133605e-01 -4.9747887e-01]
 [-4.9872205e-01  9.1104352e-01]
 [ 5.9195921e-02  5.1986760e-01]
 [-4.8677135e-01  1.8093629e-01]
 [ 3.7774062e-01 -8.9321613e-01]
 [-9.9443054e-01  3.0418289e-01]
 [-8.6380020e-02  1.0028794e+00]
 [-1.4190100e+00  1.3135160e+00]
 [-1.3299146e+00  1.2837970e+00]
 [-7.0364124e-01 -7.6326251e-02]
 [ 1.6200776e+00 -8.7695956e-01]
 [ 7.8005297e-04  3.7389317e-01]
 [-9.9697448e-02 -9.8402910e-02]]
Peso 2:
[-0.03950064  0.03950722]



pesos modelo: 
Test loss: 0.4606, Test accuracy: 0.8471
Camada: meio
Peso 1:
[[-2.48818472e-01 -4.17768925e-01 -5.34470975e-02  1.35614693e-01
   3.39171588e-01 -2.50846565e-01  2.46499002e-01  2.28257954e-01
   4.43133950e-01 -3.06275487e-01 -2.38648027e-01 -4.07282561e-01
  -2.83467978e-01 -3.84559065e-01  3.69168758e-01]
 [ 4.64245081e-01 -3.23170573e-01 -3.55554521e-01  8.55215117e-02
   8.18486661e-02  2.03744918e-01 -3.24908644e-02  7.65653560e-03
   4.10837382e-02 -3.68085474e-01 -4.02526647e-01  2.91996798e-03
  -2.70860165e-01  1.74259655e-02  3.97100061e-01]
 [-1.63521439e-01 -2.28702575e-01  6.98272064e-02  2.81254917e-01
   1.13889597e-01 -1.26746699e-01  1.86074644e-01  9.70398600e-04
  -2.59734809e-01 -2.82255054e-01 -7.85755068e-02 -4.10633504e-01
   2.32089266e-01 -4.66137491e-02  4.38318700e-01]
 [-2.46816725e-01  2.11451292e-01 -2.11792126e-01 -1.27143323e-01
   1.49927363e-01  4.81548309e-01  2.17869729e-01 -2.28620158e-03
  -3.51609170e-01 -2.74937928e-01  1.01653144e-01  2.51164079e-01
   4.39774990e-01  1.66541472e-01 -1.37738446e-02]
 [-1.48594975e-01 -1.89365432e-01 -2.11711004e-01  2.01106002e-03
  -1.17751572e-03  4.23689187e-01 -1.07451625e-01  1.97052747e-01
  -3.02640021e-01  2.56885048e-02 -6.74512014e-02  2.50380427e-01
   5.39611816e-01  3.45687836e-01 -1.54562429e-01]
 [ 2.51828581e-02  4.40872945e-02 -2.34007329e-01  3.03943083e-02
  -2.67863691e-01 -3.44029248e-01  8.12976137e-02  4.02551554e-02
  -3.95152688e-01  3.54393929e-01  4.93088886e-02  8.91830325e-02
   4.21669446e-02 -1.79600775e-01 -1.04116611e-01]
 [ 9.48681757e-02  1.41506761e-01 -3.75101089e-01  3.99543107e-01
  -1.18218265e-01  4.16405290e-01  2.38185152e-01  4.14619118e-01
  -1.89059705e-01  4.49329466e-01 -3.37657630e-01 -1.47512406e-01
  -2.94403583e-02 -3.41591209e-01  4.12287831e-01]
 [ 1.61763772e-01 -1.82983987e-02 -3.86427701e-01  1.92866951e-01
  -1.35285988e-01 -1.12294033e-01 -3.02107990e-01  6.52962411e-03
  -1.34647116e-01  1.61383182e-01 -4.01926726e-01 -3.39921892e-01
   8.45467579e-03  7.29922280e-02 -1.26882732e-01]
 [ 2.36384779e-01 -8.67822841e-02  1.80051818e-01 -1.72958702e-01
   5.06719410e-01 -3.64195742e-02  1.09042376e-02  2.60078460e-01
  -3.02561492e-01  2.21470878e-01  2.18665525e-01 -1.53851092e-01
  -1.70777559e-01 -4.18354362e-01  4.43014324e-01]
 [ 6.08166337e-01  4.40358855e-02 -1.27662957e-01  1.04971483e-01
  -5.51150203e-01  4.70963031e-01 -3.69728245e-02 -2.81298518e-01
  -1.08756639e-01  2.61928856e-01  1.88364118e-01  1.91244557e-01
   6.29431367e-01 -3.10227364e-01 -2.05601323e-02]
 [-3.23056400e-01 -4.78180587e-01 -2.09470406e-01 -1.60220310e-01
   2.47565523e-01  4.33066756e-01  4.02211249e-01  5.15207015e-02
   6.63878247e-02  2.08333477e-01 -4.37434405e-01  1.55747578e-01
   1.23967014e-01  2.72903472e-01 -2.23079085e-01]
 [ 2.90508360e-01  3.46665233e-01  1.78939208e-01  1.61921203e-01
  -3.54739316e-02 -3.14489990e-01 -5.22814803e-02 -5.46539128e-01
  -3.89594495e-01 -1.88405544e-01  2.03323156e-01  3.58788483e-02
   7.31633127e-01 -1.81453571e-01  6.03778958e-01]
 [ 6.08443618e-01 -1.43743679e-01 -9.13583934e-02  4.19221997e-01
   5.72331488e-01 -3.45478836e-03  1.47708237e-01  4.93897527e-01
   1.93219677e-01 -1.86691687e-01  1.81662202e-01 -8.37923586e-02
   1.84892431e-01 -3.50549966e-01  4.47068423e-01]
 [ 2.49508582e-02  2.92626828e-01  2.57351398e-01  4.29597348e-01
  -5.46115279e-01  2.54886806e-01  2.22661525e-01 -1.83763087e-01
  -3.18893611e-01  2.44520918e-01 -3.63124520e-01  2.67980903e-01
   6.61466539e-01  8.13008472e-02  2.26881236e-01]
 [-6.99700713e-01  8.74145627e-02  6.66107088e-02  1.62555799e-01
   1.26863790e+00 -4.59242225e-01  1.63249582e-01  2.28290915e+00
   9.42735374e-02 -3.89663458e-01  2.29880020e-01 -4.04928595e-01
  -7.67394841e-01 -4.03285980e-01 -1.17758214e+00]]
Peso 2:
[ 0.5326957  -0.12252119  0.01007411  0.09658649 -0.3068217   0.22727625
 -0.11551046 -0.3262149   0.01574937  0.44561547  0.03229887 -0.05475719
  0.8775314  -0.02784768  0.65860516]
Camada: saida
Peso 1:
[[-0.8033393   0.6894232 ]
 [-0.08360142 -0.36212078]
 [-0.5564505  -0.36112484]
 [ 0.25074995  0.43045965]
 [ 1.1518165  -1.1386492 ]
 [-0.09950189  0.7524139 ]
 [ 0.24772674 -0.01334925]
 [ 1.6830696  -1.7237339 ]
 [-0.34412462  0.44389436]
 [-0.60492736  0.5913038 ]
 [-0.19235133  0.11009372]
 [ 0.1838406   0.28771684]
 [-1.2278568   1.0299953 ]
 [ 0.08898121  0.10451394]
 [-1.1216747   0.7680037 ]]
Peso 2:
[-0.5973556   0.59735805]



pesos modelo: 
Test loss: 0.3332, Test accuracy: 0.8800
Camada: meio
Peso 1:
[[ 0.18930513  0.10378462 -0.0659894   0.30908865 -0.31886768 -0.16076303
   0.2781465  -0.29720348  0.29894406  0.3502962   0.3712119   0.20801091
   0.3629772  -0.2913459   0.37570524]
 [-0.02235917 -0.04908677  0.20747992 -0.01950108 -0.12245946 -0.3611156
   0.12669052 -0.24725649 -0.3170925   0.3437264   0.0512815  -0.18977988
  -0.43748713 -0.07895357  0.43071923]
 [ 0.1794846   0.34251466 -0.06316803  0.46941015  0.04603648 -0.17800646
   0.3066008   0.1301752  -0.28790796 -0.02752039  0.33742353  0.24103604
  -0.2204881  -0.37121823  0.27453837]
 [ 0.4061979   0.29701054  0.2576874  -0.2697315   0.3048044  -0.13631006
   0.38408908  0.08489133  0.2323132   0.31660137  0.47231886 -0.37187853
   0.402718    0.16980606  0.25439832]
 [ 0.33973563 -0.35211533  0.20970911 -0.35138938  0.33277503  0.27849913
   0.42809725  0.3805953   0.11154405  0.309734    0.3449778   0.3005472
  -0.05213014 -0.30454266  0.38595703]
 [ 0.04079507 -0.01201099 -0.14719611 -0.02105558  0.18038405  0.1635038
   0.16946885 -0.00730578 -0.40135202 -0.07260422  0.2896763   0.32660684
  -0.1983178  -0.02039036 -0.35622522]
 [-0.05205061 -0.3453445  -0.33890933  0.1987079   0.06699321 -0.44467616
   0.30893898 -0.34022442  0.21007659  0.10539803  0.14020598  0.16555129
  -0.4182659   0.09192157  0.13782752]
 [ 0.25858432  0.14988288  0.22410785  0.32883936  0.23000598 -0.18199968
   0.04811798  0.23174928 -0.39672744  0.21685483  0.12660861  0.08609222
  -0.19430315 -0.22194952 -0.39223224]
 [ 0.30218133 -0.20880064  0.28394616 -0.19994868  0.25296304 -0.31118253
   0.03544459  0.32354608  0.34367213 -0.15467255 -0.13247259 -0.22618021
  -0.30134568  0.3241381   0.21331206]
 [-0.11370866 -0.32416424 -0.30305144  0.16082633  0.69588125  0.2927776
  -0.45062557  0.31295875 -0.270654   -0.01926016  0.665269   -0.41795594
  -0.42125717  0.27762666  0.41477242]
 [ 0.3402249   0.14835879  0.02572563  0.40334386 -0.13064088 -0.3041674
  -0.08677574 -0.11472651 -0.43780586  0.16710557  0.10498624  0.10060778
  -0.29801095  0.5134662  -0.20083155]
 [-0.36275807  0.3379989   0.37204406  0.43628395  0.1216667  -0.21113272
   0.07832913 -0.12738073 -0.4153391   0.47298226  0.55651265 -0.05081194
  -0.38647842 -0.15057908  0.25466937]
 [ 0.45388025 -0.3517064  -0.40426803 -0.1542024   0.22148256 -0.01669173
  -0.02846466  0.1917407  -0.3322129  -0.01625361  0.18525986 -0.56739753
   0.30324194  0.12199482 -0.09111293]
 [-0.16111977 -0.2888648  -0.28784853  0.2551639   0.7824074   0.33714518
  -0.09593624  0.2755813  -0.40889952  0.30141398  0.39022747 -0.24394882
  -0.34789938  0.3563676  -0.32769966]
 [ 1.9425054   0.17312174 -0.37560347 -0.27154398 -1.447152    0.15306574
   1.2708428   0.38308322  0.26628512 -0.66466266 -1.3353769   0.0674811
  -0.39337155  0.52345157 -0.2973932 ]]
Peso 2:
[-0.48482788 -0.04814494  0.14891255  0.23984031  0.9363134  -0.02011287
 -0.12303224 -0.02322123 -0.04335339  0.37223366  0.7173909  -0.05840832
  0.05721151 -0.0106385   0.12922788]
Camada: saida
Peso 1:
[[ 1.6933928  -1.2436091 ]
 [-0.16370349 -0.26780427]
 [-0.5924495  -0.12609176]
 [-0.051645    0.8224714 ]
 [-1.1611094   1.5148143 ]
 [ 0.38741696  0.2548103 ]
 [ 0.9605834  -0.7426566 ]
 [ 0.6119422   0.2893834 ]
 [-0.5581515   0.25114298]
 [-0.7561448   0.65008134]
 [-0.75644773  1.6065959 ]
 [-0.43058038  0.282156  ]
 [-0.49164176  0.5722885 ]
 [ 0.09869682 -0.47073385]
 [-0.620996   -0.00653064]]
Peso 2:
[-0.29746354  0.29746693]



pesos modelo: 
Test loss: 0.4625, Test accuracy: 0.8406
Camada: meio
Peso 1:
[[ 0.19290876 -0.38747674 -0.42880228 -0.19370249  0.00684291  0.14492005
  -0.29261738 -0.31383502 -0.13505107  0.10354656  0.18372613  0.21028197
  -0.37331942 -0.09303662 -0.3007499 ]
 [ 0.08127724 -0.21167254  0.22553603  0.43198523  0.03743886  0.2794367
  -0.09500112 -0.36505485  0.03979265 -0.09748535 -0.4037239   0.34013674
  -0.44875348  0.18832761  0.438138  ]
 [ 0.23105985 -0.01549983  0.07189251  0.09828469  0.12206692 -0.1733709
  -0.07469285 -0.2580113  -0.01305683  0.2502443   0.05521953  0.13669547
  -0.14810216 -0.30206198 -0.14465901]
 [-0.07863884  0.32870317  0.06985109 -0.14846951 -0.16430715  0.04114334
  -0.26784125  0.00188028  0.16245013  0.5179748  -0.24855117  0.05569806
  -0.2247834   0.20423248  0.03353864]
 [-0.08908178  0.04431992  0.00969746 -0.33748767  0.30050045  0.18075511
  -0.0177356  -0.28078872 -0.02950922 -0.14536059 -0.17067295  0.2328274
  -0.05157084  0.15788345 -0.02299785]
 [-0.32954758  0.16943285  0.34055853  0.3826148  -0.1276574   0.22570497
   0.09622084 -0.23915567  0.19510041  0.17770423  0.14676312 -0.05354844
   0.07837443 -0.05139902  0.03434737]
 [ 0.33376515  0.49957985 -0.27144474 -0.14188448  0.3538053   0.10428748
   0.3266739   0.13702083 -0.13737305 -0.16295238 -0.21921     0.12992914
   0.00698806  0.43043405  0.07556231]
 [-0.17660661 -0.22617675  0.19008301  0.32991573  0.16888088  0.1948219
  -0.14382857  0.16942437  0.14056236  0.34138337  0.05634333 -0.07755299
   0.33673912 -0.16599031 -0.03211885]
 [ 0.43943226 -0.00839882  0.22127394 -0.25299627  0.01139545  0.30860364
  -0.3007666  -0.2489767  -0.1395014  -0.09094241 -0.34937358  0.03247625
   0.08058179  0.33686092  0.39494604]
 [-0.1661619   0.09135941 -0.28778908  0.03094944  0.44807154 -0.34260735
  -0.09435121  0.16140045 -0.47557962  0.17615147  0.20717855  0.53863823
   0.44827777 -0.1895761   0.38437322]
 [ 0.4918858  -0.38024423  0.15213722 -0.00336663  0.45724156  0.32102722
   0.49574107 -0.02737748  0.35352716  0.3399134   0.03845134  0.06615377
  -0.14728867 -0.31349176 -0.13056199]
 [-0.16204906 -0.15901808  0.47669214  0.13819747  0.61479855 -0.5013595
   0.17755717  0.23672529 -0.00498357  0.5453178   0.38514027  0.48654315
   0.1825953  -0.29860958  0.03205701]
 [ 0.5663281   0.51064163 -0.06952897  0.31049654  0.2942446   0.19908442
   0.3370585  -0.11965826  0.5713545  -0.1627978   0.19119981  0.33879352
   0.3217026   0.17879757 -0.1407076 ]
 [-0.07814066 -0.0444653   0.13920166  0.48149222  0.23070033 -0.43184876
   0.11478033  0.0728237   0.1101417   0.40796337  0.23248132 -0.14477108
   0.08502638  0.01516563  0.74454147]
 [ 1.3500801  -0.4890087  -0.55927277 -0.28995892 -1.3501761   1.6579987
  -0.50420374  0.27441603  0.9758548  -0.4394299   0.27556488 -1.0881417
   0.05371096 -0.45896366 -0.47613811]]
Peso 2:
[-0.3698251   0.25822324  0.24495545  0.1556079   0.6261841  -0.39930052
  0.2439256  -0.11369295 -0.20981283  0.40591332  0.02315328  0.5853452
  0.0499232   0.14013807  0.48591796]
Camada: saida
Peso 1:
[[ 1.1614872  -1.1195241 ]
 [-0.8056681   0.04398343]
 [-0.08361495  0.82933867]
 [ 0.10825957  0.7911147 ]
 [-1.3725154   0.8813508 ]
 [ 1.4275832  -1.1695372 ]
 [-0.04094429  0.7225431 ]
 [ 0.27118197 -0.5333271 ]
 [ 0.7280359  -0.70463973]
 [-0.4262592   0.88548595]
 [ 0.11147766  0.45020464]
 [-0.5328881   1.1929544 ]
 [-0.45464543 -0.04273138]
 [ 0.09507282  0.6287911 ]
 [-0.6191388   0.8187658 ]]
Peso 2:
[-0.5090986  0.5091025]



pesos modelo: 
Test loss: 0.3787, Test accuracy: 0.8527
Camada: meio
Peso 1:
[[ 4.27044928e-01 -2.93082178e-01 -5.52025437e-03 -3.65911692e-01
   3.46178055e-01 -3.38919461e-02 -2.48454213e-02 -1.57954752e-01
  -1.11042112e-01 -2.88532197e-01 -2.70144135e-01  1.69991970e-01
   2.75114000e-01  4.43700016e-01 -3.64163160e-01]
 [-6.69410303e-02 -3.83599579e-01  8.90744105e-02  2.78754503e-01
  -3.88035595e-01 -4.10611600e-01 -4.40265566e-01  4.48041171e-01
   2.00148568e-01  4.29938048e-01  2.12984219e-01  2.76344389e-01
   2.48795018e-01 -1.27586350e-01  1.48988873e-01]
 [ 2.22052097e-01  2.06693709e-01 -3.93219799e-01  1.19887538e-01
  -2.79185921e-01 -3.32468182e-01 -4.10377532e-01  1.15695998e-01
   9.45086852e-02  4.44781750e-01  2.91499943e-01  5.17770767e-01
  -1.52612189e-02 -3.98927063e-01 -2.47074589e-01]
 [ 1.53954372e-01 -1.65765017e-01 -2.27937400e-01  1.38302352e-02
   1.96969494e-01  1.50114670e-01  3.04786980e-01 -3.54071587e-01
   5.87005131e-02  3.59656960e-01 -4.37497318e-01  3.61220054e-02
  -6.28069788e-02  4.49263990e-01  2.06924662e-01]
 [ 3.55882585e-01 -1.17417827e-01 -2.31153101e-01  2.34092072e-01
  -3.98099460e-02 -3.63510013e-01 -3.05023491e-01 -1.01692885e-01
  -5.00113629e-02  1.42052755e-01  2.72145271e-01  3.47580940e-01
   2.32969731e-01  4.05077159e-01  3.28681648e-01]
 [ 1.27720356e-01  2.51889765e-01 -2.92755514e-01 -3.65248054e-01
  -7.35649392e-02  3.84122014e-01 -2.37722009e-01  4.24074829e-02
   5.89125976e-02  1.21397905e-01  3.87036085e-01  2.81599522e-01
   2.66796410e-01 -1.58309549e-01  5.34663163e-02]
 [ 1.83881328e-01 -8.71003345e-02  2.93202370e-01 -4.21776623e-01
  -3.03353459e-01 -1.19368434e-02 -3.98649216e-01  4.47603315e-01
  -5.17894216e-02  6.38367981e-02  7.60204718e-02  2.64206588e-01
   1.73318535e-01 -3.00101280e-01  2.29102194e-01]
 [ 1.85787722e-01 -3.33654702e-01 -3.70555907e-01 -1.58239588e-01
  -3.12761903e-01  1.33843273e-01  4.40962076e-01 -1.06669217e-01
   5.35996556e-02  3.79361212e-01  1.52953612e-02  3.97801965e-01
   1.17827579e-01 -2.36715645e-01 -2.74135977e-01]
 [ 2.58759141e-01 -3.53490680e-01  3.20299156e-02 -2.98927575e-01
   4.05796766e-01  4.10966009e-01  4.03632849e-01  4.55234766e-01
  -2.36001149e-01 -2.52294213e-01 -1.77780330e-01  4.59656984e-01
  -2.51494706e-01  4.02897984e-01 -3.60330427e-03]
 [ 9.54570949e-01 -2.79415008e-02  7.21506327e-02  4.43419933e-01
   2.62644351e-01 -2.28132054e-01  4.45964485e-01 -1.03615053e-01
  -3.51179272e-01 -5.23778833e-02 -3.58497798e-01 -3.33189607e-01
  -1.30085096e-01 -3.09298515e-01  1.06629573e-01]
 [ 1.64117634e-01 -3.50049347e-01 -3.76686603e-01 -3.25145334e-01
  -1.87272504e-01  3.13541710e-01 -4.30115759e-01 -2.80357808e-01
  -2.06728771e-01  5.93399927e-02 -6.78475425e-02  3.88005346e-01
   1.69360027e-01 -1.11204004e-02  4.92647439e-01]
 [ 5.59344113e-01  2.02041417e-01 -3.34552050e-01  2.16465786e-01
   4.19735968e-01  5.78496456e-02 -5.77591732e-02  2.96258688e-01
   4.09289837e-01 -5.52435545e-03  5.06053686e-01 -1.46292165e-01
   3.24999094e-01 -4.08317268e-01  2.52222627e-01]
 [-8.48865733e-02 -1.17427841e-01 -2.41600946e-01  1.70101672e-01
   1.90840632e-01 -1.21202476e-01 -4.07129884e-01 -1.56176001e-01
   6.76429123e-02 -1.91606522e-01  2.16300294e-01  9.15613249e-02
   2.94050872e-01  2.62310088e-01  4.46412146e-01]
 [ 8.10357630e-01  3.23903114e-01 -2.39077091e-01  2.16662303e-01
  -1.83729663e-01 -3.03869750e-02  1.99086983e-02  1.64681107e-01
   1.68669596e-01  3.67078394e-01 -3.64237189e-01  1.10327169e-01
   3.52138132e-01  3.64378065e-01 -5.06916821e-01]
 [-1.81535125e+00 -1.90639079e-01 -4.00490940e-01 -6.49032590e-04
  -2.91348159e-01 -4.29497182e-01  3.30979228e-01 -4.85239387e-01
  -3.44156213e-02 -9.77330923e-01 -3.51310372e-01  2.00857234e+00
  -8.18887770e-01  1.90194204e-01  4.19141442e-01]]
Peso 2:
[ 1.1417704  -0.0022608  -0.00686504  0.09658986  0.14137816  0.0521199
  0.01061704  0.3133854   0.12286298  0.67574406  0.05937563 -0.3044145
  0.32344747 -0.01079787 -0.0507715 ]
Camada: saida
Peso 1:
[[-1.8874903   1.7097402 ]
 [ 0.08496334  0.0813787 ]
 [ 0.47326064  0.10588957]
 [ 0.3496365   0.7023078 ]
 [-0.18559778  0.29832488]
 [ 0.2275388   0.58347684]
 [ 0.07214153  0.47267264]
 [-0.42739877  0.74131703]
 [-0.5758812   0.5336761 ]
 [-0.8924448   0.978974  ]
 [-0.41498405  0.1757452 ]
 [ 1.2301525  -1.77322   ]
 [-0.6573512   0.73867434]
 [ 0.5661576   0.32177526]
 [ 0.19384469 -0.51908296]]
Peso 2:
[-0.07343765  0.0734393 ]



pesos modelo: 
Test loss: 0.3602, Test accuracy: 0.8639
Camada: meio
Peso 1:
[[ 1.87237024e-01  4.46849048e-01 -1.46919161e-01  3.09165657e-01
  -6.95977807e-02  1.97142363e-04  7.13269114e-02  1.54303312e-01
   1.61497474e-01 -9.82621312e-02  4.37332511e-01  1.61690235e-01
   3.79954934e-01 -3.69932592e-01  1.03863716e-01]
 [ 1.66310206e-01 -3.83389384e-01  3.18370163e-01  2.70434737e-01
   1.48810539e-03  2.88712293e-01  1.10117249e-01 -3.16405267e-01
   3.08774322e-01 -2.49582171e-01 -2.22497627e-01  8.44316483e-02
  -2.19293669e-01  4.01494920e-01 -7.53186792e-02]
 [ 1.11044064e-01 -3.88869822e-01  4.57231820e-01  2.38146372e-02
  -3.19929808e-01 -4.23663437e-01 -2.22905293e-01  5.37275553e-01
  -1.18509993e-01  3.60883713e-01  4.01055254e-02 -1.39436677e-01
   4.14585322e-01 -8.85807499e-02 -2.49819651e-01]
 [-1.54278100e-01 -9.60887820e-02  3.45713764e-01 -2.17536062e-01
  -4.34813082e-01  1.04769558e-01  3.02036971e-01 -2.38025472e-01
   4.44046676e-01  2.25903783e-02  3.38815361e-01  2.86976308e-01
   2.23364472e-01 -5.27931228e-02  3.79106164e-01]
 [-3.41307808e-04  1.71891883e-01 -1.36390492e-01  2.24124677e-02
   2.37767324e-01  1.44103512e-01 -3.60246629e-01  1.05400354e-01
   3.10437292e-01 -2.02956721e-01  2.05139094e-03  4.16649163e-01
  -1.93154290e-01  2.91109353e-01 -9.72519144e-02]
 [-2.85627991e-01 -1.40979752e-01  2.92849362e-01 -2.01695889e-01
   1.56178296e-01 -3.37248951e-01 -3.25974435e-01  2.09990004e-03
   3.52459729e-01 -2.26462424e-01 -1.84413884e-02  9.45462957e-02
   3.83619890e-02  2.07773015e-01  2.54812669e-02]
 [ 1.15281217e-01 -2.80416101e-01 -3.52925241e-01  4.32147563e-01
  -3.80765826e-01 -3.10782529e-02  3.18117052e-01  3.82435620e-01
   3.55869308e-02  3.49285081e-02  2.12270126e-01  1.82255462e-01
  -7.05980733e-02 -2.20421329e-01 -2.19563022e-02]
 [ 3.07229906e-01  1.17774501e-01  1.40860319e-01 -3.01610053e-01
  -4.72939819e-01 -1.08536696e-02 -8.87266323e-02  9.01019052e-02
   3.40842098e-01 -4.65156585e-02  3.96701515e-01  3.55148405e-01
  -2.57528156e-01 -1.00146160e-01  2.97984123e-01]
 [ 2.98796386e-01  5.19491956e-02  9.88750458e-02  6.08533695e-02
  -1.73202917e-01  1.58938929e-01 -3.50122899e-02  2.40582004e-01
   1.98923320e-01 -2.51662433e-01  4.53794807e-01 -1.39629334e-01
   1.50027126e-01  2.58753300e-01  3.82735878e-01]
 [ 1.63550884e-01  4.47514087e-01  1.29973292e-01 -1.93120003e-01
  -1.93633378e-01  1.83951892e-02 -3.85436058e-01 -1.25678703e-01
   6.40647233e-01 -2.09957719e-01 -5.12254477e-01 -4.03039813e-01
   4.01017293e-02 -2.18302488e-01 -2.42040247e-01]
 [-3.14982027e-01  3.06020021e-01  4.33144659e-01  5.16366661e-01
   3.12880814e-01 -3.07021469e-01 -2.83980101e-01 -1.85760543e-01
  -1.07832756e-02 -1.50187671e-01  9.76149291e-02 -5.25602810e-02
   4.25568163e-01  2.79644489e-01  1.37786031e-01]
 [-1.00327246e-01  1.27296094e-02  1.78807288e-01 -2.73988932e-01
   2.47135848e-01  1.59579292e-01  2.43766740e-01 -7.63051212e-02
   6.36272013e-01 -1.30896717e-02 -1.10149659e-01 -2.70962477e-01
  -4.73823071e-01 -3.91955018e-01 -1.63297012e-01]
 [-2.71858484e-01  4.69725132e-01  3.01039457e-01 -1.01352014e-01
   1.78857729e-01  1.01660371e-01  1.24246821e-01  2.23788708e-01
   2.16743261e-01  7.69123808e-02  2.54079670e-01  3.08613926e-01
   4.48341854e-03  4.65647995e-01  4.79806364e-01]
 [ 5.07311970e-02 -1.15165435e-01 -2.21847638e-01 -3.26143712e-01
  -6.47416636e-02 -5.97690195e-02 -2.73141026e-01  2.15023919e-03
   6.62195861e-01 -2.67173082e-01 -5.27975678e-01 -3.84040505e-01
   2.30939016e-01 -3.33853722e-01 -4.05003756e-01]
 [-2.16326013e-01 -3.22601587e-01 -7.35255063e-01 -4.97313201e-01
   1.60173643e-02 -5.73562607e-02  1.62890479e-02 -6.15800798e-01
  -1.59155238e+00  2.98259914e-01  1.58278668e+00 -5.56851923e-01
  -4.80566733e-02  1.99566650e+00  1.57969385e-01]]
Peso 2:
[ 0.2570337   0.21420805  0.20949769  0.21182333  0.01591433  0.07542192
 -0.01166334  0.37985295  0.98246074 -0.04606382 -0.28364354  0.07002161
 -0.02471273 -0.2668746  -0.12262428]
Camada: saida
Peso 1:
[[-0.51937294  0.27820066]
 [ 0.06364336  0.7703774 ]
 [-0.22375858  0.7158405 ]
 [-0.13697249  0.68499476]
 [-0.40464836  0.5862596 ]
 [ 0.35609704  0.65232396]
 [ 0.18258478  0.2110283 ]
 [-0.62587154  0.42925608]
 [-1.3979243   1.7271869 ]
 [ 0.34077075  0.5194677 ]
 [ 1.1297588  -1.2107425 ]
 [ 0.09146166  0.5486431 ]
 [-0.3034959  -0.36786762]
 [ 1.5424919  -1.4134818 ]
 [ 0.37754777 -0.1678449 ]]
Peso 2:
[-0.6400701  0.6400738]



pesos modelo: 
Test loss: 0.5244, Test accuracy: 0.8060
Camada: meio
Peso 1:
[[-2.52938420e-01  8.59440565e-02 -2.02236667e-01  5.66967726e-02
  -9.20473635e-02 -2.40041614e-01  3.74898732e-01  1.39145732e-01
  -3.03773046e-01 -1.04855448e-01 -3.57563794e-01 -4.23547119e-01
  -7.15567768e-02 -1.12584233e-03 -7.53218830e-02]
 [ 1.20626517e-01  4.14005607e-01  5.27320743e-01 -1.50041506e-01
   8.89059752e-02  2.83369869e-01  1.55584291e-01  1.28917828e-01
  -4.44355905e-01  3.25114951e-02  1.68634459e-01 -3.36213768e-01
  -5.77342790e-03 -6.87918290e-02 -3.43152165e-01]
 [ 3.49825054e-01 -9.07208100e-02  2.20153406e-01 -2.08551466e-01
   3.56258415e-02  4.52873796e-01 -3.62341970e-01  2.59157240e-01
   3.69935706e-02  5.03637850e-01  1.01348817e-01 -7.44290277e-02
   3.36418033e-01  1.31325975e-01 -1.19826831e-01]
 [ 4.52753296e-03 -2.83375382e-01  5.18590808e-01  1.77560598e-01
   1.16802648e-01 -2.62717515e-01  3.78544599e-01  1.66653678e-01
  -1.03837410e-02 -2.13347778e-01 -5.40227517e-02 -1.79969370e-01
  -8.81579146e-02  1.35396630e-01  6.07884564e-02]
 [ 5.34251593e-02 -5.49594089e-02  3.77341568e-01 -1.84719816e-01
   3.09648931e-01  4.05744284e-01 -1.29827410e-02 -8.56607705e-02
   2.71943033e-01  9.49950367e-02  2.41684675e-01 -3.66533339e-01
  -2.90428072e-01  3.89431626e-01 -1.69108063e-01]
 [ 2.11829036e-01 -1.35493711e-01  6.17237315e-02 -3.67633104e-02
  -4.93802391e-02  1.73635677e-01  3.90753567e-01  3.06228280e-01
   1.94983512e-01 -3.09750617e-01 -2.32139885e-01 -3.29950005e-01
   4.43818033e-01  4.64139134e-01  9.11972970e-02]
 [ 2.91414671e-02 -2.27695107e-01 -2.43667752e-01  2.56408364e-01
   1.23823984e-02  8.99365470e-02  1.16434269e-01 -2.03844965e-01
  -3.01463127e-01  1.05617166e-01 -1.24808587e-01  4.97884959e-01
   1.13416530e-01 -3.54808509e-01 -1.10409811e-01]
 [ 1.08175449e-01 -7.10932612e-02 -3.45551580e-01  4.08584237e-01
   1.33865744e-01 -3.99836749e-01 -1.37317419e-01 -3.52233201e-01
   3.01623940e-01  1.34373056e-02 -8.22788551e-02  1.55743390e-01
   3.09583962e-01 -2.86991358e-01 -1.49010599e-01]
 [-1.02030849e-02  6.95327520e-02 -4.12082881e-01  1.06594242e-01
   9.42487940e-02 -4.18022990e-01  7.84515813e-02  6.92431852e-02
   2.75175899e-01  3.85480911e-01  2.95486569e-01 -2.63199091e-01
  -8.93184394e-02  5.96130900e-02  4.07057613e-01]
 [-4.12094057e-01 -1.23392560e-01 -9.00702327e-02 -2.62164384e-01
   5.93719482e-02 -1.10335045e-01  2.47173652e-01  3.12941343e-01
  -3.20326984e-01 -2.98602134e-01 -2.02692598e-01 -2.94076592e-01
   8.18921268e-01 -2.60697842e-01 -4.84729052e-01]
 [ 1.47360638e-01  5.29275537e-01  1.78565532e-01 -9.39626172e-02
   6.29896149e-02  4.60587293e-01  1.14020228e-01 -6.91775456e-02
  -2.78955281e-01 -1.44560546e-01  1.81019843e-01  1.22299492e-01
   3.22534323e-01 -2.87385434e-01  5.37493348e-01]
 [-3.21802855e-01 -3.41250360e-01  2.63199836e-01 -4.85317707e-02
   7.71187961e-01 -3.09014589e-01  3.24041039e-01 -3.79475623e-01
   3.53719741e-01  1.25338927e-01 -3.26432675e-01  5.18697977e-01
  -1.36161447e-01  3.40494514e-02 -3.53881747e-01]
 [ 5.48907161e-01  5.99355027e-02  2.54951626e-01  4.50352311e-01
   3.97358030e-01 -3.74540895e-01 -3.69736224e-01  1.57955542e-01
  -1.25045180e-01 -8.60548462e-05  2.54295319e-01  4.54174489e-01
   2.80345857e-01  1.64479911e-01  3.58067721e-01]
 [-5.28269857e-02  6.10581003e-02  2.46371672e-01  2.02719029e-02
   6.45136058e-01 -4.15250182e-01  1.78371653e-01 -5.42682707e-02
  -4.77873795e-02  4.44960505e-01  1.18112184e-01 -1.09066300e-01
   7.91940689e-01  2.63047546e-01 -8.06594640e-02]
 [ 1.84180617e+00  6.01516724e-01 -3.10308278e-01  1.03697968e+00
  -1.34661698e+00  2.52913833e-01  2.75703296e-02  5.83300471e-01
  -4.21226889e-01 -4.27664310e-01  8.64452899e-01 -1.31085098e-01
  -1.17438900e+00 -2.30181500e-01  9.55477715e-01]]
Peso 2:
[-0.3489007   0.04336921  0.23890434 -0.06730218  0.89822197  0.00191015
  0.09833686 -0.01809404 -0.05196226  0.228492   -0.19556347  0.1745478
  0.90761966  0.08520202 -0.09867951]
Camada: saida
Peso 1:
[[ 1.2545995  -1.4842169 ]
 [ 0.68193096 -0.08311777]
 [-0.49067438  0.32481232]
 [ 0.31064305 -0.9529805 ]
 [-1.285859    1.3660866 ]
 [-0.16737537 -0.27398622]
 [-0.4834783  -0.00224778]
 [ 0.3823112  -0.0582548 ]
 [ 0.15018068  0.25235072]
 [-0.76323754 -0.08213245]
 [ 0.3657481  -0.83472145]
 [-0.04515261  0.65977955]
 [-1.3975265   1.005355  ]
 [ 0.3032783   0.7236131 ]
 [ 0.740407   -0.85850924]]
Peso 2:
[-0.61798334  0.6179868 ]



pesos modelo: 
Test loss: 0.4299, Test accuracy: 0.8504
Camada: meio
Peso 1:
[[-4.32465136e-01  2.80305624e-01 -3.03442836e-01  2.85512924e-01
   1.21489763e-01  4.11745965e-01  1.05077982e-01 -1.41007513e-01
   8.19960237e-02 -2.99432695e-01  3.96401584e-01  1.32699370e-01
   5.36490679e-02  3.11323106e-02 -2.77211487e-01]
 [ 2.30222642e-01  6.36812299e-02  1.32901683e-01  3.35362673e-01
  -1.68273691e-02  2.75465846e-01  3.36911172e-01  1.95038050e-01
   2.46471569e-01  8.60483348e-02 -3.84128064e-01 -9.17888433e-02
  -1.89756751e-01  2.57692903e-01 -2.08899528e-01]
 [-5.32621890e-02  4.76614609e-02  2.78195381e-01  2.13329509e-01
   1.49192577e-02 -5.22976881e-03 -6.27501085e-02  1.35915950e-01
  -7.06059486e-02  1.63650975e-01  1.39717117e-01  4.21715885e-01
  -4.03976768e-01  1.58781201e-01 -1.69454947e-01]
 [ 2.18034551e-01  2.06425592e-01  4.65183854e-01  4.15716112e-01
   1.47298887e-01 -3.42517197e-01 -3.02918762e-01 -3.76283348e-01
   2.21257776e-01  3.19119394e-01  5.86833805e-02  3.30181271e-01
  -2.56691843e-01  4.85906862e-02  2.31988862e-01]
 [ 4.48508382e-01  2.08571479e-01 -2.83402860e-01 -8.35170895e-02
   3.38370770e-01  3.28476131e-02  7.35267997e-02 -3.03066939e-01
  -3.21204722e-01 -1.44714549e-01 -1.36917070e-01 -2.79099792e-01
   3.41421187e-01 -3.10749352e-01  6.83494583e-02]
 [-1.48743287e-01  2.14809522e-01  2.84389079e-01 -1.57522544e-01
   3.57548475e-01 -9.28296223e-02  1.93429902e-01  5.20608276e-02
   2.23788381e-01 -5.22818826e-02 -9.56443995e-02  4.55463290e-01
   2.32332438e-01 -2.71834791e-01  2.17554599e-01]
 [ 4.15904783e-02 -1.64636993e-03  3.44683439e-01 -1.30256236e-01
   1.97081119e-01 -1.82033449e-01 -2.18864217e-01 -2.34187260e-01
   1.99660048e-01 -3.96683393e-03 -3.36033285e-01 -5.79476282e-02
  -2.14433402e-01  1.85500517e-01  4.26007330e-01]
 [ 1.15473121e-01 -1.39853865e-01 -2.25525677e-01  3.98817718e-01
   1.95672005e-01 -3.86500321e-02 -3.33246619e-01 -2.24798709e-01
  -4.13247466e-01  3.65927458e-01  2.21684873e-01 -1.83485776e-01
  -2.75505126e-01 -2.52302229e-01  2.43599042e-01]
 [ 1.14476554e-01  6.80690765e-01  3.81308496e-01  5.53353906e-01
   3.08706999e-01  1.79997072e-01  2.93148935e-01 -1.23127364e-02
  -1.87303081e-01 -2.08192095e-02 -4.27274883e-01  2.98978299e-01
   1.46752298e-01 -2.60158569e-01  1.16637237e-01]
 [ 1.80622667e-01 -1.21700808e-01  1.00466818e-01 -4.48345244e-01
   6.82396233e-01 -1.97452493e-03  2.38307133e-01 -3.55721563e-01
   7.42879184e-03 -2.03762925e-03 -2.90793747e-01 -1.68767050e-01
  -1.21158361e-01  1.07765928e-01 -2.97138423e-01]
 [-2.35436708e-01  4.48105812e-01 -1.82232350e-01 -4.44179447e-03
   1.54665902e-01  2.78813392e-01  2.48791501e-01 -3.16949189e-01
  -1.28840014e-01  4.80957687e-01 -3.19632351e-01  1.30201519e-01
  -7.92299137e-02  2.46408373e-01  4.13644850e-01]
 [ 8.65746364e-02 -3.34980398e-01  5.78540742e-01 -1.21503742e-02
   4.33061004e-01 -4.05524641e-01 -2.00430542e-01 -3.54532152e-01
  -3.14676613e-01  4.87883061e-01 -1.28586933e-01 -5.95719032e-02
   4.04342711e-01  5.10094799e-02 -4.73898113e-01]
 [ 4.99587387e-01  2.75844246e-01 -1.79287493e-01 -1.09076940e-01
  -2.80332237e-01 -4.94187891e-01  2.22132713e-01 -3.96348804e-01
   4.65963006e-01  1.78621441e-01 -4.44506735e-01 -4.44069445e-01
  -5.32398701e-01 -1.97960913e-01  1.39045909e-01]
 [-1.91477478e-01 -6.18245780e-01 -2.64707565e-01 -3.80252928e-01
   7.38348663e-01 -2.91031092e-01 -1.49762809e-01  1.26056492e-01
  -3.07020098e-01  5.63787580e-01 -2.66630352e-01  1.85050011e-01
   3.01937103e-01 -4.81469423e-01 -1.46980017e-01]
 [-1.10083711e+00  1.88060963e+00 -7.92521298e-01  8.31310868e-01
  -1.37499058e+00  1.79333501e-02 -5.11464953e-01  4.05850083e-01
   6.18854351e-02 -1.07819772e+00  3.67966533e-01 -3.50790381e-01
   3.02377135e-01 -1.75655320e-01  7.02245057e-01]]
Peso 2:
[ 6.0803032e-01 -4.4671428e-01  5.7657009e-01 -6.2212091e-02
  8.5409230e-01  4.7496841e-03  1.2921639e-01  4.5887896e-04
  5.2363114e-03  4.1785902e-01  7.2632879e-03  1.1241285e-01
  6.9086179e-02 -2.6391897e-01 -1.5989776e-01]
Camada: saida
Peso 1:
[[-0.84581417  0.9539278 ]
 [ 1.3459594  -1.6633736 ]
 [-0.36654255  1.0449191 ]
 [ 0.72141004 -0.5731888 ]
 [-0.9948485   1.6678145 ]
 [ 0.03642491  0.47091404]
 [-0.8106554  -0.16803397]
 [-0.40151832 -0.3717641 ]
 [-0.22937277 -0.4179416 ]
 [-1.1934849   0.58460456]
 [-0.39548543  0.08694494]
 [ 0.2710116   0.7929947 ]
 [-0.56387305  0.51931137]
 [ 0.11745526 -0.39620352]
 [ 0.87161684 -0.31916025]]
Peso 2:
[-0.4349218   0.43492627]



pesos modelo: 
Test loss: 0.3204, Test accuracy: 0.8874
Camada: meio
Peso 1:
[[-0.08484232  0.39870787  0.03224    -0.00359514 -0.36441854 -0.10371768
   0.37719297 -0.35895362  0.16753876  0.4350888   0.12007356 -0.30725494
  -0.3852905   0.2582417  -0.01347515]
 [-0.264783   -0.34323704  0.12547603  0.14779381 -0.19562778 -0.0395862
   0.08321177  0.20444266 -0.12177759 -0.43467814  0.385179   -0.25223342
   0.30215034  0.30193663  0.22819701]
 [ 0.4868758   0.11227269  0.02847917  0.25804254 -0.24613301 -0.23441087
  -0.1918657   0.167054    0.28161016  0.37657735 -0.27862367  0.06879862
  -0.01680481 -0.0405994  -0.20038986]
 [-0.3522121   0.16405141  0.41011658 -0.21464546  0.24018383 -0.02051585
   0.21149729 -0.24116248 -0.23996659  0.1855621  -0.11634191  0.316234
   0.23058012  0.31407818  0.3160452 ]
 [ 0.11145414 -0.32154727 -0.33807907  0.09323634  0.39430702 -0.3241141
  -0.20173803  0.00862619  0.24809389  0.35528868 -0.07115342 -0.33597076
   0.17801717 -0.02122528  0.4084265 ]
 [ 0.09514233 -0.32242322  0.37185013  0.21459456  0.24047858  0.13995582
  -0.0136733   0.02550564  0.240494    0.34002575 -0.15318507  0.35076788
   0.10609435 -0.4246082   0.41189906]
 [-0.2234362  -0.17267577  0.33623055 -0.12242563 -0.1654619   0.14678775
   0.30391783  0.366718    0.26868114  0.43032682  0.17124969 -0.3150243
   0.4395643  -0.27822128 -0.31890774]
 [-0.13156702  0.34683058  0.46744922  0.14718354 -0.30877787 -0.18913208
   0.42202777  0.05241121 -0.35886317 -0.3960812  -0.09832705 -0.25080934
   0.2571211  -0.40012982 -0.28361568]
 [ 0.02531483 -0.42270622 -0.43782502 -0.04636483 -0.43964407 -0.32134283
   0.20190431  0.67939097 -0.14133261 -0.03309257  0.5299163  -0.17384736
   0.37632522 -0.15661524  0.00618783]
 [ 0.39798173 -0.38923025 -0.35149086  0.17640893  0.17119953  0.04754673
  -0.2860808  -0.25506908  0.14935377  0.02439094  0.29807332 -0.38046908
   0.8123944   0.4150907   0.27498767]
 [ 0.323096   -0.35993922 -0.23627482  0.45343223 -0.4308888  -0.06499668
   0.3943288   0.1835776   0.46983805 -0.35450587 -0.26351953  0.35462117
  -0.1514768  -0.42048818  0.2723259 ]
 [ 0.16984044  0.19275352 -0.25626376  0.52460766  0.00204741 -0.12544483
   0.2338754  -0.34527156 -0.26527733 -0.01990821  0.45010996  0.06133466
   0.54613835  0.22311339  0.21818528]
 [-0.27033207 -0.21496563 -0.34015065  0.26398763  0.37860903  0.27326158
   0.47715652  0.3225485   0.25303656 -0.0603967   0.00351314  0.18321332
   0.07880078 -0.4354193   0.29494938]
 [ 0.16026567  0.41774553  0.09499912  0.53920645 -0.0915248  -0.3485598
  -0.30155972 -0.14525153 -0.03249546  0.23980734  0.4618458   0.23748738
   0.66695005 -0.3291641  -0.07550737]
 [-0.19599432 -0.28812754 -0.05935604 -1.201417    0.21759777 -0.37254024
   0.58924025  1.8453908  -0.6670514   0.18419632 -0.2694717  -0.25081497
  -1.8196676  -0.19928469  1.0620778 ]]
Peso 2:
[ 0.09115107  0.00162943  0.07464732  0.517661    0.02647898 -0.20493442
 -0.17497008 -0.28806356  0.17000999 -0.00947493  0.25983104  0.11324098
  1.1077938   0.03394773 -0.06286263]
Camada: saida
Peso 1:
[[ 0.03201402  0.42966524]
 [-0.2751122  -0.23490818]
 [-0.29832393  0.09079405]
 [-1.5052547   0.41069347]
 [-0.4248169   0.01466476]
 [ 0.5034719  -0.29693827]
 [ 0.47485146 -0.5740686 ]
 [ 1.499927   -1.3713349 ]
 [-0.08730916  0.72984725]
 [ 0.48269176  0.48462704]
 [-0.61228526  0.24817629]
 [-0.11455013  0.58456284]
 [-1.6326292   1.8440527 ]
 [-0.44312626 -0.13528095]
 [ 0.9857504  -0.28521955]]
Peso 2:
[-0.3052398   0.30524334]



pesos modelo: 
Test loss: 0.3196, Test accuracy: 0.8818
Camada: meio
Peso 1:
[[-0.13944119  0.44020605 -0.06620967  0.17950678 -0.07547936 -0.24837172
  -0.01506385  0.30755007  0.22746432 -0.14810824  0.11568177 -0.31703034
   0.08767503 -0.17849386 -0.24991553]
 [ 0.48809162  0.34107694 -0.12669079 -0.22385727  0.25436038 -0.20940806
   0.25678408  0.07025901 -0.33946323  0.11596564 -0.34569812 -0.06246363
  -0.35044432 -0.24248123 -0.19926018]
 [ 0.17511144  0.28247806  0.36741033 -0.38437453  0.28469196  0.06283157
  -0.36015168  0.00391931  0.29788524  0.24243334  0.34792998 -0.43222424
  -0.05266795 -0.0471849  -0.10811114]
 [ 0.21939015  0.24516173  0.32702526  0.42756134 -0.16078018  0.41806674
   0.01783643  0.16916788  0.12144092 -0.3381063  -0.15924259 -0.2846303
   0.22355118  0.13032183  0.30748123]
 [ 0.07216858 -0.07577003  0.11395164 -0.26230654  0.14122915  0.34073678
   0.26452452 -0.09391762  0.17495039  0.14220434  0.43103558 -0.14645013
  -0.33304507  0.19738679 -0.42891157]
 [ 0.4616343   0.33222294  0.2506783   0.08730014  0.37806377  0.3448393
  -0.19502085  0.15127814 -0.05219494 -0.3358376   0.07389404  0.12220069
  -0.3147846   0.10119064  0.01179129]
 [ 0.31419495  0.3982834   0.28022143  0.18121827  0.09596583  0.43783122
   0.03012117 -0.05698873  0.28899682  0.13882744  0.06691736  0.39863056
  -0.01540011  0.42178008 -0.12756012]
 [ 0.3957932   0.2714604  -0.27809703 -0.07705101  0.15081155 -0.46388465
   0.40797848 -0.22949074 -0.23820116 -0.06864831 -0.16880934  0.17487895
  -0.32180834 -0.15894265  0.2529659 ]
 [-0.24136682  0.13568576 -0.20616479  0.12399165 -0.0079894   0.3809223
   0.06815071  0.2579418   0.10443349 -0.4366629   0.10467219  0.23653734
   0.32882077  0.35918215 -0.35748434]
 [ 0.8685232  -0.4065668   0.1006602  -0.4152969   0.05336783 -0.1612662
  -0.22074394  0.00392456  0.38925487  0.2532738   0.09752446 -0.03179901
   0.32928053  0.14413616  0.08018506]
 [-0.16889285  0.14300379  0.47118628  0.36266565  0.19380258  0.35155967
   0.21221927  0.21972549  0.37927234  0.35813358  0.388665    0.3759704
   0.24025641  0.03140789 -0.0087061 ]
 [ 0.606616   -0.13687582 -0.29537788  0.15854052 -0.33278582  0.07089183
  -0.2607503  -0.06329264  0.28756893 -0.20609963  0.3437817  -0.2988541
   0.34375    -0.19527395 -0.3341939 ]
 [ 0.5152464   0.34082     0.49564213 -0.2658302   0.430732   -0.44011822
   0.40792924  0.08688252  0.2821497  -0.06898975 -0.03360559 -0.36871082
  -0.03954148  0.31894568 -0.19907679]
 [ 0.68632716 -0.20913926 -0.57362103  0.07567245 -0.07709906  0.06665908
  -0.04684328  0.0566344  -0.02764165 -0.39103717  0.18341231  0.22157657
  -0.18839243 -0.20662585 -0.26530963]
 [-1.7939665   0.5711594   0.69117534  0.41743305  1.1198304  -0.69881064
   0.37482142  1.0840579  -0.7912881   0.05232593 -0.51749516 -0.27670178
   0.10656973  1.4263314  -0.06680492]]
Peso 2:
[ 1.1507485  -0.20052473 -0.20772576  0.01466909 -0.36219284  0.3567723
 -0.1120665  -0.12597547  0.3283669   0.00493486  0.23378198  0.00135718
  0.03707322 -0.16869088 -0.10174607]
Camada: saida
Peso 1:
[[-1.999263    1.5309289 ]
 [ 0.14159441 -0.7935517 ]
 [ 0.44488052 -0.7626421 ]
 [-0.32353106 -0.645531  ]
 [ 0.6282992  -1.0740286 ]
 [-0.67610306  0.7401156 ]
 [ 0.44620436 -0.2198803 ]
 [ 0.49698114 -0.89857835]
 [-0.14496922  1.0958225 ]
 [-0.26240772 -0.15046233]
 [-0.7295999   0.09123033]
 [-0.40325648 -0.16868933]
 [ 0.230089    0.47071043]
 [ 0.9013012  -1.0479927 ]
 [ 0.33180454 -0.3353306 ]]
Peso 2:
[-0.50790405  0.5079077 ]



pesos modelo: 
Test loss: 1.0767, Test accuracy: 0.7353
Camada: meio
Peso 1:
[[-2.87210912e-01  1.36776745e-01 -2.01087803e-01  4.27033365e-01
  -2.05602050e-01  2.06537247e-01  3.43258083e-02  4.05849218e-01
  -1.24097586e-01  1.35527551e-02 -3.37545991e-01  3.94073963e-01
  -3.99400830e-01  2.09025860e-01 -1.56646580e-01]
 [-4.46178377e-01  2.02692882e-03 -1.00447731e-02 -1.02786832e-01
   1.91743523e-02  3.76518339e-01  2.10694388e-01  1.94505453e-01
   1.82589591e-01  3.41056466e-01  8.91113505e-02  3.31258982e-01
   1.76735401e-01  4.37368572e-01 -5.77881820e-02]
 [-4.28915590e-01  2.82551814e-02  6.72343224e-02 -2.09142305e-02
   2.24197190e-02  3.23296160e-01  3.02173764e-01 -3.82549137e-01
  -1.86176628e-01 -1.10719427e-01 -1.33721894e-02  3.45391542e-01
  -1.90678658e-03 -1.60254344e-01  3.09655041e-01]
 [ 2.63313260e-02  9.17327181e-02 -1.42505348e-01  2.67363340e-01
  -3.84553611e-01  1.70260429e-01 -1.51281998e-01 -2.63688177e-01
   4.34360504e-02 -2.17066303e-01  2.13536751e-02  3.77839476e-01
  -2.04632040e-02  8.70480090e-02  8.98470581e-02]
 [ 3.27996582e-01  2.58594472e-02  3.79939497e-01  1.68450013e-01
   3.21313366e-02 -6.36252165e-02 -2.65887100e-02  1.97303012e-01
  -3.48562375e-02 -3.97033989e-01 -6.21720701e-02 -6.72158748e-02
   7.57271871e-02 -6.24799170e-02 -2.88657457e-01]
 [-3.13290954e-01 -3.86885405e-02  2.17705697e-01 -4.09071982e-01
   2.22746059e-01 -8.16431865e-02  3.32017511e-01 -1.37266085e-01
   4.96634357e-02  9.92798060e-02 -3.85014266e-01  1.80450752e-01
   4.39445153e-02 -5.65069653e-02  4.17239852e-02]
 [-1.05889961e-02  3.97573113e-02  2.64054120e-01  4.12553251e-01
   1.34020895e-01 -1.31034866e-01 -3.52218181e-01 -1.52391151e-01
   3.82923514e-01  5.16308188e-01 -1.63850129e-01 -2.24635959e-01
  -1.27260998e-01  1.11553490e-01 -2.34434918e-01]
 [-2.30899736e-01  6.72488241e-04  1.75385341e-01  1.86042979e-01
  -4.00216848e-01  1.79674685e-01  3.87582481e-01  1.11479059e-01
   2.66907543e-01  3.47475648e-01  8.15759450e-02  3.28930527e-01
   2.10992798e-01  3.18865031e-01  3.29906702e-01]
 [-2.08675321e-02  4.49583381e-01 -2.48198122e-01 -1.19218662e-01
  -2.24170849e-01  2.53711104e-01  3.34701359e-01  2.44931102e-01
   5.83422363e-01 -2.10950553e-01 -1.59923121e-01  3.83507103e-01
   5.38195074e-01  1.98089406e-01 -4.04554039e-01]
 [ 1.71865314e-01  7.04815567e-01  4.50584829e-01 -3.00530970e-01
  -2.94731349e-01 -2.78416932e-01 -9.98833850e-02 -4.08050418e-02
   6.31352589e-02  7.94655457e-02 -2.97379464e-01  5.37385285e-01
  -5.98632157e-01 -1.07975081e-01 -3.84948969e-01]
 [-3.90077382e-02  5.19467294e-01  2.24192187e-01  3.00850034e-01
   4.23355460e-01  4.98327285e-01 -4.83761400e-01 -4.76575047e-01
   2.13089034e-01 -2.25887843e-03  1.68683693e-01 -2.29221240e-01
   7.40734160e-01  2.84384549e-01  5.97431473e-02]
 [ 1.79496318e-01  6.54689372e-02  5.12901306e-01 -1.02851234e-01
   4.70145382e-02 -1.93250567e-01  3.52485478e-01  1.78259254e-01
  -5.06340861e-01  2.45984063e-01  4.43297327e-02  5.08667171e-01
  -2.20350340e-01  5.45689106e-01  3.06358635e-01]
 [ 3.62796009e-01 -2.86572665e-01  1.08570814e-01 -2.64693350e-01
   2.62479186e-01 -2.09495023e-01  5.15084229e-02  6.99622408e-02
   1.10582739e-01 -2.45973974e-01  4.00054604e-01  5.90265058e-02
   2.43657053e-01  8.58517885e-02 -4.70136940e-01]
 [-1.63191170e-01  4.61299986e-01  4.74966615e-01  8.69171135e-03
   1.72467083e-02  6.09852038e-02  3.91942203e-01  1.74799114e-01
  -3.69698018e-01  2.61527598e-01  9.48579684e-02  2.24691138e-01
  -2.78525651e-01  6.30901277e-01 -2.81112134e-01]
 [-1.88217655e-01 -1.50143075e+00 -1.01939416e+00 -4.42183256e-01
  -4.78519469e-01  8.85106206e-01 -3.92383672e-02  2.71594584e-01
   1.16123211e+00 -7.05563650e-02 -1.34967536e-01 -1.04310369e+00
   1.36635542e+00 -1.05276597e+00 -2.59998202e-01]]
Peso 2:
[-0.03975738  0.80213875  0.70437527  0.12796117  0.1615377  -0.10388289
  0.02591013 -0.04457115 -0.18327853  0.18030263 -0.00131172  0.53921413
 -0.25279057  0.5104929  -0.09247299]
Camada: saida
Peso 1:
[[-0.40411618 -0.46708572]
 [-1.6125633   0.9760958 ]
 [-0.711184    1.3203306 ]
 [ 0.18938607  0.63830614]
 [-0.5730447  -0.05650856]
 [ 0.96616715 -0.27430183]
 [-0.41110146 -0.1300668 ]
 [-0.30438146 -0.06028301]
 [ 0.7749499  -1.0305028 ]
 [ 0.01063254  0.6314776 ]
 [ 0.28883937  0.33690336]
 [-1.3104047   0.5129942 ]
 [ 1.046632   -1.3178852 ]
 [-0.9594841   0.96994555]
 [ 0.01544641 -0.2736979 ]]
Peso 2:
[-0.24911654  0.24911869]



pesos modelo: 
Test loss: 0.6846, Test accuracy: 0.8092
Camada: meio
Peso 1:
[[ 0.0581618  -0.2169831   0.23506981 -0.06656539  0.0768466   0.3626842
  -0.3133692   0.38586926 -0.14282513  0.4420209   0.09531909 -0.3510188
  -0.16959289  0.32756895 -0.21578017]
 [-0.2856407   0.12840383  0.39148402 -0.02337148  0.37379602  0.05541404
   0.1646533  -0.19377837  0.02130507  0.24470617 -0.03404178  0.14358194
   0.3919566   0.00997963 -0.12194201]
 [ 0.3847215  -0.07734966  0.19614425  0.1855884   0.11500268  0.15246612
   0.2619462   0.21958567 -0.11321925 -0.10616048  0.08485963  0.35317704
  -0.28510064  0.24201149  0.13873087]
 [ 0.35963896 -0.09761817  0.09780724  0.30792746  0.1041605  -0.26711756
   0.07357856 -0.3446451  -0.36747384 -0.03183157  0.19275494  0.23953998
  -0.41148806  0.14911276  0.1973883 ]
 [ 0.45873106  0.18327819 -0.12072581  0.26072046  0.11216256 -0.27471435
   0.22779958  0.03573586  0.1974749   0.09706217  0.14170066  0.2658667
  -0.20491955  0.32533032 -0.22232027]
 [-0.23949647 -0.3079649   0.38560113  0.29096013  0.2067707  -0.30399588
   0.29442987 -0.07534742  0.32043839 -0.07886894  0.08745505 -0.19615124
  -0.05587764 -0.40181142  0.13438754]
 [ 0.01986837 -0.11764591 -0.14382544  0.3317531  -0.03017051 -0.37229612
   0.28391898  0.12024953  0.23202841 -0.11876845  0.27029893  0.44616526
  -0.3837633   0.30025128 -0.2595629 ]
 [-0.4806323  -0.01993091 -0.16505426 -0.4717525   0.25563166  0.2292956
  -0.42468566  0.31883368  0.2824075   0.15012918 -0.08046284  0.27994984
  -0.14002185  0.3958644   0.06270821]
 [ 0.071376    0.36426544  0.09732895 -0.11024823  0.11845699 -0.12728919
   0.08335389 -0.02955231 -0.05095636  0.26157126  0.26953653 -0.01824372
   0.43107104  0.17891091 -0.4963869 ]
 [-0.26384416 -0.20046282 -0.39446443  0.0583255   0.7038465   0.00426123
  -0.33274868  0.15279254  0.3350142  -0.443161   -0.5725427   0.16508818
  -0.13874948 -0.41352537 -0.31692177]
 [-0.17753786 -0.06914584 -0.18727225 -0.11129421  0.14535457 -0.39555055
  -0.14438945  0.30154788  0.4500148   0.3575649   0.29441136 -0.09146179
   0.05179741  0.38770506 -0.13701104]
 [-0.07192494  0.01721938 -0.40429616  0.17776974  0.82486445 -0.14164868
   0.27725548 -0.3309364   0.20928107 -0.51218593 -0.4386379   0.10415129
   0.38568607 -0.06089832  0.08257588]
 [ 0.18043506  0.24733403  0.4104284  -0.21154611  0.23476201 -0.270878
   0.17739213  0.11244857  0.18923394  0.13116878  0.20488538 -0.3083551
  -0.31662974  0.17659017  0.18304664]
 [ 0.11552563  0.04373976 -0.41899624 -0.08986999  0.16694374 -0.35581166
  -0.19516778  0.22155118 -0.14088662 -0.4400098  -0.41577068  0.5782631
   0.30680698 -0.5961012  -0.19774905]
 [-0.11263064  0.04991142  0.7597552  -0.07322624 -1.6865711  -0.30218828
  -0.33310616  0.9567882  -0.6659931   1.6126322   1.5657487  -0.5441033
   0.36103183  0.1761686   0.18785581]]
Peso 2:
[ 0.09501043 -0.01234043 -0.0266049   0.02826928  1.1807266  -0.0179246
 -0.00969167 -0.03771639  0.14875571 -0.2431735  -0.45509407  0.5954501
 -0.00183437 -0.1979247   0.05415281]
Camada: saida
Peso 1:
[[ 0.0937836   0.60568905]
 [ 0.5943016   0.52935624]
 [ 0.64091086 -0.75808865]
 [-0.31481904  0.05760657]
 [-1.21187     1.8987645 ]
 [ 0.56171405 -0.297386  ]
 [ 0.14815794  0.5061865 ]
 [ 0.34727785 -0.6812352 ]
 [-0.27688098  0.6063595 ]
 [ 1.4236519  -1.0006081 ]
 [ 1.4571487  -0.8378022 ]
 [-0.706417    0.74375147]
 [ 0.21078536  0.25750315]
 [ 0.1065456  -0.48594365]
 [-0.41727713  0.13722065]]
Peso 2:
[-0.74304837  0.743053  ]
