


pesos modelo: 
Test loss: 6.1773, Test accuracy: 0.0000
Camada: meio
Peso 1:
[[ 0.42449296 -0.04389614 -0.32075995  0.23057193  0.10404605 -0.4469034
   0.22649473  0.41704476 -0.08594173  0.08330709 -0.4285917   0.13894081
   0.30202895 -0.29198724  0.38825667]
 [-0.23246473 -0.42718288  0.4184934   0.10946443  0.25441766  0.1955234
  -0.19032641 -0.03373913 -0.01415445  0.4475505  -0.31619558  0.2780145
  -0.09085297 -0.17860687  0.05714969]
 [-0.3075211   0.12679315  0.20126894  0.02855327 -0.3358161   0.21118367
   0.25536364  0.08571653  0.16385044  0.34831256 -0.294712    0.09753488
   0.23171796 -0.10055137 -0.15878098]
 [-0.16289014 -0.05871999 -0.37176463 -0.0638883  -0.19682218 -0.20764008
   0.5022324   0.01831366  0.31847447  0.40381125  0.3235054   0.25037363
  -0.08978795 -0.3358951   0.25348008]
 [-0.40190947 -0.13958344 -0.17586689 -0.4005818   0.19218642  0.60316783
  -0.40094668 -0.24079278  0.31415874 -0.4403573   0.15514255  0.13209793
  -0.2446154  -0.10380253  0.44592294]
 [ 0.1066376   0.36690927 -0.3303477  -0.3022622   0.03045011 -0.04768887
   0.00870991  0.4455635  -0.2771892  -0.11076945  0.07805872  0.22937524
   0.14683408  0.01132125 -0.33814573]
 [ 0.10497785 -0.26316783  0.28032777  0.10895177 -0.15596503  0.58427525
   0.00298473  0.09897953  0.58136725 -0.66160065  0.29070562  0.11696299
  -0.40660933 -0.02244627  0.9158169 ]
 [-0.02453122 -0.08803305 -0.21135356  0.15897375  0.23764366  0.36857975
   0.43840516  0.24782354 -0.34774628  0.09240007 -0.29296392  0.15179145
   0.26802266  0.17622179 -0.08988076]
 [-0.04421422  0.44044328 -0.12215061 -0.0963207  -0.34330228  0.78105503
  -0.22326592  0.09162819  0.41088063 -0.6134042  -0.26332948 -0.34620664
  -0.02459849 -0.20549724  0.5035535 ]
 [ 0.31246746  0.43611896  0.41951758  0.43201572 -0.42447942 -0.03010798
  -0.43653008 -0.28260815 -0.31642216  0.22881413  0.03939959  0.4228772
   0.2657314   0.18568236 -0.1355941 ]
 [-0.15971904  0.03162255 -0.1366364   0.25074092 -0.3932059   0.08890271
  -0.07252547 -0.12195271 -0.12575988  0.5449974  -0.35557547  0.06798448
   0.1361761   0.21599604  0.4508942 ]
 [ 0.3485534  -0.00213258  0.22633694  0.00772776  0.25989172  0.04388613
  -0.03115477  0.18746057 -0.21695878  0.64112675 -0.07429068  0.58637255
  -0.36762342 -0.38921282 -0.02532491]
 [-0.08667231  0.00547518 -0.2452615   0.21540336 -0.34555584  0.33554164
   0.15099923 -0.42505363  0.08340449  0.11609688 -0.32171202  0.27510962
   0.44313627 -0.07546039  0.14657487]
 [ 0.13866548 -0.2574626  -0.26281047 -0.35289115 -0.23417193 -0.36221686
  -0.09449018  0.0656423   0.2085602   0.7663212   0.3694192   0.37255132
  -0.25242752  0.31191847 -0.46776107]
 [-0.18089172 -0.3290425   0.24189189 -0.18003349 -0.4463831   0.8131626
   0.0993331  -0.43801737  0.23721293 -0.59083     0.04572135  0.21791938
  -0.23608088 -0.1344096   0.93991995]]
Peso 2:
[-0.09241574 -0.02625056  0.05242021  0.20170575 -0.01550791 -0.24623998
  0.35597417 -0.20815508 -0.16389245  1.248582   -0.03549742  0.31526682
  0.33458915  0.03012806 -0.19600129]
Camada: saida
Peso 1:
[[-0.07286375 -0.38549396]
 [-0.16091833 -0.22700544]
 [-0.23747703  0.05325516]
 [-0.38216352  0.24894449]
 [-0.33086205 -0.41070262]
 [ 0.8134578  -1.114014  ]
 [-0.53052026  0.36964843]
 [ 0.51276165 -0.16711864]
 [ 0.50122774 -0.5236222 ]
 [-1.7624826   1.1158276 ]
 [-0.32401174 -0.40733153]
 [-0.5297775   0.24499547]
 [-0.53069454  0.3086717 ]
 [-0.0307092   0.12192366]
 [ 1.0327312  -1.161448  ]]
Peso 2:
[-0.7921841  0.792188 ]



pesos modelo: 
Test loss: 7.0405, Test accuracy: 0.0000
Camada: meio
Peso 1:
[[ 0.09706217 -0.19569272 -0.12930253  0.12618655 -0.0269503   0.03395933
  -0.02757531  0.34678775 -0.06164765  0.08904034 -0.00792196 -0.28793734
   0.27815056 -0.32100305 -0.36576778]
 [-0.1914551   0.33326575  0.2971299   0.02972165  0.12800598  0.3956652
   0.08945207  0.32756737  0.2403991   0.2100209  -0.03451915 -0.18457156
   0.3388128  -0.26692867  0.09785189]
 [ 0.10580018 -0.20016776 -0.28511834  0.5342229   0.37011126  0.57852095
   0.08859702  0.14505991  0.06230571  0.13992175 -0.14502099 -0.24308023
   0.19782536  0.32036617  0.03105922]
 [ 0.07941878  0.35697308  0.16669829  0.30752513  0.2529818  -0.05144326
  -0.10241976  0.12556472 -0.34657925 -0.2597662   0.15748858  0.5116308
   0.13172458  0.01586023 -0.01269866]
 [ 0.26945165 -0.10352351 -0.1293745  -0.6026078   0.10723594 -0.59009296
   0.04611501  0.11119945 -0.05502918  0.32836097  0.0188088   0.11533158
  -0.06519384  0.43170083  0.953745  ]
 [-0.19821343 -0.07783842 -0.30866292 -0.09803855  0.15076613  0.33356762
   0.06989384 -0.13467458  0.07588542  0.184721    0.31335157  0.08260727
  -0.02866012 -0.42009985  0.09372127]
 [ 0.2211665  -0.4381078   0.17791712 -0.5679424   0.32990775 -0.6418312
  -0.01103431  0.09148329  0.0767855   0.63181996 -0.27835786  0.03745875
   0.28561318 -0.09266092  0.8134308 ]
 [ 0.17180192 -0.13030556  0.39121538  0.2592721  -0.4335782  -0.2657929
   0.13512325 -0.43678874  0.33266497  0.05869931  0.1289205  -0.33742326
  -0.3654866   0.44497567  0.30934393]
 [ 1.0533589   0.0192384   0.31477696 -0.20846196  0.5383574  -0.25382498
  -0.34621164 -0.40823752  0.27896312 -0.14986123 -0.44785857 -0.52565914
   0.5175256   0.3265934   0.43094134]
 [-0.28729215 -0.3725613   0.44175422 -0.43342263 -0.06674612  0.10020006
   0.2170158  -0.43174693 -0.42598614  0.02402878  0.0658623   0.07832795
   0.2411778   0.14647031  0.22618985]
 [ 0.50894445  0.2872039  -0.24188414  0.55676293 -0.24467216  0.23200195
   0.28616363  0.31045702  0.27567205  0.3858266   0.3771618   0.22550333
   0.12273444 -0.09167564  0.23699732]
 [-0.23404865 -0.30994287  0.04116939  0.28365335 -0.10060428  0.4992545
  -0.20754479  0.15817788 -0.1457027  -0.0866896   0.37288603  0.49587703
  -0.35296482 -0.2918631  -0.23350675]
 [ 0.29622346 -0.01624222 -0.39339337 -0.11308065  0.1458628   0.56586224
  -0.2670788  -0.3926461  -0.0033539   0.14543873 -0.18067409  0.46257615
  -0.3244212   0.39980173  0.16516465]
 [-0.20809142  0.3563725  -0.2950871   0.14321418 -0.2618255   0.52142286
   0.00660052  0.04082566 -0.2915927  -0.38008785  0.38410935  0.24201521
  -0.17034943 -0.36710808 -0.16865738]
 [ 0.679344    0.35017675 -0.3518691  -0.23441221  0.67073643 -0.4739087
  -0.39989918 -0.30861655  0.1259911   0.67657495  0.3244018  -0.26745927
   0.39372885 -0.25720257  0.18807882]]
Peso 2:
[-0.18446568  0.09907123  0.05737115  0.8744943  -0.1459055   1.0157061
 -0.19398268  0.20802394 -0.03906273 -0.1455141   0.21943414  0.2716762
 -0.05908294 -0.02289626 -0.16437913]
Camada: saida
Peso 1:
[[ 0.5839458  -1.2090136 ]
 [-0.71982306 -0.34389338]
 [-0.13535541  0.09081932]
 [-1.1377016   0.7871079 ]
 [ 0.3657273  -0.56410325]
 [-1.5335261   0.8556516 ]
 [-0.00577398 -0.2887555 ]
 [-0.33912328  0.2372753 ]
 [ 0.22189236  0.02313745]
 [ 0.05582918 -0.95744956]
 [-0.38025832  0.26620892]
 [ 0.05153578  0.8959244 ]
 [ 0.37039533 -0.2037226 ]
 [ 0.4757587   0.18276429]
 [ 0.9065922  -0.81762016]]
Peso 2:
[-0.7894037   0.78941005]



pesos modelo: 
Test loss: 8.1601, Test accuracy: 0.0000
Camada: meio
Peso 1:
[[-0.14970696  0.20656687 -0.06456724  0.20604837  0.15848917 -0.30452526
   0.27779633 -0.26485592  0.29853845 -0.35554954 -0.0444603   0.39370424
  -0.05055162 -0.03716445 -0.39799926]
 [-0.27668813  0.31198722  0.01041059  0.06070845 -0.30702752  0.24458116
  -0.09974502  0.2841021  -0.02863389  0.09766109  0.23768789  0.3868644
  -0.01271818 -0.0953052  -0.30818456]
 [ 0.05594401 -0.0896147  -0.22605415  0.3451716  -0.3510286  -0.04982381
   0.07196665 -0.2856948   0.08501934  0.47909448  0.04530363  0.28774527
   0.14445813 -0.26753157 -0.31666887]
 [ 0.0378015   0.05143904  0.00118731 -0.21314873 -0.18114735 -0.38791946
  -0.3706474   0.21091954 -0.22385037  0.00510291  0.30108052  0.51961666
  -0.28642982 -0.34333533  0.21274388]
 [ 0.29346696  0.39738935  0.7328092   0.10059798  0.33797067 -0.02834749
   0.04604904  0.15658054  0.24741617 -0.41751128  0.8032678  -0.9185981
  -0.3650843  -0.21967857 -0.36955824]
 [ 0.18629897 -0.37706318  0.28254217  0.18320644 -0.1257866  -0.03755459
  -0.17220336 -0.30996212  0.00912404  0.04949722 -0.37745205  0.03596726
   0.09919053  0.44077116  0.08573449]
 [ 0.65668535 -0.35031345  0.7318367   0.49634042 -0.43823916 -0.31762627
  -0.02576226 -0.2039341   0.12405773  0.13944486  0.8028478  -0.6014528
  -0.08179364  0.15917411  0.07026631]
 [ 0.2994008  -0.39900577  0.36778778  0.18796325 -0.26742637  0.3270337
  -0.43384486 -0.41315362 -0.1156601   0.13738626  0.16198331 -0.21028434
   0.142142   -0.1976964   0.37019706]
 [-0.00611516 -0.42414644  0.8084432   0.41569248 -0.28222656 -0.254026
   0.24005005 -0.30316415  0.22222506  0.2532674   0.513118   -0.86295885
   0.39280665 -0.157749    0.1811524 ]
 [ 0.30078703 -0.38713714  0.00677478 -0.00631854 -0.00208002 -0.04449505
  -0.1525779  -0.14944628  0.41020375  0.258012   -0.39761648  0.17877632
  -0.05258664 -0.28647798  0.13349831]
 [ 0.01415711 -0.35616916  0.22838329 -0.02555893 -0.2949887  -0.06958429
   0.23520774 -0.4280137  -0.09772284 -0.30272245  0.43785742  0.57687813
  -0.2996132  -0.1939804  -0.21096715]
 [-0.0773921   0.21600065 -0.12836465  0.10756452 -0.3312524  -0.31449658
   0.03576877 -0.2384813   0.3503495   0.16021883 -0.40787843  0.66612595
   0.25317925  0.26087037  0.16115382]
 [ 0.37278536 -0.32660657  0.5224252   0.26140735 -0.40972683 -0.3655558
  -0.4273961  -0.23416094 -0.4466053   0.02001416 -0.12245863  0.5066336
   0.15299635  0.40379348 -0.361603  ]
 [-0.3038396  -0.2943936  -0.3587696   0.1812705   0.25409177  0.3802595
   0.0590362   0.08816914 -0.17205398  0.19814183 -0.45483074  0.6477675
  -0.44029108  0.40180793  0.08638705]
 [ 0.65368056  0.14036149  0.30168837 -0.04046546  0.09157288 -0.29559433
  -0.00948299  0.38234368 -0.12168325 -0.568084    0.03970221 -0.6302825
  -0.22846577  0.05810719  0.0609042 ]]
Peso 2:
[-0.03426293 -0.03034839 -0.0924768  -0.06338698 -0.01664468  0.06586948
  0.01252887  0.18551922  0.01616574  0.40327537 -0.11856851  1.3559722
 -0.06478408  0.23745619 -0.13134113]
Camada: saida
Peso 1:
[[ 0.931002   -0.17063844]
 [-0.40763205 -0.48242092]
 [ 0.86674696 -0.98074275]
 [-0.21053517 -0.7028165 ]
 [ 0.5531807  -0.5431746 ]
 [ 0.21970275  0.49686363]
 [ 0.21533793  0.50147253]
 [-0.6363633   0.09756678]
 [-0.30217892  0.09401189]
 [-0.83906674  0.10669377]
 [ 0.45351145 -1.110138  ]
 [-1.7075832   1.7058691 ]
 [ 0.20430201  0.06298151]
 [-0.5630134   0.09041817]
 [ 0.5596811  -0.31763265]]
Peso 2:
[-0.5084786   0.50848204]



pesos modelo: 
Test loss: 6.0423, Test accuracy: 0.0000
Camada: meio
Peso 1:
[[-0.41310146  0.11167759  0.19357091 -0.02536052 -0.28320783  0.02320844
  -0.25144368 -0.0973388  -0.13676056 -0.0426285   0.34612167  0.05980796
   0.30543506 -0.0766584   0.2335661 ]
 [ 0.15921074  0.12463381  0.2583208   0.0549388   0.4122044  -0.1882936
   0.3763621   0.49785477 -0.2983955  -0.33343992 -0.35980567  0.3366001
   0.07327981  0.35349533 -0.00415295]
 [-0.01089248 -0.09406327  0.03694197 -0.22056372  0.03409413  0.04122491
  -0.20673344 -0.36055514 -0.39807424  0.30992675 -0.3190757   0.09204853
   0.19915546  0.33015457 -0.24519297]
 [-0.09478024 -0.2582339  -0.08011899  0.18341567  0.21891992  0.00452983
   0.17319027  0.5142186  -0.2151985  -0.10554732 -0.06815676 -0.05606328
  -0.28390867  0.17746061 -0.0171109 ]
 [ 0.40427664 -0.2681784  -0.03110522  0.31575885 -0.73654383 -0.08995373
   0.23741224 -0.39978063 -0.04805984  0.06967485  0.08614516 -0.49321082
  -0.1801734  -0.6443819   0.28599465]
 [-0.29102677  0.43165594 -0.27067566  0.17934537 -0.281139    0.02556694
   0.36193162 -0.3746116   0.16554338  0.36260015  0.26733792  0.30969846
   0.2693407   0.28156197  0.39181292]
 [ 0.42843255  0.0372088  -0.05240816  0.48950425 -0.6431066  -0.09243432
   0.6587756   0.02657182  0.09767725 -0.43139377 -0.29018518  0.2387061
   0.21333858 -0.6627743  -0.25034553]
 [-0.00363225  0.2932409   0.39777094 -0.35816494  0.12454796  0.43023223
  -0.11800829 -0.03278241  0.22170407 -0.13385785 -0.07180959 -0.3884486
  -0.36207813 -0.15494144  0.27156407]
 [ 1.1695813  -0.40651178 -0.24011539  0.49326006 -0.2143649  -0.0783898
   0.55522674  0.22048499  0.21462339  0.11601955 -0.17642951  0.19519112
   0.01972366 -0.25273928 -0.2571587 ]
 [-0.138313    0.29359877 -0.26864606  0.20513141 -0.20870885 -0.29979083
   0.3518421  -0.37620765 -0.07023785  0.27349967 -0.04444569 -0.26986444
   0.17341077 -0.3715002   0.12732041]
 [ 0.51545954  0.03153484 -0.15385339 -0.19849011  0.07474784 -0.16100322
  -0.11913769 -0.32379177  0.32984835 -0.2715044   0.2275952   0.05345593
  -0.16641124  0.6366347  -0.4192269 ]
 [-0.513031    0.30844426 -0.22981972  0.23689519  0.72542113 -0.04934086
  -0.3507686  -0.23136532 -0.098866    0.2543657  -0.15983678  0.27980876
  -0.3210679   0.05293675 -0.42099687]
 [ 0.39175463 -0.25168842  0.09638085  0.38209957  0.64308584  0.18901049
   0.12226686 -0.3064592   0.16406655 -0.45186013 -0.30531245  0.02941151
   0.42913455 -0.02278776  0.13336089]
 [-0.4666794   0.29130605  0.10650654 -0.35590926  0.60114866  0.01054939
   0.15477307  0.14722379  0.39396936  0.02212996 -0.41060647  0.5515983
  -0.3806004   0.39843753  0.20777285]
 [ 1.2127323   0.35507947 -0.10584748 -0.2207482  -0.10184077 -0.23701695
   0.6790517  -0.28624365 -0.3959761  -0.06242549  0.29994714 -0.5346082
  -0.3111163  -0.46567777  0.2893566 ]]
Peso 2:
[-0.2385418   0.04240292  0.06773877 -0.06620926  0.8251627  -0.22515328
 -0.05120473  0.14783439  0.08451539 -0.09007373  0.05069003  0.4640536
  0.02372341  1.0805849  -0.05265277]
Camada: saida
Peso 1:
[[ 1.417531   -1.1640756 ]
 [-0.15608968  0.01386273]
 [-0.0252905   0.17227757]
 [-0.23619111 -0.7130595 ]
 [-0.9467569   1.1306206 ]
 [ 0.08368764 -0.43740603]
 [ 0.38530007 -0.90834236]
 [-0.5269502  -0.05404108]
 [-0.4895107  -0.09913766]
 [-0.2192314  -0.44755933]
 [-0.10407707  0.39395335]
 [-0.8596225   0.12768582]
 [ 0.340445    0.53458154]
 [-1.2479836   1.1096648 ]
 [ 0.40099332  0.19865668]]
Peso 2:
[-0.782274   0.7822777]



pesos modelo: 
Test loss: 6.9915, Test accuracy: 0.0000
Camada: meio
Peso 1:
[[ 0.02192757  0.25710297 -0.3782066  -0.16935852 -0.20987746 -0.31196132
   0.40331072 -0.26306492  0.00998706 -0.01713929 -0.36540225  0.19223452
   0.2665524   0.43078697  0.3290701 ]
 [ 0.5589212   0.15001304 -0.22026464  0.19460282  0.3393119   0.04479017
  -0.0860536   0.21412937  0.06930825  0.273902   -0.10736845  0.08112729
  -0.34798196  0.06603164 -0.22482075]
 [ 0.35069975  0.37229532  0.17267224 -0.35928458  0.5275856  -0.06659609
  -0.21668418 -0.25354716  0.38816023  0.1279294   0.23356259 -0.23934439
  -0.27296856  0.11823922 -0.01797875]
 [ 0.3641495  -0.39902565  0.2988402   0.23067234  0.38489845  0.21299721
  -0.22666986  0.05707656  0.04049498  0.3831855  -0.03089746  0.10784066
  -0.23795962 -0.30470836  0.5447389 ]
 [ 0.13061962 -0.04088177 -0.3234696   0.35372937 -0.78262126  0.5416874
   0.0220795   0.6308294  -0.12432693  0.27186212  0.8124472  -0.06771456
  -0.331383   -0.30050778  0.04975526]
 [-0.41257325  0.05082202  0.16607195 -0.26553446  0.36978954 -0.14367247
   0.29784346 -0.25247985  0.06624913  0.15785861 -0.20835614 -0.06321302
  -0.44419166  0.01142573 -0.1663385 ]
 [-0.15613163  0.18262415  0.25835493 -0.21485455 -0.74124074  0.6045183
  -0.3805112  -0.04987096 -0.143076    0.6678602   0.61721617  0.2529533
  -0.00294217  0.28207302 -0.3766251 ]
 [-0.04954061 -0.11682165 -0.13137242  0.3109252   0.07518911  0.2640463
   0.29049408 -0.38377422  0.2638744  -0.25558716 -0.21138416  0.17394173
   0.16643423 -0.33078557  0.3773824 ]
 [-0.5553237  -0.30584332  0.18126616 -0.17945404 -0.13649972  0.673851
  -0.3019714   0.37748408 -0.398241    0.32199243  0.82510734  0.12594324
  -0.16431329 -0.06181124 -0.4946334 ]
 [ 0.19850886  0.31925422  0.26045126 -0.31067854 -0.06484896  0.4089505
  -0.3253499  -0.02125752  0.34127122  0.43452162  0.04816431  0.05674988
   0.43379647 -0.29089272 -0.18093905]
 [-0.08512209  0.10063648 -0.41123518  0.16078685  0.33040744 -0.07876875
  -0.10254    -0.07876461  0.33546433 -0.02782577  0.12397622 -0.25812277
   0.32687953 -0.36502016  0.17837413]
 [ 0.57738733  0.19270758  0.12640253  0.19465865  0.41941342 -0.37047198
   0.48752728 -0.36489376 -0.36952844  0.16015221 -0.33961946 -0.44290844
  -0.27530226 -0.02224279  0.08059245]
 [-0.12054173  0.00100505 -0.4061706  -0.03760225  0.40371588  0.3083167
   0.42784542  0.05354806  0.07825787 -0.01036691  0.15966344 -0.04741006
   0.21666333  0.14630838  0.10259674]
 [ 0.2846223   0.3369735  -0.38715532  0.08548857  0.2819087  -0.4127439
  -0.24814084  0.19886425  0.18052992 -0.36489967 -0.0923077  -0.14298618
  -0.08940928 -0.28725246  0.50681835]
 [-0.17255211 -0.01066845  0.3043777  -0.4740659  -0.06775269  0.5865121
  -0.04823959  0.5925243  -0.23298796  0.29331324  0.88174534 -0.12595457
  -0.4056799   0.3613422  -0.18364051]]
Peso 2:
[ 0.59818757 -0.01111404  0.08582842  0.50813746  0.9337902  -0.04491049
  0.32649913 -0.05270202  0.37928188 -0.17025013 -0.12405041 -0.0056239
 -0.04791377 -0.00840421  0.53500867]
Camada: saida
Peso 1:
[[-0.6415677   0.76059437]
 [ 0.22741266  0.46688843]
 [-0.41656762  0.45989177]
 [-0.2863477   0.76819646]
 [-1.3758326   0.84305394]
 [ 0.49219173 -1.0265344 ]
 [-0.6390656   0.12297898]
 [ 0.37132898 -0.5130709 ]
 [-0.31074855  0.64705044]
 [ 0.67755306 -0.48119476]
 [ 1.2009634  -1.0861549 ]
 [-0.30257413 -0.36135378]
 [-0.02610169 -0.13797861]
 [-0.5164409  -0.5644526 ]
 [-0.8665829   0.2649355 ]]
Peso 2:
[-0.74750745  0.74750537]



pesos modelo: 
Test loss: 7.2354, Test accuracy: 0.0000
Camada: meio
Peso 1:
[[-0.21709143 -0.04355857  0.00165811  0.10978544 -0.04425484  0.28102702
  -0.37897655  0.17975897 -0.12975547 -0.14894578  0.04000267  0.35224771
  -0.38128677  0.1861788  -0.2594409 ]
 [-0.08755966 -0.22073108  0.27853507  0.482638    0.42260382  0.23274931
   0.4782754  -0.2695048   0.07042447 -0.0708913  -0.25266325  0.24640597
  -0.21740812 -0.39546826  0.08604967]
 [ 0.08388247 -0.11044513  0.5296521  -0.04559377  0.14212078  0.02092302
  -0.1474125   0.01469165  0.40789956  0.33907905  0.06417345  0.16443399
   0.24310593 -0.02567901 -0.12201265]
 [-0.09928276 -0.05993078  0.15016615 -0.19087812  0.4222126   0.42982805
   0.27841747 -0.3047696   0.45079207 -0.29420596  0.29366696 -0.30369198
   0.16681756  0.32745728  0.00742729]
 [-0.50888914  0.4956829  -0.522368    0.4722243   0.11834635  0.05114052
  -0.4191338  -0.4121364   0.1147617  -0.18030865  0.28104877  0.38746044
   0.96963394  0.31980383  0.12802826]
 [-0.3652985   0.0909797  -0.2297604  -0.3401331  -0.08513853  0.31209046
  -0.30067933  0.15596044  0.18287778 -0.40837365  0.29108614  0.06143475
   0.3920216   0.14207041 -0.31497058]
 [-0.02433657 -0.25675958 -0.07270434  0.63203454 -0.45776582 -0.5637973
  -0.09763599 -0.41487643  0.08177324 -0.07873134 -0.03937507  0.06524416
   0.73756385  0.00449741 -0.2293132 ]
 [-0.3847913   0.28305137 -0.35909897 -0.11664572  0.20888448  0.1452375
  -0.00316545 -0.3570087  -0.42470986 -0.17139995 -0.19187218 -0.27489147
  -0.18778518  0.08886987  0.27577817]
 [-0.68727636  0.1912928  -0.5797914   0.42695922 -0.09971985 -0.63350946
  -0.5088116   0.18309575 -0.44857618 -0.3966141   0.0041821  -0.15665342
   1.0885662  -0.4396563  -0.27822283]
 [ 0.40000594 -0.30097502  0.2713995  -0.17981002  0.143713   -0.34533027
   0.0881958   0.25575882 -0.16951653 -0.1445409   0.40690768 -0.21922582
  -0.44365513 -0.00614175 -0.34103152]
 [ 0.5624553  -0.09782499  0.4709581   0.31411526  0.21254271 -0.03825954
  -0.01072496 -0.2037164  -0.4306066   0.10115561 -0.39705172 -0.27139267
   0.54336363  0.05780148 -0.34722894]
 [ 0.437332    0.31414002  0.42762655 -0.35281354  0.01773654  0.66500413
   0.49756843 -0.4344071  -0.26376086  0.17406496 -0.07621551  0.38160124
   0.10294098  0.23137438 -0.00187332]
 [ 0.17605299 -0.10265469  0.17258652 -0.11526477 -0.3603387   0.54875755
   0.08277773  0.28416556 -0.31467417  0.40020624 -0.15321802  0.4459824
   0.5651971  -0.33522865  0.46916586]
 [ 0.41049182 -0.35001928 -0.03452249 -0.09231577  0.46953654  0.21432786
   0.09982426 -0.38680404  0.26658776 -0.37850237  0.18441142 -0.14273456
  -0.54454666 -0.18315527 -0.3663973 ]
 [-0.13576055  0.44282573 -0.81867814  0.4085942  -0.27235267 -0.59824604
   0.21817516 -0.09987015  0.22875708  0.24960607 -0.10472995  0.40035245
   0.24836555 -0.2910209   0.12067257]]
Peso 2:
[ 0.72083956  0.04182629  0.9200542  -0.00314016  0.2946891   0.8042215
  0.26014093 -0.09083289  0.14762123  0.04396847 -0.0042116  -0.01461921
 -0.20345245 -0.13504389  0.06067086]
Camada: saida
Peso 1:
[[-1.0324581   0.81590134]
 [ 0.08869517 -0.15872185]
 [-1.2367285   1.0403076 ]
 [ 0.8549085  -0.369048  ]
 [-0.52978295  0.39948648]
 [-0.8548773   1.1290654 ]
 [-0.37682715  0.3289527 ]
 [ 0.24623254 -0.23274922]
 [-0.70050526 -0.1829164 ]
 [ 0.27989244  0.55058485]
 [ 0.48914337  0.5275606 ]
 [ 0.04833272 -0.25707656]
 [ 1.2328894  -1.0513188 ]
 [ 0.24555036 -0.2174086 ]
 [ 0.43591994  0.6682737 ]]
Peso 2:
[-0.37410572  0.37410992]



pesos modelo: 
Test loss: 4.7820, Test accuracy: 0.0000
Camada: meio
Peso 1:
[[-0.40800878  0.29607135 -0.10103127  0.434721   -0.28975517  0.43701243
  -0.43653935  0.08197904 -0.21695474 -0.22676681  0.17362678 -0.19264871
  -0.39155266  0.05698252 -0.43513596]
 [ 0.2919821   0.5722579   0.154887    0.31556815 -0.14856037 -0.30600703
  -0.04761764  0.2242079  -0.37157342  0.05894437 -0.06992149 -0.2842879
  -0.35148555  0.4028648   0.1258165 ]
 [ 0.33385515  0.17167555  0.05479734  0.25082567 -0.00863032 -0.06537259
  -0.00865685  0.2796983   0.28454444 -0.17078285 -0.35446936 -0.23730704
   0.02204786 -0.31512222 -0.44313148]
 [ 0.18912454  0.10739394 -0.06567535  0.18485919  0.17280576 -0.02196273
   0.032033   -0.44555065 -0.16062465  0.37350994 -0.39560318 -0.26641414
   0.08681011  0.35928553  0.02438887]
 [ 0.1467346  -0.5978494   0.35777074 -0.3475208  -0.54305273  0.34230655
   0.6845562   0.3664829  -0.12799224 -0.17417262 -0.07000902 -0.01181807
  -0.40451106  0.03368178 -0.21601772]
 [ 0.2781582   0.27978146  0.43061543  0.05660295  0.0145193  -0.07563257
   0.0762893   0.39161116  0.37772757  0.0992164  -0.13143468  0.43663532
  -0.18606511 -0.22611448  0.24187672]
 [ 0.08997481 -0.09787831  1.0037612  -0.20614618 -0.20315552  0.09656341
   0.5057105  -0.3199348   0.0528968  -0.04328594 -0.13052318 -0.22961827
   0.19925976 -0.30889305  0.03277323]
 [-0.01217413  0.38174582 -0.27694505 -0.01345137  0.2160353   0.21907663
   0.2613225  -0.39946094 -0.34129766 -0.01913369 -0.1379635   0.11630177
  -0.42901585 -0.37943622  0.10636687]
 [-0.00383921 -0.6056172   0.8253928  -0.13387959  0.01132725  0.3410759
   0.6337928  -0.10820186 -0.40320152  0.35197386  0.04061374  0.2220621
  -0.2554332   0.4225593   0.1140005 ]
 [ 0.29564583  0.04236406  0.08501327  0.33153492  0.18032426 -0.05888546
  -0.39395127 -0.20200285  0.03434902 -0.16382003  0.20737374 -0.39684087
  -0.16154468  0.19952863 -0.07288381]
 [-0.32035312  0.24476427  0.23270462  0.5114767   0.02306116 -0.421485
   0.3011088  -0.31077057  0.16787174  0.40467364 -0.33177143  0.08432487
   0.07032807  0.0525944  -0.16996937]
 [-0.12292637  0.71463305 -0.18363684  0.6322069   0.48460457 -0.04451266
  -0.1746497  -0.10328861  0.3117574   0.08691093  0.11499617 -0.02424872
  -0.07142352  0.0033271  -0.26359317]
 [-0.4388793   0.34342387  0.12402155 -0.113946    0.48477897 -0.41242516
   0.3349188  -0.44726583 -0.05325153 -0.4327997   0.02628925  0.11264002
   0.03740444  0.15487356  0.06122896]
 [-0.4237807   0.17796184 -0.1935187  -0.01992544  0.6681973  -0.28917366
  -0.3839737  -0.36560717 -0.13824892 -0.03311086 -0.41908383  0.07026162
   0.01328944 -0.14468203  0.10329326]
 [ 0.14918143 -0.64722806  1.069575   -0.74304616 -0.0821004   0.05040363
   0.7744983   0.2449156  -0.24395183 -0.23384424 -0.4399493  -0.11171712
  -0.08785816  0.2751013  -0.23000573]]
Peso 2:
[ 0.00520772  1.1569759  -0.12454646  0.8130335   0.4577225  -0.00130176
 -0.15403222 -0.0318074  -0.16933516  0.00568851 -0.02946911 -0.11265692
 -0.21945843 -0.06423917  0.10200454]
Camada: saida
Peso 1:
[[ 0.33787835  0.42293495]
 [-1.3766949   0.9822227 ]
 [ 0.9173606  -1.4443405 ]
 [-0.9780542   0.9171774 ]
 [-0.33209014  0.90250856]
 [-0.55680853 -0.17428268]
 [ 0.7946368  -0.9450623 ]
 [-0.05390956 -0.30117357]
 [ 0.28795817  0.13573477]
 [-0.36482412 -0.17514011]
 [ 0.39859307 -0.4822334 ]
 [ 0.02449691 -0.54986036]
 [ 0.12394761 -0.5312025 ]
 [ 0.5334145   0.2882624 ]
 [ 0.05278078  0.3889972 ]]
Peso 2:
[-0.82898515  0.82898307]



pesos modelo: 
Test loss: 4.9607, Test accuracy: 0.0000
Camada: meio
Peso 1:
[[ 0.24927801  0.05955464 -0.05744049 -0.29395232 -0.40667832 -0.19954036
   0.18374401 -0.19181472  0.36650807 -0.36451876  0.24752712  0.15594882
   0.05982053  0.27429104 -0.34547347]
 [-0.00783314 -0.4425846   0.18855904  0.26459697  0.09555116  0.28651297
   0.33728832  0.2223391   0.28696916  0.06973584  0.50222635 -0.07448142
  -0.3979052  -0.18551649  0.03952983]
 [-0.04456128 -0.1579608  -0.29890284  0.28829762 -0.0650044  -0.39600712
  -0.40146726 -0.28938103 -0.39678982 -0.12387623  0.3724653   0.1418768
  -0.31585252  0.19772339 -0.04651028]
 [ 0.25029868 -0.05315899 -0.37766862  0.01306292  0.00903304 -0.02985191
  -0.34165704 -0.23818325 -0.2571293   0.2140604   0.51757157  0.11192354
  -0.39368767  0.23795259 -0.09675471]
 [-0.16857877 -0.34938967 -0.39202222 -0.18883611  0.7210551   0.22682995
   0.26929575  0.20083053 -0.1862574   0.3537938  -0.08666886 -0.1038515
   0.32604504  0.31376827  0.8522093 ]
 [-0.37227106  0.30801666  0.15606838  0.04518408 -0.29850024 -0.44127014
   0.29157323  0.03933415 -0.12290689  0.17464304 -0.2863738  -0.28605223
  -0.00252166 -0.36496574  0.22318852]
 [-0.22313775 -0.37712428  0.09239984 -0.4135703   0.75145894 -0.25865924
   0.0887081  -0.13634449 -0.00559271 -0.08842397 -0.76876456  0.06779063
   0.0979396  -0.09689105  0.56528807]
 [ 0.17023915  0.03150016  0.30117375 -0.19538641 -0.2210475  -0.13335234
  -0.3472994  -0.25545466  0.25376785 -0.3072027   0.44220394 -0.01174921
   0.19530761  0.29278266 -0.01715901]
 [-0.15172493 -0.18622804  0.3701626  -0.4161954   0.4153781  -0.3647915
  -0.26570773 -0.33466238 -0.04535895  0.7376354  -0.5083615  -0.32199723
   0.25366426  0.23924834  0.6701281 ]
 [ 0.04050252  0.29185534 -0.35826045  0.3608145   0.16941142  0.13301915
   0.0837487   0.05048126  0.27141595  0.03468928 -0.15268731  0.01746428
  -0.34452495  0.4028275  -0.15139034]
 [-0.27475825  0.11230303 -0.09461159  0.63113177  0.23794372 -0.14327745
  -0.34225383 -0.16867757 -0.02436782 -0.05773133 -0.11593315 -0.03050217
   0.39571637  0.3533421   0.20525134]
 [-0.05910058 -0.17840578 -0.04024502  0.01724988 -0.38678873  0.01014261
   0.11718109  0.4965385   0.03664161 -0.45960802  0.27756107 -0.068963
   0.4006561  -0.3664646  -0.09374142]
 [-0.04465196  0.16356911 -0.15950665  0.27434388  0.27017498 -0.1094517
  -0.44605005  0.37530333  0.29783067  0.3956679   0.60963297 -0.3272249
  -0.40278113  0.10651498  0.25574192]
 [-0.2394464  -0.11067938  0.08795702  0.2645434  -0.24513373  0.05373096
  -0.17419519  0.31779674 -0.3427299  -0.04116832  0.32045004 -0.37829566
   0.12723508 -0.44407353 -0.09592506]
 [-0.3778541  -0.37824127 -0.22278334 -0.75225914  0.5092429  -0.34218776
  -0.01918274  0.06807057  0.34946465  0.3373377  -0.6675311  -0.11816832
  -0.28065312 -0.11743816  0.96364474]]
Peso 2:
[-0.03244594  0.01499127  0.03560882  0.84343994 -0.09682128 -0.18848006
 -0.09323832  0.18486294 -0.02534284 -0.08973226  1.1225986  -0.15339163
  0.18190266 -0.09463067 -0.13322613]
Camada: saida
Peso 1:
[[ 0.30882958  0.20320056]
 [-0.06719185  0.01519822]
 [-0.37284455 -0.18873598]
 [-1.0000786   0.99189174]
 [ 1.0219687  -0.85955834]
 [ 0.3522413  -0.09463514]
 [ 0.24503948 -0.45073318]
 [-0.27578956  0.3003461 ]
 [ 0.09928422 -0.01739647]
 [ 0.42777413 -0.6000419 ]
 [-1.4826924   0.90023655]
 [ 0.42851126 -0.22993225]
 [-0.20571727  0.59367007]
 [-0.08319341 -0.54616994]
 [ 1.1265013  -1.0815694 ]]
Peso 2:
[-0.9671219   0.96712273]



pesos modelo: 
Test loss: 5.7688, Test accuracy: 0.0000
Camada: meio
Peso 1:
[[-0.34575975  0.05551189  0.28569055  0.35986066  0.30971837 -0.1461907
  -0.3206244   0.19758177 -0.06777951 -0.4110624   0.37705475 -0.21170734
  -0.33114555  0.26831383 -0.29870325]
 [ 0.07538117 -0.15107366 -0.16742915  0.25344068 -0.08141321  0.02941434
   0.36708203 -0.09264378  0.05125219 -0.35737753  0.60117304 -0.07728013
  -0.3710087  -0.41431466  0.28542587]
 [ 0.2213567  -0.01004433  0.3152957  -0.11988823  0.09075142  0.40320432
   0.07742754 -0.0425589  -0.00201893 -0.4040414   0.42785817  0.41627732
   0.2483614  -0.36815256  0.24655361]
 [ 0.6061856   0.14491585  0.20484672 -0.10834541  0.4567843   0.21659665
  -0.3443262   0.15816757 -0.3522811  -0.3782977   0.11763298 -0.34866077
   0.19476905  0.12622659  0.24336009]
 [-0.4181643   0.7554392   0.4141595  -0.25020453  0.00344402 -0.13570291
   0.05310979  0.4961669   0.26587844 -0.27971023 -0.33218616 -0.13357744
  -0.662657    0.03100508  0.22794022]
 [ 0.36865515  0.24705768  0.2867393  -0.0633724   0.33331162 -0.23334242
  -0.17331097 -0.33106196 -0.15162438  0.19667357 -0.17808527 -0.03985029
   0.2226426   0.0017353  -0.29179776]
 [ 0.02257139  0.8069193  -0.2788681   0.17037472  0.14982459  0.27517632
  -0.00324935  0.8550844  -0.2299425   0.43882293 -0.65024406  0.08792403
  -0.0181674  -0.17997676  0.5467075 ]
 [ 0.34419483  0.09717172 -0.43517     0.08210838 -0.05785388  0.20596498
   0.3692147   0.20599806  0.24206066  0.0999108  -0.32236752 -0.36853924
   0.19145936 -0.01274359 -0.38581777]
 [-0.6910505   0.23958454 -0.14515725  0.38714442 -0.15769203 -0.29137287
  -0.19560435  0.531492    0.11551487 -0.01553433 -0.6240897  -0.20461996
  -0.4317497  -0.30115137  0.53391385]
 [-0.04338542  0.01680875 -0.30799022  0.09181672  0.11645007 -0.38256234
  -0.37990588  0.320696   -0.15627426 -0.37500384  0.24709737  0.06019908
   0.25045443  0.39285803  0.22733003]
 [ 0.31104624  0.37122527 -0.23720416  0.43416765  0.30251503  0.2448168
  -0.23893014  0.22451143  0.19832355  0.04088518  0.48345298  0.11750576
   0.34437007 -0.11074572  0.39584193]
 [ 0.3795954  -0.25949278  0.15159181  0.251648    0.4097078  -0.33050144
  -0.24287432 -0.4333311  -0.09592453 -0.08448228  0.33490816 -0.0544689
   0.27269065  0.04227128 -0.2586839 ]
 [-0.03297306  0.09403103  0.16204649  0.28559145 -0.16071737 -0.3264524
   0.32784957  0.39294818 -0.14387292 -0.12495694  0.2136086  -0.0994688
   0.4309557   0.11576133 -0.0873818 ]
 [ 0.07724731  0.11850339  0.13740122  0.10751486  0.01938723 -0.13356611
   0.02001675 -0.21877721 -0.18801631 -0.2948742   0.60903144 -0.15534206
   0.08287665 -0.43806878 -0.2330978 ]
 [-0.1840083   0.8098511  -0.09657118 -0.23040916 -0.28115085  0.19263744
   0.17284787  0.35435197 -0.38558555  0.2760672  -0.8324574   0.03988754
   0.10747089 -0.05072448  0.88623965]]
Peso 2:
[ 0.69597375 -0.12720604  0.05599482 -0.03048958  0.11794243 -0.03167556
 -0.03162945 -0.1310498  -0.00665655 -0.00586073  1.2103084  -0.02896039
  0.35244784 -0.12905213 -0.19804667]
Camada: saida
Peso 1:
[[-1.044394    0.5548001 ]
 [ 0.735091   -0.9172975 ]
 [-0.38656387 -0.1188609 ]
 [ 0.3554691   0.35824248]
 [-0.34234133  0.10880348]
 [ 0.34668484  0.22627375]
 [ 0.22252154  0.17081924]
 [ 1.0269891  -0.5507976 ]
 [-0.01456621 -0.01995807]
 [ 0.06800063 -0.5723904 ]
 [-1.6291764   1.1453846 ]
 [ 0.29636213  0.20271352]
 [-0.35257754  0.67704535]
 [ 0.3264357  -0.26819694]
 [ 1.1808233  -0.39412007]]
Peso 2:
[-0.6565708  0.6565742]



pesos modelo: 
Test loss: 7.1845, Test accuracy: 0.0000
Camada: meio
Peso 1:
[[-0.13167268 -0.3142192  -0.2924037  -0.21328624  0.20955896  0.17528915
   0.04779518 -0.24794757 -0.19608459  0.03259647 -0.19280225 -0.21881448
   0.367172   -0.3843469   0.23848236]
 [ 0.35424846  0.28065348 -0.12387022  0.07874236 -0.28330958  0.45458406
   0.12346963 -0.214701   -0.21052143 -0.16587621  0.33061415 -0.06806082
   0.12564847  0.33621633  0.16710766]
 [-0.05200221 -0.05914595  0.28057075  0.14776835 -0.06287249 -0.10366738
   0.342406   -0.3673652   0.28479874  0.34331104  0.28577557  0.3913838
  -0.02584726  0.3678588   0.1183442 ]
 [ 0.38986003  0.13643767  0.44408903 -0.2411396  -0.43752894  0.07026552
   0.13132143  0.29825908  0.19713214 -0.34649286 -0.03276782  0.00880818
  -0.13354315 -0.05253752  0.0986174 ]
 [-0.355309    1.012276   -0.09104767  0.17512524 -0.10018405 -0.20056792
  -0.3175961  -0.17189586 -0.32587928 -0.11061913 -0.45701686  0.09738969
   0.21938181 -0.33319736 -0.3820759 ]
 [ 0.41593343 -0.1595844  -0.23385859  0.02214101 -0.21981737  0.39578986
   0.1702562  -0.17240348 -0.34896785 -0.28994283 -0.20889588  0.19283426
  -0.10407615 -0.11922154 -0.39929152]
 [-0.00985223  0.51303256  0.36849487 -0.1347184  -0.22768335 -0.33903283
  -0.5579904  -0.20275274  0.08464238 -0.34940267 -0.1883592   0.42582735
  -0.31894636 -0.4147455   0.1663258 ]
 [-0.26252553  0.34043562 -0.12748778  0.36041427 -0.44650444  0.44717956
  -0.08416507  0.16091985  0.11264849  0.30181414  0.20148432 -0.08526531
  -0.26095557 -0.36769798 -0.10115826]
 [-0.7201495   1.2093194   0.03308023 -0.1122173  -0.07297477 -0.523404
  -0.5350148   0.34580028 -0.20144098 -0.44083962 -0.13394922  0.23554559
  -0.07943097  0.17040983 -0.43237326]
 [ 0.0303193  -0.4128056   0.19029427 -0.18096998  0.17721373  0.12753117
  -0.1512993  -0.03924808  0.34966922 -0.13944674 -0.10989472  0.07503283
  -0.279383    0.17002958  0.33831888]
 [ 0.6036089   0.20337531 -0.05324545  0.37462097 -0.3895598  -0.22267255
   0.259971   -0.35100365 -0.3255733  -0.21314168  0.46102476  0.14044176
  -0.23157978 -0.44155967  0.0239834 ]
 [ 0.18326753 -0.34060022  0.39080635  0.2879866  -0.42320356  0.40181273
   0.60542554 -0.39072174  0.01142752  0.12241097 -0.29392195 -0.32281107
  -0.25758436  0.1414204   0.38193193]
 [-0.27894476  0.39761257 -0.38478208 -0.46082154  0.08364198  0.56459564
   0.40538582 -0.39563188  0.09751662 -0.2045078   0.14342713 -0.08564567
   0.08247559  0.0170004   0.01750287]
 [ 0.55793166 -0.4067424  -0.37243435  0.03707226  0.30632126  0.472427
  -0.12581848 -0.26206368  0.21972395  0.43114904 -0.12081177  0.19904733
   0.242953   -0.06914793  0.47973463]
 [-0.20311843  1.2236003  -0.24185508  0.06788825  0.23547482  0.01418646
  -0.35600278 -0.1278792   0.10766974 -0.182482   -0.32158267  0.04778972
  -0.15362838  0.28075022  0.2619329 ]]
Peso 2:
[ 0.6622058  -0.2308859   0.04024399  0.08036343 -0.03403967  0.70774525
  0.8712169  -0.03279764  0.47484127 -0.0138321   0.21967417 -0.06584246
 -0.10996921  0.35388127  0.1825041 ]
Camada: saida
Peso 1:
[[-0.5748452   1.1264592 ]
 [ 1.4632896  -1.3864031 ]
 [-0.3178921  -0.07523011]
 [ 0.15899827  0.57504845]
 [-0.14021672 -0.4374043 ]
 [-0.61410946  1.0328743 ]
 [-1.257169    0.60051775]
 [ 0.10023853 -0.49592   ]
 [-0.5976695   0.5826703 ]
 [ 0.2263651   0.32339916]
 [-0.44730017  0.27559888]
 [ 0.1272977  -0.42669535]
 [-0.24195327 -0.47555086]
 [-0.75429285  0.1364071 ]
 [-0.11478121  0.5006053 ]]
Peso 2:
[-0.6497781   0.64977527]



pesos modelo: 
Test loss: 6.4884, Test accuracy: 0.0000
Camada: meio
Peso 1:
[[ 2.78759778e-01 -3.29122841e-02  1.18167460e-01  3.41309071e-01
   3.90348136e-01 -1.39784217e-01 -6.34261668e-02  3.00367057e-01
   2.82667637e-01  4.89043891e-02 -6.65016174e-02 -1.27172470e-02
   3.28984916e-01  1.25070214e-01  4.33499396e-01]
 [ 1.61549971e-01 -3.48174661e-01  2.12544248e-01 -6.21256642e-02
  -1.43988997e-01 -3.03742737e-02  3.92271578e-01  2.70120531e-01
   3.45847458e-01 -3.89307231e-01 -7.39676207e-02 -2.99220324e-01
   3.35900992e-01 -1.24462716e-01  6.55516342e-04]
 [ 2.44917840e-01 -3.41069877e-01 -5.78782484e-02  4.59201485e-02
  -2.60763824e-01 -3.06270599e-01  8.84327665e-02 -1.16348550e-01
   2.90077776e-01  2.18374692e-02  2.51765162e-01  2.71395326e-01
   3.04324955e-01  2.11672157e-01 -2.67363906e-01]
 [ 1.18992254e-01  3.90518099e-01 -1.88533232e-01  4.56668586e-01
   4.47615564e-01 -3.12008858e-01  3.92269164e-01  5.12949191e-02
   1.72642142e-01 -1.17140517e-01 -1.10371590e-01 -6.55181631e-02
   3.89524288e-02  2.41830558e-01  2.57357031e-01]
 [ 2.53479093e-01  1.06457174e-01 -3.22486103e-01 -2.52597392e-01
   7.54768327e-02 -1.57279968e-01 -2.22816214e-01  6.23566449e-01
  -5.22722304e-01 -2.90439069e-01 -4.25502807e-01  4.43390727e-01
  -2.93019056e-01 -6.28933072e-01  2.45614886e-01]
 [-1.25692338e-01 -1.36858344e-01  4.37345862e-01  4.30550575e-01
   2.79995799e-03  1.98634386e-01  7.29339123e-02  4.63038385e-02
   2.63305902e-01 -2.37941220e-01  4.05644059e-01 -1.67508155e-01
   2.12001801e-03 -3.85668278e-01 -3.35472256e-01]
 [ 2.41983667e-01 -1.03364587e-02  1.27342686e-01  8.29269886e-02
  -6.57085553e-02  2.31838018e-01 -4.75506276e-01  1.16562736e+00
   1.29176319e-01 -3.46690357e-01  2.57007003e-01  3.51176083e-01
  -3.34701717e-01 -5.03284395e-01 -3.47953141e-01]
 [-1.31410927e-01 -1.12831026e-01 -1.86795175e-01 -3.24422359e-01
   3.94722581e-01 -2.95978069e-01 -3.23900551e-01 -2.35482693e-01
  -1.50395215e-01  2.61393726e-01 -2.53167152e-01 -4.27816004e-01
   3.81223559e-02 -1.24824226e-01  1.13192737e-01]
 [-6.31678803e-03 -2.45489985e-01 -6.58751309e-01  1.39092535e-01
  -4.95609909e-01 -1.62879974e-01  5.34096844e-02  1.10361826e+00
   1.28350168e-01  6.69598579e-03 -5.04327416e-02 -1.04773067e-01
  -7.53758252e-01  1.11405000e-01  6.48582354e-02]
 [-8.13192725e-02 -4.41625625e-01 -2.47089460e-01  1.29131377e-01
  -6.41230643e-02 -6.92660511e-02  1.61364257e-01 -3.79991502e-01
   1.87558830e-01  8.18608999e-02  3.16172123e-01  2.29743123e-01
   1.67643249e-01 -3.03589642e-01  3.31728756e-01]
 [ 2.78782070e-01 -3.85653824e-01  5.33593953e-01 -2.29429156e-01
  -3.22389300e-03 -2.52270121e-02 -4.63870108e-01  2.92162210e-01
   2.21221104e-01  1.07469656e-01 -3.69719535e-01 -7.89915100e-02
   4.37059462e-01 -5.89972250e-02 -3.60791802e-01]
 [ 4.86513644e-01 -1.90174282e-01  3.30767602e-01  2.92444617e-01
   1.70487359e-01 -4.18925911e-01  6.04094684e-01 -3.48076344e-01
   2.87636131e-01 -1.30126327e-01 -2.65884399e-01  2.06540376e-01
   2.04077393e-01  4.28983532e-02 -2.56877989e-01]
 [-3.02722663e-01 -5.31345345e-02 -2.02873852e-02 -2.03143656e-01
   4.40250337e-01 -1.09965764e-02  3.31767797e-01  4.93597925e-01
  -3.98310989e-01 -2.76731193e-01  3.67283188e-02  3.86442900e-01
   5.02615452e-01  3.78095865e-01  2.09198639e-01]
 [-1.42537449e-02  3.67472082e-01  2.15646490e-01 -4.21083391e-01
  -2.88619131e-01  3.12972128e-01 -7.18199685e-02 -2.70142347e-01
   3.56145412e-01  2.86920190e-01  2.78952539e-01 -2.74892896e-01
   3.61225158e-01  5.12066364e-01  3.56915891e-01]
 [-4.64143530e-02 -8.20997655e-02 -1.76552758e-01 -6.81256950e-02
  -2.65143305e-01  4.27596003e-01 -8.32477510e-02  5.81228256e-01
  -4.56447780e-01 -1.60458833e-01 -3.98467422e-01  5.40699720e-01
  -8.79899919e-01 -4.66778986e-02  2.30244339e-01]]
Peso 2:
[-0.01209749  0.05100412  0.5750285   0.09081808  0.27189857 -0.00683581
  0.37978455 -0.17436826  0.43693653 -0.11281294 -0.14086209 -0.05697056
  0.9816734   0.63131124 -0.04287381]
Camada: saida
Peso 1:
[[-0.33580136 -0.29956648]
 [-0.15425937  0.08266277]
 [-0.8799889   0.49424738]
 [ 0.03361319  0.39210993]
 [-0.3665587   0.46618444]
 [ 0.32454902  0.11652972]
 [-0.6157288   0.594741  ]
 [ 1.1774547  -1.4642483 ]
 [-0.7375992   0.4862808 ]
 [ 0.4025411  -0.04399966]
 [ 0.21651596 -0.08248465]
 [ 0.29377478 -0.6988299 ]
 [-1.2344676   1.233977  ]
 [-0.68016666  0.84326994]
 [ 0.10129985  0.41009283]]
Peso 2:
[-0.41685933  0.41686362]



pesos modelo: 
Test loss: 7.0454, Test accuracy: 0.0000
Camada: meio
Peso 1:
[[-1.12320304e-01  1.24063015e-01  4.02373195e-01 -1.13363951e-01
   3.19068432e-01  3.63487482e-01 -3.81192565e-02 -3.63537818e-01
   1.38693213e-01 -2.69297421e-01  2.21242845e-01 -2.81418979e-01
   9.85729694e-03 -8.17614794e-03  1.09040976e-01]
 [ 1.68450460e-01 -5.53839728e-02 -1.45416975e-01  4.17734832e-01
   2.14502200e-01  4.02510054e-02  2.24485934e-01  2.41078928e-01
  -2.28741646e-01  6.19065583e-01 -8.48678648e-02 -4.43857908e-01
  -1.66226909e-01  1.72461327e-02  1.12729326e-01]
 [-3.22187901e-01 -3.69620085e-01 -1.17120901e-02 -1.67338297e-01
  -1.45345822e-01  2.25313738e-01  4.91734058e-01  2.87459016e-01
  -3.35828334e-01  5.28164864e-01 -1.80758983e-01  4.25746143e-02
  -6.80668503e-02 -4.30602193e-01 -3.84539254e-02]
 [ 2.06223711e-01 -1.86806798e-01 -9.93756056e-02 -4.07395869e-01
  -3.15655023e-01  5.49127869e-02  2.50109136e-01 -1.73037741e-02
   3.69423747e-01  1.63745746e-01 -9.10462141e-02 -1.72060341e-01
   1.95752084e-01 -1.06841095e-01  4.63356683e-03]
 [ 2.39502013e-01  2.63758183e-01  3.12660456e-01 -1.71973035e-01
   2.38982737e-02  3.60301882e-01 -1.42939761e-01  8.27186763e-01
   2.21281588e-01 -7.39781678e-01 -3.10093492e-01 -3.51879656e-01
  -2.95063496e-01 -2.01534659e-01  3.01209122e-01]
 [-3.99240553e-01 -1.45056546e-02 -2.20216572e-01 -3.18640053e-01
  -1.19100004e-01  3.63208234e-01  4.43266690e-01 -1.52572691e-02
  -2.14829713e-01  1.26770973e-01 -3.87698412e-04 -2.68756330e-01
  -3.16703200e-01 -6.12941086e-02 -2.91679740e-01]
 [-2.58992851e-01 -2.85757184e-01 -4.25003499e-01  1.64923683e-01
  -1.39268786e-01  2.79324174e-01 -8.18872631e-01  7.53506243e-01
  -4.41876978e-01 -3.58244598e-01 -2.40237370e-01  2.55214393e-01
  -3.65459800e-01 -1.74022555e-01  4.44556726e-03]
 [ 9.94622111e-02  3.14259529e-01  2.99980819e-01  2.68975735e-01
   1.98561370e-01  3.44471395e-01 -1.22180998e-01  1.66938901e-01
   1.12994373e-01  1.80394053e-02 -4.21073526e-01  2.82467425e-01
   4.02564049e-01 -1.18054241e-01 -3.19321036e-01]
 [-1.26314938e-01 -9.23236012e-02  1.43043697e-01 -1.53149916e-02
   2.33552456e-02  1.36460602e-01 -5.45594692e-02  1.23669803e+00
  -9.96795297e-02 -7.48373806e-01  1.28174424e-01 -2.76465893e-01
  -7.99049884e-02 -1.40959740e-01  2.41912961e-01]
 [-8.12379122e-02 -2.13351265e-01 -5.73823750e-02  2.22775102e-01
   1.91733062e-01  2.19603837e-01  4.05313730e-01  4.73277271e-02
  -4.38675880e-01 -3.98985833e-01  4.06495631e-02  2.92740464e-02
   4.45117235e-01 -1.13285780e-02  1.99323058e-01]
 [-3.13870698e-01 -3.87347072e-01  4.72048491e-01 -7.29450881e-02
  -9.34294313e-02 -5.84856467e-03  3.83363813e-01  3.05886894e-01
   1.67232588e-01 -3.65414098e-02 -1.26397207e-01 -2.27267556e-02
   5.09916663e-01 -2.13010963e-02 -4.86748427e-01]
 [-1.96732536e-01 -2.65770942e-01 -3.67196769e-01  4.58153188e-01
   6.03261031e-02 -2.57143736e-01  2.82578856e-01 -4.54045951e-01
  -3.34953696e-01  5.05279958e-01  4.23536226e-02  5.13407253e-02
  -7.01920390e-02  1.51318967e-01 -7.80829266e-02]
 [-1.34720951e-01 -4.00129169e-01 -4.34839100e-01  1.70443922e-01
  -1.88795719e-02  9.84515175e-02  3.50173146e-01  3.03603500e-01
   4.59689461e-02  4.08329248e-01  1.03627712e-01 -2.55426407e-01
  -8.71828943e-02 -1.61948904e-01  1.46620303e-01]
 [ 2.65087843e-01  1.09761149e-01  2.99106181e-01 -2.44796112e-01
  -2.19482094e-01 -2.71003306e-01  1.95791781e-01 -5.05410075e-01
   1.31841078e-01  6.92646623e-01  1.09049320e-01  8.03503394e-02
   2.22150043e-01 -9.40311253e-02 -2.11788341e-01]
 [-4.41899866e-01 -2.73217559e-02 -2.95496106e-01 -1.55301645e-01
  -4.36529338e-01  3.12014937e-01 -7.17903197e-01  8.98436785e-01
   4.03662138e-02 -2.29177818e-01  2.53126502e-01  1.35035515e-01
   8.69123638e-02 -2.68406928e-01 -1.43440932e-01]]
Peso 2:
[-0.14200631 -0.00533284  0.0444731   0.08941516 -0.0713724  -0.04289105
  0.7504315  -0.2700472   0.08836881  1.1654177  -0.10014016 -0.06842747
  0.29878926 -0.10325246 -0.08232371]
Camada: saida
Peso 1:
[[ 0.42974988  0.053971  ]
 [-0.24272482 -0.51359284]
 [-0.5456091  -0.3238512 ]
 [-0.5308266  -0.19577515]
 [ 0.43357304  0.11086032]
 [ 0.12781519 -0.6414574 ]
 [-1.2112226   0.7052599 ]
 [ 1.4378356  -1.4648712 ]
 [-0.518493    0.18005407]
 [-1.5987053   0.98493356]
 [ 0.04974491 -0.49296522]
 [ 0.02743995 -0.45422828]
 [-0.19240709  0.5825733 ]
 [ 0.46246925 -0.2571225 ]
 [-0.26109526 -0.13584156]]
Peso 2:
[-0.6295683   0.62957317]



pesos modelo: 
Test loss: 5.4152, Test accuracy: 0.0080
Camada: meio
Peso 1:
[[-0.05980894 -0.21853864  0.19462413 -0.06351274 -0.24205083 -0.39488328
   0.31710964 -0.04021057 -0.39289537  0.1560995   0.20547259 -0.01428026
  -0.19364682 -0.31625104  0.38857782]
 [-0.07784083 -0.43193462  0.17788869  0.43446702  0.527521    0.24048395
   0.31632116 -0.3683011   0.09311576  0.1199019  -0.2656478   0.06794514
   0.20539777 -0.03264618  0.40102977]
 [ 0.08062257  0.21109053  0.10560679  0.3171131   0.30593404  0.2079453
  -0.11386301 -0.3201442  -0.34028178 -0.08664133 -0.21576732 -0.37180483
   0.2369385   0.32609034 -0.2365683 ]
 [ 0.26904902 -0.1154694   0.10028553  0.17850341  0.10058688  0.30755123
   0.31200767  0.13581266 -0.12717797  0.01726227 -0.17774215 -0.02862673
  -0.33407405  0.25799537  0.2592368 ]
 [ 0.14825404 -0.18633944  0.01126373  0.02436817 -0.57739466 -0.16098922
   0.8418979   0.45843315 -0.21099637 -0.36888492  0.15541774  0.01672845
   0.12247393  0.13696024  0.3015186 ]
 [-0.3191901  -0.22908449 -0.19129354 -0.14883435  0.09260273  0.05411375
   0.10737777 -0.30426764 -0.00204676  0.41989344 -0.16801685 -0.03721339
  -0.08746925  0.01371238  0.2456041 ]
 [-0.27003568  0.37791428 -0.5723318  -0.09413263 -0.7873956  -0.5149126
   0.48262334  0.37194544 -0.2714232   0.05598903  0.06422819 -0.2946492
   0.34458834  0.01983925  0.4586992 ]
 [-0.3776813  -0.3990385   0.01206899  0.09258103 -0.10253307 -0.2821825
   0.08209646  0.24943328  0.3788566   0.42545718 -0.42874312  0.3080867
  -0.34988132 -0.210535   -0.08226725]
 [ 0.03253258  0.37265554 -0.64485073 -0.415376   -0.45315337 -0.5081862
   0.1103939   0.40122467 -0.2351303   0.39106888  0.05122001  0.49935636
   0.47674137 -0.37917402  0.35426643]
 [ 0.21781838 -0.3133794   0.12290788 -0.00857395  0.12306195 -0.35294557
  -0.02534154  0.0304372   0.3933093  -0.13684383 -0.2915492   0.30794638
  -0.33597466 -0.22066024 -0.28607845]
 [ 0.09567162 -0.3934771   0.34656623 -0.21462235  0.20419116  0.18282457
   0.21999684  0.16631739 -0.24983244 -0.35614663  0.38722965  0.46787056
   0.5484433  -0.08628801  0.05366026]
 [-0.20934312  0.3411859  -0.05861858 -0.33004704  0.35376987  0.7800203
   0.17768098  0.32425752  0.15116984 -0.10999971  0.44880822  0.03602747
  -0.09595075 -0.11304715  0.05589389]
 [-0.4257219  -0.23954923  0.5528306   0.26874837  0.453633    0.23529164
   0.6223385   0.24781029  0.3353963   0.07501398 -0.40931028  0.1651937
   0.3323489  -0.55492175  0.31298888]
 [-0.3340949   0.27486357  0.4953054  -0.36963648  0.6108953   0.3242892
   0.22647706  0.17085414 -0.36516833 -0.33044183 -0.4067941  -0.02872607
   0.1082857   0.32295534 -0.4420491 ]
 [-0.08396906 -0.01154327 -0.64509386 -0.36430088 -0.5919424  -0.42871338
   0.53777     0.48655397  0.21538675 -0.23561533 -0.17418478  0.15506853
   0.8201902   0.20951287  0.29400906]]
Peso 2:
[ 2.31444582e-01 -1.53033305e-02  7.45425522e-01  1.88181940e-02
  1.18293273e+00  7.45969951e-01 -1.23297475e-01 -6.87779710e-02
 -1.65988749e-04 -1.03404023e-01 -8.14181939e-03 -1.48530565e-02
 -4.25584912e-02  1.02642506e-01 -3.60461473e-02]
Camada: saida
Peso 1:
[[-0.40563145  0.4078026 ]
 [-0.26714826 -0.13632308]
 [-0.72884226  1.168914  ]
 [ 0.08141021  0.28817514]
 [-1.44952     1.2040666 ]
 [-0.8183119   1.1906569 ]
 [ 0.890765   -0.47655213]
 [ 0.3851345  -0.4424567 ]
 [ 0.4452366   0.5151626 ]
 [ 0.05880335 -0.5712614 ]
 [-0.46771097  0.5670148 ]
 [ 0.4399202   0.18458979]
 [ 0.27211463 -1.1498442 ]
 [-0.5219429   0.48024845]
 [ 0.60155374 -0.3911508 ]]
Peso 2:
[-0.10314341  0.1031448 ]



pesos modelo: 
Test loss: 7.2089, Test accuracy: 0.0000
Camada: meio
Peso 1:
[[ 2.39955008e-01 -5.77777624e-02 -1.50242209e-01 -2.22976431e-01
   7.05907345e-02 -4.11508977e-02  2.07079351e-01 -4.11694676e-01
   2.08574831e-01  1.49448395e-01 -6.51791692e-03 -4.22460496e-01
   3.99224699e-01  1.26190305e-01  7.46914148e-02]
 [ 4.89886940e-01  3.75752896e-01 -4.09116298e-01  4.01646644e-01
  -4.17059600e-01  1.07268155e-01  2.28528187e-01 -4.29610163e-01
   2.34169573e-01  3.99709851e-01  4.00252528e-02  1.81358263e-01
  -2.64164597e-01  1.31337523e-01 -1.53068349e-01]
 [ 4.64262396e-01  1.61286592e-01  2.83669382e-01  5.24932984e-04
  -1.23401389e-01  1.96468651e-01  3.12783718e-01 -4.23899829e-01
   3.09994489e-01  4.78939116e-01  1.89556196e-01 -2.97649354e-01
  -2.61244923e-01  5.66842370e-02 -3.03612370e-03]
 [-4.42835242e-02  1.25699580e-01  1.41366228e-01 -1.55385554e-01
  -1.29080132e-01  5.73810227e-02 -2.83547044e-01 -6.93614110e-02
   6.38241053e-01  4.06296104e-01  9.08106193e-02  3.55350561e-02
   2.03411326e-01 -6.75410703e-02  1.67224795e-01]
 [-3.91359895e-01  2.84064651e-01 -3.60202640e-01  5.96017279e-02
  -4.61503297e-01  5.95005929e-01 -2.73345202e-01 -1.64670378e-01
  -5.74556887e-01 -6.07154131e-01 -2.51291811e-01 -1.66387767e-01
   6.96841814e-03  1.73955336e-01  2.91712672e-01]
 [ 1.53439105e-01  2.33073294e-01 -7.86979198e-02 -2.28745326e-01
  -1.93759859e-01  2.88165510e-01 -3.70408028e-01  2.54629672e-01
   4.06547904e-01  2.72035956e-01 -1.09688342e-02 -3.41468453e-01
   3.68290365e-01  3.07685792e-01 -3.93936008e-01]
 [-7.07582474e-01  4.39719856e-01 -2.44895682e-01  1.05810940e-01
   1.70161396e-01  6.14694417e-01  4.73101586e-01  2.98328072e-01
  -5.09989142e-01 -8.82666185e-03 -1.26195282e-01 -2.69151688e-01
   5.94865978e-01  5.62101245e-01  4.74738926e-01]
 [ 3.40611637e-01  1.28080308e-01  3.22140753e-01 -6.43516481e-02
  -3.00178647e-01 -1.75593793e-02  1.76256776e-01 -1.05187595e-01
   4.29645658e-01  4.10002530e-01 -2.21151665e-01 -1.87812269e-01
   3.48537743e-01  7.47722387e-02  8.80872011e-02]
 [-4.92165893e-01  4.93141979e-01  3.23939443e-01 -4.30090517e-01
   3.23029339e-01  5.09813368e-01  2.08639912e-02  5.01149222e-02
  -2.90831298e-01 -5.69079340e-01 -2.86211967e-01  3.63163233e-01
   5.68464398e-01  8.93284142e-01  9.90245417e-02]
 [ 4.46467996e-01 -7.98944533e-02 -1.71190411e-01  1.35832906e-01
  -1.34912133e-01 -2.35051066e-01 -3.95143420e-01 -3.15710604e-02
   2.74272919e-01  1.18848264e-01  1.99615121e-01  3.29622447e-01
   2.18674481e-01  3.65743041e-03 -3.26062739e-02]
 [ 5.04291236e-01  1.02772802e-01  3.61552924e-01  2.71886438e-01
   2.62129247e-01  8.33555013e-02  3.72738212e-01 -3.65132689e-01
   5.49110100e-02  6.59999019e-03 -1.79015383e-01 -2.39710167e-01
   2.18829691e-01  1.57098383e-01  1.55703679e-01]
 [ 3.22195977e-01 -4.23140198e-01  1.61063269e-01  1.15044795e-01
  -6.94317520e-02 -1.47073016e-01  1.68065783e-02 -1.19709611e-01
   4.02050108e-01 -3.26328501e-02 -4.76040598e-03 -3.32415402e-01
  -2.22738847e-01 -4.75991741e-02 -3.50356638e-01]
 [ 2.06229463e-01 -1.88511178e-01 -1.02290489e-01  3.82490069e-01
   4.06350702e-01  2.97240447e-02  3.88948560e-01  6.03422821e-02
   5.21127656e-02  5.77772409e-02 -3.07249427e-01 -4.30928260e-01
   2.30733842e-01  8.74360278e-02  2.99854398e-01]
 [ 5.46801686e-01 -1.95581838e-01 -4.14044484e-02  5.80325246e-01
   3.69188726e-01 -2.20843345e-01  3.06205541e-01  2.37487659e-01
   5.46521783e-01 -2.89365381e-01 -4.11494553e-01  1.87578052e-01
  -5.61675020e-02 -1.45445019e-01 -9.86000076e-02]
 [-3.20528537e-01  3.74805778e-01 -4.45409834e-01  2.17454620e-02
  -3.15679818e-01  5.96319675e-01 -5.35048656e-02  2.01871037e-01
  -2.64077634e-02  2.23538026e-01 -2.10679159e-01 -1.03750825e-01
   6.55916393e-01  5.85170746e-01  7.11693287e-01]]
Peso 2:
[ 0.86691064 -0.06519425  0.2824029   0.48690692  0.1979201  -0.08643658
 -0.10508884 -0.00477612  0.83900434  0.44474664 -0.05097888 -0.01286423
 -0.11739839 -0.08808769 -0.14871794]
Camada: saida
Peso 1:
[[-0.7826148   1.2267106 ]
 [ 0.51761115 -0.4945019 ]
 [-0.24219042  0.38086182]
 [-0.28902078  0.6997208 ]
 [ 0.06244018  0.6372261 ]
 [ 0.977093   -0.75735575]
 [-0.20975505 -0.34853685]
 [-0.00529868 -0.12199385]
 [-0.49173713  1.3596232 ]
 [-0.6572848   0.3764165 ]
 [ 0.48664868  0.32500944]
 [ 0.02433811 -0.03204525]
 [ 0.3686871  -0.8305862 ]
 [ 0.8951806  -0.85330045]
 [ 0.18563622 -0.9207585 ]]
Peso 2:
[-0.7760514  0.7760562]



pesos modelo: 
Test loss: 5.2627, Test accuracy: 0.0025
Camada: meio
Peso 1:
[[ 0.00289783 -0.28739858 -0.32006967 -0.03087226 -0.37857512 -0.09273753
  -0.18760243  0.42087108  0.24665946  0.29661363  0.39298385  0.25546807
   0.02113929 -0.13827154 -0.07782435]
 [ 0.42467713  0.02290287  0.01948212  0.30753887  0.19972827 -0.20667382
   0.2818956   0.23281427  0.08126342  0.10712433  0.03077242  0.35811475
   0.04737707  0.44704112  0.37526727]
 [ 0.3448781   0.20325817  0.21425527 -0.36393458 -0.18406422  0.22719382
   0.06129906 -0.35654032  0.52011466 -0.01841065 -0.26932645  0.01188702
   0.47901797  0.38282698  0.16415642]
 [ 0.41108733  0.3149063   0.25398538  0.07781561 -0.02466166 -0.10362212
  -0.24698065  0.35048366  0.16505587 -0.12587216  0.1062409   0.4722441
  -0.40529296 -0.05597494 -0.09113339]
 [ 0.00693119  0.47860613  0.13490099  0.39782768  0.13278066 -0.10088703
   0.40585232 -0.15934472 -0.31385604  0.86810845 -0.3055359   0.03902934
  -0.14484163 -0.5476307   0.4529316 ]
 [ 0.2673124  -0.02799723 -0.44557232  0.06696498 -0.2637839   0.24048603
  -0.44068682 -0.30069992  0.00772768 -0.01077735 -0.20476004 -0.17316222
   0.44488502 -0.28500164 -0.36775863]
 [-0.32998335  0.7246205  -0.21693859  0.18392657  0.29444575 -0.10591292
  -0.20505212 -0.37806067 -0.38798836  0.87924767  0.18203479 -0.25058806
   0.35864234  0.07709433  0.13912539]
 [-0.41618803  0.00116348  0.08686459 -0.39971793  0.06244743  0.10004818
  -0.388339    0.31535387 -0.32966283 -0.42035392 -0.05254337 -0.11133584
   0.15485883 -0.06694379  0.11138862]
 [-0.30954617  0.71509033  0.34813678 -0.44982386  0.18271045  0.23157737
   0.16733654  0.42385343 -0.47100225  0.49981186 -0.0396231  -0.5506993
  -0.22301762 -0.7051781   0.5831451 ]
 [-0.12878305 -0.4167833   0.35258454 -0.27135432 -0.07966915 -0.05322427
  -0.017344    0.13682377  0.2961861  -0.36302933  0.3994171   0.28421092
  -0.12629467  0.4252547   0.35591924]
 [ 0.41768748  0.20002437  0.39601362  0.21658634  0.15323988  0.1136565
   0.24831492 -0.21667136  0.23356363  0.02851804 -0.08883964  0.2914917
  -0.2449187   0.0724035   0.01613249]
 [-0.31566983 -0.34329173 -0.37001222  0.16446714  0.17650698 -0.03352082
  -0.0457863   0.25663608  0.62180746 -0.14428832  0.41240865  0.16614649
   0.38587332  0.40408638 -0.40359178]
 [-0.05479416 -0.0202627  -0.3335823  -0.3311225   0.03263479  0.24037899
   0.3112661   0.31885412  0.18954156  0.09409247  0.22570932  0.04526513
  -0.3078225   0.392247    0.00093662]
 [-0.18839282 -0.38366878  0.22226407 -0.43362466 -0.38115487 -0.306918
   0.43730277  0.44254228 -0.06845989  0.13182248  0.32505777  0.81544244
   0.11701111  0.03865467  0.21940458]
 [-0.34524134  0.78398263 -0.44981867 -0.34873658  0.16265614 -0.08095485
  -0.08448465 -0.18976073 -0.4646947   0.685431   -0.37631026 -0.7823849
  -0.04256715 -0.3468979   0.18222682]]
Peso 2:
[ 0.05223633 -0.07612621  0.0483589   0.09357954  0.00695194 -0.01939047
 -0.00363501  0.04285023  0.8929192  -0.02415787  0.5384397   0.80265754
  0.11306088  0.67532724 -0.05134087]
Camada: saida
Peso 1:
[[ 0.20644158  0.59799415]
 [ 1.3136824  -0.4488962 ]
 [-0.4356124  -0.13723901]
 [-0.6345243  -0.1789429 ]
 [ 0.04811441 -0.53185827]
 [ 0.10333197 -0.08262844]
 [-0.21739568 -0.23985131]
 [-0.08420911  0.22107936]
 [-0.7966393   1.1426963 ]
 [ 0.6618879  -1.1878108 ]
 [-0.5775283   0.72583115]
 [-0.84305984  1.2143992 ]
 [-0.5892399  -0.22622006]
 [-1.0498011   0.65779924]
 [ 0.65010035 -0.13225323]]
Peso 2:
[-0.42117235  0.42117524]



pesos modelo: 
Test loss: 6.5243, Test accuracy: 0.0000
Camada: meio
Peso 1:
[[-1.7443350e-01  3.7501985e-01  1.9581056e-01  1.6917652e-01
   3.7629688e-01 -1.4106646e-01 -3.2929242e-01  1.4099610e-01
  -3.4192792e-01 -2.5063151e-01 -2.9235137e-01  3.1047827e-01
   4.3827116e-01 -1.7010435e-01 -1.2758428e-01]
 [-3.2231265e-01 -2.3490569e-02 -1.9185150e-02  2.5186801e-01
  -2.2810045e-01  3.9934662e-01  3.7960863e-01 -3.0997130e-01
   3.3611801e-01 -6.5035321e-02  1.7887470e-01 -1.0543004e-01
   2.7052620e-01  3.3657845e-02  1.1665321e-01]
 [ 1.6653240e-01  4.0500480e-01 -1.0636323e-02 -6.1867587e-02
   3.5965899e-01  2.2692293e-01  1.1500572e-01 -2.1160139e-01
   1.9830438e-01 -9.6004076e-02  1.3940300e-01 -3.8605671e-02
   6.8887040e-02  3.4968621e-01  2.2401950e-01]
 [-7.5743208e-03  5.9181503e-03  3.0465692e-01  7.0937730e-02
  -1.8394069e-01  2.2187574e-01 -1.5726250e-01 -1.8463208e-01
  -2.5510514e-01 -4.1358635e-01 -3.8218302e-01 -2.3832030e-04
  -1.8482998e-01  4.5476240e-01 -6.7708723e-02]
 [-2.2586371e-01  3.2857794e-01 -5.7694588e-02  7.2271556e-01
  -5.5820626e-01 -8.3760071e-01  2.0426233e-01 -2.5023231e-01
   6.8939395e-02  3.2003200e-01 -3.2792562e-01  3.1130943e-01
  -1.1995666e-01 -3.5028401e-01  4.4346127e-01]
 [-7.3632419e-02  3.1836706e-01  1.2141693e-01  1.6923845e-01
  -4.1909674e-01 -3.0626196e-01 -3.7346411e-01 -1.2834653e-01
  -7.7244192e-02 -4.0923858e-01 -2.0347287e-01  8.2584977e-02
  -3.2315716e-01  7.9440355e-02  7.2538257e-02]
 [ 3.4118742e-02  1.2045834e-01  1.9790505e-01  7.0959419e-01
  -1.4589480e-01 -9.0816343e-01 -3.5755172e-01  4.6630386e-01
   4.5819767e-02 -4.3916637e-01 -2.5846708e-01  5.4673386e-01
   2.1012016e-01 -2.3356901e-01  1.4178608e-01]
 [ 3.2162726e-02 -3.9564049e-01  3.7743199e-01 -3.6885688e-01
   1.4716411e-01 -1.4101902e-01 -5.9198737e-02 -2.3526165e-01
  -4.0354550e-01 -2.3504500e-01  2.7269876e-01 -2.6137155e-01
   1.7713696e-01  4.4349068e-01  1.3575476e-01]
 [-2.0367578e-01  3.5966897e-01 -4.9243566e-02  4.3264723e-01
  -3.2221958e-02 -5.0158024e-01 -2.5224686e-01  5.2128829e-02
  -3.7940603e-01 -3.3653647e-01 -1.6572925e-01  7.5384665e-01
   1.2234511e-01 -1.8642415e-01  4.2549309e-01]
 [-1.8834069e-01  3.0112249e-01  3.3699781e-01 -3.7599024e-01
   3.2807928e-01  4.0262341e-01  2.3501933e-01 -1.3286111e-01
   2.6008499e-01  2.6288772e-01 -9.3713552e-02  2.3503095e-01
  -3.6019731e-01 -8.6577952e-02  3.9070421e-01]
 [ 2.6376341e-02 -3.5996971e-01  3.2222417e-01  1.0881857e-01
  -5.1485784e-02  3.6739987e-01  2.8243664e-01  2.9573259e-01
   2.2836736e-01  4.6939429e-02 -3.8356063e-01  1.4346240e-01
  -5.1248813e-01 -8.2483225e-02  1.8931019e-01]
 [ 1.1998641e-01  3.6449891e-01  4.1946003e-01 -1.7169356e-01
   5.3761494e-01  4.5126164e-01  3.7274787e-01  3.4847561e-01
  -4.0945923e-01  3.4402037e-01  3.5757059e-01 -1.9178794e-01
  -7.6336339e-02  1.7611137e-01 -8.1564978e-02]
 [-1.0364900e-02 -1.4861648e-01 -4.1553503e-01  5.1961255e-01
   3.0357885e-01  4.0628710e-01 -3.8288274e-01  3.8026431e-01
  -2.3361896e-01 -1.0178189e-02 -1.1902382e-01  2.8986046e-01
   3.8694808e-01  4.9905884e-01 -1.5765857e-02]
 [ 8.4424347e-02  3.4762558e-01  4.1649190e-01  2.1830540e-02
   4.6369767e-01  6.7441034e-01  3.7539804e-01 -3.1049654e-01
   9.3036190e-02  2.6230636e-01  7.6408677e-02 -4.8649944e-02
   3.0559355e-01  6.5638167e-01  3.6323160e-01]
 [-2.2797455e-01  1.5824579e-01  1.5560888e-01  8.9709538e-01
   2.8939328e-01 -5.8136452e-02 -7.6115534e-02  4.2078939e-01
  -2.9637301e-01 -2.0281789e-01 -2.5109744e-01  5.0974458e-01
  -3.7316746e-01 -8.1877249e-01  5.3680104e-01]]
Peso 2:
[-2.2466899e-01 -4.6334799e-06  3.1586822e-02 -1.7465505e-01
  2.4728824e-01  1.0948886e+00  3.6139932e-01 -2.6422553e-02
  3.0572250e-01 -4.7778323e-02 -2.9914184e-02 -5.0936207e-02
  1.3169089e-01  7.8921700e-01 -1.0236510e-01]
Camada: saida
Peso 1:
[[ 0.48710644 -0.1816333 ]
 [-0.19290687 -0.5123859 ]
 [-0.6294765  -0.42139423]
 [ 0.8469332  -1.1401985 ]
 [-0.00544321  0.7635567 ]
 [-1.6184692   1.0284632 ]
 [-0.8547442   0.09463608]
 [ 0.27739924 -0.07138071]
 [-0.68471026  0.10480128]
 [-0.31062004 -0.3385982 ]
 [-0.48202908 -0.50758815]
 [ 0.79513395 -0.74838746]
 [-0.22195481  0.46202344]
 [-1.0534985   0.9688927 ]
 [ 0.0510258  -0.9002214 ]]
Peso 2:
[-0.45703486  0.45703757]



pesos modelo: 
Test loss: 6.2714, Test accuracy: 0.0000
Camada: meio
Peso 1:
[[ 0.22900635  0.25814027 -0.05315569  0.42216057 -0.10176155  0.21398097
  -0.33365315 -0.23816727 -0.38032985 -0.2168978  -0.31508785 -0.43576485
  -0.02486217  0.24303037  0.10994399]
 [ 0.17613631  0.30904025 -0.23282664 -0.24921028  0.01502782  0.1211876
   0.25752515  0.2088063  -0.22771825 -0.14830682  0.3729262   0.02110623
   0.00111751 -0.01637848 -0.23138808]
 [-0.12419876  0.27074292  0.14255549  0.13371365  0.19848624 -0.35327837
   0.26963794  0.1611342   0.52572936  0.17559867  0.36978436  0.10007751
  -0.2988951   0.18228519 -0.23613814]
 [ 0.36867708  0.04416955 -0.36653787  0.16262494 -0.21293834 -0.0226761
   0.42738208 -0.34559372  0.1187951  -0.34718147  0.00176577 -0.01781228
   0.29836217 -0.26143754  0.29905254]
 [ 0.06759506  0.19735573  0.37032086  0.02937896  0.818585    0.08562618
   0.07916392 -0.14500491 -0.05546381 -0.3601089  -0.069104    0.9267486
   0.5251605  -0.29900247 -0.36837262]
 [-0.2609621   0.14726323 -0.00766915  0.273633   -0.20639725  0.30629373
   0.23444194  0.16316342 -0.24309745 -0.3742447  -0.35618     0.4103365
  -0.25860977 -0.06582722 -0.15624535]
 [ 0.2570749  -0.26903653 -0.40334132  0.36839116  0.6203321   0.16006652
  -0.78184897 -0.11602505 -0.01001194 -0.17576864 -0.5030203   0.9871611
   0.45315686 -0.10965984  0.15873097]
 [-0.3294899  -0.20169343  0.03624195  0.38380706 -0.10439536 -0.0638018
  -0.10655388  0.31971788 -0.12467366  0.3908648  -0.24276948  0.2721845
  -0.3303785   0.13952148  0.36135203]
 [-0.03380817 -0.05744269 -0.17143953  0.3201565   0.3032239  -0.1582106
  -0.71201116  0.3758434  -0.34204498 -0.4266361  -0.07417531  0.94966954
  -0.12487575  0.13271444 -0.17071192]
 [-0.10007349 -0.25196272 -0.19784057  0.21859539  0.25460857 -0.25057447
  -0.43327934  0.41098583  0.02108619  0.0116106  -0.39619592  0.20931041
   0.05246511 -0.14991775 -0.23435578]
 [ 0.39999214 -0.3233859   0.08767883  0.21105586  0.36169574  0.2997178
   0.05860664 -0.00606967 -0.01882396 -0.42392915  0.4764484   0.11744964
   0.10386634  0.44463342  0.19573942]
 [ 0.24037567 -0.3162121   0.18687432  0.1536414  -0.20199502 -0.1851094
   0.6238139  -0.02861626  0.29565653 -0.13932519  0.6278505  -0.08846185
  -0.06686854 -0.28598905 -0.34768265]
 [ 0.29663748  0.27623838  0.08099815  0.20532908  0.1139589  -0.09707256
   0.55814743 -0.25693384  0.36851603  0.22368483 -0.14844854  0.14076681
   0.2687158  -0.26335546 -0.17140165]
 [ 0.28750163 -0.09578801 -0.05177629 -0.0630467  -0.31690916 -0.08296403
   0.4861776   0.2878061   0.18677078 -0.16081162  0.45433566 -0.14878686
  -0.18553707 -0.27469236 -0.08916256]
 [-0.27492857  0.4537874  -0.24304672  0.724465   -0.04141284 -0.36468065
  -0.38356143 -0.07498446 -0.4341915   0.23720437 -0.39872405  0.75791794
   0.10240444 -0.00635845  0.26993927]]
Peso 2:
[ 0.04930643 -0.03528273 -0.14637583 -0.21075809 -0.11785854  0.31437185
  0.91324735  0.15138079  0.62568307 -0.1298928   0.6728558  -0.11762902
 -0.08691438  0.17545201  0.05656481]
Camada: saida
Peso 1:
[[-1.0772730e-03  3.2180470e-01]
 [-8.4378727e-02 -2.4936670e-01]
 [-7.3021390e-02 -3.6168283e-01]
 [ 5.4692566e-01 -6.8854177e-01]
 [ 7.3814857e-01 -6.1995077e-01]
 [-3.0781716e-01  6.2748593e-01]
 [-1.4779755e+00  7.4941599e-01]
 [-2.8556776e-01  1.5052143e-01]
 [-4.2416245e-01  9.7679597e-01]
 [ 3.0926812e-01 -3.3151692e-01]
 [-5.0293195e-01  1.1225802e+00]
 [ 1.0904635e+00 -1.3485011e+00]
 [ 7.9586291e-01  2.4492116e-01]
 [-4.6192393e-01  1.8033680e-01]
 [-5.4868865e-01  3.7794518e-01]]
Peso 2:
[-0.8149428  0.8149457]



pesos modelo: 
Test loss: 5.4594, Test accuracy: 0.0020
Camada: meio
Peso 1:
[[ 2.28780806e-01 -1.60639763e-01 -5.18201292e-02  4.10855353e-01
   6.50960803e-02  8.78381729e-02  4.17389989e-01 -3.49996477e-01
   1.84413493e-01 -2.98701048e-01  5.20412624e-02  1.03204072e-01
  -2.55528092e-01  2.58354485e-01 -3.99194956e-02]
 [ 2.59210080e-01 -2.45246291e-02 -2.13814110e-01 -2.14834269e-02
  -3.47318828e-01 -1.05434641e-01  8.48916732e-03  5.38986862e-01
  -3.92907947e-01 -3.29431236e-01 -2.31141001e-01  3.10645644e-02
  -3.40118306e-03 -2.03718081e-01 -2.17768803e-01]
 [ 1.00258872e-01 -1.31429538e-01  1.29495025e-01 -3.37462693e-01
  -3.28702033e-01  3.64049733e-01  3.98368612e-02  6.12094030e-02
   1.47000775e-01 -3.97393942e-01  2.01000556e-01 -1.27050117e-01
   3.03693175e-01  4.97982949e-02  1.39946133e-01]
 [-2.94187307e-01 -1.43296063e-01  8.25213790e-02  3.08304094e-02
  -3.35344940e-01  2.82185853e-01 -4.18487657e-03  2.04722479e-01
  -2.30401397e-01 -1.51605234e-01  5.81184328e-01  1.63193703e-01
  -2.07248852e-01  1.36044115e-01 -1.31305665e-01]
 [-1.25284076e-01 -2.24178463e-01  6.29585862e-01 -1.39998332e-01
  -1.95924968e-01  2.40765318e-01  2.94440746e-01 -6.17019713e-01
  -3.84327233e-01 -3.51475775e-01 -1.61964729e-01  6.03789508e-01
   4.01230693e-01 -1.72401834e-02  2.97793567e-01]
 [ 6.88141584e-03  3.27860653e-01  5.12228310e-02  1.18882656e-02
   3.20725083e-01 -3.52346599e-02 -3.26700717e-01 -1.52596474e-01
  -1.31282330e-01 -2.57990360e-01  3.12507153e-04  2.25497127e-01
  -3.64960134e-02 -2.51106620e-01  4.04694617e-01]
 [ 2.46910095e-01  1.69996351e-01  6.06944412e-02  1.66129723e-01
   1.47487998e-01 -2.95628935e-01  5.52613139e-01  1.47536583e-02
  -1.64390594e-01 -1.22325793e-01 -3.31271142e-01  1.09618080e+00
  -3.93444598e-01  8.52291167e-01  7.10432768e-01]
 [-2.10828781e-02  1.14608765e-01  1.41052365e-01 -2.01382935e-01
   5.75518012e-02  1.37168944e-01 -4.05709982e-01 -1.84422791e-01
   3.38264525e-01 -3.72897804e-01  3.78048420e-02 -4.10821319e-01
  -2.67990768e-01  1.94582582e-01  9.03254747e-02]
 [-2.89465576e-01 -3.55652004e-01 -5.77669591e-02  5.69136441e-01
  -2.37418652e-01 -2.12468773e-01 -1.85363397e-01 -5.66961944e-01
   3.03756863e-01 -1.29300421e-02  7.85852671e-02  9.29591238e-01
   1.46054029e-01  1.92212388e-01  6.33528471e-01]
 [ 1.57516122e-01 -2.90734708e-01  1.59704447e-01  2.31242895e-01
  -3.70442152e-01 -6.52535856e-02  2.38662660e-01 -1.84535384e-01
   2.42793381e-01 -1.03742182e-01  1.48220599e-01 -2.96661437e-01
  -2.34410152e-01  4.18429494e-01 -1.41398162e-01]
 [-3.79981428e-01 -4.57039215e-02  2.00230449e-01 -1.88765183e-01
   1.57540217e-01 -1.61914051e-01 -2.53322363e-01  5.01673400e-01
   3.79674345e-01  2.34638959e-01  6.33936107e-01  3.25755060e-01
  -2.73441106e-01  3.41236383e-01 -4.36571054e-02]
 [-2.01258227e-01  4.78674412e-01 -2.89924175e-01 -2.95429587e-01
  -3.43634963e-01 -1.52377382e-01  1.25491589e-01  1.63284570e-01
  -3.11387479e-01  4.03891265e-01 -1.21193416e-01 -2.56091356e-01
  -2.27348000e-01 -2.74197042e-01  2.99041681e-02]
 [-2.14038536e-01  3.79375488e-01  1.87033728e-01  3.60734701e-01
   7.47754762e-04  4.87924628e-02  2.78580010e-01  6.03064954e-01
  -4.07090113e-02  1.06964707e-01 -2.31072173e-01  1.01489045e-01
  -4.71386686e-02 -1.18909203e-01  2.40519434e-01]
 [-2.81270117e-01  5.41688919e-01 -2.09231988e-01 -3.72696996e-01
  -4.28439438e-01  4.12773430e-01 -1.23555837e-02  6.29350901e-01
  -1.91301510e-01 -2.97192007e-01 -1.25975356e-01 -1.98034868e-02
  -2.00894192e-01 -1.90000087e-01 -1.12202488e-01]
 [-3.97730976e-01 -3.35217366e-04  5.43979704e-01  2.27604076e-01
   2.48511732e-02 -1.27552366e-02  4.55296785e-01 -1.73050076e-01
   1.12819746e-01  3.10756624e-01 -3.83989513e-01  9.73131955e-01
  -3.33331138e-01  8.26525033e-01  7.59631872e-01]]
Peso 2:
[-0.09868715  0.48496637 -0.11213724  0.02602796 -0.02049939  0.45758998
 -0.17290615  1.0183305  -0.0458664   0.25647944  0.5572436  -0.16335104
 -0.09739546 -0.061295   -0.11964396]
Camada: saida
Peso 1:
[[-0.12917471 -0.50849587]
 [-0.8283471   0.1969051 ]
 [ 0.6870463  -0.11552214]
 [ 0.00535057 -0.56261605]
 [ 0.578662    0.01077904]
 [-0.68698907  0.33630663]
 [ 0.30171138 -0.25023523]
 [-1.015526    1.0713143 ]
 [ 0.20271513  0.12061089]
 [-0.44764304  0.40881336]
 [-0.37367812  0.849628  ]
 [ 1.3928777  -1.1295792 ]
 [-0.0931465  -0.3139589 ]
 [ 0.83205456 -0.46751276]
 [ 1.1152216  -0.20276569]]
Peso 2:
[-1.4497392  1.4497397]



pesos modelo: 
Test loss: 5.9501, Test accuracy: 0.0000
Camada: meio
Peso 1:
[[-3.24633479e-01  1.28329933e-01 -2.66539156e-01 -1.28618538e-01
   6.17045164e-03 -6.28257692e-02  4.26047146e-01  1.99252248e-01
  -3.87183607e-01  1.91163361e-01 -3.72495532e-01 -4.34348762e-01
  -2.80765265e-01  1.62644923e-01 -2.77725935e-01]
 [ 7.22182393e-02 -2.94484288e-01  2.42823392e-01 -1.23925187e-01
   2.07889564e-02 -2.95960814e-01  8.85033980e-02  1.27580628e-01
   2.70937532e-01 -1.35191321e-01  7.49557465e-02  1.23270556e-01
  -3.88722122e-01  6.91006005e-01 -8.21348876e-02]
 [ 3.00593942e-01  9.36530381e-02  2.12341279e-01  8.95688608e-02
  -2.75316503e-04 -9.72833633e-02 -3.09271097e-01 -2.16273561e-01
  -3.79721612e-01 -3.43681335e-01 -1.17700018e-01  4.23355311e-01
  -1.38616517e-01  3.27252179e-01 -1.22037921e-02]
 [ 2.00129241e-01  3.55134636e-01 -1.71562612e-01 -3.15225154e-01
  -1.08788542e-01 -2.38486499e-01  4.83744964e-02  1.95172802e-01
  -3.30152124e-01  2.80934691e-01 -1.45916745e-01  3.28041613e-01
  -2.91317731e-01  3.28741252e-01  4.46367711e-01]
 [ 5.58678329e-01 -9.23570767e-02  4.86953169e-01 -1.88659161e-01
   9.53309476e-01 -2.08945855e-01 -3.89766693e-01  7.31295466e-01
   3.37557167e-01 -4.35808122e-01 -3.22234929e-02 -1.94769740e-01
   6.35811687e-02 -8.07098448e-01  3.12646806e-01]
 [ 7.38065243e-02  2.26018548e-01  3.10919940e-01 -3.85775983e-01
  -4.61141467e-02  2.22686529e-01  3.75709057e-01  2.94345737e-01
   2.14001358e-01 -2.94301301e-01  2.01589882e-01  4.12164569e-01
   1.62299871e-01  2.61214912e-01  3.49191666e-01]
 [ 2.54092574e-01  9.48748142e-02 -1.40380394e-02 -1.21837080e-01
   4.21807319e-01 -1.08804099e-01 -4.50379848e-02  8.06745440e-02
  -1.67173803e-01  4.38332319e-01 -5.73051870e-02 -6.15494907e-01
  -1.46626592e-01 -4.78656828e-01  3.77657294e-01]
 [ 3.27596366e-01 -1.91302270e-01  3.15116465e-01 -1.97798029e-01
  -8.80921185e-02 -8.08227062e-02 -2.77750790e-01  1.24758542e-01
  -2.84519285e-01 -4.14063752e-01 -1.28021240e-01  4.09947217e-01
  -3.70626837e-01  3.89952779e-01  3.87326479e-01]
 [ 9.33561325e-01 -4.27213252e-01  4.68599230e-01  2.89776951e-01
   6.78499818e-01  2.27661416e-01  3.10936987e-01  3.84701699e-01
   3.69431823e-01  3.12813878e-01  3.48995566e-01 -2.35546827e-01
  -2.51460403e-01 -4.58525307e-02 -4.34840202e-01]
 [ 8.46710205e-02 -3.61612201e-01 -3.77591729e-01 -1.65382832e-01
  -5.52356243e-02 -2.89817542e-01  1.69905603e-01  3.40717614e-01
  -2.86678553e-01 -6.48228228e-02  4.09462392e-01  2.83773899e-01
   4.13811386e-01 -1.76509470e-01 -1.20311260e-01]
 [-2.67095696e-02 -4.07066017e-01 -1.18270457e-01  2.42653996e-01
   6.68922290e-02 -1.02694064e-01 -1.18927293e-01  1.37939572e-01
   3.88964862e-01 -1.53871611e-01 -2.42773801e-01  2.75911212e-01
   2.51763910e-01  2.06541851e-01 -3.53794336e-01]
 [-3.77562374e-01  6.09429359e-01 -1.14395440e-01 -4.26111847e-01
   9.33321118e-02 -1.09154952e-03  2.15113282e-01  7.10042566e-02
  -2.62509495e-01 -3.03294659e-01  1.40778542e-01  7.30511367e-01
   1.30594552e-01  1.32884860e-01  2.28869796e-01]
 [ 3.25881332e-01  2.66230196e-01  2.70669341e-01 -1.75932214e-01
   7.43340626e-02  4.08082843e-01 -3.29927623e-01  6.32855445e-02
   2.79985785e-01 -4.29560065e-01 -1.67523697e-01  4.48798656e-01
   7.01280087e-02 -4.68691029e-02  4.16260988e-01]
 [-3.20761129e-02  1.99645683e-01 -2.88861394e-01 -4.10228372e-01
  -4.24719959e-01  4.31104362e-01 -6.37567937e-02 -1.52646005e-01
  -1.74789786e-01 -1.92994609e-01  1.24483161e-01  4.94444489e-01
   1.80636913e-01  7.00875580e-01  9.81250703e-02]
 [ 9.13343310e-01  2.65595131e-02  4.47717041e-01  8.46564323e-02
   9.74168956e-01  2.76983023e-01  1.92280769e-01  1.91651583e-01
  -4.51182246e-01 -1.81587964e-01  1.53420269e-02 -6.36399508e-01
  -4.10546333e-01 -2.74097264e-01  2.26292744e-01]]
Peso 2:
[-0.2725966   0.4854183  -0.10219713 -0.09508722 -0.06687673  0.02409524
 -0.1130909  -0.12943247 -0.02189343 -0.02206343 -0.05018513  0.8153289
 -0.24062453  1.074157    0.00652575]
Camada: saida
Peso 1:
[[ 0.75717837 -1.1518167 ]
 [-0.61630625  0.45800865]
 [ 0.68063295 -0.16511609]
 [-0.21034198  0.11682723]
 [ 0.81031024 -1.1009431 ]
 [ 0.16325991  0.4039619 ]
 [-0.04972736 -0.5285106 ]
 [ 0.6027911  -0.34527278]
 [-0.06229194 -0.01365838]
 [ 0.5307937   0.25220603]
 [-0.20440616 -0.40681008]
 [-0.9707125   1.1274745 ]
 [ 0.3483503  -0.01836408]
 [-1.4231218   0.8387803 ]
 [-0.0253867  -0.04286842]]
Peso 2:
[-0.741886   0.7418885]



pesos modelo: 
Test loss: 7.1917, Test accuracy: 0.0000
Camada: meio
Peso 1:
[[-1.45945907e-01  1.26032710e-01 -4.41195726e-01  4.00585651e-01
   2.63632298e-01 -2.33134076e-01  1.01671338e-01 -4.15636778e-01
  -3.53143573e-01 -2.82786548e-01  2.65196800e-01 -3.58159393e-01
  -3.41836214e-01  2.25904226e-01  3.02306712e-02]
 [ 1.11422047e-01  3.44038635e-01 -2.71921337e-01  5.33855796e-01
   1.71293020e-02  3.46626073e-01  2.61025190e-01  1.99772105e-01
   3.86063047e-02 -3.96849543e-01  5.79381049e-01  1.47276193e-01
   1.26850545e-01 -2.03938901e-01 -2.84793347e-01]
 [ 4.00315737e-03 -3.70179303e-03 -1.08868897e-01 -1.33258849e-01
   2.47504160e-01 -1.54697504e-02  4.67646793e-02 -2.66903378e-02
  -3.90569985e-01  1.54240251e-01  4.81144845e-01  8.69337022e-02
   1.10764857e-02 -2.55832702e-01  5.32115221e-01]
 [-2.55481571e-01  3.13169986e-01  2.71812320e-01 -1.40524402e-01
  -1.36851449e-04  3.00221801e-01 -4.50923204e-01  3.24248336e-02
  -3.65671441e-02  2.75732521e-02 -6.02380186e-02  1.95798706e-02
  -6.50729015e-02  3.61960232e-01  3.49960864e-01]
 [-4.10278618e-01 -3.33724022e-01  6.75914109e-01 -3.14643979e-01
  -3.97976398e-01  1.09938681e-01  2.52390504e-01  4.33094084e-01
  -3.85810375e-01 -2.28707105e-01 -5.93610406e-01  1.08723330e+00
   7.10816920e-01 -1.20386228e-01 -3.66057634e-01]
 [-9.79660451e-02 -2.07549319e-01  2.93695331e-01 -6.02739155e-02
   3.36504817e-01  8.68902802e-02  2.64766037e-01 -3.36182415e-02
   3.45445991e-01  2.02110112e-02 -3.55885953e-01  2.65077949e-02
  -3.39469373e-01 -7.60312378e-02  1.71337008e-01]
 [ 2.54833549e-01 -6.77269459e-01  5.64273775e-01 -2.12668985e-01
  -2.52063841e-01  1.70716152e-01 -1.83754772e-01 -4.67313337e-04
  -2.03969464e-01 -1.33355379e-01  9.35385972e-02  8.46571445e-01
  -9.73042333e-04 -1.16794109e-01  8.97044316e-02]
 [ 4.04170632e-01 -2.61674881e-01 -2.07464129e-01 -2.84467787e-01
   2.83521295e-01 -1.23141795e-01  1.09220564e-01 -2.90162265e-02
   1.83061421e-01  1.77245438e-02  1.12229347e-01 -1.11273468e-01
   3.86488676e-01 -3.78629923e-01  2.84033597e-01]
 [ 3.30192596e-01  8.68243426e-02  9.60401446e-02 -2.13397443e-01
  -1.95509627e-01 -3.02940279e-01 -1.46236867e-01  1.49581820e-01
   2.26935357e-01 -2.34238774e-01 -6.71871245e-01  6.67237878e-01
   8.36915433e-01 -8.99924114e-02 -5.01556516e-01]
 [-3.61859769e-01  3.50653052e-01 -2.73158282e-01 -2.43393555e-01
  -2.80705571e-01 -4.03850675e-01  3.30515087e-01  4.31243241e-01
   3.92877340e-01 -8.58915150e-02  3.77398849e-01 -1.58416212e-01
   7.88295865e-02  3.13676059e-01  2.16305315e-01]
 [ 3.91060449e-02  3.73011500e-01  4.24356991e-03 -1.94408938e-01
   4.11835700e-01  2.17309102e-01 -1.30933866e-01  4.04448867e-01
  -1.02563612e-01  6.82298914e-02  2.14031368e-01  9.72201824e-02
   2.63166279e-01 -3.71548116e-01  3.69722068e-01]
 [ 4.06869173e-01  3.91043395e-01  2.37368830e-02  2.33280510e-01
   4.71307546e-01 -2.35748291e-01 -3.52827847e-01  2.13166118e-01
   1.13873929e-01 -1.60503238e-01  6.32029414e-01 -2.25587159e-01
   8.35010037e-03  9.32038873e-02 -3.02575439e-01]
 [-3.67584586e-01 -1.46854698e-04 -2.29418967e-02  8.46179500e-02
  -1.02204546e-01  3.52537259e-02 -3.44253838e-01  2.58542806e-01
   2.26456329e-01  4.53955531e-01 -6.75510764e-02  1.13552473e-02
  -1.26066744e-01  5.11083424e-01 -2.78538704e-01]
 [-4.41863596e-01  5.65468371e-01  5.69510087e-02  3.03576529e-01
   6.37994111e-01 -2.10711151e-01  3.13955367e-01 -1.68805122e-01
   1.13808729e-01 -1.46332309e-01  6.36458218e-01 -1.97050378e-01
   1.80737212e-01  4.33385968e-01  1.69067532e-02]
 [-1.24569625e-01 -2.43170515e-01  1.93264320e-01 -7.51458406e-02
   1.69751905e-02 -3.41283768e-01  4.45146859e-02  1.37753636e-01
   7.29556605e-02  4.36832048e-02 -1.23855755e-01  1.08913732e+00
   5.56185305e-01 -8.87767039e-03 -9.48780328e-02]]
Peso 2:
[ 0.19089647  0.75055534 -0.00118202  0.27376652  0.5170432   0.05011017
 -0.08338453 -0.1161574   0.16159774  0.15638445  0.8495671  -0.09743439
 -0.05536161  0.3906258   0.50954336]
Camada: saida
Peso 1:
[[-0.02384298  0.6449561 ]
 [-0.6215823   1.086667  ]
 [ 0.8645345   0.03610288]
 [-0.07477275  0.52706057]
 [-0.9213575   0.33057693]
 [-0.43675095 -0.1752216 ]
 [ 0.29858512 -0.06839716]
 [ 0.6392783   0.3221008 ]
 [-0.6056342  -0.23082851]
 [ 0.18786506  0.7086632 ]
 [-0.88642067  0.9737176 ]
 [ 0.93911767 -1.5264326 ]
 [ 0.49274915 -0.91561645]
 [-0.7101207   0.26740465]
 [-0.78035825  0.43920323]]
Peso 2:
[-0.735218    0.73522186]



pesos modelo: 
Test loss: 6.7021, Test accuracy: 0.0000
Camada: meio
Peso 1:
[[-0.04466575 -0.2669081  -0.08415481 -0.0906027  -0.15962109 -0.01155069
  -0.37749535  0.01100639 -0.05641434  0.25305325  0.24198484  0.4164214
  -0.3614807  -0.3190453  -0.09888184]
 [-0.3707401  -0.06172694 -0.23513693 -0.38691702 -0.24616496  0.34045157
   0.1216208   0.34192577 -0.12432964  0.13341388  0.13610871  0.29352432
   0.07363072  0.0294191   0.17657802]
 [ 0.54418373  0.183178    0.20448029  0.15594308 -0.02141375  0.22938253
   0.02775991  0.06958586 -0.23148017 -0.22313021  0.23757079 -0.08901969
   0.29425716  0.12034617 -0.24122953]
 [ 0.16643384  0.3231468   0.42555517 -0.21835503 -0.10136086 -0.23613635
  -0.06234242  0.01895598 -0.10781156  0.23749065  0.30484247  0.2669036
  -0.31793672 -0.26520306  0.0374347 ]
 [-0.40260056  0.14144292 -0.03422211 -0.27956447 -0.3901996  -0.41833702
   0.18299443 -0.6735396  -0.12086552  0.28503302  0.01524003 -0.48906595
   0.10912079  0.7032596  -0.13763195]
 [ 0.19271696  0.36378968  0.12315738  0.3343413   0.12365144  0.03461933
   0.12866056 -0.16139102 -0.05400303  0.0302904  -0.07891425  0.00839654
   0.06166059 -0.00109833 -0.15230143]
 [-0.02865409  0.5209849   0.38215354 -0.00894903  0.09953266 -0.4261723
  -0.21791723 -0.42472023  0.40872824 -0.280767   -0.7318271  -0.308953
  -0.02338752  0.9758733  -0.08573265]
 [-0.18353364 -0.32876623 -0.09236947 -0.07762495  0.43511093 -0.2413566
   0.04428384 -0.07790154  0.27193427 -0.00616938 -0.420893   -0.37971345
  -0.01313022 -0.26766926 -0.04426125]
 [ 0.07106861  0.6817405  -0.01588782  0.46816215  0.32771343  0.25346014
  -0.28627253 -0.59671277  0.4118777  -0.16544181 -0.43674663 -0.09724205
  -0.16048406  0.9600161   0.05005385]
 [-0.36508322  0.31648952  0.1846273  -0.05025661 -0.28268087  0.10648853
   0.40813982 -0.11791828  0.3804422  -0.31883347  0.35793793 -0.24485035
  -0.19865549  0.27627158 -0.0331122 ]
 [-0.17359392  0.23345621 -0.2350861   0.07578123 -0.38363805  0.39943534
  -0.17901312  0.10343834  0.24197485 -0.00883642  0.2190642   0.56160486
  -0.23591326  0.4643535  -0.28113955]
 [-0.30103722 -0.4713205  -0.03055748  0.06097775 -0.44569948  0.47945997
  -0.12696728  0.7519253   0.33869582 -0.19128935  0.08069478  0.5726505
  -0.14625731  0.13400921 -0.12819287]
 [ 0.47599876  0.09459626 -0.2946485   0.34311938 -0.3701875   0.23054841
   0.18846828  0.32986188  0.29451776  0.12325384  0.375054   -0.2238074
  -0.20611148  0.20011674  0.24587351]
 [ 0.5017634  -0.42684805 -0.36242083  0.39419946  0.43651837 -0.02448808
  -0.22824374  0.43047532  0.02712936 -0.2707425   0.58821845  0.2295576
   0.25962928  0.09273008  0.37268144]
 [-0.462989    0.20923598 -0.39932758 -0.05718919  0.32626152 -0.3576506
  -0.10017797 -0.09504253 -0.04428111 -0.241696   -0.67340845 -0.25815395
   0.13390584  0.91369814  0.45814672]]
Peso 2:
[ 0.3523009  -0.07894732  0.01780103 -0.03684933  0.03700242  0.2144308
 -0.07926711  1.0232266  -0.01027991 -0.00748884  0.85898     0.560361
  0.14773816 -0.15733285 -0.00926268]
Camada: saida
Peso 1:
[[-0.45495397  0.53648543]
 [ 0.7756934  -0.3833247 ]
 [-0.47492862 -0.332094  ]
 [-0.18657999 -0.30278954]
 [ 0.08162513  0.42736894]
 [-0.5783171   0.2034859 ]
 [ 0.5164535   0.19660653]
 [-1.1258587   1.1641935 ]
 [ 0.701058    0.25053617]
 [ 0.50273514  0.52600354]
 [-1.0794638   1.069958  ]
 [-1.0541936   0.4718328 ]
 [-0.08375584  0.5571249 ]
 [ 1.1409625  -1.1679392 ]
 [-0.10033434 -0.35753408]]
Peso 2:
[-0.35464647  0.35465014]



pesos modelo: 
Test loss: 6.2723, Test accuracy: 0.0000
Camada: meio
Peso 1:
[[ 0.13108689 -0.26258415  0.2394681  -0.04142001  0.33211732  0.25396305
  -0.18285361 -0.3305763  -0.12543154 -0.2897442  -0.2043457  -0.310031
   0.0216805   0.11778194 -0.32772803]
 [ 0.29515186  0.05937225 -0.07320116  0.32757726  0.12096912 -0.15141636
  -0.07774956  0.32504958 -0.0955353   0.22771995 -0.18298236  0.37291238
   0.37909532 -0.07651184  0.4473928 ]
 [-0.21320981 -0.36367887  0.3550608   0.3492394   0.32162693  0.31614885
  -0.20074672 -0.07381008 -0.17831087 -0.19306941 -0.21846782 -0.4214258
   0.12656085  0.14491308  0.05365214]
 [ 0.33409095  0.10033164 -0.05134708 -0.05271967 -0.16156137 -0.14700578
  -0.2490719   0.2162009   0.22714156 -0.2188767   0.22528273  0.15325
   0.52366745 -0.17531314  0.59194183]
 [ 0.4431046   0.05037376 -0.58360404 -0.55924207  0.9258911   0.15642384
   0.26362854 -0.21928167  0.6269201   0.2674247   0.56893206 -0.2916077
  -0.4380713   0.40227872 -0.01675112]
 [ 0.3505233   0.08505398  0.3120522  -0.00577912 -0.31160116  0.07821703
   0.24206245  0.04357842  0.21396625  0.02003679  0.38278717 -0.08251324
   0.16493118  0.15064311  0.43300837]
 [-0.1907583  -0.4448441   0.00623443 -0.06780636  0.9742084  -0.0976306
   0.2336815  -0.44918337  0.43454784  0.06485214 -0.01653351  0.3929936
  -0.32852516  0.13956267 -0.44523937]
 [-0.377123    0.03556871  0.21177942 -0.27328974  0.06462556 -0.27022356
   0.16859722  0.23426813 -0.04715127  0.28591168  0.23981804  0.08941984
  -0.25260916 -0.0623323   0.43059337]
 [ 0.35482845 -0.18396229 -0.58956563 -0.36455166  0.89731866  0.23370084
   0.0117844  -0.32827237 -0.0343219   0.09035201  0.45638445 -0.12858945
  -0.10401267 -0.22475684 -0.49109945]
 [ 0.28274155  0.0090946  -0.08901432 -0.20705053  0.3191464   0.02012816
  -0.04677713 -0.0717777   0.3357883   0.06505525 -0.14901018 -0.23311573
   0.37253284  0.18125677 -0.26839423]
 [ 0.3431954  -0.43474048  0.46681273  0.17757846  0.20388085  0.3176924
  -0.3599543   0.36439702  0.09499648  0.13887651  0.23459147 -0.1724432
  -0.11606267 -0.31533802 -0.16465688]
 [-0.36525682 -0.2234684  -0.09273054  0.7856803  -0.34829235  0.30420312
  -0.43739     0.3287943   0.21570602 -0.13360327  0.11732346  0.2938094
   0.2595871  -0.33311138  0.10285117]
 [ 0.24660523 -0.02330122  0.40209174  0.20790257  0.14019594  0.33498177
  -0.38590115  0.34907544  0.5072866   0.21643616 -0.2331503   0.10366718
   0.41356093 -0.31944516 -0.380377  ]
 [-0.3814854  -0.2543353   0.5840328   0.13141222 -0.46912575 -0.35296255
   0.23363328  0.0519815  -0.32363114  0.365274   -0.31001163 -0.2747525
  -0.15142532 -0.12006143 -0.17272973]
 [ 0.38322905  0.16190636 -0.40952513 -0.6646241   0.56845754  0.17283514
  -0.09092203 -0.56093997  0.41056126  0.03668736  0.29894215  0.17393866
  -0.38418308 -0.19441026  0.21462505]]
Peso 2:
[-5.2995268e-02 -1.4377418e-02  7.0707947e-01  9.8720390e-01
 -4.1639354e-02 -2.1534281e-02 -2.5799390e-02  6.2813336e-01
 -9.5004305e-02 -1.3952954e-02 -5.2453286e-04 -2.3562871e-02
  4.5173091e-01 -1.9851454e-02  4.4249967e-01]
Camada: saida
Peso 1:
[[ 0.27500385 -0.30246747]
 [-0.18034182 -0.33194378]
 [-0.96327525  0.9227602 ]
 [-1.1701664   1.1068709 ]
 [ 1.1537861  -1.1624012 ]
 [ 0.59319735  0.37631825]
 [ 0.44675195  0.04523739]
 [-0.8025615   0.66795945]
 [ 0.33844116 -0.6818427 ]
 [-0.15364198 -0.2976838 ]
 [ 0.6757747   0.07745697]
 [ 0.23243208  0.13447593]
 [-0.39284804  0.72685075]
 [ 0.2331163  -0.08170681]
 [-0.63934547  0.39960214]]
Peso 2:
[-0.5273456   0.52735084]
