


pesos modelo: 
Test loss: 0.0863, Test accuracy: 0.9543
Camada: meio
Peso 1:
[[ 8.82744789e-02 -7.35894442e-02 -3.33070874e-01  3.65709424e-01
  -1.13092959e-02 -2.03013420e-03 -3.14663082e-01  4.27381396e-01
  -4.15272444e-01  1.78925872e-01 -3.91159207e-01  1.05752170e-01
  -2.12746859e-03  3.69529247e-01 -3.57048571e-01]
 [ 2.93343186e-01 -5.95522299e-02 -3.29778284e-01  3.22806984e-01
  -1.61380842e-01 -2.44527921e-01 -1.71890214e-01  8.76940321e-03
   1.37480319e-01  1.80726215e-01 -1.71627581e-01  1.59118682e-01
  -1.16056785e-01  1.64717883e-01 -3.50703239e-01]
 [ 1.18303001e-01 -7.31121302e-02  4.25139606e-01  3.05536211e-01
   4.11515266e-01 -1.95157781e-01  1.97036862e-01  1.02533929e-01
   3.41201156e-01  4.40622479e-01 -4.16217983e-01 -3.01353931e-01
  -4.00520921e-01  3.26625317e-01  4.23765868e-01]
 [-2.78894931e-01  3.63712639e-01 -1.03243329e-01  2.89949089e-01
  -3.99642959e-02  3.89532715e-01  4.39485572e-02 -2.95168385e-02
   2.08627939e-01  3.15907210e-01 -1.49082124e-01 -1.52978944e-02
  -2.43042037e-01 -1.05133928e-01  1.81516528e-01]
 [-4.22399849e-01  9.12341028e-02 -9.10932496e-02 -1.96009176e-03
  -1.13397092e-01 -1.41116023e-01 -2.50145793e-01 -2.16304585e-01
   3.16653937e-01  5.09597361e-01 -4.07388538e-01 -3.82217616e-01
   2.81609863e-01 -2.42032677e-01  3.91911477e-01]
 [ 3.81040089e-02 -2.19332010e-01  3.24955940e-01  3.14635724e-01
   3.13858032e-01  3.63780141e-01 -4.41174626e-01  3.60390007e-01
   3.27866644e-01  1.13436930e-01 -1.74508676e-01  2.40531355e-01
  -2.48321474e-01 -5.95460199e-02  2.50447243e-01]
 [-2.95247674e-01  2.67673820e-01  4.03461963e-01 -8.26997962e-03
  -2.16205284e-01 -1.08392142e-01 -3.51231754e-01 -7.35050589e-02
   1.47630304e-01 -1.24408752e-01 -1.62698343e-01  4.94576901e-01
  -4.25874263e-01  5.94458841e-02 -2.12461546e-01]
 [ 2.27471292e-01  1.18124105e-01 -6.65972829e-02 -1.84875652e-01
   1.30950823e-01  1.06471337e-01 -2.08122224e-01  1.01074092e-01
  -5.15914634e-02  1.31076142e-01 -2.40502119e-01 -2.65418828e-01
  -1.75786167e-01 -2.29583368e-01 -4.32923846e-02]
 [-1.90417826e-01  3.19751412e-01  3.83861065e-01  4.53396663e-02
  -4.75356617e-04 -1.84715599e-01 -2.10391089e-01  2.95588791e-01
   9.75210816e-02  1.02241803e-02  1.93925977e-01  1.40344664e-01
   3.57912332e-01 -3.52701880e-02  2.96650738e-01]
 [-2.86854804e-01  1.83338985e-01  5.09449482e-01  2.09744692e-01
  -5.37962802e-02  4.92596716e-01 -1.31950229e-01  2.87301153e-01
   2.13067323e-01  2.65391737e-01  1.75618589e-01  4.43556346e-02
  -2.86470681e-01 -1.06882103e-01 -3.61996442e-01]
 [-1.58744141e-01  4.40561265e-01  4.31445539e-01  7.47686207e-01
   2.32022047e-01 -2.78823733e-01 -3.58952671e-01  3.94950867e-01
  -5.75977117e-02 -1.20201603e-01  7.75254220e-02  4.01164234e-01
  -2.13194817e-01  3.62986773e-01 -1.75154582e-01]
 [-2.21284553e-01  2.94144988e-01 -3.61945480e-01 -5.73991239e-01
   4.68915910e-01  2.53358334e-01 -1.86139226e-01  3.27779830e-01
   3.40767533e-01 -3.94487903e-02  3.05583715e-01  2.26145625e-01
   2.49234121e-02  3.17442179e-01 -2.90692359e-01]
 [-2.43372068e-01 -2.30613887e-01 -1.18767865e-01  6.55195117e-01
  -2.46254355e-01 -1.65658928e-02  3.73779863e-01 -6.06633723e-02
   2.65209883e-01 -1.95127279e-01  2.10469682e-03  8.19977745e-02
   8.58399570e-02  4.17173803e-01 -4.25450474e-01]
 [-3.85771275e-01 -3.40265125e-01  4.46905605e-02 -4.33582664e-01
  -1.52236834e-01  1.41083017e-01  2.49822065e-01  2.06309080e-01
   4.18244094e-01  3.08805406e-01  1.41278401e-01  3.84467036e-01
   2.70904154e-01  1.69587865e-01  4.62841213e-01]
 [ 1.76703709e-03 -7.52206504e-01  8.92389894e-01  1.92631817e+00
   1.54027402e-01 -3.65161777e-01  3.84457409e-01 -1.12104309e+00
  -1.53299987e+00 -1.03250837e+00  2.73399472e-01 -4.45560843e-01
   5.90592064e-02 -8.86036038e-01 -1.13280870e-01]]
Peso 2:
[ 0.05114332  0.23470391 -0.05116745 -0.29813933 -0.01621355  0.22073
  0.01252267  0.66519785  0.7335746   0.69375485 -0.03832648  0.275992
 -0.08334813  0.5464538   0.03296835]
Camada: saida
Peso 1:
[[-0.58739936  0.08576173]
 [-0.4867954   0.52628434]
 [ 0.8012824  -0.45532376]
 [ 1.3423673  -1.7691836 ]
 [ 0.17748992  0.1590354 ]
 [-0.32585225  0.3150409 ]
 [-0.13066274 -0.41364363]
 [-1.0345536   0.9057047 ]
 [-1.604573    0.86386657]
 [-0.9278951   0.82041544]
 [ 0.3620133  -0.19862974]
 [-0.7109966   0.47944254]
 [ 0.5174396   0.06664486]
 [-0.928296    0.881197  ]
 [-0.17401133  0.09953009]]
Peso 2:
[-0.243386    0.24338797]



pesos modelo: 
Test loss: 0.0895, Test accuracy: 0.9514
Camada: meio
Peso 1:
[[ 3.55615020e-01 -3.64050150e-01  3.07582259e-01  2.82884419e-01
   2.59036362e-01 -4.37905967e-01 -2.24783927e-01  1.66079700e-01
   1.34120882e-01  1.57119870e-01  7.80113935e-02 -3.41083646e-01
  -2.58783668e-01  2.01187789e-01 -2.39290550e-01]
 [ 2.48416618e-01 -2.77262688e-01 -1.42916841e-02  1.62744984e-01
  -1.09339245e-01  7.85805658e-03  3.96577656e-01 -1.66496605e-01
   9.51954052e-02  1.49286851e-01 -1.38953850e-01 -2.75968373e-01
   2.46317700e-01  3.38569105e-01  2.46684432e-01]
 [ 1.86530009e-01 -1.04079833e-02 -2.02959970e-01  2.32768074e-01
  -9.45138559e-02 -2.11317390e-01 -3.72290224e-01  4.71485376e-01
   1.10139318e-01 -4.37689535e-02 -2.10955724e-01 -1.65873334e-01
  -2.82164544e-01 -1.30597958e-02 -9.76260658e-03]
 [ 2.78420895e-01 -3.29938918e-01  2.68968612e-01  4.03062165e-01
   2.67296731e-01  1.80290043e-01  2.34774634e-01  3.37501690e-02
  -1.86322957e-01  3.59921038e-01 -1.96154773e-01  2.73676991e-01
  -1.05117634e-01 -7.29711354e-02  3.48242044e-01]
 [-1.44981192e-02 -1.26315117e-01  1.86706260e-01  5.00400722e-01
   8.41527134e-02 -4.33171898e-01 -3.63653637e-02  3.70054632e-01
  -2.39743311e-02 -1.91435352e-01  9.95271280e-02 -2.89326280e-01
   2.80471575e-02  2.18098506e-01  6.24230318e-02]
 [ 1.59719750e-01  2.63047308e-01  3.17165852e-01  7.38993799e-03
   4.06451374e-01  4.13502663e-01 -2.35186145e-01  1.57981455e-01
  -4.07516807e-01  3.49471010e-02  4.43273902e-01  3.15959662e-01
  -1.86690703e-01 -6.59306124e-02  4.56739694e-01]
 [ 2.97567874e-01 -5.05754165e-02  5.27783692e-01  1.20635219e-01
  -7.37833232e-02  3.47951651e-01  3.02459121e-01 -8.28592554e-02
   9.03271232e-03 -3.50081585e-02  1.06780648e-01 -5.61196767e-02
   2.59246230e-01  4.93481383e-02  2.79789954e-01]
 [-1.47729516e-01  8.61704424e-02 -2.71118522e-01  4.02935565e-01
   3.27756613e-01 -4.17814553e-01 -6.61312463e-03 -3.64130586e-01
  -4.25296813e-01  1.40342847e-01 -3.31124738e-02  1.36401355e-01
  -4.61820178e-02  3.03022712e-01  3.71711373e-01]
 [-1.56409487e-01 -7.34936120e-03  2.88664609e-01 -1.20056629e-01
   9.87400487e-02  2.96826251e-02  1.21121742e-02  3.21232677e-01
  -3.65216821e-01  2.25855425e-01  1.94771379e-01  4.21878397e-02
   3.80456805e-01  2.46831179e-01  9.40615460e-02]
 [ 2.12571353e-01  2.64748931e-01  2.98858851e-01  5.59261208e-03
  -9.41504240e-02 -4.40538287e-01  1.54932886e-01 -4.13983762e-01
  -3.59104484e-01  9.38468948e-02  8.41836706e-02  1.12399399e-01
   3.03105656e-02 -2.31790662e-01  2.71142840e-01]
 [-6.88279197e-02 -1.63318604e-01  2.68396288e-01  2.73992181e-01
   1.82762995e-01  4.27776992e-01  1.69265956e-01  2.64289677e-01
   4.23114806e-01  3.36684465e-01  5.62440790e-02 -4.74725485e-01
   5.11709392e-01 -1.70563847e-01 -9.61296409e-02]
 [-5.10226237e-03  3.83804083e-01  4.43339705e-01 -1.70288458e-02
  -5.70931077e-01  7.28579611e-02  2.34791249e-01 -2.87641793e-01
  -3.48515183e-01  4.21844423e-01 -3.82919282e-01  1.72160730e-01
  -5.37876010e-01  2.87938923e-01  1.90127298e-01]
 [ 4.94457573e-01 -2.81473696e-01  4.89834785e-01 -4.03479517e-01
   3.70900214e-01 -3.34435850e-01  3.48515250e-02  7.38676265e-02
  -1.77343324e-01  1.28107320e-03 -1.16055667e-01 -2.40109950e-01
   3.18736345e-01  7.83061981e-02  2.86973745e-01]
 [-4.56191361e-01  2.66475916e-01 -1.68097824e-01  8.17097817e-03
  -4.45509672e-01  3.52109551e-01 -4.53321189e-01  8.57600644e-02
   3.90630484e-01  4.28238392e-01 -1.37146562e-01  1.73041970e-01
  -1.97378740e-01  6.52346849e-01  2.53340244e-01]
 [ 1.67993855e+00  2.12671831e-01 -6.22143686e-01  2.09782913e-01
   1.89355838e+00  3.00622940e-01  2.40533408e-02 -3.70996475e-01
  -1.61241397e-01 -2.88115799e-01  6.83342293e-02 -4.41752464e-01
   1.43296242e+00 -3.36049467e-01 -1.46109545e+00]]
Peso 2:
[-0.34755287  0.0578142   0.39511326  0.11981506 -0.27003035 -0.02243315
 -0.02460284  0.23742215 -0.02332585  0.3215177  -0.02319279 -0.18062672
 -0.2309826   0.46475345  1.0138828 ]
Camada: saida
Peso 1:
[[ 1.1189916  -1.1080148 ]
 [-0.63972825 -0.3643711 ]
 [-0.60923624  0.66412836]
 [-0.39766997 -0.23466364]
 [ 1.5549845  -1.3394966 ]
 [ 0.33164936  0.31546175]
 [-0.23031761 -0.23717993]
 [-0.0914227   0.69607776]
 [ 0.0776071   0.07204857]
 [-0.9234455  -0.00678579]
 [-0.24812527 -0.5030802 ]
 [-0.05478647 -0.3044804 ]
 [ 0.82552856 -1.1872759 ]
 [-0.54863274  0.6488594 ]
 [-1.2111505   1.5072105 ]]
Peso 2:
[-0.721173    0.72117734]



pesos modelo: 
Test loss: 0.0737, Test accuracy: 0.9638
Camada: meio
Peso 1:
[[ 3.96313310e-01  2.64177442e-01  1.11195743e-01 -3.12988639e-01
   3.07794809e-02  2.26984441e-01 -5.31050563e-02 -4.46831226e-01
  -1.66162252e-01 -8.66031349e-02  3.41424048e-02 -2.02342331e-01
  -1.95029199e-01  1.81745112e-01 -1.50996745e-02]
 [-3.47229749e-01  3.54707778e-01  5.13339460e-01  4.11175899e-02
  -4.10033256e-01 -9.73998010e-02  3.40599239e-01  2.43211281e-03
   1.38411462e-01  3.54224682e-01 -2.89455950e-01 -6.87134415e-02
  -2.02426970e-01  1.12498425e-01  1.81460872e-01]
 [ 6.99470714e-02 -1.78354546e-01 -1.65863633e-01  4.13538754e-01
  -1.46395475e-01 -3.88008118e-01  2.36546442e-01  4.13608044e-01
   2.52304196e-01  2.02536404e-01 -5.50295301e-02  1.08785823e-01
   3.40813875e-01 -1.26324818e-01 -8.68796185e-02]
 [ 3.69476765e-01 -1.50298506e-01  4.96800780e-01  3.52566689e-01
  -1.92720875e-01 -3.37815940e-01  1.48902774e-01 -4.83055897e-02
   3.28198761e-01  4.46660459e-01  4.31979120e-01  2.24732220e-01
   4.51004505e-01 -1.34856313e-01  3.55330408e-01]
 [ 2.21333325e-01  1.58675000e-01  8.31757206e-03  7.20981061e-02
   1.31115094e-01  4.79791611e-01  1.44494072e-01  3.29766363e-01
   1.96236998e-01  1.63750485e-01  8.03128257e-02 -3.33595932e-01
   2.82183643e-02  4.11044657e-01 -3.67856175e-01]
 [-3.89706194e-01 -3.04553390e-01 -1.07411016e-02  2.36855134e-01
  -4.00177866e-01  8.56426209e-02 -1.30483676e-02  4.90806580e-01
  -1.97529688e-01 -3.30402911e-01  4.44197059e-01 -5.34772277e-02
  -1.93966120e-01  2.29810134e-01 -1.90771163e-01]
 [-4.40994464e-03 -1.91824391e-01 -1.52100876e-01  3.28471139e-02
  -9.41326395e-02  2.47411698e-01  2.66299427e-01 -1.84143975e-01
   3.88046175e-01 -9.27004218e-02  4.24928106e-02  1.86455071e-01
   5.08658029e-02 -3.51200700e-01  9.45406035e-04]
 [ 2.14999929e-01  2.56435215e-01  8.11662674e-02  2.58046597e-01
  -4.14187908e-01  2.56368130e-01  2.31285468e-01  2.78661162e-01
  -3.10840279e-01 -5.53714484e-02 -2.11841241e-01 -2.20903289e-02
  -2.57607818e-01  1.47440046e-01  1.64165452e-01]
 [-1.84450075e-01 -1.27756298e-01 -3.00653189e-01 -2.57441793e-02
   2.45446503e-01 -1.10991165e-01  2.55200773e-01 -1.38731480e-01
   1.98550746e-01 -1.79356918e-01  2.31917486e-01  1.54188395e-01
   1.41793326e-01 -1.51047125e-01  1.93729073e-01]
 [-1.54788956e-01 -2.69195065e-02 -4.26967829e-01  1.95850790e-01
   2.36727476e-01 -5.03132865e-03  3.78398061e-01  2.03860208e-01
   5.15704453e-01  9.75740850e-02 -2.80326962e-01  8.65513757e-02
  -3.69977623e-01  1.13230437e-01 -1.98586300e-01]
 [ 3.77656996e-01  5.60987592e-01 -3.45387429e-01  2.29300231e-01
  -3.32655489e-01  3.16775233e-01 -1.82245404e-01  1.80802584e-01
  -3.00702713e-02  1.14333339e-01  3.87334190e-02  3.03702921e-01
  -2.96780407e-01  2.44058166e-02 -5.68328761e-02]
 [-1.73661351e-01  2.88804293e-01  1.69176832e-01 -1.22603774e-01
  -4.62236032e-02  4.16058898e-01  6.36524141e-01  5.65422252e-02
  -3.96847397e-01  5.98779559e-01  4.02752429e-01  3.57852608e-01
   2.79861569e-01  2.07858056e-01  3.11265409e-01]
 [-3.47802818e-01  4.21099633e-01 -2.62917161e-01  5.75360477e-01
   3.54914844e-01 -1.50806516e-01  2.27619931e-01  5.79444915e-02
   2.11788535e-01  2.96338677e-01 -3.10496595e-02  2.67909795e-01
  -2.84374114e-02  4.10949856e-01 -4.52373445e-01]
 [ 4.78185654e-01 -4.87285018e-01 -2.11185202e-01 -1.98169217e-01
  -1.71611920e-01  4.64294136e-01  5.90748727e-01  5.33523560e-01
   2.00452790e-01  2.57871717e-01 -3.55902672e-01 -1.16670959e-01
   1.08593740e-02  1.90283254e-01 -2.41003111e-01]
 [-1.22173913e-01  9.27334309e-01 -8.98257941e-02  1.93497312e+00
   1.72485411e-02 -4.01917070e-01 -1.82807767e+00 -1.08013797e+00
   7.03113854e-01 -6.33388221e-01 -3.26095879e-01 -8.89490962e-01
   2.46639568e-02 -2.74195790e-01 -1.57756865e-01]]
Peso 2:
[ 0.12534386  0.03421512  0.12999715 -0.33525535 -0.01021795  0.16118595
  1.0693387   0.5096043  -0.04396105  0.23654298  0.21167076  0.43311527
  0.06346457  0.03362471 -0.07184585]
Camada: saida
Peso 1:
[[-0.53102976  0.21701644]
 [ 0.23973256 -1.1050946 ]
 [-0.58740664  0.05550629]
 [ 1.3425279  -1.50006   ]
 [ 0.3195012   0.22835293]
 [-0.55241215  0.0390735 ]
 [-1.5503219   1.7214587 ]
 [-0.7221872   1.0486864 ]
 [ 0.23737556 -0.86798203]
 [-0.6608381   0.6346802 ]
 [-0.43076682  0.44104245]
 [-1.0550035   0.3477882 ]
 [-0.4133269   0.05015889]
 [-0.58172774 -0.32878524]
 [ 0.3855739   0.27078268]]
Peso 2:
[-0.11279837  0.11279794]



pesos modelo: 
Test loss: 0.2153, Test accuracy: 0.8877
Camada: meio
Peso 1:
[[-1.72092557e-01 -6.96995854e-02 -3.46639723e-01  3.79169106e-01
  -8.24578106e-02 -2.63311446e-01 -4.41455245e-01 -1.58624768e-01
   2.32622206e-01 -1.39091045e-01  2.73308158e-03 -1.51588231e-01
   2.39107072e-01  5.95256090e-02 -4.38984871e-01]
 [ 2.18337074e-01  3.60092930e-02 -4.82027307e-02  2.24162489e-01
  -6.23635873e-02 -6.22752719e-02 -6.60987049e-02  2.17922792e-01
   3.42496961e-01 -1.13890357e-01  1.22809015e-01 -7.79397711e-02
  -3.67689222e-01 -3.87462169e-01  6.15621395e-02]
 [ 3.53223652e-01 -3.66851389e-01  2.27686569e-01  3.20363373e-01
   3.01837683e-01  1.64337233e-01  4.95340377e-02  3.96847457e-01
   1.33303210e-01 -4.54617105e-02  1.04676850e-01  4.22916383e-01
  -2.82320124e-03 -1.40959561e-01 -6.48158267e-02]
 [ 4.21390712e-01 -8.90405178e-02  8.46625119e-02 -1.68717222e-03
   1.25172138e-01 -6.04137108e-02  4.12172943e-01 -4.42014523e-02
  -2.17952710e-02 -2.84003884e-01  1.77183703e-01 -5.03317229e-02
   8.12949166e-02  8.39184076e-02  3.43105495e-01]
 [-2.21757188e-01 -1.46795392e-01 -3.35782543e-02  3.72050792e-01
   3.01867932e-01 -9.20364335e-02  1.40996754e-01 -2.51192302e-01
  -3.94097000e-01 -4.64737505e-01 -1.69283792e-01  2.38921377e-04
  -1.36606740e-02  8.52728039e-02  6.88963383e-02]
 [ 3.56761515e-01 -2.86470294e-01 -7.39128515e-02  1.57588616e-01
   2.34639302e-01 -1.68914989e-01  3.61603677e-01  1.14400163e-01
   1.87098950e-01  4.97057568e-03 -5.08705564e-02  5.91015723e-03
   1.82348371e-01 -2.00914487e-01  2.25653589e-01]
 [ 2.93362528e-01 -3.76489013e-01  4.04388577e-01  2.22043470e-01
   2.28877112e-01  1.66659191e-01  2.90350109e-01 -1.22973584e-02
   4.43773687e-01  1.78166628e-01  2.18057856e-01 -4.05777365e-01
  -1.41493335e-01  1.14673331e-01  2.85287619e-01]
 [ 3.18417400e-01 -1.36032954e-01  2.74380147e-01  2.06805363e-01
  -5.47282286e-02 -1.88782178e-02  6.29261211e-02  6.94920048e-02
  -2.86469936e-01 -4.78996724e-01  5.91061525e-02 -9.72802565e-02
  -3.02683711e-02  4.19766933e-01  1.11849457e-01]
 [ 1.56916499e-01 -3.53166193e-01  2.44133174e-01 -2.79562145e-01
   3.69017750e-01  3.56802464e-01  2.10536122e-01  2.88186129e-03
   5.48753031e-02 -4.42027479e-01 -1.37425497e-01 -2.32525051e-01
   5.55483550e-02  4.61029500e-01  9.26639289e-02]
 [-3.46047170e-02 -7.24798068e-02  2.96747059e-01 -4.74651381e-02
   2.92768210e-01  2.34282061e-01  2.36767739e-01  9.75324810e-02
  -3.51626247e-01  6.28409386e-02 -3.25150043e-01 -3.26330513e-01
   4.30069789e-02  2.74699956e-01  2.09428132e-01]
 [-4.72591557e-02 -1.11790448e-01  6.12151742e-01 -1.47092901e-02
  -3.89069289e-01  4.81240273e-01  3.98612022e-01 -3.70234489e-01
  -1.86220646e-01 -1.33819645e-02 -3.99216592e-01 -2.62356520e-01
  -8.44586119e-02  3.57711375e-01  2.84306169e-01]
 [ 3.67465228e-01  6.03321977e-02  1.71133414e-01  1.08725004e-01
   5.35132647e-01  6.85332954e-01 -4.83147472e-01 -3.63038987e-01
  -4.01289523e-01 -2.96008587e-01 -3.52794118e-02  5.31145073e-02
   5.25631830e-02 -5.65161929e-02  7.81884432e-01]
 [-3.79782498e-01 -1.61559373e-01  4.58036751e-01  3.73759866e-01
   3.16044509e-01 -3.27048786e-02 -8.99780616e-02 -3.05999100e-01
   4.62866664e-01  2.99426943e-01  2.89686769e-01 -4.17057216e-01
  -1.65179253e-01 -2.38913789e-01 -7.80287981e-02]
 [-1.70674846e-01  1.80441856e-01 -1.24427155e-01  3.78333271e-01
   8.49096626e-02  1.81063756e-01 -5.24939895e-01  4.65240806e-01
   2.60848641e-01  2.21472666e-01 -1.83833346e-01  3.60192269e-01
   2.92750031e-01  4.10846293e-01  6.84995830e-01]
 [-6.36522174e-01  3.06994230e-01  1.79755127e+00 -9.54453766e-01
  -7.93419421e-01 -9.48563814e-01  1.39180994e+00 -9.80988219e-02
   1.56839937e-01 -3.33641440e-01 -2.85165817e-01  3.03532660e-01
   1.63904831e-01 -4.05685037e-01 -1.60006380e+00]]
Peso 2:
[ 0.31063217  0.01039722 -0.40436602  0.30027798  0.28094634  0.5589499
 -0.17677392  0.12853502 -0.00389308 -0.15811391 -0.14771415  0.03150085
 -0.03905589  0.18606849  1.0184125 ]
Camada: saida
Peso 1:
[[-0.7178914   0.4215393 ]
 [-0.54260886  0.00736875]
 [ 1.4303455  -1.1346537 ]
 [-0.23687942  1.1103287 ]
 [-0.38370597  0.9488789 ]
 [-1.0515864   0.8285864 ]
 [ 1.4174839  -0.7997444 ]
 [ 0.30974036  0.70104665]
 [ 0.04466099 -0.07684382]
 [ 0.15917337 -0.37050697]
 [-0.10876058 -0.22762537]
 [-0.5185578  -0.05076062]
 [ 0.26594424  0.11568874]
 [-0.5749936   0.4134509 ]
 [-1.4751066   1.6044728 ]]
Peso 2:
[-0.18255308  0.18255319]



pesos modelo: 
Test loss: 0.0720, Test accuracy: 0.9666
Camada: meio
Peso 1:
[[-7.45944977e-02 -1.14541948e-02 -2.98890710e-01 -3.60615790e-01
   4.28538382e-01 -2.19690710e-01 -1.82570398e-01  6.60996437e-02
   4.16260183e-01 -3.86505276e-01  2.90180922e-01 -2.07522243e-01
   3.52995157e-01  3.00839245e-01 -2.82095075e-01]
 [-2.44011089e-01  2.49912664e-02 -2.88149953e-01  2.09113404e-01
  -3.09375614e-01 -7.90793523e-02 -3.24980058e-02  2.62252420e-01
  -4.52536196e-01  3.31473082e-01  2.29346648e-01 -1.83031812e-01
   1.29315898e-01  3.37819427e-01  1.36756033e-01]
 [ 3.24685186e-01  3.05817742e-02  1.79838628e-01  3.86611164e-01
  -1.07395826e-02 -3.99580337e-02  3.39878082e-01  2.23462760e-01
  -3.06529850e-01  3.91112566e-01  3.72021973e-01  2.83530742e-01
  -2.89867789e-01  4.13200200e-01  7.92876780e-02]
 [-3.35271597e-01  4.28694524e-02 -1.27095282e-01  2.36172497e-01
   2.99079299e-01  8.83356482e-02  3.93809080e-01  1.04682937e-01
   2.93075830e-01  3.73611122e-01  1.74679831e-02 -4.31948118e-02
  -1.76683575e-01 -2.03497291e-01  2.47606084e-01]
 [ 3.00172836e-01 -4.73894626e-02  3.62370402e-01  4.25120853e-02
  -9.02415067e-02  4.25751060e-02 -3.00066948e-01  2.48934120e-01
  -1.36496842e-01  3.99707183e-02  1.79262131e-01  1.66928500e-01
  -5.77367917e-02  1.10242851e-01  1.86553188e-02]
 [ 2.95597583e-01  3.42446893e-01 -2.65919149e-01  2.14528441e-01
  -1.76432237e-01 -1.85874537e-01  2.65305966e-01  3.04716468e-01
  -2.44631112e-01  2.73030847e-01  2.17295289e-01  2.63097763e-01
  -1.19936742e-01 -4.62889038e-02  1.26485243e-01]
 [-1.14320718e-01  1.33567363e-01 -1.04573883e-01  8.56970176e-02
  -1.68820083e-01  4.17402208e-01  3.16450238e-01  1.73903912e-01
   3.11271727e-01 -4.31634963e-01  1.45671859e-01  1.76966246e-02
   4.27071989e-01 -2.58371204e-01  8.68071392e-02]
 [-7.93634802e-02  1.21387407e-01 -4.33444768e-01  9.97867435e-02
   3.24740648e-01 -3.63966450e-02 -3.75812948e-01  1.17351554e-01
   7.90511221e-02 -3.20915312e-01  2.61192143e-01  3.35363537e-01
   3.56997460e-01  3.14455628e-01  2.62074322e-01]
 [ 1.68764651e-01  1.93005010e-01 -6.53573275e-02  2.08170772e-01
   1.36002198e-01  4.69424985e-02  4.62230146e-01  1.23263143e-01
  -4.12724644e-01 -3.29317719e-01  1.79404467e-01 -3.63527387e-01
  -1.38193682e-01 -2.44766101e-02  1.54942960e-01]
 [-1.37144374e-02 -6.03652187e-02 -2.02306762e-01 -1.90359384e-01
   1.06617793e-01 -3.70945603e-01 -1.55879572e-01  1.56202428e-02
   9.86414626e-02 -1.12673238e-01  1.21485822e-01  1.94338456e-01
   8.67860541e-02 -4.14559931e-01 -3.70791912e-01]
 [ 4.95955020e-01  4.50653553e-01  1.89633906e-01  2.89431900e-01
   3.87842238e-01 -1.77533835e-01 -7.39649832e-02  3.39089841e-01
  -1.37483686e-01  6.54432848e-02 -1.67027131e-01 -1.90053657e-01
   2.55795449e-01  2.23155051e-01  7.40398560e-03]
 [ 3.06540430e-01 -3.12000155e-01  3.47607642e-01 -2.58428007e-01
   2.18129992e-01  4.73032668e-02 -1.72351867e-01  5.61569989e-01
   1.42949939e-01  4.43975955e-01  3.12448174e-01 -2.87123859e-01
   6.36148080e-02 -3.75771403e-01  4.13285464e-01]
 [-4.48527224e-02  2.47173086e-01  2.34532519e-03  4.88391101e-01
  -1.47752389e-01  5.64564884e-01  6.96062818e-02 -1.45591572e-01
  -3.49723935e-01  3.51389796e-01  2.78850734e-01  4.32914793e-01
   4.76963073e-02 -3.00653815e-01 -8.62360671e-02]
 [-3.38977516e-01  1.05836596e-02  1.57128558e-01 -2.48579174e-01
   5.93732238e-01 -4.20366451e-02  3.61777782e-01  8.39008912e-02
  -3.94275516e-01 -2.20588699e-01  5.38992703e-01 -2.08019048e-01
   9.88003835e-02 -2.76801527e-01  2.65936941e-01]
 [ 3.40587467e-01 -1.84846982e-01  1.18195713e-01  2.41917562e+00
  -3.64939779e-01 -3.83982033e-01 -4.86008584e-01 -1.40404296e+00
  -4.11618441e-01 -3.99802953e-01 -1.56980169e+00  1.36510193e-01
   6.12536311e-01 -1.48721740e-01 -2.23765507e-01]]
Peso 2:
[-0.00897995 -0.01558517 -0.00747285 -0.41372493  0.28926876  0.23544972
  0.20914494  0.7053828  -0.12827492  0.07244205  0.909493   -0.04782492
 -0.00663777  0.00150544  0.14853151]
Camada: saida
Peso 1:
[[-0.01357752 -0.4242225 ]
 [-0.2669574  -0.25741792]
 [ 0.29932573  0.31780016]
 [ 1.7563006  -1.7909253 ]
 [-0.2780301   0.7694691 ]
 [-0.14769079  0.65047526]
 [-0.51147777  0.24901584]
 [-0.7830463   1.487932  ]
 [ 0.25554347 -0.51159793]
 [-0.678297   -0.1558984 ]
 [-1.4956751   1.3220135 ]
 [ 0.34225494  0.00793039]
 [-0.10251002 -0.7087768 ]
 [ 0.12615772  0.17966463]
 [-0.8040705  -0.16725825]]
Peso 2:
[-0.33411902  0.3341237 ]



pesos modelo: 
Test loss: 0.1814, Test accuracy: 0.9029
Camada: meio
Peso 1:
[[-0.40484685  0.11895061 -0.01628342 -0.40320677 -0.24423844  0.25018954
  -0.17655808 -0.3616544   0.30751127  0.14077717  0.10181558 -0.16765574
  -0.31118926  0.00483176  0.19835633]
 [ 0.44989172 -0.3502816  -0.06922961  0.3559868   0.44969505  0.19030434
   0.23032601 -0.13304783  0.28565848 -0.22586527 -0.23378894  0.45373186
  -0.39306384  0.06448365  0.2057284 ]
 [-0.2789876  -0.28209925  0.16798744  0.31360853 -0.40862626  0.10738337
   0.28432333  0.06331675 -0.13281928 -0.14448369  0.67518294 -0.1311579
  -0.42425504  0.01131049 -0.20530148]
 [-0.1844843   0.34514037  0.21366586 -0.2188232   0.00255756 -0.24929293
   0.06937835  0.15841961 -0.1171643   0.20300622  0.16936488  0.04314145
   0.438476   -0.2991344  -0.42151088]
 [ 0.03962106  0.23961599 -0.12311403 -0.42300326 -0.24531259  0.18450218
  -0.1223705   0.10046044 -0.2438554   0.3887015   0.09814787  0.3913624
  -0.24234183  0.04888937  0.36439362]
 [-0.04350075 -0.19411902 -0.43293685  0.33681008  0.3557984   0.20610328
   0.16723856  0.09693716  0.12148426 -0.32627285  0.5703044  -0.1367785
  -0.06693719 -0.17666736 -0.16101852]
 [-0.09970599 -0.40831354  0.21241584 -0.3799381   0.1917233   0.05345113
  -0.15561058  0.21553414 -0.38101777  0.21157056  0.1300379   0.26757047
   0.2925696  -0.03406294  0.12370576]
 [-0.20257424 -0.00835062 -0.24243908 -0.19617064 -0.10189527  0.29661053
   0.06715968  0.01546563 -0.09690968 -0.15869111  0.2226283   0.23835984
  -0.25584576 -0.34862933  0.28275532]
 [-0.06451905  0.10518841 -0.1917766   0.40315288 -0.24926643 -0.13166943
   0.11981306  0.14588459  0.14884982  0.27895364  0.42694944  0.00756352
   0.38569066  0.03999027 -0.02318128]
 [-0.23508485 -0.01799047 -0.1987114  -0.11747451 -0.05194106  0.32768205
  -0.2608577  -0.09305239 -0.4489395   0.3939704   0.4548163  -0.08977947
   0.2180102  -0.21107717 -0.24409942]
 [ 0.44218093 -0.33914474 -0.2541701  -0.1508317  -0.08054046  0.25120613
   0.42869768  0.35805538 -0.18060987  0.45704496  0.20470579  0.28454867
   0.28083873  0.21875992 -0.13058318]
 [ 0.38402718 -0.05364083  0.17389639  0.2278132  -0.34312183 -0.5379682
  -0.50824845 -0.04236354 -0.15658106 -0.3210799   0.06625564  0.7035244
  -0.37460518  0.22113185 -0.1800543 ]
 [ 0.30289203  0.06120936  0.15183716 -0.13206646  0.41495493  0.43276015
   0.359835    0.5540607  -0.3450387  -0.04234527  0.23817788  0.3872719
   0.0045797  -0.22093618 -0.37225193]
 [-0.29559782 -0.15916441  0.33456874  0.02365543 -0.2941939  -0.18269706
  -0.2743322  -0.4870945   0.24260686 -0.29696992  0.7129425   0.46325466
  -0.07388683 -0.26555488 -0.32618886]
 [-0.3342274  -0.0219786   0.43501627  0.5247535  -0.39840838  1.5448942
   0.94290566  1.7034326  -0.04406431  0.45857647 -1.3441335  -1.4512798
   0.03745894 -0.20626667  0.10561118]]
Peso 2:
[ 0.12635104  0.04508441 -0.00874173 -0.06283108  0.0779798  -0.37225503
 -0.21726386 -0.39978066 -0.05290507 -0.08797292  0.80549514  0.84656626
 -0.00683239 -0.13192335  0.01731396]
Camada: saida
Peso 1:
[[-0.0622127   0.464965  ]
 [ 0.25153413  0.58997536]
 [ 0.5292302   0.33659664]
 [ 0.02520272 -0.436812  ]
 [-0.20290992  0.18302543]
 [ 1.2291247  -1.291434  ]
 [ 0.6864288  -0.80943686]
 [ 1.3162361  -1.2577648 ]
 [ 0.16801488 -0.20313817]
 [ 0.62173635 -0.1875805 ]
 [-1.2988248   1.3356805 ]
 [-1.0653988   1.4817995 ]
 [ 0.47748023  0.4356848 ]
 [ 0.0105679  -0.5185364 ]
 [-0.19556054  0.04190744]]
Peso 2:
[-0.5537044  0.5537084]



pesos modelo: 
Test loss: 0.3132, Test accuracy: 0.8761
Camada: meio
Peso 1:
[[ 4.13145065e-01 -2.05662847e-02 -2.85682976e-01  1.46988571e-01
   3.40969980e-01  3.73828828e-01 -3.25214148e-01  3.03119302e-01
  -2.48638391e-01  4.17924523e-02  4.07066047e-02 -8.03795457e-03
   1.87906921e-01  2.19624698e-01 -2.92638719e-01]
 [ 5.94148815e-01 -2.83504665e-01 -5.03724776e-02  2.01599687e-01
  -3.74663889e-01  1.24622241e-01 -1.12796918e-01 -2.84683973e-01
  -1.59072056e-01 -2.63891257e-02  1.25658482e-01 -2.82932997e-01
   1.65065214e-01 -2.37655625e-01 -1.35095552e-01]
 [ 3.10240895e-01 -3.59724939e-01 -4.07704324e-01  1.44689545e-01
  -3.96266699e-01 -3.00033521e-02  2.01611727e-01 -4.24517781e-01
  -3.01536292e-01  2.09166095e-01  8.57816935e-02 -8.59986320e-02
  -2.47705117e-01  2.37370521e-01 -2.84811080e-01]
 [ 3.93710136e-01  6.48835748e-02 -2.86302924e-01  3.95698875e-01
  -1.44660547e-01  2.58734316e-01  2.80995429e-01  8.55797380e-02
   3.31441313e-01 -1.97938874e-01  1.70798749e-01  1.59404472e-01
  -2.34553352e-01  3.00337017e-01  4.51126367e-01]
 [ 2.43531764e-01  1.72442175e-03 -2.15851903e-01 -1.52018949e-01
  -3.45243096e-01  7.73507282e-02 -4.55349758e-02 -1.83645442e-01
   4.11598444e-01  6.04383238e-02  1.50581524e-01  1.75470278e-01
   3.21402729e-01  1.63592786e-01  3.97427827e-01]
 [ 2.31647298e-01 -6.90212473e-02  3.02037001e-01  1.96880117e-01
   3.05740416e-01 -4.16394979e-01  1.79760277e-01  1.67542681e-01
   1.61266536e-01 -1.31793618e-01 -2.96258554e-03 -2.62097031e-01
   2.03099445e-01  3.45963180e-01 -3.83787990e-01]
 [ 4.21230882e-01 -4.22389537e-01  2.34569550e-01  3.88057972e-03
   8.45944136e-03 -4.48283367e-02 -1.55603275e-01 -3.52286547e-01
  -1.97735220e-01 -4.00779843e-01 -6.24920726e-02  4.23269451e-01
   2.77490169e-01 -1.74167350e-01 -1.35723040e-01]
 [ 6.31045222e-01  1.75947398e-02 -3.56421083e-01  2.70463765e-01
   1.15800992e-01 -7.92213902e-02  1.39490202e-01 -3.88829201e-01
  -2.51764923e-01  1.47274628e-01  1.91644624e-01 -1.51294023e-01
   2.68729568e-01  2.87903547e-01  1.77076951e-01]
 [ 1.05129167e-01 -2.95888156e-01  2.26294965e-01 -2.90719122e-01
   2.95910388e-01  6.00118823e-02  1.24106817e-01 -7.87752972e-04
  -2.08690450e-01 -3.42189252e-01  2.71808982e-01 -2.18015999e-01
   4.38736752e-03 -4.60256368e-01 -6.90111658e-04]
 [ 5.20557940e-01  8.69230926e-02  2.33539328e-01  1.32787988e-01
  -1.61355391e-01  3.05206001e-01 -1.44792601e-01 -1.27996877e-01
   9.13372040e-02 -4.21199560e-01  2.52680719e-01  1.89570203e-01
   5.00418246e-03  2.35901982e-01  7.14294761e-02]
 [-7.70158246e-02  2.28038222e-01  2.89463431e-01  2.46216506e-01
   1.54919684e-01 -3.74868363e-01 -1.47858420e-02 -3.75072360e-01
  -3.34798098e-02  2.45265037e-01  1.60032958e-02 -1.86435148e-01
  -7.90432617e-02 -3.71640712e-01 -1.51419029e-01]
 [ 4.13249850e-01  2.21133918e-01 -9.77233350e-02 -7.05524921e-01
  -1.10390723e-01 -3.38095307e-01  3.87975693e-01  4.00321931e-01
   4.62675273e-01 -3.34962666e-01 -5.34324110e-01 -1.86108425e-02
   2.74184138e-01  3.55706185e-01 -2.39894778e-01]
 [ 5.32015711e-02 -2.18681902e-01 -1.79579005e-01  5.00625312e-01
   2.35352218e-01  3.47801030e-01  3.83322179e-01 -4.38736290e-01
   4.98339444e-01 -2.92108834e-01  4.99077588e-01  4.40316230e-01
  -7.90202841e-02  2.27674201e-01  1.36387318e-01]
 [ 1.64619878e-01  1.92545831e-01  2.55858004e-01 -7.06973314e-01
   5.30881286e-01  3.14226657e-01  8.32250416e-01 -3.27261358e-01
   2.69748747e-01 -6.44145310e-02 -3.23726624e-01 -2.65087962e-01
   7.33688427e-03 -3.53874594e-01  2.53691226e-01]
 [-1.42442644e+00 -1.89757586e-01 -1.26947850e-01  1.81917489e+00
  -1.24523416e-01 -2.49890774e-01 -8.15532267e-01 -4.02214825e-01
  -3.98502260e-01 -3.05213034e-01  1.95077336e+00  5.20317972e-01
   8.37223649e-01 -1.15940407e-01  3.82849604e-01]]
Peso 2:
[ 0.87802434  0.02950791  0.03995112 -0.381388    0.10800502  0.35118118
  0.6895287  -0.03173894  0.31995514 -0.18762304 -0.454697    0.05187533
  0.00698928  0.00522006  0.00309515]
Camada: saida
Peso 1:
[[-1.1825973   1.506863  ]
 [ 0.40788957  0.56163025]
 [-0.14546596  0.124823  ]
 [ 1.6946855  -1.1269681 ]
 [-0.10378271  0.353704  ]
 [-0.45131573  0.5826333 ]
 [-0.847846    1.0184774 ]
 [ 0.44584408 -0.36831415]
 [ 0.1197618   0.97909975]
 [ 0.31168646 -0.3451315 ]
 [ 0.87114453 -1.9479861 ]
 [ 0.6080582   0.05403849]
 [ 0.3776517  -0.37890488]
 [-0.31503806  0.04791047]
 [ 0.34066328  0.09009573]]
Peso 2:
[-0.65542954  0.6554353 ]



pesos modelo: 
Test loss: 0.1491, Test accuracy: 0.9172
Camada: meio
Peso 1:
[[-0.16015708 -0.10056341  0.15532053 -0.27447116  0.40260434 -0.01339987
   0.04452598  0.21288663  0.13129044 -0.44165134  0.17539096 -0.18317911
   0.01427513 -0.04515111  0.32903898]
 [-0.19644977  0.29314724  0.35697797 -0.0142675  -0.44505477 -0.01103898
  -0.1791966   0.37251592 -0.00606648  0.24994129 -0.11999576  0.17131199
  -0.21911529  0.2475726  -0.11143932]
 [-0.08016559  0.16706425  0.3211789   0.44530746  0.33795947  0.2325676
   0.13087574  0.37337726 -0.10558437 -0.33324414 -0.40984753  0.23447543
   0.07289612  0.00877815  0.07688677]
 [ 0.30335265 -0.02555786  0.3747311   0.33631524  0.31297114  0.14479163
   0.36524794  0.2936811  -0.20097147  0.07029286 -0.18731806  0.19455938
   0.27430668 -0.32422984 -0.35219038]
 [-0.21019937  0.05063321  0.14003478 -0.12073427 -0.53026044  0.09016234
   0.10414591 -0.26518506 -0.04851922 -0.15370047 -0.35721278  0.3084559
   0.11828309 -0.43988344 -0.35767385]
 [-0.27667946 -0.04291244  0.12421207 -0.25612697 -0.13180992  0.37897226
  -0.03333716  0.01360835 -0.26238042  0.23328847 -0.4041423  -0.25643954
  -0.37788314  0.3309341  -0.16378105]
 [-0.22178245  0.08009787  0.07940078  0.35200384  0.14081238  0.08279665
   0.3300129  -0.05402401  0.38441285 -0.12812792 -0.25900877 -0.27550298
  -0.04090488 -0.37722427  0.4647073 ]
 [-0.1108389   0.4400118   0.3523726   0.42762917  0.28381178 -0.2481308
   0.25763753 -0.27151382 -0.08860631 -0.04992254 -0.37990206  0.08840549
   0.22363387  0.11362623 -0.03158339]
 [-0.27632046  0.43450326  0.4549733   0.29011422 -0.2661371   0.34753725
   0.13869539  0.38550535  0.43483654 -0.05083941 -0.10625426 -0.24871656
  -0.22672524 -0.02966177 -0.08810367]
 [ 0.17995189  0.2546289   0.18708079 -0.16199829  0.00626032  0.2553264
   0.18243359 -0.03487317  0.40157792 -0.24177426 -0.3972047   0.3887527
   0.05246256 -0.26959878  0.10466538]
 [ 0.44540188  0.42557275  0.31069037 -0.4076695   0.15290606 -0.54401785
   0.00294468  0.40483955 -0.3593173  -0.16399248 -0.3870046  -0.2707807
  -0.5361499  -0.40768778  0.05684155]
 [ 0.37044343 -0.49919435  0.7545389   0.43077582  0.45976436 -0.23893556
  -0.46015245  0.05627331  0.01545938 -0.39380062  0.09805581  0.50434643
   0.44990307 -0.02335629 -0.34101173]
 [ 0.41996726  0.09893928 -0.1490756  -0.34141713 -0.16633332 -0.08766232
   0.09715747 -0.00521632  0.26972112  0.23675393 -0.18572564 -0.2848183
  -0.02075763 -0.3708126   0.54931164]
 [ 0.2517887   0.05129913  0.9402068  -0.42645723  0.06228067 -0.3871336
  -0.33229327  0.23469578  0.5883859   0.18162702  0.22056848 -0.34291083
  -0.17933528  0.10923699  0.24017945]
 [ 0.5696873   1.7663813  -2.3217595  -0.31751412  0.04789815 -0.2741958
   0.77291846  1.1801755  -0.31540623 -0.35642555  0.02757373 -0.03729833
   0.24444643  0.09363462 -0.40784186]]
Peso 2:
[-2.2527944e-02 -2.5031978e-01  1.3693380e+00  8.6413965e-02
 -1.3838881e-01  7.2623402e-02 -4.8051357e-02 -5.0976504e-02
  2.8348526e-01 -1.1682694e-01 -9.3297451e-04 -1.3992807e-02
 -7.7165268e-02 -9.9065930e-02  1.8870904e-01]
Camada: saida
Peso 1:
[[ 0.60584074  0.11307543]
 [ 1.6534103  -0.92507434]
 [-2.152209    2.0430963 ]
 [ 0.23081394  0.6364149 ]
 [-0.16860174  0.18273182]
 [-0.01773157  0.59002596]
 [ 0.18332967 -1.0265206 ]
 [ 0.23209514 -1.1970599 ]
 [-0.194939    0.74262714]
 [-0.23090799 -0.34962466]
 [ 0.55327374 -0.1442939 ]
 [-0.1354963   0.5113928 ]
 [-0.0865094   0.40789574]
 [ 0.28506702 -0.3671892 ]
 [-0.23493896  0.55926675]]
Peso 2:
[-0.01348143  0.01348457]



pesos modelo: 
Test loss: 0.2028, Test accuracy: 0.8978
Camada: meio
Peso 1:
[[-0.21353658  0.18402302 -0.14738351 -0.36266938 -0.38609883 -0.29639316
   0.03459427 -0.41184896 -0.3730312  -0.31892258 -0.04249936 -0.3643214
   0.37835652  0.35267884  0.2473123 ]
 [ 0.10397118  0.14318946 -0.09484307 -0.39473826  0.33082005 -0.19726738
   0.32225448 -0.04262055 -0.20733283 -0.11566625  0.20195894 -0.24816334
  -0.05890917  0.06159391 -0.33006597]
 [ 0.3478578  -0.11885057 -0.40306517 -0.14103161  0.13307601  0.02276096
   0.12124142 -0.2913957  -0.37971956 -0.14360417  0.24546584  0.40718055
  -0.12966336  0.21073486  0.13894235]
 [-0.04991712  0.13840166 -0.1991837  -0.29619995  0.28289187  0.07457682
   0.15386197 -0.23480083  0.16246112  0.00756366 -0.13109596  0.03579669
   0.06768984  0.2158251  -0.412868  ]
 [-0.3952938   0.25486407 -0.28030834  0.0904555  -0.2581236  -0.09226986
   0.17419666  0.03979925 -0.29672906 -0.08235583  0.21334118 -0.04982545
   0.13121593  0.12416282  0.33313406]
 [ 0.17936121 -0.18231925 -0.1738923  -0.16531639 -0.28960338  0.31193212
   0.23556912 -0.18293452  0.24927762  0.35244396 -0.22827862 -0.03351894
  -0.37779257 -0.130918    0.33927685]
 [ 0.34903938 -0.07112829 -0.3163825  -0.18799393 -0.12656732  0.0129511
   0.26530513  0.01046458  0.28691736 -0.06902442  0.34759873  0.06669296
   0.1385524   0.3457271   0.41470847]
 [-0.41161636  0.14918388  0.01451844 -0.04189115 -0.17425019  0.46120894
   0.51735246 -0.05119762 -0.06293444 -0.07446093  0.29094166  0.05342137
   0.10420534 -0.21410185  0.02995139]
 [ 0.03312233 -0.3067767   0.25782722 -0.10424954 -0.2531792   0.09164232
  -0.01130949  0.01471762 -0.17744407 -0.15774193  0.05408172  0.30308846
   0.02304555  0.39133486 -0.44101495]
 [ 0.12734689 -0.28422657 -0.3457906  -0.26823306 -0.09903846 -0.1752093
   0.05223552 -0.24133134 -0.33294606  0.13884498  0.24900043  0.4162834
  -0.33420834  0.33254862 -0.02773026]
 [-0.34694418 -0.25047055 -0.31739762 -0.16032684  0.27617884  0.26492843
  -0.02851324 -0.2543124   0.33431506  0.46436343  0.05158117  0.15286961
  -0.2465835   0.39364314 -0.13872695]
 [ 0.02981584 -0.25581247  0.35897142 -0.37833485 -0.09135417 -0.26209638
   0.9060548   0.0306325  -0.12625918 -0.0207197  -0.0070557   0.12935044
  -0.17344429  0.39207494  0.45648813]
 [-0.23974185 -0.05850356 -0.08896172  0.16260444  0.5948181   0.18973704
   0.35944664  0.05311393  0.07067761  0.13383771  0.38782126 -0.10991
  -0.0315277   0.31249443 -0.09192082]
 [ 0.15657368 -0.32852575  0.14049642  0.26486513 -0.4631777  -0.47251433
   0.50024825 -0.18072465 -0.31986904 -0.32580832 -0.38064277  0.4264515
   0.064105    0.3035898   0.4189362 ]
 [-0.29980677 -0.20286901  0.24076691  0.30790082  0.5791304   1.3872015
  -1.8554541  -0.31215283 -0.25324324  1.3405896   1.8377159  -0.7439785
  -0.09866117  0.08269154 -0.27821445]]
Peso 2:
[-1.39094898e-02 -1.04175590e-01 -7.56094381e-02 -4.82908152e-02
  4.79640486e-03 -1.23981014e-01  1.21694064e+00  1.16493581e-02
  5.09864949e-02 -6.80349097e-02 -3.65199119e-01  6.76013172e-01
 -1.35974601e-01  5.67818410e-04  6.38972446e-02]
Camada: saida
Peso 1:
[[-0.2946744  -0.11636852]
 [ 0.12027299 -0.3210181 ]
 [ 0.41986305 -0.15507188]
 [-0.3356514   0.0287981 ]
 [ 0.6946662  -0.22810113]
 [ 1.1844552  -0.75765735]
 [-1.3904176   1.9745502 ]
 [-0.4135418  -0.0763306 ]
 [-0.01133842  0.40275788]
 [ 0.93985087 -0.7505319 ]
 [ 1.1744895  -1.4157606 ]
 [-1.0228099   0.48809358]
 [ 0.48736334  0.00717529]
 [-0.03801397  0.1688321 ]
 [ 0.07533175  0.5167035 ]]
Peso 2:
[-0.66808647  0.66809016]



pesos modelo: 
Test loss: 0.0644, Test accuracy: 0.9695
Camada: meio
Peso 1:
[[-1.36236072e-01  3.57160211e-01  2.36153364e-01 -3.88888121e-01
  -4.76432443e-02  3.47077608e-01 -4.09721375e-01 -1.73842788e-01
   4.11958277e-01  2.49429941e-01  6.12676144e-04 -7.99903274e-03
   9.56972241e-02  2.13670731e-01  9.78821516e-02]
 [ 1.94111168e-01  3.62162173e-01 -3.60494256e-01 -3.98652911e-01
  -2.34470308e-01 -2.35988095e-01 -3.60287517e-01 -7.41272271e-02
   1.40092894e-01 -1.59945309e-01  4.18435395e-01  5.30454256e-02
   2.14073256e-01  4.06831712e-01 -9.41950902e-02]
 [ 4.52463955e-01 -1.25238210e-01 -2.55668014e-01 -1.42726049e-01
  -2.89521627e-02 -3.98594260e-01  2.18108609e-01  4.70986128e-01
  -4.37497944e-02 -4.27705199e-01 -2.33459309e-01  1.85265809e-01
   2.10946888e-01 -3.01937968e-01  3.93004984e-01]
 [ 1.70879677e-01 -2.73905069e-01  1.38736188e-01  2.90305048e-01
   3.45728219e-01  1.85812995e-01  7.32005611e-02  3.43439996e-01
   1.32038489e-01  9.75564942e-02  3.34483564e-01 -3.77989888e-01
  -9.57178790e-03 -1.36600330e-01  1.69699892e-01]
 [ 3.37493002e-01 -3.73121530e-01  4.63970363e-01 -4.73859072e-01
  -4.15514857e-01 -3.65964830e-01 -1.06202606e-02 -2.48984218e-01
  -8.87371451e-02  3.16128910e-01  3.74639392e-01  1.49485007e-01
   3.39803696e-01  4.59641159e-01  7.28336498e-02]
 [-7.60826543e-02  3.76147836e-01  2.38499179e-01  1.24586403e-01
   1.86837604e-03 -4.74046946e-01  2.16175601e-01  2.88763970e-01
   1.76963523e-01 -1.27497062e-01 -2.13636667e-01  1.30533293e-01
   1.13148928e-01  1.38054192e-02 -1.78890191e-02]
 [-2.44091392e-01  1.52607620e-01 -2.37350948e-02 -2.80639857e-01
  -3.38379920e-01 -6.83427975e-02 -2.10652173e-01  1.76433802e-01
   3.12033623e-01 -3.97659577e-02  2.50083566e-01 -2.81521559e-01
   1.06848180e-01 -4.26555991e-01 -1.93873659e-01]
 [ 1.18467048e-01 -3.88937742e-01 -1.24328695e-01  2.26250589e-02
   3.19019586e-01 -3.96496981e-01  2.07777604e-01  2.56521523e-01
   1.24913581e-01 -7.10185850e-03 -1.34969540e-02 -1.18957356e-01
   1.67545378e-01  4.14462954e-01  1.58412769e-01]
 [ 1.66235730e-01 -3.30027193e-01 -2.04568371e-01 -4.16798405e-02
   2.93125927e-01  1.37309909e-01 -9.40358788e-02  2.64388472e-01
  -8.95431936e-02 -4.53138277e-02  3.48392397e-01 -3.25020432e-01
  -1.15264058e-01 -3.57997209e-01  1.52256519e-01]
 [-3.41868103e-01 -2.52987117e-01  1.67911038e-01 -4.21454281e-01
   3.93754780e-01  2.77586222e-01 -1.88296437e-01  2.19868705e-01
  -1.31180296e-02 -2.26039454e-01  1.41907796e-01 -3.61149937e-01
   1.53350070e-01  6.17680401e-02  3.74196023e-01]
 [ 7.74311945e-02 -1.13444831e-02 -1.62972495e-01  3.00428838e-01
  -1.28424272e-01  2.84809977e-01 -3.28369796e-01  1.98384047e-01
   4.69778240e-01 -1.88598409e-01 -2.57508010e-01 -1.55043587e-01
   5.03111959e-01  3.03208888e-01  4.76445645e-01]
 [ 1.10541470e-01 -4.43891920e-02  5.10427237e-01  3.02583009e-01
  -3.43534350e-01 -3.31275105e-01 -2.17628568e-01  5.24807274e-01
  -7.00634867e-02 -1.16152085e-01  3.08574140e-01  2.77398378e-02
   7.14394212e-01 -3.83592367e-01 -3.42942357e-01]
 [ 3.69435459e-01  3.74180168e-01 -5.17145097e-01 -1.47537380e-01
   1.38459787e-01  4.24203910e-02 -3.15740615e-01  5.29772937e-01
   4.09036011e-01  2.90365696e-01 -1.52190879e-01 -1.70614362e-01
  -2.80026197e-01 -4.71730888e-01  2.35284418e-01]
 [ 3.21706623e-01 -8.77468362e-02 -4.09467429e-01  1.95553750e-01
   1.74973503e-01 -3.23783278e-01  4.52116638e-01  2.96321332e-01
  -6.45202696e-01 -1.67725772e-01  4.38881010e-01  5.23976889e-03
   1.16887026e-01  5.27505159e-01 -3.66428435e-01]
 [ 4.92065430e-01 -3.03146482e-01  2.17382386e-01 -3.85858178e-01
  -1.40270160e-03  2.65995085e-01 -4.38495159e-01 -1.86383212e+00
   2.03005362e+00  1.25219047e-01 -6.03555799e-01 -2.52123177e-01
  -1.06360126e+00 -5.40108941e-02  1.45140684e+00]]
Peso 2:
[-0.04040307 -0.0333563   0.08992453 -0.19016087 -0.1009226  -0.0807128
  0.02511855  0.864401   -0.3832761  -0.03975766  0.47702894 -0.02739233
  0.57596976  0.12594688 -0.3852663 ]
Camada: saida
Peso 1:
[[-0.21937439 -0.56129056]
 [-0.20021422 -0.13558623]
 [-0.34933457  0.5204244 ]
 [-0.08743034 -0.3685179 ]
 [-0.03568058 -0.18113934]
 [-0.22722252 -0.11897955]
 [ 0.29075834  0.44490352]
 [-1.7297661   1.3342843 ]
 [ 1.3053458  -1.5942737 ]
 [ 0.13019256  0.4408717 ]
 [-0.39373788  0.7918338 ]
 [-0.00665693 -0.23353967]
 [-1.0374739   0.8714233 ]
 [-0.5492769   0.10256779]
 [ 1.143556   -1.1538904 ]]
Peso 2:
[-0.48042667  0.48043063]



pesos modelo: 
Test loss: 0.1876, Test accuracy: 0.8942
Camada: meio
Peso 1:
[[ 0.2561475   0.10105366  0.4240666   0.32359582  0.35100174  0.33947748
  -0.32121748 -0.09030545 -0.29779622  0.4406351   0.10158861 -0.18080792
  -0.38448966 -0.17188284  0.10078955]
 [ 0.44080946 -0.23758711  0.3196638   0.31127447  0.4380383   0.3522481
   0.13727392  0.17480253  0.4838016  -0.10388866  0.42104322 -0.42224103
   0.20861723 -0.19233866  0.1531263 ]
 [ 0.486047   -0.09924599  0.02231781 -0.08718152 -0.20730637  0.3115774
   0.09068962  0.33778536  0.5007765  -0.19396712  0.0238379  -0.26334006
   0.26574957  0.04921613  0.36834896]
 [ 0.26250678  0.3836728   0.36203954 -0.42323014  0.23918962  0.01778265
  -0.0052767   0.3481357   0.42859185 -0.24307628 -0.39266118  0.26374736
   0.04545985  0.32414278  0.27969483]
 [ 0.33060032  0.22772527  0.06455413 -0.3465693  -0.17235172  0.15458895
   0.00391914 -0.17784335 -0.00819757 -0.23357238 -0.0478902   0.44368455
  -0.1036774   0.09191153 -0.02091879]
 [ 0.37647983  0.44996765  0.29098582  0.2949583   0.19365196  0.18671922
  -0.09719505 -0.25521693  0.22664912  0.4052347   0.01269496 -0.01079244
  -0.12538977  0.42854536  0.3831984 ]
 [-0.24997126 -0.09788075 -0.1458359  -0.15982743 -0.42083484 -0.28884825
   0.18150403 -0.26603347  0.6428062   0.23761638  0.09918159  0.4146814
   0.10684184  0.3550411   0.16132039]
 [-0.2714994   0.26444647  0.30368632  0.2358777  -0.26086769 -0.06305186
   0.20780276  0.20078056  0.29644895  0.11012364 -0.20910355  0.38979214
  -0.31588623 -0.23875974  0.05723401]
 [-0.13838112  0.49437597 -0.24293828 -0.24996611  0.29339802  0.02671936
   0.2731694  -0.42411116  0.45572564  0.03490549 -0.12984641 -0.25991386
   0.16020885  0.4015127   0.08087116]
 [ 0.08098859  0.05033838  0.3082336   0.075447   -0.28476784 -0.08727157
   0.2827234   0.07956091  0.4475801   0.32157606 -0.1670866  -0.21133104
   0.02570495 -0.29451185 -0.06280669]
 [ 0.33316258 -0.2408464   0.02143073 -0.16438177 -0.2480931   0.4487637
   0.40219817 -0.39533576  0.21864957  0.16027963  0.40784383 -0.2791134
   0.36564994 -0.26283067  0.22483432]
 [-0.1954308   0.336375   -0.17433502 -0.43278846 -0.3697036   0.33945104
  -0.2227339   0.42518023  0.4890524  -0.30435213 -0.08199723 -0.03740678
  -0.39725474 -0.42449886 -0.39854577]
 [ 0.37212875 -0.13125885  0.2246796   0.13474257  0.37422708 -0.0632987
   0.1340768  -0.1585322   0.04386247 -0.04404508 -0.3098207   0.08341906
   0.36383176  0.2564752  -0.09508546]
 [-0.2872227   0.42275164 -0.44747934 -0.18168351 -0.15907617  0.21817318
  -0.5229519  -0.2459463   0.5781321  -0.0146336  -0.12116096 -0.38298053
  -0.17738956  0.10122926 -0.4100062 ]
 [-0.39479274 -0.2737175   0.96133614 -0.15454195 -0.05767665 -0.49526945
   2.0048797   0.30566093 -1.5389482  -0.2774917   0.22922347 -0.38499603
   0.9914989   0.44488075  1.5631742 ]]
Peso 2:
[ 1.59781143e-01  3.14784825e-01 -2.32452646e-01 -1.37124822e-01
  1.15989997e-05  3.53735954e-01 -4.44810748e-01  2.46772561e-02
  9.39969420e-01  6.36115223e-02 -1.47135998e-03  1.13692276e-01
 -2.06722215e-01 -9.23232287e-02 -2.53203958e-01]
Camada: saida
Peso 1:
[[-0.59272885 -0.0019182 ]
 [-0.453097    0.45231912]
 [ 0.8837114  -0.43859634]
 [ 0.2613542  -0.1662876 ]
 [-0.25489    -0.18234645]
 [-0.40060318  0.6723391 ]
 [ 1.3421305  -1.5473735 ]
 [ 0.1465148   0.38291198]
 [-1.9102204   1.0742369 ]
 [-0.47818854 -0.1467919 ]
 [-0.3538826  -0.38176966]
 [-0.5169189  -0.07791895]
 [ 0.99721676 -0.42872235]
 [ 0.31759465 -0.35279444]
 [ 0.7295109  -1.4553788 ]]
Peso 2:
[-0.6181274  0.6181345]



pesos modelo: 
Test loss: 0.0833, Test accuracy: 0.9577
Camada: meio
Peso 1:
[[ 2.27915287e-01 -3.25970232e-01 -2.20715046e-01  2.14203954e-01
  -1.96979910e-01 -9.67976749e-02  8.68248940e-03 -3.90934438e-01
   5.11410832e-03  1.26484871e-01 -1.80071145e-01  2.62216210e-01
   2.21671462e-02  1.36130631e-01  2.10611880e-01]
 [-2.40700454e-01 -1.50951102e-01 -2.37938575e-02  2.39719272e-01
  -7.03118071e-02 -1.46247059e-01  4.70184768e-03 -1.02951095e-01
  -3.04724574e-01 -3.33718657e-01  2.50206739e-01  3.16744298e-01
   2.64694959e-01 -1.80494711e-01 -7.94075876e-02]
 [ 3.24719757e-01 -2.74644587e-02  1.23430453e-01  1.49678230e-01
  -2.16073189e-02  2.37807469e-03  1.78528234e-01 -3.01086515e-01
   1.95364684e-01 -2.80256093e-01  4.60267246e-01  2.46213287e-01
  -2.57576257e-02  2.49322653e-01 -1.44567579e-01]
 [ 4.81403261e-01 -2.05642790e-01  2.56729186e-01 -3.12476248e-01
   3.26242745e-01 -2.96045154e-01  2.28574187e-01  3.49144578e-01
  -2.69747764e-01 -2.36442953e-01  4.01545465e-01 -5.12880795e-02
   4.11804676e-01  3.20150495e-01  2.37978473e-01]
 [-7.62146935e-02  1.38285652e-01 -8.27224106e-02 -1.11839995e-01
  -2.67128590e-02  3.62649895e-02 -3.16961408e-01 -4.35188442e-01
  -2.47593611e-01  3.32355171e-01 -5.30506335e-02  3.77303302e-01
   9.02474895e-02 -3.81672859e-01  1.02958633e-02]
 [ 3.61475796e-01  4.34139371e-01  3.17063183e-01 -5.76403029e-02
  -3.49269509e-01  5.22437572e-01  3.38445365e-01  2.14997858e-01
  -4.25863564e-01 -2.57559232e-02 -1.00721583e-01  3.11938554e-01
   7.61513636e-02  2.32189834e-01 -2.74983227e-01]
 [ 3.62693787e-01  2.58730412e-01  8.70815367e-02 -1.67459354e-01
   4.73947406e-01 -3.33849818e-01 -1.28734820e-02 -4.42698270e-01
   1.67116016e-01 -3.85461807e-01  6.14421777e-02  2.91024566e-01
   1.19849369e-01 -3.30630988e-01  2.14525789e-01]
 [ 2.38141436e-02 -3.27041792e-03  2.04423606e-01 -3.89116436e-01
   2.13528946e-01  6.10356808e-01 -2.43713915e-01 -3.15034449e-01
  -2.55517960e-01  3.76456487e-03  1.95634633e-01 -3.97149920e-01
   1.37611941e-01 -4.31790836e-02  4.04202700e-01]
 [ 3.97895217e-01  3.29884291e-01  4.75621969e-01 -6.74838722e-02
  -1.11063421e-01  3.03602159e-01 -3.04479390e-01  2.76875705e-01
   5.86516038e-03 -7.54308552e-02  3.07271749e-01  2.90360093e-01
   2.78943151e-01  4.71393645e-01 -3.84901762e-01]
 [-2.01612279e-01  1.31997183e-01  3.20656993e-03 -2.84742355e-01
   3.32376301e-01 -1.67894512e-02 -1.53918773e-01 -4.11223657e-02
   3.42080891e-01 -1.73008576e-01  4.61395770e-01  4.18845028e-01
  -1.16271898e-02  3.26125979e-01 -2.96336174e-01]
 [-1.22316793e-01 -2.19662905e-01  8.36031064e-02 -1.82838157e-01
   4.19444412e-01 -2.27068052e-01 -4.10798192e-01  2.89089791e-02
  -4.21528548e-01 -7.25485906e-02 -1.83562264e-01  9.21297371e-02
   2.75613070e-01  4.92881030e-01 -6.28238916e-02]
 [ 2.74074256e-01  5.55602849e-01 -1.65627137e-01 -3.69075894e-01
  -4.74535048e-01  3.34358424e-01  2.01617017e-01  3.28279048e-01
   7.78372213e-02 -4.92246933e-02  7.50071481e-02  2.62739182e-01
   4.66036558e-01 -3.22540492e-01 -1.37016088e-01]
 [ 1.26317274e-02  6.44204617e-01  5.86413980e-01  1.18358895e-01
   3.62717621e-02 -2.11612940e-01  1.11330025e-01 -6.30942434e-02
   3.06483936e-02  2.85442263e-01  8.16409662e-02  4.30874050e-01
  -1.02273617e-02 -1.39013678e-02  2.42131203e-01]
 [ 5.03084064e-01  5.98259211e-01 -5.43226004e-01 -1.56074286e-01
  -1.46661222e-01 -3.00259471e-01 -4.23950166e-01  2.48858288e-01
  -3.83756659e-03  4.58121579e-03  1.97130650e-01  2.69209355e-01
   5.38211226e-01 -4.37304974e-01 -1.07448019e-01]
 [-8.13173711e-01 -1.14718378e+00  2.44063449e+00  1.64442167e-01
   2.30436713e-01 -3.89468938e-01 -3.22515428e-01  7.05939233e-02
  -3.38540301e-02 -1.29265353e-01 -1.18249452e+00  4.30454999e-01
  -1.35846734e+00 -1.36546001e-01  2.74162233e-01]]
Peso 2:
[ 0.48866615  0.67238086 -0.32680494 -0.14180328 -0.04322411  0.3895278
 -0.16731004  0.01161058 -0.08590818 -0.08195977  0.6971291  -0.08982266
  0.7585961  -0.02532105  0.00294347]
Camada: saida
Peso 1:
[[-1.01941     0.25315478]
 [-0.6841284   1.325228  ]
 [ 1.8126127  -1.7516345 ]
 [-0.4259142   0.15988638]
 [ 0.7526146   0.26028636]
 [-0.31227738  0.702882  ]
 [ 0.26706535 -0.09937181]
 [-0.07000706  0.05881121]
 [ 0.24237864 -0.42383313]
 [ 0.22306538  0.04391637]
 [-1.0970898   0.7701875 ]
 [-0.1391889  -0.6440855 ]
 [-1.2830168   0.99745554]
 [-0.1601246  -0.3969776 ]
 [ 0.6476451   0.49142385]]
Peso 2:
[-0.41290763  0.41291168]



pesos modelo: 
Test loss: 0.0620, Test accuracy: 0.9726
Camada: meio
Peso 1:
[[ 3.63101006e-01 -1.78414583e-03  1.47497952e-01 -3.51787865e-01
   1.69599593e-01 -3.61640453e-01 -3.93157244e-01  1.64993525e-01
   1.18319631e-01 -1.24971777e-01 -6.74748719e-02  7.33488798e-03
   1.92216814e-01  4.38276350e-01  5.03707826e-02]
 [ 4.70295548e-01 -2.38242835e-01  2.94676870e-01  1.14790201e-01
  -2.02999920e-01 -1.12957887e-01 -4.02525328e-02  1.10730894e-01
   3.87807310e-01  1.76447228e-01  2.56294459e-01  3.93600255e-01
   4.53349128e-02  3.98838639e-01 -4.47870702e-01]
 [ 2.71392286e-01 -1.53046861e-01  1.64978698e-01  1.68122500e-02
   2.63977349e-01 -7.21473992e-02  1.93451002e-01 -2.28263453e-01
   3.51562589e-01 -1.47448376e-01  2.71294326e-01  1.22719761e-02
   6.73393086e-02 -1.38691962e-01  2.97702014e-01]
 [-4.72758934e-02  2.64712214e-01  1.61241844e-01 -2.19803769e-02
   3.35813820e-01 -1.06610082e-01  4.11512822e-01 -4.16249543e-01
  -4.07199472e-01  3.22968364e-01  2.95535088e-01  5.05918264e-01
  -3.59462172e-01  4.08540249e-01 -2.66917437e-01]
 [ 3.22871834e-01  2.60112703e-01  4.25394475e-01 -8.92142858e-03
   4.14676726e-01  4.84900400e-02  3.34846795e-01 -3.68684947e-01
  -1.00244015e-01  2.73607552e-01 -3.14368516e-01 -5.27366884e-02
  -3.57822806e-01  3.12318772e-01  2.21378595e-01]
 [ 1.04700223e-01  4.02877182e-01 -1.25951782e-01 -4.90301922e-02
  -1.06863923e-01 -2.70060003e-01  8.92208368e-02 -3.69524777e-01
  -3.04265887e-01  2.29879975e-01  1.12215102e-01  5.09088486e-02
  -2.16735244e-01  2.53101736e-01 -1.92571774e-01]
 [ 1.12054855e-01 -2.95103163e-01  6.90113902e-02 -4.83327657e-02
  -2.56093323e-01 -4.10303026e-01  2.36462623e-01 -1.30991191e-01
   7.27747828e-02 -3.21696460e-01  4.01723325e-01  9.97930989e-02
  -4.43078190e-01  2.76754707e-01  7.53456280e-02]
 [ 1.27741039e-01  2.10471377e-01 -2.90376712e-02  9.51077864e-02
   1.61362186e-01 -2.96245128e-01 -1.07439965e-01 -3.26913536e-01
   1.81683242e-01  2.69277152e-02 -1.06827058e-01  1.06670476e-01
  -1.43783927e-01  5.45877824e-03 -1.10468991e-01]
 [-1.33300155e-01 -9.95167941e-02 -2.74876729e-02  8.60896409e-02
   2.58709669e-01 -2.74114549e-01  1.75752893e-01  3.19828004e-01
  -1.59166485e-01 -2.42704347e-01  3.69183421e-01  3.33768606e-01
   1.66423008e-01  3.54562663e-02 -1.20577425e-01]
 [ 3.57261337e-02  2.37062231e-01  1.37650874e-03 -4.13779505e-02
  -2.61884600e-01 -1.19400755e-01  1.62908271e-01  1.64132774e-01
   3.33508819e-01 -2.45146677e-01  7.04401061e-02  4.30868641e-02
   2.02056944e-01 -1.89260870e-01 -3.80377054e-01]
 [-8.99499208e-02 -1.71129763e-01  3.15166920e-01  5.46291530e-01
  -2.33686149e-01 -2.26813421e-01  3.28542143e-01 -2.40818456e-01
   1.22472987e-01  2.39703730e-01  4.70939189e-01 -5.17208219e-01
   2.65358090e-01 -2.74501592e-01  9.72136185e-02]
 [ 6.69254422e-01  3.08053851e-01 -2.29476526e-01 -3.09205711e-01
  -1.51380166e-01  1.65160686e-01  3.35715234e-01  3.55915099e-01
  -4.03641015e-01 -2.69779980e-01 -6.28506601e-01  1.39152616e-01
   4.74413484e-01 -1.88825622e-01  3.50170881e-01]
 [ 2.77756527e-02  3.57706159e-01  4.74499613e-01 -8.01664870e-03
   1.01993680e-01  2.70672590e-01  2.89386183e-01 -4.18406278e-01
  -3.28178227e-01  4.62471455e-01  2.94829130e-01  2.50819385e-01
   1.87316343e-01 -1.60715893e-01 -4.04986084e-01]
 [ 2.87740737e-01 -1.92593142e-01 -4.43866372e-01  6.48525834e-01
  -1.16947390e-01 -2.46510699e-01  4.23670560e-01 -1.99771687e-01
   3.13231379e-01 -3.05882283e-02  1.43956006e-01  2.93178499e-01
  -4.24786866e-01  1.88507754e-02  1.47124752e-01]
 [-1.13385248e+00  3.41195315e-01  2.02961445e+00 -9.54932749e-01
  -3.93126518e-01 -1.15205519e-01 -1.73737395e+00  1.05851173e-01
   4.04710948e-01  4.68114883e-01  8.63474905e-01 -5.42672098e-01
  -6.38207421e-02 -2.02316388e-01 -2.32175931e-01]]
Peso 2:
[ 9.2435300e-01 -2.8806230e-02 -2.8049502e-01  4.6403345e-01
  5.5344965e-02 -5.8434084e-02  7.2193891e-01  8.1805658e-04
  1.2405695e-02 -7.4000321e-02 -2.3522241e-01  3.2552734e-01
  2.3804739e-02  4.9078695e-02 -1.8249683e-02]
Camada: saida
Peso 1:
[[-1.1856067   1.2549827 ]
 [ 0.02835093 -0.3434775 ]
 [ 1.6999578  -1.3585597 ]
 [-1.1170249   0.501121  ]
 [-0.16405815  0.16529165]
 [ 0.48299813 -0.5366733 ]
 [-1.1202171   1.6007046 ]
 [-0.19898608 -0.17316762]
 [-0.1658129  -0.3989169 ]
 [ 0.5206393  -0.30063996]
 [ 0.7823661  -0.62269133]
 [-0.6339561   0.56962764]
 [-0.44246083  0.00920601]
 [-0.13700123  0.22781007]
 [-0.43920934 -0.46718797]]
Peso 2:
[-0.38850135  0.38850603]



pesos modelo: 
Test loss: 0.2247, Test accuracy: 0.8907
Camada: meio
Peso 1:
[[-2.10389897e-01 -8.56387019e-02 -2.15891168e-01 -1.10798776e-01
   4.34660852e-01 -1.67171657e-02 -7.87130594e-02  2.17297733e-01
  -2.90138602e-01 -2.92564094e-01 -3.41488093e-01 -1.34548217e-01
   1.81127250e-01  3.41971636e-01 -2.67983079e-01]
 [ 2.91558236e-01  9.20557901e-02  3.34357381e-01  3.44875425e-01
   3.73569578e-01 -6.83771744e-02  2.61032641e-01 -1.16433986e-01
   3.67543809e-02  1.48831189e-01 -4.16906029e-01  4.01896937e-03
   3.34564507e-01  2.47562919e-02  3.97273511e-01]
 [ 2.51908064e-01 -2.00044170e-01  1.44514605e-01 -4.37716722e-01
   3.46616536e-01  2.18774393e-01  1.10352881e-01  2.49381945e-01
   1.76968902e-01 -2.82055587e-02 -5.63655943e-02 -3.94738495e-01
  -2.45570880e-03 -1.19579032e-01  1.55768633e-01]
 [-2.35176489e-01  2.87892252e-01  6.33385554e-02 -2.23614469e-01
  -2.34404728e-01  2.05078006e-01  4.28287596e-01  2.69408338e-02
  -2.78953705e-02 -3.88706505e-01 -1.55933782e-01 -3.96775529e-02
  -1.44439876e-01 -2.27198496e-01  4.06110436e-02]
 [ 1.21987715e-01 -2.90350139e-01 -2.10293725e-01 -3.64903323e-02
  -1.93655953e-01  5.22717595e-01 -1.60731241e-01  1.21451825e-01
   2.41532609e-01  2.87051588e-01 -3.08320761e-01 -1.41149670e-01
  -3.81880164e-01  2.97375500e-01  4.11256939e-01]
 [-5.84653132e-02 -3.34618509e-01 -2.20131919e-01 -4.06325608e-01
   5.40173687e-02  3.73527825e-01 -4.42606330e-01  2.65215605e-01
  -4.00174767e-01  1.54463854e-02  3.40659738e-01 -6.95792437e-02
   3.68641376e-01  6.66902140e-02  2.06706151e-01]
 [-7.19212368e-02  3.23425204e-01  3.62610370e-02 -4.27066714e-01
  -6.25720099e-02  4.88203585e-01 -8.47920403e-02  4.08398390e-01
  -3.93008441e-01  3.76925826e-01  4.49513137e-01 -3.66102785e-01
  -6.70775995e-02 -1.90100059e-01 -2.65198364e-03]
 [-1.02131344e-01  2.76013702e-01  5.13084531e-02  1.01344928e-01
   7.99051952e-03  6.84929341e-02  2.27410331e-01 -2.65052319e-02
  -6.18343651e-02 -1.34192836e-02  3.31167877e-01 -3.22809696e-01
   2.38891229e-01  2.02261522e-01 -3.14198732e-01]
 [-2.12734208e-01  3.89388323e-01 -3.09418857e-01 -6.13828786e-02
   4.55818415e-01  3.37832451e-01 -3.96203429e-01  1.58240080e-01
  -3.42421860e-01  1.80775881e-01  2.89604455e-01  1.69680327e-01
  -2.67854184e-01  2.25641370e-01  2.02530175e-01]
 [-3.45555961e-01  1.25554055e-01  1.36067495e-02 -7.91066661e-02
   1.17297173e-01  2.28950426e-01 -1.51179247e-02  2.39721566e-01
  -1.65698111e-01 -2.04710677e-01  4.17932659e-01  6.31723702e-02
  -4.33023989e-01 -6.63729534e-02 -3.06490660e-01]
 [-3.62716138e-01  1.62709072e-01 -3.22744817e-01 -4.37252581e-01
  -2.01889649e-02  2.39378154e-01 -5.11874974e-01  4.01360452e-01
   2.16158271e-01 -3.74986261e-01  1.04985505e-01  3.58873099e-01
   2.20507324e-01  3.43460441e-01  1.21218525e-01]
 [ 6.96130767e-02  3.01275462e-01 -2.92959251e-03 -1.22205332e-01
   3.22476566e-01  6.74264073e-01  4.65762541e-02 -4.56600100e-01
   5.01372553e-02  1.60621300e-01  5.89774922e-02 -3.75845551e-01
   3.98315132e-01 -1.95272500e-03 -4.19053346e-01]
 [ 2.72287667e-01  2.73023844e-01  4.39204544e-01  1.36128098e-01
   1.67170748e-01 -5.66637665e-02  5.19759469e-02  2.73225009e-01
  -4.84804899e-01 -2.06643716e-01  1.02354817e-01 -3.01416546e-01
  -9.21543986e-02  1.36967584e-01  1.52999088e-01]
 [-1.73856586e-01 -2.74767786e-01  2.46665329e-01 -4.24740374e-01
   4.31582779e-01  6.95564747e-01 -3.09169382e-01 -5.65309942e-01
  -1.04413107e-01  2.35232621e-01  3.72771025e-01 -2.94817328e-01
   1.56964034e-01 -4.40419197e-01 -4.06604499e-01]
 [-1.07148208e-01  3.93065900e-01 -2.36481100e-01  3.26160491e-01
  -5.30175030e-01 -1.85114300e+00  1.24340191e-01  2.45389533e+00
   2.45655566e-01 -2.51720786e-01  3.12571879e-03  4.55096871e-01
  -2.03957945e-01  7.86399961e-01  1.72853753e-01]]
Peso 2:
[ 0.07574598 -0.04358851  0.18193267 -0.07371616  0.38118196  1.165484
 -0.00621826 -0.5550742  -0.05413601 -0.06229541  0.10277566  0.00780984
  0.05466609 -0.11414217 -0.0521075 ]
Camada: saida
Peso 1:
[[-0.16529863  0.24021895]
 [-0.11008213 -0.4476109 ]
 [-0.36432368  0.19989154]
 [-0.3949548   0.24276713]
 [-0.5849563   0.557285  ]
 [-1.5891719   1.9265084 ]
 [-0.5402248  -0.19758843]
 [ 1.9387277  -1.7693563 ]
 [-0.30907157  0.4605725 ]
 [-0.36262873 -0.3187381 ]
 [ 0.00765146  0.4170375 ]
 [-0.18059476 -0.288602  ]
 [-0.59563196 -0.2745597 ]
 [ 0.75448334 -0.48111266]
 [ 0.33004317 -0.15748578]]
Peso 2:
[-0.44763628  0.44764066]



pesos modelo: 
Test loss: 0.1611, Test accuracy: 0.9079
Camada: meio
Peso 1:
[[ 0.27151692  0.19751132 -0.35687062  0.2188605   0.00926369 -0.40914285
   0.39531988  0.33222586 -0.33131924  0.05503368  0.02481952  0.2837965
  -0.10316771 -0.28583068  0.03512418]
 [-0.29136702 -0.3333866   0.00955172 -0.02426188  0.4190137  -0.15019627
   0.19467773 -0.46436122 -0.1694772  -0.10965609 -0.01126178  0.14978409
   0.0319863   0.17187254  0.34076533]
 [ 0.00599826 -0.14736785 -0.1355806   0.21751444 -0.20168322 -0.183963
  -0.42002735  0.11352043  0.07683016 -0.3153133  -0.39701578 -0.1702847
   0.15813732  0.19031367 -0.02939562]
 [-0.12840584 -0.10266463 -0.20553148 -0.17583434  0.03863925  0.14706923
   0.02948986 -0.41367784  0.43468633 -0.29038122  0.41895026  0.16096899
   0.33246765 -0.02075038  0.06717481]
 [-0.36559486 -0.25055242  0.10580333 -0.21446246  0.27317598 -0.35901472
  -0.06537929  0.16815846  0.06931829  0.0577572   0.322296    0.22810353
   0.0786469  -0.2763718   0.22746217]
 [ 0.08431643 -0.15335561  0.39421624 -0.4287984  -0.16889198  0.3318758
  -0.04705665 -0.42243996  0.02092126 -0.20479384 -0.0325292  -0.21260954
   0.0909904   0.24275124  0.4888227 ]
 [-0.39750937  0.23780386  0.08573928 -0.30844486 -0.06051755 -0.0280089
  -0.21873    -0.02123923  0.10849336  0.18414393  0.39398497 -0.09701417
   0.10632013  0.23030849  0.1703613 ]
 [ 0.30719453 -0.01541964  0.12248053 -0.28662068 -0.34008747 -0.15687934
   0.16727474 -0.35618684  0.11639634 -0.29998836  0.37898365 -0.14588949
   0.16830836  0.13821775 -0.14850649]
 [ 0.2525593   0.44180208  0.28290787  0.01418984  0.29691115  0.3998273
   0.22464909  0.21161518  0.02565673  0.12415133  0.25646237  0.13029096
   0.31013566 -0.21706721  0.17970186]
 [-0.06733926 -0.1747234  -0.25397903  0.04872804  0.3513358   0.33270517
  -0.4110864   0.24783564  0.25144643 -0.196077   -0.25371513  0.24366781
   0.2992661  -0.08115229  0.2552395 ]
 [-0.2606449   0.44741195  0.5616368  -0.34057474  0.23583195  0.38366994
  -0.3702297  -0.1109692   0.04641908  0.61537373 -0.44087562  0.26279363
   0.3334383   0.44861275 -0.15497407]
 [ 0.26630074  0.28162232 -0.49782604  0.27631757  0.24864595  0.19771235
   0.20185141 -0.08836263 -0.34309736  0.21097758  0.37552395 -0.4870015
   0.5529466  -0.15502158  0.4847664 ]
 [ 0.0333474   0.4094507   0.31926438  0.24950188  0.4628371   0.34665632
  -0.11828452  0.19999027  0.19058786  0.46005863  0.42893055  0.49066347
   0.22119613 -0.1601584  -0.24479313]
 [ 0.00356132 -0.42989326 -0.5020024  -0.4350995  -0.40315977 -0.35822347
  -0.0649019  -0.2717116   0.07270075  0.25267595  0.18672526  0.14936219
   0.8465874  -0.19137193 -0.12628871]
 [ 0.19405754  0.659767    0.784101    0.19495715  0.4538342   0.21569929
  -0.18430209 -0.11295749  1.4233786  -0.5419878  -0.28328067  1.2413919
  -2.2404888   0.7608676  -0.59238315]]
Peso 2:
[-0.0532407   0.00872446 -0.12031854 -0.04416734 -0.1062061  -0.05972975
 -0.11642572 -0.19325614 -0.1655584   0.3032336   0.12785266 -0.12901923
  1.2308089   0.03843617  0.51688564]
Camada: saida
Peso 1:
[[-0.29183394 -0.50627035]
 [ 0.6130196  -0.11764147]
 [ 0.8466077  -0.46343565]
 [ 0.246074   -0.04314954]
 [ 0.72696674  0.08178002]
 [-0.20432545 -0.58571595]
 [-0.02057137 -0.38744184]
 [ 0.4823238  -0.13687639]
 [ 1.0012469  -1.1278094 ]
 [-0.31147593  0.6216525 ]
 [-0.17746547  0.48014623]
 [ 0.49029452 -1.1889532 ]
 [-2.154247    1.6910241 ]
 [ 0.23148537 -0.80137247]
 [-0.9007012   0.41485187]]
Peso 2:
[-0.472214    0.47221693]



pesos modelo: 
Test loss: 0.1043, Test accuracy: 0.9417
Camada: meio
Peso 1:
[[-0.00545639  0.04383057 -0.2211457  -0.29589427  0.1857723  -0.22586615
  -0.30251688 -0.15168035  0.11346334 -0.16714948  0.38174272 -0.2948954
   0.38264644 -0.06366128  0.04619783]
 [-0.26283616 -0.3202947  -0.2432466   0.06761797  0.43513182  0.18599205
  -0.06756204 -0.20198947 -0.04466024  0.28824487 -0.04916669  0.29644635
   0.25317943 -0.32787284 -0.09523959]
 [ 0.12408972  0.3284629  -0.31936902 -0.02623603  0.0879788   0.30118516
  -0.03612264 -0.09169794  0.38845116  0.19641638 -0.32703438  0.35295376
  -0.19011839 -0.09945633 -0.110627  ]
 [-0.05250709  0.22137454 -0.00847967  0.12513502  0.45188373  0.3476689
   0.2236484   0.1380732   0.01090917  0.33376825 -0.3360117   0.38455895
   0.31707025  0.04739809 -0.26955876]
 [-0.17085543 -0.4040097   0.17232183 -0.06553152 -0.26149684 -0.0156129
  -0.0866074   0.3487312  -0.1177572  -0.01044326 -0.43362227 -0.3325138
  -0.220634    0.10648137 -0.38158807]
 [-0.0290706  -0.3492272  -0.15457442  0.2093449   0.14759615  0.3744777
   0.24959952 -0.06967402  0.21029669 -0.2720063   0.37332112 -0.03372515
   0.38867664 -0.04776634  0.08725212]
 [ 0.12635684 -0.3214799   0.11840164 -0.4706546   0.31051335  0.38344076
   0.17698398 -0.06628179 -0.1928627   0.24418099  0.18577486  0.22312173
   0.34184214  0.5170445   0.25308895]
 [-0.2545291  -0.20380718  0.16961034 -0.3293558   0.3449451  -0.10199681
  -0.00348498  0.229774    0.19577938  0.2737264   0.13128175 -0.03996681
  -0.12606516 -0.46447945 -0.21362825]
 [-0.2662347  -0.00550037 -0.40987054  0.10221835  0.16548468  0.06148601
   0.10201254  0.04498439  0.33408338 -0.08274318  0.02637029 -0.39624774
  -0.02737067 -0.17932636 -0.28294498]
 [ 0.20754229 -0.04473674 -0.44505093 -0.14347395 -0.00679247 -0.05916375
   0.13264455  0.52788013  0.13283063  0.01516169 -0.33862117 -0.08450091
   0.14325207  0.18275177 -0.04721374]
 [ 0.24936785 -0.4621979   0.09038666 -0.10990715  0.33135003  0.4058984
   0.3190959  -0.3611364  -0.45362136  0.40052336 -0.2179327   0.07211345
   0.48549744  0.20978183  0.01657099]
 [-0.06560254  0.23870222 -0.37772578  0.09018997  0.4618646   0.00745257
  -0.45448446  0.58065945  0.12877576 -0.05468524 -0.3117483  -0.27870902
  -0.28868002  0.46177092 -0.09326322]
 [-0.06707478  0.27689922  0.05435159 -0.17011772  0.3549382  -0.12379755
   0.56697744  0.4709804  -0.49876493  0.4020464  -0.16947004  0.32243782
   0.09857123  0.15785845 -0.14555849]
 [ 0.03184107 -0.23402749 -0.0637152   0.18533193 -0.08598671  0.5385368
  -0.22461559  0.50260335 -0.3176493  -0.6301923   0.12375213 -0.05542802
  -0.5261561   0.27862525  0.09975826]
 [ 0.21913196 -0.43794754 -0.02669151 -0.08672612 -1.6174314  -1.309167
   2.2296405  -0.7685111   0.21827364  1.0476481   0.29960716  0.40283853
   0.47576007 -0.09425087 -0.40010145]]
Peso 2:
[ 0.002845   -0.14646743 -0.0509743  -0.17836061  0.6660739   0.75787
 -0.3472261   0.6667848  -0.02547793 -0.3129182   0.0023003  -0.04617503
 -0.11195119  0.18476875  0.00734182]
Camada: saida
Peso 1:
[[ 0.32085642  0.09201565]
 [ 0.44676763  0.11168755]
 [ 0.29003704 -0.25526726]
 [-0.06994069 -0.38486665]
 [-1.0651495   1.4125366 ]
 [-0.6157588   1.635807  ]
 [ 1.3173434  -1.8657107 ]
 [-1.1467857   0.6258921 ]
 [ 0.09186299  0.3423657 ]
 [ 0.6423161  -1.0378847 ]
 [-0.15698354 -0.22032313]
 [ 0.24372225 -0.18169099]
 [ 0.22076327 -0.5572441 ]
 [-0.40107307  0.27708724]
 [-0.11059818 -0.01610829]]
Peso 2:
[-0.57694525  0.57694775]



pesos modelo: 
Test loss: 0.3105, Test accuracy: 0.8779
Camada: meio
Peso 1:
[[-1.64839357e-01 -2.39095002e-01  2.73959756e-01  4.12938654e-01
  -4.34773117e-01 -1.22069269e-01  1.00150347e-01  4.52419519e-02
   2.99315691e-01  4.38404083e-01  3.87254000e-01 -3.41772348e-01
   1.15891874e-01 -2.28144720e-01  2.28712261e-01]
 [-2.47236744e-01  1.33301124e-01 -1.71884950e-02  3.47730160e-01
   7.06588328e-02  3.40869725e-01  1.44666344e-01 -5.97263388e-02
   3.12092036e-01  1.26250573e-02 -4.10208434e-01  1.29688233e-01
  -2.82949924e-01 -9.76990387e-02 -3.12144071e-01]
 [-3.75378609e-01 -1.27878308e-01 -1.38808608e-01 -1.50926903e-01
  -1.39213905e-01 -5.35073839e-02  2.83932626e-01  3.58976685e-02
   2.92602509e-01 -2.59216815e-01 -6.73778877e-02 -1.92563653e-01
   3.29525918e-01 -1.28458276e-01 -2.86574960e-01]
 [-1.62193310e-02  3.87161314e-01  3.42057317e-01  1.25713497e-01
   1.43611655e-01 -4.97940816e-02 -1.56633519e-02  2.64354736e-01
   1.87330600e-02 -1.06156245e-02 -5.14181137e-01  1.29948258e-01
  -2.41473377e-01  2.88027614e-01  3.53150576e-01]
 [ 4.52272505e-01  4.71570879e-01 -6.46853028e-03  3.11697185e-01
  -7.36027434e-02  3.26662064e-01 -2.10458517e-01  2.79822439e-01
  -1.49544731e-01  1.03358865e-01  6.09840900e-02 -2.05769613e-01
  -2.07565397e-01 -3.73184830e-02  2.23323509e-01]
 [ 1.65257871e-01 -5.35204075e-03 -9.02567357e-02  2.73382336e-01
   2.82016754e-01 -1.21424980e-01  1.87062025e-01  3.67456883e-01
   4.24200207e-01  1.28771231e-01  2.54064888e-01 -2.73891211e-01
   2.88242161e-01  1.12975933e-01 -4.01609659e-01]
 [ 4.21968311e-01  3.07657540e-01 -1.15909316e-01 -3.03153455e-01
  -9.89379883e-02 -1.73548814e-02 -3.77681226e-01  2.82475561e-01
   2.76670635e-01  2.04064921e-01 -2.06177384e-01  2.82738674e-02
   3.66910785e-01 -3.86260264e-02 -1.64774343e-01]
 [-3.32942188e-01  2.98868984e-01  2.43424952e-01 -2.45561302e-01
   4.26224232e-01  4.72533613e-01  7.24507943e-02  1.29689604e-01
   2.85667270e-01 -3.34227294e-01  1.72599152e-01  2.50532269e-01
  -6.97629526e-02  4.64066654e-01  2.63382554e-01]
 [-3.25559489e-02  2.83476591e-01  4.07790542e-01 -2.29199111e-01
  -2.04812452e-01 -3.53903055e-01 -1.04602396e-01  3.19648316e-05
  -8.08892697e-02 -1.61739379e-01 -3.64629552e-02 -3.45423520e-01
  -1.49255767e-01 -6.59160491e-04 -3.42673004e-01]
 [-4.04914856e-01  3.77704203e-01  2.37350091e-01  2.10126072e-01
  -5.21304421e-02  4.12166715e-01 -3.44313949e-01  8.35999772e-02
   2.91352570e-01  2.10834399e-01  1.66905180e-01 -3.45463663e-01
   5.54088116e-01 -6.17407337e-02  1.38377294e-01]
 [ 8.47642496e-02  4.30908322e-01  1.43058354e-03  4.10162449e-01
   4.43588138e-01 -1.08175136e-01  2.36366466e-01  1.48693070e-01
   2.13905677e-01  4.09244299e-01  3.10223371e-01  3.88074845e-01
   3.10596257e-01  1.63516439e-02  4.18945700e-01]
 [-3.17752808e-01 -4.38128322e-01  1.10272929e-01 -3.80220443e-01
  -2.14926377e-02  2.01851010e-01  1.21823363e-01  9.07718122e-01
  -1.32497162e-01 -2.45061368e-01 -3.18540961e-01 -2.16887832e-01
   6.72948584e-02 -1.69357330e-01  3.31236839e-01]
 [-4.39234406e-01 -4.69209552e-02  5.96796751e-01  5.80830425e-02
   5.66942275e-01  1.61227211e-01  3.08888942e-01 -1.37090296e-01
  -8.44667032e-02  1.21252269e-01  2.07669333e-01 -4.16423410e-01
   3.25746238e-01  4.72853750e-01  3.14601332e-01]
 [-3.58115494e-01 -4.71757144e-01  5.95683515e-01 -1.21520407e-01
  -4.16024268e-01 -2.05286473e-01 -1.92477480e-01  7.60966182e-01
   1.44981757e-01 -6.42496496e-02  3.01057100e-01  3.27392340e-01
   1.39569849e-01  7.98588917e-02  1.22417830e-01]
 [ 6.31252676e-02  9.24433351e-01 -1.33466303e+00  1.23791546e-01
   9.69927847e-01 -6.73303306e-01  6.12107456e-01 -1.53901982e+00
  -1.15342736e+00  6.09602451e-01 -2.40126308e-02  2.95538753e-01
   1.12704444e+00  1.09882534e+00 -1.42700747e-01]]
Peso 2:
[ 0.02415105 -0.27255642  0.6326604  -0.03422764 -0.18446039  0.3337386
  0.00667814  1.1475652   0.555965   -0.01161368 -0.01448527 -0.03135951
 -0.09358287 -0.08189633  0.02680261]
Camada: saida
Peso 1:
[[-0.44966272 -0.17035167]
 [ 0.54971606 -1.1550052 ]
 [-1.2816875   0.8434226 ]
 [-0.04486442 -0.44576153]
 [ 0.65396035 -0.85776055]
 [-0.6598917   0.32426813]
 [ 0.23574321 -0.29155362]
 [-1.6402719   1.5769978 ]
 [-0.54853207  1.2639451 ]
 [ 0.8234341   0.12775572]
 [-0.44685325 -0.03880895]
 [ 0.08432537  0.2976243 ]
 [ 0.8950705  -0.5079369 ]
 [ 0.8946207  -0.726426  ]
 [-0.4847513  -0.20040146]]
Peso 2:
[-0.3300239   0.33002895]



pesos modelo: 
Test loss: 0.0920, Test accuracy: 0.9469
Camada: meio
Peso 1:
[[-3.30493003e-01  8.45526457e-02  2.63539493e-01 -2.76235044e-01
  -1.91944897e-01 -2.76647657e-01 -4.00128722e-01  3.24331343e-01
   3.96100938e-01 -1.77621543e-01 -1.87011927e-01  3.99240375e-01
  -4.07850772e-01  3.77404809e-01 -1.61825538e-01]
 [ 1.89710706e-01 -1.07121080e-01  3.36664498e-01  3.41310561e-01
   5.02449635e-04 -7.84425344e-03 -2.66684517e-02 -3.03898096e-01
  -3.75283927e-01 -7.19140694e-02 -3.37202884e-02  1.80326745e-01
   4.68040198e-01 -9.89003479e-02 -1.98617712e-01]
 [-6.22187220e-02  2.55650759e-01 -8.12593102e-02  2.83857852e-01
   2.61793494e-01  2.44298637e-01 -3.27449441e-01 -3.05683196e-01
  -3.04710586e-02  1.06979676e-01 -1.96728513e-01  3.85841012e-01
   3.55093539e-01  3.26383442e-01 -2.71948874e-01]
 [ 1.15491740e-01 -9.00339410e-02  1.16259918e-01  4.60421890e-01
   1.45479098e-01 -2.13623658e-01  1.43367350e-01 -3.10224622e-01
   3.33661795e-01  4.21443343e-01 -8.09221938e-02 -1.15797035e-01
  -2.63244092e-01  3.40385586e-01  1.80198207e-01]
 [-2.04948126e-03  3.92359570e-02 -2.66891152e-01  2.56525666e-01
   1.29811496e-01 -9.48468372e-02 -3.37276794e-02  3.17969590e-01
   8.20424967e-03 -1.32707909e-01 -4.18572366e-01 -2.92384565e-01
   3.37161660e-01  8.46169740e-02 -3.54224324e-01]
 [ 1.86690852e-01  2.13314489e-01  3.80532891e-01  2.08131641e-01
   1.71041235e-01  4.95240539e-01  2.31016755e-01  1.17980242e-01
  -2.18793210e-02  3.26856464e-01  4.11472380e-01 -4.36751395e-01
   1.02657296e-01 -1.08417667e-01  5.03870666e-01]
 [ 1.58701807e-01  2.07286417e-01 -1.30752832e-01  1.23140663e-02
   2.79877037e-01  3.16793382e-01  1.54248580e-01 -8.10911208e-02
   4.21546400e-01 -3.77822280e-01 -4.46001329e-02  2.12366089e-01
   1.99719802e-01  5.80671169e-02  5.86114585e-01]
 [ 3.46718691e-02  3.03867817e-01 -4.41645473e-01  5.38263805e-02
  -3.45922887e-01  1.85834602e-01 -2.88788795e-01 -2.06441879e-01
  -7.15702102e-02 -3.15423757e-01 -4.17016111e-02 -2.93782920e-01
   7.16481358e-02  2.53883302e-01  3.32378477e-01]
 [-3.13473977e-02 -9.34792310e-02  4.20662671e-01  1.26071855e-01
  -2.18128264e-01  2.36941740e-01  1.14438027e-01 -3.32453340e-01
   3.98255408e-01 -1.63315520e-01  3.42034906e-01 -1.35045871e-01
   1.36146307e-01 -1.25946820e-01  1.84969619e-01]
 [ 2.06538633e-01  1.52236015e-01 -2.36492187e-01  1.15348995e-01
   4.15735334e-01 -2.14204267e-01 -3.61156315e-01 -2.35508993e-01
  -2.80189365e-01 -2.73198962e-01 -2.68632561e-01 -1.97107896e-01
   4.50433552e-01  6.84285583e-03 -2.25311413e-01]
 [ 4.66844589e-01  3.49734843e-01 -4.37058538e-01  1.90834645e-02
   1.59669578e-01  2.58772057e-02 -3.53856415e-01 -3.49576414e-01
  -2.71497458e-01 -3.37588161e-01 -1.46749794e-01 -2.52999634e-01
   3.87457222e-01  4.80921775e-01  1.22821778e-01]
 [-3.76820982e-01  2.01960549e-01 -1.47188261e-01  2.52246380e-01
  -3.77514333e-01 -3.82208556e-01 -2.93379962e-01 -1.53964326e-01
   3.05582792e-01  2.60725766e-01  4.16873276e-01 -1.85746908e-01
  -2.93386057e-02 -4.26969498e-01  5.30968666e-01]
 [ 1.60372794e-01  1.77460164e-01  1.86247364e-01  4.71073538e-02
  -3.10205579e-01  2.77492851e-01 -4.06671077e-01  2.98572272e-01
   2.95076698e-01  1.54797822e-01  3.55004430e-01  1.36516048e-02
  -3.85383070e-01  3.27527046e-01  1.90678477e-01]
 [-4.95994121e-01  4.50422049e-01 -4.40368176e-01  3.94439191e-01
  -3.82901579e-01 -2.73124993e-01 -1.92184418e-01  1.55791845e-02
   5.26471615e-01 -5.39813712e-02  1.91878110e-01 -3.14597756e-01
  -7.47849643e-02  6.86523616e-02  4.25287127e-01]
 [ 2.00315428e+00 -1.25466895e+00 -2.32740477e-01 -1.46090519e+00
   8.09691846e-02  1.43787980e+00  2.35042974e-01 -3.04268539e-01
  -1.03237145e-01 -9.19041261e-02 -1.40271500e-01  7.19830319e-02
  -9.27146494e-01  8.00601244e-01 -5.43524027e-01]]
Peso 2:
[-0.298248    0.6509805  -0.00416049  0.84239113 -0.00716945 -0.03315067
 -0.12142346 -0.09226944  0.09535211  0.0619184   0.12333239  0.01433195
  0.4048069  -0.2797496   0.46336743]
Camada: saida
Peso 1:
[[ 1.370282   -1.546786  ]
 [-0.62862635  1.4108255 ]
 [ 0.0825607   0.1988384 ]
 [-1.710945    0.74509436]
 [ 0.02729582 -0.10525677]
 [ 0.7735081  -1.1398494 ]
 [ 0.54703945 -0.37075868]
 [ 0.20432259 -0.3054256 ]
 [ 0.11278153  0.6200445 ]
 [ 0.3726393   0.65098625]
 [ 0.18153198  0.6477095 ]
 [ 0.05152019  0.3589818 ]
 [-0.3350827   1.0597838 ]
 [ 0.57477546 -0.80205363]
 [-0.6711334   0.69162357]]
Peso 2:
[-0.47396615  0.47397056]



pesos modelo: 
Test loss: 0.0745, Test accuracy: 0.9627
Camada: meio
Peso 1:
[[ 3.67648304e-02 -1.11383408e-01 -5.54936528e-02  1.75767124e-01
  -4.00284290e-01  3.08040857e-01 -3.49293917e-01 -9.08892155e-02
  -4.00977582e-01 -3.59489322e-01  3.91537070e-01 -1.97636485e-01
   1.97391272e-01  2.44196534e-01  2.39385962e-01]
 [ 3.21764469e-01 -2.66128391e-01  2.80306607e-01  2.02366546e-01
   4.17532653e-01  1.91310257e-01  1.67500049e-01  8.37547705e-02
   2.71077335e-01 -2.84346282e-01  1.68799572e-02 -3.44987839e-01
  -1.93150323e-02 -1.32837564e-01  5.54009229e-02]
 [ 1.52425142e-02  3.40838999e-01  3.28397363e-01 -4.30610299e-01
   4.47040498e-02  1.89883441e-01  3.66429329e-01 -1.85967594e-01
   1.88468650e-01 -6.30364195e-02 -1.71792597e-01  2.85588086e-01
  -1.10638782e-01  4.11927104e-01  1.85571432e-01]
 [ 7.75060132e-02  7.86820278e-02  1.86725497e-01  1.63896903e-01
   3.39109153e-01  1.87935725e-01 -1.70722514e-01 -3.29697460e-01
  -3.21605653e-01 -1.25967070e-01 -2.43751839e-01  2.71642625e-01
   5.15832782e-01  1.81253210e-01 -6.57584667e-02]
 [-8.79619569e-02 -9.62723196e-02 -4.48492840e-02 -6.81448653e-02
  -6.78075179e-02  1.47370145e-01  2.83562124e-01  3.04005504e-01
   2.47384757e-01 -1.46047026e-01  8.89732968e-03  1.58675313e-01
   1.73945442e-01 -3.86807501e-01  1.79448530e-01]
 [-5.17999530e-02 -3.19510788e-01 -1.18709445e-01  1.19895250e-01
   1.38378769e-01  2.29700178e-01  4.08460975e-01  3.52186710e-01
  -9.84563679e-02  1.12194538e-01 -3.49540293e-01  1.46365657e-01
  -2.69118577e-01 -3.34370583e-01  2.45242029e-01]
 [ 1.86326101e-01 -2.33805433e-01  4.90221053e-01  2.93493778e-01
   3.29321891e-01 -5.53785525e-02  2.53461331e-01 -2.66472965e-01
  -7.58033618e-02  1.10746272e-01 -1.45611987e-01  3.35247099e-01
  -2.23679245e-01  4.78949577e-01  8.85955021e-02]
 [ 1.58578426e-01 -3.76817919e-02 -3.86713773e-01  2.79902607e-01
   3.38927716e-01  2.53402174e-01  4.03651923e-01 -3.57085288e-01
  -2.03509275e-02  1.09622806e-01 -4.22977179e-01  4.46772814e-01
   7.31407404e-02  1.27925053e-01  9.12240371e-02]
 [-5.66759594e-02 -6.43537939e-02  5.72385974e-02  1.66035503e-01
   1.88453570e-01 -9.82655361e-02  4.33708817e-01  4.49173242e-01
   7.21070766e-02  2.36234054e-01  2.01363832e-01 -8.21022317e-02
   3.35992090e-02  2.03895733e-01  2.75581241e-01]
 [-2.09806621e-01 -3.39169025e-01 -2.84615040e-01  2.17034053e-02
  -3.76900256e-01  5.28105395e-03  3.87013197e-01 -1.61770329e-01
  -1.64464876e-01  4.20796812e-01  1.43470187e-02  1.55121475e-01
   3.74032825e-01  4.55520600e-01  2.19034702e-01]
 [ 3.91989827e-01  9.61208120e-02  2.31979981e-01 -7.24782646e-02
  -3.51397544e-01  2.68526167e-01  8.39857792e-04  3.68577689e-01
  -1.64651036e-01  1.91046312e-01  6.30830377e-02 -9.65340286e-02
  -7.20984638e-02 -3.20907503e-01  1.83800265e-01]
 [-3.08821827e-01 -2.71028489e-01 -9.58456248e-02  1.46768987e-01
  -1.63925573e-01  1.77893668e-01  6.12870216e-01  5.43060958e-01
   4.03990418e-01 -3.52484822e-01 -3.53764035e-02 -2.93070883e-01
  -3.84282023e-01  2.24209279e-02 -4.20610666e-01]
 [ 3.01761061e-01  1.35589898e-01 -3.41689289e-01  4.16364819e-01
  -4.22510237e-01  3.81507650e-02  9.81026590e-02 -4.52431254e-02
  -2.47053847e-01  5.94984405e-02 -2.98823267e-02 -1.34865358e-01
  -4.44673412e-02  1.10755302e-02  2.11570397e-01]
 [-5.47531366e-01 -1.83094427e-01  7.21327424e-01 -3.14792931e-01
  -5.33479266e-02  3.26726466e-01  1.56226829e-01  5.21623492e-01
  -2.07959741e-01 -3.85063142e-01  2.98800439e-01  2.12147564e-01
  -1.40263095e-01 -1.36846945e-01 -4.47412819e-01]
 [ 1.52531624e+00 -7.35010765e-03 -2.42761254e-01 -5.03480256e-01
  -2.52918899e-03 -8.49497437e-01 -1.39302444e+00 -3.95475060e-01
  -8.23058710e-02  2.24669561e-01 -1.29909873e-01 -1.55209070e-02
  -3.51985484e-01 -1.44499809e-01  2.41766620e+00]]
Peso 2:
[-2.3682921e-01  6.6536566e-04  3.7421483e-01  2.0802213e-01
  5.4248702e-02  4.4202778e-01  8.3380437e-01  3.8780349e-01
  8.5139908e-02 -9.9914856e-03 -1.3890502e-01  3.1301696e-02
  2.3068734e-01  1.2800625e-01 -4.4476792e-01]
Camada: saida
Peso 1:
[[ 1.3811408  -0.73403496]
 [-0.10361888  0.06765904]
 [-0.7019452   0.4997354 ]
 [-0.19700386  0.6523661 ]
 [ 0.08339806  0.38213697]
 [-0.7629973   0.66917217]
 [-0.7970506   1.6573296 ]
 [-0.4224452   0.5100427 ]
 [-0.19485681  0.0963852 ]
 [ 0.52477795  0.08545149]
 [ 0.4750827   0.15710542]
 [-0.51553434 -0.41397497]
 [-0.5653714   0.3081361 ]
 [-0.4024143   0.13887462]
 [ 1.7863803  -1.7461534 ]]
Peso 2:
[-0.6043316  0.604337 ]



pesos modelo: 
Test loss: 0.1111, Test accuracy: 0.9435
Camada: meio
Peso 1:
[[ 2.39050090e-02 -1.23115152e-01 -7.09499717e-02 -4.46843296e-01
   3.95143509e-01  8.39400887e-02 -1.31492019e-02 -4.00255084e-01
   2.25084066e-01 -1.09546483e-01  2.61578262e-01 -1.09688401e-01
  -1.65881187e-01  2.15350688e-02 -2.05057263e-02]
 [ 4.39954340e-01  1.57354087e-01  3.09838131e-02 -2.93403625e-01
   3.74082267e-01  2.62851238e-01  1.54197767e-01 -2.28204489e-01
  -7.25545213e-02  3.22713345e-01 -5.03293872e-02 -1.40615320e-02
  -2.78776705e-01  3.16372365e-01  3.80364597e-01]
 [-6.67621791e-02  5.10796845e-01  3.70230138e-01  1.90864563e-01
  -7.40171820e-02  4.24982235e-02  1.22809403e-01  4.21908170e-01
  -2.62465388e-01  7.53377527e-02  2.48210043e-01  1.15492612e-01
   1.13931678e-01 -2.09447026e-01 -2.59410232e-01]
 [ 2.91550010e-01  3.06905601e-02  6.29203916e-02 -4.38537300e-01
  -1.07215747e-01  2.81688832e-02  2.36663461e-01 -4.03612733e-01
  -1.47936836e-01  1.99512944e-01 -4.98325117e-02  7.52138719e-02
  -1.64983407e-01  4.42487329e-01  1.48938328e-01]
 [-2.68375129e-01  4.22367454e-02  1.00150861e-01  2.17006758e-01
  -3.97097349e-01  1.24591619e-01  2.96600647e-02  1.29759848e-01
  -1.42641380e-01  9.77994055e-02  1.05753588e-02  1.05634555e-01
   3.88567895e-01  3.01150143e-01  1.50087640e-01]
 [-2.23900490e-02 -2.29901850e-01 -1.34053767e-01  3.48716289e-01
  -2.42025673e-01 -5.14112785e-02 -2.26869166e-01 -4.17200178e-01
   1.19151831e-01 -2.71445900e-01 -1.25154480e-01 -1.09081687e-02
  -1.45476773e-01  4.56809938e-01  6.72606304e-02]
 [-1.32683873e-01  2.70046294e-01 -5.25486432e-02 -1.71468168e-01
  -1.99579328e-01 -9.43047106e-02 -1.83005735e-01  3.19571286e-01
  -2.97793835e-01 -2.12541863e-01  1.71333358e-01  2.58619249e-01
   2.62985062e-02 -1.26542822e-01  3.86362463e-01]
 [-4.06159699e-01  3.60749125e-01  2.99934924e-01  2.30422586e-01
   3.64967376e-01 -4.76304488e-03  2.46035695e-01  2.42819220e-01
   3.31197083e-01 -4.17734593e-01  3.18362266e-01 -4.71202061e-02
  -3.22078437e-01  3.82835180e-01 -2.30819032e-01]
 [ 3.59014273e-01  3.84491682e-01  3.76782984e-01 -2.33138934e-01
   1.29439160e-01  3.62175286e-01  1.05860710e-01  2.89124787e-01
  -1.31202880e-02  3.66084784e-01 -1.83877066e-01  9.85005870e-02
  -3.16975981e-01  3.26869488e-01 -2.08363757e-01]
 [-1.75005198e-01  2.92908043e-01  3.42027724e-01  3.13187957e-01
   3.03809762e-01  2.38994323e-02  2.74096340e-01 -2.59003788e-01
  -8.29150379e-02 -1.70754805e-01 -1.38858855e-01  8.27933997e-02
   5.05361296e-02 -3.39652002e-01  2.31180906e-01]
 [ 5.16897365e-02  4.38159034e-02 -1.41503826e-01 -4.36534226e-01
   7.48538077e-02  4.01669860e-01  1.14287905e-01  2.77163953e-01
  -6.97603598e-02  1.82266608e-01  4.12210464e-01  1.24902025e-01
   6.03333712e-01 -5.26848026e-02  3.67566109e-01]
 [ 2.84719437e-01  3.87515694e-01 -2.10659683e-01  1.73485532e-01
  -1.90598875e-01 -3.25024724e-01 -4.84574288e-01 -4.51197773e-01
  -1.10517807e-01 -4.28673714e-01 -1.44625098e-01 -4.24782068e-01
   2.00182915e-01  5.36983252e-01 -3.78518440e-02]
 [ 2.50059724e-01  5.93497679e-02  2.72719175e-01 -2.77426429e-02
   2.35518321e-01  3.65534216e-01  1.91305906e-01 -5.48321269e-02
  -9.61697698e-02 -4.49368179e-01  3.64290535e-01  3.06234807e-01
   3.54767084e-01  3.02438408e-01  9.26265568e-02]
 [ 2.50295669e-01  5.57476223e-01  4.00722116e-01  4.14467394e-01
   2.15952754e-01 -5.95576406e-01 -9.74919603e-05 -3.33625734e-01
   2.49616429e-01  1.31404549e-01 -1.59526646e-01 -1.90776646e-01
  -1.69350937e-01  2.52587497e-01  9.44266692e-02]
 [-4.16575074e-01 -1.37184739e+00 -9.62547004e-01 -2.80014146e-02
  -1.54229134e-01  1.64197433e+00  8.93588126e-01 -3.00273180e-01
  -1.08865602e-02 -5.97295584e-03  9.09242868e-01  1.53884852e+00
  -4.85223562e-01 -8.59194100e-01 -6.08578920e-01]]
Peso 2:
[ 0.2544609   0.9417527   0.50393116  0.00639715 -0.07395368 -0.30005017
 -0.10318611 -0.03197805 -0.00248826  0.0745263  -0.17850661 -0.22908685
  0.27300087  0.44298476  0.27682227]
Camada: saida
Peso 1:
[[-0.70008844  0.01836982]
 [-1.4817057   1.0318427 ]
 [-0.6118238   0.8287646 ]
 [-0.523377   -0.30977595]
 [-0.06409025 -0.15377234]
 [ 1.349159   -1.32994   ]
 [ 0.7314159  -0.65286237]
 [-0.29754555 -0.19024774]
 [ 0.5490547   0.56458265]
 [-0.26666382  0.08137029]
 [ 0.9267412  -0.40312067]
 [ 1.3748077  -0.85893714]
 [-0.37895796  0.69776946]
 [-0.6953223   0.83192563]
 [-0.77700627  0.29084897]]
Peso 2:
[-0.5379517  0.5379546]
