


pesos modelo: 
Test loss: 0.6300, Test accuracy: 0.8159
Camada: meio
Peso 1:
[[ 0.23099509 -0.2210418  -0.35295635 -0.18510604  0.15168968  0.45831236
   0.3148419  -0.3232553 ]
 [-0.14136854  0.24473713 -0.33580992 -0.36813155  0.1223053  -0.2491627
   0.29251432  0.10288816]
 [-0.4089278   0.07654441  0.31959224  0.08286158  0.21835904  0.40068308
  -0.1515371   0.07808212]
 [-0.27789727 -0.4570943  -0.32650718  0.07708001  0.33143783  0.32007995
   0.1039344   0.20033263]
 [-0.13899562 -0.31751403  0.25372222 -0.0673213   0.4125723  -0.47153175
   0.4018038   0.27064642]
 [-0.30318147 -0.24167144  0.10963412  0.5857187  -0.41447935 -0.06037444
  -0.2142084   0.37018624]
 [ 0.33948398 -0.1283479  -0.21639183  0.39917275  0.31580088  0.06895795
   0.14102022  0.40333375]
 [-0.0526272  -0.10611688  0.02533483 -0.2848693   0.12579595 -0.42608458
  -0.03511406 -0.01427563]
 [ 0.02655467 -0.18158327 -0.38793954 -0.10767248 -0.24783546 -0.21235816
   0.24661705  0.2107075 ]
 [-0.4146872   0.34563315  0.08328224 -0.07879056 -0.11794844  0.10177548
   0.31546673  0.21808992]
 [ 0.04984025  0.2191312  -0.38971648 -0.07583122 -0.457874    0.00309026
   0.35269853  0.28482583]
 [ 0.26115167 -0.4187234   0.1573697   0.31851622 -0.13418822 -0.16109772
  -0.04902948  0.32334918]
 [-0.24744159 -0.03269923 -0.29857942  0.25114134 -0.04881886  0.03688377
  -0.29849198  0.17352793]
 [-0.33447284  0.11831231  0.00559944  0.55663717 -0.06921058 -0.36097005
   0.526952    0.00797114]
 [-0.27186692  0.11124363 -0.13873303  0.48639113  0.40387425  0.25969857
   0.657831    0.01485934]
 [ 0.09195609 -0.0423025  -0.00513334 -0.45859638  0.09159905 -0.19579947
  -0.33706123  0.8941825 ]
 [-0.26306432 -0.26836613 -0.23315898  0.6079332  -0.28228056 -0.43680045
   0.05838446 -0.22262186]
 [ 0.11661728  0.19023904  0.16820416 -0.42327613 -0.33248034 -0.23979297
   0.03736378  1.0389739 ]
 [ 0.46752745 -0.1850787  -0.02180346  1.3227195  -0.46119806 -0.42022318
   1.106024   -2.1887379 ]]
Peso 2:
[-1.4261888e-02 -2.3590030e-02  2.7001597e-02 -3.1432796e-01
  1.9649828e-02 -1.5301867e-04 -3.1363422e-01  1.4262764e+00]
Camada: saida
Peso 1:
[[ 0.58883053 -0.08088177]
 [ 0.24766992  0.12811819]
 [-0.5475772  -0.05882693]
 [ 0.76818633 -1.4712474 ]
 [-0.45218235 -0.13727848]
 [-0.62858784 -0.58730525]
 [ 0.7008045  -1.1756763 ]
 [-2.2040753   1.871436  ]]
Peso 2:
[-0.37579066  0.37579262]



pesos modelo: 
Test loss: 0.2956, Test accuracy: 0.8794
Camada: meio
Peso 1:
[[ 0.33336988 -0.43821013 -0.24249847 -0.23272456  0.12625185  0.25590512
  -0.252824   -0.21785426]
 [ 0.4698335  -0.12824659  0.15822257 -0.19046195 -0.4080617   0.23456725
  -0.21860433 -0.15521897]
 [ 0.12659231  0.17255099  0.4474329   0.27534667  0.15666865  0.22213526
  -0.2876792   0.33826756]
 [ 0.43037957  0.08688834 -0.2807727  -0.05534948 -0.0709926   0.4494877
  -0.4709174   0.11412746]
 [ 0.29566517  0.12158714  0.29929188 -0.14173037 -0.39469752  0.20331588
   0.25553653  0.30941468]
 [-0.3087835  -0.00718893  0.40862602  0.08081343  0.42412314 -0.39650416
  -0.39240384  0.5081158 ]
 [-0.28938323  0.09750248  0.38778028 -0.2756143  -0.09736841  0.14778806
  -0.41762832  0.29250315]
 [-0.02918307  0.2261283  -0.16484295  0.2710214  -0.10823667  0.4215877
   0.25162533  0.44777486]
 [-0.11200459  0.0451417   0.06295951 -0.0347393  -0.4273016   0.29738373
  -0.07991686  0.19477858]
 [ 0.12032057  0.10603108  0.01961068 -0.17184949 -0.2768473   0.2593401
   0.4060801   0.21334085]
 [ 0.23162472  0.16287926 -0.05026907 -0.09791241 -0.24670917  0.23769166
   0.04696222  0.42408943]
 [-0.40662405 -0.07744425 -0.23625247 -0.2988028   0.02361263  0.4890493
   0.13137297 -0.2595571 ]
 [-0.10582286  0.03224358 -0.26534948  0.15633747  0.5328014  -0.05839095
  -0.26238665  0.40319493]
 [-0.4280317   0.5026939  -0.54645     0.27240047  0.28207305  0.50443476
   0.3163875  -0.08130614]
 [-0.06339005  0.4099438   0.30463958  0.427042   -0.22102883 -0.07090366
  -0.33071882  0.2919153 ]
 [-0.17467569 -0.5260403   0.08974831 -0.25126728 -0.04675602  0.42054117
   0.2202623   0.23608685]
 [-0.17461753  0.5361263  -0.0601265   0.44916204  0.29339013  0.17896004
   0.205572    0.10868891]
 [-0.30202538 -0.7639052  -0.36500725  0.10210326 -0.258519   -0.07868732
  -0.33584824  0.67845464]
 [ 0.40420946  2.7041008   0.06561095  0.05200174 -0.3089838  -1.0055349
   0.07077764 -0.9551652 ]]
Peso 2:
[ 0.00635659 -0.62531906  0.03280958 -0.06068851  0.14909326  0.49150556
 -0.03776358  0.68942475]
Camada: saida
Peso 1:
[[ 0.44684684  0.5489768 ]
 [ 2.1234376  -2.0309048 ]
 [-0.03655881  0.36310685]
 [ 0.08837312 -0.14738044]
 [-0.00690476  0.83168834]
 [-1.1487724   0.59962183]
 [-0.11325539  0.3946551 ]
 [-0.96038514  1.1339438 ]]
Peso 2:
[-0.6779955   0.67799634]



pesos modelo: 
Test loss: 0.4288, Test accuracy: 0.8526
Camada: meio
Peso 1:
[[ 1.26648694e-01  3.35842282e-01 -3.36614609e-01 -2.13335663e-01
   2.75128692e-01  5.22005856e-02 -2.55428314e-01  1.06233567e-01]
 [ 1.50955975e-01  2.71709859e-01 -2.78097987e-01  2.14446068e-01
   1.04989514e-01 -2.22678199e-01  2.81704545e-01  8.75397176e-02]
 [-3.11631054e-01  1.40841641e-02  4.13708568e-01  2.99558371e-01
   3.20016518e-02  4.48042899e-01 -8.64394382e-02  4.09406245e-01]
 [ 1.71325058e-02  3.75840425e-01  5.10614142e-02  3.74899894e-01
   2.90614590e-02  1.79580256e-01  1.05187096e-01 -1.56194955e-01]
 [ 3.30528557e-01 -5.58500849e-02 -1.78992674e-01  1.34605110e-01
   4.06304508e-01  2.14187071e-01 -4.01303768e-01 -4.13541915e-03]
 [ 1.55321106e-01  1.28362954e-01 -4.58601378e-02  1.39174402e-01
   1.26904221e-02 -8.73568803e-02 -6.96500181e-04 -3.95354956e-01]
 [-1.36949211e-01 -1.08825043e-01  2.55849093e-01  8.56293738e-02
   1.25471558e-02  9.64118689e-02 -7.89561048e-02  4.24656361e-01]
 [-6.58510849e-02 -1.49478763e-02 -2.97163874e-01  2.45860115e-01
   3.26695919e-01 -4.30034697e-02 -8.16932842e-02 -3.82311046e-01]
 [ 3.20357263e-01  5.41559279e-01  2.15838283e-01  3.30523729e-01
   5.61191030e-02  1.90513432e-01  3.37460004e-02 -1.42032653e-01]
 [ 1.63608104e-01  4.36585769e-02 -2.82436833e-02  3.10413629e-01
  -2.70399630e-01  3.37347180e-01 -2.48959929e-01 -3.63151766e-02]
 [-2.82471508e-01  2.63073355e-01 -7.11499825e-02  5.20362139e-01
  -3.29284072e-01  1.74041465e-01 -3.65747839e-01  7.81478807e-02]
 [ 1.60043072e-02 -3.57307881e-01  1.28792271e-01  1.76733881e-01
   3.42159361e-01  4.17982936e-01 -1.10204458e-01 -3.94712001e-01]
 [ 4.49302614e-01  9.79162566e-03  2.93597251e-01  1.75234720e-01
   4.73709583e-01  5.34783840e-01 -1.47227764e-01  3.38756666e-02]
 [ 1.83546379e-01  4.67218339e-01  4.87811029e-01 -2.00256407e-01
  -2.46212751e-01  4.82243299e-01  7.99229071e-02 -1.73921496e-01]
 [ 1.21767387e-01  3.80898416e-01  3.12357724e-01 -2.63567746e-01
  -4.13917333e-01  1.85854584e-01 -4.20018137e-02 -3.74366730e-01]
 [ 5.97427428e-01 -4.40468997e-01 -2.29920283e-01  9.77267921e-01
  -1.42576769e-01 -7.46571869e-02  5.89835644e-02 -2.27651343e-01]
 [ 4.29799967e-02  5.14706790e-01 -4.29564416e-02 -2.10787639e-01
  -1.47967696e-01  1.98940217e-01  2.36799359e-01  5.12527168e-01]
 [ 4.37584788e-01  2.24323180e-02  5.61574876e-01  7.79596329e-01
  -2.76386291e-01 -1.36087567e-01 -2.41550311e-01  4.60896730e-01]
 [-9.05745447e-01  8.82084787e-01 -1.01873565e+00 -1.89548945e+00
  -3.12614799e-01  1.42622554e+00  5.51658347e-02 -8.49814713e-03]]
Peso 2:
[ 0.4223164  -0.10163231  0.36591554  1.3485503   0.28621447 -0.17576422
 -0.07155336  0.08089755]
Camada: saida
Peso 1:
[[-1.0778685   0.2916293 ]
 [ 0.7578284  -0.92250717]
 [-0.7762137   0.6681923 ]
 [-1.8977668   1.9569229 ]
 [-0.683959    0.2986665 ]
 [ 1.2818758  -0.87316996]
 [ 0.03928081  0.12967803]
 [-0.6210744  -0.14220397]]
Peso 2:
[ 0.09975346 -0.09975436]



pesos modelo: 
Test loss: 0.3577, Test accuracy: 0.8652
Camada: meio
Peso 1:
[[-2.13683724e-01 -1.47576362e-01  6.17249906e-02  1.68797225e-01
   8.21821988e-02 -2.48146370e-01 -4.06825423e-01 -3.28448147e-01]
 [-2.85058856e-01 -1.09060943e-01 -2.79898375e-01  3.39971155e-01
  -2.74041563e-01  6.89006075e-02 -2.17165336e-01 -4.17548299e-01]
 [ 1.33480638e-01  1.88126549e-01  2.99895912e-01 -2.36946762e-01
   3.19955647e-01  3.42463911e-01 -3.48449677e-01  1.43784598e-01]
 [ 3.50363143e-02  2.40219563e-01  1.03725925e-01 -2.51175791e-01
  -9.66773331e-02  4.54262525e-01 -4.28805798e-01 -1.21641301e-01]
 [ 3.39947015e-01 -5.15318587e-02 -1.80173233e-01 -4.68849361e-01
   9.15006399e-02  1.13750435e-01 -3.50754648e-01  2.00855002e-01]
 [ 3.51439506e-01  7.77168497e-02  3.76400739e-01  6.52820840e-02
  -3.62599283e-01  3.03111345e-01  2.56382585e-01  1.82180226e-01]
 [-2.55783826e-01  3.00239325e-01 -3.16640496e-01  4.53793436e-01
  -3.08865160e-01  5.38225710e-01 -3.69605571e-02 -4.60937858e-01]
 [-3.88391409e-03 -1.13235705e-01  1.41365573e-01 -1.84162725e-02
   4.62377295e-02  9.31300968e-02  3.61198097e-01 -1.38036624e-01]
 [-2.74306834e-01  2.16455563e-04  1.32395223e-01  3.38457674e-01
   4.65003811e-02  1.70359403e-01 -4.31549437e-02 -3.37255597e-01]
 [-2.34799594e-01  3.00715387e-01 -5.78734465e-02  2.95398682e-01
   3.60454172e-01  4.87446427e-01 -3.57972644e-02  3.62433404e-01]
 [-3.03256452e-01  9.98921171e-02 -3.10489744e-01  2.13798583e-01
  -1.93031263e-02  3.20531189e-01  3.61440629e-02 -4.20279652e-01]
 [ 3.19732010e-01 -4.76926044e-02 -1.70771644e-01  2.27638423e-01
  -1.82020962e-01  1.88346997e-01  3.49204421e-01  4.51143160e-02]
 [ 3.99297953e-01 -1.80281531e-02 -1.80992678e-01 -2.56106406e-01
   1.50741845e-01  2.17941120e-01  7.72672845e-03 -2.91151758e-02]
 [-2.34282553e-01  1.49149194e-01 -1.39248043e-01  1.58492208e-01
  -1.27559274e-01 -3.31684411e-01  3.24465901e-01 -3.35619897e-01]
 [-1.76364213e-01  5.95335126e-01  3.09197068e-01  4.19221759e-01
  -4.68098700e-01  2.22214848e-01  4.98463660e-01 -1.42662108e-01]
 [-1.13211803e-01 -3.73565316e-01 -1.28466547e-01 -4.13791478e-01
  -2.17743456e-01  9.41597879e-01 -2.06123456e-01  2.86487371e-01]
 [ 6.91910237e-02  5.68057656e-01  1.49702251e-01 -1.48988916e-02
   1.52482674e-01  4.43469286e-02 -1.44911468e-01  3.42995301e-02]
 [-2.69322217e-01 -8.00295413e-01 -3.74488056e-01 -1.33143321e-01
   2.91170120e-01  4.87046629e-01  9.12211165e-02 -2.04313477e-03]
 [ 5.91227375e-02  2.53975177e+00 -2.79833496e-01 -3.95967960e-01
   1.83671936e-01 -1.54963183e+00  2.16885090e-01  2.12323442e-02]]
Peso 2:
[ 0.00435857 -0.543394   -0.03582923  0.03123324  0.0456298   1.0991967
 -0.03592877 -0.05789372]
Camada: saida
Peso 1:
[[ 0.47027197  0.6676073 ]
 [ 1.4910617  -2.3461936 ]
 [ 0.2787593   0.5902054 ]
 [ 0.03575177  0.3348148 ]
 [-0.2232522   0.6104386 ]
 [-1.901021    1.2006607 ]
 [ 0.240571   -0.06990794]
 [-0.10980902 -0.32407436]]
Peso 2:
[-0.62893474  0.6289371 ]



pesos modelo: 
Test loss: 0.7181, Test accuracy: 0.7903
Camada: meio
Peso 1:
[[ 3.2500234e-01 -3.6387891e-01 -4.1153273e-01  2.8906646e-01
  -2.3678796e-01 -3.3340675e-01  2.3958057e-02  7.2491676e-02]
 [ 3.5049129e-01  3.7667534e-01  4.5195088e-01  2.2125740e-02
  -1.0933028e-01  2.7164248e-01  3.8829982e-01  4.7149858e-01]
 [ 1.0027386e-01 -4.1163838e-01 -3.7789455e-01 -7.6039612e-02
   3.6274850e-01  2.9769200e-01  1.0472285e-01 -1.3173427e-01]
 [ 1.8020213e-01  2.3071678e-01  3.3686250e-01  2.4893261e-01
   3.4873489e-01  3.4730715e-01 -4.3904307e-01  3.1495646e-01]
 [ 3.8705420e-01 -1.3350419e-02 -2.4648634e-01  2.3931004e-01
  -2.7816510e-01  3.6490396e-01  1.0791218e-01  6.5005380e-01]
 [ 3.0623585e-01  2.9957163e-01 -2.4449807e-01 -2.8268871e-01
   2.9292271e-01 -3.3963654e-02  4.5698255e-01  1.4916354e-01]
 [ 2.7235025e-01 -4.5862839e-01  1.4537161e-03  1.2205760e-01
  -3.9434633e-01 -4.2551923e-01 -3.3244386e-01  3.2509801e-01]
 [ 3.5251337e-01  1.8816905e-01 -1.2771484e-01 -3.2570444e-02
  -3.4445047e-01  4.0049490e-01  1.6849296e-01  3.4441036e-01]
 [ 2.8465158e-01 -2.3201445e-01  4.5464128e-01 -1.2941061e-01
   4.5133507e-01 -2.4476773e-01 -7.9929523e-02  2.5359017e-01]
 [-1.1598659e-02 -4.1325435e-01  2.6937875e-01  2.7408186e-01
  -2.4835129e-01 -3.3919200e-01  3.2163706e-01 -1.6241560e-02]
 [ 3.0802518e-01 -4.5247996e-01 -1.3281229e-01  8.9954533e-02
  -4.4099540e-01 -2.0163441e-01 -3.6844805e-01  3.2047716e-01]
 [ 1.8711817e-01  4.0327904e-01  3.2102112e-02 -9.9695958e-02
  -4.7024253e-01 -4.2564377e-01 -3.0302230e-01 -8.2541205e-02]
 [ 3.1809565e-01  1.6850571e-01 -7.0435375e-02  1.9450602e-01
   2.9880497e-01 -2.5922829e-01 -3.5438487e-01  4.7349522e-01]
 [-5.7373397e-02 -5.0543880e-01  3.3493242e-01 -1.6748361e-01
  -3.4546363e-01 -9.2329435e-02 -2.8169635e-01  4.7437561e-01]
 [-4.6234336e-01  3.4338465e-01  3.3072062e-02  5.1075947e-01
   2.9708126e-01 -2.5309086e-01  3.1906542e-01  2.9106382e-01]
 [ 9.4671667e-01  3.8383150e-01 -8.8716522e-02  1.8071166e-01
  -3.6037758e-01  2.7212551e-01  3.3506191e-01 -1.8606423e-01]
 [-1.6005456e-02 -2.2989209e-01 -1.6068411e-01  8.7432556e-02
   3.9167431e-01  4.4019482e-01  1.9398487e-01  9.1177297e-01]
 [ 8.8726187e-01 -8.8595770e-02 -3.6218107e-01  4.9756509e-01
   1.6354984e-02  7.5364895e-02  2.0373061e-01 -3.4155923e-01]
 [-2.4125407e+00  8.2568064e-02 -5.9512502e-01 -1.0726863e+00
  -4.4436720e-01  4.0949178e-01 -2.7728358e-01  9.8763174e-01]]
Peso 2:
[1.5811381e+00 2.3403837e-04 5.4894857e-02 5.0768787e-01 2.2752432e-02
 1.8067634e-02 2.7464934e-02 9.7142585e-02]
Camada: saida
Peso 1:
[[-2.1074984   2.3197384 ]
 [-0.4146656  -0.1398197 ]
 [-0.03167148  0.48287413]
 [-1.0777445   0.8037736 ]
 [-0.6286218  -0.25307712]
 [ 0.55443907  0.33171135]
 [ 0.01202679  0.30238977]
 [ 0.5969439  -1.5901811 ]]
Peso 2:
[ 0.7041892 -0.7041895]



pesos modelo: 
Test loss: 0.3506, Test accuracy: 0.8766
Camada: meio
Peso 1:
[[ 7.72847235e-02 -2.02348262e-01  4.12228703e-03  2.30830520e-01
   4.60324377e-01 -1.52424246e-01 -4.34258580e-03 -4.47929978e-01]
 [ 1.52749956e-01 -1.83881745e-01  3.85658443e-02  3.97150815e-01
   1.23481765e-01 -2.52875328e-01  2.67938495e-01  6.53889358e-01]
 [ 5.67730367e-02 -1.98919922e-02  5.81304915e-02  4.91741486e-02
   8.78021866e-02  3.50167751e-01 -3.98078680e-01  3.48568052e-01]
 [ 8.49205628e-02 -9.45085883e-02  1.13558888e-01 -3.10479343e-04
   3.03599030e-01  1.38525933e-01  1.72455594e-01  5.64004540e-01]
 [-3.53456646e-01 -3.58285122e-02 -4.43920717e-02 -2.18997225e-01
  -3.14044207e-01 -4.02213782e-01 -1.88792974e-01  7.53132440e-03]
 [-2.56966446e-02  3.33109200e-01  1.48301065e-01 -1.49137959e-01
  -4.51169759e-02  3.87867153e-01  1.80784557e-02  2.26673633e-01]
 [ 4.42840427e-01  9.76098105e-02  6.96564764e-02  2.46885493e-01
  -3.08398515e-01  8.67038816e-02 -3.06858532e-02  1.87242895e-01]
 [ 2.06179529e-01  7.83173591e-02 -9.43202805e-03 -5.35076670e-02
   3.36758494e-01 -8.82158950e-02  2.83571333e-01  2.76099205e-01]
 [-4.72900420e-01  5.29523075e-01  3.68942201e-01 -1.82592478e-02
  -2.21720189e-01 -1.97462648e-01 -3.02633226e-01  4.60109740e-01]
 [ 1.80089787e-01  4.10244733e-01 -1.08638503e-01  2.64341265e-01
   3.57567161e-01  3.17970328e-02 -3.15079838e-01  2.56104674e-02]
 [ 5.09001374e-01  6.36354238e-02 -8.76835510e-02  1.59982458e-01
   1.71605751e-01 -1.77995920e-01 -2.16166496e-01  9.46510509e-02]
 [ 3.20231944e-01  1.05030604e-01  8.63149669e-03 -2.07101062e-01
  -2.98827916e-01 -3.44352275e-01  6.27149791e-02 -6.16543479e-02]
 [ 2.67004848e-01  4.27448213e-01  1.18567340e-01  1.67665109e-01
  -3.52299452e-01 -2.23926961e-01  2.92990655e-02  8.00748393e-02]
 [-2.25827873e-01 -3.43752921e-01  3.20232153e-01  7.74051845e-02
   1.85800403e-01 -3.31647635e-01 -9.50528532e-02 -4.73919474e-02]
 [-1.81140929e-01  2.75230169e-01  5.14713228e-01  5.43342710e-01
   4.47593778e-01 -2.87156403e-01  8.58271644e-02  2.97572434e-01]
 [ 4.87930387e-01  6.21780753e-01 -4.64707136e-01 -6.54891953e-02
  -2.55020797e-01 -3.32123756e-01  1.24067992e-01  5.64062059e-01]
 [ 3.26808572e-01  1.18230790e-01  6.61840022e-01  6.86718673e-02
   3.45044196e-01 -4.11005676e-01 -2.08524346e-01  1.22563131e-01]
 [-4.02366489e-01 -1.18213430e-01 -7.34176219e-01 -4.83927637e-01
  -3.25921386e-01 -2.53528208e-01 -2.27668568e-01  5.36375880e-01]
 [ 2.55897939e-01 -7.17062831e-01  2.29638910e+00  1.00865269e+00
   6.93307221e-01  3.25167239e-01  5.58262728e-02 -1.37161171e+00]]
Peso 2:
[ 0.07379764  0.50080097 -0.70639    -0.19441983 -0.1106387  -0.00367141
 -0.15287255  0.91934484]
Camada: saida
Peso 1:
[[-0.21766938  0.1487138 ]
 [-1.0342      0.3404315 ]
 [ 2.3095608  -1.2278662 ]
 [ 0.08380322 -1.1651636 ]
 [ 0.36070892 -0.77655333]
 [ 0.7547823   0.62821877]
 [-0.31956735 -0.65965444]
 [-1.7460569   0.715386  ]]
Peso 2:
[-0.9770616  0.9770647]



pesos modelo: 
Test loss: 0.4992, Test accuracy: 0.8288
Camada: meio
Peso 1:
[[-0.1514633   0.02853465 -0.22478701 -0.08128026  0.12229237 -0.14113766
  -0.15885338  0.08508989]
 [ 0.19179009 -0.43127966 -0.44411322  0.36678365 -0.3147555   0.2403676
  -0.03328301 -0.03921077]
 [ 0.14557801 -0.21604434  0.05976424  0.46528152  0.23969473  0.43927538
   0.17633328 -0.17307466]
 [-0.01367327 -0.14256085 -0.17206492  0.2202112   0.18224764  0.36021283
   0.06405351  0.22149706]
 [-0.04405611 -0.2808129   0.37076008  0.00243995 -0.08949109  0.08564577
  -0.12038185 -0.46245694]
 [-0.06314935  0.2512073   0.2925347   0.61209774  0.19094561 -0.07351643
   0.37926716 -0.28364894]
 [-0.08599118  0.3011985   0.17323259  0.02028946 -0.43304875  0.33139864
  -0.04140354  0.08351192]
 [-0.13077475 -0.04277562  0.21587569  0.31606472 -0.18252978 -0.40351117
   0.15298128 -0.47339028]
 [-0.18347272 -0.3769172  -0.185895   -0.07161763  0.10043908  0.2565636
  -0.05462294 -0.41308013]
 [-0.01258798 -0.15075736  0.1435706   0.02411779 -0.24132757 -0.12950279
  -0.12019288 -0.22259428]
 [ 0.1253668   0.2744121  -0.44116583  0.5991642   0.08995681 -0.09914071
   0.18342455 -0.08782396]
 [ 0.08065952  0.051724   -0.06918175  0.64732254  0.34115472 -0.22661453
   0.22359538 -0.38639185]
 [ 0.35875538 -0.3421101  -0.25581536  0.55042326  0.01608699  0.22754575
  -0.06826698  0.14471053]
 [ 0.5712722  -0.30639738 -0.08328261  0.53965986  0.05436648 -0.17499529
   0.5482227   0.05183758]
 [ 0.18524356  0.28493145  0.10960799 -0.11804277  0.05740803 -0.47515327
   0.28260973  0.17732188]
 [-0.53727823 -0.43796554 -0.06632847  0.19792444 -0.2939489   0.47951078
  -0.67741024  0.16084206]
 [ 0.35863745 -0.03246884  0.35830113 -0.02887271 -0.3344386   0.3797938
   0.42619845  0.02701683]
 [-0.63395363 -0.1481094   0.15742292  0.46600416 -0.02829422 -0.4291546
  -0.5797261  -0.27887794]
 [ 1.8275301  -0.07542861  0.31445715 -1.3323758   0.13748838  0.2920443
   1.8864516  -0.30811903]]
Peso 2:
[-0.30146906 -0.14065832  0.00607975  1.0908757  -0.15963735  0.04968263
 -0.5056015  -0.04723958]
Camada: saida
Peso 1:
[[ 1.3583376  -1.5074859 ]
 [ 0.21943198 -0.49591434]
 [-0.5515795  -0.5487916 ]
 [-1.5612165   1.1092916 ]
 [ 0.45491654  0.00427959]
 [-0.29518738  0.07592309]
 [ 1.4874709  -1.5552131 ]
 [ 0.58777314  0.3175455 ]]
Peso 2:
[-1.072055   1.0720563]



pesos modelo: 
Test loss: 0.3385, Test accuracy: 0.8683
Camada: meio
Peso 1:
[[ 2.18596905e-01  2.64833868e-02  6.96971714e-02  3.24511379e-01
  -1.86795890e-02  2.27224678e-01  2.19429284e-01  2.41440743e-01]
 [ 4.55004722e-01  3.58386308e-01 -1.48357555e-01 -5.91122098e-02
   2.35670075e-01  5.32692313e-01  2.65598714e-01 -1.97287530e-01]
 [ 2.84342498e-01 -1.24100298e-01  9.89832636e-03 -3.26939702e-01
  -3.03253531e-01 -7.19332993e-02 -2.66659055e-02 -7.03739822e-02]
 [ 6.30868003e-02 -3.65513057e-01  2.46184200e-01 -1.71855927e-01
  -7.31453076e-02  2.67572224e-01  3.84369157e-02 -3.41935277e-01]
 [ 5.35684125e-03 -3.02643955e-01 -2.05818594e-01  2.24177450e-01
  -4.15939182e-01  3.82104069e-01  6.44781142e-02 -2.02007785e-01]
 [ 7.48988241e-02 -3.31944935e-02 -2.63400763e-01 -4.47914183e-01
  -4.04017061e-01  3.75717759e-01  9.51125547e-02  4.44741733e-02]
 [-5.29910326e-02 -1.02446072e-01  2.69578565e-02  2.72427768e-01
  -2.86258221e-01  3.80729079e-01  4.42295484e-02 -2.34413639e-01]
 [ 4.90268826e-01  3.55593026e-01  2.60641098e-01  3.33975762e-01
  -1.67291254e-01  4.65243191e-01  2.31562749e-01  4.40544300e-02]
 [-2.37811521e-01 -4.86563027e-01  2.92718768e-01 -2.91577488e-01
   3.06378007e-01  2.18341962e-01 -1.01303481e-01 -3.33109056e-03]
 [ 1.09605119e-01  4.01426911e-01  3.74312669e-01 -2.55048960e-01
   7.96859786e-02  4.17795956e-01  1.55169547e-01  1.94647029e-01]
 [ 9.47613567e-02  2.62958348e-01 -4.36871797e-01 -2.00776294e-01
  -4.47668694e-02  2.76763085e-02 -7.39748403e-02  3.08475420e-02]
 [-2.60910094e-01 -1.12082638e-01 -2.78546035e-01 -1.36273995e-01
  -4.53579932e-01  4.58353043e-01 -3.50560830e-03  2.35145673e-01]
 [-1.02052718e-01 -2.54343122e-01 -3.79716247e-01 -3.27194035e-01
  -5.06940857e-02  8.34197700e-02 -1.28682226e-01 -1.24888800e-01]
 [ 5.51905453e-01 -1.01358995e-01  3.40361804e-01 -3.65316272e-01
   3.24557275e-02 -2.88867384e-01  5.13343573e-01 -3.87762636e-02]
 [-1.95189416e-01 -2.25635804e-03  6.83440315e-03  4.36844289e-01
   1.23882778e-01  2.03814194e-01  4.59247559e-01  6.05635010e-02]
 [ 5.22404373e-01 -7.15920329e-02 -3.89934689e-01 -3.73486966e-01
  -4.36814517e-01  3.09279025e-01 -6.25026047e-01 -3.06861788e-01]
 [ 2.79498845e-01 -2.18743160e-01  3.73281330e-01  3.04746270e-01
   1.21651217e-01 -2.83936262e-01  4.60550576e-01 -3.07257473e-01]
 [-2.90019155e-01 -2.70047178e-03  1.33850336e-01 -1.70278370e-01
   4.17627767e-03  9.47148144e-01 -5.69422543e-01  1.56485699e-02]
 [-7.99323916e-01  1.79766625e-01 -2.47146964e-01 -1.29107013e-01
   2.91620307e-02 -6.58915818e-01  2.76998878e+00 -2.85549581e-01]]
Peso 2:
[ 0.52089214 -0.00996416 -0.04256499 -0.02578892 -0.00185855  0.8910081
 -0.66971684 -0.19598477]
Camada: saida
Peso 1:
[[-0.65036297  0.75634307]
 [-0.44294953 -0.1409449 ]
 [ 0.00715501  0.0909479 ]
 [ 0.45509976  0.13011877]
 [ 0.02902411 -0.05429712]
 [-1.2427437   0.90593654]
 [ 2.2080495  -2.0679622 ]
 [ 0.48886615 -0.57643443]]
Peso 2:
[-1.0871143  1.0871155]



pesos modelo: 
Test loss: 0.2891, Test accuracy: 0.8823
Camada: meio
Peso 1:
[[ 0.21891221  0.0364466  -0.18341702 -0.3533259  -0.24829113  0.09148756
   0.1633124  -0.14792016]
 [-0.13994156 -0.23618753 -0.09549904  0.21833746  0.02612473  0.0484996
   0.11343255 -0.0953728 ]
 [ 0.33301243 -0.21347328 -0.16534986 -0.39887708  0.21640301 -0.0708913
  -0.07845483 -0.10152305]
 [-0.20887552  0.01913114 -0.07838625  0.30375677  0.36858    -0.19331346
  -0.12411941  0.10365444]
 [-0.31538835  0.13939328 -0.32209405  0.29065546  0.06570482 -0.14977145
  -0.17783354 -0.11273544]
 [-0.20398456  0.14290696 -0.30334693  0.34929416  0.2820417   0.43250984
  -0.46974337  0.1590792 ]
 [ 0.310956    0.09379137  0.2931435  -0.32730374  0.14359601  0.14282578
  -0.20742641 -0.01936154]
 [-0.22985236  0.36485595 -0.22468436 -0.36970648  0.33162925  0.15479596
  -0.01964109  0.11129873]
 [ 0.37867764 -0.27057615  0.28374267 -0.28340068  0.17377786  0.15996458
  -0.01441557  0.00606408]
 [ 0.2405754   0.15514347  0.29311645 -0.366826   -0.02030941 -0.23945233
   0.18471631 -0.20590223]
 [ 0.04110156 -0.07304235  0.07258529  0.3177518   0.3997297  -0.07078492
  -0.04604841  0.14655608]
 [-0.12762292  0.00481319  0.09746136  0.20974536  0.34325933  0.03842333
   0.17957063  0.13590038]
 [-0.21958342  0.3594185   0.11452612 -0.07703839  0.34767893 -0.33541545
  -0.06003029  0.05705694]
 [ 0.09998719  0.25268343  0.33509105 -0.35209882  0.31268603  0.1274548
  -0.41263214  0.7711791 ]
 [ 0.43830684 -0.16319805  0.150565   -0.3287362   0.25032148 -0.482096
   0.03024998  0.46486887]
 [-0.20834018  0.2142616   0.6377613  -0.15399238  0.38209835  0.33939943
   0.04577394 -0.50958383]
 [ 0.3703977   0.28342986  0.11041857 -0.07122336 -0.10027806  0.54519904
  -0.22378138  0.5458307 ]
 [ 0.23316553 -0.54993916 -0.33031178 -0.01818058  0.8503828   0.7743936
  -0.19486794 -0.36982593]
 [ 1.0190525   0.33258295 -0.49954426  0.30072063 -1.4776343  -0.12190313
  -0.11332861  2.3797016 ]]
Peso 2:
[-0.11811838 -0.08888479  0.32800686 -0.05184968  0.9037842   0.36718082
 -0.04515884 -0.6201853 ]
Camada: saida
Peso 1:
[[ 0.44582507 -0.6935114 ]
 [-0.1506216  -0.47783625]
 [-0.33956927  0.6305615 ]
 [ 0.16306487  0.09537484]
 [-1.6042385   1.1004206 ]
 [-0.20020485  0.93828785]
 [-0.06075809 -0.34095842]
 [ 1.307884   -2.3256137 ]]
Peso 2:
[-0.9212911   0.92129034]



pesos modelo: 
Test loss: 0.5750, Test accuracy: 0.8173
Camada: meio
Peso 1:
[[-2.21735701e-01 -7.58460164e-02 -2.84421653e-01 -3.52028787e-01
   4.09571379e-01 -4.52806175e-01 -4.33695793e-01 -1.28496736e-01]
 [ 3.83235067e-01 -1.23611748e-01  1.50099844e-01 -2.04267755e-01
  -3.40998955e-02 -1.82362929e-01 -2.19268501e-01  5.03148735e-02]
 [ 2.19711393e-01 -1.13924146e-02  3.16747278e-01  8.35972503e-02
  -3.22416067e-01 -1.89434871e-01 -3.73774648e-01  2.04515252e-02]
 [ 3.50587517e-01 -2.02795967e-01 -2.77911779e-03 -1.68649286e-01
   1.61789566e-01 -7.38835633e-02 -1.38149559e-01  1.33803666e-01]
 [ 3.87566328e-01  7.66585693e-02  9.50835459e-03  6.32572500e-03
  -4.06138122e-01  2.86715478e-01 -1.59981966e-01  2.24909484e-01]
 [ 1.51443601e-01  1.46896262e-02  3.49637479e-01 -3.27987596e-02
   2.41846055e-01 -1.32912223e-03 -4.09833670e-01 -1.25974074e-01]
 [ 1.90463528e-01  2.18253076e-01  3.03032845e-01 -7.19921738e-02
  -4.10813792e-03  4.10792917e-01  3.39811206e-01 -6.11112379e-02]
 [ 1.24160834e-01  2.32083827e-01  3.50025773e-01  2.46832967e-01
   1.21811338e-01 -2.27634683e-01 -4.31784332e-01 -6.95596486e-02]
 [ 1.27150342e-01 -3.25361341e-01  1.90379322e-01  2.04123944e-01
  -2.86281884e-01 -3.44575971e-01 -3.13801080e-01 -2.05869321e-02]
 [ 1.46127224e-01  3.78422737e-01  2.73331136e-01 -1.33842692e-01
  -3.04649889e-01 -1.51555493e-01 -4.15787876e-01 -9.28719640e-02]
 [ 1.05669297e-01 -2.61919349e-01  4.02135730e-01  2.73080200e-01
  -1.81113910e-02  2.33742356e-01 -3.50781322e-01 -5.38883135e-02]
 [ 1.27969593e-01 -3.83688897e-01 -2.50102788e-01  3.04201216e-01
   7.56291524e-02  3.43352973e-01 -1.64620340e-01  1.02059416e-01]
 [ 1.87264428e-01 -1.29227759e-02 -1.74032301e-01  4.11366552e-01
   1.83955282e-01 -1.31009847e-01 -2.72093356e-01  1.74923077e-01]
 [-5.43060750e-02 -6.55436292e-02  5.17638028e-01  1.81686684e-01
   4.12760824e-02  7.67178908e-02 -3.85137737e-01  5.38041055e-01]
 [-1.49741158e-01  1.52919935e-02 -3.64758790e-01 -1.71660647e-01
  -1.78480729e-01 -9.29176435e-02  4.49941248e-01  5.54871857e-01]
 [ 1.06315160e+00  4.37499791e-01  4.57194187e-02 -3.43358040e-01
   1.32557169e-01 -1.76918820e-01 -2.68954992e-01 -4.65641916e-01]
 [-1.24558934e-03 -3.75228554e-01  2.62718707e-01  9.90113616e-03
  -2.23035917e-01  9.78892520e-02 -1.82868078e-01  6.59836650e-01]
 [ 6.90514445e-01  2.89785385e-01 -5.71493566e-01  1.44424647e-01
   2.65679006e-02 -3.90879512e-01  8.54570121e-02 -5.30669868e-01]
 [-1.85530043e+00  1.34190112e-01  4.09273833e-01 -5.93697786e-01
  -4.51185048e-01 -2.25047171e-01  2.70666122e-01  2.08970261e+00]]
Peso 2:
[ 1.2017018   0.01375867 -0.1278915   0.43688524 -0.16320609 -0.0422459
 -0.01270662 -0.59553933]
Camada: saida
Peso 1:
[[-1.122737    2.262129  ]
 [-0.6826972  -0.49027604]
 [-0.32811278 -1.130316  ]
 [-0.59635776  0.6578804 ]
 [-0.16603337 -0.3986812 ]
 [-0.31733084 -0.08872494]
 [ 0.143208   -0.45585167]
 [ 1.5906236  -1.6607045 ]]
Peso 2:
[-0.55681384  0.5568176 ]



pesos modelo: 
Test loss: 0.8259, Test accuracy: 0.7670
Camada: meio
Peso 1:
[[ 2.98503667e-01 -3.72287720e-01  1.66778892e-01  3.08927268e-01
   1.62854522e-01 -3.68183523e-01  1.67662174e-01  4.18491215e-01]
 [-7.07048476e-02 -9.64038353e-03 -2.17211008e-01  3.00774813e-01
   4.53283757e-01 -1.47270421e-02  4.86039639e-01 -7.36462399e-02]
 [ 8.38589817e-02 -1.58458531e-01 -3.07149023e-01 -3.56755674e-01
  -4.17775095e-01 -2.13730171e-01  9.89844948e-02 -2.85419505e-02]
 [-4.23461437e-01  1.92388162e-01  2.37983853e-01  1.84218988e-01
  -4.10451591e-01  4.06223655e-01  4.84201282e-01  7.88590088e-02]
 [ 3.63445371e-01  2.59983629e-01 -2.82970190e-01 -3.31009805e-01
   2.52423137e-01 -8.48645344e-02 -1.43057138e-01  4.55186069e-01]
 [ 1.64908066e-01 -2.65472475e-02 -1.20199390e-01 -3.11905116e-01
   2.99547464e-01  3.98494005e-01 -9.96554568e-02  2.01812610e-01]
 [ 7.35455677e-02  5.64569354e-01  3.53223383e-01  2.68740296e-01
  -3.48384559e-01 -1.27197057e-01  4.63181317e-01  3.85743618e-01]
 [-4.34567779e-01  3.34547371e-01 -1.03197740e-02 -3.00173610e-01
  -4.62344103e-02  4.55066860e-01  4.96310145e-01  2.52835751e-01]
 [ 3.58852684e-01 -7.50103127e-03 -8.84267017e-02  1.32791087e-01
  -2.44668394e-01 -2.01761246e-01  1.72549728e-02  1.66494280e-01]
 [ 4.74170074e-02  1.30561292e-01 -3.49420607e-01  4.32837903e-01
  -1.46896520e-03  2.65695930e-01 -2.09541053e-01  3.23563278e-01]
 [ 5.09565651e-01  3.73984575e-01 -2.25229442e-01  4.67769057e-01
  -4.27096069e-01  4.20977205e-01  1.00737907e-01  3.80586207e-01]
 [-3.92087281e-01 -1.16556846e-01 -4.85386401e-01  2.35003307e-01
   1.14671895e-02 -6.84247836e-02  2.14334026e-01 -2.51521729e-03]
 [-2.07892120e-01  1.65508687e-01  2.38215700e-01 -4.06829804e-01
  -1.91701818e-02  3.30341667e-01  1.84367463e-01  2.99085796e-01]
 [-2.61550039e-01  3.25201333e-01 -7.11477101e-02  4.49191064e-01
  -3.10169339e-01 -3.51359904e-01 -2.74317235e-01 -1.15657963e-01]
 [ 4.36695933e-01  5.47687769e-01  3.65822703e-01 -1.37537107e-01
   1.61090076e-01  4.21948373e-01 -1.82236329e-01  1.39335562e-02]
 [-2.05072254e-01 -6.48379207e-01 -4.19169217e-01  1.91603959e-01
  -1.00073226e-01 -1.90136328e-01  3.81511211e-01  6.55755460e-01]
 [-3.67649913e-01  5.29883802e-01 -2.61330128e-01 -5.46501338e-01
  -3.85381639e-01 -1.44934645e-02 -2.61454642e-01  5.64318821e-02]
 [-2.32092530e-01 -2.97092468e-01 -4.38514918e-01 -3.86695087e-01
  -7.19770864e-02 -1.85198769e-01  6.01120293e-01  7.42470205e-01]
 [-4.54645276e-01  1.89349401e+00 -2.58415788e-01 -2.74348140e-01
  -4.16132629e-01 -2.42772639e-01 -8.29457521e-01 -2.06147861e+00]]
Peso 2:
[ 0.11933214 -0.24993187 -0.1257276   0.09518638  0.07088879  0.01244894
  0.8004156   1.2134267 ]
Camada: saida
Peso 1:
[[ 0.32957852  0.7984311 ]
 [ 1.775345   -1.2060841 ]
 [ 0.53627175 -0.19321586]
 [ 0.04184388  0.612935  ]
 [-0.1557409   0.4745649 ]
 [ 0.31759766  0.38743877]
 [-1.2144525   0.7269393 ]
 [-1.7337816   1.8498368 ]]
Peso 2:
[-0.01023046  0.01023205]



pesos modelo: 
Test loss: 0.3977, Test accuracy: 0.8589
Camada: meio
Peso 1:
[[-0.0638372  -0.3624973   0.0835726  -0.3942721  -0.11120519 -0.2168644
  -0.26713955 -0.3089228 ]
 [ 0.22347644  0.17615987 -0.20120093 -0.08666782 -0.15570061 -0.05979698
  -0.2977367  -0.349109  ]
 [-0.02016212  0.05902801 -0.08901712  0.26316246  0.04942523  0.05837364
   0.16655618 -0.17735143]
 [ 0.16184111  0.27863094  0.4567639  -0.18083906 -0.2568018  -0.04298482
  -0.14276919 -0.22577398]
 [ 0.46384028  0.27465373 -0.42564955 -0.03878091  0.08527178  0.20340355
  -0.22144394  0.36815706]
 [-0.41482008  0.10933349 -0.42472014  0.20689526  0.10986388  0.15724885
  -0.20135257 -0.41106725]
 [-0.04089661  0.22694476 -0.30963933  0.27249056  0.17634192  0.10180055
   0.37484875  0.39844278]
 [-0.32690865  0.37919444  0.09423123 -0.12357369 -0.3033716  -0.25439477
   0.40493354 -0.39946908]
 [-0.408477   -0.03753143  0.3177873   0.46496984 -0.12072028  0.17493473
  -0.1260236  -0.38546643]
 [-0.12035076  0.25400195  0.46256477  0.06423888  0.42198125  0.28909868
   0.04862849 -0.41790134]
 [-0.1485876  -0.12586361 -0.40833586  0.27794203 -0.08181027 -0.01205346
  -0.30059117  0.1869281 ]
 [-0.01837155  0.20543224  0.4885583   0.22687835  0.07341874  0.17878269
   0.06619149  0.02893156]
 [ 0.32217917  0.42293572  0.33633366  0.08623429  0.3905118   0.25105026
   0.36299074  0.07308949]
 [ 0.44356936  0.07825032  0.0244341   0.24516824 -0.00763018  0.48469877
   0.64649266 -0.13174136]
 [-0.39339882  0.16122343 -0.22041208 -0.09483079  0.5641343   0.637011
   0.43635777 -0.44163176]
 [ 0.12227196  0.6794153  -0.31495386  0.64262784  0.36322403 -0.55415237
  -0.25063953  0.08143967]
 [-0.3067203  -0.17004734 -0.09650997  0.19475032 -0.53917927  0.22506459
   0.35475034  0.32497463]
 [ 0.14831741  0.19753821 -0.23843804  0.6763204  -0.34915408 -0.5777956
  -0.5267747  -0.05443117]
 [ 0.21025756 -1.7035828  -0.12806126 -1.3722918  -0.40756172  1.8360137
   0.7190097  -0.15715423]]
Peso 2:
[ 0.02130822  0.88375896  0.06155897  0.71688837  0.31365317 -0.40062588
 -0.07667331 -0.09555759]
Camada: saida
Peso 1:
[[-0.5401265  -0.32117167]
 [-1.4716759   1.4018618 ]
 [-0.15419678  0.22018446]
 [-1.2007618   1.113097  ]
 [-0.8203335   0.5541821 ]
 [ 1.2384659  -1.6251515 ]
 [ 0.24528372 -1.1702039 ]
 [-0.00289422 -0.35397547]]
Peso 2:
[-0.32629988  0.32630095]



pesos modelo: 
Test loss: 0.3557, Test accuracy: 0.8633
Camada: meio
Peso 1:
[[ 0.03228393  0.02875945  0.22815707  0.29634282 -0.3206792  -0.17702386
   0.4478912  -0.42863593]
 [-0.07206509 -0.18334277 -0.3428295   0.39476958 -0.32653674  0.38109434
   0.18398169 -0.36196354]
 [-0.01967311 -0.06760212  0.03114998  0.04192626 -0.36781484  0.08841881
   0.19182375 -0.03020366]
 [ 0.17262846 -0.0134867  -0.2201277   0.31407598 -0.01717041  0.26077014
  -0.0189514  -0.41110468]
 [ 0.21433745  0.10635003 -0.31594363  0.16848502 -0.17021959  0.2627414
   0.1861924   0.3264228 ]
 [-0.12554057 -0.10360052  0.13210729 -0.30438086  0.05435085  0.3570987
  -0.415382   -0.40479338]
 [ 0.37409902  0.05405103  0.43419474  0.03637325  0.28123552 -0.19139315
  -0.04112648  0.09166732]
 [ 0.17759168  0.07816887  0.19333997  0.30689776  0.31571138  0.33636147
   0.39043072 -0.10066544]
 [ 0.02657367 -0.13091488  0.39853096 -0.38456923  0.1003792  -0.17478165
  -0.21532251  0.40431216]
 [ 0.1340102  -0.08486324 -0.01712383  0.3178559  -0.22232834  0.20135419
  -0.2791147  -0.2420442 ]
 [ 0.212854   -0.02987777  0.2763751   0.17698589  0.27658102  0.23089233
  -0.3729138  -0.3608482 ]
 [ 0.36854294  0.2491654   0.19123727 -0.3799787  -0.19445066  0.13565454
  -0.29119858  0.29092553]
 [ 0.6770843   0.16559897 -0.3651815   0.16268663 -0.38594204 -0.3394785
  -0.18585609 -0.12228811]
 [ 0.14824851  0.4040057  -0.20057184  0.53950125  0.0505349  -0.22083855
   0.45410413 -0.2511945 ]
 [ 0.0159895   0.51544577 -0.19129492  0.43441737  0.28442594  0.3153016
   0.32155895 -0.341937  ]
 [ 0.7624706  -0.6013726  -0.13653475 -0.02663695 -0.02030533  0.59517825
   0.08781786  0.21424861]
 [ 0.21244039  0.65872514 -0.41344544  0.12036082  0.05979113 -0.07744797
   0.19064276 -0.05218286]
 [ 0.17040886 -0.4143511   0.22004798 -0.4980658   0.33079395  0.5932074
   0.42164907  0.2366302 ]
 [-1.5792398   2.2901552  -0.3574511   0.67996526  0.40883023 -0.56836754
  -0.39679196 -0.00286755]]
Peso 2:
[ 1.0175046  -0.40419036 -0.02117717 -0.25387186 -0.00243331  0.43257377
  0.21851927 -0.03956751]
Camada: saida
Peso 1:
[[-1.4200284   1.5487669 ]
 [ 1.7895002  -1.7357126 ]
 [-0.62024784 -0.45422107]
 [ 0.04369125 -1.1627309 ]
 [ 0.2809227   0.10954961]
 [-0.8047132   0.666725  ]
 [-0.6992629   0.27723235]
 [-0.43629035 -0.5105134 ]]
Peso 2:
[-0.61217576  0.61217964]



pesos modelo: 
Test loss: 1.0612, Test accuracy: 0.7308
Camada: meio
Peso 1:
[[-0.3208516   0.39615163 -0.4034829   0.20695803  0.45604137 -0.19491446
  -0.34044078  0.4550006 ]
 [-0.02479278  0.1033771  -0.18737198  0.5539799   0.18972136  0.21553709
  -0.3136429   0.27136293]
 [-0.2976437   0.23767689  0.2782437  -0.25900987  0.17985012  0.20543975
  -0.22571063  0.2615352 ]
 [-0.11277301  0.29801223  0.2320427   0.5397295  -0.06940138  0.16302626
  -0.37250683 -0.45820132]
 [ 0.32519674  0.30449328  0.28568438 -0.13647681  0.5656115   0.3066911
  -0.33781618 -0.31905782]
 [ 0.14329417  0.10503643  0.4440348   0.13296841  0.20049046 -0.1299923
   0.07940614 -0.03465921]
 [ 0.23235236  0.41608202  0.26856077 -0.08057771 -0.0188932   0.03124942
  -0.38197392  0.45875454]
 [ 0.09278078  0.3612685  -0.1324716   0.41470492  0.3085779   0.5210981
  -0.2862867  -0.38114208]
 [ 0.11350977  0.20141716 -0.43144125 -0.14217399  0.3016192   0.37797654
   0.51591617  0.00461147]
 [-0.22401407  0.1930929   0.37925693  0.40866786 -0.39092067 -0.19603352
   0.06684167  0.17334409]
 [ 0.06346951  0.08808196 -0.26749122 -0.2246031   0.40908587  0.26213127
   0.28139547 -0.35404494]
 [-0.14359953  0.03885428  0.26660925  0.03469126  0.38244116  0.08363732
   0.16967466  0.33561745]
 [ 0.10610313  0.07719825 -0.09068696  0.39534628 -0.05237676 -0.17096733
  -0.3762318  -0.16400939]
 [ 0.01922125 -0.17284268  0.2826655  -0.16329953 -0.03341526  0.27271473
  -0.43873468 -0.44979432]
 [ 0.33990082  0.07587571  0.4825838  -0.43620956  0.2506874   0.5275214
  -0.41337162  0.22913699]
 [ 0.00630385  0.58203655 -0.44457504 -0.3159463   0.7126847  -0.64649934
  -0.08261508 -0.24980198]
 [ 0.52848595  0.09055327  0.356231    0.00885502 -0.26306134  0.38535604
   0.48637223 -0.31412148]
 [-0.54599595  0.45014268  0.05533508 -0.30604354  0.45483062 -0.6761924
  -0.25885502  0.46350738]
 [ 0.49434426 -1.78715     0.48452115 -0.5299488  -1.097753    1.7985522
   0.25107646 -0.20713274]]
Peso 2:
[-0.14029413  0.9624579  -0.19745672  0.3134433   0.67481947 -0.41923153
  0.09762637  0.01191066]
Camada: saida
Peso 1:
[[ 0.72849137 -0.44676375]
 [-1.6292641   1.5544698 ]
 [ 0.3306132  -0.7091245 ]
 [ 0.08580663  0.9847823 ]
 [-1.1422001   1.0787383 ]
 [ 1.1041723  -1.6196023 ]
 [-0.7681259   0.6802379 ]
 [-0.6234054  -0.42783388]]
Peso 2:
[-0.3573124  0.3573149]



pesos modelo: 
Test loss: 0.5957, Test accuracy: 0.8143
Camada: meio
Peso 1:
[[ 2.80587405e-01 -2.03535795e-01  2.42358416e-01  4.63684112e-01
   6.72264993e-02  2.49908358e-01  8.14612210e-02  2.16576725e-01]
 [-4.29108232e-01 -5.45418181e-04  4.58175689e-01  3.36165488e-01
   2.07764998e-01  2.32563466e-02  2.59626478e-01  4.62051064e-01]
 [-2.30301648e-01  1.31969348e-01  3.38682652e-01  2.57241458e-01
  -8.53481069e-02 -2.24877074e-01  1.70141339e-01  2.16680601e-01]
 [-2.13320404e-01 -2.88941681e-01 -2.10946083e-01  2.17160761e-01
  -2.12933183e-01  7.75205344e-02 -2.27056876e-01  1.68503612e-01]
 [-1.37722403e-01 -1.58971801e-01 -1.08399980e-01  2.61486501e-01
   1.12586334e-01  8.36352855e-02  3.48584801e-01  1.94271505e-01]
 [-2.16314793e-01 -3.16567998e-03  1.09924078e-01  1.99136347e-01
  -4.01568078e-02  4.46933627e-01 -3.51118147e-01  3.49245846e-01]
 [-1.98206797e-01  3.21185440e-01  3.30282927e-01 -1.35697037e-01
   5.86703084e-02 -1.64973810e-01 -1.58407032e-01  2.39627391e-01]
 [ 1.33285776e-01 -2.76337713e-01 -3.13920341e-02 -1.96749330e-01
   1.71533301e-01 -6.61982372e-02  1.64225027e-01  1.21322140e-01]
 [ 5.73434234e-02  8.54466930e-02 -2.67293990e-01  1.96308002e-01
   1.41782220e-02  2.01088265e-01 -2.13698611e-01  3.15737188e-01]
 [ 3.13132405e-02  1.73710240e-03 -1.17745563e-01  2.18353212e-01
  -7.07923993e-02  6.13221042e-02  1.77711900e-02  1.80150971e-01]
 [ 2.65343845e-01 -3.22631001e-01  4.81578320e-01  3.80429439e-02
  -1.39751792e-01 -9.51559097e-02  3.16401511e-01  1.06676929e-01]
 [ 3.67879719e-01 -1.64515838e-01  1.52182251e-01 -1.03952125e-01
   4.85566318e-01  4.38135952e-01  3.22034359e-01  3.22990358e-01]
 [-3.63723278e-01  2.88425293e-02 -3.83801818e-01  4.41256464e-01
   1.10945307e-01  1.74574763e-01  2.13748403e-03  4.07149225e-01]
 [ 4.50914890e-01 -2.63177276e-01  3.00946772e-01  2.25120544e-01
   5.35465479e-01 -2.78787576e-02  5.68589985e-01 -2.56243110e-01]
 [-1.51497677e-01 -2.49181092e-01 -2.72259861e-01  1.85080141e-01
   6.79998934e-01 -2.46970102e-01 -1.40189111e-01 -3.34290825e-02]
 [-3.57159302e-02  8.31943303e-02  7.51776248e-03 -3.32852662e-01
  -7.86173046e-02  1.08435839e-01 -1.77534521e-01  1.12379694e+00]
 [ 2.92411506e-01 -3.05958152e-01  4.16603714e-01  4.21670198e-01
   2.40592927e-01 -1.89910665e-01 -3.25778306e-01 -1.46211078e-02]
 [ 2.98348814e-02 -8.86771083e-02  1.23629622e-01 -6.84436023e-01
  -8.36415514e-02  4.48121756e-01  7.04638779e-01  6.21696949e-01]
 [ 2.00692773e-01 -7.27926791e-02  5.78204215e-01  1.32331097e+00
   1.23137045e+00 -2.49752104e-01 -6.02642953e-01 -2.00180721e+00]]
Peso 2:
[ 0.00626154 -0.05824085 -0.04289449 -0.4045046  -0.43961617  0.12755816
  0.45399937  1.1361762 ]
Camada: saida
Peso 1:
[[ 0.7009079   0.31746635]
 [ 0.5781452  -0.6117729 ]
 [ 0.91424614  0.16877554]
 [ 1.4353795  -0.70108926]
 [ 1.2325422  -0.93558186]
 [-0.7830409  -0.30061102]
 [-0.60579735  0.9955439 ]
 [-1.6750782   2.0368526 ]]
Peso 2:
[-0.37676626  0.37676746]



pesos modelo: 
Test loss: 0.5390, Test accuracy: 0.8248
Camada: meio
Peso 1:
[[ 0.468069    0.05861929 -0.32992205 -0.44999573 -0.35314304 -0.37134454
  -0.11968344  0.01196498]
 [ 0.16865885 -0.00613025  0.09225548 -0.40467575 -0.26015168  0.28496313
  -0.06078799 -0.08814132]
 [ 0.22176605  0.1142548  -0.19915675  0.41424036  0.07163384  0.20457968
   0.23610851  0.44123134]
 [ 0.12131257 -0.04603828 -0.00303191 -0.28011328 -0.20416851  0.22950272
  -0.08911375  0.2473357 ]
 [-0.10890451 -0.23379706 -0.10092522 -0.04170107  0.5027439  -0.14793485
   0.10418355 -0.14105606]
 [ 0.48448497  0.16326948 -0.29497495 -0.31450254 -0.2102146   0.16061771
   0.03497331  0.1308989 ]
 [ 0.39767042  0.3514654   0.10476344 -0.03245359  0.06623184  0.5425463
  -0.3034456   0.17034353]
 [ 0.35486624  0.05266482  0.17151663  0.32724753  0.45122766 -0.14238246
   0.1265113   0.17736961]
 [-0.02054471  0.01695431  0.02462882  0.13834022 -0.21714935  0.51248354
  -0.04140015  0.36171752]
 [-0.08592636  0.01588432  0.341717    0.29412043  0.30636606  0.27856568
  -0.29104805  0.14442535]
 [ 0.5276521   0.06415093 -0.00490128 -0.21144539  0.00984348 -0.15212831
  -0.32517448  0.04883466]
 [ 0.0836003  -0.03313706 -0.02947303  0.37230492 -0.04180121  0.01699435
   0.23927127 -0.14956094]
 [ 0.04920718  0.20037493  0.10166561  0.26587752  0.3784479   0.58199275
  -0.11194925  0.07079443]
 [ 0.05491982  0.41883984 -0.00922959 -0.11856323 -0.4467491  -0.17294931
   0.10103736  0.10472754]
 [ 0.14938058  0.5539666  -0.39143896 -0.15551545 -0.21439075 -0.05841217
  -0.09463739 -0.12370447]
 [ 0.7559955  -0.53947824  0.04672628  0.06316128 -0.22949137  0.38174054
  -0.17068984 -0.64385456]
 [ 0.04403706  0.7988799   0.07521445  0.26446378  0.30429652  0.37062716
   0.05189622  0.28638417]
 [ 0.39781198 -0.8910015   0.04056988 -0.13640079 -0.01242682  0.21832347
   0.09947289  0.05396667]
 [-1.1894284   2.3631876   0.03839665 -0.3715395  -0.11615332 -1.0966127
  -0.07653602  0.32878447]]
Peso 2:
[ 0.8055055  -0.63584703 -0.13790141  0.27598307  0.1176114   0.66340196
  0.01281116 -0.2081438 ]
Camada: saida
Peso 1:
[[-1.3215141   1.07658   ]
 [ 2.2177784  -1.5544428 ]
 [-0.01982761 -0.06321919]
 [ 0.22232115  0.9873177 ]
 [-0.73096603 -0.22506948]
 [-1.2491652   0.63220584]
 [-0.09098513  0.01471104]
 [ 0.38343567 -0.28222972]]
Peso 2:
[-0.6972634   0.69726515]



pesos modelo: 
Test loss: 0.4415, Test accuracy: 0.8481
Camada: meio
Peso 1:
[[-0.3059036   0.44075206 -0.31650293 -0.15047514  0.06595632  0.26015565
   0.0328615   0.02725777]
 [ 0.02322738  0.41574118 -0.0168299   0.5611045   0.34386948  0.15712786
   0.02498698  0.04256035]
 [ 0.25260815 -0.39841485 -0.17200959 -0.06359559 -0.12408203  0.0114548
   0.4265274   0.2857395 ]
 [-0.25902003  0.45588958 -0.02831566  0.01177354  0.04067161  0.41955432
   0.18987812 -0.2713905 ]
 [-0.3025536   0.03590577 -0.03545672  0.07530278 -0.10388969  0.31800824
   0.18219554  0.3177878 ]
 [-0.30407867 -0.41281933  0.5515905   0.4608803   0.25141025  0.2046652
  -0.15280643  0.42947552]
 [ 0.12149612 -0.08801854 -0.17647296  0.21126711 -0.02753677  0.19090341
   0.14501724  0.2792884 ]
 [ 0.00899011  0.4955083  -0.05310479 -0.00377815 -0.22340909 -0.20334427
  -0.08888442 -0.11569381]
 [ 0.2932363  -0.2645093   0.13417298  0.20318234  0.07944691  0.25575748
  -0.21664895 -0.3400939 ]
 [-0.04074678 -0.00809232  0.197491   -0.06031763  0.05610488  0.3917247
   0.31100944 -0.02512188]
 [-0.38114658 -0.09191376  0.51263076  0.38199687  0.26999226 -0.08562008
   0.20151386  0.5160797 ]
 [ 0.4742881   0.45944485  0.60750717  0.05409469  0.13777752 -0.29270303
   0.2265013   0.27432087]
 [-0.30936795 -0.19583654 -0.32864025  0.2587588   0.10290781 -0.26482978
   0.43297526 -0.11252699]
 [ 0.10094495  0.14900951 -0.2818821   0.07885178  0.34792995 -0.256981
  -0.45765412 -0.04707793]
 [-0.25845316 -0.26472    -0.32195914  0.00514942  0.58481675 -0.618789
   0.3377025   0.03486363]
 [ 0.18281946 -0.41786546  0.06900295  0.71620876 -0.5948584  -0.05175522
   0.53005344  0.00952395]
 [ 0.22377437 -0.25383288  0.22564182  0.04549805  0.69125384 -0.17493278
   0.04259364  0.38894686]
 [ 0.38465893  0.15009485  0.62139183  0.32634604 -0.32233873 -0.06688901
   0.6700394  -0.09645719]
 [ 0.04275581 -0.28387928 -0.40673152 -1.737561    1.9882944   0.00831672
  -0.8106571   0.7877358 ]]
Peso 2:
[ 0.05200065  0.07960578  0.4959576   1.074769   -0.50566196  0.02673724
  0.41111988 -0.06656294]
Camada: saida
Peso 1:
[[ 0.28761438  0.7947853 ]
 [ 0.49461868  0.8907785 ]
 [-0.83998215  0.4955847 ]
 [-1.4186538   1.686449  ]
 [ 1.5631816  -1.6406589 ]
 [-0.68158865  0.46046406]
 [-0.8787826   0.7630041 ]
 [-0.02807974 -1.0458908 ]]
Peso 2:
[-0.31511354  0.31511524]



pesos modelo: 
Test loss: 0.6572, Test accuracy: 0.7936
Camada: meio
Peso 1:
[[-3.29650044e-01 -4.24504846e-01 -9.50199068e-02 -3.57671767e-01
   3.80619854e-01 -1.19530708e-01  2.70864367e-03 -4.18587327e-01]
 [ 2.55434185e-01  4.45011139e-01  3.42750192e-01  8.34090486e-02
   8.48027542e-02  2.91428342e-02 -1.10305183e-01  1.10305212e-01]
 [ 1.87631786e-01  3.55373561e-01  5.62652797e-02  3.20210725e-01
   3.53049904e-01  2.17841238e-01  4.90835868e-02  6.03962094e-02]
 [-8.89989585e-02 -1.63743362e-01  2.33200252e-01 -1.02791168e-01
   1.58493444e-01  1.84782729e-01  5.65237887e-02  2.24919301e-02]
 [ 3.86575729e-01  2.07027033e-01 -8.46464559e-02 -3.65348756e-01
   4.93719548e-01  1.64438844e-01 -3.09810460e-01 -1.86785027e-01]
 [-6.46465570e-02 -3.60173911e-01  2.55432576e-01  4.73120183e-01
  -4.27297711e-01 -4.17799167e-02 -1.59285322e-01  5.35277883e-04]
 [ 9.09916013e-02 -3.28063786e-01  2.56341189e-01  2.79097199e-01
  -2.85481453e-01  1.88264653e-01 -3.03690344e-01 -1.82041142e-03]
 [ 1.97344676e-01  1.48378983e-01  9.26342979e-03  3.54675263e-01
   2.73450792e-01 -3.25115442e-01  1.30735025e-01 -8.95995945e-02]
 [ 1.95415601e-01 -2.57797271e-01  6.26003027e-01 -1.77323490e-01
   1.21268310e-01 -2.40069270e-01 -6.70639500e-02  1.72310725e-01]
 [ 2.18307599e-01  3.01986158e-01  5.12574375e-01 -2.13019609e-01
   1.93500519e-01 -2.98500508e-01 -1.80933625e-01  1.98568597e-01]
 [-4.09794152e-01  1.15931042e-01  2.98050269e-02 -3.45262766e-01
   4.68619689e-02  1.45190760e-01  5.50743103e-01 -7.29726702e-02]
 [-2.32808828e-01  1.36236057e-01  3.46767128e-01  1.75371721e-01
   4.72025387e-02 -2.80398637e-01 -2.30505094e-02  7.75269568e-02]
 [-4.23301786e-01 -2.36784086e-01  2.64427006e-01  1.02692902e-01
   7.79732019e-02  4.10467505e-01  1.80396102e-02  5.31594642e-02]
 [ 5.74851371e-02 -4.34508830e-01  4.08775918e-03  4.30392861e-01
  -1.66969329e-01  3.74827713e-01  3.19977313e-01  5.38709104e-01]
 [ 4.21348214e-01 -2.30315980e-02  8.30528289e-02  1.43663794e-01
   5.06588370e-02 -2.02681780e-01 -3.01972628e-01  5.05477369e-01]
 [-1.76097602e-01  5.92969120e-01  7.29760230e-01  5.90693168e-02
  -2.18095168e-01  2.88560510e-01 -1.62842095e-01 -6.43891692e-01]
 [ 3.29183161e-01  3.68589371e-01  1.67654037e-01 -1.68021977e-01
  -4.36797082e-01  1.59013733e-01 -4.82843705e-02  6.33527517e-01]
 [ 7.74076814e-03  7.45993853e-02  2.53258973e-01 -1.95285812e-01
   4.25279498e-01  4.30456281e-01  2.11023077e-01 -7.87163436e-01]
 [ 4.10447121e-01  8.32379237e-02 -1.34591043e+00 -2.85325050e-01
  -1.00844875e-01 -5.86075708e-02 -8.29788763e-03  2.55036330e+00]]
Peso 2:
[-0.13883057  0.1671376   0.9772621   0.16340129  0.12893529 -0.00762342
  0.13102366 -0.63943386]
Camada: saida
Peso 1:
[[-0.29842165 -0.5970064 ]
 [ 0.359908    1.0014284 ]
 [-0.82615787  1.8152539 ]
 [ 0.16715188  0.7511725 ]
 [-0.94607425 -0.35633925]
 [-0.52188396 -0.07259028]
 [ 0.23819155  0.73400015]
 [ 1.7922227  -2.2679899 ]]
Peso 2:
[-0.8905431  0.8905429]



pesos modelo: 
Test loss: 0.4531, Test accuracy: 0.8419
Camada: meio
Peso 1:
[[-3.49158525e-01 -2.91770041e-01 -2.86422014e-01 -2.57652789e-01
  -1.08074516e-01 -2.83589512e-01 -1.36434436e-02 -7.52412379e-02]
 [ 1.20306008e-01  2.83499748e-01 -1.07048519e-01  1.05443157e-01
  -4.24655408e-01 -2.59965926e-01  2.19822526e-01 -2.99807519e-01]
 [-2.05239341e-01 -2.17223823e-01 -3.67089421e-01  8.40949938e-02
  -7.27265552e-02  5.45093417e-02  2.65678108e-01  3.28501195e-01]
 [-3.96020293e-01 -9.70698819e-02 -4.47260648e-01 -2.69545019e-01
  -3.78340743e-02  6.23506643e-02  1.05390875e-02 -2.97816470e-03]
 [ 3.04233432e-01  7.25949109e-02  3.33370209e-01  2.18779668e-01
  -3.71061802e-01 -3.49028051e-01  1.92250162e-01  4.32586700e-01]
 [-1.28848124e-02 -6.84959367e-02  4.36184168e-01  8.10633823e-02
  -3.03259015e-01  4.45663959e-01  3.45983773e-01 -3.14138383e-01]
 [-2.50566185e-01  3.62524956e-01  3.50370735e-01  3.67959946e-01
   9.03959479e-03  4.49643701e-01  9.59104002e-02  3.61982286e-01]
 [-7.53404424e-02 -6.66228831e-02 -6.31409213e-02  1.84876055e-01
   4.52558428e-01  5.85126653e-02  3.52572918e-01  6.33746991e-03]
 [-3.29317361e-01  1.48246959e-01 -1.63014960e-02  3.77707519e-02
  -1.47736415e-01 -1.34368353e-02  1.62983671e-01 -1.53142929e-01]
 [ 1.86010897e-01  1.96798649e-02 -1.88869610e-01  1.50113970e-01
  -1.51626989e-01  2.89771944e-01  2.29180038e-01  5.86444661e-02]
 [-3.04519176e-01  4.09281492e-01 -1.34158939e-01  2.87199259e-01
  -3.05645436e-01 -1.69122204e-01  2.09760875e-01 -2.16965675e-01]
 [ 1.76415920e-01  2.63856918e-01 -1.87060083e-04  3.52946818e-01
   3.66653234e-01 -3.91575187e-01  2.56008804e-01  2.42091298e-01]
 [-5.35743162e-02  2.05126271e-01 -1.68086458e-02  2.72308709e-03
  -4.20896798e-01 -1.19849660e-01  1.73186421e-01 -2.81563222e-01]
 [-2.16119409e-01  2.98054457e-01 -2.74566293e-01  6.02153480e-01
   4.53609288e-01 -2.78223574e-01 -4.28151876e-01  4.41756636e-01]
 [-4.01038617e-01 -4.04919535e-02 -2.10028887e-01  8.68715286e-01
  -1.81807682e-01  3.51479083e-01  3.31354856e-01 -4.71425325e-01]
 [ 5.48577644e-02  1.04764593e+00 -1.58529148e-01 -3.29492956e-01
  -2.43983790e-01 -1.37190118e-01  3.78718644e-01 -2.90876150e-01]
 [-7.93034285e-02 -5.26091695e-01 -1.86363101e-01  6.36890650e-01
   1.69521078e-01 -5.01113653e-01  1.30292669e-01  4.05732453e-01]
 [-3.19801688e-01  2.69568115e-01 -6.11752234e-02 -5.29113531e-01
  -4.49832082e-01 -1.51215225e-01  6.70976400e-01  3.88611592e-02]
 [-3.40882123e-01 -9.15645242e-01 -3.91262054e-01  1.57188964e+00
  -4.17180419e-01 -6.46662563e-02 -2.14079499e+00 -5.32591403e-01]]
Peso 2:
[ 0.01756976  0.80077416  0.05100822 -0.35253766  0.07207866  0.0960316
  1.0474808   0.2552941 ]
Camada: saida
Peso 1:
[[-0.25328052  0.11803468]
 [-1.3216461   0.9634918 ]
 [ 0.05153414  0.31187314]
 [ 1.1210203  -1.6810825 ]
 [-0.43243247  0.1886872 ]
 [ 0.14321207  0.64822936]
 [-1.9467375   1.5256803 ]
 [-0.46453363  0.81052035]]
Peso 2:
[-0.14521854  0.145219  ]



pesos modelo: 
Test loss: 0.4365, Test accuracy: 0.8436
Camada: meio
Peso 1:
[[ 3.16730529e-01  2.67386228e-01  4.05239135e-01  2.03834385e-01
   7.66194761e-02  3.21981937e-01  3.41165692e-01 -4.31263745e-01]
 [-1.58642065e-02 -1.46199077e-01 -2.14626074e-01  7.27652013e-02
   2.52824813e-01  2.55395710e-01  1.63404673e-01  3.31141084e-01]
 [-1.18055917e-01  1.48459703e-01  2.39886194e-01 -2.97147751e-01
  -1.95551246e-01  2.53749520e-01  1.60476848e-01  2.04455853e-01]
 [-2.28394046e-01  3.35032016e-01 -7.37762377e-02  3.62320691e-01
  -2.37114489e-01  4.22830015e-01  3.19820017e-01 -5.40044494e-02]
 [ 4.33391660e-01  6.94050938e-02 -1.57258049e-01  5.05760603e-04
   3.71092528e-01  2.13934064e-01  1.76085770e-01 -3.74636382e-01]
 [ 3.11218470e-01  1.66870758e-01 -2.62468994e-01 -4.19685571e-03
   1.29513323e-01  2.68964589e-01 -4.65206176e-01 -8.36190768e-03]
 [ 3.43649298e-01  3.05814385e-01 -4.12785888e-01 -1.89379051e-01
  -1.68671817e-01  1.63822368e-01 -9.30817872e-02 -2.98446774e-01]
 [ 1.17263868e-01  2.25943789e-01  4.23179030e-01 -1.47503093e-01
   5.40288799e-02  4.12051558e-01 -3.09070230e-01  1.58921972e-01]
 [ 1.95413113e-01  1.83807164e-01 -3.07543427e-01  1.84979843e-04
   1.56504735e-01  3.62473816e-01 -1.75902948e-01 -1.60484865e-01]
 [ 3.37970734e-01  1.58006579e-01 -2.72593230e-01  1.77832507e-02
   1.76791638e-01  1.90731436e-01  2.58439600e-01 -2.74688661e-01]
 [ 5.16738832e-01  1.82099193e-01 -1.18576847e-01  4.18951124e-01
   9.83161777e-02  4.98249382e-02 -1.50753278e-03 -3.51306915e-01]
 [ 2.99417317e-01  2.79269606e-01 -1.01438783e-01 -1.53576463e-01
  -7.91430771e-02  2.57088274e-01  1.17873475e-01 -3.36231738e-01]
 [-1.58880800e-02 -2.36012235e-01 -2.23194495e-01 -4.29619730e-01
  -6.54652491e-02  2.22118702e-02 -1.52410448e-01 -3.09888184e-01]
 [-1.98288307e-01  1.17033824e-01  3.69034439e-01  3.41336191e-01
   4.96998310e-01 -2.26372760e-02 -3.21121603e-01  3.21420938e-01]
 [-1.20869726e-01  4.16845262e-01  8.60706121e-02 -9.52387005e-02
   2.11854354e-01  6.05119653e-02  9.86730903e-02  6.90087825e-02]
 [ 6.19531751e-01 -4.38550025e-01  1.47339152e-02  4.68791455e-01
  -1.76997751e-01  4.64728475e-01 -2.80633897e-01 -4.13133293e-01]
 [ 1.11563124e-01  1.75103933e-01 -4.71308619e-01  6.14041984e-02
   4.24989253e-01 -2.82845974e-01 -1.98967487e-01 -2.39418641e-01]
 [ 6.13854468e-01 -2.21301854e-01 -2.54509687e-01  4.25012350e-01
  -3.20126265e-02  8.57817531e-01  1.23740233e-01 -1.39990285e-01]
 [-8.65008652e-01  1.93203783e+00 -5.10767996e-02  2.21635681e-02
   1.41174138e+00 -1.56373978e+00  4.75749336e-02 -3.88678133e-01]]
Peso 2:
[ 0.5898561  -0.4898867   0.0085531   0.04831883 -0.36986414  0.93236613
  0.05828757 -0.01936143]
Camada: saida
Peso 1:
[[-1.132297    0.761521  ]
 [ 1.4295644  -1.3918307 ]
 [-0.29701656 -0.19387561]
 [-0.28401208  0.14081104]
 [ 1.5083797  -0.5258251 ]
 [-1.7877886   1.191725  ]
 [-0.7416639  -0.13574311]
 [ 0.71398467  0.6254255 ]]
Peso 2:
[-0.47059494  0.4705955 ]
