


pesos modelo: 
Test loss: 0.4505, Test accuracy: 0.8543
Camada: meio
Peso 1:
[[-2.15913028e-01 -3.35853755e-01  3.68048787e-01  3.93536508e-01
  -3.23040783e-01 -1.21279359e-02 -2.89778173e-01  4.18211401e-01
  -4.33277160e-01  4.50226665e-03]
 [-3.23780924e-01 -9.69073027e-02  3.16986948e-01  4.71412204e-03
  -2.07056716e-01  3.29754680e-01  3.44634384e-01  1.68727204e-01
   2.46051520e-01  9.34362561e-02]
 [ 1.67387053e-01  1.49446890e-01  3.12804915e-02 -1.48160413e-01
  -3.02015543e-01  1.55153289e-01 -4.58736390e-01  2.61458069e-01
   1.66601886e-03  6.95030987e-02]
 [-2.18712673e-01  1.29604772e-01 -1.12743519e-01 -5.97751886e-02
   1.28462523e-01  4.94938381e-02 -1.67349786e-01 -3.66583198e-01
   1.10154554e-01  3.35882992e-01]
 [-1.21484190e-01  6.63703084e-02  2.56331623e-01  6.24735877e-02
   3.78539652e-01  3.97941560e-01 -2.43337333e-01  1.22933306e-01
   1.13422327e-01 -1.25961438e-01]
 [-3.93303096e-01 -4.58493859e-01  3.02870482e-01 -2.22272798e-01
  -1.22211380e-02  1.38559520e-01  2.68736273e-01 -1.24396600e-01
   4.02869433e-01  3.04288328e-01]
 [ 2.32459337e-01  1.11630946e-01  6.17836900e-02  9.90954116e-02
  -1.49163812e-01  2.61523545e-01  1.09730616e-01 -6.79360181e-02
   2.61092838e-02  3.07609420e-03]
 [-1.81595311e-01 -8.82541910e-02 -1.38081834e-01  1.83492109e-01
  -3.43049109e-01  3.15981388e-01  3.74469966e-01 -1.14221923e-01
  -1.54829577e-01  3.63977291e-02]
 [-7.42592067e-02 -4.15181518e-01 -1.18220247e-01 -4.05736178e-01
  -2.01125264e-01 -7.54508525e-02  7.36893192e-02  4.78942603e-01
   6.84399009e-02  4.68488075e-02]
 [ 8.50364119e-02 -8.67313743e-02  1.31101698e-01 -2.06615970e-01
   8.11762959e-02  8.04218650e-02  8.10269415e-02 -3.20810415e-02
   2.18293473e-01  4.48516071e-01]
 [ 8.49501044e-02  1.02110982e-01  1.52500970e-02 -1.35832414e-01
  -3.19205552e-01  2.43692487e-01  3.82915109e-01 -1.79169968e-01
   4.47230116e-02 -3.30851346e-01]
 [-3.13043267e-01 -1.89064547e-01 -4.25713472e-02 -2.68469572e-01
   1.59058034e-01 -1.45881861e-01 -2.27255940e-01 -2.86966175e-01
   3.86984080e-01 -1.54839258e-03]
 [-2.45987773e-01  2.11117372e-01  1.28027832e-03 -4.25155431e-01
   2.79496849e-01  8.28327984e-02 -3.11795473e-01  2.10370213e-01
   1.35425687e-01 -3.04116279e-01]
 [-4.25089747e-01 -3.15911680e-01  5.34224451e-01 -7.07662925e-02
  -4.61345494e-01 -1.82408705e-01 -4.97269154e-01 -3.64887744e-01
   7.71877393e-02 -1.98888838e-01]
 [ 2.75442779e-01 -3.37268680e-01  6.63509607e-01 -3.57584417e-01
  -1.82239022e-02 -1.53031901e-01  1.60910890e-01  2.31186882e-01
   5.51221594e-02 -2.92534232e-01]
 [ 2.29895115e-02 -2.37151891e-01 -3.22255492e-02 -3.92630130e-01
  -1.47564963e-01  6.42615676e-01 -3.75928879e-01  6.50487661e-01
   9.04764354e-01  3.36697161e-01]
 [ 6.61676079e-02 -8.10053721e-02  6.69152319e-01 -2.99282998e-01
  -3.76299292e-01 -5.90328872e-02 -1.65902168e-01  2.27126908e-02
  -6.53954446e-02 -2.87514865e-01]
 [ 2.16965258e-01 -3.11773747e-01 -1.89172983e-01  3.26106519e-01
  -3.81217837e-01  2.62726724e-01 -2.87845224e-01  2.13558406e-01
   9.87979949e-01  6.38115183e-02]
 [ 1.67041987e-01 -3.12324166e-01  2.15934157e+00  3.19652915e-01
  -2.53218859e-02 -1.11212850e+00  1.85036600e-01 -1.62590832e-01
  -1.55305517e+00  1.48598135e-01]]
Peso 2:
[ 0.01968206 -0.10972203 -0.49989346 -0.0103601  -0.07875722  0.9096915
 -0.08975597  0.32321635  1.0010601   0.01631259]
Camada: saida
Peso 1:
[[-0.52532303  0.35596406]
 [ 0.6086358  -0.54785043]
 [ 1.4812344  -1.6183169 ]
 [ 0.30249348 -0.1805907 ]
 [ 0.07753079 -0.45497477]
 [-1.3263779   1.1118243 ]
 [-0.17515552  0.01158926]
 [-0.576153    0.31621352]
 [-1.2135811   1.8123406 ]
 [-0.6174607  -0.42105567]]
Peso 2:
[-0.2926708   0.29267153]



pesos modelo: 
Test loss: 0.6040, Test accuracy: 0.8159
Camada: meio
Peso 1:
[[ 3.65998745e-01  2.73923278e-01 -1.90880775e-01 -1.75396740e-01
   1.33455515e-01 -2.22209439e-01  1.35348022e-01  3.89563739e-02
   2.22717524e-01  9.64406729e-02]
 [ 7.45834112e-02  1.08096050e-02  1.14783369e-01  2.19882995e-01
   3.88320804e-01  1.41475409e-01  3.60990554e-01  2.59591669e-01
   2.05203798e-02 -3.06018423e-02]
 [ 1.33737713e-01  3.43382925e-01  4.26427394e-01 -2.20969558e-01
  -2.97066830e-02 -2.77993858e-01 -2.92515546e-01 -2.76521862e-01
   2.24143490e-01  2.36384004e-01]
 [-6.35362767e-06  1.90492675e-01 -2.01555893e-01  2.47783899e-01
  -1.85145438e-01  8.50009918e-02  3.76706988e-01 -5.21998703e-02
   3.37340564e-01 -1.96990907e-01]
 [ 2.83711612e-01  1.34524092e-01  2.02211253e-02  3.92161578e-01
   4.24252033e-01 -2.68617868e-01  2.91610032e-01 -6.87410012e-02
  -3.01520675e-01 -2.23117039e-01]
 [-2.65807807e-01  4.12593126e-01 -1.63179234e-01  1.71530128e-01
   1.75729334e-01 -4.23278183e-01  1.67207375e-01 -3.29902261e-01
   4.40851122e-01  1.58061907e-01]
 [ 2.41012797e-01  1.21487960e-01 -3.37541029e-02 -4.58120495e-01
   3.48805159e-01  4.75370765e-01 -2.50100642e-02  2.51610398e-01
   1.47411535e-02 -2.00174600e-01]
 [ 2.60824144e-01  3.17620277e-01  3.00778836e-01 -3.25123370e-01
   2.38254428e-01 -3.13917577e-01 -1.43088475e-01  1.31290987e-01
  -3.56594414e-01  5.93385622e-02]
 [ 1.85096651e-01  4.48335171e-01  2.97846109e-01  3.80115449e-01
   2.36689955e-01 -3.75478446e-01  2.25209277e-02  3.43837917e-01
   1.43753931e-01  3.10082644e-01]
 [-7.71176741e-02  4.70407039e-01  1.25768021e-01  8.75874422e-04
  -2.87314177e-01  4.03118342e-01 -1.59987733e-01  8.97281393e-02
  -3.90570760e-01  2.18935922e-01]
 [ 3.03295162e-02 -2.02764243e-01  4.48332459e-01  4.37712297e-02
  -4.07612473e-02  1.70553848e-01  1.37213886e-01  9.26103145e-02
  -4.03841019e-01  1.37384981e-02]
 [-5.72912581e-02  1.63900927e-01  1.34675801e-01 -7.51710460e-02
  -3.60818833e-01 -2.54887432e-01 -1.94547087e-01 -2.68219441e-01
  -7.92265981e-02 -1.22238070e-01]
 [ 1.98064162e-03  3.23799819e-01  1.64130994e-03  3.80256176e-02
   3.51201743e-01 -9.93649811e-02 -1.75062597e-01 -6.61827177e-02
  -2.49557242e-01 -2.11534202e-02]
 [ 1.88473329e-01  4.24259827e-02  9.90730971e-02 -1.56482667e-01
  -5.89606404e-01 -4.21736777e-01  3.94164205e-01 -8.30359086e-02
  -7.02541992e-02  5.82261741e-01]
 [ 2.86261082e-01  2.92215496e-01 -3.44920307e-01 -2.98720509e-01
   4.10018414e-01 -2.86369979e-01  2.24999338e-01 -5.27687192e-01
   2.73076862e-01  3.92104387e-01]
 [-3.55093092e-01  6.75511777e-01  5.60380697e-01 -4.05259281e-01
   5.12043536e-01  6.14874624e-02 -1.77010626e-01 -1.32145891e-02
   1.88943893e-01 -4.52462792e-01]
 [ 2.19079807e-01 -4.35760885e-01  4.21666503e-01 -1.92431957e-01
  -6.19725466e-01 -4.14087415e-01  4.05111969e-01  3.86137813e-01
   1.01069584e-01  6.86329007e-01]
 [-1.65850185e-02  5.06437004e-01  7.31199205e-01 -5.06592542e-02
  -3.17307383e-01 -4.97266501e-02  2.67783552e-01  6.53886795e-01
  -4.09395963e-01 -5.89171052e-01]
 [ 1.56682420e+00 -9.77423489e-01 -1.13775241e+00 -4.09719616e-01
  -1.45206496e-01  1.68419048e-01 -2.76355207e-01 -1.78618915e-02
  -3.04199398e-01  1.91118956e+00]]
Peso 2:
[-0.36719224  0.5509937   0.9112836  -0.034941    0.17167147  0.0502831
  0.02184671  0.26600552  0.05639321 -0.52625746]
Camada: saida
Peso 1:
[[ 1.4264799  -0.75505614]
 [-0.47857663  1.4338193 ]
 [-1.7173561   0.7113852 ]
 [ 0.25099072  0.33918864]
 [-0.60807914  0.38562766]
 [ 0.07730448  0.62919897]
 [-0.32935914 -0.00979967]
 [ 0.07094297  0.9310962 ]
 [-0.5568052   0.33982638]
 [ 1.0225418  -1.9933622 ]]
Peso 2:
[-0.5287753  0.5287761]



pesos modelo: 
Test loss: 0.3377, Test accuracy: 0.8649
Camada: meio
Peso 1:
[[ 0.02761641 -0.2380469   0.20681834 -0.16203633  0.22322345 -0.17587078
  -0.38820234 -0.0507955   0.39539117  0.25335622]
 [-0.09138426 -0.24823709 -0.14345472  0.18078808  0.1537304  -0.4218382
  -0.17741288 -0.25252676 -0.2778102   0.00623417]
 [ 0.01927952  0.4208477   0.10382713 -0.00727195  0.32314628 -0.34091514
   0.06993516 -0.3040499   0.3191834  -0.32380396]
 [-0.2695993  -0.04117201  0.49552792  0.25334623 -0.12552363 -0.03670147
   0.3973986  -0.42187083  0.03508247 -0.10287175]
 [-0.12881655 -0.4255824  -0.0185519  -0.06483092 -0.01121097 -0.28333643
  -0.14202285  0.2062172  -0.14521924  0.0755555 ]
 [-0.1747687  -0.08120916  0.2771879   0.20175529  0.11524616  0.14034873
   0.58771026 -0.32931173  0.26786023 -0.04885264]
 [-0.23551382  0.16302787 -0.15788832  0.15626189  0.07122491 -0.11612841
   0.29709333 -0.28747433 -0.05407687  0.23604992]
 [ 0.07438893  0.2584702  -0.19276576  0.13564113  0.56163967 -0.16636762
   0.08844901 -0.1796992   0.26527512 -0.02904969]
 [-0.02142128 -0.1851574   0.01688849 -0.14727482  0.17078753  0.3217282
   0.10894846  0.16207106  0.15849544  0.1409513 ]
 [-0.05775303  0.3270677  -0.21056883  0.30913     0.47416767  0.10517838
  -0.02400878 -0.39762422  0.13338839 -0.18931593]
 [ 0.2351574   0.24294184 -0.11719362  0.02599585  0.2879219   0.17993128
   0.1459197   0.00298431 -0.09989134  0.2600767 ]
 [ 0.29743338 -0.2699038   0.03928093 -0.25117296  0.18340333  0.33168623
  -0.00210818 -0.06750588 -0.07804731 -0.4827674 ]
 [ 0.13062681 -0.38006705 -0.20906837 -0.33892444  0.22144945  0.32715225
  -0.10642937 -0.0845137   0.04107382 -0.39789134]
 [ 0.28752226 -0.15955608  0.16857302  0.42281187  0.10963909 -0.2748871
  -0.12532543 -0.36001387  0.38712627  0.15661737]
 [ 0.30811548  0.21294977  0.55553466  0.49363902 -0.01736423 -0.4640742
  -0.03735979 -0.3717925   0.44391283 -0.49477524]
 [-0.45386246 -0.0193889   0.5503259  -0.59608424  0.5423973  -0.11837149
   0.43742687  0.12686604  0.04693599  0.00952105]
 [ 0.51117575 -0.35999182  0.18284018  0.28747     0.00642348 -0.3318546
  -0.17061618 -0.33583194  0.23681678  0.1779687 ]
 [ 0.03217218 -0.06071534  0.05748805  0.00741349  0.9990755  -0.1567624
  -0.3470265  -0.36582163 -0.32792115 -0.21114115]
 [ 1.3441055  -0.31838548 -0.6600123   1.1256099  -1.6698895  -0.41466844
  -0.49725625  0.05375057  1.4726081  -0.39050227]]
Peso 2:
[-0.12407902 -0.05429466  0.4027366  -0.37395364  1.0785497  -0.11197408
  0.35206234  0.00228593 -0.36595917 -0.31098855]
Camada: saida
Peso 1:
[[ 1.1874055  -0.8196781 ]
 [ 0.518356    0.49598333]
 [-0.75873464  0.55623853]
 [ 1.1346762  -0.7325975 ]
 [-1.2290494   1.9465985 ]
 [ 0.25280395 -0.22951382]
 [-0.8734889   0.07509204]
 [-0.67324734 -0.07433006]
 [ 1.1143287  -1.12432   ]
 [ 0.48824936 -0.2496379 ]]
Peso 2:
[-0.63342875  0.6334308 ]



pesos modelo: 
Test loss: 0.6768, Test accuracy: 0.7881
Camada: meio
Peso 1:
[[-4.02753174e-01 -2.12682277e-01 -2.20437199e-01 -3.56116176e-01
  -3.21973115e-01  3.06293547e-01 -1.46379530e-01  4.98817563e-02
  -1.66983128e-01  2.11897671e-01]
 [ 1.33350343e-01  2.16139615e-01 -7.09615126e-02  2.80090183e-01
  -2.70399638e-02  3.34848344e-01  1.75708249e-01  1.69209585e-01
   4.49118838e-02  4.97263223e-01]
 [ 1.51056409e-01  9.98343527e-02  8.82912129e-02 -1.50083497e-01
  -1.88242599e-01 -1.39487162e-01 -2.28164181e-01  6.59698099e-02
  -1.39744014e-01 -1.03201695e-01]
 [ 3.91037092e-02  1.88789275e-02  2.71325588e-01 -1.25664160e-01
  -1.58382908e-01 -4.16688144e-01  1.21364938e-02  6.69333935e-02
  -2.20339939e-01 -1.14170372e-01]
 [ 1.06661551e-01  1.05075777e-01 -4.61172163e-01  2.19096676e-01
   1.11690894e-01  4.04216489e-03 -3.40180755e-01  5.63096881e-01
   1.34982809e-01  1.06588006e-01]
 [ 2.63550818e-01  4.95856524e-01 -4.44047332e-01 -1.75347030e-01
  -7.51730986e-03 -4.94719408e-02 -2.47338891e-01  7.00687319e-02
   8.64705741e-02 -1.92547262e-01]
 [ 1.78553030e-01  4.36024703e-02  2.57523000e-01  1.17663041e-01
   2.14347571e-01 -2.82670796e-01  5.82460940e-01  2.80254841e-01
  -4.64423120e-01  3.70075434e-01]
 [-2.15695620e-01  6.71370104e-02  3.00019793e-02  1.58012778e-01
   2.59044021e-01 -1.91229656e-01  2.67032534e-01  1.52549118e-01
  -2.18305230e-01  3.10411096e-01]
 [-5.19912317e-02  2.23703638e-01  3.54306549e-02 -1.38796896e-01
   1.81661233e-01  3.26787904e-02 -1.75159842e-01  9.10444334e-02
   3.57931733e-01  3.59211005e-02]
 [ 6.89859036e-03  4.69950318e-01  1.20087355e-01  1.18949629e-01
  -2.32229859e-01  2.34903678e-01 -2.95909613e-01 -2.04570785e-01
   8.85014422e-03  7.86254182e-02]
 [ 2.25202069e-01  3.10027361e-01 -5.02377923e-04 -1.71242207e-01
   4.19904560e-01  3.32574807e-02  4.18844640e-01  5.91997765e-02
   1.37586609e-01  4.22438711e-01]
 [ 1.66417137e-01  1.10842340e-01 -3.83133650e-01 -6.83458149e-02
  -8.29424113e-02 -4.02343959e-01 -3.82791579e-01  3.56799453e-01
   1.92005843e-01 -9.07545015e-02]
 [ 2.33655259e-01  4.20348763e-01 -4.45156813e-01 -5.40034808e-02
   1.45515278e-01 -1.32368088e-01  4.57572997e-01  1.58146009e-01
   6.82185143e-02 -3.92906964e-02]
 [ 3.58737350e-01  1.59374520e-01 -1.68024436e-01  5.54447472e-01
   2.32884094e-01 -2.33673066e-01 -1.97726071e-01  3.83906841e-01
  -2.56686687e-01 -2.46796682e-01]
 [ 5.07157762e-03 -1.59445718e-01 -3.26178968e-01  5.78919053e-01
   2.21855924e-01  7.18483552e-02 -4.41434503e-01  8.06189924e-02
   2.97152042e-01  3.08139235e-01]
 [-5.16413212e-01  5.13170302e-01 -4.34743822e-01 -2.32087523e-01
  -5.20699441e-01 -3.36782247e-01  6.09597325e-01  6.08609080e-01
  -5.84345907e-02 -1.61299601e-01]
 [ 9.16264877e-02  7.86719918e-02  8.46521556e-02  3.07879418e-01
   4.38415557e-01 -2.77787179e-01  2.21218616e-01 -3.37470025e-01
  -9.26281214e-02  3.11883897e-01]
 [-2.76018411e-01  3.25258315e-01  3.47976238e-01 -1.27269238e-01
  -2.71696121e-01 -3.10688764e-01  1.41277567e-01  6.93734109e-01
  -4.17687535e-01  2.28632748e-01]
 [ 1.53434134e+00 -8.15118432e-01 -1.94790170e-01  1.53445888e+00
   1.22912908e+00  1.30776703e-01  3.33776437e-02 -1.09367108e+00
  -1.42675340e-01 -8.79437387e-01]]
Peso 2:
[-0.30514154  0.5535265  -0.1058426  -0.38666415 -0.3127014  -0.01886377
  0.23378932  0.7782045  -0.05305234  0.4849739 ]
Camada: saida
Peso 1:
[[ 0.9542565  -1.2079351 ]
 [-0.70603585  1.083876  ]
 [-0.19914238 -0.5594836 ]
 [ 1.1720482  -1.2195736 ]
 [ 0.97315323 -0.99365276]
 [ 0.20234333 -0.17979355]
 [-0.5492189   0.34046328]
 [-1.4819646   0.8978349 ]
 [ 0.21156995  0.06470497]
 [-0.54702127  0.90790224]]
Peso 2:
[-0.53871036  0.53871226]



pesos modelo: 
Test loss: 0.4384, Test accuracy: 0.8533
Camada: meio
Peso 1:
[[ 3.86591256e-01 -3.61235529e-01 -9.93600488e-03 -3.03116381e-01
   1.63412631e-01 -2.30582952e-02 -1.86392933e-01 -6.56689703e-02
  -1.35454923e-01  9.13459063e-02]
 [ 1.06680013e-01  2.48091340e-01 -3.79990071e-01  3.79718900e-01
  -8.06550011e-02  2.22543389e-01  3.73706013e-01 -3.42484266e-01
  -2.95347393e-01  3.83252025e-01]
 [-2.83222467e-01  1.88766643e-01 -2.80248493e-01  7.22619072e-02
   2.72015482e-01 -1.30394846e-01  1.67977020e-01 -2.13295054e-02
  -3.94017309e-01 -1.46290421e-01]
 [ 3.33894759e-01  1.92590952e-01 -2.95419812e-01  1.63709074e-01
  -4.47012365e-01  1.89917818e-01  1.90632213e-02  6.08098768e-02
   2.51302272e-01  4.34766799e-01]
 [ 6.46528825e-02  3.28784198e-01  1.68413922e-01 -3.59213464e-02
   1.24182887e-01 -2.90374815e-01  1.21457666e-01 -2.62495726e-01
   4.94949259e-02  2.94900686e-01]
 [ 1.76386647e-02  2.42837518e-01  4.55092221e-01  1.87019885e-01
  -5.81260659e-02  3.59566547e-02  4.65247333e-01  1.66976646e-01
   6.05189465e-02  4.43300337e-01]
 [ 3.42843950e-01  4.59371924e-01 -2.86433678e-02 -2.10036576e-01
  -4.13941771e-01  2.44695976e-01 -1.56938940e-01 -3.67550135e-01
   4.01097834e-01  4.23278242e-01]
 [ 1.14466973e-01  4.22972217e-02 -1.21112438e-02  2.86110252e-01
  -1.57519907e-01 -3.76130044e-01  2.34436467e-01  2.71559924e-01
   2.26492691e-03  4.42090541e-01]
 [ 3.08216095e-01  1.71468362e-01 -3.74530882e-01  1.03774846e-01
   1.16026647e-01  1.16615772e-01 -1.26598969e-01  2.79368073e-01
   1.13046199e-01  3.93489033e-01]
 [-2.29012892e-02 -3.51755261e-01  3.44654411e-01  5.42744771e-02
   2.55225211e-01  1.83112159e-01 -4.18144278e-02 -2.67461538e-01
   3.23344380e-01  3.29027802e-01]
 [-1.40386328e-01  7.96170905e-02 -1.33600861e-01  4.32292931e-02
   2.48871669e-01 -1.58033192e-01 -4.89621162e-02 -3.32271427e-01
  -2.35230699e-01 -2.46402957e-02]
 [ 1.98240336e-02  1.18494704e-01 -3.93765301e-01  3.15570742e-01
   1.02673657e-03  1.75906926e-01  2.89749831e-01 -3.56302202e-01
   8.37896168e-02  2.93409407e-01]
 [ 1.32328168e-01  2.08829343e-01  4.09883678e-01  4.38170545e-02
  -1.57021090e-01  1.02196679e-01 -1.55388892e-01 -1.16747856e-01
   1.80525348e-01  1.21607699e-01]
 [ 4.18037623e-01  4.27975535e-01 -3.46969634e-01 -8.59901533e-02
  -2.31838956e-01 -1.51482001e-01  2.19555184e-01 -4.84189950e-02
  -1.48567110e-01 -4.13784832e-01]
 [ 4.73311126e-01 -1.53374493e-01 -3.79668653e-01  3.79642397e-01
  -3.72363776e-01 -2.73315668e-01  4.30241674e-01 -1.40469059e-01
  -5.10215536e-02 -6.84839264e-02]
 [-3.40806067e-01  4.67517078e-01  1.50963977e-01  6.71308339e-01
  -2.14652531e-03 -3.18529218e-01 -7.66506866e-02  3.18080425e-01
   4.52491760e-01  7.15786874e-01]
 [ 3.54710147e-02 -1.69371739e-01  3.37270766e-01 -1.63156807e-01
  -3.41323495e-01 -6.29457757e-02  3.95587444e-01  1.38978615e-01
   3.70767415e-01 -3.89849216e-01]
 [-3.04640979e-01 -1.91313937e-01  1.52163237e-01  8.00553083e-01
   2.03602552e-01  1.08792298e-01 -6.98951840e-01 -3.56856018e-01
  -2.17842832e-01  4.27351177e-01]
 [ 2.00467682e+00 -9.45603549e-01 -5.89440167e-02 -1.06528568e+00
   1.83247998e-02  1.57069623e-01  1.38929152e+00 -3.23595375e-01
  -1.75449133e-01 -7.91624844e-01]]
Peso 2:
[-0.4385604   0.43338978  0.03222717  0.81191635 -0.17753278 -0.04260058
 -0.47421116 -0.03210518  0.06594196  0.74673617]
Camada: saida
Peso 1:
[[ 1.7495308e+00 -1.1912398e+00]
 [-5.5950367e-01  9.9169064e-01]
 [-1.1062157e-01  1.1207279e-01]
 [-1.1506419e+00  9.8208284e-01]
 [ 3.6573553e-01 -8.7868668e-02]
 [-3.2258263e-01 -4.1563612e-01]
 [ 7.7187902e-01 -1.4684848e+00]
 [ 2.1432017e-01  9.5934726e-02]
 [ 8.2166895e-05  3.8577887e-01]
 [-7.0603448e-01  1.2422264e+00]]
Peso 2:
[-0.606575   0.6065787]



pesos modelo: 
Test loss: 0.3073, Test accuracy: 0.8767
Camada: meio
Peso 1:
[[ 2.1133810e-01 -2.1989617e-01 -5.0034314e-02  4.0197790e-01
   3.3517998e-01 -8.0437601e-02  3.4352040e-01 -3.2474869e-01
   4.2390555e-02  2.0111805e-01]
 [-3.1201440e-01 -2.1771679e-02  2.4247259e-02  5.9802666e-02
  -3.3790502e-01  1.9922351e-02  2.6197848e-01  3.8056156e-01
   2.6723396e-02 -2.0245136e-01]
 [-2.2349359e-01  3.0755821e-01  3.2081631e-01 -2.7519542e-01
  -3.3649439e-01  2.5871903e-01 -1.7113650e-01  3.8612440e-01
   4.2027822e-03 -2.1162954e-01]
 [ 3.4801006e-01  1.1099463e-01  1.2639610e-01  2.4258320e-01
   1.0759229e-01 -9.5186137e-02  2.5355259e-01  3.1866086e-01
   8.0279157e-02 -3.6456758e-01]
 [-5.6584008e-02 -1.3612334e-01  1.5350485e-01  3.6667085e-01
  -2.2262450e-01 -2.6082304e-01  4.1944113e-02  1.5660070e-01
   1.8873110e-01 -2.0337960e-01]
 [ 3.4868908e-01 -1.1498442e-01  3.8847011e-01  3.2636923e-01
  -5.3718038e-02  1.2093694e-01  5.4445717e-02 -2.9238239e-01
   2.9005823e-01  4.3513379e-01]
 [-3.3478352e-01  1.4134580e-01  3.3113980e-01  2.8342494e-01
  -6.9658883e-02  4.3256384e-01 -8.0668647e-03 -2.8058991e-01
   1.8786680e-02 -3.4766191e-01]
 [-1.2697251e-01 -2.3346642e-01  1.2236333e-01 -2.7821285e-01
   2.1877736e-01 -2.5444815e-01 -1.7748600e-01  4.0711308e-01
   1.3387358e-01  6.0969274e-03]
 [-2.4875867e-01  3.8182855e-01  3.9706936e-01 -2.3062509e-01
   4.0561613e-02 -1.2767898e-01  1.9368038e-01  3.1981945e-01
   4.1558523e-02 -2.0556968e-01]
 [-4.4371635e-01  2.6869422e-01  2.8363770e-02 -1.4605621e-01
   6.1733320e-02 -4.8061304e-02  8.1311934e-02  3.4988195e-01
  -2.3282969e-01  1.4904000e-01]
 [-7.4672677e-02  3.3577350e-01  5.3690130e-01  2.3491079e-01
   3.7484533e-01 -5.7134159e-02  3.0980062e-01 -3.1865609e-01
   1.6230619e-01 -1.0496768e-01]
 [ 1.6702151e-01 -2.3078646e-01  1.1089511e-01 -6.5353587e-02
  -3.6054099e-01  9.2928089e-02  9.9593528e-02 -8.0881357e-02
   7.9291791e-02 -4.3362457e-01]
 [ 3.6381623e-01 -1.1779845e-01  2.5177550e-01 -3.9928374e-01
  -4.1554338e-01  5.1272035e-02 -4.5533279e-01  2.7549654e-01
  -1.1259747e-03 -4.3326530e-01]
 [ 6.1601613e-02  3.7511873e-01 -2.9960269e-02 -2.4936336e-01
  -3.8071436e-01 -2.5752744e-01  2.4935830e-01  2.4452053e-01
   4.1104063e-01 -2.7430300e-02]
 [-2.8194577e-01  2.4528316e-01 -1.7659958e-01  2.9438040e-01
  -1.3909693e-01  4.0822890e-01 -3.0060238e-01 -3.8099937e-02
   1.6083170e-01  2.6491234e-01]
 [-2.8933072e-01 -1.4602800e-01  5.7335138e-01 -1.9717000e-01
   1.5715645e-01 -3.3548796e-01 -6.0077619e-02  3.0920458e-01
  -7.0226735e-01 -2.3409694e-01]
 [ 1.7488299e-01  5.3384972e-01  2.7352604e-01  2.2635151e-01
  -1.5912781e-02 -1.3827553e-01  4.9183186e-02 -3.4711078e-01
   5.5421865e-01  1.3990699e-01]
 [ 2.2395262e-01 -2.4486111e-01  8.6791080e-01  1.8290441e-02
   9.7335331e-02 -6.6553861e-02  5.0640082e-01 -1.0939268e-01
  -1.0824819e-01  1.1193780e-01]
 [-2.3992479e-01  1.5295819e+00 -1.6775190e+00 -4.1186649e-01
   3.6224315e-01 -2.3983389e-01 -1.6187337e-01 -6.3198727e-01
   1.8636662e+00 -3.6612970e-01]]
Peso 2:
[-0.03210618 -0.39023784  0.96290207  0.1462844  -0.03769901 -0.01004138
  0.25349817  0.3051854  -0.5082262   0.01761702]
Camada: saida
Peso 1:
[[ 0.39555115  0.4246177 ]
 [ 1.279017   -0.912329  ]
 [-1.5504986   1.5493256 ]
 [-0.5236657   0.05191272]
 [ 0.5375326   0.22556062]
 [-0.11136736 -0.00855138]
 [-0.15744668  0.8172546 ]
 [-0.9851995   0.03641213]
 [ 1.225313   -1.570891  ]
 [ 0.17278478  0.4016112 ]]
Peso 2:
[-0.54480827  0.5448101 ]



pesos modelo: 
Test loss: 0.1511, Test accuracy: 0.9400
Camada: meio
Peso 1:
[[-0.15644178 -0.41601712 -0.3860885   0.3820228   0.2302931   0.10293388
   0.26369023  0.05286068 -0.3987233   0.37273395]
 [ 0.13139018 -0.23631789  0.14860445  0.15400627 -0.03226589 -0.21596731
   0.32356027  0.24749969  0.2173096  -0.2718744 ]
 [ 0.38347933  0.03893144  0.34783053  0.4028102   0.19241136  0.04076966
  -0.01972142  0.22116128  0.34831408 -0.23273075]
 [ 0.0223361   0.11696964  0.22405127  0.19076069  0.0282109  -0.06003971
  -0.37635022  0.18025705  0.3212087  -0.22153512]
 [ 0.14375329  0.25995904  0.02742093  0.01238615 -0.10975435 -0.11953351
   0.03373861 -0.27236488  0.05046397 -0.36452615]
 [ 0.15966754  0.1037011   0.56942356  0.0978127   0.20840125 -0.4343839
  -0.08855543  0.3531872   0.11937978 -0.45246136]
 [ 0.2506315  -0.21489932 -0.1387035  -0.25742933 -0.11798841 -0.03744173
  -0.10614953 -0.10539314 -0.01748888 -0.03895158]
 [ 0.04439032  0.4497479   0.37054402 -0.29532135 -0.05519779  0.01013755
   0.29634398  0.02850556  0.00326017 -0.20527369]
 [-0.2942982   0.25023916  0.5438614  -0.2697762  -0.02825603 -0.4679411
   0.30534732  0.28047138 -0.20087233  0.37376794]
 [-0.20243253 -0.2557846   0.3657895   0.2594732   0.37418574 -0.26690084
   0.15878958 -0.01185318  0.15190952  0.06194998]
 [ 0.2827942   0.2587985   0.16849945 -0.14935745 -0.12235224  0.07579235
   0.09401108 -0.08202308 -0.13886957 -0.43271992]
 [-0.43580526  0.09747716  0.17190968 -0.07668701  0.06464775 -0.14063074
  -0.32950613  0.11734457  0.4183318   0.22064349]
 [-0.37072566 -0.20389101  0.12734063 -0.2875262  -0.06865603  0.3896153
  -0.30949232  0.10464026 -0.09761418 -0.2773694 ]
 [-0.21936251  0.03340475  0.14971846 -0.18763481  0.3083848   0.24188185
   0.22519937  0.47764224 -0.24017683 -0.3268687 ]
 [ 0.36298975  0.06143818 -0.20412292  0.2723085   0.4076872   0.05320702
   0.07708643 -0.05236909  0.2069969  -0.21240374]
 [ 0.49871036 -0.03919631  0.5558496  -0.11822129 -0.2979896  -0.44840667
   0.33223304 -0.19531876  0.70289266  0.1130444 ]
 [-0.46439445  0.36673504  0.04723332  0.54830045  0.25266966 -0.26641065
   0.17612219  0.44813907  0.35874215  0.10439003]
 [-0.19591653 -0.24139935  0.7319286  -0.42337236 -0.14145455  0.1593652
  -0.03401978 -0.04755219  0.32780784  0.10915539]
 [ 0.24958421  1.1973393  -1.5514381   0.72477335  1.8018663   0.25884652
   0.33221722  1.252536   -0.77515006 -0.15833662]]
Peso 2:
[ 0.0658243  -0.11779892  1.0692734   0.08237437 -0.31667358 -0.03511927
 -0.0454848  -0.41450793  0.43854186 -0.05903498]
Camada: saida
Peso 1:
[[-0.16812234  0.22825427]
 [ 0.6924216  -0.854082  ]
 [-1.5165023   1.5035468 ]
 [ 0.7738747   0.0182224 ]
 [ 1.1914322  -1.3755732 ]
 [-0.48262528 -0.20214011]
 [ 0.1677018  -0.06354222]
 [ 1.3657849  -0.35508478]
 [-0.8657257   0.6330312 ]
 [ 0.53503823 -0.22503313]]
Peso 2:
[-0.6299341  0.6299374]



pesos modelo: 
Test loss: 0.4651, Test accuracy: 0.8459
Camada: meio
Peso 1:
[[-4.15302426e-01 -6.94356561e-02  4.63352203e-02 -2.14180261e-01
   3.83137107e-01  3.24042141e-02 -3.60873222e-01 -1.92904413e-01
   4.21256185e-01  3.62663865e-01]
 [-1.92139402e-01  2.02899218e-01  7.29299262e-02  2.43257880e-01
   1.39111318e-02 -1.99831039e-01  3.11667949e-01  1.71103403e-01
  -4.42647636e-01  1.04506416e-02]
 [ 2.32234508e-01  3.88546467e-01  3.51834893e-01  7.11928681e-02
   1.38726085e-01 -4.93735522e-01 -1.60970509e-01  4.39360648e-01
  -4.54864174e-01  2.04252660e-01]
 [-3.21240366e-01  2.07048073e-01  4.38942522e-01  2.88462397e-02
   3.36860180e-01  3.36002916e-01  3.61644737e-02  2.46121332e-01
  -1.08812794e-01  1.11171640e-01]
 [ 3.71799022e-01 -1.07694969e-01  8.65396485e-02  3.83353263e-01
   2.25887388e-01 -9.53207910e-02 -4.62998450e-01 -1.58289030e-01
   1.48190245e-01  4.46004450e-01]
 [-1.36843979e-01 -5.12751825e-02 -2.00671017e-01  3.98272485e-01
   1.26366660e-01  3.10138106e-01  3.88438791e-01 -1.47012025e-01
  -4.48563427e-01  1.42551586e-01]
 [ 9.66446027e-02  1.15470581e-01  9.49214175e-02  4.69127417e-01
  -2.06898987e-01 -3.60592127e-01  1.17182940e-01  6.60003442e-03
  -1.31461069e-01  4.09091473e-01]
 [ 3.42872918e-01  5.08253276e-01  4.16512311e-01  2.75771439e-01
   2.44887099e-01 -2.20570847e-01 -3.67100924e-01  2.25031316e-01
  -4.06773478e-01  3.92777734e-02]
 [-6.52900934e-02  2.61832565e-01  4.78490680e-01  3.00151799e-02
   1.92548558e-01 -4.66424264e-02 -9.04251412e-02  5.29951632e-01
  -4.15159017e-01  4.25993085e-01]
 [ 4.40878980e-02 -7.35604391e-02 -2.66590994e-02  7.19313174e-02
   1.54440507e-01  2.51988471e-01 -3.52431864e-01 -1.85428765e-02
   2.98681349e-01 -3.82033996e-02]
 [ 2.27755010e-01  1.55620396e-01 -3.12184602e-01  2.66598850e-01
  -1.58922747e-01 -1.19805105e-01  1.31615341e-01  3.49096924e-01
  -2.30289951e-01  1.93388879e-01]
 [-6.70569092e-02  2.07278430e-01 -2.71482885e-01  2.86177814e-01
   2.92318255e-01  1.88395649e-01 -4.68381256e-01  1.34218391e-02
   3.98820043e-01 -2.45435357e-01]
 [-1.54740615e-02 -3.66188139e-01  2.15731397e-01  1.58204004e-01
   1.29878148e-01 -1.08959936e-01  2.54134148e-01 -1.09887660e-01
   3.13143551e-01  4.09601927e-01]
 [-1.98447332e-01  2.03019246e-01 -1.16129458e-01 -1.76932931e-01
  -4.98131096e-01 -1.40611768e-01 -2.11608425e-01 -2.04293028e-01
   4.27065879e-01  1.96031928e-01]
 [-5.81414700e-01  6.43745899e-01  1.58398062e-01 -1.10489158e-02
  -3.42272341e-01 -3.97406727e-01  1.96912274e-01  1.18079633e-01
   2.69859701e-01  5.51589847e-01]
 [ 2.58289534e-03 -3.58719200e-01  3.33221078e-01  8.26965690e-01
  -3.78675130e-03  2.03170627e-01  1.31766871e-01  4.82198656e-01
   3.09349984e-01 -2.17222213e-03]
 [ 6.16531149e-02  4.17536229e-01 -9.66323391e-02 -3.84188503e-01
   3.38154554e-01 -2.20856667e-01 -3.94379884e-01  2.73774475e-01
   2.89227907e-02  5.44348657e-01]
 [ 1.09101227e-02 -1.06285699e-01  1.22882063e-02  7.57470369e-01
  -3.37288558e-01  1.00072019e-01  1.75212583e-04  7.63644934e-01
  -4.40073073e-01  1.56675130e-02]
 [ 6.13538548e-02  1.46122396e+00 -6.82214260e-01 -1.56607091e+00
  -3.70459080e-01  1.15333281e-01  2.14993387e-01 -1.39031589e+00
  -3.30511183e-01  9.37956154e-01]]
Peso 2:
[-0.03600649 -0.29153797  0.3727806   1.0978547   0.0576326  -0.18717526
 -0.11067418  0.8819706  -0.002905   -0.2602031 ]
Camada: saida
Peso 1:
[[ 0.07507692  0.46819445]
 [ 1.3784297  -1.0264839 ]
 [-0.36191767  0.750293  ]
 [-1.7792428   1.3276083 ]
 [ 0.20192432  0.76159775]
 [ 0.62112993 -0.3250043 ]
 [-0.10668617 -0.52874213]
 [-0.9793809   1.514239  ]
 [-0.08866841  0.06718115]
 [ 1.1940283  -0.4396028 ]]
Peso 2:
[-0.22783276  0.22783369]



pesos modelo: 
Test loss: 0.3266, Test accuracy: 0.8698
Camada: meio
Peso 1:
[[ 0.13059932 -0.34038132 -0.3822189  -0.04573363 -0.20422485 -0.29790682
  -0.27629036  0.43359363  0.32601756 -0.29160434]
 [-0.4215589  -0.46663254 -0.10145503  0.064315    0.25603724 -0.14719619
   0.2022214  -0.46931627  0.61104363  0.01905084]
 [-0.17898466 -0.25895885  0.36895928  0.05806338 -0.35486755 -0.1946571
   0.0459715   0.02579681  0.06683543  0.04605005]
 [-0.08902159  0.18909499 -0.21601206  0.4015914  -0.05811232 -0.37910363
   0.18074027  0.07141148  0.0283959   0.30035326]
 [-0.2703324   0.29942194  0.0300077   0.4300182   0.25344026 -0.11701275
   0.24435242 -0.31186336  0.52185845 -0.0654236 ]
 [-0.23143795 -0.11823642 -0.10029441 -0.15848848  0.05804466  0.30453315
   0.17973791  0.06987306  0.32182822  0.24911487]
 [ 0.13010941  0.31370676 -0.02660299 -0.26195344 -0.09794879 -0.05616689
  -0.02432001  0.15140474 -0.1521852   0.36921182]
 [ 0.03393835 -0.24171877  0.2837902   0.28349686 -0.30152005 -0.4662936
   0.25130296  0.27033013  0.2548917   0.17931673]
 [ 0.28031805 -0.16306971  0.36368662  0.3523601   0.12375355  0.2834413
   0.2510202  -0.23287147 -0.04526986  0.31264025]
 [ 0.04425739 -0.461417   -0.1969021  -0.40359497 -0.24785742  0.28540453
  -0.05955298 -0.05410404 -0.1645975   0.39733458]
 [ 0.3761941  -0.42811885 -0.22297387  0.22394136 -0.43103006 -0.36261958
  -0.2743363  -0.45771593 -0.08166883 -0.04366026]
 [ 0.02630004 -0.26913205  0.1224727   0.0722931   0.19755872 -0.05306018
  -0.13345206 -0.24639739 -0.18147732  0.16484766]
 [-0.16407973  0.2450148   0.36741358 -0.03398221 -0.44442546  0.07446367
  -0.13564946 -0.31830287  0.01892537 -0.02604882]
 [ 0.32644215 -0.3852234  -0.20081234 -0.01835077 -0.29918966 -0.31123847
   0.5560311  -0.36062002  0.08556772  0.11530745]
 [-0.10129892 -0.07727032 -0.18093492  0.00768601  0.06924774  0.20032513
   0.580449    0.26708713 -0.11480761  0.18453892]
 [-0.44462517  0.1222723   0.5347467   0.5597601  -0.44424173  0.21244112
  -0.20891054  0.14282739  0.75475824  0.37267098]
 [-0.28245535 -0.15897205  0.5294714   0.10612416  0.28688782 -0.3473925
   0.8657237  -0.2780918   0.23531574 -0.03102808]
 [-0.06970937  0.29859832 -0.21336408  0.31869334 -0.3592794  -0.28690007
  -0.20870823 -0.3755703   0.53478587  0.84700316]
 [-0.15697356  0.20229371 -0.6839655  -0.4842481  -0.0533828   0.06867302
   2.04362    -0.32190847 -1.0283369  -1.7965003 ]]
Peso 2:
[-0.02670114 -0.18846266  0.34694377  0.18486731  0.00244462 -0.06551963
 -0.43786618 -0.13304532  0.7464216   0.89694667]
Camada: saida
Peso 1:
[[ 0.57032454  0.4573256 ]
 [ 0.45959508 -0.18382172]
 [-0.5293294   0.51142424]
 [-0.7014237   0.25028127]
 [-0.50378996 -0.35124472]
 [ 0.04647307 -0.09161947]
 [ 1.8822047  -1.311898  ]
 [ 0.5438101  -0.40145528]
 [-1.0204775   1.0992553 ]
 [-1.0206245   1.8896614 ]]
Peso 2:
[-0.23758602  0.23758723]



pesos modelo: 
Test loss: 0.7341, Test accuracy: 0.7791
Camada: meio
Peso 1:
[[ 0.1494242   0.16872394  0.17319345 -0.10200906  0.2841984   0.11457318
  -0.0712952  -0.29348263 -0.37735754 -0.0133177 ]
 [-0.16895759 -0.268959    0.33509278 -0.4455776   0.21347935  0.41990894
   0.24310338 -0.20902704 -0.14681953  0.266317  ]
 [ 0.30307883  0.1984685  -0.03802782  0.3004816  -0.27252522 -0.02745076
   0.02774695  0.0609567  -0.33848184  0.44126815]
 [ 0.26268467  0.47254083 -0.08602432 -0.11268534  0.05484509 -0.11085755
  -0.02957649  0.05534316 -0.32462096  0.3001449 ]
 [ 0.34711725  0.23399764  0.29888818 -0.03301055 -0.02546353  0.19516227
   0.18957224  0.27510434 -0.03164661  0.295283  ]
 [-0.04856684 -0.20733944  0.33416978 -0.2453367  -0.23949641  0.0034389
   0.24114892  0.08260339 -0.10657587  0.03523017]
 [ 0.58230126  0.19088688  0.16158575 -0.39563295  0.037861    0.24363108
   0.02098924  0.09579762 -0.04406315 -0.30430648]
 [-0.1547     -0.18204778  0.4968436  -0.33708975  0.0560183  -0.14332016
   0.1813523   0.28801113 -0.38704222 -0.19450344]
 [-0.20120099  0.21802354  0.31638533 -0.27904922 -0.45345217  0.05210478
   0.03887547  0.0356483   0.4542277  -0.24872242]
 [-0.28450388  0.4236017   0.37366322 -0.33919233  0.230585    0.09542836
  -0.31246048  0.43317863  0.3024864   0.06987612]
 [ 0.09176442  0.04845608  0.15037854  0.20088278  0.3430916  -0.16506226
   0.20281483  0.18497233  0.22829567  0.4492695 ]
 [ 0.45357266 -0.22306539  0.38977242 -0.329299   -0.21933043  0.2146493
   0.29302838  0.21386054 -0.21498863  0.2051233 ]
 [ 0.34410056 -0.0194627   0.11580395  0.18029417  0.15741794  0.39150947
   0.16246402 -0.3606844  -0.37452415 -0.31643075]
 [ 0.08492748 -0.26953623 -0.09616522  0.06554169 -0.3063568   0.4044422
  -0.1790027   0.46904492  0.36202022  0.13923293]
 [-0.34841114  0.08765434  0.08313105 -0.41296014  0.23743838  0.3604332
   0.35526296  0.48788214 -0.03043045  0.3600561 ]
 [-0.21326903  0.21202289  0.7831213   0.07770123  0.16908741 -0.52716935
  -0.4711487  -0.33889037  0.01510049 -0.14148468]
 [ 0.08035795 -0.29894847  0.04391262  0.2983575  -0.0085145  -0.09400025
   0.20252801  0.7063801  -0.04098762 -0.38725713]
 [ 0.3483649   0.08115427  0.7447297  -0.36057866 -0.3452747  -0.33395565
  -0.05018827 -0.48905122 -0.35644826 -0.06893303]
 [-0.6197992  -0.12812866 -1.894672    0.29814768 -0.05169806  0.9879451
   0.80963236  1.5157043   0.27684858 -0.58131987]]
Peso 2:
[ 0.40852675  0.24553727  1.0052608  -0.01065744  0.00298493 -0.19684698
 -0.1835758  -0.5904555  -0.00540982  0.2213919 ]
Camada: saida
Peso 1:
[[-0.29660085  0.9214453 ]
 [-0.25638574  0.50403255]
 [-1.7761538   1.7448019 ]
 [ 0.30747408 -0.11630169]
 [-0.6655217  -0.2805861 ]
 [ 0.60094076 -0.97053754]
 [ 0.6358383  -0.570051  ]
 [ 1.4006072  -1.1635369 ]
 [-0.6122902  -0.59473276]
 [-0.45751578  0.45263267]]
Peso 2:
[-0.43148112  0.43148324]



pesos modelo: 
Test loss: 0.5876, Test accuracy: 0.8067
Camada: meio
Peso 1:
[[ 0.41131765 -0.27663618 -0.00616357  0.30954695  0.3873697  -0.31336462
  -0.21686432  0.2728706  -0.19854158  0.29258513]
 [-0.1582387   0.19935673  0.15343453  0.01128597  0.57410675  0.4554232
   0.05322595  0.2957758  -0.15787448 -0.15603311]
 [-0.11585422  0.28859317  0.20539622 -0.07457724  0.3391053   0.5324776
   0.14841649  0.04763747  0.4168654  -0.10456306]
 [ 0.36396742  0.29644626  0.26376203  0.18518631  0.25690216 -0.21348326
  -0.02299942 -0.18738061 -0.24238078  0.39264518]
 [ 0.12814404  0.19172442 -0.12699254  0.07540544  0.07969364  0.4984579
   0.19470121 -0.2956906  -0.31142798  0.32723477]
 [-0.18635084 -0.04867521  0.44030714  0.14479642  0.19852202  0.11278987
   0.18183239 -0.1882745  -0.31152484  0.36557442]
 [-0.13512315  0.17818518 -0.4007227   0.08909242  0.33319405 -0.00771672
  -0.01634371 -0.24304633 -0.34836438  0.0673342 ]
 [ 0.02742084 -0.1696403  -0.2977909   0.08937299  0.49732143 -0.33596507
   0.06175408  0.22654909  0.2796285   0.20990449]
 [ 0.33095014  0.08448378 -0.20853268 -0.11583949  0.02650806  0.01186116
   0.15568225  0.34512213 -0.16345447  0.46200684]
 [ 0.37559313 -0.12885344 -0.13033889  0.11787488 -0.06014577 -0.17888379
  -0.06829239  0.07626528 -0.2907476   0.35791034]
 [ 0.22788233 -0.03621689  0.14210066 -0.23364228  0.12644295 -0.08233923
   0.05901073  0.36989754  0.10939604  0.08154195]
 [ 0.23036568 -0.13299324 -0.3158478   0.06095504  0.4581459   0.4383319
   0.13690367  0.1317223   0.17999625 -0.04113248]
 [ 0.08136766  0.21260592  0.20703375  0.02788899  0.46906865 -0.23304453
   0.17948216  0.24125962 -0.22987448  0.43652335]
 [-0.19655286  0.34970474  0.3454881   0.30126643 -0.15835828 -0.24097916
   0.2992178  -0.2002581  -0.09538009  0.17565162]
 [-0.08931393 -0.02675618 -0.38851652  0.45467213  0.3171092   0.5154985
   0.39202955  0.23921847  0.4083787  -0.34143823]
 [-0.26087385 -0.14142707  0.4090228  -0.4324174   0.44541416 -0.15856832
  -0.52601147 -0.3320612   0.16381404  0.45879546]
 [-0.39743033 -0.01397202 -0.0790034   0.29110777  0.11367175 -0.028842
   0.33189362  0.16023028 -0.44016275 -0.2807783 ]
 [-0.43506768 -0.10532536 -0.44899598 -0.27990225  0.22150874 -0.04390085
  -0.7127714   0.0441424  -0.39787343  0.5488214 ]
 [ 0.01231974  0.80328727 -0.08998908  1.678029   -0.70834756 -0.72175026
   1.7580945   0.66405696  0.2504206  -0.8054153 ]]
Peso 2:
[-0.0731962  -0.16188626 -0.0028361  -0.44203582  0.6251792   0.40115306
 -0.58953846 -0.11758737  0.01371389  0.8346221 ]
Camada: saida
Peso 1:
[[ 0.44539523  0.40606073]
 [ 0.10217087 -0.91298443]
 [ 0.40185705  0.6041202 ]
 [ 1.2317027  -1.3358585 ]
 [-1.2156991   0.62865734]
 [-0.16204372  1.0168859 ]
 [ 0.8594623  -1.9688275 ]
 [ 0.10261876 -0.6134599 ]
 [ 0.13850574  0.2757757 ]
 [-0.7723585   1.3474766 ]]
Peso 2:
[-0.6184362  0.6184354]



pesos modelo: 
Test loss: 0.4033, Test accuracy: 0.8500
Camada: meio
Peso 1:
[[ 3.13457549e-01  1.31489158e-01 -3.20796490e-01  1.67206645e-01
   1.48075104e-01 -2.73975432e-01  9.25552249e-02  1.75451398e-01
  -2.61927962e-01 -5.91590405e-02]
 [-5.69666289e-02 -3.02977413e-01  1.13484897e-01  1.89348787e-01
  -1.27476797e-01 -4.22438771e-01 -2.78028578e-01 -1.54876247e-01
  -1.82744235e-01  9.15807188e-02]
 [ 4.82015610e-01  3.63465846e-01  4.63034175e-02  4.04700994e-01
   2.60389477e-01  3.82673621e-01  3.65395904e-01 -1.90582976e-01
   2.55344808e-01  4.61321384e-01]
 [ 3.05870801e-01  3.82989347e-01  2.53682196e-01 -1.98703617e-01
   3.67621541e-01  3.92974108e-01  2.26615235e-01  1.40093938e-01
   2.80378044e-01 -1.37747987e-03]
 [ 4.71710339e-02  2.89097190e-01  2.84930378e-01 -1.01908013e-01
   2.64100339e-02 -2.10640579e-01  2.46691629e-01  4.37840819e-01
   3.03534716e-01 -1.20687723e-01]
 [ 1.43937752e-01 -5.36423922e-02 -1.28653526e-01  1.47271352e-02
  -6.25098422e-02  4.20699179e-01 -8.38493276e-03  3.94738704e-01
   1.24097943e-01 -3.22440296e-01]
 [ 4.03716505e-01  3.47286135e-01  3.05648416e-01  4.86843809e-02
  -1.67990103e-01 -2.45820105e-01 -4.77649942e-02  1.82319999e-01
  -9.64296535e-02 -3.95310611e-01]
 [-1.09529980e-01  3.93109433e-02  3.91691059e-01 -3.17068934e-01
   2.95475304e-01  2.61236817e-01 -3.39088067e-02 -9.52033997e-02
  -4.44281757e-01  3.64586890e-01]
 [ 2.40865245e-01  2.34897032e-01  2.17207849e-01 -6.86810836e-02
   7.02315345e-02 -1.82939935e-02  5.56873828e-02  2.57946879e-01
  -1.93062469e-01 -3.92802328e-01]
 [-1.93919882e-01 -4.64575961e-02  3.00150186e-01 -4.49314296e-01
  -3.47398400e-01  1.79961309e-01 -3.00107241e-01  4.22141403e-01
  -4.72892731e-01 -1.90910175e-01]
 [ 3.95493209e-01  2.66521484e-01  2.02326149e-01  1.13710456e-01
   4.53966819e-02 -1.24198183e-01  2.26044849e-01 -2.92101055e-01
  -8.56626704e-02  1.75098881e-01]
 [ 3.12842101e-01 -1.07976317e-01  3.40955481e-02 -2.82307476e-01
  -1.95920765e-02 -3.83894682e-01 -1.35464892e-01 -2.41944224e-01
  -4.38169390e-01 -2.57374525e-01]
 [ 1.99847847e-01  1.12752102e-01  2.58684337e-01  2.30972618e-01
  -4.55254555e-01  1.50463313e-01  5.15861996e-02 -1.52985588e-01
  -2.78855711e-01 -2.56844312e-01]
 [ 9.35591757e-02  5.86986840e-01 -3.78674209e-01 -4.46668833e-01
   6.60732910e-02 -2.21581787e-01  3.98529410e-01  2.47260243e-01
  -1.45179331e-01 -3.86693090e-01]
 [-2.57168084e-01  5.43439150e-01 -9.51137841e-02  3.79865393e-02
  -1.36253983e-01 -1.19467817e-01  2.02834338e-01  3.33389431e-01
  -3.15700546e-02  1.76338241e-01]
 [ 1.38905510e-01 -5.66148639e-01  2.62160093e-01 -3.75957005e-02
   2.23368943e-01 -3.98960978e-01  7.25261867e-01  2.01828226e-01
  -6.21764548e-02  2.52211004e-01]
 [-5.20203300e-02  6.93312347e-01  1.49372011e-01  4.29170549e-01
  -1.92823619e-01  3.28948468e-01 -5.37143685e-02 -2.34510243e-01
  -3.92576039e-01 -2.63067633e-01]
 [ 1.93065539e-01 -8.09333980e-01  4.01829809e-01 -9.70941707e-02
  -7.01614395e-02  1.40749350e-01 -1.23675764e-01  3.05031925e-01
   3.51031154e-01 -2.85268426e-01]
 [-1.23745120e+00  1.89296246e+00 -1.31621671e+00  1.52381465e-01
   1.71805352e-01 -3.04508328e-01 -7.76632369e-01 -6.53746128e-01
   2.58989424e-01 -7.66250342e-02]]
Peso 2:
[ 8.18456650e-01 -5.67196786e-01  8.49229097e-01  1.20619276e-04
 -2.34309044e-02  2.50769872e-02  4.60015118e-01  2.83257931e-01
 -9.73390415e-02  1.37709349e-01]
Camada: saida
Peso 1:
[[-1.1298537   1.1470886 ]
 [ 1.537157   -1.8610684 ]
 [-1.3894346   1.1026379 ]
 [-0.5995081  -0.5422625 ]
 [-0.57393175 -0.34006616]
 [-0.5301915  -0.23786564]
 [-0.14967713  1.2353035 ]
 [-0.48009405  0.5431497 ]
 [ 0.24114671 -0.5302489 ]
 [-0.5925998   0.48664188]]
Peso 2:
[-0.41857383  0.4185754 ]



pesos modelo: 
Test loss: 0.6762, Test accuracy: 0.7893
Camada: meio
Peso 1:
[[-2.45590463e-01 -3.74556035e-01  4.28671300e-01 -3.36758435e-01
  -1.72299415e-01  3.22486162e-01  2.03699827e-01  2.08736539e-01
   4.08390045e-01  1.42799616e-02]
 [-1.15695246e-01 -6.93991408e-02  2.76475012e-01  1.15985006e-01
   1.13005877e-01  5.79856383e-03 -7.29053393e-02  3.48356605e-01
   1.13306083e-02  2.58324236e-01]
 [-2.04197213e-01 -2.43078217e-01  4.59868349e-02  2.17931747e-01
   4.53592278e-02 -3.98978591e-01  3.37425500e-01  3.10510188e-01
  -1.17595270e-01 -6.06117174e-02]
 [ 2.84674942e-01  1.19393077e-02  3.35678607e-01  5.85074462e-02
  -6.19631112e-02  1.43193141e-01  1.08290449e-01 -1.18961163e-01
   5.08902013e-01  2.20253155e-01]
 [ 1.38687074e-01  4.54063386e-01  1.09574705e-01 -1.64383858e-01
  -4.59896982e-01 -3.26362729e-01  2.14910537e-01 -3.12405556e-01
   3.36726010e-01  7.34241083e-02]
 [ 2.82128036e-01 -1.21549740e-01  3.74556750e-01 -3.33113760e-01
   3.93099070e-01  3.89011562e-01 -1.49509758e-01  4.69950080e-01
   4.69709188e-01 -1.22904894e-04]
 [ 2.08964750e-01  1.43120408e-01 -3.74478608e-01  5.05276024e-01
   2.35746428e-01 -2.92707264e-01  2.03055248e-01  1.87213570e-01
   2.16385081e-01  2.41001248e-01]
 [-5.78252450e-02  2.55649000e-01  1.31324574e-01 -3.46493632e-01
   2.71963954e-01 -3.20241451e-01 -1.87579710e-02  2.14887455e-01
   9.09328163e-02 -3.79180342e-01]
 [ 4.97504845e-02  5.64952530e-02 -2.17724964e-01 -3.43192458e-01
   3.14488411e-02 -2.47606725e-01  1.50406659e-01  4.03302342e-01
   2.26713449e-01 -4.41900745e-04]
 [ 8.91773477e-02  1.72553062e-01 -4.12774608e-02  4.73651558e-01
  -1.73117146e-02 -7.93512240e-02  6.94851056e-02  1.84598655e-01
   5.29325493e-02 -1.71133295e-01]
 [ 1.08317211e-01  2.38788053e-01  5.46015650e-02  4.17305499e-01
  -3.63400072e-01 -6.64928928e-02  2.86458343e-01 -1.43591836e-01
   2.22089097e-01 -2.17721939e-01]
 [ 1.33620173e-01  5.92722476e-01 -4.71728593e-02 -1.57527372e-01
   4.44720238e-01 -4.24129218e-01 -3.11681569e-01  4.54377323e-01
   6.29574582e-02 -2.80215204e-01]
 [-4.94694486e-02 -4.91391063e-01  4.58116904e-02  3.73791993e-01
   2.70838767e-01  1.04377866e-01  2.71399051e-01  2.42965266e-01
   1.94006011e-01 -3.05996746e-01]
 [ 3.58011961e-01 -2.80944645e-01  4.67662066e-01  4.13226545e-01
   2.98354089e-01  1.92866325e-01 -2.77344555e-01 -2.43684590e-01
  -1.83695942e-01 -2.25830734e-01]
 [ 3.47201288e-01  1.23108387e-01  8.66432022e-03 -2.65639693e-01
  -1.40207380e-01 -3.44315618e-01  3.17515969e-01 -2.20899656e-01
  -1.73171699e-01 -1.11973315e-01]
 [-7.67199814e-01  5.88273816e-02 -2.22402096e-01  4.13376205e-02
  -4.08340067e-01 -2.47657701e-01 -3.90994847e-01  2.97448933e-01
   5.77594578e-01 -1.37176394e-01]
 [ 7.69831777e-01  7.32625127e-02 -2.84851700e-01 -1.94413185e-01
  -2.56030291e-01 -1.73245668e-01  4.33750123e-01 -2.58397847e-01
   2.97952294e-01 -4.47695285e-01]
 [-2.88567692e-01  3.69358033e-01  8.32862556e-02  1.55272320e-01
  -4.10184145e-01 -3.78555715e-01  2.55448580e-01  6.47110632e-03
   9.40435171e-01  2.19268516e-01]
 [ 2.40295053e+00 -2.09719598e-01 -1.21940240e-01 -5.35458982e-01
  -3.87675464e-01  2.17097346e-02 -2.49164253e-02 -5.39550900e-01
  -1.54344010e+00 -1.03538901e-01]]
Peso 2:
[-0.5788559   0.2934722  -0.00304982  0.31451595  0.01150843  0.004989
 -0.08178853  0.30524462  1.0429419  -0.13951051]
Camada: saida
Peso 1:
[[ 1.7601681  -1.8013359 ]
 [-0.42899776  0.5921348 ]
 [-0.02926159  0.06177246]
 [-0.98671657 -0.0212087 ]
 [ 0.36523595  0.58054256]
 [ 0.18037651  0.59414655]
 [ 0.3442059   0.17181392]
 [-0.56137556  0.3616375 ]
 [-1.5526978   1.5546167 ]
 [ 0.48145065 -0.2746746 ]]
Peso 2:
[-0.4846304   0.48463225]



pesos modelo: 
Test loss: 0.6590, Test accuracy: 0.8009
Camada: meio
Peso 1:
[[-1.34441257e-03  6.78565502e-02  2.22972572e-01 -3.60151500e-01
   1.80237830e-01  2.41837204e-01 -3.09565187e-01  3.54450524e-01
   7.46755004e-02 -3.87194008e-01]
 [-6.53804988e-02 -1.83951873e-02  3.99120972e-02  3.14266771e-01
  -4.26032454e-01  7.66222700e-02  2.87355572e-01  3.97672415e-01
   1.18243232e-01 -3.51662725e-01]
 [ 2.57583559e-02 -9.19135138e-02  4.52071056e-02 -3.53627324e-01
   2.98965961e-01 -1.93941951e-01  1.21431693e-01  4.40882802e-01
   2.89622992e-01  1.74110085e-01]
 [-2.18139455e-01  1.41390562e-01 -8.86595547e-02  9.73821804e-02
   7.45619908e-02  3.16030055e-01  2.23481029e-01  1.51852161e-01
   9.82186794e-02 -1.01961255e-01]
 [-5.35455272e-02 -2.03272536e-01  7.96137825e-02  3.35641533e-01
  -3.50775093e-01  2.57747591e-01  1.69247702e-01 -2.66288340e-01
   3.84858191e-01  9.52440128e-02]
 [ 1.43813327e-01  3.27447027e-01  4.88010108e-01 -3.44032675e-01
   1.61200196e-01  1.77587122e-02 -7.37884417e-02  3.90424192e-01
   3.88179898e-01  1.64910749e-01]
 [ 1.45336658e-01 -1.44653231e-01 -2.50415504e-01  1.01946361e-01
  -2.99697042e-01 -3.43928248e-01 -1.29318491e-01 -2.12510139e-01
   9.87058356e-02  7.53247440e-02]
 [-4.55257148e-01  2.90557742e-01  2.13233709e-01 -2.01434106e-01
  -3.71585786e-01 -8.90639350e-02 -5.63563444e-02  3.87214452e-01
   1.36122927e-01 -6.82923570e-02]
 [ 4.11546767e-01  5.89417778e-02  3.56423557e-02 -4.23119366e-01
  -9.38939825e-02  2.70296425e-01  3.75365973e-01 -3.52688700e-01
   2.88359463e-01 -1.47054598e-01]
 [ 2.36994430e-01  5.79731725e-02  3.78102928e-01 -4.05411452e-01
  -3.72871399e-01  4.00204092e-01 -1.60228536e-01  1.79338958e-02
   2.37031013e-01  3.45537178e-02]
 [ 3.58949691e-01  1.25595272e-01 -2.43958458e-01 -7.59232789e-02
   3.60320769e-02  4.27123725e-01  2.16544539e-01 -3.30657601e-01
   1.55399889e-01  1.34744421e-01]
 [-8.11838731e-02  1.50536373e-01 -1.66538164e-01 -1.87658355e-01
   3.75908583e-01 -3.31571162e-01  3.72855544e-01 -2.01425642e-01
   2.91858703e-01 -1.09778427e-01]
 [-2.20937878e-01  3.91292214e-01  1.39206415e-02  2.26191550e-01
  -3.91609877e-01 -2.36654118e-01  1.27398968e-01 -4.87236455e-02
   4.46289510e-01  4.23333108e-01]
 [-4.53889631e-02 -3.51203859e-01  3.10894847e-01  4.09447178e-02
   2.45626658e-01 -1.20432395e-02 -1.75197271e-03  3.19117367e-01
  -1.88006777e-02  4.51962709e-01]
 [ 1.73503652e-01 -1.48164844e-02  3.58699620e-01 -1.28982827e-01
  -4.23808664e-01 -3.51424485e-01  4.62382942e-01 -2.09908605e-01
   1.43670201e-01  2.81879544e-01]
 [-1.47848815e-01  4.41197276e-01 -2.68405139e-01 -2.64986753e-01
  -4.33120131e-01  4.62708592e-01 -5.71301639e-01 -1.67585537e-01
   8.22157919e-01 -2.65150368e-01]
 [-2.88760900e-01 -8.78570788e-03  2.69084305e-01 -9.43613201e-02
   1.20181158e-01  1.86588407e-01 -7.47416615e-02  7.83936605e-02
  -2.54279226e-01  4.35000718e-01]
 [-1.47316009e-01  4.21866179e-01 -2.19104677e-01 -1.16401844e-01
   6.23593889e-02  2.84790635e-01 -2.18010277e-01 -7.71110877e-02
   8.62497568e-01 -1.60481185e-01]
 [ 1.71960562e-01 -1.91066056e-01  1.40551686e+00 -1.36888325e-01
  -2.31000051e-01 -1.83993295e-01  1.28845954e+00 -4.42978203e-01
  -1.99251378e+00  1.19828141e+00]]
Peso 2:
[-0.00309384  0.21693952 -0.22788972 -0.07526452 -0.09151009  0.16443114
 -0.21499437  0.20689479  1.1869181  -0.27742222]
Camada: saida
Peso 1:
[[-0.05857634 -0.07698229]
 [ 0.20116988  0.937932  ]
 [ 0.9968493  -1.0432211 ]
 [ 0.21918693 -0.13242915]
 [ 0.60337037  0.25039354]
 [-0.28196907  0.38873425]
 [ 1.1190532  -0.60481405]
 [-0.6199102   0.08603773]
 [-2.2976925   1.2072114 ]
 [ 1.4676793  -0.35372156]]
Peso 2:
[-0.44667268  0.44667515]



pesos modelo: 
Test loss: 1.1062, Test accuracy: 0.7204
Camada: meio
Peso 1:
[[-4.05571520e-01 -4.49287832e-01 -4.51545477e-01  3.66845667e-01
  -3.97567600e-01  4.37968254e-01  3.71627986e-01  9.67258215e-03
  -2.12544769e-01  7.79393315e-02]
 [ 3.10016006e-01 -5.60726337e-02  3.22362423e-01 -3.09780598e-01
   5.90962730e-02  3.79164547e-01  2.28729755e-01  1.17049873e-01
   3.99480820e-01  5.68974093e-02]
 [-1.36614144e-01 -2.59162843e-01 -6.17839545e-02 -7.84055963e-02
  -7.04339445e-02  3.39471579e-01 -2.67999828e-01 -1.69945315e-01
  -8.45790580e-02  3.41100693e-01]
 [ 1.27747148e-01  2.54575729e-01  3.53719920e-01  5.17406617e-04
  -2.53362834e-01  3.81536335e-01  2.57252008e-01 -1.23755962e-01
   3.80048007e-01  1.29130557e-01]
 [ 4.13742542e-01 -1.82180956e-01  4.23800170e-01 -6.44680858e-02
  -1.52864128e-01 -9.06244442e-02 -1.42751753e-01  3.12373221e-01
  -1.67040765e-01 -1.61623761e-01]
 [ 7.93207064e-02  3.45799357e-01  3.93467635e-01  1.13533430e-01
   4.08116430e-01  2.93386459e-01 -2.77024716e-01  2.56458610e-01
   2.54278064e-01  1.52653689e-02]
 [ 1.54234901e-01 -1.97131634e-01  6.40915781e-02  5.73764622e-01
   2.09988534e-01 -1.29620269e-01 -3.54554951e-01  5.82258776e-02
   4.02852952e-01  1.41572818e-01]
 [-3.31972480e-01 -4.79021408e-02 -1.32993624e-01 -2.59187311e-01
  -9.09306854e-02  3.75707418e-01 -3.35364997e-01 -1.35771707e-01
  -3.61853659e-01 -7.86968600e-03]
 [ 2.24074453e-01  3.21927190e-01  3.76888037e-01  2.36298144e-01
   4.06832218e-01  3.82748842e-02 -3.28561187e-01  3.32247764e-01
   3.96102428e-01 -2.19150022e-01]
 [ 3.80051024e-02 -3.74146961e-02 -1.59334410e-02  2.51745105e-01
  -1.19291946e-01 -1.35519221e-01  1.84382170e-01  1.42550737e-01
  -2.37027824e-01 -1.54150158e-01]
 [ 4.61366773e-02  2.92817056e-01 -1.49360031e-01  3.62703741e-01
   1.56464994e-01  2.58909035e-02 -4.35758322e-01  3.19181174e-01
   2.44835198e-01 -9.66774002e-02]
 [ 7.85834342e-02 -8.31484422e-02  3.20069671e-01 -6.93452284e-02
  -1.49014086e-01  1.50461122e-01 -4.27964598e-01  1.96178719e-01
  -2.56940484e-01  9.32764336e-02]
 [ 2.31153518e-02  2.71553606e-01  4.34009731e-01 -2.50916660e-01
   3.67805570e-01  4.38966841e-01  1.52077258e-01  4.50706989e-01
   2.21655846e-01  3.69453996e-01]
 [ 4.88333791e-01  4.98930484e-01  3.47431183e-01 -3.23493421e-01
   1.67699218e-01  2.32160732e-01 -1.52153686e-01 -8.60846266e-02
  -3.39699015e-02  3.63070369e-02]
 [ 3.22913319e-01  3.81762862e-01  1.62397981e-01 -3.31027597e-01
   5.19433677e-01  3.86949450e-01  2.38339156e-01 -1.80656105e-01
   2.14964807e-01  3.52007300e-01]
 [-6.60719514e-01 -5.86943328e-01  3.88725042e-01  5.25215626e-01
  -6.09116316e-01  3.76379013e-01  2.57652670e-01  1.91740215e-01
  -2.55373061e-01 -1.62583441e-01]
 [ 3.82921934e-01  2.13562921e-01  2.97431320e-01  3.59176815e-01
   2.61025876e-01 -4.59392697e-01 -6.63131699e-02  2.46828064e-01
  -3.93953949e-01  3.37342620e-01]
 [-5.70681155e-01 -2.11499375e-03  1.16683148e-01  1.10669203e-01
   2.47275755e-02  6.84363067e-01 -3.11557889e-01  4.15507495e-01
   6.84199512e-01 -1.15315646e-01]
 [ 1.09418559e+00  1.18960106e+00 -6.87116086e-01 -1.65267214e-01
   6.73269570e-01 -1.25567234e+00  4.09377664e-01 -1.13960862e+00
  -3.46923679e-01  1.24765086e+00]]
Peso 2:
[-4.3876746e-01 -2.9257327e-01  2.0449989e-01  4.8229459e-01
 -2.3552117e-01  6.3046169e-01  3.3508119e-04  7.9453897e-01
  3.2485262e-01 -1.7674260e-01]
Camada: saida
Peso 1:
[[ 1.303413   -0.8823516 ]
 [ 1.0959693  -0.90999347]
 [-0.5550762   0.35717973]
 [-0.5996916   0.77765626]
 [ 0.58836764 -0.59906524]
 [-1.5332017   0.6471401 ]
 [ 0.01261896  0.17921427]
 [-1.1697978   1.1454211 ]
 [-0.7940282   0.36912006]
 [ 1.3309983  -0.33347195]]
Peso 2:
[-0.5132904   0.51329166]



pesos modelo: 
Test loss: 0.3697, Test accuracy: 0.8694
Camada: meio
Peso 1:
[[-0.10664356 -0.15023753 -0.34777316 -0.13543573  0.22964585  0.28868026
   0.15699768  0.35084242  0.02944613 -0.36045092]
 [ 0.03955342  0.07607107  0.42789537 -0.27777484 -0.03920738  0.0764543
   0.4057848  -0.12045619 -0.12253568  0.13359144]
 [ 0.13264869 -0.01439122 -0.44463056  0.42295521 -0.03925341  0.26880446
  -0.01315639  0.23416337 -0.35231903  0.27169997]
 [ 0.28218344  0.14579946  0.46513033 -0.32786006  0.3404833   0.42883816
   0.01185676 -0.17995653 -0.26415038  0.11408218]
 [-0.19664732 -0.0533723  -0.18908057 -0.36352426  0.05830881 -0.11930063
  -0.44751537 -0.1557923   0.5288772   0.32758752]
 [ 0.6710117   0.16807885  0.12762329  0.44938433  0.26147315  0.0028787
   0.11637261  0.27328718 -0.22377886 -0.03637484]
 [ 0.46547052 -0.2420737  -0.0715419  -0.39019063  0.29680344 -0.24778664
   0.09376026  0.37224028 -0.10619294 -0.00258552]
 [-0.04036848 -0.0400261  -0.34672418 -0.32008368 -0.04094766 -0.04391423
  -0.27773052 -0.1045379   0.05106509  0.23465069]
 [ 0.11837882 -0.24634807  0.06658865 -0.31484932  0.00236941  0.08519344
   0.22428583  0.42183125 -0.03661373  0.22844808]
 [ 0.26805574  0.19058904  0.29998726 -0.4459401   0.09012299 -0.10580575
  -0.4541326   0.10219922  0.2509044   0.08741676]
 [ 0.3839671   0.32357976 -0.37120277 -0.40619296 -0.39158532 -0.40480202
   0.29473713  0.22432877  0.54792213 -0.12795821]
 [-0.22572759 -0.1614265  -0.02333107  0.08925167 -0.13364871 -0.32488185
   0.12567559 -0.01244948  0.03285416  0.3134146 ]
 [ 0.10444383  0.09519118 -0.07275523 -0.21942346  0.14707255  0.4442965
  -0.3491701  -0.15610228  0.1349046   0.23690385]
 [-0.13999982  0.13629168  0.13531072 -0.24496388  0.36747152 -0.11960656
  -0.39771786  0.11337837 -0.1751052  -0.13516623]
 [ 0.34066772  0.5801903   0.3270522   0.21520305  0.7676975   0.31869775
  -0.27674276  0.3214938  -0.41248634  0.22291444]
 [ 0.6667799  -0.2801779   0.43704134  0.4677099  -0.25470656  0.28740242
  -0.00742477  0.01949386 -0.19046192  0.42953572]
 [-0.09304924  0.41236845  0.04679647  0.03522765  0.41423094 -0.24842067
  -0.22813636  0.0114008  -0.27108487 -0.06184383]
 [ 0.7595253  -0.4567807   0.01316019 -0.06799395 -0.39237294 -0.07685492
  -0.3332925  -0.23263589 -0.17209557  0.40129247]
 [-1.4214438   1.3136353  -0.20906594  0.20563385  1.2137923   0.29226163
   0.07598373  1.1082547  -0.00528628 -1.3738854 ]]
Peso 2:
[ 1.0635062  -0.14744277  0.08735219  0.02128105 -0.38481835 -0.00759863
 -0.05379746 -0.14309716  0.19172202  0.80473965]
Camada: saida
Peso 1:
[[-1.2681493   1.6221453 ]
 [ 1.0198699  -1.0230746 ]
 [-0.5735375  -0.06516336]
 [-0.7304355  -0.49810207]
 [ 0.7241569  -1.2529516 ]
 [ 0.25739464  0.19905707]
 [-0.0859892  -0.3813818 ]
 [ 0.86690193 -0.9168217 ]
 [-0.74900013  0.4727047 ]
 [-1.3291506   1.0413828 ]]
Peso 2:
[-0.38937345  0.38937557]



pesos modelo: 
Test loss: 0.7252, Test accuracy: 0.7997
Camada: meio
Peso 1:
[[-0.34511068  0.18309146  0.38324022 -0.20852627  0.24622768 -0.27290356
  -0.26618528  0.28071237  0.21120131  0.0682497 ]
 [-0.2782463  -0.11968304  0.03896926  0.3712875   0.2269362   0.23532477
   0.26505136 -0.12751366 -0.24795146 -0.08551148]
 [ 0.1868346  -0.2465902  -0.25024536 -0.429737   -0.18934935 -0.10984582
  -0.05064679 -0.28382143 -0.48196718  0.27522564]
 [-0.27208754 -0.00329506 -0.07931262  0.3602283   0.17761937  0.35532388
   0.19613536  0.13903281 -0.18386716  0.17047073]
 [ 0.01174682  0.42968696  0.18644966  0.2321543  -0.27407375 -0.26115265
   0.35517088 -0.25802824 -0.35509378  0.37297374]
 [ 0.35883728  0.09766085  0.06744359 -0.01381532  0.37159395 -0.19778383
   0.05063063 -0.11095642 -0.28855494 -0.15003762]
 [-0.16165242 -0.43606636 -0.10028555  0.26907027  0.11579771  0.28979322
   0.12354042 -0.41643047  0.15832208 -0.15177108]
 [-0.441989   -0.12318636  0.0516645   0.09449222  0.15787676  0.44422618
   0.3958622  -0.24178275  0.15904038  0.25737464]
 [-0.30634463 -0.24398783  0.1198656  -0.10284105 -0.13840158  0.32842204
   0.35032514 -0.13565828  0.21562503 -0.33782074]
 [-0.30479634 -0.12101366 -0.10270091  0.16544591  0.0499034  -0.36376017
  -0.03930478 -0.04913103  0.18573773  0.26716036]
 [-0.2530544   0.14547765 -0.02565372 -0.27048075 -0.06854586  0.26273137
   0.1783705  -0.06803177  0.05934503 -0.32715198]
 [-0.35200256  0.44566706  0.2010359   0.18918829  0.29935673  0.093579
   0.31083754  0.2578117   0.00902061 -0.13164471]
 [ 0.41943938 -0.13615559  0.03343172 -0.17343175  0.16371626 -0.054332
   0.19929858  0.195706    0.04607488  0.03279467]
 [-0.32628658 -0.21668759  0.4995856  -0.40834936  0.2848858   0.15025792
  -0.10452221  0.27671355 -0.16219181  0.43386415]
 [-0.03064991  0.09378312  0.5248503  -0.35923183 -0.396748    0.08539261
  -0.02518287 -0.24347432 -0.19467297  0.31179777]
 [-0.4379909  -0.3050729  -0.6752765  -0.36570942  0.4434726  -0.07645455
   0.7974147  -0.42134258  0.25929487 -0.27022225]
 [-0.05009476 -0.19680107  0.7468229  -0.4253429  -0.00751036  0.31026122
   0.06103329 -0.3456744  -0.47534877  0.04273026]
 [-0.04408115  0.06138382 -0.6789365  -0.32062912 -0.07303306 -0.05592572
   0.82848907 -0.38511816 -0.31441066 -0.4127516 ]
 [ 0.33896384 -0.09223381  1.8298017   0.06977516 -0.3748903   0.8739854
  -1.8537595  -0.37942186 -0.05524362  0.42152768]]
Peso 2:
[ 1.6541450e-04  1.1327618e-01 -5.2786016e-01 -5.4616120e-02
  2.5229958e-01 -2.0912351e-01  1.2995536e+00 -1.3830009e-01
 -1.6618697e-01 -5.4139771e-02]
Camada: saida
Peso 1:
[[ 0.20914085  0.31259418]
 [-0.51753914  0.13276242]
 [ 1.6762466  -1.4668192 ]
 [-0.09255306 -0.37453282]
 [ 0.15951039  0.92573225]
 [ 0.6524542  -0.53993094]
 [-1.5153382   2.0644283 ]
 [ 0.3368965  -0.641     ]
 [ 0.58125305 -0.61910737]
 [-0.08974574 -0.7465559 ]]
Peso 2:
[-0.56312037  0.5631219 ]



pesos modelo: 
Test loss: 0.6513, Test accuracy: 0.8061
Camada: meio
Peso 1:
[[-2.01440156e-01 -4.17223781e-01  4.00617898e-01 -1.07570976e-01
  -2.52988935e-01 -1.98680073e-01 -3.30909193e-02 -3.69874388e-01
   4.42599118e-01 -2.42652535e-01]
 [-1.05245866e-01 -3.52401257e-01 -3.82466823e-01  4.29937214e-01
   1.57655016e-01 -1.39645666e-01  2.73142993e-01  3.01688820e-01
   1.58569368e-03 -8.00420344e-02]
 [-2.33038545e-01  4.89927709e-01 -2.99296051e-01  4.57529612e-02
  -1.86381742e-01  1.64312407e-01 -8.58710781e-02  5.54354116e-02
   1.28302634e-01 -1.50394887e-01]
 [ 2.50660241e-01 -1.30497813e-01 -2.49076039e-01 -1.18807197e-01
   9.48470086e-02  2.88186401e-01  2.45518073e-01 -2.19667971e-01
  -3.54853809e-01  1.19138202e-02]
 [ 2.67515659e-01 -7.25760236e-02  1.95251405e-01  1.13520138e-01
   3.83114785e-01  4.03876275e-01 -8.31506848e-02 -3.92385960e-01
  -3.68097126e-01  2.98290789e-01]
 [-8.58931094e-02 -4.06444758e-01 -2.69639194e-01  2.01915607e-01
   2.30121821e-01  2.19880324e-02 -1.82215199e-01 -2.45864391e-01
   2.09213302e-01  3.46739553e-02]
 [ 2.09330350e-01  1.57499015e-01 -1.16829991e-01 -2.31137946e-01
   1.61999896e-01  2.29899064e-01  1.83795854e-01 -4.27152872e-01
  -3.21820468e-01  4.64045778e-02]
 [ 2.51518101e-01  2.15164989e-01 -2.79898256e-01 -5.14437966e-02
   2.81486195e-02 -9.74062271e-03  3.41167033e-01  3.35216850e-01
  -3.48537683e-01 -1.57498941e-01]
 [ 2.35310152e-01  4.74093974e-01 -2.24454522e-01 -6.80939555e-02
   5.10116935e-01 -1.37375101e-01 -1.31256938e-01  1.40909925e-01
  -3.89445722e-01  1.72576606e-01]
 [ 2.83970326e-01 -3.69182527e-01 -1.37013152e-01  5.37770130e-02
   2.87650004e-02  4.37685311e-01 -1.26908422e-01 -2.87311703e-01
   2.75820076e-01  4.03990410e-02]
 [ 1.65791243e-01  3.88469815e-01 -1.16154395e-01 -2.85925955e-01
   4.84322935e-01  2.91118175e-01 -3.78605276e-01 -7.43266717e-02
  -9.93308797e-02  3.08798432e-01]
 [-2.79422589e-02 -5.85035011e-02  4.09794301e-01 -2.86861826e-02
   2.02880368e-01  3.82461697e-01  4.10939276e-01 -4.40080702e-01
  -4.33308899e-01  1.30900592e-01]
 [-9.07234251e-02  9.01977345e-02  2.44238004e-01 -2.57213563e-01
   1.97155714e-01  2.62054235e-01 -2.11280212e-01 -3.73361766e-01
   4.08046693e-01  5.54205775e-02]
 [-2.04517208e-02 -2.27324411e-01 -3.76917630e-01  1.90019190e-01
  -2.45809540e-01 -1.48936957e-01 -2.76587009e-01 -2.14312255e-01
  -4.40661192e-01  2.54897863e-01]
 [ 1.86692178e-01  2.91547198e-02  9.41661522e-02 -5.48289001e-01
  -1.52787128e-02  2.93199450e-01  1.79819405e-01 -1.40967397e-02
   4.04736489e-01  5.39505363e-01]
 [-3.64622951e-01 -2.93970019e-01  1.38100255e-02  5.08130193e-01
   7.48609364e-01  6.01099849e-01  3.42585862e-01  2.58844435e-01
  -2.72301406e-01 -4.85970050e-01]
 [ 1.34479895e-01  1.73980579e-01 -3.31301063e-01  3.53737772e-01
   2.18203977e-01 -5.01026869e-01 -2.94953376e-01  4.37869243e-02
  -3.93242151e-01  5.73408782e-01]
 [-2.03051031e-01 -6.22416288e-02 -2.82493383e-01  4.11109030e-01
   8.68471324e-01  5.18537126e-03  3.53388011e-01  2.61746854e-01
  -3.98398787e-01 -5.94642878e-01]
 [ 1.44158185e-01 -4.77816880e-01  3.78666520e-01  1.47640081e-02
  -1.41922164e+00 -7.50445008e-01  3.56774256e-02  3.42230648e-01
   3.82683754e-01  2.38508153e+00]]
Peso 2:
[-0.09085324  0.13846047  0.01051701  0.17311178  1.0281508   0.47281522
  0.07088674 -0.13378564 -0.01979407 -0.56812954]
Camada: saida
Peso 1:
[[ 0.46736568  0.18042637]
 [-0.7774112  -0.26831007]
 [ 0.14000703  0.6635878 ]
 [-0.5367002   0.19168659]
 [-1.5524298   1.3832278 ]
 [-0.37905282  1.1502492 ]
 [-0.37942296  0.0135719 ]
 [ 0.42895877 -0.12762168]
 [ 0.15267858  0.65812206]
 [ 2.2944872  -1.4242824 ]]
Peso 2:
[-0.44208607  0.44208863]



pesos modelo: 
Test loss: 0.4394, Test accuracy: 0.8451
Camada: meio
Peso 1:
[[-0.3579266  -0.40168467 -0.29914093  0.04939473 -0.21545006 -0.01353037
  -0.07986444  0.44359577  0.36878777 -0.22269745]
 [-0.41900828 -0.32982928  0.43102944 -0.25845644  0.3432363   0.25939924
  -0.27337036 -0.32393384 -0.14544052  0.27657926]
 [-0.42656752 -0.07877906 -0.19001432  0.3301262   0.37319928  0.36142433
   0.15216061  0.28006735 -0.00176702  0.28875178]
 [ 0.41290683  0.05950905  0.46073776  0.00582565 -0.03908296  0.12932266
  -0.17847832  0.03684273 -0.1003336  -0.30854118]
 [-0.24526511 -0.00285645 -0.21747224 -0.23155388 -0.16649     0.25648627
  -0.43446478 -0.15529963  0.24183147 -0.12966914]
 [ 0.25123683  0.33746418 -0.38651916  0.17020231 -0.16756533 -0.04852195
   0.43682212  0.30991074 -0.00898944  0.22755386]
 [-0.04576068 -0.36768115  0.09093963 -0.3726914   0.07376929 -0.00479753
   0.47949776 -0.30691218 -0.13348708  0.29929334]
 [ 0.23573601  0.06040043 -0.35929334  0.01866337 -0.08639766  0.18106234
  -0.06563078 -0.42214993  0.39826003  0.36451674]
 [ 0.23786314 -0.1451319   0.3717641  -0.11943927  0.22363363  0.24812627
  -0.36105826 -0.06019009  0.03479306  0.13574393]
 [ 0.1930493  -0.31349215  0.33685184 -0.3663126   0.4410971   0.21879649
   0.477766    0.18205489 -0.10136775  0.3688488 ]
 [ 0.3176083   0.13382494 -0.01145416  0.48082256  0.13514802  0.26917908
  -0.30109608  0.01208715  0.1897031   0.19755606]
 [ 0.39604467  0.23978515 -0.19398968 -0.19784203 -0.07587644  0.19110078
  -0.32218623 -0.1316956  -0.23413464 -0.2648815 ]
 [ 0.2538665  -0.00427861  0.22031036 -0.3966297   0.04967891  0.08386455
  -0.27793756 -0.18224744  0.03044704  0.29173985]
 [-0.42004782 -0.4511597  -0.25133166 -0.05397775  0.4464137   0.03419229
  -0.29754966 -0.40854132  0.40161827  0.17851889]
 [-0.37587288 -0.16514865  0.38401055 -0.23661353  0.4835573  -0.08860245
   0.29953107  0.07313466  0.3148217   0.10724683]
 [ 0.39338535 -0.00870595  0.38635924  0.28306204 -0.33077854  0.99958724
   0.26669624 -0.18526872 -0.31835333 -0.17486076]
 [-0.09304033 -0.29892862 -0.17635319 -0.11579271  0.56785554 -0.03189957
  -0.29746723 -0.08304282  0.22920784  0.12116985]
 [ 0.0880317  -0.02285626  0.60288715  0.09674421 -0.62356186  0.3528279
   0.3884586  -0.38192666 -0.19532295  0.27808827]
 [-0.08799874  0.19002393 -0.09914582  0.19353041  1.5980666  -1.724543
  -0.02830972  0.11076133  1.1401964  -1.256517  ]]
Peso 2:
[ 0.06034598  0.02078428  0.15929696  0.05982637 -0.5389055   1.0716342
  0.0553111  -0.02093677 -0.14070925  0.4462915 ]
Camada: saida
Peso 1:
[[-0.33821607  0.05653716]
 [-0.00900621  0.22256951]
 [-0.31306216  0.45952597]
 [-0.26201227  0.34745345]
 [ 1.369829   -1.5762902 ]
 [-1.6644404   1.6691632 ]
 [-0.09830723  0.21951714]
 [-0.45085967 -0.6578765 ]
 [ 0.98052293 -0.644137  ]
 [-0.91093105  0.83510315]]
Peso 2:
[-0.31360817  0.31361097]



pesos modelo: 
Test loss: 0.6453, Test accuracy: 0.7953
Camada: meio
Peso 1:
[[ 4.28646505e-01 -2.36320749e-01 -1.94967687e-02 -3.63614321e-01
  -1.34627163e-01  3.62087131e-01  4.03268516e-01 -2.34147608e-02
   4.14482713e-01 -2.74863839e-01]
 [ 4.90210444e-01  2.58829236e-01 -2.23136678e-01  5.66206038e-01
  -3.69689673e-01 -2.85693556e-02  1.92877710e-01  7.87442848e-02
   1.26148015e-01  4.61126208e-01]
 [ 2.63408601e-01 -1.46104889e-02  1.74317285e-01  3.34203571e-01
  -3.04120451e-01  1.63676605e-01 -6.63795769e-02  2.68190414e-01
   5.44663183e-02  1.43168762e-01]
 [ 3.73179018e-01 -1.93924457e-02 -4.05112542e-02 -9.73400027e-02
  -2.02015027e-01  6.64985254e-02  5.50211733e-03  5.64393461e-01
   9.51173306e-02 -4.19419706e-01]
 [ 4.19290334e-01 -1.96859732e-01  1.77959487e-01  2.26991385e-01
   2.58253515e-01  3.15866917e-01  4.69996542e-01  2.10495591e-02
  -3.30204487e-01 -3.60023379e-01]
 [-8.57507661e-02  7.05185235e-02  1.19109347e-01 -2.85711318e-01
  -2.09624261e-01 -1.30866945e-01 -2.27220520e-01  3.05301547e-01
   4.33436245e-01 -1.66682333e-01]
 [ 1.66288182e-01  3.51152325e-04 -8.35556090e-02  3.00932348e-01
  -2.52755303e-02 -2.42536664e-01 -2.24343047e-01 -5.54832965e-02
  -1.14778534e-01  2.36911044e-01]
 [-1.66615769e-01 -1.30040213e-01  2.18670204e-01  4.98167068e-01
  -3.72705251e-01  2.08471149e-01  3.77624035e-01  4.33507338e-02
  -2.69834459e-01 -3.69377136e-01]
 [-3.72613192e-01  7.79540539e-02  6.54007256e-01 -2.26424605e-01
   1.90977082e-01  8.41208082e-03 -9.30024013e-02  1.42349526e-01
  -3.55227552e-02  2.12125829e-03]
 [ 2.29339078e-01  9.21059176e-02  4.24937382e-02  9.17369351e-02
  -8.41708705e-02 -1.70268789e-01 -1.11769475e-01 -2.16772139e-01
   1.59097090e-01  1.21984668e-01]
 [-1.68763414e-01 -1.03823476e-01  2.21281245e-01 -2.17583030e-01
   3.52282941e-01  1.35255888e-01  2.69633144e-01 -2.23790735e-01
   3.73335540e-01 -3.51442724e-01]
 [ 1.71353385e-01  2.79329214e-02 -6.45323396e-02  3.94425660e-01
  -3.90014797e-01  7.29461610e-02  4.87209201e-01 -2.12888077e-01
   9.93009210e-02 -2.28731647e-01]
 [-6.56306595e-02 -7.95997381e-02  8.85982905e-03  2.57981986e-01
   4.84932810e-01  1.90990731e-01  2.96038151e-01 -1.45362288e-01
   2.72225291e-01 -3.54507774e-01]
 [ 2.65462846e-01  4.98121619e-01  3.60323012e-01 -4.06049699e-01
   1.83767125e-01  4.39996541e-01 -2.40318805e-01  3.18542689e-01
   2.00367123e-02  3.90012205e-01]
 [-1.77885294e-01  1.17647298e-01 -4.31389898e-01  7.23575130e-02
   1.67306766e-01  5.75264692e-01  3.25680912e-01 -2.62653381e-01
   2.92205036e-01 -6.43687621e-02]
 [-1.45542547e-01 -2.53274702e-02  6.41575694e-01  3.49332958e-01
  -5.43198362e-02 -6.26557767e-01  4.26885813e-01  4.06093866e-01
   2.69577473e-01  3.79764646e-01]
 [-3.11260134e-01  4.55314994e-01  1.02526033e-02  2.66371816e-01
  -2.62939751e-01  6.43912494e-01 -5.86743839e-02  4.09737289e-01
   4.18643691e-02  2.31232822e-01]
 [-2.08278745e-01 -5.75992227e-01  4.57053602e-01 -2.26276845e-01
   4.90057111e-01 -7.46369541e-01  5.47743589e-02 -2.10463822e-01
   4.25915807e-01 -2.77879745e-01]
 [-4.65330333e-01  1.21699226e+00 -6.15875185e-01 -8.96289825e-01
   7.44468346e-02  1.93681657e+00 -8.86874378e-01 -7.64752686e-01
  -6.01918817e-01  3.89964357e-02]]
Peso 2:
[ 0.14917728 -0.20353618  0.54991406  0.4820598   0.10294843 -0.5096213
  0.67260677  0.48965326  0.37248605  0.0131562 ]
Camada: saida
Peso 1:
[[-0.9116612  -0.30445597]
 [ 1.317311   -0.48798683]
 [-0.97977597  0.7186665 ]
 [-1.1192158   0.24648277]
 [-0.07797747  0.726438  ]
 [ 1.780177   -1.4920367 ]
 [-1.0115737   0.7789784 ]
 [-0.65991485  0.6406426 ]
 [-0.7212107   0.56959265]
 [-0.3343785  -0.13444558]]
Peso 2:
[-0.64299846  0.64299923]
