


pesos modelo: 
Test loss: 0.3402, Test accuracy: 0.8671
Camada: meio
Peso 1:
[[-0.49788627 -0.22084409 -0.46139026]
 [ 0.24691701  0.06662641 -0.06404592]
 [ 0.37649623 -0.01858585 -0.02825473]
 [ 0.42595124 -0.05351312 -0.06183146]
 [ 0.35609108  0.4560429   0.22544535]
 [-0.2568478   0.46505797  0.11532809]
 [-0.24363193  0.65508705  0.23890391]
 [ 0.00831548  0.41463533  0.10575896]
 [ 0.15845749  0.15425788 -0.00522298]
 [ 0.5439546  -0.09968957 -0.05159264]
 [ 0.52031386  0.1657201   0.05698457]
 [-0.01702094  0.45620775  0.13718458]
 [ 0.25131172  0.20194642  0.00869965]
 [-0.0297153  -0.11738519  0.31121427]
 [ 0.31527483  0.3467935   0.66739154]
 [ 0.08739657  0.62542725 -0.6929668 ]
 [-0.39995307  0.26187384  0.5455931 ]
 [-0.21781245  0.57365596 -0.59117055]
 [-0.26803935 -1.2380089   2.743157  ]]
Peso 2:
[ 0.25550187  0.9694364  -0.61484975]
Camada: saida
Peso 1:
[[-1.0763367  -0.23424746]
 [-1.3933072   1.2331594 ]
 [ 1.5164481  -2.5964863 ]]
Peso 2:
[-0.8469633  0.8469659]



pesos modelo: 
Test loss: 0.9974, Test accuracy: 0.7443
Camada: meio
Peso 1:
[[ 0.14457035  0.52079934 -0.0039776 ]
 [ 0.2892164   0.41201088  0.31084555]
 [ 0.45823643  0.41702014  0.49979088]
 [ 0.3077049  -0.11193185 -0.05030876]
 [-0.12229052  0.27487305 -0.03448301]
 [ 0.28436106  0.2580137   0.2151384 ]
 [-0.02760178 -0.11166695 -0.2742188 ]
 [-0.20345056  0.10112976 -0.25194472]
 [ 0.29759744  0.05011065  0.0698952 ]
 [-0.12078633  0.31869486  0.06181486]
 [-0.05819046  0.37484616  0.1069302 ]
 [ 0.4926397  -0.22838649 -0.07675235]
 [ 0.13672902  0.14198016  0.01528688]
 [-0.40486446  0.09242184  0.35754743]
 [ 0.53526413 -0.15028074  0.8009462 ]
 [ 0.65222186  0.83219594 -0.58216846]
 [-0.12447947  0.3867137   0.8757495 ]
 [ 0.4422337   0.92244923 -0.4623389 ]
 [-1.2402912  -1.6653452   1.9828117 ]]
Peso 2:
[ 0.8662377   0.9321775  -0.54173803]
Camada: saida
Peso 1:
[[-1.4690821  0.8385579]
 [-1.298566   1.5778083]
 [ 1.5256603 -1.9126332]]
Peso 2:
[-0.36800712  0.36800826]



pesos modelo: 
Test loss: 0.4413, Test accuracy: 0.8536
Camada: meio
Peso 1:
[[-0.4982623  -0.14475536 -0.5167311 ]
 [ 0.27111092  0.25360507  0.43577272]
 [ 0.3480884   0.07679386  0.1371875 ]
 [-0.00589166 -0.00269624  0.17122339]
 [ 0.47375464  0.02838865  0.04306851]
 [-0.22431129  0.03542414  0.34067413]
 [-0.44259048  0.22361575  0.6063801 ]
 [ 0.1265731   0.12478627  0.34249374]
 [ 0.42015132  0.30902725  0.41934705]
 [-0.42275742 -0.26663443  0.00809137]
 [-0.2949431  -0.0835254   0.2230498 ]
 [ 0.36443543 -0.09175509  0.01681708]
 [ 0.24446897  0.03594143  0.19344598]
 [ 0.52032506  0.5827906  -0.16388983]
 [-0.08594739  0.4188551  -0.18174194]
 [ 0.44917208 -0.5903274   0.95778894]
 [-0.15154417  0.7622608   0.2354183 ]
 [ 0.66715634 -0.6535592   0.32882556]
 [-0.42041045  2.3897033  -1.8230562 ]]
Peso 2:
[ 0.31436682 -0.6429864   1.1311758 ]
Camada: saida
Peso 1:
[[-0.08024134  1.1184629 ]
 [ 1.7128806  -1.816704  ]
 [-2.0614936   1.0000252 ]]
Peso 2:
[-0.5676964  0.5676972]



pesos modelo: 
Test loss: 0.6427, Test accuracy: 0.7994
Camada: meio
Peso 1:
[[-0.44519985 -0.03902221 -0.45474714]
 [ 0.01194521  0.19314338  0.15209003]
 [ 0.2554369   0.3449629   0.38042426]
 [-0.11066314  0.04490346  0.2402076 ]
 [ 0.5152617   0.5608514  -0.42752528]
 [ 0.04934913  0.17072701 -0.48370758]
 [ 0.33556417  0.40142146 -0.46866494]
 [ 0.03559474  0.19458501  0.00515914]
 [ 0.10399106  0.22940253 -0.06987225]
 [ 0.00940962  0.10613618 -0.22066203]
 [ 0.06018742  0.19094244 -0.1794267 ]
 [-0.05636791  0.12432533  0.2695891 ]
 [ 0.31986934  0.44521526  0.00769489]
 [ 0.60101485  0.0411479   0.21061003]
 [ 0.3635391  -0.18680461 -0.4038385 ]
 [-0.61767614  0.6274138   0.1011029 ]
 [ 0.7253672   0.08206215  0.15515456]
 [-0.40116146  1.0628995  -0.00632904]
 [ 1.7678955  -2.2858202   0.19122398]]
Peso 2:
[-0.5626228   1.2704104  -0.13488308]
Camada: saida
Peso 1:
[[ 1.9333436  -1.2541189 ]
 [-2.6059477   1.2631272 ]
 [-0.18892379 -0.7269032 ]]
Peso 2:
[-0.2983249  0.2983254]



pesos modelo: 
Test loss: 0.2877, Test accuracy: 0.8956
Camada: meio
Peso 1:
[[-0.02369052 -0.25205326  0.3207537 ]
 [-0.12794313  0.11571972 -0.06489658]
 [-0.45763314  0.15006791  0.01055288]
 [-0.2716999   0.4014845   0.18211186]
 [-0.16590117  0.36005846  0.13993049]
 [ 0.30444646 -0.13252035 -0.23385112]
 [-0.26194027  0.36165974  0.15107752]
 [ 0.3627041  -0.09969565 -0.22896896]
 [ 0.13605586  0.05833117 -0.0975301 ]
 [-0.35465676  0.469875    0.25352776]
 [ 0.0833969   0.13137196 -0.03423005]
 [ 0.02165945  0.30077645  0.0699187 ]
 [-0.00740478  0.43628785  0.16653912]
 [-0.42132664  0.04724483  0.5194704 ]
 [-0.43219262  0.17584121  0.61332697]
 [-0.49762827  0.6666668  -0.53809106]
 [-0.48819095  0.3799262   0.8070707 ]
 [-0.48632082  0.21593241 -0.91219574]
 [-0.49001536 -1.4912691   2.450723  ]]
Peso 2:
[-0.15314882  1.1459098  -0.551277  ]
Camada: saida
Peso 1:
[[ 0.85861784 -0.99207354]
 [-0.98852503  2.037178  ]
 [ 2.4270418  -1.579001  ]]
Peso 2:
[-0.9957471   0.99574894]



pesos modelo: 
Test loss: 0.3555, Test accuracy: 0.8634
Camada: meio
Peso 1:
[[ 0.380104   -0.4965585   0.2185933 ]
 [ 0.44122282 -0.44887784  0.3664438 ]
 [ 0.3536698   0.36116618  0.3412601 ]
 [ 0.09304643 -0.365589   -0.05970414]
 [ 0.28663573 -0.33658573  0.19977638]
 [ 0.38252172 -0.09621269  0.33511817]
 [ 0.2797154   0.44761533  0.22417726]
 [ 0.30984926 -0.14169136  0.21128298]
 [ 0.48113754  0.42754984  0.4640698 ]
 [ 0.14808069 -0.34919605  0.02698223]
 [ 0.19861583 -0.23060884  0.07561062]
 [ 0.12043418 -0.51609886 -0.08232321]
 [ 0.1799049  -0.45172003 -0.00322312]
 [ 0.09554341  0.32417625  0.6919831 ]
 [-0.1683229  -0.45225105  0.38590908]
 [ 0.964576   -0.01998935 -0.1119618 ]
 [-0.39882576  0.05355046  0.10110898]
 [ 0.7160863   0.41409782 -0.37966487]
 [-2.1272163   0.33183777  2.0540323 ]]
Peso 2:
[ 1.3601075  -0.00625891 -0.38065568]
Camada: saida
Peso 1:
[[-2.1106982   1.9575291 ]
 [-0.8560234  -0.74245733]
 [ 0.8551917  -2.111104  ]]
Peso 2:
[-0.19859333  0.19859329]



pesos modelo: 
Test loss: 0.3353, Test accuracy: 0.8752
Camada: meio
Peso 1:
[[-0.46312207 -0.02648228 -0.4036684 ]
 [ 0.28095958  0.17115304  0.04635891]
 [ 0.14506698  0.1359657   0.03038607]
 [-0.25793278  0.11872397  0.05971516]
 [-0.44980982  0.11639404  0.05886053]
 [-0.01282869  0.1300366   0.05080556]
 [ 0.15127021  0.11410343  0.04679815]
 [-0.2799573   0.1890403   0.0203368 ]
 [-0.33887923  0.10005862  0.06996306]
 [ 0.16217919  0.12359866  0.02682885]
 [-0.39527735  0.13370772  0.04270907]
 [-0.49932197  0.19227251  0.02984178]
 [ 0.18942691  0.10982355  0.07023591]
 [ 0.01791228 -0.2720323   0.09989396]
 [ 0.28908074  0.12215951 -0.36547115]
 [ 0.25083193  0.6384858   0.825434  ]
 [ 0.2868805  -0.1903515  -0.09044565]
 [ 0.5222659   0.24116373  1.020579  ]
 [-0.65081394 -2.405003   -1.5260183 ]]
Peso 2:
[-0.07150406  1.5403907   1.4711009 ]
Camada: saida
Peso 1:
[[ 0.6313798   0.94201916]
 [-2.5479147   1.3260155 ]
 [-1.9005543   1.7056323 ]]
Peso 2:
[ 3.2588449 -3.2588458]



pesos modelo: 
Test loss: 0.1838, Test accuracy: 0.9146
Camada: meio
Peso 1:
[[-0.40366602 -0.19418472 -0.32195568]
 [ 0.15034872  0.16764139  0.13111745]
 [-0.08225375  0.08136469  0.11602692]
 [-0.23373598  0.30141968  0.12436859]
 [ 0.18669361  0.1162798   0.11274815]
 [ 0.20065121  0.18423228  0.11790802]
 [ 0.11043846  0.29727554  0.10304277]
 [-0.19908036  0.07780717  0.13212433]
 [-0.08482597 -0.4371224   0.12699468]
 [ 0.08619958  0.34890237  0.08642746]
 [-0.2849589   0.11799883  0.11891582]
 [-0.1985479   0.29994875  0.12874848]
 [ 0.19710827 -0.04648029  0.11989125]
 [ 0.22986254 -0.5672028  -0.08252686]
 [-0.48341966 -0.5182921  -0.05464403]
 [-0.20317109  0.20096293  0.8570841 ]
 [ 0.30389473 -0.38871133 -0.13661394]
 [ 0.01232334  0.23438574  0.8505816 ]
 [-0.5965276  -0.01539645 -2.8516219 ]]
Peso 2:
[ 0.10079702 -0.02967618  2.077873  ]
Camada: saida
Peso 1:
[[-0.6647176  -0.09617556]
 [-0.08800568  0.39356512]
 [-2.890378    2.3265703 ]]
Peso 2:
[ 3.2551954 -3.2551968]



pesos modelo: 
Test loss: 0.6663, Test accuracy: 0.7979
Camada: meio
Peso 1:
[[ 0.38104367  0.134108    0.24307597]
 [ 0.31944814  0.01395752 -0.02468938]
 [ 0.6150174   0.18154652 -0.00556666]
 [ 0.2929224   0.03014624 -0.47409052]
 [-0.05904805 -0.1286588  -0.43209428]
 [ 0.21604142 -0.01750553 -0.2864044 ]
 [ 0.21136391 -0.02298153  0.07508212]
 [ 0.32699877  0.00994993 -0.07426447]
 [ 0.42038262  0.06971162  0.09426319]
 [ 0.46307057  0.12329881 -0.3087318 ]
 [ 0.42126575  0.06786567 -0.32990023]
 [ 0.47815523  0.06249478 -0.29272178]
 [-0.11190061 -0.19218428 -0.3890446 ]
 [ 0.33338955  0.642972   -0.50789434]
 [ 0.08547049  0.52379507  0.17898552]
 [ 0.29279718 -0.9585125   0.1595379 ]
 [ 0.4276395   0.7186152  -0.07837496]
 [ 0.8067901  -0.7192134  -0.01514838]
 [-0.47632316  2.9133294   0.52413714]]
Peso 2:
[ 0.8605946  -0.73040736 -0.00809487]
Camada: saida
Peso 1:
[[-1.3349007   0.77305335]
 [ 2.6212552  -1.8437234 ]
 [ 0.8861984   0.37634093]]
Peso 2:
[-1.4170915  1.4170909]



pesos modelo: 
Test loss: 0.3837, Test accuracy: 0.8662
Camada: meio
Peso 1:
[[-0.0649021   0.11829549 -0.20055941]
 [ 0.14137475  0.12556438  0.3383928 ]
 [ 0.11956162 -0.0833751  -0.05105496]
 [ 0.13998717 -0.2038344  -0.36491817]
 [ 0.13429128 -0.501945    0.08524084]
 [ 0.13304844 -0.05317359 -0.09164447]
 [ 0.09401374  0.21120192  0.4302882 ]
 [ 0.11877625  0.03351912  0.46145403]
 [ 0.138536   -0.46682486 -0.20302528]
 [ 0.10544092 -0.48071268 -0.09820336]
 [ 0.12591444  0.01916004 -0.30225453]
 [ 0.13403662  0.13338862 -0.06150477]
 [ 0.13405815 -0.14349228  0.0598715 ]
 [-0.10649987 -0.2399438  -0.5329578 ]
 [-0.12402947 -0.36750528  0.30373487]
 [ 1.0744185  -0.48383412 -0.02149775]
 [-0.11381726  0.0834481  -0.82864946]
 [ 0.85416454  0.4604384   0.5387733 ]
 [-2.8884234   0.09584671 -0.00879795]]
Peso 2:
[2.114648   0.09304398 0.10107347]
Camada: saida
Peso 1:
[[-2.6585758   2.4912324 ]
 [-0.49726397  1.0411662 ]
 [-0.5584231   0.2895413 ]]
Peso 2:
[ 3.2520053 -3.2520027]



pesos modelo: 
Test loss: 0.9434, Test accuracy: 0.7666
Camada: meio
Peso 1:
[[-0.33584028  0.14785826  0.38244826]
 [ 0.16626044  0.2989407  -0.27063617]
 [ 0.14057523  0.36292067 -0.2589709 ]
 [ 0.51303303  0.46224752  0.20184317]
 [ 0.25478238 -0.09531642  0.25620365]
 [ 0.38715142  0.2620777   0.15361992]
 [ 0.2812115   0.21561463  0.05667949]
 [ 0.34712702 -0.05193244  0.3118474 ]
 [-0.13172254 -0.10293214 -0.3690549 ]
 [ 0.602595    0.43672857  0.39049262]
 [ 0.2519133  -0.02121884  0.1613783 ]
 [ 0.3892966  -0.14347614  0.42634082]
 [-0.01911701 -0.12973762 -0.22085594]
 [-0.08494852  0.14367993  0.74415565]
 [-0.1742409   0.22284271  0.5496493 ]
 [ 0.877317   -0.40363    -0.30233023]
 [-0.16457407  0.64197856  0.32050765]
 [ 1.0926551  -0.5721826  -0.6165388 ]
 [-1.8513458   1.33948     1.5524908 ]]
Peso 2:
[ 1.4225358  -0.42069516 -0.45374677]
Camada: saida
Peso 1:
[[-1.7356042   2.052057  ]
 [ 1.8258512  -0.26242295]
 [ 2.025372   -0.45970064]]
Peso 2:
[-0.55508757  0.5550905 ]



pesos modelo: 
Test loss: 0.2627, Test accuracy: 0.9022
Camada: meio
Peso 1:
[[ 0.3528471  -0.14666796 -0.03950864]
 [-0.06003494  0.08341744 -0.49604023]
 [-0.0383669   0.07813962 -0.08169192]
 [-0.04841422 -0.05570577 -0.16938409]
 [-0.05746972  0.0106226   0.11885588]
 [-0.05103987  0.11333754 -0.41468602]
 [-0.0466742  -0.5112648   0.07448968]
 [-0.06976703 -0.1584634  -0.36147404]
 [-0.04974    -0.23511119  0.4270912 ]
 [-0.03308009 -0.43267494 -0.41453534]
 [-0.05293299 -0.13802749 -0.12310576]
 [-0.06759948  0.19937679 -0.06733434]
 [-0.07556017 -0.33832586 -0.3738104 ]
 [ 0.5089212  -0.24413921 -0.12479804]
 [ 0.55840796  0.12202019 -0.47256613]
 [-0.7086816   0.15001364  0.05704447]
 [ 0.59302133 -0.5644624  -0.17930768]
 [-0.7435529   0.16663383  0.32543638]
 [ 2.9181213  -0.17331797 -0.22764283]]
Peso 2:
[-0.71985567 -0.33869407 -0.08657408]
Camada: saida
Peso 1:
[[ 1.7355917  -2.6878653 ]
 [ 0.436411   -0.38511094]
 [ 0.24685839 -0.08831149]]
Peso 2:
[-3.3113148  3.3113127]



pesos modelo: 
Test loss: 0.4224, Test accuracy: 0.8526
Camada: meio
Peso 1:
[[ 0.25982803 -0.46354303  0.05260175]
 [ 0.46712098  0.0201408   0.5313507 ]
 [-0.11366963  0.32859266  0.03973306]
 [-0.03083503 -0.50229603  0.12558608]
 [-0.00533062  0.1655863   0.14478381]
 [-0.0933     -0.35549358  0.08386236]
 [-0.03462796  0.27865848  0.11790922]
 [ 0.40068266 -0.06783266  0.45945528]
 [ 0.09645873 -0.39121857  0.21622612]
 [ 0.33971208 -0.41547877  0.36463377]
 [ 0.31505322  0.03556971  0.37165204]
 [ 0.10776857  0.24433589  0.25178775]
 [ 0.34198016 -0.02997718  0.42793354]
 [ 0.63301665 -0.50632554  0.01489811]
 [ 0.50519145 -0.08000345 -0.10906012]
 [-0.85448337  0.08564916  0.52704334]
 [ 0.2891975  -0.33708727 -0.29492325]
 [-0.41222787 -0.13536303  0.81289595]
 [ 1.9055557   0.36701766 -2.1527288 ]]
Peso 2:
[-0.36344597 -0.0965389   1.393845  ]
Camada: saida
Peso 1:
[[ 1.2118545  -1.8228577 ]
 [ 0.35504806 -0.31649846]
 [-1.6521136   2.4244998 ]]
Peso 2:
[-0.24578622  0.24578741]



pesos modelo: 
Test loss: 0.4371, Test accuracy: 0.8574
Camada: meio
Peso 1:
[[-0.5028213   0.21037525  0.26368123]
 [-0.07679068 -0.34035373 -0.09655143]
 [ 0.20134501  0.04930454 -0.3366128 ]
 [ 0.27254695  0.11226156 -0.30639192]
 [-0.08437561 -0.16962783  0.5309114 ]
 [ 0.22927375  0.24313366  0.4858806 ]
 [ 0.42886478  0.45869458  0.33517572]
 [ 0.18599942 -0.04396309 -0.2892186 ]
 [ 0.22478437  0.24054118  0.6296765 ]
 [ 0.40099326  0.38361505  0.06984818]
 [ 0.07495531 -0.04294661  0.27985922]
 [ 0.2825828   0.084777   -0.22287871]
 [ 0.47042218  0.28599092 -0.370594  ]
 [-0.2488849   0.523265    0.7384161 ]
 [-0.16745916  0.33900514 -0.41592064]
 [ 1.0434048  -0.00346956  0.56563205]
 [ 0.1979296   0.87988067 -0.4164466 ]
 [ 0.68748647 -0.77731925 -0.3659148 ]
 [-1.8813171   1.9964354  -0.48891762]]
Peso 2:
[ 1.2475889  -0.48091155  0.3178832 ]
Camada: saida
Peso 1:
[[-2.0055287   1.9610606 ]
 [ 1.5153551  -1.6570718 ]
 [-0.84797174  0.2699921 ]]
Peso 2:
[-0.32983983  0.32984063]



pesos modelo: 
Test loss: 1.0164, Test accuracy: 0.7354
Camada: meio
Peso 1:
[[-0.44346952  0.37273473  0.37525344]
 [ 0.27067947  0.6748873  -0.2756448 ]
 [ 0.27533293  0.54328465 -0.16056657]
 [ 0.04206952  0.29046214 -0.09168766]
 [ 0.02349032  0.3232513  -0.29418093]
 [-0.0982881   0.15913369 -0.23594175]
 [ 0.18512824  0.2960803   0.29246584]
 [ 0.09614679  0.32782736 -0.01632352]
 [-0.05601662 -0.06931962  0.4627121 ]
 [ 0.2435195   0.355255    0.24874273]
 [-0.04936312 -0.07223321  0.48184663]
 [ 0.06495696  0.29601988  0.08459978]
 [-0.07951697 -0.04824356  0.44759497]
 [ 0.34980693 -0.15200998 -0.2914578 ]
 [ 0.47239864 -0.15927492 -0.09536828]
 [-0.6690156   0.4431123   0.67865473]
 [ 0.68609774 -0.21768816  0.5437262 ]
 [-0.46074903  0.9425446   0.10033186]
 [ 2.3991926  -1.460601   -0.66621274]]
Peso 2:
[-0.7164343   1.1844817   0.43898022]
Camada: saida
Peso 1:
[[ 1.8921176  -1.7778226 ]
 [-0.95246845  2.068893  ]
 [-0.6234357   0.7694299 ]]
Peso 2:
[-0.52846014  0.52846104]



pesos modelo: 
Test loss: 0.3687, Test accuracy: 0.8694
Camada: meio
Peso 1:
[[ 0.34402633  0.4968086   0.00741971]
 [-0.22202425 -0.07651878  0.00308683]
 [ 0.2644161  -0.00965523 -0.15445764]
 [ 0.34264183 -0.03318115 -0.13116056]
 [-0.44156617 -0.02224555 -0.18616167]
 [-0.03909163 -0.0458748  -0.09778006]
 [-0.06650998 -0.09954627  0.10756362]
 [-0.14477786 -0.00593876 -0.23963775]
 [ 0.15186818 -0.10650104  0.09027993]
 [-0.53072894 -0.0914952   0.1083304 ]
 [ 0.06747327 -0.04682986 -0.07211144]
 [-0.06511351 -0.11559895  0.04046336]
 [-0.02520422 -0.11944461  0.06051358]
 [-0.17000692  0.5149554   0.23027094]
 [-0.38836446  0.49740613  0.30610982]
 [-0.37934554 -0.7494855  -0.5048401 ]
 [-0.46421736  0.51828617  0.43132097]
 [-0.3518662  -0.6376751  -0.5308735 ]
 [-0.09923173  2.6306648   1.4582953 ]]
Peso 2:
[-0.21792494 -0.58192784 -0.37511796]
Camada: saida
Peso 1:
[[ 0.15969011 -0.9710071 ]
 [ 0.8925366  -2.9677346 ]
 [ 0.56728256 -1.3143746 ]]
Peso 2:
[-3.330018   3.3300219]



pesos modelo: 
Test loss: 0.7660, Test accuracy: 0.7707
Camada: meio
Peso 1:
[[-4.69095051e-01 -1.45875812e-02  2.70560205e-01]
 [-3.69860023e-01  1.15158716e-02  1.97552219e-01]
 [-3.63931179e-01 -1.68429557e-02  9.74438116e-02]
 [-2.48047449e-02  5.20005412e-02  1.92983583e-01]
 [-2.24584475e-01  4.03313667e-01  6.00354850e-01]
 [ 4.42722887e-01  3.51998885e-03  1.50696769e-01]
 [-4.23429072e-01 -1.20991535e-01  8.68941378e-03]
 [-2.05745921e-01  7.96180740e-02  2.66296148e-01]
 [ 2.57896483e-01  2.99978614e-01  5.05409658e-01]
 [-4.23813134e-01 -6.38773367e-02  4.40669432e-02]
 [-1.72191367e-01  3.59227628e-01  5.61073899e-01]
 [-4.40492213e-01 -1.08070768e-01  7.24514425e-02]
 [-3.51358533e-01 -4.54463344e-03  1.89498857e-01]
 [-7.79068545e-02  8.83487165e-01  3.06097597e-01]
 [-4.31714386e-01  6.20018959e-01 -1.20889337e-03]
 [-1.51927948e-01 -9.18525994e-01  3.58568430e-01]
 [ 2.89905906e-01  5.60364425e-01 -1.45078316e-01]
 [-9.26167518e-02 -9.61513698e-01  3.20894837e-01]
 [-4.53854412e-01  2.00369811e+00 -1.82316554e+00]]
Peso 2:
[-0.06897219 -0.7273359   1.1769178 ]
Camada: saida
Peso 1:
[[ 0.26108426 -0.6207489 ]
 [ 1.7186391  -2.0727346 ]
 [-1.6831522   1.7253046 ]]
Peso 2:
[-0.8526761   0.85268074]



pesos modelo: 
Test loss: 0.3431, Test accuracy: 0.8709
Camada: meio
Peso 1:
[[-0.32500356  0.25983626 -0.13844445]
 [ 0.14691249  0.11905713 -0.01744795]
 [ 0.11359226  0.17223497  0.26986736]
 [ 0.12745403 -0.5300546   0.41971007]
 [ 0.12575842 -0.3742432  -0.43786892]
 [ 0.12591612  0.14940187 -0.49502903]
 [ 0.1130095  -0.16306992  0.05935485]
 [ 0.12840532 -0.02866773 -0.12824492]
 [ 0.12318258  0.23346278 -0.35432395]
 [ 0.0923306  -0.37645626 -0.365438  ]
 [ 0.11266052 -0.27837813 -0.30820608]
 [ 0.13242926 -0.0365391  -0.14511333]
 [ 0.12740791 -0.4796404  -0.535858  ]
 [-0.15730764 -0.32509953  0.272334  ]
 [-0.15381165  0.14901641 -0.2228614 ]
 [ 1.1293235   0.23516434  0.02118131]
 [-0.20460019 -0.1171636  -0.0872635 ]
 [ 0.79633665 -0.03525604  0.01632637]
 [-2.8135304  -0.33568588 -0.5048913 ]]
Peso 2:
[ 2.243748   -0.26334813 -0.10672724]
Camada: saida
Peso 1:
[[-2.5823228   2.582908  ]
 [ 0.07351791 -1.0023574 ]
 [-0.33848584 -0.8021937 ]]
Peso 2:
[ 3.251605  -3.2516057]



pesos modelo: 
Test loss: 0.5011, Test accuracy: 0.8308
Camada: meio
Peso 1:
[[ 0.04042816 -0.1969699  -0.16165623]
 [-0.09847073  0.34399703  0.11119737]
 [ 0.1883138   0.38644776  0.19606285]
 [ 0.12705658  0.23650372  0.06853658]
 [ 0.26970896  0.6504904   0.37974855]
 [-0.48504445  0.30845168  0.11383902]
 [ 0.12153602  0.21971005  0.02457808]
 [-0.3051647   0.1816163  -0.00752683]
 [ 0.16807039  0.13094929 -0.05311638]
 [-0.22056136  0.24651311  0.09966837]
 [-0.12234762  0.3771054   0.12023062]
 [-0.410258    0.49770182  0.21868604]
 [-0.04457086  0.5815826   0.2870654 ]
 [-0.39975265 -0.30659226  0.3829665 ]
 [-0.19642538 -0.2883641   0.3544958 ]
 [-0.3778661   0.9280041  -0.49298474]
 [-0.4056373  -0.46324325  0.25141665]
 [-0.1972572   0.4924583  -0.6595594 ]
 [-0.15081242 -1.3738259   2.6228392 ]]
Peso 2:
[-0.07562575  1.3356271  -0.73854536]
Camada: saida
Peso 1:
[[ 0.8678717  -0.20245172]
 [-1.6584514   1.3707584 ]
 [ 1.1752633  -2.59465   ]]
Peso 2:
[-0.65965015  0.65965337]



pesos modelo: 
Test loss: 0.4725, Test accuracy: 0.8514
Camada: meio
Peso 1:
[[-2.7377254e-01 -2.6071280e-01 -6.5262198e-02]
 [ 8.7021150e-02  2.1610595e-01 -4.6952319e-01]
 [ 7.4038818e-02  9.3977243e-02  9.6530356e-02]
 [ 9.2507586e-02  1.0404600e-01 -2.0502439e-01]
 [ 1.2705085e-01  5.0201630e-03 -4.1584316e-01]
 [ 9.1559492e-02  1.3237911e-01 -5.0094497e-01]
 [ 4.9088553e-02  1.6086842e-01  2.7408540e-01]
 [ 8.9498997e-02  7.8192487e-02  4.0475461e-01]
 [ 4.5013174e-02  1.8284942e-01  4.4842452e-01]
 [ 3.0156504e-02  2.4380511e-01 -3.3468670e-01]
 [ 1.1808580e-01  1.8111557e-03 -6.4708576e-02]
 [ 1.0148048e-01  6.1821073e-02  1.5622765e-01]
 [ 5.0463613e-02  2.6987240e-01 -4.4141993e-02]
 [-9.3534976e-02 -1.3093777e-01  2.1070616e-02]
 [-3.9158061e-02 -1.7475539e-01 -5.4152220e-01]
 [ 8.6693209e-01  3.5417029e-01  1.3940865e-01]
 [-9.7000569e-02 -2.3399772e-01  3.1444868e-01]
 [ 1.3313808e+00  1.1192487e-01 -6.6527277e-02]
 [-2.2913308e+00 -1.7151126e+00 -5.3541726e-01]]
Peso 2:
[ 1.8228422   1.054386   -0.03032413]
Camada: saida
Peso 1:
[[-2.1459749   2.475618  ]
 [-1.0763183   1.4682082 ]
 [-0.55181813  0.3763483 ]]
Peso 2:
[ 3.25976   -3.2597573]
