


pesos modelo: 
Test loss: 0.0001, Test accuracy: 1.0000
Camada: meio
Peso 1:
[[-2.35793635e-01 -9.76055861e-03 -2.97789752e-01 -1.75579280e-01
   1.08671099e-01 -2.01080173e-01 -6.91065490e-02  8.06558132e-03
   2.61079371e-02 -2.88396209e-01 -1.94823012e-01 -5.87001443e-02
   2.45004326e-01]
 [ 3.46856385e-01 -1.47458494e-01 -1.81333065e-01  4.20087785e-01
  -2.99539357e-01  9.68771204e-02  2.56436139e-01 -2.66863644e-01
   2.79033691e-01 -1.58195451e-01  3.29841197e-01 -2.33106643e-01
  -3.11081111e-01]
 [ 3.67446318e-02  2.68607259e-01  1.59981504e-01 -4.07204553e-02
  -7.76964612e-03 -1.95049923e-02  4.29875642e-01 -6.81513697e-02
   9.79394242e-02 -9.65841487e-02  3.12408328e-01 -5.02825379e-02
   5.33924401e-02]
 [-8.56963843e-02  4.31277566e-02 -1.00360401e-01  2.24189386e-01
   8.04204196e-02  1.23470962e-01 -6.80424320e-03 -1.45833895e-01
   2.60740161e-01  7.49871060e-02 -2.33240470e-01  1.29011378e-01
  -3.04111131e-02]
 [ 2.85068095e-01  3.08344215e-01 -1.48824140e-04  2.56784320e-01
   2.02533841e-01  4.03253436e-01  2.72650689e-01  5.49766541e-01
   4.02627796e-01  3.62563133e-01 -7.99651891e-02 -1.27674252e-01
  -2.66525418e-01]
 [ 1.55580103e-01 -1.56507045e-01  2.36135229e-01  3.18289369e-01
  -1.86061189e-01  5.01539946e-01  6.47657290e-02 -3.40729713e-01
   3.30990613e-01  3.87349963e-01  1.78189844e-01  2.42800012e-01
  -1.70493171e-01]
 [ 1.67245239e-01  3.38790454e-02 -3.92866701e-01 -8.82526264e-02
   2.24080637e-01  2.96978563e-01 -3.44511494e-02  4.18504775e-01
   1.43971682e-01  3.67792279e-01  1.62033625e-02  2.34528676e-01
  -1.93493981e-02]
 [-1.97742254e-01 -2.04340070e-01  3.33174497e-01  3.30902845e-01
   2.83574611e-01  2.50882864e-01 -8.34661722e-02 -3.49989861e-01
  -1.04365520e-01  3.79506052e-01 -6.51661530e-02  3.54287177e-01
   4.20541763e-01]
 [-7.18730986e-02 -8.84826556e-02  3.60415846e-01  2.39034861e-01
  -4.09214646e-01  8.93135741e-02  2.80571520e-01  5.05036056e-01
   1.57083333e-01 -3.56459200e-01  1.99559525e-01  4.31213886e-01
   7.41626173e-02]
 [ 1.81604281e-01 -8.70995000e-02 -3.40187967e-01  3.52278143e-01
  -4.27153617e-01  3.42434168e-01 -7.55936652e-02 -2.91233182e-01
  -2.24552155e-01 -2.98808932e-01  3.19030941e-01  1.09034866e-01
  -2.19753221e-01]
 [ 3.47761154e-01  2.17522271e-02  1.69428632e-01  1.41375586e-01
  -2.01760143e-01  3.72116357e-01  2.52389729e-01  2.14209914e-01
   4.98711355e-02  3.26921463e-01  1.34304956e-01  5.64663932e-02
   4.35062081e-01]
 [-1.87252283e-01 -4.27218564e-02 -1.88290522e-01 -3.91508907e-01
   3.97385269e-01 -1.34116700e-02 -2.88576782e-01 -9.93246213e-02
  -7.96616524e-02  3.87049139e-01 -1.28197417e-01  2.91215122e-01
   2.38441542e-01]
 [-9.46228877e-02 -2.84647793e-02 -1.59378037e-01  1.34108424e-01
  -2.58472562e-01  3.34299743e-01  3.70120227e-01 -1.31710097e-01
   2.09818393e-01 -2.81177044e-01 -3.58936995e-01  3.38060647e-01
   2.01537564e-01]
 [ 4.79581729e-02 -3.12219537e-03 -3.39479834e-01 -5.86971343e-01
  -5.88773489e-02  7.43766129e-02 -3.29066277e-01  1.94212586e-01
   4.33973402e-01 -1.62927270e-01  3.27510983e-01 -5.11882663e-01
   6.90599322e-01]
 [-1.69827327e-01  1.29812166e-01 -3.93566936e-02  3.69591042e-02
  -4.12433833e-01  4.62528706e-01 -8.14985707e-02 -1.06965378e-02
   6.44332409e-01 -3.35046262e-01  3.33626121e-01 -1.55104429e-03
   1.17175184e-01]
 [ 5.34561813e-01 -1.96271390e-01 -1.92345291e-01  1.23508587e-01
  -3.49828511e-01 -2.56897211e-01  3.69878374e-02 -1.84328720e-01
  -4.38977003e-01  2.68597484e-01 -3.30755234e-01  3.38225275e-01
  -1.09444968e-01]
 [-2.03401938e-01 -3.34896371e-02 -2.25044653e-01 -3.16843033e-01
  -3.64061385e-01  6.46941602e-01 -3.36618833e-02 -8.66131783e-02
   5.14085650e-01  1.32544443e-01  4.85586256e-01 -1.77311927e-01
   3.01228106e-01]
 [ 1.75642341e-01  2.42250308e-01  1.02623925e-01 -1.43567830e-01
  -1.06036089e-01 -1.02226347e-01 -3.00415844e-01 -4.08245385e-01
   5.62166162e-02 -8.84062946e-02 -3.75934958e-01  8.27362418e-01
  -1.82672933e-01]
 [ 1.72060573e+00  8.12585533e-01 -3.44580293e-01  3.77843708e-01
  -1.38999209e-01 -1.12610912e+00  3.63243371e-01 -4.80127811e-01
  -2.71082014e-01  6.08882189e-01 -1.89215124e-01  1.63677788e+00
  -6.72016025e-01]]
Peso 2:
[ 2.6246861e-01  1.7676054e-01 -6.7343804e-05  3.1417903e-02
 -7.1593799e-04  1.7257556e-01  2.9121069e-02  1.7040005e-01
  3.8531948e-02  4.8242666e-02  8.0827244e-02  2.2385758e-01
  2.1465342e-01]
Camada: saida
Peso 1:
[[ 1.2956245  -1.09851   ]
 [ 0.39798835 -0.6014957 ]
 [-0.26232272 -0.0685838 ]
 [ 0.31197664 -0.47207478]
 [ 0.16596633  0.20618384]
 [-1.2100039   0.8351886 ]
 [ 0.77914333  0.20670193]
 [-0.5916082   0.6167722 ]
 [-0.6521473   0.47889045]
 [ 0.6395247  -0.17830756]
 [-0.69898343  0.24650584]
 [ 0.9086127  -1.5229003 ]
 [-0.30164352  0.81410265]]
Peso 2:
[-0.15762118  0.15762153]



pesos modelo: 
Test loss: 0.0001, Test accuracy: 1.0000
Camada: meio
Peso 1:
[[ 1.14248961e-01  4.02973562e-01 -4.59238887e-02 -3.91576588e-02
  -4.30052429e-01 -2.78909445e-01  2.17201442e-01  2.78958172e-01
   1.93749934e-01  1.39136285e-01  1.78338200e-01  4.19832140e-01
  -2.83999205e-01]
 [ 2.52000391e-01  1.80284530e-01  1.70794353e-01 -1.64674878e-01
   3.19227666e-01  1.68182254e-01 -2.89363980e-01  4.21042055e-01
  -4.78105322e-02  1.71816900e-01  1.06346034e-01  1.65648982e-01
   2.94695683e-02]
 [ 2.64215380e-01 -6.06543310e-02  4.32239026e-02  4.91923094e-02
   6.33399189e-02  1.44263998e-01 -3.59061480e-01  4.46942270e-01
  -6.31178692e-02  3.41575801e-01  2.36804157e-01 -5.82767464e-02
   6.74797893e-02]
 [ 3.52510735e-02 -1.69745699e-01 -1.66523550e-02 -1.40265435e-01
   2.27030754e-01  1.22482844e-01 -4.59804296e-01  1.29986033e-01
  -3.74153435e-01 -3.66056561e-01 -4.15936075e-02 -2.67798454e-02
   9.71120894e-02]
 [-3.36695790e-01  1.66626237e-02 -1.01299927e-01 -1.53078726e-02
   2.82613605e-01  2.67986864e-01 -3.87572981e-02  3.63321304e-01
   4.17553931e-01 -1.25083420e-02 -2.81551301e-01  8.68172050e-02
   1.07596435e-01]
 [ 3.34046930e-01  1.97735816e-01  4.52714145e-01  1.43384218e-01
  -1.51033491e-01  1.17185995e-01 -3.50804701e-02 -1.21048853e-01
  -4.01803792e-01  1.56799152e-01 -5.69572076e-02  2.90779471e-01
   1.99635610e-01]
 [ 2.96622336e-01  2.45195776e-01  3.05149823e-01 -2.02939555e-01
  -3.67579490e-01  9.31552425e-02  6.59124106e-02 -1.08611345e-01
  -2.04550498e-03  2.41253749e-01 -1.55032620e-01  3.44535172e-01
   5.67802936e-02]
 [-2.26898640e-01 -3.70772481e-01  3.64946514e-01  2.52456702e-02
  -3.87110591e-01  3.91872786e-02 -2.84855068e-01 -3.47685635e-01
   3.28018516e-02  4.21006322e-01 -3.49905431e-01  3.94920319e-01
   1.62766904e-01]
 [ 3.37645523e-02 -1.28650382e-01  2.12169915e-01  1.43392142e-02
  -1.16171993e-01  1.30290642e-01  6.93783956e-03 -3.49680513e-01
   9.28579643e-02 -3.82111728e-01 -3.54474187e-01  2.55162865e-01
   1.18236952e-01]
 [ 2.12412372e-01  1.28681198e-01  4.11037177e-01  1.28446415e-01
  -2.56955028e-02 -2.61971951e-01  2.13386983e-01 -3.12364578e-01
   1.26674611e-04 -3.30067426e-01  2.80437350e-01 -8.03636611e-02
   2.03576609e-01]
 [ 6.05764948e-02 -2.78439105e-01  2.65153676e-01  2.28425469e-02
  -7.05395415e-02  1.18802890e-01  2.39992693e-01 -1.91687748e-01
   8.66598412e-02 -1.56010658e-01  2.93432146e-01  4.56796318e-01
   5.87842055e-02]
 [-8.26256946e-02 -4.08518553e-01 -2.20758040e-02  3.28060716e-01
  -2.87292212e-01  1.76387101e-01 -4.37479913e-02 -3.27961385e-01
  -2.95363873e-01 -1.54482111e-01 -3.41992319e-01 -8.44883546e-03
   1.49526149e-01]
 [ 2.97422081e-01  3.42549607e-02  1.39965296e-01 -3.54157895e-01
  -1.88505754e-01  9.85764340e-02  8.66413862e-02  4.45103586e-01
  -4.14134145e-01 -3.13980877e-01  4.47918996e-02  1.30619124e-01
   1.69404224e-02]
 [-1.22906297e-01 -2.20947534e-01  6.35431767e-01 -6.51079938e-02
  -4.11470652e-01  7.47157812e-01 -1.32896632e-01 -4.05079424e-01
   1.49960652e-01  3.41629356e-01  6.89118430e-02 -3.82580370e-01
   1.25833564e-02]
 [ 7.12993518e-02  4.76113781e-02  5.16170442e-01 -3.60429466e-01
   2.93292254e-01  3.53573471e-01 -1.96415707e-01 -3.63101542e-01
   1.20539166e-01 -3.87968719e-01  1.94225743e-01 -2.25944206e-01
  -4.30183440e-01]
 [ 4.43791747e-01 -3.04123074e-01 -1.16648577e-01  2.32073269e-03
  -8.35727751e-02 -5.24333000e-01 -1.51546434e-01  2.36396462e-01
   2.22457573e-01  2.67107747e-02 -2.99782634e-01  3.21733505e-01
   6.47331357e-01]
 [-2.67625421e-01 -1.90684378e-01  7.35617876e-01  4.68273554e-03
  -2.34561369e-01  1.88609406e-01 -3.08155686e-01  4.77017515e-04
   2.54316747e-01 -6.42615408e-02  2.85086930e-01 -6.80565760e-02
  -2.87772596e-01]
 [-1.11484386e-01 -8.24229121e-02 -2.88548619e-01 -4.05204296e-03
  -1.60649613e-01  5.63222021e-02  1.34216070e-01 -1.37819415e-02
  -1.02098919e-01 -3.83635014e-01 -2.16455236e-01  3.36291730e-01
   8.42165470e-01]
 [ 8.08097363e-01  2.68299691e-02 -1.27222455e+00 -2.08485737e-01
  -4.05643061e-02 -8.82502079e-01  1.27573848e-01  1.27332062e-01
   3.12801480e-01  1.89325988e-01  2.53033161e-01  1.06950486e+00
   1.91909480e+00]]
Peso 2:
[ 0.08689725 -0.00034612  0.08677921 -0.03732238 -0.03183182  0.15574345
 -0.11104241  0.06811571  0.00560449  0.00576655 -0.00255401  0.11770407
  0.28316382]
Camada: saida
Peso 1:
[[ 0.787244   -0.3178555 ]
 [ 0.5685845  -0.03074936]
 [-1.0322285   1.3864249 ]
 [ 0.33874986 -0.5044945 ]
 [-0.20304969  0.19687001]
 [-0.93596745  0.6963165 ]
 [-0.49749857  0.49113193]
 [ 0.1946637  -0.56765074]
 [ 0.21060474  0.03170216]
 [-0.11251174 -0.24820653]
 [-0.37858716 -0.21797219]
 [ 1.0552238  -0.5556604 ]
 [ 1.1813862  -1.8388122 ]]
Peso 2:
[-0.06376753  0.06376746]



pesos modelo: 
Test loss: 0.0001, Test accuracy: 1.0000
Camada: meio
Peso 1:
[[-1.39031112e-02 -2.23863006e-01  2.01197058e-01 -2.13437900e-01
   2.09900051e-01 -1.20615363e-02 -3.37351710e-01 -3.31931472e-01
   6.12230897e-02 -5.10860085e-02 -4.21064198e-01 -1.13301873e-02
  -1.32314295e-01]
 [ 3.10531855e-01  9.95924845e-02  1.23362161e-01 -2.63071865e-01
   2.08513141e-01  8.90812427e-02 -1.53338373e-01 -3.02120954e-01
  -3.77005965e-01  3.13504905e-01  3.42872620e-01 -2.51567602e-01
  -5.78180254e-02]
 [-2.09856391e-01  3.84989947e-01 -5.85416295e-02 -1.97688282e-01
   7.13710412e-02 -2.05975175e-01  3.43003985e-03  1.01440772e-01
  -4.36248720e-01  1.60349458e-01  3.19905430e-01  9.19505507e-02
  -5.04070148e-02]
 [ 1.91835448e-01  1.92922041e-01 -4.85353321e-02 -7.63642788e-03
  -9.03255865e-02  3.94247890e-01 -1.70639027e-02  2.08886310e-01
  -3.01693171e-01  8.64463001e-02 -4.27375525e-01  1.20944232e-02
   4.05244052e-01]
 [-9.02553573e-02  3.31055075e-01  4.04660940e-01 -9.35322344e-02
   3.97139132e-01  1.24379219e-02 -6.30752742e-02  3.17567170e-01
   2.29371354e-01  2.55531400e-01 -7.13215384e-04  3.97782862e-01
  -7.77803138e-02]
 [ 2.70173013e-01  2.41811812e-01  1.55914217e-01 -4.63420153e-02
   1.70279235e-01  2.12516963e-01  2.95504600e-01 -3.08093131e-01
   2.47472361e-01 -1.27037436e-01  3.34228784e-01  1.14970580e-01
   2.46821150e-01]
 [-1.45549163e-01 -3.86104882e-01 -1.79093946e-02 -1.89641789e-01
   1.17326574e-02  6.15621731e-02  7.58714229e-02 -4.14971679e-01
   8.87829289e-02  6.64877519e-02 -3.40952158e-01  2.31790394e-01
   4.11078185e-01]
 [ 2.76069462e-01 -3.39322627e-01  1.56296313e-01 -1.11459136e-01
   1.04823455e-01 -1.86345205e-02  2.86786824e-01 -3.99266392e-01
   2.28908569e-01  1.13299657e-02 -6.08923584e-02  2.81329043e-02
   2.77449846e-01]
 [ 4.36491162e-01 -3.57985310e-02 -2.15036929e-01 -2.77992904e-01
   2.04923928e-01  1.50915980e-02 -3.70254032e-02 -6.95584482e-03
  -3.18581499e-02 -1.47117436e-01  2.96120569e-02 -1.59861460e-01
  -1.57219127e-01]
 [ 3.22430104e-01 -1.96914181e-01  1.90167129e-01 -3.23339790e-01
   2.39536345e-01  1.76679358e-01  1.27118547e-02  3.36134732e-01
  -1.57905608e-01 -1.67244598e-02  9.21861604e-02 -1.02860458e-01
  -1.68176200e-02]
 [-1.54974177e-01 -9.81038883e-02 -2.31010094e-01 -8.68485868e-02
  -1.12332866e-01 -1.19568020e-01 -5.66118695e-02 -4.23276037e-01
  -4.66748625e-01  1.26760855e-01 -3.97142112e-01 -4.27189201e-01
   1.51365846e-01]
 [ 5.01703799e-01 -1.37654752e-01  2.50711143e-01 -1.65877789e-01
  -2.25049153e-01  2.29868427e-01  1.73209459e-01  4.06456649e-01
   3.60217363e-01  2.65836746e-01 -4.06179279e-01  7.99133331e-02
  -6.50821552e-02]
 [ 4.10259396e-01  4.25533921e-01  3.54243279e-01 -3.64547670e-02
   2.21665904e-01  1.32657066e-01  4.20026451e-01 -4.09810811e-01
  -2.80039608e-01  3.41211967e-02  4.01001833e-02 -1.58557832e-01
   2.99913913e-01]
 [ 5.23452163e-01  2.27182329e-01  7.10411668e-01  1.24088675e-01
  -2.23294869e-01 -7.36831725e-02  6.67177737e-02  2.88397968e-01
  -2.75525689e-01 -4.39980567e-01 -1.52534634e-01 -1.37577146e-01
   1.63548261e-01]
 [ 1.58722281e-01  3.75114620e-01  7.07403779e-01  3.27119827e-02
  -1.63250431e-01 -3.43450069e-01 -2.57697225e-01 -1.61465824e-01
  -2.20916122e-01  1.41183853e-01 -3.65443081e-01 -1.64885178e-01
   5.09340703e-01]
 [ 2.08698183e-01  1.34615391e-01  5.28167933e-02 -2.89476514e-01
  -1.01003647e-01  4.85307038e-01  5.82394898e-01  5.72484918e-02
   1.23159602e-01  7.20537245e-01 -3.54060024e-01 -4.57648970e-02
  -9.63174775e-02]
 [-5.10973446e-02  2.75160760e-01  7.21758425e-01 -2.98434794e-01
  -2.61453539e-01 -5.16275279e-02 -1.56569913e-01 -1.50059775e-01
   3.23072284e-01 -1.85981750e-01  2.85697699e-01 -3.78244758e-01
   5.85282862e-01]
 [-2.31491290e-02 -4.24879342e-01  1.25678301e-01 -2.49621466e-01
   5.93381643e-01 -2.35721469e-02  8.02234650e-01 -3.10660839e-01
   1.45336002e-01  2.51171172e-01 -3.81242186e-01 -3.39028686e-01
  -3.56738299e-01]
 [-6.93188250e-01  6.74318150e-02 -9.09555256e-01 -8.83855820e-02
   8.53904545e-01  1.30442059e+00  1.66011024e+00  2.87181616e-01
   1.39737844e-01  8.44209135e-01  3.30853947e-02 -9.66576189e-02
  -8.68991733e-01]]
Peso 2:
[ 0.13518642  0.04436413  0.1702768   0.          0.29776227  0.28190973
  0.20922689  0.01318519 -0.11162569  0.18343052  0.0069894   0.00393216
  0.1941195 ]
Camada: saida
Peso 1:
[[-0.63365024  0.4919869 ]
 [-0.5262686  -0.088566  ]
 [-1.3321735   0.53439647]
 [-0.18492255  0.25216436]
 [ 0.9158135  -0.45905167]
 [ 0.8777816  -1.1030225 ]
 [ 1.2842474  -1.3405502 ]
 [-0.09251861 -0.34960082]
 [-0.49965453  0.00345046]
 [ 0.6394086  -0.94305164]
 [-0.62616926 -0.503681  ]
 [ 0.4572011  -0.55285317]
 [-0.86381394  0.66405004]]
Peso 2:
[-0.18619558  0.18619508]



pesos modelo: 
Test loss: 0.0001, Test accuracy: 1.0000
Camada: meio
Peso 1:
[[-1.94215238e-01 -1.82865858e-01  2.09745973e-01 -3.23466659e-01
  -1.08296216e-01 -3.17578077e-01  3.39733392e-01  4.21952337e-01
  -3.44414949e-01 -2.05456451e-01 -2.64173627e-01  1.64860755e-01
  -3.51908207e-02]
 [ 3.47884029e-01  2.09885702e-01  1.18388318e-01 -3.89200896e-01
   3.20960611e-01  5.90712838e-02 -1.81859910e-01  3.96777242e-01
   2.96164781e-01  9.37921777e-02  2.31784090e-01 -2.77755320e-01
   2.15006754e-01]
 [ 3.56471509e-01  1.54482409e-01 -1.58988461e-01 -3.12114120e-01
   2.02458769e-01 -3.63306925e-02  2.48185679e-01  1.71402425e-01
  -2.48653993e-01 -7.60433869e-03 -6.47145808e-02  6.48992583e-02
  -1.84082314e-01]
 [ 2.63804823e-01 -1.05483815e-01  3.19722116e-01 -2.80148417e-01
   3.71494293e-01  1.07564464e-01  2.73827650e-02 -6.59788921e-02
   3.26051861e-02  2.68737882e-01  1.67455703e-01 -3.45339328e-01
  -1.02793068e-01]
 [-1.23835579e-01  1.84334442e-01 -1.48579076e-01  1.67113528e-01
   1.72466993e-01  4.02491122e-01 -3.31132561e-01  4.48200583e-01
   4.29717898e-01 -1.93259820e-01 -2.27996409e-01 -4.25638407e-01
  -1.53185189e-01]
 [ 2.77187787e-02 -4.16208684e-01 -2.66470313e-01  4.37986523e-01
  -3.23058307e-01 -1.90468088e-01 -3.72439274e-03 -1.15334332e-01
   3.77664000e-01  1.32228553e-01  1.17223665e-01 -3.67559224e-01
   3.62464607e-01]
 [ 3.69141430e-01 -7.04618692e-02  3.74174803e-01  6.28585070e-02
   6.91149235e-02 -3.72927308e-01  1.00061014e-01 -1.52281269e-01
   2.59946942e-01  4.64367956e-01  4.35046665e-03  4.89604957e-02
  -3.86579186e-01]
 [-9.55563113e-02 -1.60244852e-01  1.65873691e-01 -1.81729540e-01
  -1.18489072e-01  2.58577853e-01  2.13991344e-01  6.03205822e-02
  -9.23738107e-02 -1.48574665e-01  4.52980734e-02 -2.61623085e-01
   3.89413744e-01]
 [ 1.49274603e-01 -3.51987898e-01 -1.78938374e-01  3.65294635e-01
   3.48146886e-01 -2.92370349e-01  3.86142492e-01 -1.87965423e-01
   1.59096569e-01  2.51067191e-01  4.07854706e-01  6.46806806e-02
   1.11999046e-02]
 [-1.83109939e-01  4.02613938e-01  4.59662735e-01 -1.82128489e-01
   4.79486674e-01  2.27360845e-01 -2.85389513e-01  4.25267428e-01
  -7.57341012e-02 -3.10420066e-01  3.17301489e-02 -4.09176558e-01
  -6.74356893e-02]
 [ 1.60661831e-01 -4.04244423e-01 -4.24237885e-02  3.65928501e-01
   3.28410625e-01 -3.80243838e-01 -2.96799183e-01 -7.76336268e-02
  -2.26971671e-01  2.12879837e-01 -3.07205208e-02  2.51501590e-01
   3.27763632e-02]
 [ 4.34710532e-01  3.69717985e-01 -2.05332577e-01 -2.55073428e-01
   9.28803533e-02  1.80818185e-01 -3.82150769e-01 -7.95352533e-02
   3.52366716e-01  2.46849135e-01  3.28804374e-01  1.66351169e-01
  -2.49773577e-01]
 [ 1.76648721e-01  3.29047143e-01 -4.90353741e-02 -2.64390290e-01
   1.60563871e-01 -2.50576913e-01 -2.53649443e-01  2.78683417e-02
  -7.20585957e-02  1.77623436e-01 -1.49332315e-01 -2.18731239e-01
   2.53996458e-02]
 [-1.93977401e-01 -1.44495502e-01  2.89243132e-01  1.44368768e-01
  -1.73011795e-01  2.51160324e-01 -3.77067290e-02  3.97583157e-01
  -3.19124609e-01  8.04364800e-01  1.12336285e-01  1.30157083e-01
  -3.92452002e-01]
 [-4.28116083e-01 -2.89950252e-01  2.96840400e-01  2.35842332e-01
  -2.31487453e-02 -5.67602627e-02 -3.73152941e-02  4.51056093e-01
  -3.01362664e-01  7.34936714e-01  5.23990631e-01 -8.26679170e-04
   4.79376942e-01]
 [ 3.99779975e-01 -1.84394494e-01 -1.06070355e-01 -1.54637948e-01
   5.23029566e-01  5.49255013e-02 -2.92169154e-01 -2.25477785e-01
  -4.96813543e-02 -8.01659942e-01 -1.38699204e-01 -2.63390958e-01
  -2.83322126e-01]
 [ 4.85083014e-02  4.76088747e-02 -1.85438409e-01  9.47527438e-02
   2.66427658e-02 -3.02787483e-01 -7.13428184e-02  7.49015987e-01
   3.71708632e-01  7.19859600e-01  5.51724970e-01  1.23944037e-01
   4.88810986e-02]
 [ 5.02600074e-01  1.13817632e-01 -2.14504525e-01  4.75646317e-01
   8.29379484e-02 -6.31868839e-02  5.59821539e-02 -5.34832001e-01
   4.08433110e-01 -4.34128284e-01 -4.37372118e-01 -2.59132117e-01
   2.10548848e-01]
 [ 1.51236606e+00 -1.23853602e-01  7.33373642e-01  4.68888700e-01
   5.06269097e-01 -2.89591998e-01 -1.61354244e-02 -1.07536471e+00
   8.30425322e-01 -1.30326617e+00 -8.25103402e-01 -3.94418359e-01
   2.91551352e-01]]
Peso 2:
[ 0.38720742 -0.02805976  0.07351968  0.09858274  0.1238903  -0.03007287
  0.01861292  0.13265212  0.17289256 -0.0428593   0.10537528 -0.02889649
  0.11692166]
Camada: saida
Peso 1:
[[ 1.5541975  -0.76432604]
 [-0.23794024 -0.08452187]
 [-0.11102682 -0.85097116]
 [ 0.31144363 -0.3016452 ]
 [ 0.16523477 -0.80522615]
 [ 0.17103247  0.00390052]
 [ 0.52309644  0.16702028]
 [-0.57380104  1.3162342 ]
 [ 0.79446757 -0.29328126]
 [-1.5778551   1.1736549 ]
 [-1.091846    0.2588317 ]
 [-0.23789695 -0.44170076]
 [ 0.49149993 -0.13071176]]
Peso 2:
[ 0.31853378 -0.31853068]



pesos modelo: 
Test loss: 0.0002, Test accuracy: 1.0000
Camada: meio
Peso 1:
[[-9.72990692e-02 -3.87320459e-01  3.64124089e-01  2.34577686e-01
   3.08515579e-01  3.20926696e-01 -2.60894567e-01 -1.89174324e-01
   2.87262231e-01 -1.35935485e-01  1.83188021e-02 -2.79305041e-01
   2.13107139e-01]
 [ 2.15582564e-01  2.42513090e-01  7.27546811e-02  1.42613083e-01
   4.63185534e-02 -3.26204270e-01 -5.55615453e-03  2.07576990e-01
   6.34176359e-02  1.06077723e-01 -3.18867564e-01  4.56335843e-02
  -3.48562092e-01]
 [ 2.25730017e-01 -1.17454924e-01  4.30235118e-02  1.77399859e-01
   3.76598358e-01  3.18591565e-01 -1.30503982e-01  4.79026377e-01
   3.50377798e-01 -2.29766324e-01  1.84620336e-01 -2.62018532e-01
   2.13228837e-01]
 [-2.56207407e-01  5.52192964e-02  3.10224921e-01  1.99043900e-01
  -2.27489829e-01 -2.17259601e-01 -8.84555653e-02  4.58358943e-01
   2.10699663e-01  6.76280111e-02  3.57672840e-01  1.39321476e-01
  -3.89022790e-02]
 [-3.37264627e-01  1.75006032e-01  2.03559980e-01  1.48914844e-01
  -7.12585002e-02 -1.20045632e-01  3.35554928e-01  2.59948373e-01
  -3.72618549e-02 -3.61796230e-01  2.36070588e-01  1.27836093e-01
  -1.31715178e-01]
 [ 4.55437332e-01  2.18229294e-01  1.66558653e-01  4.12448347e-02
  -2.81468719e-01 -1.47901192e-01 -7.63134807e-02 -6.52653277e-02
   1.97040036e-01 -3.97765040e-02 -1.50736822e-02 -8.92403573e-02
   9.31808501e-02]
 [-4.12006602e-02  3.13912302e-01  5.92808090e-02 -1.50809422e-01
  -9.16527060e-04 -1.23843402e-01  7.80578405e-02 -1.20024234e-01
  -2.81444013e-01  2.53413856e-01 -1.65407091e-01 -3.60565454e-01
  -3.99366915e-01]
 [ 2.28000075e-01  2.31993005e-01  2.34140590e-01  2.37954438e-01
   2.78300196e-01 -3.48317921e-01 -2.13382736e-01 -1.86774179e-01
  -4.43080068e-01  2.57414222e-01 -1.07813366e-01  1.60788447e-01
   1.62367031e-01]
 [-3.51077259e-01 -2.02946678e-01 -4.75113541e-02  4.17376459e-01
   2.15369806e-01 -2.49165758e-01 -3.52621004e-02  1.71740595e-02
  -1.25082061e-01 -3.93762812e-02  2.47130558e-01  1.77045614e-01
  -1.64352000e-01]
 [-1.74013153e-01  6.91392422e-02  8.95183012e-02  5.25099002e-02
  -4.43405181e-01 -3.23592722e-01 -4.99128401e-02 -2.57887751e-01
   8.17280039e-02 -7.03728497e-02  2.93054342e-01 -1.58255041e-01
  -7.26065412e-02]
 [ 5.66155836e-02  2.85873234e-01  1.84364751e-01 -2.91625768e-01
  -2.32587516e-01  3.33474517e-01  4.21810836e-01 -3.64343897e-02
   2.98272908e-01  2.69139856e-01  1.78935174e-02  1.56248465e-01
  -2.24788681e-01]
 [ 1.96032867e-01  1.31605387e-01  1.36196434e-01 -2.45619938e-02
  -2.24946946e-01 -2.71523260e-02 -3.65606189e-01  1.43973067e-01
   3.51884246e-01 -2.46758208e-01  1.95769370e-02  3.63506973e-01
  -3.86706948e-01]
 [-3.64104718e-01  1.33601740e-01  1.77123517e-01  1.47315592e-01
  -4.43102986e-01  1.02678478e-01 -5.47054000e-02  1.85353920e-01
  -1.69814989e-01  3.88125300e-01  1.43223614e-01 -2.51485467e-01
  -1.12943232e-01]
 [-1.27023906e-01 -4.59514707e-01  7.04521775e-01 -6.43555596e-02
  -2.98250943e-01  2.42177844e-01 -3.95243198e-01 -2.82765090e-01
   3.72306854e-01  4.70539778e-01 -9.84041840e-02 -4.56333369e-01
   6.90161362e-02]
 [ 3.78218055e-01 -2.96294987e-01  9.97222066e-01 -2.67797112e-01
   7.45419860e-02 -4.62644696e-02 -1.45938426e-01  3.74171883e-02
   6.83636367e-02  1.80166647e-01 -8.91507789e-02  3.22437018e-01
   4.17853057e-01]
 [-2.54645824e-01  5.54926157e-01 -1.91228047e-01  3.85789365e-01
  -1.35972485e-01 -1.93820462e-01  3.41458708e-01  5.26742876e-01
   2.14519203e-01  3.47235382e-01  6.92845106e-01  4.38434094e-01
   3.99862319e-01]
 [-1.90726802e-01  1.65619384e-02  8.21282148e-01 -2.75721967e-01
  -2.68502831e-01  6.10046387e-02  3.44696075e-01 -4.52131391e-01
   3.19909602e-02 -3.72622699e-01 -8.16086531e-02  1.05755530e-01
  -6.62585944e-02]
 [ 9.50988382e-02  3.42514992e-01 -6.06184006e-01 -3.49881612e-02
  -9.10803676e-02  2.13981047e-01  2.51292557e-01  1.53469145e-01
  -3.32133859e-01 -3.86522621e-01  7.38436222e-01  2.30668336e-01
  -2.83702165e-01]
 [ 6.45268023e-01  1.87232995e+00 -1.54358792e+00  1.45472720e-01
   2.22826451e-01 -7.44437277e-02 -2.11806983e-01  3.03562254e-01
   1.74996883e-01  4.31282401e-01  1.26024640e+00 -1.06218643e-01
  -2.42161214e-01]]
Peso 2:
[ 0.12672812  0.27412176  0.22089255  0.09099695 -0.06629357  0.00895585
 -0.00223778  0.18065389 -0.03386923  0.03306958  0.146371   -0.02310482
 -0.00990779]
Camada: saida
Peso 1:
[[ 0.15137191 -0.5026405 ]
 [ 1.3162673  -1.3490045 ]
 [-1.6198323   1.4273511 ]
 [ 0.23614864 -0.3360375 ]
 [ 0.04982077  0.34368208]
 [ 0.3977269   0.50924706]
 [ 0.29020557  0.26777893]
 [ 0.43931523 -0.49636245]
 [-0.27634054 -0.1728643 ]
 [ 0.14062674 -0.21870983]
 [ 1.0395883  -0.9074343 ]
 [ 0.5948432   0.31085473]
 [ 0.40791088  0.36176953]]
Peso 2:
[-0.23366848  0.23366871]



pesos modelo: 
Test loss: 0.0001, Test accuracy: 1.0000
Camada: meio
Peso 1:
[[-3.81602824e-01 -9.84480977e-03  4.35496271e-02  3.77803832e-01
  -9.29916799e-02  3.70572001e-01 -1.19376689e-01  3.49117965e-01
  -3.45734835e-01  3.33728343e-01 -1.33390039e-01 -1.06378466e-01
  -8.09240341e-02]
 [ 3.68532717e-01  3.68013799e-01 -1.26644343e-01 -9.22444165e-02
  -4.19021957e-02 -1.81834146e-01  3.69027019e-01 -3.40985358e-01
   1.53175414e-01  7.52403587e-02 -2.45340392e-01  3.84372085e-01
   1.47759661e-01]
 [ 4.19336885e-01  9.56231430e-02 -1.32034391e-01 -1.36318311e-01
  -1.91723853e-01  7.84549713e-02 -3.83658290e-01  2.69322008e-01
   1.92981645e-01 -6.52570045e-03  2.25021586e-01  3.78877997e-01
   1.93840250e-01]
 [ 1.90484896e-03  1.68509647e-01 -1.63404390e-01  2.68472046e-01
   3.07322949e-01 -2.14761019e-01  8.92460123e-02 -4.23822075e-01
   1.63916200e-01  2.22597390e-01 -1.39825139e-02 -8.17028284e-02
  -1.92812141e-02]
 [ 1.77056164e-01 -2.56026924e-01 -1.42114192e-01  3.41718644e-02
   3.32768351e-01 -2.70670414e-01  1.77294210e-01 -1.97967529e-01
   1.91458493e-01 -1.02011278e-01 -2.20267341e-01 -3.21648329e-01
  -1.94335595e-01]
 [-4.41163927e-02 -1.82121024e-01 -3.51426341e-02 -2.31722184e-02
  -2.80997723e-01  3.60417366e-01 -1.57274485e-01 -2.02264592e-01
   3.00146669e-01 -1.79170351e-02 -2.45212197e-01 -1.64614156e-01
   3.61370921e-01]
 [ 2.26807389e-02 -2.76468605e-01 -1.24388263e-02 -2.32696533e-01
  -3.36134255e-01 -3.52931976e-01  3.80929977e-01  3.55238840e-02
   7.47515187e-02  2.57736780e-02  3.14914912e-01 -1.01670787e-01
   8.03661495e-02]
 [-1.77632958e-01 -2.61606157e-01  1.85233485e-02 -2.28264004e-01
  -2.62563735e-01 -4.26895380e-01 -3.42540979e-01  4.00512695e-01
   2.87970632e-01  2.90856153e-01 -8.24937075e-02 -7.31343701e-02
   3.73683691e-01]
 [ 1.57497630e-01  2.66055614e-01  1.44774336e-02  2.49098822e-01
   3.56557041e-01 -2.18481585e-01  2.94048101e-01  3.64224892e-04
   2.18715549e-01  3.71824473e-01  3.05719912e-01  1.26732796e-01
  -4.91836220e-02]
 [ 2.63142943e-01  1.01568498e-01 -3.79796237e-01 -2.80799806e-01
   5.99620454e-02 -2.33610988e-01  1.07024862e-04  3.85322660e-01
  -1.26126930e-01 -1.90146808e-02  3.49595606e-01  2.70401895e-01
  -1.74359754e-01]
 [ 2.22525656e-01  6.28068447e-02 -3.45292389e-01 -2.95296721e-02
  -2.96147875e-02 -1.94040731e-01 -1.59483716e-01 -3.39066952e-01
  -1.30163461e-01  1.26234666e-01 -2.58276999e-01  5.51259875e-01
   2.10540876e-01]
 [ 2.47696519e-01 -2.13322312e-01  1.03733242e-01 -9.01817530e-02
   2.58132428e-01  3.16268325e-01  2.82901555e-01 -1.73698459e-03
   3.59583139e-01  3.34484309e-01 -1.54620027e-02  1.29242256e-01
   1.56065121e-01]
 [ 1.30569518e-01  3.54223043e-01 -1.97526351e-01  3.25648449e-02
   4.17526841e-01 -5.46115078e-02 -3.34988445e-01 -2.72018820e-01
  -2.05891882e-03  2.13502824e-01 -3.65471274e-01  3.89623523e-01
   2.37375751e-01]
 [-8.14752355e-02  1.87374484e-02 -2.29289725e-01 -3.54542643e-01
  -3.87588888e-01 -3.10768813e-01 -2.55156606e-01  3.59017134e-01
   8.21300983e-01 -1.55663779e-02 -4.71393079e-01  5.16183794e-01
   4.75557297e-02]
 [-1.56689202e-03 -2.13882551e-01  2.37253588e-02  8.77610892e-02
  -3.36187541e-01  1.77298747e-02 -1.40286788e-01 -3.08176994e-01
   6.27154768e-01 -2.30715901e-01  3.08104217e-01  5.26562989e-01
  -4.06635672e-01]
 [ 7.19996691e-01 -3.68463784e-01 -3.01334143e-01  1.09966040e-01
  -3.84258449e-01 -2.75353968e-01 -1.86947778e-01 -1.15679726e-01
  -2.82939166e-01  7.04067275e-02  4.19035167e-01 -3.47249955e-02
   5.33176661e-01]
 [-4.65877324e-01 -3.81701440e-01  2.33094215e-01  1.72209173e-01
   1.12635391e-02 -2.99679399e-01 -3.80461484e-01  9.19504538e-02
   3.39810431e-01 -3.08370411e-01  1.74118325e-01  4.59497780e-01
  -1.41588673e-01]
 [ 3.65047365e-01  4.23220307e-01 -3.51369053e-01 -8.74518901e-02
   1.95294276e-01  1.56229764e-01  5.08197173e-02 -2.31687769e-01
  -5.93491197e-01  6.36248171e-01 -2.99582660e-01 -8.11078250e-02
   5.49062714e-02]
 [ 1.62584364e+00 -1.57409236e-02  3.58518273e-01 -2.70801336e-01
  -4.24072385e-01  1.55292405e-02 -2.33023465e-01  7.63313994e-02
  -1.51972330e+00  4.55050588e-01 -1.17262322e-02 -1.19995546e+00
   1.23874223e+00]]
Peso 2:
[ 2.0211394e-01  6.9878168e-02  3.4204364e-02 -1.2204970e-03
  2.7972956e-03  3.5360432e-03 -1.4279322e-02 -2.3446071e-04
  1.8925700e-01  1.7654385e-01 -5.2182544e-02  1.2142083e-01
  3.1019640e-01]
Camada: saida
Peso 1:
[[ 0.9982708  -1.379082  ]
 [ 0.47770235 -0.12596622]
 [ 0.18373606 -0.30488166]
 [-0.23017019 -0.26443076]
 [-0.01115464  0.05579106]
 [ 0.43755135  0.32475853]
 [-0.5862579  -0.25531211]
 [ 0.10076699  0.13195081]
 [-1.0367907   1.5161221 ]
 [ 0.6591529  -0.6375377 ]
 [ 0.10201859 -0.35503575]
 [-0.5965432   1.4670963 ]
 [ 0.7809857  -1.0540953 ]]
Peso 2:
[ 0.04977913 -0.04977633]



pesos modelo: 
Test loss: 0.0002, Test accuracy: 1.0000
Camada: meio
Peso 1:
[[-3.27060997e-01  1.83743685e-01  3.68558437e-01 -1.65629804e-01
   2.68046409e-01  3.58314663e-01 -2.78901190e-01 -3.63123119e-02
   1.05016142e-01  1.95083886e-01 -1.51428878e-01 -2.80922174e-01
  -8.57332945e-02]
 [ 3.45156670e-01  4.42336649e-01  2.89933205e-01  8.77338573e-02
   7.99987540e-02  7.24931434e-02  1.13850839e-01  3.22132260e-01
  -2.38886952e-01 -3.81831259e-01 -1.29164264e-01 -8.07479918e-02
  -1.50044307e-01]
 [ 1.69317022e-01  3.65195394e-01 -4.92559783e-02  2.97415107e-01
   8.39590207e-02  2.69966930e-01 -1.39336631e-01  1.06699720e-01
  -7.39252567e-02  1.09828509e-01 -5.25112599e-02 -3.67019832e-01
  -2.63446867e-01]
 [ 5.17175458e-02  1.96147203e-01 -7.40200356e-02 -2.69478887e-01
   8.73944238e-02 -3.39310586e-01 -2.92631269e-01  4.08035606e-01
   2.46279955e-01  5.12329079e-02  5.23458906e-02 -7.35586360e-02
   7.39780590e-02]
 [ 2.25433022e-01  3.16485107e-01  1.48992166e-01  1.39357829e-02
   6.08963259e-02  5.89260682e-02  1.23619720e-01 -7.61963353e-02
   1.47195235e-02 -2.95686245e-01 -3.88730198e-01 -1.31981343e-01
  -2.08047137e-01]
 [-8.00506920e-02  4.15845484e-01  3.00679170e-02  2.17773452e-01
   2.23515883e-01 -4.99692820e-02  1.96857393e-01  2.03733176e-01
   3.76930982e-01 -4.17148203e-01 -2.91589797e-01 -7.47380778e-02
  -3.74199510e-01]
 [ 7.51920342e-02  4.11411852e-01  1.43297181e-01  2.05356359e-01
  -5.99579653e-04  3.77004147e-01 -3.86129409e-01 -4.86259274e-02
  -1.16888992e-01 -3.67922604e-01  3.67717415e-01 -2.88144529e-01
  -2.32384399e-01]
 [ 2.76718438e-01  3.06596518e-01  2.38735795e-01 -2.73261666e-01
   2.66540527e-01 -2.75975227e-01  3.68123114e-01 -2.26473629e-01
   2.20848098e-01 -2.37245798e-01 -3.66285667e-02 -3.47685665e-01
   2.72280097e-01]
 [ 2.06005335e-01 -1.51058033e-01  2.97383696e-01 -5.16373776e-02
   2.68447787e-01  1.35731637e-01  3.50436151e-01 -3.45089853e-01
   3.46716642e-01  2.10653499e-01  2.40776360e-01 -2.79544055e-01
   3.50936800e-01]
 [ 1.97187498e-01  1.97054654e-01 -6.99697062e-02 -2.30086878e-01
   9.81930196e-02 -2.41745144e-01  3.21967423e-01 -2.70531535e-01
  -1.91239804e-01 -3.50326568e-01  2.95360237e-01 -1.63602710e-01
  -2.75563467e-02]
 [ 4.57338721e-01 -1.77602321e-01 -1.05871826e-01 -7.64929801e-02
   1.90897554e-01 -2.61844069e-01  2.61047959e-01 -3.00612420e-01
  -1.67493112e-02  1.92974567e-01  7.49489889e-02 -1.10517062e-01
  -9.41257831e-03]
 [-2.08617091e-01 -2.53958225e-01  1.18016526e-01 -7.34171197e-02
  -2.13788208e-02 -4.56576854e-01  1.86028689e-01 -2.22735703e-02
   3.01927835e-01  3.43155026e-01 -1.12385616e-01  3.77095670e-01
  -3.33097816e-01]
 [-6.78757951e-02 -1.72928721e-01  7.99514204e-02  1.05602399e-01
   1.04147638e-03  7.50617683e-02 -1.75314531e-01  3.20010245e-01
   4.94794399e-02 -4.11328971e-01  3.87373805e-01 -1.95930257e-01
  -3.74899298e-01]
 [-1.64973810e-01 -9.07873362e-02  1.87651329e-02  3.11871409e-01
   8.51575792e-01 -8.49179551e-02 -3.72673184e-01  8.86784717e-02
   1.38609875e-02  3.00664216e-01  6.31884634e-02 -2.24802792e-01
   2.35037789e-01]
 [-2.04608604e-01 -3.41266900e-01  3.90886128e-01 -1.79518629e-02
   8.55772078e-01  1.34244338e-01 -5.78444228e-02  8.09727237e-02
  -3.68849403e-04 -3.02601367e-01 -3.27221096e-01  3.43214124e-01
  -7.78532177e-02]
 [ 1.33523181e-01 -5.37850186e-02 -3.82327527e-01  3.06033324e-02
  -7.55588710e-01  1.48499385e-01 -2.90597044e-02  1.14598237e-01
   2.03860551e-01  1.78238034e-01  6.09820426e-01  3.17188501e-01
   3.37182820e-01]
 [-2.81105846e-01  1.50384456e-01 -2.59852946e-01  2.79700123e-02
   9.20800567e-01 -3.09531569e-01  3.24030370e-01 -4.25023377e-01
  -3.39738995e-01 -2.30640337e-01  3.49339813e-01 -9.95888561e-02
  -6.32308722e-02]
 [ 3.18449020e-01 -2.68067867e-01 -2.46272549e-01  5.60103476e-01
  -7.05435216e-01 -1.12829432e-01 -1.50845768e-02  1.21789373e-01
   3.88229698e-01  2.04329297e-01  4.22347039e-01  1.25328794e-01
  -1.98286790e-02]
 [ 1.23016667e+00  3.76815438e-01 -7.59140775e-02  1.86376169e-01
  -2.01851416e+00 -1.13034598e-03  5.84438086e-01 -3.86800855e-01
   1.03783166e+00 -1.58091769e-01  1.23723879e-01 -2.79225439e-01
   1.29320502e-01]]
Peso 2:
[ 0.38887367  0.07153958  0.0009123   0.05281445  0.23762661 -0.0822306
  0.10090346  0.00421232  0.43508655 -0.06374963  0.12068725 -0.0093586
 -0.03039782]
Camada: saida
Peso 1:
[[ 1.2863922  -0.46479347]
 [ 0.54738647 -0.11351684]
 [-0.5570163  -0.15624452]
 [-0.1695325  -0.7115013 ]
 [-1.9976568   1.7550359 ]
 [ 0.24742296  0.47402036]
 [ 0.39183676 -0.4735317 ]
 [-0.3825196  -0.4556017 ]
 [ 0.9867398  -0.8855304 ]
 [-0.05490727  0.51359105]
 [ 0.4983995  -0.25114548]
 [-0.04750294  0.19664505]
 [-0.4074806  -0.38946155]]
Peso 2:
[ 0.38666353 -0.38666227]



pesos modelo: 
Test loss: 0.0001, Test accuracy: 1.0000
Camada: meio
Peso 1:
[[-0.25630265  0.2163051  -0.2490485   0.2080498  -0.21370745  0.23337117
   0.04684189  0.3206487   0.0825232  -0.23175877 -0.1730994   0.11934254
   0.01849854]
 [-0.14651142  0.46226752  0.09627571  0.02397745  0.03325291  0.3660658
   0.31598115  0.12076663  0.09958474 -0.03907022  0.4391685  -0.09669673
  -0.13890222]
 [ 0.15413599 -0.28862295 -0.04743989 -0.23241082  0.0850322  -0.21981698
  -0.01219722  0.23072053 -0.26751828  0.03330559  0.21648985  0.06345899
   0.1767234 ]
 [ 0.33981386  0.15211251 -0.09952917 -0.03427688  0.04333755 -0.16038427
   0.1917755  -0.21543844 -0.19027166  0.02431741  0.14920247  0.05942334
  -0.0698333 ]
 [-0.36985192  0.35452744  0.11979115  0.10125308  0.12258944  0.17205285
   0.06899762 -0.42802888 -0.07058936 -0.11501797 -0.19871835  0.31115204
   0.15474166]
 [ 0.0578149  -0.06706637  0.08331061  0.2688981   0.30000994 -0.13981667
   0.14089526 -0.45347917  0.2945414  -0.21654779  0.08611773 -0.07637989
   0.29726464]
 [ 0.25146008 -0.03893535 -0.1050077  -0.02239305 -0.22851911  0.1162989
   0.29196975  0.3335275  -0.06734713 -0.13944447  0.04466598 -0.18302538
  -0.06610578]
 [ 0.26756752  0.29531276 -0.08015574 -0.39778093 -0.0055518   0.45643926
   0.27605852 -0.18028663 -0.03608991 -0.24958585 -0.38165593  0.09167249
   0.21081814]
 [-0.16031478  0.08495732  0.05263393 -0.26058856  0.13978198  0.3886989
   0.02170189  0.10777682 -0.46620187  0.17791054  0.26746416  0.18443751
   0.02447426]
 [ 0.14441524  0.25827208  0.30649695 -0.00766521  0.04398662  0.11779574
   0.1907327  -0.46165013 -0.09991207  0.26434362  0.41168752  0.34549716
   0.37697795]
 [-0.17717628  0.29086748  0.34325796 -0.39606476 -0.13812542  0.2530886
  -0.01864626 -0.28318068  0.28191558 -0.39836407 -0.35092118 -0.1781713
  -0.02391126]
 [-0.06658531  0.09352548 -0.15052661 -0.13469961 -0.27701896 -0.24720585
   0.2928093   0.16799605  0.22894406 -0.33964905  0.12043115  0.4292472
   0.10216992]
 [-0.28856337  0.39722025  0.08537091  0.17227826  0.2704296   0.19690631
   0.22125314  0.31817546 -0.2811549  -0.01265333  0.38332573  0.26311705
   0.1843074 ]
 [-0.20006186  0.7222134   0.03692746 -0.31747037  0.10319724 -0.09215127
   0.04586159 -0.32305467 -0.19427747 -0.42835727  0.17956476 -0.40063798
   0.60734624]
 [-0.42462808  0.0789527  -0.13295397 -0.1106036   0.0759744  -0.46443075
  -0.66841716 -0.16200574  0.22564438 -0.18158293  0.2978309  -0.25832933
   0.36703748]
 [ 0.11973123  0.22427727  0.17847466 -0.14109114  0.51744485  0.13223584
   0.61450726 -0.03269117 -0.35058266  0.03379439  0.12181523  0.564
  -0.57829916]
 [ 0.21159159  0.6208192  -0.10657492  0.2115945  -0.18409412 -0.43844423
  -0.19088833 -0.24397755 -0.270793   -0.00531041 -0.08301301  0.11211189
   0.8617524 ]
 [-0.24396317  0.02597962  0.7815661   0.04848164  0.02452952  0.30079544
   0.40086815 -0.3785334  -0.35954013 -0.24907936 -0.3041098   0.46052307
  -0.10661329]
 [-0.15013345 -1.1459559   1.4616563  -0.03830358  0.9312197  -0.16765775
   1.0682766   0.16636975 -0.17581151 -0.23526548 -0.49196178  1.045449
  -1.2762982 ]]
Peso 2:
[ 1.01695117e-02  9.88740548e-02  2.08951116e-01  1.55906519e-02
  1.08006865e-01  8.22031870e-02  1.95860416e-01 -1.08699277e-01
 -1.83078364e-01  1.10016648e-04  1.10158600e-01  3.16665441e-01
  2.58703351e-01]
Camada: saida
Peso 1:
[[ 0.48562053 -0.01023107]
 [-0.91595054  0.8748735 ]
 [ 1.0509815  -1.0071124 ]
 [ 0.52006096  0.19835609]
 [ 0.4391477  -0.7538655 ]
 [ 0.65910584  0.10985584]
 [ 0.7362227  -1.2611958 ]
 [-0.19766344  0.36120093]
 [ 0.2019076  -0.535632  ]
 [ 0.39155534  0.35880318]
 [-0.79246473 -0.06127451]
 [ 0.69318664 -0.922405  ]
 [-1.0401036   1.2297263 ]]
Peso 2:
[-0.12407221  0.12407222]



pesos modelo: 
Test loss: 0.0001, Test accuracy: 1.0000
Camada: meio
Peso 1:
[[ 2.99465209e-01  1.10257775e-01  2.65253991e-01  1.40407950e-01
   1.90739125e-01 -2.05246672e-01 -3.94143999e-01  5.50874174e-02
   4.32141155e-01  2.41969019e-01  9.77540314e-02 -3.88844162e-01
   7.82644451e-02]
 [ 3.57281864e-01 -2.30544373e-01  1.78492978e-01 -2.25432977e-01
  -6.38956279e-02  1.92175359e-01 -8.75456929e-02  2.63765633e-01
   2.05026150e-01  2.92968005e-01  5.71555316e-01  1.76936284e-01
   1.61253795e-01]
 [ 1.15407802e-01 -2.94248968e-01  2.96762466e-01 -1.95989802e-01
   2.23692864e-01  2.86051661e-01  8.93319324e-02  2.54108161e-01
  -8.28043297e-02  1.94929376e-01 -2.03407422e-01  1.75496206e-01
  -3.43502939e-01]
 [-2.56055862e-01  3.36617947e-01  2.32587397e-01  3.59470136e-02
  -1.29495012e-02  4.35357243e-01  6.15264177e-02  3.31223249e-01
   3.37421954e-01 -2.10796118e-01  1.90086871e-01 -8.36405233e-02
  -1.88956007e-01]
 [ 8.27849507e-02 -1.15054101e-01 -3.05731259e-02  8.94063488e-02
   1.16642557e-01 -3.91124249e-01 -1.08275093e-01 -1.94058731e-01
   3.63411099e-01  3.14303279e-01  3.69846016e-01 -1.40262563e-02
  -3.98571372e-01]
 [-4.13091063e-01 -3.91410142e-01 -4.55794893e-02  2.51686513e-01
   2.07486078e-01 -1.49283648e-01  3.76011491e-01 -1.62711948e-01
   2.84938127e-01  1.76697925e-01  1.32730817e-02  2.79521942e-01
   4.18344557e-01]
 [ 1.19717062e-01 -2.26594415e-02  3.81158769e-01  3.01287860e-01
   4.51920629e-01 -2.90397089e-02 -2.78993379e-02  4.69216108e-02
  -9.49329063e-02 -3.49390954e-01 -1.09131895e-01  2.16160521e-01
   1.42431185e-01]
 [ 6.34722710e-02 -2.67004400e-01  2.36141458e-01  2.75695026e-01
  -2.52163470e-01 -3.21066678e-01  2.34239995e-01 -1.44763574e-01
   1.89876929e-01 -1.95138037e-01  5.04197359e-01  1.32352442e-01
   4.20133978e-01]
 [-3.29966158e-01 -1.75203249e-01  1.06990993e-01 -2.40852311e-01
  -1.65342155e-03 -2.96605796e-01  1.49578467e-01  6.13628402e-02
  -9.94042531e-02  2.47083396e-01 -1.33659944e-01  9.53385681e-02
   2.88468748e-01]
 [-4.00567055e-01 -1.05160348e-01 -3.08711708e-01  3.82301509e-02
   4.21360135e-02 -1.76701427e-01 -7.75372908e-02 -1.56811953e-01
  -7.28027821e-02 -3.16614151e-01 -1.45191699e-01  7.42980689e-02
  -8.76357779e-02]
 [-3.05887401e-01 -1.78628996e-01 -7.97111308e-04 -8.32881778e-02
  -2.06303988e-02 -2.11547077e-01  1.59920856e-01 -1.50962947e-02
  -9.30895954e-02 -4.94670048e-02 -2.94529766e-01  2.85057146e-02
  -9.23852436e-03]
 [-1.55248687e-01 -3.69172871e-01 -3.48160088e-01  3.35890740e-01
  -2.42263973e-01  3.17436993e-01  2.61196434e-01  2.04715833e-01
   3.75014722e-01 -2.81733721e-01  4.84716117e-01  1.96816415e-01
   1.22876942e-01]
 [-6.42378554e-02 -1.35004744e-01  1.31172299e-01  7.57427514e-02
   3.11754495e-01  1.10155262e-01 -1.16749793e-01  2.92124093e-01
   2.37194806e-01 -6.91669583e-02  2.37722948e-01  8.12647492e-02
  -2.87405163e-01]
 [ 1.98168293e-01  8.54627267e-02 -1.19536631e-01 -1.07218593e-03
   5.66305935e-01 -4.67529707e-02  6.08549833e-01 -2.94015795e-01
  -9.36470181e-02  2.53011677e-02  2.80773371e-01 -4.22902495e-01
  -1.66652516e-01]
 [-3.34622443e-01  2.77809724e-02 -7.96070993e-02 -1.03377081e-01
   5.72772443e-01  2.57663876e-01  7.16979504e-01 -2.48927727e-01
  -4.75396365e-01 -1.90450370e-01  1.79399967e-01  8.84478539e-02
   1.44887134e-01]
 [-1.17862457e-02 -1.91538304e-01  4.73328590e-01 -2.60496974e-01
  -4.50406104e-01 -2.69369423e-01 -4.64690477e-01  4.45261240e-01
   3.05862486e-01  1.70034185e-01 -1.14473641e-01  5.58707058e-01
  -2.08564743e-01]
 [ 2.87035406e-01  3.30269933e-01  4.78296503e-02 -5.33868015e-01
   1.74782991e-01  4.53677833e-01  5.30094564e-01 -3.01368892e-01
  -8.08724612e-02 -9.93185192e-02  5.36073983e-01 -4.33392107e-01
   3.20865959e-01]
 [-2.42218256e-01 -1.40276134e-01  4.94484037e-01  3.90589118e-01
  -2.75265425e-01 -2.23710209e-01 -6.50584579e-01 -1.58815563e-01
   3.36270668e-02 -4.60634977e-01 -3.90287787e-01  4.51713771e-01
  -1.26746103e-01]
 [ 1.19937472e-02 -5.73673919e-02  1.49828508e-01 -8.80770758e-02
  -6.89701140e-01  1.79945275e-01 -1.19511855e+00  5.78554809e-01
   1.21021247e+00  7.47125819e-02 -8.93019974e-01  1.76837659e+00
  -1.99074030e-01]]
Peso 2:
[ 0.00383676 -0.09175074  0.0410639  -0.02351958  0.06331497  0.00299025
  0.09483258  0.1494666   0.36303914 -0.1367561   0.27457547  0.42315662
  0.01992821]
Camada: saida
Peso 1:
[[ 0.1683206   0.24372174]
 [ 0.39318827 -0.19461033]
 [ 0.09538009 -0.5831301 ]
 [ 0.42893502 -0.46190917]
 [-0.7953578   0.8734921 ]
 [-0.18636264  0.06928759]
 [-0.8012002   1.297928  ]
 [ 0.13834158 -0.36091155]
 [ 0.9329704  -0.98744935]
 [-0.46001557  0.1635368 ]
 [-0.9001543   0.74996233]
 [ 1.3908749  -1.4182848 ]
 [ 0.03217097  0.30120042]]
Peso 2:
[ 0.07794736 -0.07794755]



pesos modelo: 
Test loss: 0.0001, Test accuracy: 1.0000
Camada: meio
Peso 1:
[[ 0.32180074 -0.2101895   0.16006371  0.06695879  0.40747157 -0.40114963
   0.04570937 -0.01543537 -0.36527547  0.03317109  0.01605746  0.13791332
  -0.04416656]
 [ 0.25518546  0.03997106 -0.3395682   0.05876623 -0.03941941 -0.30447388
  -0.37345213  0.11945413 -0.05677827 -0.4059431   0.03902298  0.13512184
   0.37434265]
 [-0.27057838  0.45133424 -0.40228933 -0.16540137 -0.28928924  0.09330407
  -0.14084665  0.01017493  0.06421419  0.12212699  0.23470327  0.34881455
   0.12686484]
 [ 0.32000044  0.26896444  0.27984816 -0.09311919 -0.06056426  0.35830805
   0.0211374   0.39894935 -0.19848754  0.32035196  0.46480322 -0.06061968
  -0.18865143]
 [-0.2832997   0.30786133 -0.00654686 -0.18998243  0.29477116  0.37566912
  -0.22204274 -0.11093555  0.24706934 -0.10727536  0.05253913  0.29853803
   0.01516608]
 [ 0.36563048  0.08695269  0.39522263  0.0113878   0.2595229  -0.21559791
  -0.36317968 -0.01980533 -0.28191072  0.329412   -0.02705225  0.31426027
  -0.11361823]
 [-0.09282713 -0.01635414  0.0863551   0.29820424  0.04172809 -0.01205784
   0.14432664  0.08090012  0.172753   -0.09170072  0.1111228  -0.2714361
  -0.3153803 ]
 [ 0.03506405  0.14491831 -0.35989442  0.1278066  -0.19225465  0.27356157
   0.00288849  0.33779827 -0.26788747 -0.29749632  0.05497126  0.35257816
  -0.23234853]
 [-0.27582666 -0.08900212 -0.2579166   0.26611304 -0.04628512 -0.17541122
  -0.04537322 -0.09555295  0.40573663 -0.31498504  0.00602466 -0.35194474
   0.16018245]
 [ 0.34462374  0.2750018  -0.08071095 -0.46275392  0.16628847 -0.11888327
   0.37261093  0.27741042  0.46625242 -0.4268986   0.06879352  0.300762
   0.38074237]
 [-0.36235422  0.15597072 -0.14088759  0.1513981  -0.2564299   0.02505524
  -0.27013588  0.02594176 -0.07273379  0.3610911   0.08495718  0.08396544
  -0.2586596 ]
 [-0.04206559  0.07854188 -0.25897297 -0.19234525 -0.365303   -0.34279585
   0.1175236   0.3560304   0.31689966 -0.27233088  0.19190815 -0.12115894
  -0.04278713]
 [-0.33664697  0.12197651 -0.09552485 -0.43420532 -0.38034663  0.32021448
  -0.09589829 -0.18378134  0.28479326 -0.36838344 -0.10596067  0.11220392
   0.39021266]
 [-0.13770479  0.01416697 -0.38766605 -0.33336446 -0.10111722  0.06692115
  -0.08490389 -0.12403326  0.24900845 -0.22266753  0.71240157  0.4170823
  -0.03527996]
 [-0.03795297 -0.33426273  0.4252978   0.03723953  0.07839163 -0.08062331
  -0.38287264 -0.2529078  -0.10962156 -0.19596335  0.5847552   0.4499139
  -0.28119054]
 [ 0.02185722  0.80759984  0.14000289  0.05438263 -0.23951139 -0.03912901
   0.22548695  0.11180688  0.19041844  0.1694181  -0.3729314   0.04920222
   0.33222863]
 [-0.3468854  -0.4010207   0.06132831 -0.37426957  0.34458524  0.08200033
  -0.08248644  0.11305872  0.19584937 -0.14937547  0.73277086  0.36890817
   0.08592058]
 [-0.11156241  0.47630706  0.01756706 -0.28665438 -0.13758537  0.23488362
   0.28714213  0.19239146 -0.13710552 -0.27005526 -0.42531127 -0.37252638
   0.13936242]
 [-0.00862144  1.8404474   0.5217448   0.12416701 -0.03565027 -0.39461315
   0.12913112  0.72600424 -0.6577815  -0.15259911 -1.6043543  -0.90325767
   0.02540323]]
Peso 2:
[-7.5584002e-02  4.2691103e-01  9.4168760e-02 -1.8623200e-01
 -4.1042464e-03  2.4111323e-02  2.8373094e-04  1.3042013e-01
  9.4993733e-02  5.6747333e-03  1.7654881e-01  7.0810005e-02
  1.4183040e-02]
Camada: saida
Peso 1:
[[-0.26723343  0.2563184 ]
 [ 1.6134988  -1.4312636 ]
 [ 0.34899616 -0.07709852]
 [-0.4721527   0.24176554]
 [-0.11053704 -0.14913827]
 [-0.4760695  -0.08515219]
 [-0.18209139 -0.22831586]
 [ 0.15962034 -0.86865526]
 [-0.20028506  0.61792475]
 [-0.2174736  -0.61318487]
 [-1.3697745   1.437749  ]
 [-0.950519    0.8122862 ]
 [ 0.48869628  0.23353375]]
Peso 2:
[ 0.21814552 -0.21814415]



pesos modelo: 
Test loss: 0.0001, Test accuracy: 1.0000
Camada: meio
Peso 1:
[[ 1.37379557e-01 -3.02242756e-01  7.36169517e-02  1.11074597e-01
  -2.42311582e-01 -3.11234266e-01 -9.40957069e-02  1.89998895e-01
  -1.66781932e-01 -4.97947037e-02 -2.93214649e-01  3.58981282e-01
   3.05392236e-01]
 [-2.43686110e-01 -1.20460436e-01 -1.72661066e-01  4.21386927e-01
  -4.36674654e-01 -3.69826317e-01  3.99396062e-01  1.15795650e-01
  -1.44375637e-01  3.27580094e-01  3.36425245e-01 -3.09309065e-01
  -2.39648521e-01]
 [-1.16688214e-01 -3.03762585e-01 -9.68239084e-02  2.01747492e-01
   2.76374787e-01 -1.24500118e-01 -3.99974585e-01  3.87144059e-01
   3.40683401e-01  4.44869697e-02  4.30146419e-02  3.06968987e-02
   2.24003226e-01]
 [ 2.55547881e-01  1.62853345e-01 -8.55222940e-02  9.25731882e-02
   3.14000010e-01 -8.07902142e-02  2.11987332e-01  6.85828030e-02
  -1.73636764e-01  3.71327966e-01 -8.14817250e-02 -3.26094657e-01
   8.44460726e-02]
 [-3.59828062e-02 -5.50969541e-02  4.06372428e-01  2.64360011e-01
   3.18331003e-01  1.89679071e-01  7.87899271e-02  2.09971800e-01
   1.64640650e-01 -2.81736761e-01  1.49853706e-01 -3.77970964e-01
  -2.10328758e-01]
 [ 1.45798460e-01  4.68655974e-01 -9.19242427e-02  2.29587838e-01
  -3.29696327e-01  3.24244946e-01 -2.50139654e-01  3.33121002e-01
  -9.12282988e-02  1.65025853e-02 -1.14407443e-01  2.85836905e-01
  -3.40737030e-02]
 [ 6.49422184e-02  4.74326491e-01  1.12388715e-01  3.32231879e-01
  -2.92116135e-01  3.03766251e-01  1.65185332e-01 -6.32100180e-02
   4.09283526e-02 -3.07467997e-01  2.82188445e-01 -3.80063117e-01
  -3.31469387e-01]
 [-2.89417148e-01 -8.81310031e-02 -4.57944535e-02  1.18144535e-01
  -4.57629651e-01 -5.22165634e-02  9.13948864e-02  7.37802386e-02
  -5.95194027e-02 -2.29827508e-01  2.25326851e-01  2.43273705e-01
   1.20750278e-01]
 [ 3.34445149e-01 -1.70822814e-01  1.72207206e-01  1.63053989e-01
   4.90364432e-02 -3.36529374e-01 -1.02657206e-01  3.29842418e-01
   1.15210496e-01 -1.25736520e-01 -7.57041425e-02  7.47127905e-02
   3.21354926e-01]
 [ 1.94740608e-01 -2.76069552e-01 -2.51632214e-01  1.39966890e-01
   1.75916940e-01 -2.90691137e-01  3.77016097e-01 -1.84635729e-01
  -4.08395171e-01  2.04807281e-01  1.99076235e-01 -3.93765628e-01
   9.93207321e-02]
 [ 3.74593079e-01  2.79750228e-01  3.52558717e-02  1.92294866e-02
  -3.03092867e-01  2.55809635e-01 -3.62418950e-01  1.66869201e-02
  -4.01765466e-01 -3.35768849e-01 -7.29025602e-02 -3.36501449e-01
  -1.64743081e-01]
 [-2.09339648e-01 -9.84148979e-02 -3.04173660e-02  2.49120578e-01
  -3.30220073e-01  6.29109070e-02 -1.49955347e-01 -1.48783743e-01
   2.43880972e-02 -1.40125111e-01  4.23688740e-01 -1.95411965e-01
  -3.03426027e-01]
 [-1.90170065e-01  2.53953755e-01 -4.04125392e-01  4.84225214e-01
  -1.45432651e-02  9.34979618e-02  3.04842055e-01  3.75009000e-01
  -3.14063430e-01  3.17814112e-01  1.76033169e-01  5.48813725e-03
  -4.52417210e-02]
 [ 3.95507216e-01  1.07219853e-01 -1.05399147e-01  7.64896750e-01
   2.55712599e-01 -2.52439678e-01 -8.30064267e-02 -1.77915245e-01
  -3.62616301e-01 -2.70403117e-01 -3.92863601e-01 -1.90333694e-01
  -3.03083360e-01]
 [-2.99358368e-01 -2.62422651e-01  1.94768801e-01  6.95024610e-01
  -1.41833082e-01 -8.91738608e-02 -2.00900018e-01 -3.54556471e-01
   6.49984519e-04  1.45295754e-01 -2.63818234e-01 -1.83878958e-01
  -2.68606663e-01]
 [ 5.46116009e-02  4.48683619e-01 -1.16927572e-01 -6.83369577e-01
  -3.91075462e-01  3.22847664e-01 -4.34122324e-01  4.87352699e-01
   4.59952615e-02 -1.11911252e-01  4.43539023e-01 -3.28358375e-02
   1.31414726e-01]
 [-2.14427933e-01 -3.10779661e-01  2.40197241e-01  1.10494375e+00
  -4.43912148e-02  1.07474394e-01 -5.72787002e-02  4.26071649e-03
  -1.16438106e-01  1.46279216e-01 -1.00410320e-01 -2.31476456e-01
  -3.91005129e-01]
 [ 5.49214184e-01 -3.10748398e-01 -1.79186389e-01 -2.48784021e-01
  -1.52197331e-01  4.49597389e-01 -1.99327558e-01  7.61777341e-01
   1.38804540e-01  4.90438074e-01  2.91613996e-01  2.23077521e-01
  -2.76085269e-02]
 [ 6.20357275e-01  6.49088621e-01  1.62411094e-01 -1.08113110e+00
  -2.20613226e-01 -2.01864943e-01  3.50215226e-01  1.29571402e+00
  -8.69996101e-02  3.01445454e-01  2.03948903e+00  3.83874685e-01
   3.76674742e-01]]
Peso 2:
[ 0.17352442  0.15019113 -0.01170962  0.21661028 -0.11970612  0.02545083
  0.00615247  0.11885034 -0.05581072  0.04165127  0.39875773  0.00145656
 -0.04323671]
Camada: saida
Peso 1:
[[ 0.40055275 -0.6871462 ]
 [-0.22082902 -0.8672075 ]
 [ 0.01529969  0.02182499]
 [-1.6399058   1.1009197 ]
 [ 0.468512    0.22380577]
 [ 0.33190233  0.04036007]
 [ 0.3685929   0.17912795]
 [ 1.0509552  -0.93568045]
 [-0.21851417  0.34941587]
 [ 0.3998173  -0.23953044]
 [ 1.514026   -1.5447397 ]
 [ 0.04929591  0.01341912]
 [ 0.22144309  0.3319597 ]]
Peso 2:
[-0.17755266  0.17755161]



pesos modelo: 
Test loss: 0.0005, Test accuracy: 1.0000
Camada: meio
Peso 1:
[[ 2.47152120e-01 -2.38672733e-01 -7.77233541e-02 -3.90711635e-01
   4.10033792e-01 -2.26814583e-01 -1.12332433e-01 -3.90335143e-01
  -2.15832412e-01 -1.62638575e-01 -7.57127702e-02 -2.61807203e-01
   1.96279079e-01]
 [ 9.73015502e-02  1.68571603e-02 -2.60987014e-01  1.45393327e-01
   4.39582735e-01 -1.33041725e-01 -1.16082460e-01 -1.20260492e-01
   2.79492587e-01  1.89277038e-01 -2.82267034e-01  2.51451224e-01
  -3.36910151e-02]
 [ 4.34296340e-01 -2.34306961e-01  3.22476715e-01  3.09548080e-01
   3.10822338e-01 -6.05466627e-02  1.77028239e-01  9.01867375e-02
   6.60940185e-02 -1.77441224e-01  9.89609882e-02  1.53553441e-01
   9.64771658e-02]
 [ 2.03273088e-01  1.45358205e-01 -3.55977565e-01  7.60984644e-02
  -4.61476669e-03  2.52107501e-01 -3.60172153e-01 -1.08040206e-01
   3.04528058e-01 -3.34124774e-01 -2.40208372e-01  2.30369955e-01
   4.25085694e-01]
 [ 1.81354523e-01 -8.12188685e-02 -1.08200878e-01  3.36559385e-01
  -2.05617800e-01  3.62820864e-01  4.42869365e-01 -5.55255637e-02
  -9.40136388e-02 -1.10251471e-01  1.94762766e-01  6.20640069e-02
  -1.68346658e-01]
 [-1.68562621e-01 -2.65000403e-01  1.91663042e-01  8.47987682e-02
   4.43667501e-01  2.61524081e-01 -3.02258015e-01  4.98408936e-02
  -1.03020482e-02  2.26280004e-01  2.78113425e-01  2.58711934e-01
  -2.23673895e-01]
 [-2.88007826e-01 -1.01558128e-02 -2.88100034e-01  4.72689383e-02
   7.80361146e-02 -1.44124940e-01 -7.43717402e-02  2.00869851e-02
  -2.34120041e-01 -9.11304131e-02 -2.87614971e-01 -1.32178798e-01
   2.90230453e-01]
 [-2.51691997e-01 -2.51977921e-01 -1.80555925e-01  3.80624056e-01
   4.81805116e-01  8.50704238e-02 -1.62658647e-01 -1.33899450e-01
   1.82119206e-01 -3.33801568e-01 -1.89325631e-01  1.98716503e-02
  -4.42042410e-01]
 [ 1.45856842e-01  2.50711679e-01 -1.09830573e-01 -2.06081737e-02
   4.15855765e-01 -2.40485407e-02 -6.49380013e-02 -1.54212177e-01
  -6.67767925e-03 -3.77378352e-02 -1.69845760e-01  3.93791735e-01
  -2.91937023e-01]
 [ 1.28879510e-02 -3.52475375e-01  5.10428101e-02 -8.52193907e-02
   2.37662390e-01  1.59750029e-01 -2.06037715e-01 -3.50874871e-01
  -8.33332613e-02  1.07515290e-01  4.24167931e-01  2.90559381e-01
  -1.50921106e-01]
 [ 3.69797111e-01 -2.30105147e-02 -1.10113390e-01  4.02118742e-01
   1.41931787e-01  3.69291514e-01  2.07362950e-01  3.23229820e-01
  -1.78322017e-01 -1.83812845e-02  3.76360029e-01  3.50348115e-01
   3.38223308e-01]
 [-8.75974074e-02  8.97093713e-02  1.88318923e-01 -2.90074766e-01
   1.04802556e-01 -3.67247723e-02 -3.04708570e-01  2.96068281e-01
   2.29362607e-01 -1.67700469e-01  3.09216201e-01  4.59873341e-02
  -3.95426929e-01]
 [ 2.36711532e-01  6.32273182e-02  1.84502587e-01 -9.79198888e-02
   1.60977408e-01  9.47292224e-02 -2.18017891e-01 -4.49856520e-01
   3.78239810e-01  7.93288499e-02  2.21897572e-01  9.50747877e-02
   1.41814619e-01]
 [-6.32034317e-02  7.98017234e-02  5.33439219e-01  1.90522313e-01
  -7.66903535e-02 -1.79929063e-01 -3.05554681e-02  3.38393778e-01
  -1.61518939e-04 -3.87031168e-01 -5.68882860e-02  6.31249487e-01
  -2.82824695e-01]
 [ 3.39127183e-01 -3.29616010e-01  2.46402562e-01  6.02347493e-01
  -5.58129430e-01  2.52101719e-02  3.75613451e-01 -5.14143348e-01
   3.01714480e-01 -2.13592321e-01 -3.67783636e-01  6.52021706e-01
   3.99523497e-01]
 [ 8.39132071e-02 -3.93304005e-02 -6.99228495e-02 -1.24052845e-01
   3.65071833e-01  4.77135628e-01  2.91169226e-01  1.66114688e-01
  -3.90781254e-01  3.56293350e-01  5.81976436e-02 -3.84317368e-01
   6.45570382e-02]
 [-2.84086645e-01 -4.18844730e-01  6.85185909e-01  6.90849066e-01
   8.43932331e-02 -4.79215346e-02  8.89124945e-02  2.74413466e-01
   2.98567832e-01 -2.44147107e-01 -2.43398279e-01  4.11749780e-01
   3.86073858e-01]
 [ 2.54798919e-01 -6.15452193e-02  1.07304543e-01 -4.93049651e-01
   6.48901761e-01  4.95123677e-02  4.51927811e-01 -2.31000096e-01
  -4.21147585e-01 -5.52433394e-02  1.32246047e-01 -3.10918599e-01
  -2.46102765e-01]
 [ 1.13135064e+00  2.18780771e-01 -4.79815573e-01 -1.10153437e+00
   1.02608240e+00  1.01013124e+00  3.39187860e-01  1.94171324e-01
  -3.97415519e-01  8.19231272e-02 -1.07140496e-01 -1.75432777e+00
  -1.12855598e-01]]
Peso 2:
[ 0.23924717 -0.0263063   0.08212002  0.00423994  0.22649094  0.18794894
  0.07143443 -0.01511486  0.02695472 -0.03470795  0.04698284  0.1584408
 -0.01733549]
Camada: saida
Peso 1:
[[ 0.8601198  -0.8034027 ]
 [-0.3909605  -0.25206172]
 [-0.6729424   0.4263838 ]
 [-0.7446263   1.0002089 ]
 [ 0.7806783  -1.1978222 ]
 [ 0.47438374 -1.0295005 ]
 [ 0.09920816 -0.36445335]
 [-0.02763499 -0.57785237]
 [-0.20504414  0.49392948]
 [-0.2167065  -0.09286912]
 [ 0.20928122 -0.1919507 ]
 [-1.5813323   1.1830692 ]
 [ 0.40141296  0.50665534]]
Peso 2:
[ 0.26029512 -0.26029316]



pesos modelo: 
Test loss: 0.0001, Test accuracy: 1.0000
Camada: meio
Peso 1:
[[-0.39218855  0.11089626 -0.32244027 -0.02987158 -0.14516965 -0.02667904
   0.07644269  0.360548    0.32813397  0.12594524  0.16719851  0.07904944
  -0.00993887]
 [-0.33059824  0.21856457 -0.20354557 -0.24359344  0.05409548 -0.18475987
   0.21944454 -0.1175139   0.27301553  0.08698694 -0.21241356 -0.1203873
  -0.06594927]
 [-0.31166714 -0.14658248  0.01554936  0.03082559  0.37803757  0.20360482
   0.05832839  0.09475844  0.22411257  0.20526293 -0.20211205  0.03362734
  -0.03383978]
 [-0.15604839 -0.05755261 -0.15970334  0.05450813 -0.32839698  0.19257168
  -0.15946196  0.0564664   0.22398356 -0.34930664 -0.37400022  0.11393572
   0.1824837 ]
 [-0.17364077 -0.2442036  -0.16708715  0.42752418  0.2941227   0.17372751
  -0.18148477  0.05687341 -0.05602881  0.20076542  0.32494667  0.24349323
   0.06473769]
 [ 0.02387347  0.26111323  0.13391018  0.3717662   0.3442491   0.00395076
  -0.2457181   0.07195888  0.33760127  0.05924447 -0.33769798  0.20526151
   0.20971522]
 [-0.39133558 -0.21765532  0.01698696  0.17800611 -0.1962886  -0.00638085
   0.11398773  0.09682559 -0.02794032  0.12707403 -0.16786024  0.13987838
  -0.02627249]
 [ 0.3235463  -0.06310867 -0.14599742  0.18964022 -0.09922902 -0.05841439
  -0.26658022  0.20338942  0.05466866  0.32808754  0.07043292 -0.2082821
  -0.0319948 ]
 [-0.00556574 -0.00419528  0.16584466  0.13710332 -0.42508364  0.25899878
  -0.10616624  0.22723182 -0.3844138  -0.05450462 -0.4042868   0.25853997
   0.01830523]
 [-0.10353934  0.23415375 -0.29218033  0.35238662 -0.16019946  0.28104335
  -0.05084814  0.27908707 -0.20068707  0.151677   -0.19839732  0.31821257
   0.22925355]
 [-0.28771198  0.24360311 -0.16421418 -0.07143937 -0.03108234 -0.06642289
  -0.05213761 -0.37727067 -0.0911483   0.22045912  0.2027063  -0.21287544
   0.22034709]
 [-0.22201477 -0.18666358 -0.1211446   0.36263114 -0.21190365 -0.0867945
   0.27636442  0.4026702  -0.04836157 -0.16737936 -0.30659446 -0.06143889
   0.27618924]
 [ 0.17796427  0.11012752 -0.13077673 -0.25955212 -0.05438808  0.26507142
   0.3321669   0.21421225 -0.3813432   0.0966646   0.3353226  -0.16006874
  -0.04713511]
 [ 0.34629944  0.4274859   0.23105186  0.8529293  -0.2533271   0.26579455
   0.362418    0.1331391  -0.02040167 -0.4932147  -0.3762794  -0.23986968
   0.2106456 ]
 [-0.11695662  0.3601098   0.28994787  0.8866504  -0.09765193  0.21724348
   0.43316156 -0.25893927 -0.4597054   0.1839754  -0.09886095  0.2653101
  -0.31192282]
 [-0.11196853 -0.41812682  0.11176948 -0.61991274  0.07209825 -0.03043423
   0.07834169  0.4736908   0.0955153  -0.21303713 -0.15519574  0.15647261
   0.51518047]
 [ 0.3434021   0.30521494 -0.3016488   0.2820555   0.23076999  0.26563516
   0.2565646  -0.26113987 -0.02633476  0.17479716  0.05172384 -0.23205288
  -0.47107163]
 [ 0.3056743   0.09961649 -0.15363982 -0.44838682 -0.00912874  0.22786821
  -0.17495063 -0.05413451 -0.36117998  0.47695345 -0.29927546  0.36540228
   0.5642019 ]
 [-0.2032213  -0.4412459   0.01301805 -1.101188    0.04376034 -0.43985447
  -0.41397318  0.6164078  -0.35071328  0.95223355 -0.40238583  1.1591831
   1.8402753 ]]
Peso 2:
[ 0.0108117   0.14593832  0.00290183  0.22620708  0.01202421  0.03182572
  0.10923381  0.10730756 -0.11661867  0.02999426 -0.00497964  0.2514883
  0.33476067]
Camada: saida
Peso 1:
[[ 0.05033994  0.26578447]
 [-0.37233594  0.7736657 ]
 [ 0.52848965  0.3908551 ]
 [-1.1904925   1.3499969 ]
 [-0.15188156 -0.32439682]
 [-0.35237065  0.5239595 ]
 [-0.7437493   0.07777208]
 [ 0.12267446 -0.9202241 ]
 [ 0.3549882  -0.4970868 ]
 [ 0.6538625  -0.60283285]
 [-0.601861   -0.0507494 ]
 [ 0.9092509  -0.81711745]
 [ 1.361297   -1.4516183 ]]
Peso 2:
[-0.08010205  0.08010323]



pesos modelo: 
Test loss: 0.0001, Test accuracy: 1.0000
Camada: meio
Peso 1:
[[-0.02258295  0.22095951  0.1922467   0.08058986 -0.1957344  -0.21683547
  -0.4142542   0.19220015  0.19069669 -0.22866079  0.38313982 -0.16021165
  -0.08281216]
 [-0.13865153  0.35021144  0.11979045  0.38237795  0.00869718  0.34964955
  -0.35992515  0.35107565 -0.15180676 -0.16476493  0.14281191 -0.07168784
  -0.01388002]
 [ 0.08670577  0.06961866  0.4728096   0.02907526  0.03330438  0.32465485
   0.11778838 -0.22770959 -0.38103932  0.33566475  0.1702727   0.01505175
   0.05678299]
 [ 0.09353463 -0.27269113 -0.1178511   0.21315846 -0.0856335   0.0127287
  -0.38077226  0.19320585  0.33111057 -0.17634463  0.01661164 -0.22368512
  -0.08391066]
 [ 0.1710024  -0.32512075  0.00938268  0.4400082  -0.2801351  -0.02795281
  -0.29477346  0.01696895  0.28953567 -0.31610745  0.20164582  0.08123843
  -0.15696068]
 [ 0.04154731  0.34267133 -0.18832271  0.42780674 -0.03485798  0.11610243
  -0.30087957  0.14656842 -0.24413186 -0.07200366 -0.05681486  0.03870045
  -0.24525099]
 [ 0.16933545  0.02466881  0.03655203  0.42943385  0.21569012 -0.10302463
   0.23694082  0.24060024  0.10410754  0.02232905  0.1460248   0.12809692
   0.00559665]
 [-0.10063166  0.25166562  0.41518614 -0.20456691 -0.3117913   0.2991607
  -0.33647504  0.18704581 -0.36588392 -0.10506369 -0.06086754  0.36156014
   0.35182405]
 [ 0.11042771  0.1964399   0.4880489  -0.09594893 -0.14686084  0.04362896
  -0.37606582  0.439279   -0.31026343 -0.2811982   0.14893435  0.37754464
  -0.3451933 ]
 [-0.0568146   0.10977446 -0.02226212  0.04976776 -0.29798326  0.1764613
   0.21144229 -0.24426274 -0.27372345  0.12441338 -0.03381902  0.30665886
  -0.32795414]
 [ 0.17586069  0.06587165 -0.06666471  0.20619756  0.04340639 -0.23872763
   0.15384072 -0.10847197  0.30706924  0.15063259  0.15386811 -0.3242955
   0.32186356]
 [-0.07586367 -0.12417571  0.02506621 -0.22071195  0.05109122 -0.01964254
   0.10814004 -0.13423413 -0.4467068   0.40046692  0.04890279 -0.20458546
  -0.0760827 ]
 [ 0.13577782  0.1562326   0.00349096  0.09205442 -0.18956119 -0.11319719
   0.35741833  0.3320123  -0.39534342 -0.2165787  -0.04408837  0.02011066
   0.3265883 ]
 [-0.39879793  0.06251357  0.70507276  0.5929008  -0.37977266  0.28058422
   0.03280809 -0.4196958  -0.37759283  0.08402968 -0.37184694  0.18273783
   0.20854229]
 [ 0.08558979 -0.2703761   0.80787426  0.3128651   0.09185889 -0.22350904
  -0.3745866  -0.03784199 -0.18920293 -0.10721672  0.05286821 -0.558265
  -0.3443207 ]
 [ 0.85848844  0.08228384 -0.0485978   0.11321596 -0.06230625  0.18176387
  -0.12239019 -0.04222941  0.1242803  -0.19598965  0.36665043 -0.09528156
  -0.35882947]
 [ 0.01735671 -0.31144378  0.75386727  0.16815399 -0.2170376  -0.32778934
   0.0686124  -0.35939944  0.23097083 -0.05372074 -0.21586034  0.32289347
  -0.07067244]
 [ 0.53029656 -0.28110024  0.1625601   0.12306944  0.10350899  0.60682786
   0.09192114 -0.36212003 -0.39973268 -0.26609287  0.66168386  0.23883145
   0.34815875]
 [ 1.3732048   0.5124426  -1.0157762  -0.98076296  0.09394708  1.2493118
  -0.06913002  0.26474124  0.28215647  0.1872397   1.6117278   0.72369653
   0.52056634]]
Peso 2:
[ 0.16250078  0.10021622  0.26607507  0.2312179  -0.07532455  0.13930175
 -0.07922056  0.03345582 -0.08921495 -0.02272863  0.29994097  0.00730648
  0.09407618]
Camada: saida
Peso 1:
[[ 0.8091208  -1.2896837 ]
 [ 0.7292479   0.11514977]
 [-1.3798811   0.7949554 ]
 [-0.5801381   0.9158097 ]
 [-0.34076503  0.55813855]
 [ 0.9874047  -0.7002365 ]
 [-0.41648158  0.15783754]
 [ 0.6620699   0.32172674]
 [-0.02227711  0.34068426]
 [ 0.358028    0.4630358 ]
 [ 1.085153   -1.3443745 ]
 [ 0.68488914 -0.05226861]
 [ 0.4471789  -0.43215021]]
Peso 2:
[-0.4330159   0.43301794]



pesos modelo: 
Test loss: 0.0001, Test accuracy: 1.0000
Camada: meio
Peso 1:
[[ 2.73661345e-01 -2.55251974e-01  3.15589696e-01 -3.17526758e-02
   3.22575301e-01  3.97660524e-01 -3.58685374e-01 -1.02344751e-01
   3.78852457e-01  3.45784128e-02  2.35917300e-01 -5.62117994e-02
  -2.04398334e-02]
 [ 2.76648015e-01 -1.16001822e-01 -3.94007206e-01  2.40104303e-01
  -3.57583880e-01 -5.47659248e-02 -4.50424373e-01 -3.65359671e-02
  -2.47914746e-01 -7.49572441e-02  4.43978995e-01 -1.17175378e-01
  -2.13396609e-01]
 [ 4.07013804e-01  3.84763956e-01  6.22767359e-02  4.52168673e-01
   2.82753885e-01  1.97911114e-01  5.96592128e-02 -1.17327750e-01
   2.59607226e-01  3.69545341e-01 -3.79232198e-01 -1.53750643e-01
  -2.50895619e-01]
 [-6.62903301e-03 -2.57696003e-01 -8.28606933e-02 -1.82422653e-01
   3.28173459e-01  3.11624706e-01  2.43628457e-01 -2.28191838e-01
  -2.21857443e-01 -2.64304817e-01  3.96322370e-01  4.58315372e-01
  -2.65911758e-01]
 [ 4.40424562e-01  3.14438790e-01  1.93693087e-01 -1.72747850e-01
   1.66952595e-01 -9.00661796e-02 -2.70443887e-01 -2.24548176e-01
   8.30669105e-02  4.73168850e-01 -3.75002921e-01  1.57325342e-01
   2.86709815e-01]
 [ 3.53065848e-01 -2.33222812e-01 -5.38294129e-02 -2.51334030e-02
   3.63357931e-01  6.76584616e-02 -2.46329457e-01 -2.96520889e-01
   6.68303221e-02  3.50850821e-01 -2.16156438e-01  2.95288384e-01
  -2.45402716e-02]
 [-5.14113531e-02  3.09355140e-01 -1.28481671e-01  8.79694615e-03
   6.06036372e-03  3.13404232e-01 -2.27597684e-01 -1.60097126e-02
   2.56514829e-02 -6.25040159e-02 -2.34839246e-01  3.51725399e-01
  -6.82996511e-02]
 [-2.03489184e-01  1.39936164e-01 -3.37260485e-01  1.42595306e-01
  -2.84391165e-01  5.65151088e-02  3.21933210e-01  1.20965280e-01
  -9.96637270e-02  3.07633340e-01  2.97972977e-01  3.55226576e-01
   2.93378830e-01]
 [-2.01374993e-01  3.80035281e-01 -6.61073700e-02 -1.08355105e-01
   3.40185225e-01  6.75567836e-02  3.29007983e-01  2.91134179e-01
   3.26411039e-01  4.12800908e-01 -3.19800049e-01  2.07827136e-01
  -4.00619447e-01]
 [-1.14272013e-02  1.00710042e-01  2.69823611e-01  2.66743004e-02
   2.12477535e-01  2.28049546e-01 -1.65369943e-01 -4.23040032e-01
  -1.63847387e-01 -2.88560361e-01 -2.60407537e-01  2.02720329e-01
   3.55584979e-01]
 [-1.16311654e-01  1.66302323e-01  1.99634641e-01 -1.70143679e-01
   8.47272426e-02  3.72235894e-01 -1.60040572e-01 -3.91145527e-01
   4.28779095e-01 -6.64166883e-02  2.81463265e-01  1.43861204e-01
   3.29719305e-01]
 [ 1.69862360e-01  2.35520452e-01 -3.91824961e-01  9.47632864e-02
  -1.36908084e-01 -1.34204868e-02 -1.37127563e-02 -3.72676164e-01
   1.59314483e-01  3.92824918e-01 -2.53360122e-01  7.91570991e-02
   2.20600352e-01]
 [-1.89947799e-01  5.33225872e-02 -1.38605893e-01  4.24483508e-01
  -3.07122082e-01  2.68722653e-01 -2.71851420e-01  1.86842337e-01
  -2.50394821e-01 -2.50963956e-01  2.52186090e-01  1.56890526e-01
   3.14480990e-01]
 [-3.93256068e-01  1.20991647e-01  2.64147311e-01 -7.10379332e-02
   2.94382870e-01  6.00470483e-01  5.45934699e-02 -2.84508526e-01
  -2.70267874e-01  2.91083723e-01  4.49138552e-01 -4.00943190e-01
  -2.95083791e-01]
 [ 6.66922554e-02 -2.62980968e-01  1.49476677e-01 -4.77956951e-01
  -4.43000287e-01  5.72576821e-01 -1.16370194e-01  3.79317403e-02
   1.72376007e-01  2.53584594e-01  1.41984448e-01 -4.04713452e-02
   1.57989115e-01]
 [ 4.55202669e-01 -4.99462485e-02  7.84839690e-02 -7.64098987e-02
   3.39707643e-01 -3.66258591e-01 -2.70873725e-01 -4.31064904e-01
   3.80245656e-01 -5.31564891e-01 -3.12257856e-01  5.05174696e-01
  -1.38004096e-02]
 [-9.48755220e-02 -3.80671769e-01  1.84525087e-01  4.25430745e-01
  -1.48459924e-02  8.46464515e-01 -1.98825300e-02  3.20586413e-01
   2.51475960e-01  7.24817634e-01 -3.60148460e-01 -4.01306301e-01
  -3.33701104e-01]
 [ 1.02811471e-01 -1.44369365e-03 -2.69285649e-01 -2.69062705e-02
  -1.93207171e-02 -6.68940246e-01  1.28218696e-01 -4.29337323e-01
   5.51877737e-01  8.41398761e-02  2.13767678e-01  1.86656684e-01
  -2.86036909e-01]
 [ 2.19463959e-01  6.48818672e-01  1.28153032e-02  9.82018530e-01
   2.28391573e-01 -1.65985620e+00 -1.73972145e-01 -4.27899361e-01
   1.22691846e+00 -9.77646947e-01  4.43539709e-01  1.27546716e+00
   9.49973166e-02]]
Peso 2:
[ 0.15626922  0.10817546  0.01313762  0.19234389  0.07176359  0.21631758
 -0.10671323 -0.01608645  0.18398736  0.23932546  0.05074299  0.29621503
 -0.00412282]
Camada: saida
Peso 1:
[[ 0.66254324 -0.04879281]
 [ 0.75113374 -0.11547557]
 [ 0.05643567  0.27422392]
 [ 0.8879918  -0.45132586]
 [-0.14622322 -0.7168216 ]
 [-1.4390225   1.4238733 ]
 [ 0.496428    0.01591565]
 [-0.09004958 -0.1710792 ]
 [ 0.2970051  -1.3840369 ]
 [-1.0757288   0.6906363 ]
 [ 0.35232806 -0.09241159]
 [ 1.2979745  -0.71766454]
 [-0.01457507 -0.06926946]]
Peso 2:
[ 0.04820561 -0.04820258]



pesos modelo: 
Test loss: 0.0002, Test accuracy: 1.0000
Camada: meio
Peso 1:
[[ 2.73620218e-01  2.35905856e-01 -4.73746955e-02 -4.31264341e-02
  -2.94093728e-01 -1.13225341e-01 -3.64264876e-01  3.48638505e-01
   2.01130122e-01  1.31466717e-01  1.91330314e-02  3.81764680e-01
  -3.55050981e-01]
 [-3.89078297e-02 -3.37545037e-01 -3.54892105e-01 -2.17236057e-01
   2.69728661e-01 -3.19559276e-01 -4.22275633e-01 -6.73687160e-02
   3.03095430e-01 -2.89901849e-02  1.08217075e-01  7.18163848e-02
   7.83049390e-02]
 [ 5.02497554e-02 -1.55716345e-01  1.81610271e-01 -4.03483152e-01
  -1.24078833e-01  3.33073825e-01 -1.21627748e-01 -2.97972828e-01
  -3.56636971e-01  2.23147437e-01 -2.77012438e-01  8.86587054e-02
  -2.79198699e-02]
 [ 2.82522023e-01  3.13341439e-01 -3.39901507e-01  1.86032653e-01
   1.83679853e-02 -1.78214118e-01 -8.23423341e-02 -3.92913073e-01
   3.06985885e-01  2.70845592e-01 -2.17464566e-01 -3.02427948e-01
   4.38833423e-02]
 [ 8.25981721e-02  1.11767255e-01  1.58352241e-01 -2.95896739e-01
  -3.75325829e-01  3.41034889e-01 -5.20435087e-02  4.62131351e-02
   2.25458100e-01  2.70875543e-01 -8.07305519e-03  3.29981856e-02
  -1.96511224e-01]
 [ 6.81356639e-02 -5.57852015e-02  9.98384804e-02  1.54986054e-01
   2.95031250e-01 -3.28367472e-01 -1.35579929e-01  4.75812815e-02
   3.09459902e-02 -1.05465569e-01  3.90665680e-01  2.39925697e-01
   1.25059977e-01]
 [-1.00733554e-02  2.16753274e-01 -3.29481453e-01  3.72465938e-01
  -1.41777009e-01 -1.57664105e-01  1.69315934e-01  2.44081363e-01
  -2.01209396e-01 -1.38609022e-01 -1.97502434e-01  2.85807133e-01
  -8.30011517e-02]
 [ 2.04762235e-01  2.16695786e-01  3.19730878e-01  3.57761562e-01
  -3.75468105e-01 -6.27593324e-02 -2.06955239e-01 -4.02462006e-01
  -2.12664932e-01 -1.19396932e-01 -2.66606398e-02  3.50697339e-01
   3.36297750e-01]
 [ 2.99031764e-01  1.92913413e-01 -5.37693463e-02 -1.14903502e-01
  -7.77393654e-02  3.25813621e-01 -4.43395913e-01  5.19069247e-02
  -4.53573354e-02  7.92781636e-02 -2.49712422e-01  1.43785313e-01
   3.31774533e-01]
 [ 2.75258243e-01  1.24329992e-01  3.92691344e-01 -1.11548245e-01
  -5.33492602e-02  2.71449536e-01  5.76224104e-02 -1.91836447e-01
   2.31737509e-01  3.54885131e-01 -1.91867843e-01 -1.30155265e-01
  -4.51180735e-04]
 [ 2.60344952e-01  2.83597678e-01  8.21579397e-02 -4.14336532e-01
  -3.51671040e-01  2.26488467e-02 -2.43164346e-01  1.72755241e-01
  -2.45982692e-01  8.75654146e-02  3.49971741e-01  2.00798690e-01
   7.24044219e-02]
 [ 3.08909267e-01 -2.04771414e-01  2.82315940e-01 -2.85450041e-01
  -6.68090507e-02 -9.91814584e-02 -3.22293490e-01  2.00196624e-01
  -5.04535884e-02  1.81097835e-01 -3.52270566e-02 -2.07566738e-01
   3.88401747e-01]
 [ 9.04473662e-02  4.51442063e-01 -3.78821075e-01 -7.59390071e-02
  -8.12851824e-03 -3.29791307e-01  2.54366368e-01 -1.27264333e-03
  -2.94024348e-01 -1.50149554e-01  4.04156506e-01 -1.18756123e-01
  -1.35609070e-02]
 [-3.49546164e-01  5.11959434e-01 -1.05782479e-01 -2.40440607e-01
   7.78859630e-02 -9.76913124e-02 -5.91719374e-02 -3.42297614e-01
  -1.87461928e-01  2.56331027e-01 -1.04756355e-02  1.45555198e-01
   6.88157678e-01]
 [-3.72426838e-01  3.27902853e-01  3.60800415e-01 -1.24685645e-01
  -1.44829527e-01 -1.83512256e-01 -2.58606613e-01  1.95568040e-01
   7.07023963e-02  6.55779183e-01  3.71077836e-01  3.79482985e-01
   4.88188475e-01]
 [ 4.73700792e-01 -5.23097694e-01 -2.12774485e-01 -2.35287696e-02
  -1.32637769e-01 -9.13666561e-02 -2.21391674e-02 -4.16366577e-01
  -2.23330036e-01 -5.97477913e-01 -2.23894909e-01  4.20915812e-01
  -2.55753070e-01]
 [-1.89478055e-01 -5.33777522e-03 -2.89819896e-01 -4.02997397e-02
  -2.39094734e-01  3.37427646e-01 -4.47682887e-02 -1.69275254e-01
  -6.46506622e-02  7.39526212e-01  4.02168542e-01  3.31236273e-02
   5.53818107e-01]
 [ 8.67970586e-01 -5.93281761e-02 -8.98162797e-02  1.19045548e-01
   1.23281740e-01  3.27653646e-01  1.55125633e-01  4.00873035e-01
  -3.45328361e-01 -1.15367033e-01  3.12522739e-01  3.44305307e-01
  -4.99872565e-01]
 [ 2.20869994e+00 -3.55261981e-01 -4.26716000e-01 -1.41492039e-01
  -3.40669721e-01 -9.95041579e-02  2.67998368e-01  2.15145513e-01
  -1.50276750e-01 -9.96805310e-01  1.09854457e-03 -2.91378528e-01
  -1.22611523e+00]]
Peso 2:
[ 4.5550188e-01 -2.0609729e-02  2.6402764e-02 -1.7303886e-02
  3.7868775e-04 -2.9830301e-02 -1.1744887e-01  3.3166464e-02
  1.3418583e-02  9.0492651e-02  8.6404599e-04 -5.6338282e-03
  1.3342515e-01]
Camada: saida
Peso 1:
[[ 1.6714094  -1.7834216 ]
 [-0.58307475  0.41134706]
 [-0.5516264  -0.33639646]
 [-0.32272056 -0.16110657]
 [-0.5702012  -0.5485688 ]
 [-0.34060216 -0.5548008 ]
 [-0.34338307  0.31200352]
 [ 0.34103832  0.11581758]
 [-0.06171823  0.12638716]
 [-1.230343    0.73009044]
 [ 0.02597971  0.29304847]
 [ 0.50509965  0.6173512 ]
 [-0.9188196   1.2491709 ]]
Peso 2:
[ 0.18824126 -0.18824087]



pesos modelo: 
Test loss: 0.0001, Test accuracy: 1.0000
Camada: meio
Peso 1:
[[-0.2165878  -0.07370272 -0.35933536  0.3871245  -0.38029706 -0.39657414
  -0.34942737 -0.17568985  0.42264757  0.04785568  0.05222216 -0.09535488
   0.11672047]
 [-0.149708    0.45087788  0.3112154  -0.3232885   0.00396817 -0.12663606
   0.05796834 -0.17533457  0.24824515  0.05069643  0.18593733 -0.1509468
   0.15429114]
 [-0.40510195  0.301896    0.25254875 -0.4075349   0.4100436   0.33017474
  -0.00576933  0.12558423  0.40373126  0.00721952 -0.0651538  -0.17204352
   0.13465224]
 [ 0.13718508 -0.13098395  0.00903884 -0.09021521  0.0735247   0.08216008
   0.0606644   0.07762975 -0.34298298 -0.13197482 -0.18503006 -0.1979427
   0.2615844 ]
 [-0.35946074 -0.1697321   0.20345402  0.16824843  0.1973309   0.13971709
  -0.03096961 -0.25666562 -0.25844285  0.11748898  0.46694508 -0.31916994
  -0.41884312]
 [-0.15580983 -0.21733147 -0.09643766 -0.29023173 -0.2227009   0.17055191
  -0.07942172  0.3366819  -0.07262382  0.2717946  -0.1061506  -0.14356989
   0.10847905]
 [-0.18836376 -0.05396608  0.4218026   0.0221631   0.20787606  0.36924556
   0.33885878  0.05680024 -0.22900045  0.13115267  0.33977574 -0.2175006
  -0.09399045]
 [ 0.35977158 -0.22222053  0.04051884 -0.14565556  0.22763713  0.2362116
   0.00257169 -0.424147   -0.10361504 -0.11452001 -0.20818266 -0.31813577
  -0.43940017]
 [ 0.06215624  0.17275728 -0.34731445 -0.16946585  0.29206395 -0.12454768
  -0.28474137  0.15418826 -0.12575518 -0.16101395  0.1511171   0.10978257
  -0.23298922]
 [-0.3387066   0.4259685   0.16745256  0.37875918  0.10394434  0.5159043
   0.29122466 -0.2891647  -0.1173295   0.23373044 -0.12418105 -0.09795105
   0.04023891]
 [ 0.35302553  0.2220914   0.22897236  0.14360648  0.2518006   0.15327604
   0.14489856 -0.123129    0.42108053  0.10604741  0.39307582  0.23263787
  -0.16745211]
 [-0.24699447 -0.13689336 -0.2589107  -0.09601364  0.1095817   0.15228783
   0.07403434 -0.12169863  0.09711591  0.1126537   0.26989785 -0.4028395
  -0.01444742]
 [ 0.12504947 -0.23080762 -0.32321817 -0.05401278 -0.13528964  0.3737845
   0.3405639  -0.4194507   0.39895862  0.35609043  0.31210545 -0.3552823
   0.12172572]
 [-0.21890046 -0.2201988  -0.02630483  0.18678844  0.5099967  -0.06107263
   0.5119654  -0.07490803  0.08431874  0.52633256 -0.3469264  -0.1635882
  -0.32597667]
 [ 0.01480408  0.16776621 -0.26740023 -0.19492473  0.6853275  -0.37535664
   0.2299416   0.1743035   0.02969102  0.4993045   0.2682979  -0.1329247
  -0.27289733]
 [ 0.2556002  -0.04599231 -0.09647617 -0.33688852 -0.45356646  0.83613116
  -0.0735466   0.13128306  0.06651603 -0.45979592  0.5076201   0.28231454
  -0.2247433 ]
 [-0.03871667 -0.02782667 -0.02056109 -0.3198891   0.4598192  -0.00819654
   0.2005638  -0.20278344 -0.23956431  0.7832226  -0.19512433 -0.16654438
   0.21247973]
 [ 0.43388024  0.41338128 -0.2610625   0.27210075 -0.509716    0.4137109
   0.02497643 -0.24268499  0.1056671  -0.426343    0.42785904  0.09448628
  -0.27728325]
 [-0.32533216  0.46069354  0.16125506 -0.354468   -1.3435315   1.4706894
  -0.885405   -0.05715219  0.38375685 -1.3991395   0.6285688   0.2853881
  -0.3027557 ]]
Peso 2:
[ 6.24255510e-03  1.11667275e-01  2.04136986e-02 -8.76655988e-03
 -2.00486574e-02  3.91716808e-01  1.17031790e-01  5.48672760e-05
  6.64539188e-02  1.68680042e-01  2.23225042e-01 -3.35627496e-02
 -1.56783924e-01]
Camada: saida
Peso 1:
[[ 0.56907     0.481859  ]
 [ 0.63863933  0.00988597]
 [-0.4170761  -0.6418765 ]
 [-0.5480581  -0.13870709]
 [-1.0280296   1.1845342 ]
 [ 1.2495208  -1.2455308 ]
 [-0.9405629   0.4618298 ]
 [-0.35127425 -0.33560196]
 [ 0.11693077 -0.29836845]
 [-1.3457164   1.2735927 ]
 [ 0.18239458 -1.0136422 ]
 [-0.50598264 -0.05123133]
 [ 0.5405047  -0.58455306]]
Peso 2:
[ 0.41205335 -0.41205084]



pesos modelo: 
Test loss: 0.0002, Test accuracy: 1.0000
Camada: meio
Peso 1:
[[-2.65487432e-01  3.35748106e-01 -3.30233634e-01 -2.83777535e-01
   3.10674697e-01 -4.03514743e-01 -3.92368495e-01  1.90835327e-01
   1.34169489e-01 -8.07982683e-03 -2.05439821e-01  1.42841429e-01
   8.56246650e-02]
 [ 1.03758059e-01 -9.70961824e-02 -3.00099105e-01  4.03999463e-02
  -8.10488835e-02  1.70524329e-01  3.18497717e-01  4.80919302e-01
  -1.05472311e-01  4.22966592e-02  7.68728629e-02 -3.23471040e-01
  -3.32307786e-01]
 [ 1.72473103e-01  1.18006423e-01  3.38395238e-01  4.60321486e-01
  -1.38411850e-01 -1.75202161e-01  3.78217518e-01 -2.22756624e-01
   1.03402570e-01  2.32719526e-01  1.61521256e-01 -2.99637944e-01
   3.27602744e-01]
 [-2.54917681e-01  2.67365068e-01  2.64364988e-01 -1.19322456e-01
   8.71994067e-03 -4.89566587e-02 -3.33628416e-01 -3.30451578e-02
  -6.80670887e-02 -6.29902584e-03  1.19159631e-01 -2.45298013e-01
   4.33480069e-02]
 [ 2.91384935e-01  1.14823822e-02  2.30208412e-01 -1.58405736e-01
   3.33172441e-01 -1.19889446e-01 -2.15584040e-01  2.15032194e-02
   4.16780740e-01  4.82654691e-01 -2.23485276e-01 -4.05038327e-01
  -3.43302190e-01]
 [-2.25551814e-01  3.29728037e-01 -2.30577618e-01  3.74346823e-02
   2.79402435e-01 -2.19898313e-01 -7.70164877e-02  1.14247352e-01
   8.48391205e-02  4.26514953e-01 -6.77061602e-02 -2.71512121e-01
   2.32261270e-01]
 [ 4.18284237e-01  5.35783827e-01 -3.00438702e-01 -1.22256473e-01
   1.74007773e-01 -6.76867813e-02  8.75602961e-02  2.27354884e-01
  -2.55700022e-01 -1.37788922e-01  2.11253136e-01  3.01101565e-01
  -1.33326590e-01]
 [ 1.07146360e-01 -3.35170239e-01 -8.36240649e-02  1.09553017e-01
  -1.73480898e-01  1.21440515e-01 -2.91120484e-02  9.27211493e-02
   4.06904459e-01  2.14237481e-01 -9.12185758e-02 -2.84580022e-01
   3.95587504e-01]
 [-3.55991274e-01 -3.26285392e-01  3.77251148e-01  3.79836380e-01
  -7.11091934e-03 -8.24443474e-02 -3.41705978e-01 -7.56459385e-02
  -6.72635883e-02  3.02727252e-01 -1.42232239e-01 -1.85243398e-01
  -1.46598920e-01]
 [-2.05939338e-01 -9.50853825e-02 -4.23317067e-02  2.22275198e-01
  -5.87629341e-02  1.42263278e-01  4.94004637e-01 -3.57457578e-01
   3.86646122e-01  3.28671664e-01  3.54762852e-01 -2.08882645e-01
   3.38699251e-01]
 [-4.36680764e-01  7.63716549e-02  1.22522190e-01 -3.44458133e-01
   1.70534160e-02 -1.83369592e-01 -3.55825126e-01  2.52116621e-01
  -3.11238378e-01 -9.09717660e-03  8.43830183e-02  3.65495503e-01
  -2.03144729e-01]
 [-4.31966454e-01 -6.95836172e-02 -3.05699646e-01  2.12527886e-01
   2.38289118e-01  3.95943165e-01  8.77670124e-02 -1.79030687e-01
   2.20907107e-02  5.95837086e-03  7.09607899e-02 -3.03223819e-01
  -4.23415005e-01]
 [ 4.60608080e-02  8.69529024e-02 -2.92494982e-01  3.60807210e-01
   8.24413076e-02  3.86779368e-01  2.12911129e-01 -1.32854376e-03
   1.89046621e-01  1.12189464e-02  1.04553342e-01  2.62152255e-01
  -2.82230496e-01]
 [-5.26185296e-02 -8.45822413e-03 -4.20434237e-01  1.76498592e-02
  -2.38403052e-01  2.04871103e-01  4.64345187e-01  2.39572972e-01
  -3.58599946e-02  8.70919287e-01 -3.40117812e-01 -1.46431953e-01
  -4.17756140e-02]
 [ 2.26838335e-01  4.36831713e-01 -6.95177391e-02 -2.80235201e-01
  -9.49529782e-02  7.14381993e-01 -3.55942957e-02 -5.26825851e-03
  -3.50721896e-01  2.60939866e-01 -2.07414441e-02 -3.99744332e-01
  -1.68691725e-02]
 [-2.63972461e-01 -8.71867239e-02  5.47543354e-02  4.33925301e-01
   3.34775150e-01 -1.25314593e-01 -8.45951810e-02  2.59569377e-01
   6.26556993e-01 -4.24035192e-01  6.20340891e-02  2.78790832e-01
  -2.28858933e-01]
 [-2.60243237e-01  6.75824523e-01 -2.29219034e-01 -6.32895753e-02
  -2.45411590e-01  8.12455237e-01  8.52252170e-02 -2.03164309e-01
   1.62061438e-01  4.97055173e-01  3.67695652e-02 -3.28185320e-01
  -1.72495067e-01]
 [-2.88926929e-01 -1.62623063e-01 -2.34192088e-01  1.77648619e-01
   7.70436108e-01 -2.66709030e-01  3.53546161e-03  2.13613175e-02
   1.43828556e-01 -5.43939695e-02  3.65130991e-01  4.09551799e-01
   3.07909071e-01]
 [ 1.31184950e-01 -1.67197779e-01 -1.07768118e-01  7.34391332e-01
   1.28131628e+00 -7.25873291e-01 -2.81093955e-01  7.54569113e-01
   9.57973659e-01 -1.01110685e+00  1.60373282e+00 -2.06011999e-03
  -8.26969594e-02]]
Peso 2:
[-0.06396113  0.10150687  0.01708053  0.13457708  0.48238775  0.28664774
  0.09635475  0.08691957  0.21865542  0.16687357  0.23461652  0.01512114
 -0.02641359]
Camada: saida
Peso 1:
[[-0.43355116  0.32027972]
 [-0.7279466   0.27185827]
 [ 0.20715907 -0.09261508]
 [ 0.47110885 -0.6915893 ]
 [ 1.0810846  -1.0093617 ]
 [-1.0575933   0.84780264]
 [-0.03648574  0.63097274]
 [ 0.5676034  -0.42760006]
 [ 0.91678846 -0.765464  ]
 [-1.0405368   0.9625884 ]
 [ 1.098612   -1.1543492 ]
 [ 0.13475306 -0.55216223]
 [ 0.28456515  0.49778825]]
Peso 2:
[-0.11543033  0.11542984]



pesos modelo: 
Test loss: 0.0002, Test accuracy: 1.0000
Camada: meio
Peso 1:
[[ 3.52974743e-01 -2.68755853e-01 -3.30702841e-01 -7.58975744e-02
   2.02964276e-01 -2.46625602e-01 -1.66204542e-01  2.22174555e-01
  -3.01781267e-01  1.85656279e-01  8.42077434e-02  2.81468123e-01
   1.44979030e-01]
 [-9.95470434e-02  1.72945783e-01 -3.86461467e-01  4.44429785e-01
   2.19223291e-01  1.65643901e-01 -2.12446868e-01 -2.99715519e-01
   3.67130041e-01  2.09330067e-01 -3.74400139e-01 -4.08876181e-01
   1.87147126e-01]
 [ 4.08643782e-01  1.90683365e-01  2.16094613e-01 -3.94365132e-01
   1.16979934e-01  8.37411061e-02  4.76584993e-02  8.80186036e-02
   1.86309651e-01  1.23941332e-01 -1.46972686e-01  3.54065709e-02
  -2.31721818e-01]
 [ 8.22064653e-03 -2.35539407e-01  2.73356766e-01 -3.74994367e-01
   2.09291339e-01  3.50942202e-02 -2.15981781e-01 -1.79177120e-01
  -2.49349102e-01 -8.75873864e-02 -3.23481172e-01 -8.76188427e-02
   2.87806690e-01]
 [-1.57681853e-01  1.73070654e-03  2.31389448e-01  2.92455852e-01
  -3.90702844e-01  3.43811929e-01  2.48750091e-01 -2.01582059e-01
  -3.05314541e-01  2.11611465e-01 -2.99180508e-01  3.39336187e-01
  -1.89229563e-01]
 [ 3.71877939e-01 -2.31764372e-02  9.94291976e-02  2.26791084e-01
  -4.08034921e-01  1.00184828e-01  1.07635528e-01 -2.55882263e-01
  -1.19595481e-02 -5.26135862e-02 -1.71036199e-01 -1.69892743e-01
   2.60988086e-01]
 [ 4.27349508e-02  1.84132412e-01 -7.41341710e-02  1.09706357e-01
  -1.14218324e-01 -7.51550570e-02 -2.81415612e-01 -4.77365330e-02
   1.68434739e-01 -4.11847495e-02  6.93280101e-02  1.05857044e-01
  -2.40046903e-01]
 [-3.71757984e-01  2.02960540e-02 -2.48864651e-01 -2.74836212e-01
   1.40177384e-01  2.30842493e-02 -4.59526986e-01  3.98461212e-04
   1.39186472e-01  8.19887817e-02  3.29754621e-01 -7.35953376e-02
   4.67843890e-01]
 [ 2.82925904e-01 -3.45133305e-01 -3.27016473e-01  1.46260425e-01
  -8.23886767e-02  2.83083260e-01  1.30640894e-01  2.48207599e-01
   1.25975892e-01  2.86988556e-01 -1.86286315e-01 -4.92359921e-02
  -1.11697838e-01]
 [-1.16384037e-01 -3.23282508e-03  1.91172808e-01 -1.96572408e-01
   1.33295313e-01  1.71749562e-01 -2.11499244e-01  6.75963908e-02
  -2.11872563e-01  1.21224888e-01  1.51390404e-01 -2.34575078e-01
  -1.20049775e-01]
 [ 3.65160078e-01  3.18940371e-01 -3.29163522e-01  4.03434068e-01
  -2.06039608e-01  1.12537228e-01  2.31483325e-01 -3.94248515e-01
   1.31171286e-01  1.06980704e-01  2.84542799e-01  2.13657051e-01
  -5.80969974e-02]
 [ 3.55702341e-02 -3.26941937e-01  1.43634334e-01 -2.83995390e-01
   2.43442059e-01 -1.75781533e-01 -3.66694748e-01  1.95303839e-02
   1.00284308e-01 -1.77392319e-01  1.72418654e-02  1.66240856e-02
   1.39495268e-01]
 [-8.22726712e-02 -2.38625407e-01  2.43267968e-01 -3.82392973e-01
  -3.17420065e-01  1.18735492e-01  8.53072777e-02 -3.63771826e-01
  -1.27212211e-01  1.51700854e-01 -2.36823127e-01  5.02407588e-02
  -8.88579711e-02]
 [-2.50969455e-02 -6.38562813e-02 -7.40036815e-02 -1.44886151e-01
  -2.66869813e-01 -3.01141068e-02  1.51022911e-01  6.24331972e-03
   1.14908673e-01  1.10269547e+00  8.84863511e-02 -2.21696839e-01
   5.13359532e-02]
 [-7.78305344e-03 -2.13413686e-01  1.68014914e-01  2.44492546e-01
   7.24249333e-02 -1.90196648e-01 -2.84411795e-02 -1.03728689e-01
   2.18953237e-01  8.75402808e-01 -3.22535187e-02 -3.40501219e-01
   3.78941923e-01]
 [-1.48021266e-01 -5.63444309e-02 -4.32689428e-01 -2.75366813e-01
  -2.40592867e-01  3.20879340e-01  1.55908354e-02 -8.72586593e-02
   4.91841659e-02 -8.40987384e-01 -4.15328801e-01  1.10840790e-01
   1.92075327e-01]
 [ 3.84357929e-01 -1.31150693e-01  9.77211744e-02  4.60621953e-01
  -3.02691013e-01 -4.24698532e-01 -2.23761693e-01  9.47437808e-03
   7.99736232e-02  6.66852534e-01 -2.04541698e-01  1.97573319e-01
   1.37129322e-01]
 [-1.83501139e-01 -1.76943943e-01 -7.48695284e-02 -4.41305369e-01
   6.81672394e-02  6.67536795e-01 -2.08019152e-01 -2.24179551e-01
   2.87529409e-01 -5.75076282e-01 -3.36296290e-01 -5.30461855e-02
  -4.16618764e-01]
 [-1.85807288e-01 -2.91230172e-01 -3.13135415e-01 -1.69891771e-02
  -9.11334753e-02  2.17181301e+00 -2.46480614e-01  3.78993362e-01
   7.76840031e-01 -1.48184919e+00 -3.44340742e-01 -2.47521967e-01
  -4.85355228e-01]]
Peso 2:
[ 0.01169635  0.01108475  0.08601249  0.05476078 -0.21148033  0.4970935
 -0.21882021 -0.02029151  0.06304477  0.11634769  0.00399935 -0.10095058
  0.14070824]
Camada: saida
Peso 1:
[[-0.09552823  0.29412076]
 [ 0.16681054  0.49006885]
 [ 0.1321884   0.56266844]
 [-0.07097568  0.343231  ]
 [-0.42150274  0.42866164]
 [ 1.5783693  -1.5704976 ]
 [ 0.49304238 -0.3639147 ]
 [-0.4350613  -0.383907  ]
 [ 0.8310442  -0.05775148]
 [-1.6564152   1.5401461 ]
 [ 0.1543981   0.21847689]
 [-0.44155926 -0.02291221]
 [-0.17368668  0.5578159 ]]
Peso 2:
[ 0.2289233  -0.22892198]



pesos modelo: 
Test loss: 0.0002, Test accuracy: 1.0000
Camada: meio
Peso 1:
[[-0.08959162 -0.2413493  -0.38402078 -0.08203158 -0.13146505  0.01297954
   0.11378703  0.17960736 -0.29991895 -0.08726794 -0.23683624 -0.3521282
  -0.01842391]
 [-0.42106032  0.03374754  0.16301066  0.21910344 -0.02262291 -0.02769148
   0.10000055 -0.36498633  0.1423129  -0.22590369  0.07747861 -0.00512102
  -0.25401637]
 [-0.279896    0.45333794 -0.08343064  0.19576581  0.3358935   0.01724151
   0.35468498  0.39409396 -0.05876699 -0.21105558 -0.00516676 -0.29103923
   0.38574192]
 [-0.1695513   0.27003157 -0.1639055  -0.01614145  0.09341773 -0.10710962
  -0.34554514  0.23294401 -0.35596713  0.02659404 -0.39637133 -0.36135542
  -0.12970732]
 [ 0.4032852   0.11434743 -0.04235366  0.33845592  0.08445603 -0.23851223
   0.07224992  0.08939862 -0.2782691   0.15435499  0.07213559 -0.2256387
   0.31617835]
 [ 0.12708971  0.26866585  0.3168919   0.44839278  0.02740417  0.03204617
  -0.08782826 -0.40903077  0.20326777  0.30591643 -0.4287514  -0.41719472
   0.410516  ]
 [ 0.22267598  0.39425287  0.28651148  0.26565626  0.28876713  0.3622175
   0.00895209 -0.25173065  0.13980202  0.3863152  -0.01081865 -0.05516249
  -0.20405038]
 [ 0.18299195 -0.22406189 -0.13473396 -0.381906   -0.02951238  0.24890271
  -0.24619365 -0.05397145 -0.3646605  -0.27670866 -0.08689018 -0.4193234
  -0.36313936]
 [-0.38540384 -0.04789009  0.27824932  0.45887795 -0.10128542 -0.1390109
  -0.21604013 -0.38010362 -0.0725705  -0.39462584 -0.2938571  -0.30595437
   0.05145011]
 [ 0.3383373  -0.10922188  0.02943249 -0.07768839  0.11303766  0.25178772
   0.23712786  0.4288584  -0.27366924 -0.40189114 -0.08728597  0.05248059
  -0.27960923]
 [ 0.2505519   0.29725027 -0.03802267 -0.24026775  0.1283738   0.29067817
  -0.27392665  0.12158312  0.16929011 -0.42256427 -0.19581358  0.03364637
  -0.335909  ]
 [ 0.3200452  -0.25207037  0.2798032   0.22559656  0.02993269  0.20918803
   0.17367584  0.06598915  0.0512093  -0.3113767   0.2929458  -0.4205159
   0.32111767]
 [ 0.01223157  0.0297273  -0.21263199 -0.14918189  0.36513942  0.22889638
  -0.23494282  0.11893989  0.10071935  0.13100353 -0.04477932 -0.37403402
  -0.04263437]
 [-0.31917167  0.00635503  0.84369737 -0.01448177  0.75507504  0.12743224
   0.35285097  0.09309478  0.20225906 -0.25503778 -0.3088682  -0.32065818
   0.03589836]
 [-0.2279567  -0.28235057  0.77381694 -0.05989508  0.18219212 -0.42761672
  -0.09484585  0.01370421  0.2382861  -0.01937661 -0.08290779  0.13645026
  -0.28593355]
 [-0.15553468  0.20314409 -0.16039409  0.22759692 -0.5510417   0.7913093
  -0.23638672 -0.12950641 -0.18991263 -0.36646354  0.30538288 -0.26080322
  -0.15858696]
 [-0.05146179 -0.38764226  0.77005666  0.08606514  0.7344366   0.02826306
  -0.2842033   0.04769226 -0.46821666  0.25148013  0.3776938   0.04249458
   0.12435031]
 [-0.20991261 -0.3933825  -0.29023665  0.4746178  -0.43986192  0.78767705
  -0.27029943 -0.2510688  -0.3269687  -0.40974224  0.14567599 -0.3179115
  -0.35185498]
 [-0.38651732  0.09195185 -1.4469534   1.3834329  -1.2747513   1.1449728
  -0.05616993  0.381977   -0.21833077  0.09073997 -0.18950133 -0.12191167
  -0.30079466]]
Peso 2:
[ 0.01396543  0.06338345  0.09205903  0.24545348  0.12170909  0.31821603
  0.0013831   0.02927615 -0.02213915  0.00384234  0.01445542 -0.0003296
  0.04656498]
Camada: saida
Peso 1:
[[ 0.18280561  0.5196411 ]
 [-0.42583832 -0.81941825]
 [-1.3598223   1.3202183 ]
 [ 1.146555   -1.0747677 ]
 [-0.9256092   1.3478177 ]
 [ 1.1103516  -1.20331   ]
 [ 0.26786813  0.2924519 ]
 [ 0.3096547  -0.11763254]
 [ 0.19552444 -0.00559364]
 [ 0.39460272  0.14782386]
 [ 0.30537152  0.01691628]
 [-0.41452774  0.08247788]
 [-0.1817867   0.22610107]]
Peso 2:
[ 0.18612872 -0.18612759]
