


pesos modelo: 
Test loss: 0.2604, Test accuracy: 0.8920
Camada: meio
Peso 1:
[[ 1.84449255e-01 -2.41314292e-01 -5.19485176e-02  3.61227810e-01
   2.29627728e-01  4.79996204e-02 -3.59929919e-01 -3.71293753e-01
   6.15228415e-02  1.86669052e-01]
 [-2.42378056e-01  7.14209676e-03  1.66109383e-01  7.87651539e-02
   4.26110923e-01 -3.93787235e-01 -3.36481690e-01  2.06430852e-01
  -1.76578164e-01 -1.20018512e-01]
 [-2.19168916e-01 -3.09273899e-01  3.26120794e-01  1.08859837e-02
   2.27766693e-01 -4.16043669e-01  7.36050010e-02  2.08149433e-01
   2.89552093e-01  3.40983927e-01]
 [-2.80408472e-01  1.68165684e-01 -1.95860043e-01 -1.98242560e-01
  -2.17519641e-01 -4.85014729e-02 -7.27990195e-02 -2.86423385e-01
   2.05401108e-01 -1.36383966e-01]
 [-3.46409678e-01 -4.30144280e-01  8.18024296e-03 -3.67966682e-01
   1.63898185e-01  1.20913707e-01  1.06177405e-01  2.11335689e-01
   1.98462397e-01  3.24759364e-01]
 [-1.58690792e-02 -1.39381494e-02  4.21572506e-01 -2.24578559e-01
  -1.67828262e-01  2.40081310e-01  9.08785015e-02 -1.91582814e-01
   1.19755611e-01  1.15811631e-01]
 [-5.10475859e-02  1.36869073e-01  2.12565899e-01 -5.57814986e-02
   1.46737114e-01  1.18976228e-01 -1.35084480e-01  5.92963547e-02
   1.84821755e-01  2.92022526e-01]
 [ 1.19799845e-01 -3.35759103e-01  3.51323187e-01  2.64863461e-01
  -4.02458459e-01  6.73923939e-02 -1.22952305e-01 -1.87935352e-01
  -2.33869046e-01  4.68258828e-01]
 [ 1.85014799e-01 -1.82217360e-01 -1.99840426e-01 -3.10513258e-01
  -2.63096541e-01  5.67104528e-03  2.96795875e-01  8.23020339e-02
  -2.11711094e-01  4.05982554e-01]
 [-1.01990081e-01 -2.64049709e-01  2.22143576e-01  1.44150376e-01
  -2.01777034e-02  3.75394195e-01  6.43374845e-02  3.64384413e-01
   1.30956090e-04  2.57381439e-01]
 [-2.61710376e-01  1.21630564e-01  3.41263711e-02  2.49732241e-01
  -2.90364653e-01  3.69199395e-01 -3.27468887e-02  3.26972038e-01
   4.10325468e-01  3.65520529e-02]
 [ 1.20042562e-01 -1.76565442e-02 -6.14024922e-02  7.92207494e-02
   1.99220687e-01  3.41007680e-01  1.10961564e-01  2.48001330e-02
  -1.09476410e-02 -1.66199788e-01]
 [ 3.81419390e-01 -1.42769933e-01 -2.70159334e-01  1.18627228e-01
   3.88320386e-01 -2.15317495e-02 -8.14325064e-02  2.95528591e-01
  -4.00433898e-01  3.00012976e-01]
 [-2.61297971e-01 -4.13516402e-01  4.47126150e-01  3.17679107e-01
  -4.27977294e-01  3.30246717e-01  3.27107340e-01  3.47393632e-01
   2.86130100e-01 -4.73542929e-01]
 [-3.14957082e-01 -7.01550916e-02  5.49005508e-01 -1.74011931e-01
   2.14616507e-01  1.62990466e-01  1.76539987e-01  5.37175894e-01
   3.49136174e-01  3.38817507e-01]
 [-1.12891071e-01  3.01029265e-01 -1.60433397e-01 -5.73187508e-02
  -2.06986576e-01  6.71844184e-01  1.85419694e-01 -2.64845818e-01
  -1.42342284e-01  5.61498046e-01]
 [ 3.98676485e-01 -2.08692506e-01  1.38320044e-01  9.58820432e-02
   8.15020967e-03 -6.91672266e-02 -1.06828116e-01  3.50758225e-01
   4.54315208e-02 -2.23358929e-01]
 [ 4.60078388e-01 -5.42201139e-02 -4.54026163e-01  6.21301942e-02
   1.26223370e-01  5.33261895e-01  1.10330805e-01 -6.95146918e-02
   3.26398373e-01  4.46790665e-01]
 [-2.84627885e-01  1.55046284e-02  1.31267476e+00  7.38356495e-03
   8.64543542e-02 -1.65363848e+00  8.29745412e-01  1.21731329e+00
  -2.38517314e-01 -6.56712830e-01]]
Peso 2:
[ 0.03721598 -0.01413523 -0.24053474  0.01916813  0.02082155  0.83829564
 -0.06917678 -0.36401924  0.0430574   0.49670035]
Camada: saida
Peso 1:
[[-0.33304805 -0.10318911]
 [ 0.3144059   0.13989519]
 [ 1.2125726  -0.7748494 ]
 [ 0.30916026  0.50363725]
 [-0.28367823  0.71171373]
 [-1.3575418   1.6015204 ]
 [ 1.0740346   0.18933548]
 [ 1.2496848  -0.7169434 ]
 [ 0.11315649  0.44013032]
 [-0.8770004   0.93951476]]
Peso 2:
[-0.37055108  0.3705512 ]



pesos modelo: 
Test loss: 0.6192, Test accuracy: 0.7980
Camada: meio
Peso 1:
[[-3.23474348e-01 -3.38455737e-01  3.88387144e-02  7.85547495e-02
  -8.80191028e-02  2.80663013e-01  2.96051383e-01 -4.47064340e-01
   3.18220556e-01  3.80809069e-01]
 [-2.88750648e-01 -3.73536766e-01 -3.63235950e-01  1.97828412e-01
  -1.87098265e-01 -1.19782537e-01 -6.48340583e-02 -1.15842968e-01
  -7.13769794e-02  3.63893211e-02]
 [-2.58709371e-01  5.06126881e-02 -2.03002006e-01 -2.49434248e-01
  -9.89015400e-02  3.43365669e-01 -1.56146675e-01  3.61802399e-01
  -2.12935507e-01 -1.26615763e-01]
 [ 9.42828581e-02  2.86926478e-01  3.58652860e-01  2.46964768e-01
  -3.20445537e-03 -2.29787856e-01 -1.46679401e-01 -3.73802423e-01
  -1.89227030e-01 -2.08389744e-01]
 [ 1.66319519e-01 -5.19790128e-02  6.11996710e-01  2.51577467e-01
   9.08510536e-02  3.60896409e-01 -4.24146265e-01 -9.30611789e-02
  -7.47910663e-02  2.05237553e-01]
 [-2.13147044e-01  2.47680351e-01  1.60032362e-01  2.23413751e-01
   6.85377717e-02 -1.46453325e-02  2.88799316e-01 -3.05447757e-01
   3.16560417e-01 -3.13152879e-01]
 [ 6.99475482e-02  3.60612292e-03  5.65936454e-02  4.70480800e-01
   2.02441826e-01  3.07762742e-01 -6.26846477e-02 -3.04933339e-01
   5.63823760e-01 -3.48597378e-01]
 [-4.41002667e-01  2.36196905e-01  1.97212994e-01  2.88763293e-03
  -3.48289050e-02 -2.64663845e-01 -1.14726327e-01 -2.23552912e-01
   4.91732405e-03 -3.31244379e-01]
 [-3.22631866e-01  2.86970973e-01 -6.03584237e-02 -1.99810535e-01
   9.37322453e-02 -2.08759934e-01 -3.16570178e-02  5.27436733e-01
   3.89576048e-01  8.98433775e-02]
 [ 3.22424352e-01 -1.93311349e-01 -2.08247006e-01  5.64811677e-02
   4.44902889e-02 -1.83559731e-01 -1.98695675e-01  1.90687746e-01
   1.64926454e-01 -5.86963929e-02]
 [-1.57408789e-01  2.76519179e-01  2.09553555e-01  5.56846298e-02
   2.46468037e-01 -1.48085132e-01  1.18242159e-01  2.45037079e-01
   1.45493761e-01 -2.02882722e-01]
 [-1.70897245e-01 -1.91017494e-01  2.81116217e-01 -1.46902099e-01
   1.03950620e-01  1.44098252e-01 -3.92956287e-01  1.15695829e-03
   3.35519798e-02 -2.02296358e-02]
 [-1.36389703e-01  4.71379012e-01  4.90034461e-01 -2.63008058e-01
   2.91562915e-01  1.24569662e-01 -1.75227761e-01  2.04831317e-01
   4.32136118e-01  2.31326982e-01]
 [-3.91568124e-01 -1.15061775e-01 -2.88194269e-01  1.30386844e-01
   1.35286778e-01  6.02844954e-01 -4.32044894e-01 -4.80959713e-01
   1.62194774e-01 -3.67804348e-01]
 [-2.08386108e-01  3.72290201e-02 -3.19940627e-01 -5.43196440e-01
  -5.12925312e-02  3.75425935e-01 -2.28528321e-01  4.37704384e-01
  -1.43981099e-01  1.76763803e-01]
 [-4.31321800e-01 -6.51677251e-02  8.93303156e-01  6.11414075e-01
  -4.86617208e-01 -1.00202113e-01 -1.68900535e-01 -2.07670078e-01
   3.06560069e-01  2.63337016e-01]
 [ 3.15014511e-01  3.09996098e-01  3.92460704e-01  1.03252053e-01
   1.56281162e-02  4.91012126e-01  1.35921672e-01 -2.66348720e-01
  -5.24247110e-01 -2.58261710e-01]
 [ 2.14668140e-01 -2.34724239e-01  3.42466503e-01  4.52757955e-01
  -3.85901541e-01 -5.67312002e-01  6.31223917e-02 -3.81160796e-01
   7.76828885e-01 -1.69862211e-01]
 [-4.14897054e-01  1.19306016e+00 -1.07588959e+00 -6.91041872e-02
   2.97124833e-01  1.84533632e+00 -7.61623979e-02 -8.73669311e-02
  -6.42843783e-01 -1.43325359e-01]]
Peso 2:
[ 0.00699331 -0.16791311  0.8818681   0.20888506 -0.08711886 -0.2807798
 -0.03520547  0.15531921  0.73734635 -0.10345424]
Camada: saida
Peso 1:
[[-0.7193769  -0.6417576 ]
 [ 1.0438131  -0.56911755]
 [-1.5101113   0.96395165]
 [ 0.10263024  0.94651437]
 [ 0.7723464   0.00517177]
 [ 1.0035222  -1.5837241 ]
 [ 0.59538776 -0.43012622]
 [-0.72677356  0.23760487]
 [-1.1553165   0.8086484 ]
 [ 0.5645935   0.05402962]]
Peso 2:
[-0.41559505  0.41559538]



pesos modelo: 
Test loss: 0.9721, Test accuracy: 0.7212
Camada: meio
Peso 1:
[[-0.02282652  0.07392448  0.2367801  -0.20442134 -0.2649365  -0.13700801
  -0.23919047 -0.26440012  0.44704115 -0.19075   ]
 [ 0.26250935  0.09549999  0.00341651 -0.06262228 -0.19359607  0.3884123
  -0.19229126 -0.091804    0.0046013   0.21076828]
 [-0.20164761  0.04829895 -0.3616703   0.20651352  0.30952376 -0.0454981
   0.42920977  0.25758964  0.17986625  0.10518306]
 [-0.11716235  0.2033688  -0.41904703  0.07922409 -0.3596282  -0.03068059
  -0.30796272 -0.3292149   0.22684446 -0.29665092]
 [-0.1549961  -0.25691366 -0.06614293  0.01921322 -0.15166467 -0.30921575
  -0.23901202 -0.3894071   0.31562433 -0.21388496]
 [ 0.41849217 -0.24872464 -0.39962462  0.00199238 -0.27293727  0.28478086
   0.2385119   0.06655532  0.09918731  0.0936185 ]
 [-0.16590734 -0.2447056  -0.45617092  0.3626209  -0.19058809 -0.15162714
   0.25432017 -0.2872304   0.45312545 -0.27023154]
 [ 0.20725688  0.11632043  0.07263189  0.359836    0.20787154  0.27341524
  -0.4300343  -0.38194767  0.2934485   0.04797281]
 [-0.19203483 -0.31476238 -0.27927572  0.04329889 -0.1120104   0.23456198
  -0.17724004 -0.12525134  0.21610352 -0.14261739]
 [ 0.1428085  -0.21098381  0.21588375  0.03126381  0.18198113 -0.20732456
  -0.10525554  0.3025396   0.18755627 -0.17544873]
 [ 0.05995285  0.350883    0.3029308   0.20983969 -0.1766759   0.01966678
   0.16592756  0.13224296  0.283298   -0.37969708]
 [ 0.21381961 -0.16796038 -0.0802154   0.23760726  0.20147604 -0.16421704
  -0.06942867  0.13367194  0.31613097 -0.24157791]
 [ 0.13436164 -0.2661688   0.0703066   0.02332889 -0.13540986  0.01187542
   0.19573095  0.41154596  0.13502994 -0.15556976]
 [ 0.4222132  -0.3589345  -0.34657773  0.61129224  0.19302611  0.02148957
  -0.43222052  0.07337899 -0.11881045  0.19898832]
 [ 0.04450869 -0.06095624 -0.17911133  0.41984755 -0.1372476   0.43456283
   0.12508945  0.25282025 -0.140687    0.23862378]
 [-0.05870233  0.03462694  0.360229   -0.20050305 -0.00305956  0.50272983
  -0.40087205  0.06826466  1.053609   -0.3108169 ]
 [-0.5676735   0.2983613  -0.07629249  0.3737274   0.24543518 -0.02107458
   0.2281273   0.01496529 -0.23467664 -0.3446719 ]
 [ 0.2682463   0.29121834  0.24121499  0.16481605  0.07247832 -0.30576265
  -0.14527617  0.19272813  1.1559076   0.0233597 ]
 [-0.4460105  -0.23736437 -0.1264287   1.5088874  -0.15879318 -0.5693234
   0.06938975 -0.4186444  -1.9264015   0.1029443 ]]
Peso 2:
[ 0.29252502 -0.02012675 -0.02737619 -0.05136244  0.00514307  0.18711203
 -0.08912839  0.04609254  1.2797481  -0.04419272]
Camada: saida
Peso 1:
[[-0.4618297   0.48758164]
 [ 0.0606209   0.0971547 ]
 [-0.13249236 -0.17425886]
 [ 1.2596829  -1.0257852 ]
 [ 0.24773465  0.34709036]
 [-0.12639846  0.54421   ]
 [ 0.12064729  0.1657992 ]
 [ 0.1728466   0.5256947 ]
 [-1.634939    2.215485  ]
 [-0.33580416  0.3789829 ]]
Peso 2:
[ 0.30915415 -0.30915463]



pesos modelo: 
Test loss: 0.8935, Test accuracy: 0.7309
Camada: meio
Peso 1:
[[-3.31746459e-01 -3.75493675e-01 -8.50398540e-02 -2.81974375e-01
   4.51802492e-01 -2.79379785e-01  7.61592388e-02 -2.13179722e-01
   3.93019319e-01  8.92300010e-02]
 [ 3.90274346e-01  1.34035349e-01  4.40194666e-01 -2.03833282e-02
  -1.37427688e-01 -3.73888433e-01 -4.49276209e-01  1.00189328e-01
   2.85981119e-01  1.66504204e-01]
 [-4.31795239e-01 -1.29364997e-01 -2.14523822e-01 -3.33145529e-01
   1.07720852e-01  1.29020333e-01  4.96110320e-02  3.62712681e-01
  -9.99112725e-02 -2.77331859e-01]
 [-2.07570910e-01  9.76012554e-03  2.98031449e-01  2.58965999e-01
   3.23845565e-01  4.51618761e-01 -3.45264077e-01 -2.41179705e-01
   3.98384780e-01 -6.11000508e-03]
 [ 5.41372299e-02  3.29000443e-01 -8.67417529e-02 -1.02426216e-01
   6.67705759e-02 -2.40941420e-01  2.86481619e-01  1.33608520e-01
   2.77303576e-01  2.80687392e-01]
 [ 2.88076818e-01 -2.50806868e-01 -2.41465829e-02 -4.30920005e-01
   4.42275226e-01 -3.07744175e-01 -3.54772419e-01 -6.86594397e-02
   1.93962857e-01 -1.72728583e-01]
 [-2.14632243e-01  2.02808768e-01  1.84196383e-01 -4.35399383e-01
   3.63418162e-01 -1.06283925e-01 -2.97642052e-01  3.47130924e-01
   3.76553327e-01  2.53544569e-01]
 [-4.43704128e-01  3.75097722e-01 -3.82557482e-01 -1.44991755e-01
  -2.77191494e-02  3.83357108e-01 -1.60293788e-01 -4.01118904e-01
   3.52421284e-01 -3.54844004e-01]
 [-4.02273417e-01 -1.21383935e-01  3.26943070e-01  2.84190446e-01
   4.12726521e-01  1.40461311e-01 -1.15102947e-01  3.58845681e-01
   3.08509558e-01  4.66730028e-01]
 [-1.77767754e-01  3.12775612e-01 -4.03098792e-01 -3.19827795e-02
  -1.03535004e-01  1.58590805e-02 -3.59014213e-01 -3.64223629e-01
   2.66633183e-01 -1.72269970e-01]
 [ 2.13865548e-01 -2.43510365e-01 -3.79397929e-01 -3.19454208e-04
  -1.16974518e-01 -7.98924267e-02 -2.63483405e-01  1.81424946e-01
  -3.69435288e-02  2.13594064e-01]
 [ 9.90660265e-02  3.12034756e-01 -3.02447498e-01 -3.77154350e-01
  -2.99592882e-01  2.03954857e-02  5.89465387e-02  3.82815480e-01
   1.70486316e-01 -4.59513068e-02]
 [-3.67259026e-01  3.08607161e-01 -1.42811984e-01 -2.01738760e-01
   2.93349057e-01 -8.95764902e-02 -3.11295033e-01 -6.20109662e-02
   3.82585078e-01 -2.83958435e-01]
 [-4.47332650e-01  4.71051246e-01 -2.64804155e-01 -1.02579333e-01
   5.57916164e-01  9.76034161e-03 -3.13604176e-01  2.52508759e-01
  -1.23016359e-02 -6.50768653e-02]
 [-3.68662030e-01  2.46462211e-01  3.28416765e-01  2.51717895e-01
   6.07423902e-01  1.99084327e-01 -4.13528889e-01 -4.10955071e-01
  -3.51827256e-02 -1.03992872e-01]
 [-3.86893272e-01 -3.95930082e-01 -2.22920328e-01 -7.86816105e-02
   9.67943743e-02 -2.24150851e-01  2.22725287e-01 -1.72687665e-01
   8.34887028e-01  3.01793903e-01]
 [-3.34719896e-01  9.66188014e-02  9.34646130e-02 -4.67708021e-01
   2.24363416e-01  5.05236626e-01 -4.27754283e-01 -2.89268762e-01
  -1.53957888e-01 -3.05311054e-01]
 [ 4.49600041e-01 -2.29162097e-01 -4.40512568e-01  3.34995031e-01
  -5.09701550e-01  1.00218579e-01 -1.66078731e-01 -2.32450366e-01
   8.91867220e-01 -1.64609537e-01]
 [ 2.89017200e-01  9.32965517e-01  7.24030510e-02 -4.12837207e-01
   1.08073270e+00  6.40351713e-01 -2.35249415e-01 -1.36951700e-01
  -1.98121989e+00  1.21674491e-02]]
Peso 2:
[-4.7035106e-03 -1.4479193e-01  1.0129636e-03 -1.3286574e-01
 -2.5687853e-01 -3.7011903e-02 -3.6921646e-03 -7.4099898e-02
  1.2161088e+00  2.4175337e-02]
Camada: saida
Peso 1:
[[ 0.1394091  -0.06950001]
 [ 1.2608621  -0.30049112]
 [-0.21773675 -0.23202132]
 [-0.1003195  -0.6178461 ]
 [ 0.3213611  -1.4223847 ]
 [ 0.43897688 -0.5353849 ]
 [ 0.33127934 -0.00797276]
 [ 0.5546344   0.38929883]
 [-1.5497513   2.2345715 ]
 [ 0.45957813  0.6780231 ]]
Peso 2:
[-0.31739694  0.31739625]



pesos modelo: 
Test loss: 0.4416, Test accuracy: 0.8312
Camada: meio
Peso 1:
[[ 0.40888184 -0.2636822  -0.06928232  0.06584519  0.28049517 -0.2884419
  -0.26822788  0.23169863  0.03165075 -0.30613947]
 [ 0.27096093 -0.3088258  -0.1942127  -0.2963789  -0.32971317 -0.39641154
  -0.45188046 -0.36221188  0.16689551  0.01201123]
 [-0.45255813 -0.09549999 -0.06519213  0.23156947 -0.1314874   0.33094472
   0.28479052  0.03679958 -0.15007105  0.2862591 ]
 [-0.01325394 -0.24007978 -0.32847282  0.1050288   0.03294749 -0.01911958
  -0.02987591  0.3302376   0.20747729  0.04310117]
 [-0.29857725  0.2685237  -0.17183875  0.23860939 -0.13565427  0.24972306
   0.02203206  0.03099437  0.1558574  -0.15864007]
 [-0.12978351 -0.09860294 -0.0812318   0.25643566  0.06228406  0.5043733
   0.26866493  0.01175085 -0.20447624 -0.24923536]
 [ 0.02141307 -0.2376577  -0.04388594  0.05692672 -0.13104062 -0.30981416
  -0.15449172  0.09576998 -0.11270223  0.17037913]
 [ 0.07261832  0.03099467  0.1177021  -0.35864022 -0.25249884 -0.24975763
  -0.09726105  0.16997662 -0.01806545 -0.41294375]
 [ 0.04432217  0.431588    0.00861164  0.27483347  0.14573887  0.1781596
   0.1860031   0.27995694 -0.18972471 -0.2099602 ]
 [-0.06859053 -0.24589744 -0.08060075  0.30285087 -0.05590301  0.2734882
   0.22645965  0.3758979   0.18219703  0.15970066]
 [-0.03984285  0.24718016 -0.28337756 -0.05004888 -0.3076254   0.19111206
  -0.12711917  0.35477537  0.24802892  0.35257575]
 [ 0.24110657 -0.05777157  0.168257    0.3219939  -0.36544824 -0.2976135
  -0.02532146  0.2472957  -0.26687264 -0.14195171]
 [-0.00600881  0.12583244 -0.3269753  -0.4768027  -0.23323113 -0.33761498
   0.22759365  0.36609444 -0.17661826  0.20569988]
 [ 0.3497696   0.33793986 -0.08388994 -0.41569003 -0.16900891  0.18081284
   0.31020197  0.16250148  0.47688943  0.06098564]
 [ 0.49233338 -0.33709255  0.06156748 -0.4559837   0.19736992 -0.07022317
   0.18225959  0.2793605   0.44761336  0.50926745]
 [-0.29077268 -0.03977036 -0.11762276  0.02440919 -0.06187382  0.54864705
   0.01631379  0.8776227  -0.49157616 -0.26368687]
 [ 0.48203054  0.39561817 -0.30967474 -0.4832527  -0.08954624 -0.11058865
   0.11072239  0.31201413  0.2240518   0.36005116]
 [-0.4530337  -0.36692876  0.218091    0.07769174 -0.20442526  0.0443315
  -0.58610624  0.46592715 -0.08239571  0.14158963]
 [ 1.5528742   0.32453233 -0.44600156 -0.27138406  0.3178342   0.01468069
   1.423953   -1.0782533   1.1679153   0.15707175]]
Peso 2:
[-0.35074538 -0.03493409 -0.14833383 -0.13652419  0.01263261  0.15078919
 -0.21545263  0.87196404 -0.27045113 -0.15362129]
Camada: saida
Peso 1:
[[ 1.3168164  -1.0131373 ]
 [-0.2443582  -0.46446943]
 [ 0.39839134 -0.6147583 ]
 [-0.15704024 -0.16030326]
 [ 0.02360174 -0.3690942 ]
 [-0.40924916  0.16718943]
 [ 1.1088575  -0.947995  ]
 [-0.6737999   1.782691  ]
 [ 1.1632898  -0.65088916]
 [ 0.45077044  0.00398284]]
Peso 2:
[-0.94689167  0.94689107]



pesos modelo: 
Test loss: 0.8288, Test accuracy: 0.7417
Camada: meio
Peso 1:
[[-3.55002433e-01  1.72286808e-01 -1.93567872e-02  6.41546249e-02
  -6.53697848e-02 -1.15389138e-01  1.77300096e-01  1.52225792e-02
  -4.42274988e-01 -1.70714557e-01]
 [-1.81647629e-01 -2.96288580e-01  1.62026465e-01 -3.67475331e-01
  -3.23034585e-01 -1.89419478e-01 -1.70376867e-01  1.91210330e-01
   1.43960059e-01 -2.81818509e-02]
 [-4.49386507e-01 -2.63652265e-01  1.90847933e-01  1.81428194e-02
   3.58693421e-01 -4.32638943e-01 -2.91982293e-02  1.78186893e-02
  -3.84493679e-01 -3.95806730e-01]
 [-4.12482113e-01  1.64130256e-01  1.87048182e-01  3.55749816e-01
   1.34577930e-01 -1.00122377e-01  4.01953161e-01  1.70527101e-01
   1.01502590e-01  5.74401617e-02]
 [-3.74807745e-01 -2.21151888e-01  2.91853696e-01  1.34958759e-01
  -2.23737452e-02  4.44965139e-02  2.88814664e-01 -3.05055708e-01
  -9.08498764e-02  1.77571595e-01]
 [ 2.26736560e-01  1.30505580e-02 -4.41319615e-01  1.03386335e-01
   1.81677774e-01  2.82525048e-02  3.01866651e-01 -3.52732927e-01
   1.01389714e-01 -3.70638967e-02]
 [ 1.95182770e-01  4.04563546e-01 -3.46303970e-01 -2.90877521e-01
  -1.24820061e-01 -8.57564509e-02  2.79396325e-01 -2.38870978e-02
  -7.69321620e-02  3.56548876e-01]
 [-3.60176653e-01 -2.18399182e-01  1.88551322e-01  3.70398134e-01
   1.77566439e-01  2.09643081e-01  4.48418379e-01  3.09102178e-01
  -2.68676847e-01  2.33241975e-01]
 [-3.10501367e-01  3.16198111e-01 -1.82787031e-01 -2.55753901e-02
  -6.33869916e-02  1.83028951e-01 -7.60467052e-02  1.35270739e-03
   7.41704255e-02 -1.98317140e-01]
 [ 1.69822499e-01  1.25395074e-01  2.23947346e-01 -3.22723478e-01
  -1.25222564e-01 -1.27844140e-01  3.76357406e-01 -5.88534251e-02
   5.04297018e-02  4.35161799e-01]
 [ 1.99380144e-01  2.26634115e-01 -4.45490032e-01  2.59380072e-01
   2.01898471e-01  2.95982435e-02  1.68090194e-01 -3.82519484e-01
   2.32351467e-01 -1.83756083e-01]
 [-4.37255114e-01  3.29503208e-01 -2.23356992e-01 -2.57227629e-01
  -1.60844877e-01  1.48824751e-01 -4.61462513e-02  1.72557533e-01
  -3.62851024e-01 -1.67149350e-01]
 [-1.37423769e-01 -1.32561205e-02  3.06760848e-01 -1.80906028e-01
   1.03903048e-01  3.09462070e-01  8.11437238e-03 -1.66903868e-01
  -2.12623149e-01 -2.33348478e-02]
 [-2.87633240e-01  1.14037849e-01 -3.89001131e-01  2.01137096e-01
   3.65172595e-01 -6.91302776e-01  1.69384733e-01 -8.68582949e-02
   1.44123480e-01  3.48886281e-01]
 [-2.88437903e-01  3.52207154e-01 -3.69234055e-01 -1.47449315e-01
   3.63631666e-01  3.01674545e-01 -2.71759421e-01  1.96904734e-01
  -1.35146856e-01  5.04613936e-01]
 [-1.38001516e-01 -4.13665652e-01  8.47402290e-02  2.94562578e-01
  -1.34208322e-01 -9.80949961e-03  1.00409639e+00  1.11083081e-02
  -3.46362233e-01 -3.41996193e-01]
 [-4.04566824e-01 -4.02064085e-01 -4.61605728e-01 -1.39071211e-01
   5.90289116e-01  2.55489737e-01  1.63804948e-01 -3.98481458e-01
  -3.13674003e-01  3.51425946e-01]
 [-3.99045616e-01  1.85825378e-01  1.06768183e-01  5.48439398e-02
  -5.95367253e-01  6.09311223e-01  7.19640017e-01  4.25035119e-01
  -9.88388285e-02 -4.45292592e-01]
 [ 1.65186226e-02 -1.06295601e-01 -1.39827400e-01  3.56676459e-01
   1.50745595e+00 -4.67469782e-01 -1.59921443e+00  2.15331122e-01
  -8.09697360e-02  1.00897217e+00]]
Peso 2:
[-0.00258318 -0.00384663 -0.06841718 -0.10247828 -0.40123236  0.36554813
  0.96003103 -0.00779211 -0.08551385 -0.38322085]
Camada: saida
Peso 1:
[[ 0.3258366   0.09583697]
 [ 0.45581746  0.58285683]
 [ 0.39764336 -0.32240525]
 [ 0.21105948 -0.05451736]
 [ 1.3507897  -0.98308504]
 [-0.62763655  0.934988  ]
 [-1.3002563   1.743355  ]
 [-0.4306918  -0.41204327]
 [ 0.1729783  -0.32777148]
 [ 0.9958878  -1.0334686 ]]
Peso 2:
[-0.4437532   0.44375366]



pesos modelo: 
Test loss: 0.8597, Test accuracy: 0.7305
Camada: meio
Peso 1:
[[ 1.33560121e-01  1.49903953e-01 -2.34696224e-01  1.67212725e-01
  -5.75058758e-02 -1.47426575e-01 -3.53333533e-01  2.95292199e-01
  -1.16934508e-01  2.03453541e-01]
 [-2.29058936e-01  1.90693855e-01  1.38972104e-01 -3.15703154e-01
  -2.11570263e-01 -2.25363076e-01  3.52164805e-02 -4.06166106e-01
  -4.69172299e-02  3.35050285e-01]
 [-7.29115009e-02  4.20165002e-01 -4.72002625e-02 -8.18927288e-02
  -3.10327023e-01  2.22309113e-01 -2.48570144e-01  2.12034285e-01
   3.22852731e-01 -3.39970887e-02]
 [-1.31310672e-02  4.61075842e-01 -1.09374024e-01  4.99948591e-01
   3.26073676e-01 -1.83210924e-01  3.41414779e-01 -2.68408418e-01
   2.19158143e-01  3.25223058e-02]
 [-3.77784818e-01  2.56066948e-01 -4.24351096e-02 -2.43646294e-01
  -2.43535731e-02 -1.85720474e-01  1.41871702e-02 -2.20467865e-01
   7.10571930e-02 -2.37628650e-02]
 [ 1.53464973e-01  4.45021510e-01  1.97080374e-01  2.01185271e-01
  -4.41804109e-03  3.60233933e-01  2.31876463e-01  3.54695141e-01
   4.79967222e-02 -9.62573066e-02]
 [-4.19812858e-01  5.87488532e-01  6.56223819e-02 -3.75832617e-01
  -1.58221796e-01  3.50761414e-01  4.01228666e-02 -3.86717439e-01
  -3.65149230e-02  3.33258003e-01]
 [ 6.32319925e-03  3.63170505e-01  1.35396659e-01  3.31955045e-01
  -1.12509176e-01  3.21792886e-02  3.71784866e-01 -3.96034658e-01
  -3.43222678e-01  1.33438438e-01]
 [-3.60259145e-01  3.80812764e-01  1.22749627e-01  2.69685566e-01
  -3.35379802e-02 -1.42895833e-01 -4.10034359e-01  3.86191607e-01
   2.27644145e-01  2.88552433e-01]
 [ 1.13644660e-01  1.06170624e-01  1.64032113e-02 -2.24803612e-01
   1.95685569e-02  1.10519581e-01  8.39227054e-04  2.80023932e-01
  -1.80927485e-01 -2.59197116e-01]
 [ 1.18783876e-01  4.95148659e-01  1.88413560e-01 -2.91450351e-01
  -7.34970942e-02  3.64625931e-01 -8.11957940e-02  3.29764217e-01
   2.07153007e-01  1.61462709e-01]
 [ 1.12435021e-01  3.19075584e-02 -7.98088238e-02 -1.15644924e-01
  -1.69763230e-02 -3.05166632e-01 -2.50813782e-01 -4.61934395e-02
  -3.02641034e-01  1.13601841e-01]
 [-2.93838412e-01  2.10029945e-01  1.00941040e-01 -1.86691150e-01
   2.24244352e-02  2.01911144e-02 -1.84825465e-01 -2.40566432e-01
  -1.23913631e-01 -3.08493018e-01]
 [ 3.94872218e-01  3.36661845e-01  2.70342618e-01 -4.67108130e-01
   4.76517349e-01  2.87374765e-01  2.67925203e-01  3.85996610e-01
  -1.57988891e-01  4.61832225e-01]
 [-1.14441112e-01 -2.64788151e-01  4.09915857e-02  2.73691684e-01
   2.92650580e-01  1.86648190e-01  1.77489936e-01  3.53655219e-01
   4.44632143e-01  1.79475788e-02]
 [ 2.55193025e-01  5.56220949e-01 -3.72207195e-01  8.59870911e-02
  -3.92635226e-01 -4.84582543e-01 -9.82694551e-02  4.56529468e-01
  -2.46364906e-01 -4.84597355e-01]
 [-3.44922572e-01  1.17759751e-02  2.52859443e-01 -2.14874819e-01
   1.30748719e-01  3.86853695e-01 -3.24137032e-01  3.26717079e-01
   1.96618423e-01  3.68768126e-01]
 [-1.12809584e-01  3.85982275e-01 -4.68201607e-01  1.86241984e-01
  -3.15738559e-01 -5.35131514e-01 -3.93624008e-01  3.51842605e-02
   2.08449781e-01 -3.40113699e-01]
 [ 2.75210023e-01 -1.20930874e+00  1.32220936e+00  8.22304934e-02
   1.38632560e+00  4.61931318e-01 -1.63781673e-01 -8.57760534e-02
   2.45765924e-01  1.21219158e+00]]
Peso 2:
[-0.11537241  0.91423625 -0.22366767  0.10736363 -0.1972387  -0.16043063
 -0.14503351  0.1931586  -0.03286402 -0.22473732]
Camada: saida
Peso 1:
[[ 0.39228874 -0.28800184]
 [-1.6557338   0.83617836]
 [ 1.0362052  -0.979309  ]
 [ 0.0884647   0.57374513]
 [ 1.1101742  -1.1420064 ]
 [ 0.83023965 -0.17845744]
 [-0.08856931 -0.35162157]
 [-0.08761216  0.45979863]
 [ 0.70144546  0.4778035 ]
 [ 0.9008134  -0.8604836 ]]
Peso 2:
[-0.8185843  0.8185858]



pesos modelo: 
Test loss: 0.7659, Test accuracy: 0.7544
Camada: meio
Peso 1:
[[ 3.80052030e-01  5.35345674e-02  3.23147953e-01  2.46672988e-01
   1.73381150e-01 -1.13789201e-01  1.14465356e-01  1.38102770e-02
  -1.79932982e-01  4.12989020e-01]
 [-2.86392391e-01  2.32773125e-01 -5.68705797e-03 -2.97251344e-03
  -5.39828539e-02  1.20733917e-01 -1.01176947e-01  3.97360802e-01
  -2.91463017e-01  1.76146209e-01]
 [-1.67708427e-01 -2.66716987e-01 -1.22110546e-01 -3.30648005e-01
   3.70531380e-01  1.19098246e-01 -9.16474164e-02  4.27949965e-01
  -3.55568647e-01  1.21928453e-01]
 [-5.00973202e-02  1.67559192e-01 -3.17899078e-01  3.21833372e-01
   2.61203408e-01 -2.18372658e-01 -2.67886937e-01  3.36242884e-01
  -2.91085243e-01  2.86615193e-01]
 [-1.55949652e-01  6.54164106e-02 -4.75502461e-01 -3.06998312e-01
   6.24075755e-02 -3.17363650e-01 -4.05626833e-01  2.76216269e-01
  -8.68063346e-02 -1.74195364e-01]
 [-1.94834307e-01  8.00281167e-02  2.33617082e-01 -2.12179556e-01
   1.59529507e-01  1.91105440e-01  2.73319930e-01  3.56173575e-01
  -2.95767456e-01 -4.39415812e-01]
 [ 4.40979332e-01 -3.63623314e-02 -2.33855292e-01 -1.37452438e-01
   4.15044904e-01 -4.32991982e-01  1.25928923e-01  3.32721099e-02
  -1.30956536e-02  6.14571273e-02]
 [ 3.82773489e-01  2.50803567e-02 -4.00471777e-01  2.59047300e-01
  -1.37790605e-01  2.31057495e-01  1.74522435e-03  2.11107567e-01
  -3.79354596e-01  4.38092947e-02]
 [-3.31023455e-01 -1.20522469e-01 -1.71822101e-01 -1.22817867e-01
   1.69189543e-01  3.12984556e-01 -2.01313272e-01  9.47493464e-02
   3.10548574e-01 -3.05626482e-01]
 [-3.50388944e-01  6.59732297e-02 -3.17413300e-01 -4.58534211e-01
   2.11431280e-01 -2.92990744e-01  3.69031161e-01  3.41390014e-01
  -1.15611039e-01  2.81536579e-01]
 [ 4.10476699e-02  2.79824734e-01 -4.13099565e-02 -2.64272064e-01
   3.58538419e-01  1.62719533e-01 -3.46457094e-01  3.95934612e-01
   1.39800996e-01 -8.01550299e-02]
 [ 1.59662508e-04 -2.93282181e-01  2.44395345e-01 -4.31868210e-02
  -3.96410078e-01 -4.99826223e-02 -1.87576666e-01 -3.28036584e-02
  -1.45290405e-01 -3.24077159e-01]
 [ 3.51441167e-02  1.39828607e-01 -7.63281062e-02  2.80861229e-01
  -6.05139732e-02 -1.68805540e-01  1.85900435e-01  3.25478405e-01
  -2.40576118e-01 -4.42001730e-01]
 [ 1.07860498e-01  5.68178833e-01  2.56637990e-01  7.92823657e-02
  -2.52034932e-01  1.63726419e-01  1.71447564e-02  6.30925596e-02
   3.19830745e-01  7.68425241e-02]
 [ 3.58334631e-02  6.33135378e-01 -1.67474404e-01 -3.38510461e-02
   4.10823733e-01 -2.93552130e-01  1.01018310e-01  1.24636024e-01
   3.73108238e-02 -3.86786848e-01]
 [ 5.42049289e-01 -7.12589502e-01 -3.04969121e-02  3.28736365e-01
  -6.28913268e-02 -8.87118652e-02 -2.77285993e-01  4.69370097e-01
   1.22788556e-01 -3.86420101e-01]
 [-2.11401246e-02  3.48087341e-01 -3.54510592e-03  3.81847292e-01
   4.19921517e-01  1.16230130e-01 -2.84002274e-01 -1.79786354e-01
   5.21508977e-02 -2.82716721e-01]
 [ 3.27534258e-01 -5.68695664e-01  1.23399936e-01  3.50380599e-01
   2.24788859e-02 -1.30177423e-01 -2.58428603e-01  5.96349001e-01
   2.82311648e-01  3.00945282e-01]
 [-8.42672363e-02  2.05285430e+00 -1.40747979e-01  9.01111215e-02
  -2.88433552e-01  6.40839487e-02  4.65408415e-01 -1.54323709e+00
   6.91758171e-02  3.84013414e-01]]
Peso 2:
[ 0.22480507 -0.46754605 -0.23990963 -0.04687053  0.04907896 -0.10939014
  0.06504094  0.9573488   0.00203851 -0.01510512]
Camada: saida
Peso 1:
[[-0.7811096   0.03546214]
 [ 1.374949   -1.9608289 ]
 [ 0.5961974  -0.3358349 ]
 [ 0.13840444  0.25118464]
 [ 0.26262134  0.6134023 ]
 [ 0.46674648  0.12515032]
 [ 0.2129865  -0.34952185]
 [-1.4742852   1.4093889 ]
 [-0.2913047   0.40907723]
 [-0.3764231  -0.61313236]]
Peso 2:
[-0.5369672  0.5369678]



pesos modelo: 
Test loss: 0.2774, Test accuracy: 0.8846
Camada: meio
Peso 1:
[[-3.94356042e-01 -3.34645987e-01 -2.49406695e-03  2.59326756e-01
   3.81031513e-01 -3.67509604e-01 -3.82261395e-01  1.16179824e-01
  -3.87704909e-01 -2.58083969e-01]
 [ 3.81698012e-02 -2.30777606e-01 -1.27067655e-01  4.03386354e-02
  -3.03413212e-01 -2.03334928e-01 -1.82618767e-01 -3.32088292e-01
   3.08830321e-01 -8.85822773e-02]
 [-4.38005239e-01  9.57230330e-02 -2.74092346e-01 -1.10455126e-01
   1.20171428e-01 -6.25784695e-02 -3.62184107e-01 -8.51028562e-02
   2.12785661e-01  2.90983260e-01]
 [ 4.14437681e-01  4.53907102e-01 -4.11639214e-01  2.12940544e-01
  -5.29271439e-02  2.45158270e-01 -4.68977354e-02 -2.54938938e-02
   1.03225380e-01  2.58675992e-01]
 [ 1.93364725e-01  2.30579257e-01 -7.52487779e-02 -4.03878480e-01
   2.64507215e-02  1.70476422e-01 -3.86957526e-01 -2.79456943e-01
   8.69114324e-02 -4.16570604e-02]
 [ 4.47844863e-01  6.47943839e-03  2.49079898e-01 -3.03736627e-01
   3.35149556e-01 -3.87416393e-01  1.16127610e-01 -4.33918446e-01
  -2.32177272e-01 -1.22876152e-01]
 [ 4.89484295e-02  5.32276928e-01  3.62987332e-02  8.89188331e-03
   2.37815738e-01  3.32577676e-01 -1.83524832e-01  4.20045018e-01
   3.63037199e-01  2.50239253e-01]
 [ 3.84884812e-02  7.16603696e-02 -1.31679252e-01 -4.44248885e-01
  -3.11736047e-01  3.57344896e-01  3.11262697e-01 -5.45422845e-02
  -8.87263492e-02 -1.55670743e-03]
 [-4.38350618e-01  2.90642142e-01  2.06726342e-01 -3.00774395e-01
  -2.57042944e-01  2.15053231e-01 -1.40003741e-01  3.88635457e-01
   1.99506711e-02  2.26973549e-01]
 [-1.99073464e-01  3.77471060e-01 -2.04281688e-01  3.29075128e-01
   6.67424202e-02 -2.31775597e-01 -2.01560572e-01  3.98960292e-01
   6.43050224e-02  1.91003814e-01]
 [ 1.37157738e-01  4.35236365e-01  2.04589386e-02  1.08889543e-01
   3.06421995e-01  2.23313980e-02 -3.71016115e-01 -3.04229915e-01
  -1.12316966e-01  3.19142103e-01]
 [ 2.03373879e-01  2.51026422e-01  3.05971980e-01  2.33710632e-01
   4.02125716e-01 -1.26256093e-01 -7.04285204e-02 -2.46836856e-01
   2.43823022e-01 -1.05505794e-01]
 [-2.35368535e-01  1.41455561e-01 -6.53042411e-03 -2.99655408e-01
  -3.98576945e-01 -7.98589066e-02 -5.99338394e-03  9.20496657e-02
  -1.14268675e-01  1.67141054e-02]
 [ 4.23845857e-01 -2.77394831e-01 -4.18745786e-01 -1.45297423e-01
  -7.04518408e-02 -1.64275885e-01  1.44517068e-02  1.45918801e-01
   8.71770456e-02  3.44342291e-01]
 [ 8.57575163e-02  5.03824987e-02  8.25900212e-02 -8.62359032e-02
   1.84430763e-01 -3.53966504e-01 -2.33728632e-01 -3.60827148e-01
   6.76478863e-01  2.32322246e-01]
 [ 1.02935866e-01  8.09882283e-01 -1.70945644e-01 -1.88340276e-01
   2.10987493e-01  2.18873188e-01  9.12665874e-02  4.06973720e-01
  -3.21570933e-01 -2.39011779e-01]
 [ 1.85675621e-01 -1.33094847e-01 -4.29205835e-01 -3.36178057e-02
  -3.38060290e-01  3.61934304e-01  4.37703937e-01 -7.90438950e-02
   3.34984273e-01  2.01094344e-01]
 [-9.68137905e-02  6.59117401e-01 -2.58475333e-01  5.66889085e-02
   2.33795628e-01  8.58216360e-02  7.51965120e-02  1.61758721e-01
   1.93474479e-02 -3.98758173e-01]
 [ 3.34196500e-02 -1.51541448e+00  2.89705098e-02 -2.73520112e-01
   1.22507013e-01  4.71566431e-02 -1.27381817e-01 -3.84681970e-01
   1.10968292e+00  1.77589440e+00]]
Peso 2:
[-4.9027324e-02  1.0932225e+00 -1.4271639e-01 -1.4834207e-01
 -5.0838006e-04  5.3717881e-02  5.2708417e-02  4.2031538e-02
 -2.1754082e-01 -4.0352908e-01]
Camada: saida
Peso 1:
[[ 0.20112865 -0.00492913]
 [-1.6943148   1.4961103 ]
 [ 0.29678753 -0.5827926 ]
 [ 0.47159356 -0.17876576]
 [-0.27330852 -0.20836127]
 [ 0.02992746  0.39866084]
 [-0.42251354 -0.14793257]
 [-0.6645108  -0.369549  ]
 [ 0.6562016  -1.0261935 ]
 [ 1.2807903  -1.3644283 ]]
Peso 2:
[-0.46489888  0.4648993 ]



pesos modelo: 
Test loss: 1.1151, Test accuracy: 0.6918
Camada: meio
Peso 1:
[[ 4.06738937e-01  2.09254801e-01 -1.20071650e-01 -4.11434889e-01
  -2.55252540e-01 -1.58346862e-01  1.98593736e-01  9.29897428e-02
   3.09215486e-02  4.28982973e-02]
 [ 2.78519034e-01  1.24107361e-01  1.10933900e-01  2.48343468e-01
   7.90444016e-02 -3.22479248e-01 -2.29133964e-02  6.52178526e-02
  -6.46969676e-02 -4.49592233e-01]
 [-7.20912218e-03  2.58030593e-02  4.10481215e-01 -2.79744029e-01
  -2.22784966e-01  3.55562270e-01  2.53495693e-01 -1.54764414e-01
  -7.40714371e-02 -2.92701066e-01]
 [ 3.95265371e-01 -7.19914492e-03 -2.22742364e-01  2.62136728e-01
   1.39757702e-02 -2.19875202e-01 -3.22134912e-01  2.61111379e-01
  -3.15191776e-01  4.61497722e-04]
 [-2.50941753e-01 -2.33480316e-02  2.76353776e-01 -2.25153878e-01
  -1.05993643e-01  2.47393504e-01  3.42570215e-01  2.59296119e-01
   2.91009322e-02 -4.16448340e-02]
 [-4.43800353e-02 -2.08928406e-01  3.33732128e-01  2.91264623e-01
  -1.95136875e-01 -1.30326107e-01  4.44998220e-02  3.84003550e-01
   1.94810957e-01  2.21032605e-01]
 [ 4.28494662e-01  3.26337963e-01  5.06881833e-01  3.74288142e-01
   7.06324279e-02  2.09911436e-01  2.98903078e-01 -8.95453915e-02
  -3.65321070e-01  3.34538281e-01]
 [-9.47866142e-02 -1.10352132e-02 -4.17760104e-01  1.23265654e-01
  -1.67478263e-01  4.22559261e-01 -8.35046619e-02  1.49935171e-01
  -1.33091072e-02  1.09770089e-01]
 [ 7.34044909e-02  1.22006595e-01 -2.43153721e-01 -4.44537133e-01
   2.08644137e-01  5.54282427e-01 -3.52188319e-01  3.54233474e-01
  -4.49753672e-01  2.49523938e-01]
 [ 1.32067874e-01  1.50372818e-01 -3.16137612e-01 -4.49662626e-01
  -4.24723811e-02  2.65170932e-01  1.06969029e-02  1.82171300e-01
   2.47142375e-01  6.43986911e-02]
 [ 6.92318305e-02  4.58212309e-02  2.89971322e-01  3.19934711e-02
   5.22269569e-02  9.54289660e-02 -7.87505060e-02  2.95724766e-03
  -1.26342103e-01 -1.53727859e-01]
 [ 3.44129741e-01  4.60569382e-01 -3.62271637e-01 -4.25935715e-01
  -1.92152813e-01  3.01329523e-01 -2.24469349e-01 -3.59451056e-01
  -4.48366851e-01  1.55803129e-01]
 [ 2.55478412e-01 -3.50005895e-01  5.48412502e-01 -1.20481573e-01
  -1.49191683e-02  1.05201647e-01  3.23015809e-01 -1.40601844e-01
   1.18402401e-02  2.46017277e-01]
 [ 3.46314371e-01 -2.65463322e-01 -4.58039939e-01 -4.10025775e-01
   5.32752573e-01 -8.71680602e-02  5.28837264e-01 -3.04177105e-01
  -3.59778792e-01  1.13553643e-01]
 [-2.07522467e-01 -1.47654191e-01  2.73848355e-01 -3.19238578e-04
   4.90744919e-01 -2.67211854e-01  4.89937544e-01  3.83934408e-01
  -3.06231111e-01  3.00525188e-01]
 [ 6.43249989e-01  3.65655154e-01 -2.42303744e-01  2.13087454e-01
  -1.25388071e-01  3.41809124e-01  1.26711026e-01  8.07367802e-01
  -2.99711861e-02 -4.76745307e-01]
 [ 7.56123587e-02  2.18396693e-01 -4.49480116e-01 -2.50191987e-01
   5.00528216e-01 -1.47264153e-01 -2.75171846e-01  6.90902993e-02
  -4.29578692e-01  2.58482158e-01]
 [ 2.04605490e-01 -5.21184914e-02  2.69324571e-01  4.00720179e-01
  -1.29279807e-01  8.69648457e-01  2.37214252e-01  4.46445823e-01
   3.20522696e-01 -5.32515705e-01]
 [-1.06606948e+00  5.11170745e-01  1.24386176e-01 -3.54307264e-01
   1.66467273e+00 -8.23775709e-01  4.10069376e-01 -8.23484838e-01
  -1.34700537e-03  1.08729208e+00]]
Peso 2:
[ 0.61595947  0.01594093  0.23230141 -0.02685027 -0.24008483  0.7559502
 -0.01212697  0.47057015 -0.05378021 -0.22769035]
Camada: saida
Peso 1:
[[-1.0580658   0.9990171 ]
 [-0.34155297 -0.6389366 ]
 [-0.8000415   0.4319436 ]
 [ 0.51306576  0.54090273]
 [ 1.0557992  -1.2909435 ]
 [-1.2779045   0.63922364]
 [ 0.4560469   0.10347878]
 [-0.97547805  0.69865656]
 [ 0.69580257 -0.4383666 ]
 [ 1.1996645  -0.64532   ]]
Peso 2:
[-0.32721862  0.32721907]



pesos modelo: 
Test loss: 0.6719, Test accuracy: 0.7815
Camada: meio
Peso 1:
[[-0.4489793   0.17031252  0.43153965  0.25601912 -0.03177437  0.17856145
  -0.07903007 -0.40255147 -0.0349704  -0.20749104]
 [-0.22614801  0.0363647  -0.4233942  -0.3209725  -0.06029966  0.20107836
   0.06577134 -0.40207723  0.1943757  -0.10948616]
 [-0.22147363  0.15130901 -0.45312476 -0.0746485   0.15881652  0.18736786
   0.37292534  0.0437611  -0.2807679   0.05851454]
 [-0.00918499 -0.21524669  0.06188539 -0.30059338  0.14145306  0.44320387
   0.20402697  0.1949436  -0.3219409  -0.06710626]
 [ 0.10452111 -0.03607946 -0.04763561  0.05704959  0.23245253 -0.20086794
   0.22012094  0.23624118 -0.0489751   0.1916148 ]
 [ 0.56207603 -0.0166351   0.26676086  0.21002626 -0.06872284  0.4962703
  -0.26335672 -0.05140226  0.31386584  0.18973039]
 [ 0.45769843  0.28939342  0.02945498 -0.00920836  0.11282353  0.28865376
   0.07865269  0.3923973   0.42932725 -0.29157722]
 [-0.18872465  0.47208178 -0.05856789 -0.03733193  0.39637935  0.41805646
   0.27350062  0.10928613 -0.3221671   0.3866973 ]
 [ 0.10272024 -0.17973192  0.06274205 -0.02965978  0.119258   -0.38541675
   0.0920127  -0.00548233  0.40083688  0.18819435]
 [-0.07740063  0.09218362  0.27630413  0.07599651  0.5445915  -0.3215442
  -0.12114795  0.39959043 -0.16888966  0.04439609]
 [ 0.34444144 -0.01444016 -0.01594923  0.12863557  0.02018062 -0.07325058
  -0.09539329 -0.0372322   0.19526109  0.24854091]
 [ 0.2428031  -0.0058802  -0.09606449  0.25086218  0.24224375 -0.3224764
   0.15135439 -0.2702334   0.19472243  0.37026614]
 [ 0.08846192 -0.27463198  0.24403004  0.00238567  0.43240836 -0.26876315
   0.29806912 -0.28132805  0.42168844  0.10615461]
 [ 0.24399023  0.00742773  0.28381813  0.54947865  0.03580104 -0.02800447
   0.3803716  -0.16252917 -0.2422534   0.00455725]
 [-0.32836577  0.5085364   0.3180498   0.2299697  -0.23195322  0.27713633
   0.02249338  0.24469908  0.17092943  0.3058268 ]
 [-0.02305783 -0.2906172  -0.48693195 -0.19319013  0.91206    -0.14341094
  -0.38520917  0.24665841 -0.05000312 -0.05249073]
 [-0.19427022  0.3361603   0.311213    0.11876924 -0.08970018  0.16503401
   0.37004146  0.08255809 -0.0244492   0.13297048]
 [-0.12500083  0.04926809 -0.51638013 -0.03279097  0.80251575  0.04461508
  -0.6566104  -0.11963009  0.05494384  0.02427863]
 [-0.5701657   0.95083004  1.3528206   0.8068277  -1.1236608  -0.15936658
   0.85093355  0.02308339 -0.5470763  -0.82486844]]
Peso 2:
[ 0.37299228 -0.08917095 -0.36411014 -0.27838948  0.8849137   0.06841903
 -0.19912037  0.0559081   0.24227795  0.27205947]
Camada: saida
Peso 1:
[[-0.9200408   0.13612512]
 [ 0.81232065 -0.29371548]
 [ 0.4013704  -1.636065  ]
 [ 0.7411481  -0.7117005 ]
 [-0.89341265  1.6698375 ]
 [-0.11226521  0.48579758]
 [ 1.0944569  -0.54504734]
 [-0.5550809  -0.22697473]
 [-0.980286   -0.23296219]
 [-0.7838239   0.3016576 ]]
Peso 2:
[-0.485086    0.48508608]



pesos modelo: 
Test loss: 0.4098, Test accuracy: 0.8349
Camada: meio
Peso 1:
[[ 1.71535313e-01 -1.67090178e-01  2.66280174e-02 -8.40726197e-02
  -2.71350592e-01  1.94466710e-01 -4.18609202e-01 -3.21081042e-01
   1.80091977e-01 -3.69249195e-01]
 [-4.15351987e-03 -2.49470472e-01 -3.05403858e-01  5.25183082e-02
  -2.44988263e-01 -3.74558002e-01  4.70827222e-02  3.50950778e-01
   3.82426798e-01 -3.29397917e-01]
 [ 1.67324841e-01  3.92202079e-01  2.71025360e-01  2.12326467e-01
  -1.08560354e-01  2.07844675e-02  1.30575180e-01  1.47753894e-01
  -7.26944804e-02  2.00471699e-01]
 [ 2.49747649e-01  2.25276649e-02 -1.60198838e-01  2.83935189e-01
   1.81631580e-01 -3.56657565e-01  3.40317309e-01  2.54916698e-01
  -1.65160239e-01  2.43405297e-01]
 [-2.33937442e-01  3.27862680e-01  4.02383804e-01  5.10858893e-01
  -4.79931682e-02 -4.02618945e-01 -2.33705848e-01  3.70769918e-01
  -3.11531015e-02  3.35622340e-01]
 [-1.74427759e-02 -2.58923411e-01  1.96028739e-01  1.45686120e-01
   5.81252038e-01 -4.25274432e-01 -3.64464790e-01 -4.10206497e-01
  -1.70082211e-01  3.15972596e-01]
 [-5.17766416e-01 -4.85708043e-02  4.27578717e-01  4.02033538e-01
   6.34219274e-02 -4.26932156e-01 -3.57478335e-02 -3.38407069e-01
  -3.97982627e-01  2.51471996e-01]
 [ 1.55437551e-03  4.07126784e-01 -1.17358245e-01  4.39775698e-02
   4.24141616e-01 -1.60452455e-01 -2.02934414e-01  1.64729521e-01
   3.68232965e-01  8.88644531e-03]
 [-2.81367868e-01  1.65551811e-01  5.57052270e-02  4.03717309e-01
  -4.65015098e-02 -2.78511345e-01 -4.08788830e-01 -2.44172320e-01
  -4.13482159e-01  1.43175974e-01]
 [ 2.44747326e-01  3.50973099e-01  1.01921618e-01  2.13664398e-01
  -8.69926289e-02 -3.53419870e-01  2.59408444e-01 -3.14247400e-01
  -1.63942650e-01 -2.78338790e-02]
 [-1.92469910e-01 -3.27468276e-01  1.26953408e-01  3.98489267e-01
   3.01448137e-01 -8.59144926e-02 -2.46309966e-01 -5.29439338e-02
  -3.29310268e-01  4.29841965e-01]
 [-2.04959549e-02  1.18129283e-01 -2.48791829e-01  2.95506924e-01
   2.89332390e-01  7.05280304e-02  4.22091642e-03  2.04300955e-01
   3.53143401e-02  2.48879418e-01]
 [ 1.23786978e-01  1.34751111e-01  2.13144347e-01  2.87381440e-01
  -2.28393182e-01 -3.60890776e-01 -3.59025329e-01  1.02625959e-01
   3.27917159e-01 -1.01579763e-02]
 [-3.27289134e-01 -8.89131278e-02  4.75211501e-01 -2.44344532e-01
   4.11802709e-01 -1.58552796e-01  2.90431082e-01 -1.31824240e-01
   1.36767477e-01  2.59214014e-01]
 [ 7.96217620e-02  1.79842412e-01 -1.42083764e-01 -2.19359130e-01
  -2.74360031e-01 -2.36495897e-01 -1.95316762e-01 -3.89319628e-01
  -1.18641697e-01  1.71418488e-01]
 [ 1.96049854e-01  2.42896527e-01 -1.02779403e-01  9.17039931e-01
   2.44048446e-01  1.25387907e-01 -4.48196381e-02 -3.91366303e-01
  -3.27607125e-01 -4.90702949e-02]
 [-3.56003940e-02 -3.15822244e-01  1.58227533e-01  7.95489401e-02
  -1.15316592e-01 -2.98576057e-01 -3.28578681e-01 -3.55261445e-01
  -2.20749438e-01  6.24913752e-01]
 [ 3.75854857e-02 -4.41822231e-01 -9.25991610e-02  8.82607281e-01
  -1.18454240e-01  2.82922179e-01  1.41259460e-02  6.19359277e-02
   7.86777660e-02 -3.11031491e-01]
 [-2.37314343e-01  4.75132406e-01  7.08143115e-02 -1.83806896e+00
  -9.54517901e-01  1.63120151e-01  1.28422767e-01  3.08653444e-01
  -1.84026152e-01  1.65232170e+00]]
Peso 2:
[-0.26021203  0.03002525 -0.0180945   1.020332    0.46234936 -0.00112986
 -0.02325641  0.00327267 -0.03419414 -0.25670016]
Camada: saida
Peso 1:
[[ 0.13080099 -0.48075736]
 [-0.3814132  -0.7750066 ]
 [ 0.3358921   0.00767752]
 [-1.4672176   1.8930675 ]
 [-0.5931479   0.9174155 ]
 [ 0.4649805  -0.03260851]
 [ 0.02231145 -0.5123994 ]
 [ 0.42114004  0.56965137]
 [ 0.43809617  0.17466089]
 [ 1.4517516  -1.1578101 ]]
Peso 2:
[-0.09463236  0.09463253]



pesos modelo: 
Test loss: 0.3918, Test accuracy: 0.8520
Camada: meio
Peso 1:
[[-3.09776872e-01 -1.57074332e-02  3.40596378e-01  3.16752911e-01
  -1.37440145e-01 -1.79130137e-02 -1.24015749e-01 -8.12631845e-02
  -4.52704757e-01  1.37326062e-01]
 [-3.87649894e-01 -8.35885108e-02  4.06113386e-01 -5.40478230e-02
   3.39689553e-01  2.23941743e-01  1.97922647e-01  2.04966664e-02
   2.50866175e-01 -3.81958187e-01]
 [ 3.96322966e-01  9.34442878e-03 -1.40924871e-01 -3.42677772e-01
   1.77360952e-01  7.50777125e-02  3.51556659e-01  4.22895849e-02
   8.34798217e-02  1.51251316e-01]
 [ 1.34798944e-01  2.90628746e-02 -3.69706362e-01 -2.15827435e-01
   2.39230990e-01 -3.37440640e-01 -2.09944546e-02 -3.67339909e-01
  -2.29010597e-01 -9.25656632e-02]
 [ 2.92919070e-01  1.03008159e-01 -1.98797002e-01  1.25307769e-01
   1.50833651e-01 -2.66852528e-01 -4.53777581e-01 -3.85989577e-01
   3.31646323e-01  8.62635002e-02]
 [-6.90597966e-02  2.42017046e-01 -2.69885838e-01 -1.56406343e-01
  -2.32980043e-01  1.79683402e-01 -2.26014301e-01 -3.93548787e-01
  -1.06573902e-01  3.22707325e-01]
 [ 2.09206954e-01  3.32434237e-01 -4.42906082e-01  2.08874196e-01
  -4.22213852e-01  7.15670586e-02 -4.10489112e-01 -3.02764207e-01
   2.96613276e-01 -3.09500754e-01]
 [ 2.43042588e-01  1.40685558e-01 -4.52775776e-01  2.52617933e-02
   4.79077697e-01  1.35642933e-02 -3.84004503e-01 -2.62178123e-01
   2.56563634e-01 -1.10370502e-01]
 [ 3.86281051e-02  4.57648844e-01  1.92588657e-01  8.66708010e-02
  -3.99032198e-02  3.36706966e-01  1.41646368e-02  1.70991287e-01
   1.82964221e-01  1.03209406e-01]
 [ 3.66150945e-01 -2.19423220e-01  1.50345147e-01  1.19858734e-01
  -1.10300094e-01 -1.72597498e-01  2.39897266e-01 -3.09859544e-01
  -1.83096617e-01  3.31618749e-02]
 [ 1.48499817e-01 -7.96138775e-03 -1.02897026e-01  5.80878742e-02
  -8.10342506e-02  2.20252514e-01  1.63624600e-01 -3.56382936e-01
   1.86956778e-01  2.74665840e-02]
 [ 2.63381422e-01  1.86760277e-01  3.24688494e-01 -1.14621446e-02
   4.70565408e-01  1.52715698e-01 -4.02929127e-01  2.76154608e-01
  -1.82603893e-03  1.88873529e-01]
 [ 2.21006691e-01  4.45658624e-01 -1.28051296e-01  2.03961790e-01
   3.64018232e-01  3.96656096e-01  9.69509333e-02 -2.97946960e-01
   2.45916203e-01 -3.11961830e-01]
 [ 2.18275666e-01 -5.69036186e-01  1.85255259e-01  6.17633581e-01
  -2.83478647e-01 -3.64294529e-01 -3.04463327e-01  1.42142013e-01
   8.00179914e-02 -3.38875175e-01]
 [-2.68135399e-01 -1.47893783e-02  1.98316649e-02  1.35556176e-01
   3.99414688e-01 -3.15989554e-01 -1.48205131e-01 -2.03807086e-01
  -2.30943754e-01 -3.90736818e-01]
 [ 6.81542277e-01  4.23937291e-01 -3.87999892e-01 -4.50667471e-01
   2.20949546e-01 -1.70959517e-01  1.25215156e-02  1.97853863e-01
  -4.95658964e-02  5.45358397e-02]
 [-1.27073256e-02 -4.32511389e-01 -3.37842762e-01  5.29026926e-01
   4.67226416e-01  1.53992444e-01  4.49199304e-02 -1.68300852e-01
   4.41491365e-01 -4.42831635e-01]
 [ 9.57723260e-01  3.08970422e-01 -3.65533859e-01 -1.99880719e-01
   1.14677273e-01 -1.27820477e-01  3.14636856e-01  3.71419162e-01
   1.09266892e-01  3.15841734e-01]
 [-1.57946229e+00  5.35815954e-02  3.50353390e-01  1.98841143e+00
   5.92557132e-01 -4.27971520e-02 -2.89044201e-01  5.23412041e-02
  -4.70683903e-01 -1.61357485e-02]]
Peso 2:
[ 1.0579618   0.17435047 -0.01090223 -0.33638555 -0.08303192  0.15403338
 -0.14679389 -0.07281821  0.10668796 -0.14632979]
Camada: saida
Peso 1:
[[-1.3948696   1.7983782 ]
 [-0.9062767  -0.1191823 ]
 [ 0.2935078   0.35577267]
 [ 1.6998782  -1.2167249 ]
 [ 0.15884393 -0.46262583]
 [-0.6205522   0.1504687 ]
 [ 0.47174722 -0.24017431]
 [ 0.432653   -0.5981317 ]
 [ 0.30630037  0.96675   ]
 [ 0.0740051  -0.5327084 ]]
Peso 2:
[-0.32356596  0.32356638]



pesos modelo: 
Test loss: 0.9382, Test accuracy: 0.7114
Camada: meio
Peso 1:
[[-3.16264272e-01 -2.93076038e-03 -3.16860974e-02 -2.04503775e-01
  -3.49947393e-01 -1.26809120e-01  8.67163539e-02  4.37581003e-01
   1.36098862e-01 -3.80468905e-01]
 [-4.46492165e-01  2.86116898e-01  7.52092600e-02 -2.40409747e-01
  -5.22661507e-02 -3.93260509e-01  1.21405125e-02  3.13397348e-01
   3.11005473e-01 -1.54974759e-02]
 [ 3.34777236e-01 -2.18548477e-02 -5.41442335e-02 -8.32338929e-02
   2.60969520e-01  3.35708797e-01 -2.89581805e-01  4.20916200e-01
  -4.95486856e-02 -1.04190141e-01]
 [ 3.08398575e-01  1.67518839e-01  4.74219471e-02  3.79567742e-01
   6.22211024e-04 -3.73764664e-01  3.53282869e-01  4.16146904e-01
  -4.44193706e-02 -1.93552673e-01]
 [-1.06836237e-01  2.16970488e-01 -4.56965417e-01 -4.67649192e-01
  -2.46227961e-02 -3.83562386e-01 -1.67069644e-01  1.63482130e-01
  -1.48316711e-01 -1.44636426e-02]
 [-6.72472045e-02  3.17662776e-01 -4.30522770e-01  1.32130891e-01
  -1.96409270e-01 -2.20950708e-01 -2.21027866e-01  1.39173999e-01
  -5.06421039e-03 -5.19798696e-03]
 [ 3.20038199e-02  4.07875687e-01  3.38343352e-01  9.06097665e-02
   3.28934222e-01 -6.47631064e-02  4.06116873e-01 -3.40320617e-01
   3.49976728e-03 -1.70876175e-01]
 [-1.24553226e-01 -1.12070985e-01 -2.67334580e-01  2.97006130e-01
  -1.66793019e-01 -5.55766746e-02 -1.14088476e-01  5.79709053e-01
   1.97291076e-01  3.74922693e-01]
 [ 2.73964912e-01  1.32490871e-02  4.34886366e-01  4.68366712e-01
   3.02011669e-01 -2.92724997e-01 -9.22255218e-02  5.29627919e-01
  -2.78430581e-01 -1.71048511e-02]
 [ 1.07844099e-01  3.22998643e-01  8.83716997e-03 -1.76895350e-01
   1.05854675e-01 -7.88224414e-02  4.13829118e-01  4.77166027e-01
  -3.24568152e-02  2.93115705e-01]
 [ 3.14723095e-03  1.90533727e-01  1.08764105e-01 -1.93258807e-01
  -4.09146905e-01  2.21272513e-01  3.29436570e-01  9.76537392e-02
   1.03009224e-01  7.15484694e-02]
 [ 2.46872902e-02  5.26211619e-01 -3.16343121e-02 -3.70115221e-01
  -4.52868380e-02 -5.66404909e-02 -2.32137904e-01  2.29029097e-02
   1.58648610e-01 -8.00721496e-02]
 [ 2.95195896e-02  4.99687135e-01 -2.72461116e-01  4.29026216e-01
   2.89356023e-01  9.57081169e-02 -2.57880747e-01  8.23500305e-02
  -4.20282155e-01  1.28559276e-01]
 [ 3.37579697e-01 -2.23500386e-01  2.01085970e-01  1.70957949e-02
   1.30048022e-01  2.38724947e-02 -2.26732925e-01 -1.13917388e-01
  -1.77943721e-01  1.37591049e-01]
 [ 4.85979289e-01 -1.08261324e-01 -1.82039902e-01  2.45390922e-01
  -4.07063931e-01  1.03701977e-02  5.88444591e-01 -7.49217048e-02
   2.02657152e-02  1.33664057e-01]
 [-6.53903782e-01  4.38857414e-02  6.85741067e-01 -1.14745267e-01
  -6.59039617e-02  4.21607941e-01 -1.85402691e-01  2.71092445e-01
  -7.57279322e-02 -2.54090816e-01]
 [ 5.01239538e-01 -1.86756507e-01  3.62627476e-01 -5.92453070e-02
   5.43651171e-02  1.34768009e-01 -3.43505412e-01  2.81523943e-01
  -1.80492550e-01  4.51137573e-01]
 [-6.01319492e-01  4.43024725e-01 -1.99330986e-01 -1.77461639e-01
  -1.65250197e-01 -3.57114464e-01  4.43414181e-01  6.75156116e-02
  -2.17789561e-01 -3.87272298e-01]
 [ 2.04705620e+00 -6.70017183e-01 -4.26163152e-02 -4.62677598e-01
  -3.61020386e-01  2.01507583e-01 -3.20085526e-01 -9.18386221e-01
  -2.33785421e-01  1.12795901e+00]]
Peso 2:
[-0.46075392  0.66747886  0.09125002  0.10952336 -0.06806318 -0.04181803
  0.2415341   0.61551666 -0.1178427  -0.19333342]
Camada: saida
Peso 1:
[[ 1.5826075  -1.5822496 ]
 [-1.203526    0.438495  ]
 [-0.507803    0.23298092]
 [-0.00224862  0.6799472 ]
 [ 0.02625371  0.09296637]
 [-0.30220982  0.4347339 ]
 [-0.12368513  0.6400295 ]
 [-0.37859508  1.2809772 ]
 [ 0.4444386  -0.17449558]
 [ 0.91501385 -0.63634723]]
Peso 2:
[-0.82331234  0.82331115]



pesos modelo: 
Test loss: 0.3061, Test accuracy: 0.8758
Camada: meio
Peso 1:
[[ 0.03464594 -0.04808703 -0.24115467 -0.171      -0.14505541  0.43086696
  -0.19596726 -0.3021767  -0.13100493  0.35787088]
 [ 0.23638421 -0.11261928 -0.18202719  0.45064396  0.23996216  0.30559027
  -0.45200962 -0.32174918  0.07767761 -0.04683569]
 [-0.35580853  0.44720435  0.0053795  -0.03544539  0.3911751   0.4482013
   0.3587436  -0.00888136 -0.1269576  -0.24121864]
 [ 0.16436619 -0.05886726 -0.2822736   0.37588426  0.37823755 -0.20784324
  -0.37264746  0.25308838  0.10697584  0.19244698]
 [ 0.4050256  -0.31934404  0.05031823  0.07030031  0.3448399  -0.21259779
  -0.15431495 -0.02381335 -0.03746989 -0.06926882]
 [-0.35572994 -0.28634387 -0.310891    0.15102726  0.16013741 -0.19244525
  -0.31347892  0.36483255 -0.44062492  0.30309626]
 [ 0.0243349   0.02623803  0.10716593 -0.01389087  0.282597    0.2029479
  -0.02104416  0.23808463 -0.21720791  0.08756232]
 [ 0.36792806  0.35749698 -0.3159694   0.4438882  -0.36908853 -0.3214936
   0.05706662  0.07355896 -0.03799431 -0.31935352]
 [-0.25628853  0.03879982  0.02536789 -0.32036868  0.39506656 -0.11741553
  -0.42950347  0.09986818 -0.11479881 -0.16815001]
 [ 0.38356373  0.08744518  0.04199079  0.2901842  -0.14584263 -0.33028546
  -0.10234903  0.21662492  0.0823568   0.15347785]
 [-0.16627549  0.23188806 -0.30532718 -0.14184974 -0.05422991  0.3365489
  -0.2833827   0.2418489   0.03423117 -0.01097517]
 [-0.00569858 -0.14278537 -0.39591694 -0.31467468 -0.3142133  -0.32973287
  -0.18817864  0.16686146  0.3415184   0.10268012]
 [ 0.05455617  0.43860853 -0.16274883 -0.30597174 -0.12725814 -0.1115287
   0.18848369  0.3776163   0.27712446  0.01579384]
 [ 0.29140106  0.17213765  0.12130742 -0.31248397  0.3248957  -0.29866245
  -0.48677254 -0.0710251  -0.14187637  0.5730558 ]
 [-0.4306127   0.60823977  0.20592518 -0.23971277 -0.59503835  0.24391331
   0.29428738  0.2499135   0.3776892   0.43697923]
 [ 0.45601296  0.08658343  0.30061343 -0.15242961 -0.05462815 -0.39971972
   0.20683597  1.0502056  -0.4311027  -0.2799279 ]
 [ 0.37623248  0.68952584 -0.3699883   0.17176524 -0.3439705  -0.32451695
  -0.09230029  0.05461295  0.04203056  0.29244915]
 [-0.04591882 -0.1337549  -0.33547226  0.39904693  0.45116714 -0.01095289
  -0.28114098  0.6873886  -0.1231976  -0.5717689 ]
 [-0.60311204  0.67441046 -0.41154915  0.21822809  0.05125208  0.4281786
   0.35211015 -1.9760432  -0.41366974  1.580377  ]]
Peso 2:
[ 0.24620849 -0.15873346 -0.21422255 -0.01453788  0.04382697 -0.00356999
 -0.04052098  1.0079309  -0.00386884 -0.14574143]
Camada: saida
Peso 1:
[[ 0.05806054  1.0652477 ]
 [ 0.70828193 -0.53918326]
 [ 0.43255037 -0.6332093 ]
 [-0.14299169 -0.10567397]
 [-0.72656083 -0.22093876]
 [-0.12618606  0.18543191]
 [-0.5288355   0.561244  ]
 [-1.6868842   1.6222318 ]
 [ 0.2813186   0.46433198]
 [ 1.6314858  -0.7442599 ]]
Peso 2:
[-0.24457508  0.24457538]



pesos modelo: 
Test loss: 0.2718, Test accuracy: 0.8890
Camada: meio
Peso 1:
[[ 1.39402926e-01  2.10317910e-01 -3.37145269e-01 -1.21968091e-02
   1.85475588e-01 -3.59543115e-01  3.70822668e-01  3.25410783e-01
  -1.43278509e-01 -4.37456608e-01]
 [ 2.93761551e-01  2.54383862e-01  2.59582043e-01 -2.39829004e-01
  -4.26915884e-02 -8.34729075e-02  2.46159136e-02 -2.49585316e-01
  -3.75188500e-01  3.64688158e-01]
 [-1.90250278e-01 -1.05826855e-02  1.37185097e-01 -9.66683924e-02
   2.01508820e-01 -3.94746125e-01 -4.46622729e-01  4.30922985e-01
   4.70708013e-02 -3.81241143e-01]
 [ 5.93257099e-02  2.99753249e-01  3.74258041e-01 -1.81099892e-01
   4.55972999e-02 -7.23769665e-02  1.94631875e-01 -1.39052607e-02
  -1.99828610e-01  4.22573686e-01]
 [ 3.22539270e-01  3.39936495e-01 -2.59136707e-01  3.24497461e-01
   4.09753501e-01 -2.21911609e-01 -3.93383428e-02 -9.98981521e-02
  -3.86662304e-01 -8.56825709e-02]
 [-2.87386358e-01 -1.36676744e-01  9.16704088e-02  2.51818836e-01
   3.60476166e-01 -6.64676279e-02  2.00840548e-01  2.64771670e-01
   4.35513183e-02  3.68341327e-01]
 [ 4.01118100e-02  2.42776006e-01  4.57816482e-01  4.30808775e-02
   2.86988374e-02 -1.11079678e-01 -9.73663330e-02 -6.89451247e-02
   1.90577328e-01 -3.22658062e-01]
 [-4.50942069e-01 -4.01976734e-01  2.09167838e-01 -9.73906890e-02
   2.83266336e-01  2.71899393e-03 -3.56412798e-01  1.37349099e-01
  -4.00666110e-02  4.95565414e-01]
 [-1.41842261e-01 -7.51173943e-02  3.39067817e-01  8.67043585e-02
  -2.17373550e-01  2.89953589e-01  1.84124224e-02 -1.85214560e-02
  -4.46849078e-01 -1.83572575e-01]
 [-2.78437108e-01 -1.59768359e-04  1.87790960e-01  1.17070958e-01
  -3.55858684e-01 -3.45459253e-01 -1.89253986e-01 -1.49498656e-02
  -1.09254934e-01  1.39727861e-01]
 [-4.97363694e-02  9.69988182e-02  3.55362266e-01 -6.22852594e-02
   3.06833267e-01 -4.07190502e-01 -4.84671071e-02  6.42132089e-02
  -7.24264309e-02  3.12622398e-01]
 [ 6.88043386e-02 -2.48597413e-01  1.26154348e-01  1.25039130e-01
  -2.01688409e-01 -1.51601791e-01 -2.37612173e-01 -7.37250075e-02
  -3.31380278e-01 -2.41940543e-01]
 [ 1.24042988e-01  3.41806710e-01 -4.62770201e-02  4.93149310e-01
   3.29737030e-02 -4.31295425e-01  3.31393868e-01  9.69082192e-02
   4.33032304e-01 -1.98702112e-01]
 [ 1.49596184e-01  7.17002004e-02 -2.45331839e-01  6.40306249e-02
  -5.05549252e-01 -3.36622834e-01 -3.79358083e-01  3.58745694e-01
  -1.18814059e-01 -4.81350720e-02]
 [ 1.44348107e-02  1.44350812e-01  1.45472780e-01 -2.67996013e-01
   7.30580464e-02 -1.27626315e-01 -4.14966702e-01  5.71926415e-01
   1.31564900e-01  3.81220043e-01]
 [ 1.45628989e-01  2.41033539e-01  7.38915563e-01  7.13966131e-01
  -1.09091707e-01 -6.86668530e-02 -6.64244890e-02 -2.98527479e-01
   2.82096356e-01  2.08826080e-01]
 [ 2.58989204e-02  2.29540631e-01 -3.17923039e-01  1.29986748e-01
   1.99956924e-01  1.81776777e-01  4.16484848e-03  4.26281929e-01
  -3.23175639e-01 -3.29257287e-02]
 [ 2.86339689e-02  1.47879705e-01  1.89983562e-01  6.35546327e-01
  -2.47712836e-01 -2.83461958e-02  1.55362338e-01 -4.19879109e-01
  -4.51536030e-01  4.46471542e-01]
 [ 1.62670106e-01  7.63696134e-01 -6.61507964e-01 -7.36450613e-01
  -2.97734171e-01  3.67085993e-01  3.50155622e-01  2.21237946e+00
   2.52936572e-01 -4.90124136e-01]]
Peso 2:
[-0.10563716 -0.09603634  0.5681695   0.83086467  0.19039382  0.00381424
  0.01781617 -0.53833747  0.01352608  0.31101897]
Camada: saida
Peso 1:
[[ 0.5057986   0.2600964 ]
 [ 0.6498772  -0.10989836]
 [-1.0376546   0.6390764 ]
 [-1.1036434   1.1479658 ]
 [-0.6360904   0.2859378 ]
 [ 0.6409397   0.3947482 ]
 [-0.40721077 -0.24820131]
 [ 1.8404323  -1.4577688 ]
 [ 0.15600196  0.37472245]
 [-0.44078773  0.68483126]]
Peso 2:
[-0.5017217  0.5017223]



pesos modelo: 
Test loss: 0.4870, Test accuracy: 0.8262
Camada: meio
Peso 1:
[[ 3.81356180e-01  1.32412910e-01  3.15908134e-01  3.76884520e-01
  -2.36373022e-01 -6.06528819e-02 -1.57514751e-01 -1.11979663e-01
  -3.95589739e-01 -2.40891457e-01]
 [-6.73264861e-02 -1.94927812e-01 -2.39761770e-01  1.45524740e-03
   3.48301828e-01  4.06680703e-01  3.05081785e-01 -1.50091767e-01
   2.85764277e-01 -4.18567777e-01]
 [ 2.68647850e-01 -6.76054060e-02 -3.27446967e-01  2.71302998e-01
   3.19266319e-02  3.47705483e-01 -9.44231153e-02  2.93440640e-01
  -3.98445129e-03  3.72844338e-02]
 [ 3.06126289e-02  2.25847438e-01 -3.11402023e-01  7.84718022e-02
  -1.24081923e-03  6.66833147e-02  5.40685833e-01 -1.67487245e-02
   2.81221896e-01  1.77544147e-01]
 [ 2.46870685e-02  5.81719995e-01 -3.61687057e-02  2.37272158e-01
   2.30642721e-01 -2.36889496e-01 -1.32117663e-02  1.51066393e-01
   3.38471830e-02  1.33507565e-01]
 [-5.36090881e-02  4.17176157e-01  2.77286947e-01 -2.19539165e-01
   2.06566960e-01  1.92103729e-01  2.66645998e-01 -1.11114636e-01
  -2.09039569e-01 -1.78181663e-01]
 [ 6.08769394e-02  3.79589289e-01 -7.70420730e-02 -4.17622656e-01
   1.79315414e-02 -3.26971054e-01 -3.56371641e-01 -1.84201986e-01
   9.50319245e-02 -3.23793441e-01]
 [-2.92372823e-01  7.12434351e-02 -3.57521653e-01  5.57033159e-02
  -1.51677534e-01 -6.71145543e-02 -1.10965826e-01 -1.12285785e-01
   2.21813649e-01 -3.16056758e-02]
 [ 2.30118781e-02  2.64983565e-01 -5.55152632e-02 -1.74617365e-01
   7.57538453e-02  1.88249350e-01 -1.40421659e-01 -7.74535444e-03
  -3.42538804e-01 -2.75252223e-01]
 [ 2.83389628e-01  3.85708660e-01 -9.33832303e-02 -2.66487867e-01
   1.52176067e-01 -3.98382872e-01  2.32300758e-01  1.17293010e-02
   9.67240036e-02 -2.28546306e-01]
 [-2.41074618e-02  5.79590425e-02  7.33794942e-02 -1.13473803e-01
  -6.76833019e-02  2.63280839e-01 -5.32677546e-02 -3.25580657e-01
  -4.83544506e-02  2.76554942e-01]
 [ 4.95940112e-02  3.26305658e-01 -2.74364769e-01  3.18647444e-01
   9.50562283e-02 -2.62230098e-01  1.12305202e-01 -2.05366060e-01
   2.39422172e-01  7.66006187e-02]
 [-4.77357715e-01  4.19257581e-02 -1.48325026e-01 -2.78092593e-01
  -5.18345498e-02 -2.87230462e-01  2.79418111e-01 -3.01880240e-01
  -8.37116688e-02  9.20707285e-02]
 [ 1.61036432e-01 -1.01761788e-01  9.80724543e-02 -4.25989777e-01
   3.34008873e-01  1.34474635e-01 -2.32876971e-01 -2.91050196e-01
   3.91988337e-01 -2.59901494e-01]
 [-4.17097628e-01  3.62703234e-01 -1.84542328e-01 -4.01864141e-01
   6.88391089e-01  2.80408859e-01  2.44819894e-01  2.94506103e-01
   1.61914274e-01 -2.71864235e-01]
 [ 3.10153086e-02  4.12377894e-01 -1.19092204e-01  3.12109917e-01
  -6.16101682e-01  2.01165751e-01  5.16567409e-01 -3.88495028e-01
  -2.18880281e-01  1.29605293e-01]
 [-5.46037294e-02 -1.24457307e-01  2.28257060e-01 -2.65499651e-01
   3.60235870e-01 -5.77921001e-03 -4.52402711e-01 -1.90834209e-01
   5.35551608e-02 -2.28797823e-01]
 [ 1.19306035e-01  7.89482713e-01 -1.78685293e-01 -3.73355567e-01
  -6.99336708e-01 -2.37628296e-02 -2.30131254e-01  1.25803454e-02
  -3.43635827e-02 -7.26555660e-03]
 [ 1.94566458e-01 -9.91068244e-01  2.67381281e-01  5.96733093e-02
   2.23953581e+00 -8.56844485e-02  1.11156397e-01 -4.37549353e-02
   9.20714021e-01 -2.44699955e-01]]
Peso 2:
[-0.25762174  0.86468506  0.02832958 -0.06718921 -0.5638118  -0.13575979
  0.18288289 -0.04862343 -0.21353331 -0.22494483]
Camada: saida
Peso 1:
[[ 0.10139623 -0.2709357 ]
 [-1.295912    1.0926251 ]
 [ 0.28334567  0.08148229]
 [ 0.21958166 -0.35598025]
 [ 1.5874662  -1.914082  ]
 [ 0.24002318  0.06542894]
 [-0.39440557  0.24574369]
 [ 0.3817244  -0.20474753]
 [ 0.95197576 -0.06372092]
 [ 0.32527295 -0.2977159 ]]
Peso 2:
[-0.94493026  0.94493055]



pesos modelo: 
Test loss: 0.6980, Test accuracy: 0.7701
Camada: meio
Peso 1:
[[-1.46812469e-01  1.59821510e-01  9.47377086e-02 -2.15300724e-01
  -1.66480571e-01 -1.82498723e-01  5.39097786e-02  3.49322200e-01
   1.62196934e-01  2.01776445e-01]
 [-1.41908377e-01 -8.38643909e-02 -3.95718783e-01  1.60899580e-01
  -4.18193847e-01  3.48823011e-01  3.78391504e-01 -2.03425378e-01
   3.84718478e-01 -1.47603035e-01]
 [ 3.87785792e-01 -2.05217347e-01  2.46974051e-01 -2.09190547e-02
  -1.78144783e-01 -2.75429904e-01 -3.32139581e-01  2.73486316e-01
   3.02303016e-01 -1.50511265e-01]
 [ 3.86114150e-01  2.04062015e-01  4.89056766e-01 -3.88582349e-01
   3.78227234e-01 -3.99056822e-01  1.63508266e-01 -1.72246676e-02
   3.51514071e-01 -1.85692355e-01]
 [ 1.27904117e-01  4.73706901e-01  7.03571960e-02 -5.11791334e-02
  -5.83713092e-02 -1.70930415e-01  1.30808309e-01  4.36892355e-04
  -1.02211282e-01 -1.17791176e-01]
 [ 2.51976430e-01 -2.01491684e-01 -2.57166680e-02 -1.61786273e-01
   3.56990814e-01  4.68938082e-01 -1.67054772e-01  2.33990520e-01
   3.23456496e-01 -2.47369051e-01]
 [ 9.99480784e-02  1.27328821e-02 -7.15336874e-02 -1.18721344e-01
  -3.77373338e-01  1.58348288e-02  2.09479526e-01 -1.40591413e-01
   1.06348440e-01 -3.78455788e-01]
 [ 7.29350969e-02 -2.54992768e-02  1.28218323e-01 -2.40963012e-01
   4.09813255e-01  4.02940571e-01  1.86418846e-01  5.94352335e-02
   1.43588796e-01 -2.77977049e-01]
 [ 1.99742652e-02 -7.87772462e-02 -6.72347052e-03 -2.37588361e-01
   1.59348268e-02  1.46779180e-01  8.44178125e-02 -2.46591717e-01
   1.22089989e-01 -3.10430348e-01]
 [ 2.60403603e-01  2.05442369e-01 -1.07947350e-01  9.78937969e-02
   4.83876579e-02  1.23377256e-01  3.00616883e-02 -1.51076317e-01
  -1.55273512e-01 -1.24235339e-01]
 [ 2.82740027e-01  3.85768563e-01  1.94733873e-01  5.80075681e-02
   2.97370225e-01 -2.78092831e-01  2.95766927e-02 -1.45721380e-02
   9.07961652e-03 -4.42786932e-01]
 [-3.45319003e-01  3.80484462e-01  2.81454116e-01  4.13157642e-01
   2.04626024e-01 -3.34683478e-01  5.89431763e-01 -2.06651017e-02
   8.41019824e-02 -2.01170146e-01]
 [ 1.91264823e-01 -1.44854456e-01 -2.62285061e-02  2.76119918e-01
  -5.78780584e-02  1.35968596e-01  3.73035401e-01  5.13631999e-01
   3.10751349e-01  3.54428560e-01]
 [-2.89388090e-01  3.84925485e-01  6.89247489e-01 -2.07503363e-01
  -3.14985484e-01 -1.63124159e-01 -1.07021607e-01  1.25993729e-01
   1.00525737e-01 -1.12825789e-01]
 [ 3.95832136e-02 -1.64119020e-01  5.58003247e-01 -1.58031687e-01
   2.90122181e-01 -3.36608827e-01 -3.76642555e-01  3.99278730e-01
   2.35068902e-01  3.44461888e-01]
 [ 2.24860571e-03  6.37386680e-01 -6.64823055e-01 -2.62078822e-01
  -2.65793622e-01 -3.87510478e-01 -7.45364428e-02 -1.05934657e-01
   8.09507847e-01 -2.05934107e-01]
 [ 1.13908745e-01 -5.54126799e-01  2.28890181e-01 -1.24129012e-01
  -3.23351532e-01 -2.29401380e-01  7.18111843e-02  2.17766792e-01
   4.59936559e-02 -2.35921070e-01]
 [-1.62948474e-01  4.81274605e-01 -1.26835331e-01  6.59886152e-02
   4.13219184e-01  1.48680463e-01 -3.44264477e-01 -1.09388590e-01
   8.87693942e-01  1.81309715e-01]
 [-5.51180243e-01 -4.64066029e-01  1.71508121e+00 -4.17946905e-01
  -3.88386577e-01 -3.88865769e-01 -7.03128695e-01  7.73424864e-01
  -1.42210269e+00  2.18770951e-01]]
Peso 2:
[ 0.10679869  0.4661333  -0.42113394 -0.01827607  0.34300178  0.04468195
  0.42622098 -0.04756125  0.7719532  -0.04297533]
Camada: saida
Peso 1:
[[-0.32451594  0.5478268 ]
 [-0.47375083  1.0999099 ]
 [ 1.758539   -0.8679815 ]
 [-0.332899   -0.39685875]
 [-0.23011379  0.8589222 ]
 [-0.478774   -0.2538379 ]
 [-0.316552    0.9603565 ]
 [ 0.5796814  -0.66285205]
 [-1.0411354   1.4576961 ]
 [ 0.6909724  -0.23143482]]
Peso 2:
[-0.29426196  0.29426244]



pesos modelo: 
Test loss: 0.9067, Test accuracy: 0.7380
Camada: meio
Peso 1:
[[ 0.31855303 -0.23551099 -0.05932605 -0.10111633 -0.01101667 -0.22487605
   0.36922663  0.3793984   0.11711442 -0.2871722 ]
 [ 0.33836114 -0.12336582 -0.2049034   0.41180527  0.04149348  0.03925481
   0.0257405  -0.36485115  0.43678236 -0.15761092]
 [-0.21752812  0.2491988   0.26769584  0.32309783  0.07231712  0.3911416
  -0.26246315 -0.23803757 -0.33807346 -0.15696502]
 [ 0.26524094 -0.40892676  0.06635787  0.36117736  0.22520582 -0.37925085
   0.26391634 -0.09080756 -0.1446205  -0.24459432]
 [-0.3986265  -0.3205254   0.43755704  0.14280015  0.34684092  0.22040762
  -0.046708   -0.1714529  -0.16683853  0.05544815]
 [-0.13637523 -0.10214615 -0.24122742  0.2326971  -0.25753093 -0.18352325
   0.02552425  0.28061458  0.17662439  0.17163885]
 [-0.3226312   0.00240341  0.01725485  0.48149192  0.41928983 -0.14566165
   0.31092688 -0.4013783  -0.36870247  0.05345953]
 [ 0.04991547 -0.27611718  0.386327    0.20406242  0.40509486 -0.34536245
  -0.04802388  0.2823038  -0.34346637 -0.30213735]
 [-0.10773455  0.13796842 -0.01077884  0.38319787 -0.03307025  0.28393474
   0.19136566 -0.06239115  0.2689139  -0.34794068]
 [ 0.2524777  -0.38378412 -0.3390529   0.2738007   0.23036677 -0.08341223
   0.07210297  0.2801417   0.09990858  0.01060587]
 [-0.05108091 -0.19410351  0.16249211  0.07907976 -0.34052792  0.21869132
   0.12203156 -0.3522246   0.13522463 -0.44744626]
 [-0.05815811  0.13148604 -0.20216504  0.16459522  0.06955418  0.06764433
  -0.03743939  0.406734   -0.28847405 -0.28386843]
 [-0.18811917 -0.37820506  0.53072906  0.10055882  0.38114375 -0.28149343
  -0.16419825  0.03855094 -0.26917872 -0.441599  ]
 [-0.06615559 -0.11512593 -0.2987997  -0.21719329  0.03957199 -0.20738807
   0.20258525  0.14905149 -0.07680093  0.39112774]
 [-0.31753546  0.1509226  -0.12104109 -0.08843768  0.23751488 -0.20298526
   0.46435916  0.04734236 -0.03092907  0.28320232]
 [ 0.03333436  0.28047553  0.01644513  0.71980506 -0.5226866   0.17348641
  -0.48221937 -0.39712474 -0.03155076  0.39772427]
 [-0.12050094 -0.3841874  -0.07405184  0.00483801  0.67066413 -0.2567979
   0.61870086  0.06336655 -0.11305321 -0.18730679]
 [-0.07506292 -0.03888284 -0.30552462  0.9888464   0.19730754 -0.30062804
  -0.56837577  0.45034793 -0.01114289  0.35530785]
 [-0.15181772 -0.2468068  -0.27181873 -1.8670077   0.28686935 -0.29902625
   1.7414871  -0.21519853 -0.23900083  0.06049841]]
Peso 2:
[-0.04147911 -0.0224855   0.25698784  1.2142792  -0.08466935 -0.1211625
 -0.2136015  -0.02524808 -0.06461804 -0.03120505]
Camada: saida
Peso 1:
[[ 0.4680487   0.0683738 ]
 [ 0.2707757  -0.14909036]
 [ 0.04555799  0.78586656]
 [-1.4821863   2.065412  ]
 [-0.15266204 -0.8289281 ]
 [ 0.6059926  -0.03929386]
 [ 1.4508202  -1.0923061 ]
 [-0.17539024 -0.04206867]
 [-0.27411184 -0.6508942 ]
 [-0.26198095 -0.26905978]]
Peso 2:
[-0.18947233  0.18947233]



pesos modelo: 
Test loss: 0.4860, Test accuracy: 0.8129
Camada: meio
Peso 1:
[[-3.2063273e-01 -3.0700499e-01  4.0110707e-01  2.1412265e-01
  -1.8968159e-01 -1.8966293e-01 -4.1649523e-01  5.1294267e-03
   4.2438483e-01 -3.2554710e-01]
 [ 2.9357654e-01  4.3998712e-01  5.6505561e-02 -1.0030699e-01
  -2.9382986e-01  8.4875107e-02  2.3822552e-01 -1.9933605e-01
  -1.9469365e-01  5.7210028e-02]
 [ 3.2679999e-01 -3.1162512e-01  2.7957314e-01 -2.4172628e-01
  -9.1270357e-02  2.3297745e-01 -6.2905103e-02 -4.4197753e-01
   3.4790283e-01 -2.6688388e-01]
 [ 2.5129193e-02 -1.5550750e-01 -1.9613887e-01 -2.9425377e-02
   4.2617935e-01 -3.8235721e-01 -4.2810876e-02  1.0217713e-01
   4.7538763e-01  2.3495004e-01]
 [ 2.5810897e-01  4.2163260e-02  2.7666248e-02 -1.9800617e-01
  -3.2211661e-01  3.6915001e-01  2.5231373e-01  3.6674708e-01
  -3.3018887e-02 -1.0515121e-01]
 [ 4.6383128e-01 -3.4887251e-01  2.5520435e-01 -4.2590672e-01
  -4.1125825e-01  2.9960945e-01  3.5590053e-01 -7.9143934e-02
  -7.4736357e-02 -8.9121766e-02]
 [ 5.8055840e-02  3.7804535e-01  2.5269074e-02  4.1201234e-02
  -3.3761936e-01 -2.0659152e-01  2.4374242e-01 -2.7208847e-01
   9.9212974e-02 -1.5582706e-01]
 [ 2.2572197e-01  4.4189263e-03 -8.6173691e-02  2.4794842e-01
  -3.0213958e-01  4.5630810e-01 -4.0604317e-01  3.9069009e-01
  -2.6861477e-01 -1.5341735e-01]
 [ 4.5568874e-01 -2.7499188e-02 -5.2188646e-02 -3.9773700e-01
   4.3559009e-01  1.6943543e-01  2.4324401e-01 -1.2558453e-01
   4.2846200e-01  3.9251822e-01]
 [ 2.0094904e-01 -1.2350747e-01  1.0150462e-01  3.5789990e-01
  -3.0843928e-01  2.8685954e-01  2.3857710e-01 -2.9788781e-02
  -1.2857993e-01 -1.8922025e-01]
 [ 2.2731106e-01 -2.7117234e-01  1.6620313e-01  5.1881427e-01
  -4.3653858e-01 -2.6208392e-01 -9.7321579e-03 -4.2475894e-01
  -1.0017398e-01  2.1874929e-02]
 [ 4.3958122e-01 -1.5996109e-01  3.8562790e-02 -3.5689881e-01
   4.3054870e-01 -3.4483556e-02 -1.6458286e-01  7.2441109e-02
   2.2528602e-01  3.0625069e-01]
 [-1.3811795e-01  2.5989744e-01 -8.3190992e-02  1.8464334e-01
  -4.1412632e-03 -1.7741323e-01  2.5512034e-01 -3.8075644e-01
   2.9637784e-01 -1.8714580e-01]
 [-8.9000270e-02 -2.9926118e-01  1.5371577e-01 -2.8438434e-01
  -3.9609760e-01 -3.3233982e-02 -3.4880197e-01 -9.8627612e-02
   3.5796252e-01  4.1536778e-01]
 [ 6.0071684e-02 -4.1628209e-01  3.9892429e-01 -2.6188025e-01
   2.9838240e-01 -4.0886544e-02 -3.8409352e-01 -3.6023146e-01
  -4.7088809e-02  5.0714731e-01]
 [ 6.3415676e-01 -3.3517870e-01 -2.4245474e-01 -3.1792423e-01
  -2.3789230e-01 -3.2706815e-01 -4.3922907e-01 -2.7959082e-01
   4.3093421e-02 -3.2017049e-01]
 [ 2.6889208e-01 -7.5132948e-06  4.9663749e-01 -1.7828853e-01
  -2.4610259e-01  4.8337868e-01 -3.8619396e-01  1.7934476e-01
  -4.9049148e-01  3.3210841e-01]
 [ 7.3298329e-01  2.7820536e-01 -1.3966535e-01  3.9586619e-01
  -1.3843770e-01  7.8430194e-03  3.8596612e-01 -2.6149055e-01
   1.4142476e-01 -6.2936944e-01]
 [-1.4138700e+00 -3.4052163e-01  1.4686841e+00  2.5245965e-01
   5.2267514e-02  6.5079820e-01  1.7779283e-01  3.1582717e-02
  -3.6418113e-01  1.6572857e+00]]
Peso 2:
[ 8.9682508e-01 -9.0014748e-02 -3.7229100e-01  8.9382902e-02
 -1.0550823e-02  1.0593616e-04 -2.7587526e-02 -4.5033772e-02
  2.6365617e-01 -2.7116093e-01]
Camada: saida
Peso 1:
[[-1.5744166   1.1966165 ]
 [ 0.48051068  0.08711027]
 [ 1.1559972  -0.84638494]
 [-0.78559536 -0.3723633 ]
 [ 0.48918802  0.49952742]
 [ 0.8517731   0.00169932]
 [-0.6032001  -0.47616482]
 [-0.32019415  0.5982183 ]
 [-0.7202608   0.38736552]
 [ 1.577469   -0.7692066 ]]
Peso 2:
[-0.66779137  0.6677916 ]
