


pesos modelo: 
Test loss: 0.7085, Test accuracy: 0.7782
Camada: meio
Peso 1:
[[-9.27481651e-02  2.22938061e-01  1.51527166e-01  4.22441244e-01
  -2.89768338e-01]
 [-4.74893808e-01  2.44948030e-01  5.36910295e-02 -2.96918750e-01
   2.55353808e-01]
 [-2.89413095e-01  4.21931148e-01  1.49525881e-01  1.03633165e-01
   1.37249231e-02]
 [-2.08132386e-01  6.25557825e-02  1.89687118e-01 -9.21739452e-03
   3.29451472e-01]
 [-2.44820461e-01  3.91902737e-02  3.94081682e-01 -5.52086644e-02
   2.56007686e-02]
 [-9.35123861e-02  3.98453236e-01 -1.66557375e-02  5.84171593e-01
   1.48189262e-01]
 [ 3.34861398e-01  2.93809563e-01  7.67119229e-02  3.76497418e-01
   2.85021693e-01]
 [-4.75894004e-01 -1.87850401e-01  1.75155997e-02  3.59919310e-01
  -3.33301783e-01]
 [ 4.27305281e-01 -7.06944289e-03 -9.06455442e-02  1.48888513e-01
   3.31996858e-01]
 [ 1.56845242e-01 -2.63837744e-02 -1.97776437e-01  8.69171619e-02
   3.58643711e-01]
 [-9.30083841e-02  5.67740947e-03 -2.39580289e-01  2.52367646e-01
   1.23528298e-02]
 [-2.93613225e-01  2.82094270e-01  4.26780522e-01  2.94201851e-01
  -8.91651884e-02]
 [ 3.06124926e-01  2.49795631e-01 -1.56992465e-01  4.51148123e-01
   3.49013478e-01]
 [-2.70137787e-01  5.07369936e-01 -7.08636284e-01  4.65322994e-02
   4.52851623e-01]
 [ 2.97021121e-02  7.19938874e-01  5.46560109e-01 -2.84546405e-01
  -1.42320380e-01]
 [ 5.02834097e-04 -5.61676919e-01  7.36922622e-01  1.02182575e-01
   7.21883118e-01]
 [-3.82213384e-01  4.90489662e-01 -3.07732467e-02 -1.18598424e-01
  -2.80942976e-01]
 [-1.43498152e-01 -6.45039976e-01  4.92882401e-01  9.37496960e-01
  -2.33421683e-01]
 [-1.74544796e-01  1.71610808e+00 -3.71785939e-01 -1.46046686e+00
  -1.07455432e+00]]
Peso 2:
[-0.09491758 -0.3896432   0.6199064   0.89448917  0.5875367 ]
Camada: saida
Peso 1:
[[ 0.4928894   0.28324482]
 [ 1.717409   -1.1257826 ]
 [-0.683929    1.17341   ]
 [-0.9321      1.6982385 ]
 [-0.19578661  1.5211579 ]]
Peso 2:
[-0.21591352  0.21591401]



pesos modelo: 
Test loss: 0.4423, Test accuracy: 0.8448
Camada: meio
Peso 1:
[[ 1.7581379e-01 -4.7248483e-01  3.2528472e-01  1.0699868e-02
   4.1832519e-01]
 [-2.2356868e-01 -4.9084842e-01 -4.0933526e-01  4.6568716e-01
   1.5265942e-01]
 [-4.1368425e-01 -2.1663308e-01 -1.8389714e-01  4.7730374e-01
   1.6603470e-01]
 [ 1.4994617e-01  2.2255939e-01  3.1791005e-01 -8.1151992e-02
   2.1222799e-01]
 [ 1.3554481e-01 -3.3323866e-01 -1.9772269e-02  4.0418833e-01
   1.8786415e-01]
 [ 1.8104026e-01 -3.5107771e-01  3.1105283e-01 -4.2033598e-01
  -1.6606633e-01]
 [ 1.0312526e-01 -6.2186237e-02 -4.4544816e-01  8.2234621e-02
   3.9927986e-01]
 [ 1.3336588e-01  3.4966864e-02  3.4477677e-02 -9.2760138e-02
   8.0531292e-02]
 [ 1.1946475e-01  1.3615826e-02  2.0369978e-01 -1.8222575e-01
   1.9788192e-01]
 [ 1.6237837e-01  5.7516884e-02  1.8472569e-01 -1.3621113e-01
  -2.1417873e-01]
 [ 1.8312778e-01  1.0278618e-01  1.3185707e-01 -2.8036797e-01
  -2.1218832e-01]
 [ 8.4511518e-02 -1.0815760e-03  3.6934310e-01  4.8789033e-01
   9.0888128e-02]
 [ 6.7257121e-02  2.5933179e-01 -7.3017657e-02 -3.9344364e-01
   3.1951138e-01]
 [-1.5420103e-01  3.6445726e-02 -2.4136807e-01 -4.3839642e-01
   1.7980061e-01]
 [-1.4911252e-01  2.2191331e-01 -5.3849196e-01 -5.4689157e-01
   3.8567594e-01]
 [ 1.0417857e+00  6.2008321e-02  2.1392310e-01  2.4632834e-01
  -1.8435244e-01]
 [-4.4094179e-02  1.6262129e-01 -2.2139354e-01 -1.5486843e-02
  -7.5371277e-01]
 [ 8.7689745e-01 -2.0635371e-01  5.4534394e-02  1.5870604e-01
   1.9109815e-01]
 [-2.3672369e+00 -8.7964290e-01 -9.4509266e-02  2.0346405e-01
  -9.0045375e-01]]
Peso 2:
[ 1.7442524   0.09043454 -0.10564843  0.10623039  0.07089861]
Camada: saida
Peso 1:
[[-2.4078038   2.045502  ]
 [-0.60175097  0.12574692]
 [ 0.03260814  0.39227813]
 [-0.11105902  0.8943821 ]
 [-0.33272246  0.59158975]]
Peso 2:
[ 2.5339205 -2.5339203]



pesos modelo: 
Test loss: 0.6987, Test accuracy: 0.7774
Camada: meio
Peso 1:
[[-0.11559927 -0.29469776 -0.02683949  0.41795635 -0.2217021 ]
 [ 0.05104899  0.44084573  0.1095134   0.07004035 -0.35979116]
 [-0.21285617 -0.42157865 -0.47759688 -0.48089004 -0.47251272]
 [ 0.08100305  0.2448275   0.4103438   0.22961466 -0.08249395]
 [-0.07716975  0.07757208 -0.15355182  0.20466003  0.17850535]
 [ 0.17419252  0.17980501  0.14390208  0.11609169  0.1955154 ]
 [ 0.5140521  -0.03049712  0.15675238  0.00797957  0.3300631 ]
 [ 0.22617127 -0.14843147  0.14644055  0.09669267  0.02884773]
 [ 0.00166679  0.08641008 -0.11768644  0.20347138  0.37076336]
 [-0.0453866   0.2809509   0.25885448  0.3198176   0.05098158]
 [-0.0786595   0.08112214  0.313362    0.24419476 -0.2109955 ]
 [ 0.59281886 -0.10339986  0.04783856  0.14516005  0.03905584]
 [ 0.52258515  0.32493034  0.3014533   0.347515    0.33353665]
 [-0.18598734  0.51565045  0.2645461  -0.33396494  0.0908193 ]
 [-0.23776883  0.79088473 -0.04608173 -0.13946813  0.32885805]
 [-0.4620201  -0.6588499   0.5505066   0.9157096  -0.05078304]
 [ 0.24589165  0.649719   -0.01441285  0.13779014 -0.11381815]
 [-0.48012415 -0.22586788  0.09523613  0.8825958   0.23676382]
 [ 0.21348934  1.2894281  -0.9037735  -1.6169536  -1.2815083 ]]
Peso 2:
[ 0.03359357 -0.26412877  0.20082833  1.1384531   0.5290765 ]
Camada: saida
Peso 1:
[[ 0.08878288 -0.5139807 ]
 [ 1.5598602  -0.8929016 ]
 [-1.1906219  -0.07864078]
 [-1.3936484   1.6458586 ]
 [-1.0782219   0.77291745]]
Peso 2:
[-0.06248067  0.06248086]



pesos modelo: 
Test loss: 1.0725, Test accuracy: 0.6915
Camada: meio
Peso 1:
[[ 0.09893119  0.40014362 -0.06993949 -0.4165933   0.26294053]
 [ 0.43320632  0.3374703   0.29826784 -0.35398853 -0.4280132 ]
 [ 0.3079102   0.07479036 -0.32425916 -0.12455451 -0.43983018]
 [ 0.18452607  0.19386317 -0.07647137 -0.12536536  0.10084844]
 [ 0.49076077  0.04985229  0.20502289  0.46883973  0.02982675]
 [ 0.39354283  0.33492333  0.4980746  -0.49839872 -0.01395325]
 [ 0.46519578  0.11933312 -0.22834393 -0.04964682  0.29637808]
 [ 0.3445109   0.42592564  0.15542962  0.17473115  0.35118353]
 [-0.03045762  0.20171788  0.20121011  0.41734803 -0.10312954]
 [-0.32816985  0.5767517  -0.10967096  0.45749444  0.16128659]
 [-0.00604554  0.20417278  0.17623882 -0.43688095 -0.0766623 ]
 [ 0.12160999  0.43295485  0.15351167 -0.3698999   0.20774892]
 [ 0.55242515  0.12233632  0.13319363 -0.21296965  0.27275047]
 [ 0.16066724 -0.18683608  0.49870333  0.06444561  0.40574092]
 [-0.07869828  0.25334457 -0.02862119 -0.09465653  0.77053916]
 [ 0.49760437  0.4477621  -0.56216204 -0.32565373 -0.2929924 ]
 [-0.19968946 -0.2014491   0.40960577 -0.17988454  0.0356687 ]
 [ 0.43048725  0.60491776 -0.20026329  0.16884416 -0.32583153]
 [-0.8244017  -1.5166638   0.96928483  0.14232624  1.7639148 ]]
Peso 2:
[ 0.51523995  0.86647314 -0.33506325 -0.05814499 -0.54369867]
Camada: saida
Peso 1:
[[-1.1201324   0.6102966 ]
 [-0.83370453  1.7138712 ]
 [ 0.6183052  -0.87455845]
 [-0.31688857  0.07888094]
 [ 1.294437   -1.4261703 ]]
Peso 2:
[-0.48080018  0.48080048]



pesos modelo: 
Test loss: 0.6129, Test accuracy: 0.7848
Camada: meio
Peso 1:
[[-0.323501    0.0165633   0.1741463  -0.3382287   0.4360726 ]
 [ 0.0500567   0.18690515  0.36301184  0.14698923 -0.34814095]
 [ 0.09809053 -0.267424   -0.33290946 -0.49839747  0.00396395]
 [-0.15865035 -0.08941808 -0.15120965 -0.4126338  -0.08100807]
 [-0.34665316  0.34507403  0.26393187 -0.05241107 -0.39784896]
 [ 0.02232504  0.35105193 -0.00863755  0.3462332  -0.01616132]
 [ 0.06983664  0.30608243  0.18707839  0.0135721  -0.06458424]
 [-0.05994078  0.1952689  -0.00700246  0.12602103  0.39361948]
 [-0.03396615  0.31266528  0.10413523  0.387821   -0.06268888]
 [-0.08316582 -0.14150645 -0.25121793 -0.28768525 -0.35393187]
 [-0.10697717  0.5527198   0.21959232  0.42703757  0.03718038]
 [ 0.1766945   0.18613636  0.07518546 -0.01430851 -0.09065654]
 [ 0.5444534   0.05702727  0.15687019 -0.26986372 -0.1927004 ]
 [-0.07015979  0.2563084   0.6877912   0.71515554 -0.18872367]
 [ 0.09128303  0.3105676   0.70265573  0.75237006  0.17807855]
 [ 0.5414726   0.40462452 -0.78935146 -0.07535325  0.02789721]
 [ 0.11520548 -0.25117582  0.41804892  0.19040263 -0.3673138 ]
 [ 0.3866421   1.0533537  -0.18614519  0.01957087 -0.4500271 ]
 [-0.27303112 -1.9460955   1.1435744   1.0394647  -0.23859835]]
Peso 2:
[ 0.24245633  1.1162484  -0.39418945 -0.24408242  0.03213225]
Camada: saida
Peso 1:
[[-0.9226571  -0.15927866]
 [-1.6965369   1.6648146 ]
 [ 1.1331552  -1.1212192 ]
 [ 1.3462309  -0.32194653]
 [-0.5399067  -0.09761114]]
Peso 2:
[-0.5403929   0.54039323]



pesos modelo: 
Test loss: 0.4665, Test accuracy: 0.8153
Camada: meio
Peso 1:
[[ 2.83358216e-01 -1.99005127e-01  3.92344594e-01 -3.01401854e-01
   3.05622935e-01]
 [ 2.18559504e-02 -4.37857747e-01 -4.70987797e-01 -2.13514686e-01
  -4.79427576e-01]
 [ 8.85540247e-02  9.10574198e-02  2.93576241e-01  2.76443958e-01
  -4.79707718e-01]
 [-2.32905149e-01  5.61362021e-02  8.45543891e-02  4.41174120e-01
   7.13556074e-04]
 [-4.34267759e-01 -7.34031573e-03  1.04953624e-01  4.07380939e-01
  -2.99054205e-01]
 [-2.96682358e-01 -5.59260547e-02  2.14386180e-01 -2.42753714e-01
   2.56256759e-01]
 [-5.40073097e-01 -5.55800721e-02  4.05494720e-01 -1.94798380e-01
  -2.84432530e-01]
 [-3.51689994e-01  8.39546882e-03  1.63982704e-01  1.04507647e-01
  -2.42491793e-02]
 [ 1.26334175e-01  1.30383879e-01  6.03334069e-01  3.90731990e-02
  -3.11127514e-01]
 [ 3.09459269e-01  1.01373591e-01  2.63296843e-01  1.54103592e-01
   1.66731849e-01]
 [-2.48779759e-01  4.56907660e-01  5.42770326e-01  5.16600251e-01
   4.53825742e-01]
 [ 2.00907826e-01  5.33886887e-02  2.54923761e-01  1.05155975e-01
   1.82926506e-01]
 [-2.62339916e-02 -3.11686508e-02  1.78018391e-01  7.91281089e-02
  -3.22531797e-02]
 [-3.40634912e-01  3.13316643e-01 -2.86714792e-01  4.53388095e-01
   8.12005326e-02]
 [ 2.00121447e-01  4.11861241e-01 -6.58621639e-02 -2.28579760e-01
   3.64013553e-01]
 [ 8.82696286e-02 -4.39725339e-01  6.61831319e-01  2.44956110e-02
   6.03195131e-01]
 [-5.41378967e-02  5.59399545e-01  2.20785916e-01 -1.74972028e-01
  -1.23205237e-01]
 [ 2.55783945e-01 -7.00322390e-01  1.75907552e-01  2.60738105e-01
  -5.16863391e-02]
 [-3.58549953e-01  2.25764012e+00 -9.80500281e-01 -6.34348035e-01
  -3.09572190e-01]]
Peso 2:
[-0.153915   -0.46075988  0.74090385  0.49572963  0.23653308]
Camada: saida
Peso 1:
[[-0.04517794 -0.6017838 ]
 [ 1.8666446  -1.8399577 ]
 [-1.3119781   0.87705326]
 [-1.2378188   0.21120861]
 [-1.1015638  -0.225809  ]]
Peso 2:
[-0.6162004   0.61619824]



pesos modelo: 
Test loss: 0.3351, Test accuracy: 0.8695
Camada: meio
Peso 1:
[[-3.63233089e-01 -7.66597986e-02  5.95498085e-03 -1.00240946e-01
   1.34720206e-01]
 [ 4.24001575e-01 -1.64775252e-01 -2.65757084e-01  4.53385592e-01
   2.82488346e-01]
 [ 2.47205257e-01 -2.82592058e-01  2.52385497e-01  1.66934252e-01
   4.92285848e-01]
 [ 4.59671497e-01  3.39878172e-01 -7.98172280e-02  5.26244402e-01
  -4.22785699e-01]
 [ 4.37987328e-01  8.76769796e-02  1.95043638e-01  2.72468150e-01
   3.96250896e-02]
 [ 1.99068524e-02  1.53147742e-01 -3.58786061e-02 -5.49420482e-03
   3.71712923e-01]
 [ 3.00075144e-01 -2.17610344e-01  3.28369647e-01 -1.20678268e-01
   1.13845594e-01]
 [ 5.29896319e-01 -1.50983455e-02 -4.09815937e-01  2.60730714e-01
   2.85302222e-01]
 [-1.01084501e-01  4.59125996e-01 -4.58956063e-01  1.94887444e-02
  -6.20981157e-02]
 [ 2.32465610e-01  2.74797559e-01 -3.68638486e-01  1.74310029e-01
  -3.76515716e-01]
 [ 1.79860368e-01  9.68804210e-02  1.83395073e-02 -8.47209012e-04
   2.50009447e-01]
 [ 4.11250889e-01  4.71111864e-01  1.67859763e-01  6.83362246e-01
  -1.71007127e-01]
 [ 1.13003567e-01  3.55391085e-01  1.29935980e-01  2.75766104e-01
   6.60898760e-02]
 [-1.63903803e-01 -2.84982175e-01 -1.37994727e-02  7.80183300e-02
   3.15713108e-01]
 [-2.50452030e-02 -2.18204949e-02 -2.61766821e-01  5.43867528e-01
  -5.33950329e-01]
 [ 5.89272022e-01  7.92964041e-01 -4.11078066e-01 -3.05256426e-01
  -1.32778317e-01]
 [-1.94902912e-01  4.45065834e-03 -1.31986840e-02  4.07763928e-01
   5.05620651e-02]
 [ 7.56964266e-01  7.53783584e-02  3.04094344e-01 -6.74885213e-01
   1.78974420e-01]
 [-1.48867309e+00 -1.27217436e+00 -2.48304278e-01  1.71723294e+00
  -4.09526639e-02]]
Peso 2:
[ 0.91027576  0.8920296  -0.11756667 -0.12936361 -0.02853888]
Camada: saida
Peso 1:
[[-2.0650973   0.6384116 ]
 [-1.1160196   1.3059609 ]
 [ 0.7337924   0.49901062]
 [ 1.5008307  -1.1666986 ]
 [ 0.5726276   0.8274134 ]]
Peso 2:
[-0.02620177  0.02620207]



pesos modelo: 
Test loss: 0.3804, Test accuracy: 0.8597
Camada: meio
Peso 1:
[[ 0.19242859  0.4844911  -0.11554182 -0.26082742  0.37704396]
 [-0.2604102   0.03612781  0.25145984 -0.17283428 -0.28959155]
 [-0.4473877   0.00524235  0.3923849   0.15683544 -0.24289584]
 [-0.40673175 -0.39273334 -0.14813967  0.4292357   0.03460858]
 [ 0.17504306 -0.3410922  -0.04441487 -0.2779559   0.1510419 ]
 [ 0.33502397 -0.17275476  0.00770878 -0.19144203  0.21789381]
 [-0.4007387   0.3625168   0.03858775  0.00444389  0.34298292]
 [-0.4623287   0.0973679   0.00394172 -0.33345976  0.32922712]
 [-0.4751497  -0.23858112  0.07268642 -0.25808164  0.37095964]
 [-0.00942354  0.13873488 -0.12488534 -0.36712307 -0.04657784]
 [-0.2987353   0.07202698  0.06775869 -0.32492244  0.36125296]
 [-0.00370351 -0.11402047  0.01322069 -0.18493588  0.28506455]
 [ 0.38298598 -0.00811324  0.22244218  0.21641846  0.5792134 ]
 [-0.3758897  -0.3294099   0.60656095 -0.22352609  0.3206721 ]
 [-0.27718753 -0.25979453  0.6705864   0.29461774  0.30457073]
 [ 0.18508697  0.1602318  -0.6338071   0.43778694  0.87734336]
 [-0.46721533 -0.3147997   0.5521663   0.34091815  0.3203098 ]
 [-0.2814495  -0.34732914 -0.85722613 -0.2982523   0.3632349 ]
 [-0.31348193 -0.30419636  2.419381    0.27251014 -0.91778684]]
Peso 2:
[ 0.03015476 -0.15034725 -0.53268015 -0.00932673  0.7998874 ]
Camada: saida
Peso 1:
[[-0.5141327  -0.14357975]
 [ 0.2741744  -0.7132441 ]
 [ 1.7617459  -2.0435631 ]
 [ 0.01648727  0.10259699]
 [-1.7974869   0.47626257]]
Peso 2:
[-0.84928375  0.84928423]



pesos modelo: 
Test loss: 0.2382, Test accuracy: 0.9016
Camada: meio
Peso 1:
[[-0.36617386 -0.33861136  0.0486002   0.27013707 -0.45799804]
 [ 0.03008568  0.13826072  0.14542031  0.30441236 -0.18492043]
 [-0.02906084 -0.38239813  0.3367591  -0.3187945   0.30926263]
 [-0.0254459   0.3948036  -0.07737157  0.36293876  0.25231895]
 [ 0.09618693  0.03914107 -0.0237307   0.2986583  -0.23962052]
 [ 0.25745958  0.01708994  0.04707071  0.13619873 -0.33500603]
 [ 0.25446883 -0.06934912 -0.01059198  0.05899186 -0.54836285]
 [ 0.44833088 -0.1832375   0.03925248 -0.1291966   0.18648721]
 [ 0.40422845  0.42029825  0.25114027  0.05918656  0.02718952]
 [ 0.17441396 -0.12220922  0.09052756  0.14156395  0.19834404]
 [ 0.4017876  -0.3100088   0.22083817  0.16330107 -0.20933251]
 [ 0.3419332  -0.44462332  0.08374841  0.0086755  -0.46018904]
 [ 0.3610352  -0.11451788  0.20408757  0.20511054 -0.40134025]
 [-0.25113654 -0.4284476   0.36483437  0.10775366  0.18068106]
 [ 0.14530501 -0.34595034  0.708332    0.12338541 -0.49504352]
 [ 0.7865585   0.17346154 -0.2924849   0.5335099  -0.46937168]
 [-0.30313954  0.36251134  0.22956654 -0.03688139  0.24447311]
 [ 0.31352454  0.02463401 -0.41007388  0.80382943  0.2136695 ]
 [-1.5274199  -0.19098896  1.8783321  -1.2503422  -0.2835701 ]]
Peso 2:
[ 0.8312062  -0.02720476 -0.31227434  0.55333483 -0.23187853]
Camada: saida
Peso 1:
[[-1.0154659   1.6540427 ]
 [ 0.47629216  0.5334085 ]
 [ 1.6720984  -1.2234395 ]
 [-1.3966255   0.6893387 ]
 [ 0.8486348  -0.46456295]]
Peso 2:
[-0.1625094   0.16250949]



pesos modelo: 
Test loss: 1.1134, Test accuracy: 0.7038
Camada: meio
Peso 1:
[[ 0.22176254  0.48034644  0.07884097 -0.4289614   0.17525017]
 [ 0.07976866 -0.42106676  0.23253429 -0.07153726  0.12779379]
 [ 0.42170024 -0.12177706  0.3504138   0.21905422  0.43930674]
 [ 0.1458418  -0.21005794  0.0154899  -0.4035193  -0.2466839 ]
 [-0.48537368  0.07348268  0.38323194  0.43397826 -0.42202505]
 [-0.08568918  0.02250394  0.32370332 -0.16717246 -0.31803352]
 [-0.0797517   0.15366252  0.44833508 -0.28172356  0.23126334]
 [-0.35088673 -0.13825823  0.08373607 -0.11606725 -0.22173366]
 [-0.4025202   0.0435816   0.26258177  0.0035083   0.05238067]
 [-0.16253819 -0.03965663  0.2707497  -0.130607   -0.0481522 ]
 [-0.49167088  0.20349821  0.49875936 -0.2064357   0.34985578]
 [-0.354497    0.02558689  0.22212805 -0.21201734 -0.45636976]
 [-0.31363848 -0.08904004  0.1601043   0.02246887 -0.3022392 ]
 [ 0.33695275  0.7185077   0.12463301 -0.26126045 -0.29602435]
 [ 0.340732    0.677597    0.21289003 -0.09660704 -0.1479927 ]
 [ 0.19771804 -0.9000817   0.87302935  0.35980332 -0.3261159 ]
 [-0.1459631   0.86823344  0.31396553 -0.24578023  0.41259152]
 [-0.3096466  -0.7355513   0.4015346  -0.04955241  0.01133378]
 [-0.3856082   2.036645   -1.4864465  -0.17569053  0.01065117]]
Peso 2:
[-0.08357186 -0.6428624   0.82675093  0.00186708  0.05512759]
Camada: saida
Peso 1:
[[-0.44793063 -0.8673555 ]
 [ 2.4623542  -1.0172888 ]
 [-1.2506557   1.3321081 ]
 [-0.6029906  -0.5652172 ]
 [-0.88785005 -0.04286317]]
Peso 2:
[-0.7372854  0.7372859]



pesos modelo: 
Test loss: 1.9474, Test accuracy: 0.6252
Camada: meio
Peso 1:
[[ 3.3179045e-02  2.8382981e-01 -4.2937863e-01  2.4468541e-02
   9.6261621e-02]
 [-4.5979416e-01 -4.5232630e-01  4.7135246e-01  4.4129264e-01
  -2.8904510e-01]
 [-9.3678474e-02 -2.0310140e-01  4.6095634e-01  4.8555243e-01
  -4.8611093e-01]
 [ 1.4943552e-01  3.8918135e-01  3.4098151e-01  3.3111852e-01
   2.2147328e-01]
 [-2.2857073e-01 -1.0907740e-01  1.9817585e-01  1.1993936e-01
   1.1177643e-01]
 [-2.0827270e-01  3.5042527e-01  5.0022894e-01 -2.1522631e-01
   7.9726867e-02]
 [ 8.8459060e-02  3.7056074e-01 -1.4134045e-01  3.6535770e-01
   9.8385133e-02]
 [-6.8109143e-03 -3.1214648e-01  3.1653970e-01  3.0950996e-01
   1.9322319e-01]
 [ 6.7627959e-02 -3.7893394e-01  1.9170971e-01  5.5360276e-01
   3.2710630e-01]
 [ 6.2201794e-02 -2.3450072e-01  1.9200563e-01  2.2536838e-01
   7.3535717e-04]
 [ 9.2783727e-02  4.4399369e-01  3.7794104e-01  2.4536173e-01
   2.2792199e-01]
 [ 1.8068416e-01  1.0946323e-02 -2.6302174e-01  2.6175603e-01
  -1.3469239e-01]
 [-7.5522296e-02 -1.0949609e-01 -1.3951233e-01  5.3655442e-02
  -1.5526864e-01]
 [ 6.0624290e-01 -5.7907665e-01  4.4633713e-02  1.1482250e-02
   1.4192699e-01]
 [ 5.4875411e-02 -3.9558610e-01 -4.3268842e-01 -2.2284967e-01
   5.7003263e-02]
 [-2.7708843e-01 -8.9798748e-02  7.4386388e-01  9.7066742e-01
  -2.3437981e-02]
 [ 4.9817130e-01  5.5620158e-01 -2.7393525e-02 -3.9098550e-02
   5.5345070e-01]
 [-6.1020690e-01  5.7280999e-01  1.8880732e-01  7.3217231e-01
  -6.7094553e-01]
 [ 1.2558599e+00  1.2630895e-01 -4.0081570e-01 -1.1387860e+00
   1.8316308e+00]]
Peso 2:
[-0.2444243   0.18975753  0.4467776   0.9486107  -0.33861512]
Camada: saida
Peso 1:
[[ 1.0872854  -0.9832279 ]
 [-0.7393741   0.10237568]
 [-1.0704648   0.32170355]
 [-1.6478057   1.0941192 ]
 [ 1.8025628  -0.68570805]]
Peso 2:
[-0.4515564  0.4515575]



pesos modelo: 
Test loss: 0.5032, Test accuracy: 0.8142
Camada: meio
Peso 1:
[[-1.09247208e-01  9.27730799e-02  2.56958365e-01 -1.80736780e-02
  -7.41617680e-02]
 [ 1.79494143e-01  4.14649248e-01  2.15766072e-01  4.61067677e-01
  -4.22731280e-01]
 [ 3.02273035e-01  6.02875948e-02  5.07757664e-02  4.09318805e-01
   4.54835057e-01]
 [ 2.86932498e-01 -3.10187927e-03  4.19834942e-01  4.74641025e-01
  -2.86436856e-01]
 [ 1.33143276e-01  3.58130485e-01 -9.59489495e-02 -6.21313341e-02
   1.07960641e-01]
 [ 5.02055958e-02  4.27102774e-01 -3.65078412e-02  3.07948232e-01
  -2.50984669e-01]
 [ 3.40747207e-01  4.20137137e-01  1.03833683e-01 -2.72008896e-01
  -3.02571982e-01]
 [ 2.75588721e-01 -2.74258018e-01  3.75112981e-01  2.47704014e-01
   1.48087084e-01]
 [ 4.79357839e-01  9.47993598e-04  4.89195079e-01 -2.47850623e-02
  -1.24894649e-01]
 [ 1.96213633e-01  3.70874852e-01  1.71579510e-01  2.71854371e-01
  -4.87066031e-01]
 [ 9.40938443e-02  4.51995939e-01 -9.39601511e-02  2.87941247e-01
  -1.71147496e-01]
 [ 3.12538415e-01 -2.66209483e-01  1.80772707e-01 -1.01244219e-01
  -1.37282446e-01]
 [ 1.03676908e-01  2.95881301e-01  4.55168933e-02  1.64119333e-01
  -1.33308753e-01]
 [ 6.59836233e-02 -6.33244693e-01  6.93575084e-01 -8.73574391e-02
   3.29149127e-01]
 [-4.49513435e-01 -3.27312171e-01  2.33690709e-01  3.52382392e-01
  -3.75838667e-01]
 [ 6.86753690e-01  2.17867404e-01 -1.16753154e-01  7.32435226e-01
   1.83475062e-01]
 [ 1.67135119e-01  9.56806764e-02  8.41442585e-01 -1.86648026e-01
  -4.12055254e-01]
 [ 6.28137708e-01 -2.99362421e-01 -6.40527308e-01 -1.22357644e-01
  -6.25348389e-02]
 [-2.06338930e+00  2.03445122e-01  1.30092120e+00 -8.34526241e-01
  -4.49478745e-01]]
Peso 2:
[ 1.3274797  -0.06279571 -0.08646335  0.26944435 -0.12197598]
Camada: saida
Peso 1:
[[-1.9676684   1.7038903 ]
 [ 0.56134933  0.4751545 ]
 [ 0.7646185  -1.5624046 ]
 [-0.1390742   1.2242668 ]
 [ 0.44297478 -0.852923  ]]
Peso 2:
[ 0.07423183 -0.07423162]



pesos modelo: 
Test loss: 0.5501, Test accuracy: 0.8069
Camada: meio
Peso 1:
[[ 0.01064897  0.40065217 -0.29503024  0.08949697  0.11236203]
 [-0.10201097  0.24486959  0.47463143 -0.35463774  0.00795579]
 [ 0.18575704 -0.27702653 -0.2845161  -0.09417081 -0.28182495]
 [-0.03757215  0.01468105  0.40495357  0.2548198   0.06328039]
 [ 0.23691551 -0.15409966 -0.28359422  0.4162482   0.32732168]
 [ 0.01742186 -0.47437572 -0.38402292  0.06708042 -0.18489859]
 [-0.05485414 -0.22884274 -0.46673495  0.24598524  0.03096133]
 [ 0.14838813 -0.3233148   0.43662527  0.18250267  0.13269506]
 [-0.20415713 -0.44481015 -0.02591221  0.45096818  0.3844369 ]
 [-0.18542843 -0.05944556  0.47504517  0.07083745 -0.15583625]
 [-0.05024516  0.09610111  0.40231302  0.19966169  0.04548012]
 [ 0.33027273  0.05298311  0.38065687  0.25991     0.2916611 ]
 [ 0.5159577  -0.43731678 -0.43299687 -0.05590874 -0.22411859]
 [-0.15979493 -0.42199433 -0.18796913 -0.03513206  0.4310667 ]
 [ 0.29938725 -0.43409944  0.20392634 -0.21615516  0.6425554 ]
 [ 0.26728946 -0.07466011  0.18825045  0.67773366 -0.7447006 ]
 [-0.3779123  -0.22228932 -0.10348109  0.14705774  0.7382785 ]
 [-0.45321548  0.19228481 -0.01515522  1.0494565  -0.09080029]
 [-0.39262682  0.2520336  -0.38175425 -1.8275002   1.6800758 ]]
Peso 2:
[ 2.2105139e-01  3.6037716e-04  1.2009167e-01  1.1553274e+00
 -2.9951996e-01]
Camada: saida
Peso 1:
[[-0.68750477  0.13085166]
 [-0.838616   -0.70430434]
 [-0.2720687   0.44797382]
 [-1.717397    1.8919156 ]
 [ 1.6748098  -0.98407674]]
Peso 2:
[-0.18988241  0.1898822 ]



pesos modelo: 
Test loss: 0.2351, Test accuracy: 0.8992
Camada: meio
Peso 1:
[[-0.49328542  0.2611934   0.40085614 -0.00411642  0.22336471]
 [-0.12367809 -0.02006018  0.28661096  0.4513774   0.40220714]
 [ 0.04026878  0.46896398 -0.22994065 -0.29997075 -0.32362235]
 [-0.03578918 -0.01433254  0.31632712 -0.23945554  0.03223678]
 [-0.10222339 -0.02482757 -0.1837876  -0.28098392  0.3280489 ]
 [-0.19675528 -0.07671364 -0.1499811   0.01274994 -0.2797766 ]
 [ 0.438325   -0.07530305  0.2628245   0.02704158  0.13553089]
 [ 0.4279978  -0.04095755 -0.52881646 -0.02228647 -0.379557  ]
 [ 0.36922663 -0.1677215   0.24962398  0.15811662 -0.21599285]
 [ 0.4448778   0.00983795 -0.29092106 -0.00403548 -0.47329956]
 [-0.22800812 -0.0838216  -0.45451233 -0.08728192 -0.06611446]
 [ 0.73210967  0.05249455 -0.27397493  0.07160226  0.19471462]
 [ 0.68351984  0.05278545 -0.39727026 -0.12935297  0.02909462]
 [-0.36860028  0.33761236 -0.0371229   0.46449032  0.16008276]
 [ 0.3107054   0.42285806 -0.45141187  0.40386033 -0.30149147]
 [-0.15709417 -0.6050626   0.24037047 -0.5367075  -0.4963949 ]
 [-0.27133808  0.44397867 -0.40017843  0.53336906 -0.16732702]
 [ 0.04086764 -0.5757331  -0.3991638  -0.41396466 -0.45984763]
 [-0.07070166  2.0942016  -0.15938613  1.6942716   0.65705484]]
Peso 2:
[ 0.47632727 -0.36400628 -0.23115923 -0.5157227   0.04347472]
Camada: saida
Peso 1:
[[-0.93491626  0.1289982 ]
 [ 2.1217334  -0.94301176]
 [ 0.8612838  -0.66956836]
 [ 1.4200808  -0.80086315]
 [ 0.5947028  -0.36503562]]
Peso 2:
[-2.3547344  2.3547342]



pesos modelo: 
Test loss: 0.5178, Test accuracy: 0.8064
Camada: meio
Peso 1:
[[-0.25760412 -0.3147992  -0.35963368 -0.04872942 -0.3567915 ]
 [-0.49960637 -0.08612704  0.0296427  -0.42277396  0.23075092]
 [-0.03784394 -0.37583542 -0.04998982 -0.29968894 -0.37374496]
 [ 0.12680805 -0.46716735 -0.1322606  -0.12906668  0.15413359]
 [-0.1991586   0.08944083  0.29856062  0.21862336  0.36051333]
 [-0.06533669 -0.15972428  0.28856426  0.00497287  0.4032774 ]
 [ 0.20675974  0.20941074 -0.21022302  0.5219614  -0.09853425]
 [-0.23422062  0.18963347  0.01677443 -0.29172114  0.2998904 ]
 [ 0.16380244 -0.39239419  0.07926647 -0.21419014  0.5024751 ]
 [-0.00229552 -0.00718025 -0.23975784 -0.04382426 -0.04419508]
 [-0.318326   -0.4791693   0.06017551  0.40062302  0.03836195]
 [ 0.27430704 -0.13608973  0.40185568  0.02955064  0.6727282 ]
 [-0.1805818  -0.502586   -0.05921324 -0.10707738  0.1763348 ]
 [ 0.50858736  0.12370502  0.3495394   0.4684997  -0.30301067]
 [ 0.17770353  0.07130023  0.17415908  0.04598479 -0.39508986]
 [-0.30853242  0.3060145  -0.41406405  0.36640203  0.7371609 ]
 [ 0.67884    -0.39883286  0.7442932   0.33495858  0.27090803]
 [-0.45480645 -0.4905516  -0.529105    0.13094488  0.6266265 ]
 [ 0.46179384 -0.44843712  2.0869179  -0.82429606 -1.0998707 ]]
Peso 2:
[-0.16770756 -0.16568986 -0.27685744  0.34802446  1.0877783 ]
Camada: saida
Peso 1:
[[ 0.7918996  -0.23574707]
 [ 0.71222746 -0.40343347]
 [ 1.8439461  -1.263264  ]
 [-1.2590293   0.02708184]
 [-1.7659514   1.0621918 ]]
Peso 2:
[-0.566256    0.56625575]



pesos modelo: 
Test loss: 0.5995, Test accuracy: 0.8027
Camada: meio
Peso 1:
[[-4.82429266e-02 -3.47525001e-01  2.49269724e-01  2.64399648e-01
   1.81815624e-01]
 [ 4.15343285e-01  3.79041791e-01  1.17669344e-01 -3.45360875e-01
  -1.88260794e-01]
 [-1.84480190e-01 -1.78799033e-01 -7.25361109e-02  3.51435781e-01
   9.11872387e-02]
 [-5.18488549e-02  2.67904609e-01  4.44005430e-01 -3.87286931e-01
   1.96746171e-01]
 [ 4.49003041e-01  3.00218076e-01  1.31743299e-02 -4.84712183e-01
   4.35086131e-01]
 [-1.99463904e-01  2.18015626e-01  5.78162558e-02 -1.34385616e-01
  -7.85369575e-02]
 [-1.05810188e-01 -1.57355901e-03  1.07430495e-01  2.69812346e-01
  -3.14965934e-01]
 [ 2.25848958e-01  2.31949076e-01  5.24838805e-01 -2.66638309e-01
   3.93650383e-01]
 [ 1.93424597e-01  7.85206258e-02 -1.73863828e-01 -3.78338426e-01
  -1.01009578e-01]
 [ 4.91804987e-01  4.62160669e-02 -3.24551880e-01 -1.30968553e-03
  -7.01213107e-02]
 [ 5.14195487e-02  2.65772045e-01 -2.11425498e-01 -3.61248732e-01
   1.76909789e-01]
 [ 6.66243676e-03  1.56915843e-01  3.80357534e-01  4.34513718e-01
   1.39091030e-01]
 [-5.42236529e-02  4.07934219e-01 -3.63130212e-01  1.09030984e-01
   2.44228184e-01]
 [-1.42303541e-01  3.90572548e-02  4.63996023e-01 -5.88262640e-02
   7.33248293e-01]
 [-6.32861733e-01  1.54153779e-02  3.07317466e-01 -2.35010639e-01
   5.11859000e-01]
 [-1.12160243e-01  7.39539802e-01 -1.53539106e-01 -2.63011068e-01
  -6.42985761e-01]
 [ 2.86676772e-02  1.50634959e-01 -4.64995474e-01 -5.01894131e-02
   7.95383573e-01]
 [ 9.33781743e-01  4.02745783e-01 -1.53287336e-01  3.34694892e-01
  -6.63532376e-01]
 [-2.48676941e-01 -2.18289709e+00 -5.86627245e-01 -1.23971261e-01
   1.23229265e+00]]
Peso 2:
[ 0.5642392   1.1553862   0.15199034 -0.04180611 -0.08165602]
Camada: saida
Peso 1:
[[-0.9495657   0.6229438 ]
 [-1.9473029   1.6932738 ]
 [-0.25833148  0.55114216]
 [ 0.76267827  0.58659065]
 [ 1.5204691  -0.9003881 ]]
Peso 2:
[ 0.00444677 -0.00444627]



pesos modelo: 
Test loss: 1.1093, Test accuracy: 0.7063
Camada: meio
Peso 1:
[[-3.53798985e-01  3.64074469e-01  4.45297956e-02  4.33747172e-01
  -9.35862064e-02]
 [-4.20247674e-01 -4.79852200e-01  3.21447849e-02  2.74712086e-01
   5.89673519e-02]
 [ 3.29442859e-01 -4.40948129e-01 -3.31771851e-01  2.41928101e-02
  -4.09597039e-01]
 [-3.41562144e-02 -3.69275957e-02 -5.54584339e-02  1.38680726e-01
  -4.73508716e-01]
 [ 2.03990634e-03  1.99825093e-01 -8.01786780e-02  2.15759858e-01
   2.67850786e-01]
 [ 1.54630810e-01  3.77092600e-01  2.88043171e-01  3.92353266e-01
  -3.67241144e-01]
 [ 1.08150832e-01 -6.39018118e-02  3.22824508e-01  2.40225762e-01
  -3.68749797e-01]
 [-5.52751347e-02  2.74546564e-01 -3.37410361e-01  1.83503684e-02
  -3.40375900e-02]
 [-6.61028326e-02 -2.20331356e-01  3.84649545e-01  9.47553664e-02
   1.71238989e-01]
 [ 2.03161269e-01 -2.88830578e-01  2.76765585e-01  4.93683457e-01
  -2.41467223e-01]
 [-1.95566453e-02 -4.40426260e-01  2.27975994e-01  2.35961735e-01
   2.33848900e-01]
 [ 6.35968745e-02  3.43495384e-02 -9.97001976e-02  3.72913510e-01
  -7.88604170e-02]
 [ 2.78237969e-01 -3.42657387e-01 -5.19290924e-01  6.16880596e-01
  -3.16466630e-01]
 [ 5.10997832e-01 -1.74706161e-01  4.27865118e-01 -9.46515575e-02
  -3.83051902e-01]
 [ 1.94878086e-01  5.24739087e-01  8.20082501e-02 -3.37528706e-01
  -1.28198892e-01]
 [-7.68654585e-01 -1.40246689e-01  3.76020908e-01  6.77057862e-01
  -2.35536844e-01]
 [ 4.42600697e-01 -4.96198446e-01 -5.02943933e-01  5.98558746e-02
   1.32398814e-01]
 [-3.54569465e-01 -3.70988697e-02  1.26791954e-01  9.66343999e-01
  -5.87491728e-02]
 [ 2.35060883e+00  1.25089595e-02 -5.17460071e-02 -1.06303418e+00
   9.74399671e-02]]
Peso 2:
[-0.5607119   0.02985073 -0.01759372  0.9682898  -0.10842241]
Camada: saida
Peso 1:
[[ 2.0143595  -1.559241  ]
 [-0.5732948  -0.36870402]
 [-0.56763923 -0.24580216]
 [-0.910202    1.6930249 ]
 [-0.07093901 -0.79055995]]
Peso 2:
[-0.6972014   0.69720167]



pesos modelo: 
Test loss: 0.4510, Test accuracy: 0.8332
Camada: meio
Peso 1:
[[ 0.11425352 -0.1863221  -0.48114133  0.241781    0.23853755]
 [-0.30481982 -0.4666357   0.11323202  0.13162053  0.30611694]
 [ 0.04003119 -0.22688282 -0.07475889  0.1774137   0.22584891]
 [-0.12676995  0.31547427  0.2408786  -0.2948385  -0.10994782]
 [ 0.34930256 -0.13233323  0.33127195 -0.02581727 -0.00453063]
 [ 0.6862821  -0.21927208 -0.24469417 -0.37611106  0.05500354]
 [-0.26474524 -0.3444063  -0.1593077  -0.08564193 -0.15068774]
 [ 0.47787598 -0.48779422 -0.44202894 -0.04119097 -0.01521642]
 [ 0.17304799  0.1434598   0.26891387  0.2268428  -0.0610911 ]
 [ 0.11019585 -0.14828572 -0.29966554  0.10800498 -0.03786264]
 [-0.0075394  -0.06163668 -0.39159733  0.22067076 -0.04638942]
 [ 0.48573348  0.0030999  -0.1310378   0.10518351 -0.0297434 ]
 [ 0.26234356 -0.47180882 -0.12954216  0.12711021 -0.01579774]
 [ 0.32400107  0.15408255  0.1513035   0.05696665  0.69844025]
 [ 0.16963042  0.17920823 -0.4586199  -0.42749047  0.68169856]
 [-0.10939037 -0.01610788 -0.06531207 -0.22244635 -0.810459  ]
 [-0.61312044 -0.00824945  0.09066922  0.373464    0.5574425 ]
 [-0.00514489 -0.29937053 -0.40097645 -0.36134014 -0.9470357 ]
 [-0.18701728 -0.19001833 -0.1935627  -0.09742387  2.4091794 ]]
Peso 2:
[ 0.5183745  -0.00260127  0.12751949  0.1761526  -0.654125  ]
Camada: saida
Peso 1:
[[-0.7307744   0.6610793 ]
 [-0.6714101  -0.65764296]
 [-0.21090706  0.8683371 ]
 [ 0.31480545  0.986847  ]
 [ 1.7051069  -2.3066144 ]]
Peso 2:
[-2.2681324  2.2681344]



pesos modelo: 
Test loss: 1.5844, Test accuracy: 0.6320
Camada: meio
Peso 1:
[[ 0.23561156  0.09509313 -0.3465196  -0.33885813  0.23783422]
 [-0.2959094   0.21916616  0.2724837  -0.06633484  0.43841684]
 [-0.30032718  0.36434424  0.07154524 -0.439878    0.4297918 ]
 [-0.13152516  0.3902996   0.2285001   0.02282001  0.24837758]
 [ 0.08337361 -0.44016674  0.41319773  0.10855468  0.3965221 ]
 [ 0.3433701  -0.36949253 -0.32259166  0.18617536  0.10253581]
 [ 0.08919699 -0.30914167 -0.36677516  0.3105235   0.31671175]
 [-0.10729235 -0.14926563  0.12072235  0.18164039  0.37604642]
 [-0.17018667  0.14086774  0.38779438  0.28317302  0.49428582]
 [-0.08643319 -0.12019031 -0.13183257 -0.21101569  0.00534376]
 [-0.07122315  0.3724862   0.40303    -0.13064106  0.11890182]
 [ 0.49076876 -0.277814    0.02182947 -0.02716226 -0.02404862]
 [ 0.3149814   0.3340408   0.42818478  0.3004561   0.4493667 ]
 [-0.5144564   0.39345205 -0.21744187  0.41127533 -0.14059865]
 [ 0.14732642  0.28819472 -0.2811965   0.3552541  -0.3284749 ]
 [ 0.2607976  -0.32793388  0.07313016 -0.6794065   0.646131  ]
 [-0.08106124 -0.18097536  0.4669236   0.791352    0.23158987]
 [-0.2903466  -0.36188692 -0.4093078  -0.51726484  0.8525822 ]
 [-0.3457596  -0.28481126  0.6867467   1.5969297  -1.7645109 ]]
Peso 2:
[ 0.42746073  0.01288257  0.01114062 -0.36942005  1.1762917 ]
Camada: saida
Peso 1:
[[-0.37623265  1.0619458 ]
 [-0.25010896 -0.06299578]
 [-0.47422177 -1.0956452 ]
 [ 2.0007958  -0.8130303 ]
 [-1.2773647   2.0499086 ]]
Peso 2:
[-0.3363814   0.33638152]



pesos modelo: 
Test loss: 0.6736, Test accuracy: 0.7677
Camada: meio
Peso 1:
[[-3.0267251e-01 -1.1053443e-01 -4.6280825e-01  4.5870328e-01
   2.7793181e-01]
 [ 5.5162787e-02 -2.8568840e-01  1.3937187e-01  1.2919569e-01
   3.8829446e-01]
 [-2.5619626e-02  2.4719095e-01 -5.5031776e-03 -4.4301271e-01
  -1.1340380e-03]
 [ 6.4955771e-01 -2.8937981e-01  4.9598511e-02  1.1585838e-01
   1.4173146e-01]
 [-1.3322359e-01 -1.8954904e-01 -1.8565652e-01  3.0300472e-02
   1.4900802e-01]
 [ 6.8779749e-01  4.3789077e-01 -3.4798339e-02  2.1481448e-01
  -7.7261049e-03]
 [-5.3827215e-02 -2.4926576e-01 -3.8203195e-02 -1.3000925e-01
   2.1899624e-01]
 [ 4.2161611e-01  5.4957014e-02  8.5317165e-02 -5.7174508e-02
  -1.2866548e-01]
 [ 6.2121069e-01 -2.2739847e-01  3.5728093e-02  8.9588150e-02
  -3.2538283e-01]
 [-1.5073378e-02 -4.8028094e-01  1.5213417e-02 -2.5952521e-01
  -3.2388014e-01]
 [ 5.7213742e-01 -3.1016618e-01 -5.6191795e-02  2.2523282e-01
   2.6179326e-01]
 [ 1.7359294e-03 -4.1338196e-01 -1.2940192e-01 -5.2677799e-02
   7.7860183e-03]
 [ 2.9625285e-02  1.0454603e-01  7.3007256e-02 -2.6271933e-01
   4.0565543e-02]
 [-1.8820566e-01  3.2481223e-01  4.8450372e-01  3.6076960e-01
  -2.3491262e-03]
 [ 3.4395030e-01 -4.3993434e-01  5.2425355e-01  4.4713736e-01
  -4.3502304e-01]
 [ 3.1750980e-01  5.1941477e-02 -5.2683961e-01 -4.6065819e-01
  -2.3207000e-01]
 [ 3.5852715e-01  4.7949830e-01  5.0082606e-01  5.3884369e-01
  -2.4339736e-01]
 [ 4.4612247e-01  2.3982873e-02 -6.3443953e-01 -4.7874808e-01
   1.0824141e-02]
 [-5.1508820e-01  2.8301176e-01  1.9749519e+00  1.5191485e+00
   1.3700010e-02]]
Peso 2:
[ 0.678791   -0.00474825 -0.56169707 -0.4593208  -0.16303441]
Camada: saida
Peso 1:
[[-0.3647168   1.2982743 ]
 [ 0.33650124  0.37741524]
 [ 2.0784874  -1.0640697 ]
 [ 0.74585366 -1.655648  ]
 [-0.4842113  -0.70641077]]
Peso 2:
[-1.6791962  1.6791979]
