


pesos modelo: 
Test loss: 0.3202, Test accuracy: 0.8736
Camada: meio
Peso 1:
[[-0.18336591  0.00406379]
 [-0.38996857  0.3032887 ]
 [ 0.42098993  0.17076206]
 [ 0.29494342  0.14937545]
 [ 0.32331428  0.15523525]
 [ 0.45330167  0.27719194]
 [ 0.02693657 -0.08432117]
 [ 0.20660062  0.05084267]
 [ 0.16799816 -0.00549415]
 [-0.00437344 -0.17185897]
 [ 0.12750064  0.01692982]
 [ 0.29005477  0.10017794]
 [ 0.31884316  0.1343678 ]
 [-0.2187622   0.5022224 ]
 [ 0.29762813  0.7834536 ]
 [ 0.45688125 -0.62240887]
 [-0.2882458   0.2813837 ]
 [ 0.6668551  -0.43727157]
 [-1.4900028   1.9262369 ]]
Peso 2:
[ 1.0731503 -0.5168654]
Camada: saida
Peso 1:
[[-1.7387474  1.634786 ]
 [ 2.1043146 -1.1255589]]
Peso 2:
[-0.5607246   0.56072646]



pesos modelo: 
Test loss: 0.9558, Test accuracy: 0.7266
Camada: meio
Peso 1:
[[ 0.19028372  0.06554765]
 [ 0.0074122   0.11068386]
 [ 0.05157119  0.13534623]
 [-0.3331458   0.0999979 ]
 [-0.24441043  0.12023056]
 [-0.10319249  0.1361266 ]
 [ 0.35305864  0.11871096]
 [ 0.3197293   0.11485801]
 [ 0.1057113   0.12058486]
 [ 0.3504819   0.090358  ]
 [ 0.01999953  0.11042582]
 [-0.42320716  0.13849215]
 [-0.3207762   0.14282292]
 [-0.26869723 -0.11748885]
 [-0.24837358 -0.04322425]
 [-0.3685356   1.2692248 ]
 [-0.29275793 -0.08125757]
 [-0.30168596  1.0401888 ]
 [-0.31893516 -2.4984858 ]]
Peso 2:
[-0.03274098  1.8533221 ]
Camada: saida
Peso 1:
[[-0.12976289 -0.18016209]
 [-1.7154554   2.862274  ]]
Peso 2:
[ 2.5059643 -2.5059643]



pesos modelo: 
Test loss: 0.5034, Test accuracy: 0.7869
Camada: meio
Peso 1:
[[ 4.15652454e-01  1.10528648e-01]
 [ 4.50804293e-01 -7.47199059e-02]
 [-5.24398863e-01 -3.52270901e-01]
 [-2.44875759e-01 -5.62295578e-02]
 [-1.48624077e-01 -2.28333082e-02]
 [ 1.56499252e-01 -9.62936357e-02]
 [-3.88790429e-01  1.14893587e-02]
 [ 4.61977944e-02 -6.40663728e-02]
 [-3.14442247e-01  1.71555311e-03]
 [ 1.35875106e-01 -1.45296887e-01]
 [ 8.80359337e-02 -1.17637455e-01]
 [ 6.41611665e-02 -5.36261015e-02]
 [-9.02802572e-02 -5.16936854e-02]
 [ 2.14448184e-01  5.39919853e-01]
 [ 4.58616346e-01  4.21184093e-01]
 [-6.66741252e-01 -6.75437510e-01]
 [ 5.44423878e-01  4.16086286e-01]
 [-6.52557790e-01 -6.30989969e-01]
 [ 6.61360502e-01  2.46566939e+00]]
Peso 2:
[-0.33850414 -0.52187985]
Camada: saida
Peso 1:
[[ 1.528897    0.27642378]
 [ 1.8506831  -1.822179  ]]
Peso 2:
[-2.6305654  2.6305668]



pesos modelo: 
Test loss: 0.4591, Test accuracy: 0.8183
Camada: meio
Peso 1:
[[ 0.35861576 -0.51267964]
 [-0.50847167 -0.0532558 ]
 [ 0.26728916 -0.04049805]
 [ 0.13523573 -0.06575657]
 [-0.25752205 -0.07921792]
 [-0.23863894 -0.09003298]
 [-0.07574683 -0.03473274]
 [-0.2591619  -0.03004014]
 [-0.45374689 -0.07795835]
 [-0.3095564  -0.07334803]
 [ 0.2217265  -0.04523696]
 [-0.30613843 -0.05629799]
 [ 0.20103912 -0.03162279]
 [-0.44515368  0.51654106]
 [-0.04492998  0.47951892]
 [ 0.24016748 -0.6858427 ]
 [-0.29698834  0.468547  ]
 [-0.23063333 -0.6379493 ]
 [ 0.42786267  2.6832674 ]]
Peso 2:
[-0.26232484 -0.58634454]
Camada: saida
Peso 1:
[[ 1.092041  -0.8705293]
 [ 2.4712682 -1.3829489]]
Peso 2:
[-2.6067638  2.606765 ]



pesos modelo: 
Test loss: 0.2463, Test accuracy: 0.8903
Camada: meio
Peso 1:
[[-4.5225799e-02 -5.0984442e-02]
 [ 4.0387559e-01 -3.5919756e-02]
 [-1.6592711e-01  1.8480128e-01]
 [-2.0117004e-01  4.8567187e-02]
 [-2.5694493e-02 -9.6547395e-02]
 [ 3.0602191e-02 -7.8079768e-02]
 [ 1.7209898e-01 -1.4432414e-01]
 [-2.1191545e-01  6.1503272e-03]
 [-1.6397677e-01 -6.8202452e-03]
 [-1.7269880e-01 -1.3823044e-02]
 [-1.7570026e-01 -1.8056813e-03]
 [ 4.6415878e-03 -5.5014208e-02]
 [-2.2048683e-01  2.5682800e-02]
 [ 3.6401841e-01  3.3120134e-01]
 [ 2.9448950e-01  4.0545085e-01]
 [-2.6241675e-01 -5.1104027e-01]
 [ 2.6289177e-01  4.2497060e-01]
 [-3.6157620e-01 -7.8806627e-01]
 [ 1.5652063e+00  2.2970297e+00]]
Peso 2:
[-0.17396224 -0.5409674 ]
Camada: saida
Peso 1:
[[ 1.8109365  -0.15564196]
 [ 1.8092507  -1.4812602 ]]
Peso 2:
[-2.6387956  2.6387985]



pesos modelo: 
Test loss: 0.3564, Test accuracy: 0.8721
Camada: meio
Peso 1:
[[-0.46556312  0.45103407]
 [-0.33747143 -0.27698454]
 [-0.1131399   0.36146456]
 [ 0.29999647  0.1894038 ]
 [ 0.22175296  0.09253738]
 [ 0.35782856  0.2261226 ]
 [ 0.1898216  -0.07738592]
 [ 0.09727642 -0.02942681]
 [ 0.3660247   0.15293923]
 [ 0.05089996 -0.11481063]
 [ 0.25231543  0.11891558]
 [ 0.47746107  0.30511212]
 [ 0.585647    0.42716277]
 [-0.21705446  0.52967346]
 [-0.10369413  0.47239318]
 [ 0.9532216  -0.2457749 ]
 [-0.0711797   0.4946818 ]
 [ 0.6864082  -0.8521545 ]
 [-1.80728     1.7345968 ]]
Peso 2:
[ 1.1303821  -0.46945593]
Camada: saida
Peso 1:
[[-1.3748046  2.0989158]
 [ 1.2645818 -1.6197897]]
Peso 2:
[-0.32336155  0.32336232]



pesos modelo: 
Test loss: 0.8050, Test accuracy: 0.7522
Camada: meio
Peso 1:
[[-0.41916728  0.18001562]
 [-0.46422154  0.36009473]
 [ 0.4654507   0.05359966]
 [ 0.3050534   0.33025146]
 [-0.30235255 -0.02505449]
 [ 0.09345359  0.20601751]
 [ 0.29580134  0.30935436]
 [ 0.06831328  0.22972144]
 [ 0.10359199  0.1718736 ]
 [ 0.09936975  0.26817533]
 [-0.13274159  0.10018304]
 [-0.27803573  0.01249068]
 [ 0.15889354  0.24998684]
 [ 0.85458463  0.32317987]
 [ 0.53748226 -0.06596512]
 [-0.1933934   0.7710779 ]
 [ 0.5405356   0.06012449]
 [-0.6922836   0.77448654]
 [ 1.671885   -2.028789  ]]
Peso 2:
[-0.2667127  1.0536621]
Camada: saida
Peso 1:
[[ 1.8120834 -0.8350128]
 [-1.771979   1.8920226]]
Peso 2:
[-0.28951946  0.28951982]



pesos modelo: 
Test loss: 0.4702, Test accuracy: 0.8061
Camada: meio
Peso 1:
[[-0.48687747 -0.36403656]
 [-0.24261457  0.2624467 ]
 [-0.05309996 -0.40924913]
 [ 0.1630156  -0.02295165]
 [-0.21861742 -0.07588185]
 [ 0.11485449 -0.05302753]
 [ 0.07558089 -0.05458236]
 [-0.373165   -0.06872913]
 [-0.28948984 -0.06441724]
 [ 0.20151582 -0.05962071]
 [-0.49373356 -0.05773469]
 [-0.5069989  -0.07257437]
 [ 0.06508648 -0.0800642 ]
 [-0.24887455  0.4802574 ]
 [-0.2216936   0.44210267]
 [-0.2625917  -0.65261245]
 [-0.11753576  0.53005385]
 [ 0.1542498  -0.6438404 ]
 [-0.18637088  2.5985675 ]]
Peso 2:
[-0.334841  -0.5597653]
Camada: saida
Peso 1:
[[ 1.0197457  -0.51116216]
 [ 2.324642   -1.6171092 ]]
Peso 2:
[-2.6014671  2.601471 ]



pesos modelo: 
Test loss: 1.0096, Test accuracy: 0.7372
Camada: meio
Peso 1:
[[ 0.2520486  -0.38655752]
 [-0.48094603  0.04258031]
 [-0.16530305  0.48524553]
 [ 0.32292998  0.19455671]
 [ 0.19799145  0.24790561]
 [ 0.594778    0.2902371 ]
 [-0.10690752  0.14439464]
 [-0.1724501   0.10909932]
 [ 0.19306695  0.26378736]
 [-0.13130283  0.12477945]
 [ 0.26137644  0.20713964]
 [ 0.08141799  0.16777004]
 [ 0.3709508   0.28461024]
 [ 0.07522801 -0.2957462 ]
 [ 0.1984966  -0.2511115 ]
 [-0.5080881   1.0881563 ]
 [ 0.5151086  -0.17241478]
 [ 0.29207337  1.1180869 ]
 [ 1.1965154  -2.1641097 ]]
Peso 2:
[0.2574744 1.8527441]
Camada: saida
Peso 1:
[[ 0.7090085  -0.96884227]
 [-1.8167269   2.5857432 ]]
Peso 2:
[ 1.3281268 -1.3281265]



pesos modelo: 
Test loss: 0.9033, Test accuracy: 0.7263
Camada: meio
Peso 1:
[[-0.3222806   0.472539  ]
 [-0.41929892  0.4302231 ]
 [ 0.1693275  -0.07120499]
 [-0.24668969  0.11908448]
 [-0.37281355  0.12666072]
 [-0.10498504  0.14612019]
 [-0.3135355   0.15084341]
 [-0.3720499   0.14311047]
 [ 0.2650854   0.11242816]
 [ 0.11928455  0.14748351]
 [-0.5106403   0.11142108]
 [ 0.08841424  0.13676587]
 [-0.3734529   0.10600575]
 [-0.20317407 -0.16490538]
 [-0.2647391  -0.10350283]
 [-0.34010854  0.82401085]
 [ 0.2448769  -0.0432573 ]
 [-0.38080317  0.99893713]
 [ 0.15171775 -2.4599636 ]]
Peso 2:
[-0.23826073  1.8019416 ]
Camada: saida
Peso 1:
[[-1.1218339   0.28952855]
 [-2.4626577   2.1755564 ]]
Peso 2:
[ 2.5335846 -2.5335846]



pesos modelo: 
Test loss: 1.1456, Test accuracy: 0.6781
Camada: meio
Peso 1:
[[ 0.50933653  0.26207405]
 [-0.2666796  -0.03025544]
 [-0.04584122 -0.32808125]
 [ 0.0105307  -0.09925933]
 [-0.32136962 -0.132231  ]
 [ 0.12530735 -0.10966067]
 [-0.3711365  -0.08083208]
 [-0.46975896 -0.14919741]
 [-0.40849224 -0.06738798]
 [ 0.15121426 -0.11391806]
 [-0.47580406 -0.11077444]
 [ 0.00704773 -0.11079983]
 [ 0.10039522 -0.17010197]
 [-0.5242835   0.76593554]
 [-0.36623773  0.6125444 ]
 [ 0.10874736 -1.0842615 ]
 [ 0.1366992   0.7796664 ]
 [-0.13431333 -1.1820011 ]
 [-0.12384494  2.3098798 ]]
Peso 2:
[-0.19385506 -0.67515373]
Camada: saida
Peso 1:
[[ 1.0165036  -0.15030664]
 [ 2.0670118  -1.8496125 ]]
Peso 2:
[-2.610159   2.6101582]



pesos modelo: 
Test loss: 0.7434, Test accuracy: 0.7448
Camada: meio
Peso 1:
[[ 0.4664176   0.11722463]
 [ 0.22510368 -0.05295736]
 [ 0.1754052  -0.4295344 ]
 [-0.0205027  -0.02371646]
 [ 0.44242868  0.10244378]
 [-0.13447683 -0.1672138 ]
 [ 0.3942402   0.05530567]
 [ 0.5264828   0.11329541]
 [ 0.01605278 -0.09096848]
 [-0.00972719 -0.11380298]
 [-0.05829696 -0.10708889]
 [ 0.3436056   0.02291533]
 [ 0.42794156  0.11042933]
 [ 0.36017308  0.5799706 ]
 [ 0.5004973   0.62995285]
 [ 0.83073705 -0.55809885]
 [-0.08070706  0.4200803 ]
 [ 0.6696087  -0.5160952 ]
 [-0.7553272   2.4920025 ]]
Peso 2:
[ 0.8301608  -0.48848733]
Camada: saida
Peso 1:
[[-0.6193227  1.4569443]
 [ 2.131329  -1.7521245]]
Peso 2:
[-1.2206308  1.2206304]



pesos modelo: 
Test loss: 0.4022, Test accuracy: 0.8410
Camada: meio
Peso 1:
[[-0.21996146 -0.3458994 ]
 [ 0.32822615  0.34622145]
 [ 0.30239302  0.21332437]
 [-0.03352723  0.14955468]
 [ 0.3710015   0.13864383]
 [-0.5136161   0.15308265]
 [-0.30261233  0.1829332 ]
 [-0.26677266  0.17538384]
 [-0.18835516  0.17050847]
 [-0.15190734  0.11775249]
 [ 0.08561204  0.11535076]
 [ 0.15177988  0.15438722]
 [-0.46716353  0.17350392]
 [ 0.02687839 -0.11550844]
 [-0.48134884 -0.16374895]
 [-0.24038951  0.8045615 ]
 [ 0.3277696  -0.16893812]
 [-0.06053261  0.81883156]
 [-0.14064416 -2.576899  ]]
Peso 2:
[-0.05293943  1.8704737 ]
Camada: saida
Peso 1:
[[-0.93553305  0.5084715 ]
 [-2.5820348   1.9456884 ]]
Peso 2:
[ 2.522019  -2.5220199]



pesos modelo: 
Test loss: 0.3389, Test accuracy: 0.8588
Camada: meio
Peso 1:
[[ 0.2062549  -0.21873638]
 [-0.41014045  0.18599194]
 [ 0.34401035  0.34128672]
 [-0.03398193 -0.44171047]
 [-0.00498679 -0.15902288]
 [-0.08789852  0.24680915]
 [-0.09509806  0.11179271]
 [-0.06947267  0.3988359 ]
 [-0.06330319 -0.03339091]
 [-0.09065791 -0.17119168]
 [-0.06141672 -0.50035167]
 [-0.08795059 -0.09933235]
 [-0.04801449 -0.4398958 ]
 [ 0.52275354  0.17170449]
 [ 0.52922523  0.31076932]
 [-0.64086187 -0.6258218 ]
 [ 0.4911573   0.2331728 ]
 [-0.8102558  -0.19195391]
 [ 2.6387985  -0.00627551]]
Peso 2:
[-0.60492074 -0.11619354]
Camada: saida
Peso 1:
[[ 2.3473191  -1.5041432 ]
 [ 0.427526    0.06368343]]
Peso 2:
[-2.6144655  2.614465 ]



pesos modelo: 
Test loss: 0.4849, Test accuracy: 0.7970
Camada: meio
Peso 1:
[[ 0.41686058 -0.48757637]
 [ 0.46242642  0.03128678]
 [ 0.08957738 -0.17607531]
 [-0.01797458 -0.08345772]
 [-0.07201956 -0.01691366]
 [-0.04079384 -0.07797054]
 [-0.11922008 -0.03650142]
 [ 0.0432546  -0.11217254]
 [ 0.10232224 -0.06900094]
 [-0.11541607 -0.07351043]
 [-0.10390039 -0.02635138]
 [-0.00990662 -0.04542391]
 [ 0.08706584 -0.17234385]
 [ 0.14251547  0.32650837]
 [ 0.2902779   0.5904077 ]
 [-0.27973193 -0.8422136 ]
 [ 0.19020303  0.48992655]
 [-0.27958176 -0.6810602 ]
 [ 1.2869399   2.2810555 ]]
Peso 2:
[-0.26163223 -0.45180458]
Camada: saida
Peso 1:
[[ 0.6437946  -0.98691475]
 [ 1.759123   -1.752599  ]]
Peso 2:
[-2.6319125  2.6319122]



pesos modelo: 
Test loss: 0.6026, Test accuracy: 0.7945
Camada: meio
Peso 1:
[[ 0.10099679 -0.5286782 ]
 [-0.21984512  0.47105974]
 [-0.05835342 -0.5156373 ]
 [ 0.25470138  0.0160458 ]
 [ 0.5221675   0.11284897]
 [ 0.45481536  0.11719391]
 [ 0.47847146  0.04566937]
 [ 0.4578486   0.14306903]
 [ 0.32025132 -0.02586344]
 [ 0.50916106  0.06712589]
 [ 0.28509593 -0.01210872]
 [-0.01684832 -0.17605016]
 [ 0.21384697 -0.0323457 ]
 [-0.05017245  0.40520763]
 [-0.23139155  0.30605116]
 [ 0.2412003  -0.6796441 ]
 [ 0.18133794  0.59377253]
 [ 0.97520286 -0.46758014]
 [-0.53753936  2.7171783 ]]
Peso 2:
[ 0.8133251 -0.5143449]
Camada: saida
Peso 1:
[[-1.6993377  0.3586206]
 [ 2.148907  -1.6709898]]
Peso 2:
[-1.0247838  1.0247825]



pesos modelo: 
Test loss: 0.5113, Test accuracy: 0.8147
Camada: meio
Peso 1:
[[-0.48218894  0.40284383]
 [-0.2064012  -0.1413508 ]
 [ 0.20426112 -0.205522  ]
 [-0.35758066  0.1423928 ]
 [-0.10483817  0.10894467]
 [-0.38327494  0.14396383]
 [-0.4209291   0.12830588]
 [ 0.43734092  0.13817126]
 [ 0.36706993  0.14657427]
 [-0.10420365  0.17644323]
 [-0.4216765   0.13371554]
 [ 0.04705297  0.13408415]
 [ 0.38431427  0.1524699 ]
 [-0.48842788 -0.19408898]
 [-0.10053267 -0.20000985]
 [ 0.14004731  0.8535294 ]
 [-0.36131972 -0.19245355]
 [-0.02576456  0.8908602 ]
 [ 0.21099252 -2.378446  ]]
Peso 2:
[-0.01180678  1.8990479 ]
Camada: saida
Peso 1:
[[-1.243699  -0.8901016]
 [-2.4483674  2.155757 ]]
Peso 2:
[ 2.5250287 -2.525029 ]



pesos modelo: 
Test loss: 1.1665, Test accuracy: 0.6779
Camada: meio
Peso 1:
[[ 0.11671245  0.11600834]
 [-0.00463384  0.36820513]
 [-0.48333082  0.49003905]
 [ 0.21071373  0.07427492]
 [ 0.11873139  0.10586153]
 [ 0.2077245   0.05693533]
 [ 0.09620652  0.13328418]
 [ 0.10540992  0.10909991]
 [ 0.13900995  0.07194155]
 [ 0.17625454  0.10445033]
 [ 0.08639725  0.1092608 ]
 [ 0.14427164  0.07436707]
 [ 0.10218114  0.14685075]
 [-0.13172005  0.00615223]
 [-0.38305742 -0.02234079]
 [ 0.44573027  1.1298574 ]
 [ 0.06048845 -0.36096033]
 [ 0.49645248  1.1092944 ]
 [-1.8419667  -1.7080786 ]]
Peso 2:
[1.2509563 1.3488488]
Camada: saida
Peso 1:
[[-1.155608   1.9481565]
 [-1.2278008  2.1326866]]
Peso 2:
[ 2.4999197 -2.4999206]



pesos modelo: 
Test loss: 0.5344, Test accuracy: 0.7846
Camada: meio
Peso 1:
[[ 0.0658735  -0.12236428]
 [-0.2606206   0.06742752]
 [-0.28724933 -0.16545394]
 [-0.06065572  0.03236585]
 [-0.10486402 -0.18345577]
 [-0.02158588  0.39487973]
 [-0.10434765 -0.17352882]
 [-0.06833857 -0.06462297]
 [-0.06411572  0.35569337]
 [-0.06464456  0.03395726]
 [-0.08820967  0.14264499]
 [-0.05456083 -0.48948097]
 [-0.09962106 -0.5250731 ]
 [ 0.51491255  0.06798883]
 [ 0.56904286  0.23832509]
 [-0.8033282   0.31158862]
 [ 0.48617026 -0.5564499 ]
 [-0.64010465 -0.13969494]
 [ 2.59387    -0.44760746]]
Peso 2:
[-0.5464007  -0.18636796]
Camada: saida
Peso 1:
[[ 1.9929833  -1.8979603 ]
 [ 0.02420107  0.16167328]]
Peso 2:
[-2.6050584  2.6050584]



pesos modelo: 
Test loss: 0.8057, Test accuracy: 0.7562
Camada: meio
Peso 1:
[[-0.4103651   0.01789945]
 [ 0.4729064  -0.33571047]
 [ 0.36924034 -0.29592404]
 [ 0.26303786  0.24541551]
 [ 0.37354922  0.5051462 ]
 [ 0.3188101   0.5122615 ]
 [ 0.20025262  0.09683403]
 [ 0.19997104  0.03562063]
 [ 0.39578226  0.51009405]
 [ 0.09541357 -0.07127123]
 [ 0.06791738 -0.17534147]
 [ 0.26087108  0.3461022 ]
 [ 0.3873303   0.44819266]
 [ 0.01983723  0.5516097 ]
 [-0.22138044  0.08775172]
 [ 1.0091718  -0.008081  ]
 [-0.104445    0.49307898]
 [ 1.0196898   0.10647908]
 [-2.0694408   1.4960895 ]]
Peso 2:
[ 1.3222606  -0.00410602]
Camada: saida
Peso 1:
[[-1.7390807   2.486047  ]
 [ 1.9258425  -0.20938358]]
Peso 2:
[ 0.2970054 -0.2970058]
