


pesos modelo: 
Test loss: 0.6464, Test accuracy: 0.7782
Camada: meio
Peso 1:
[[ 0.02225384 -0.29786637 -0.20021883 -0.4109184  -0.0349991  -0.46724337]
 [-0.24223907  0.33399215  0.0177466   0.26581892 -0.39179358 -0.06211922]
 [ 0.09461644 -0.13792115 -0.08399728 -0.12426993 -0.2306445  -0.02781388]
 [-0.07774785  0.28082338 -0.13510466 -0.4695874   0.00751156  0.10962451]
 [-0.3014267  -0.2039687  -0.40978122  0.28030333  0.058676    0.01287341]
 [ 0.42033097  0.1563139   0.0764704   0.40547264 -0.05326433  0.06179755]
 [-0.1016337   0.42175427  0.04594135 -0.17516047 -0.38271874  0.01534614]
 [ 0.28909323 -0.1394399   0.04683527  0.15019883  0.38704905  0.48130032]
 [ 0.11020177 -0.29747057  0.18942302  0.29889584 -0.13017204  0.35879633]
 [-0.02257129 -0.09602816  0.19361894  0.04832092  0.37640622  0.7123701 ]
 [ 0.43684062 -0.18880697  0.46786553 -0.23656215 -0.2549341   0.36908963]
 [-0.130475    0.45987093 -0.0329802  -0.24467432  0.10959537  0.22382243]
 [-0.3114872   0.39135617  0.10633052  0.02771249 -0.10860544  0.29316255]
 [-0.07202506 -0.19268751  0.51593286  0.17642117  0.45102128  0.16999577]
 [ 0.6627217  -0.17514516  0.30694044 -0.38604313  0.08701698 -0.47826055]
 [ 0.13338757  0.60114753 -0.58912855  0.07014133 -0.2721229   0.44139662]
 [-0.16299671 -0.4043798   0.48979893  0.06717522  0.5452499   0.04535676]
 [-0.09978478 -0.25458655 -0.63776106 -0.47548705 -0.07686515  0.8224202 ]
 [-0.67701024  0.09244209  1.7622292   0.36366525  1.3728076  -1.1882994 ]]
Peso 2:
[ 0.43164673  0.20037426 -0.41637003 -0.00350875 -0.20170599  0.9859546 ]
Camada: saida
Peso 1:
[[-1.5595458e-01  1.0837675e+00]
 [-8.5844797e-01  1.7390616e-03]
 [ 1.7959280e+00 -9.8629421e-01]
 [ 1.4272277e-01  9.0840794e-02]
 [ 7.2883373e-01 -9.4371903e-01]
 [-1.2790694e+00  1.4291687e+00]]
Peso 2:
[-0.58250546  0.5825059 ]



pesos modelo: 
Test loss: 0.9322, Test accuracy: 0.7482
Camada: meio
Peso 1:
[[-0.4674173   0.36041543  0.38989672 -0.022778   -0.24730366 -0.26969987]
 [-0.08111334 -0.31713945  0.20148239 -0.37463927  0.3952419   0.41021845]
 [-0.17242655  0.2661232  -0.2220872  -0.12687004  0.02766195  0.02429458]
 [ 0.10297517  0.2682512   0.07849002  0.54008627  0.23007847  0.10493518]
 [-0.08395201 -0.0699341   0.01966134  0.24036737  0.13168332  0.23134425]
 [-0.27065855  0.10397828 -0.26235858  0.4273587  -0.26779592 -0.40312478]
 [ 0.5073304   0.11287691  0.5443677  -0.0741256   0.16617864 -0.10173276]
 [ 0.3370854   0.45984918  0.07533938  0.47222838 -0.10312561 -0.33274895]
 [-0.06158945  0.08890824  0.22525738  0.29583746 -0.1903807   0.3553367 ]
 [ 0.0282046  -0.33691394 -0.32837877  0.01963318  0.24510896 -0.15612632]
 [-0.42732197  0.3431809   0.56084263  0.40153357  0.1422909   0.25266036]
 [ 0.02203413 -0.19660749 -0.09046419  0.13855176  0.20738894 -0.27474836]
 [ 0.19884922  0.0370496  -0.29376552  0.58902264  0.4212898   0.3861713 ]
 [ 0.45979497  0.6677954  -0.13029914 -0.01079907  0.00883077  0.46867162]
 [ 0.06113397  0.33520192 -0.25747335 -0.1794359   0.20757225  0.4062853 ]
 [ 0.16543242 -0.75557506  0.59852046  0.66722906 -0.4667921   0.05447213]
 [-0.41979358  0.71448165  0.56883115 -0.21732855 -0.13175157  0.5547585 ]
 [ 0.15123588 -0.57507795  0.6751975   0.40371174 -0.30717674 -0.23220208]
 [-0.38894668  1.701659   -0.5106196  -1.2210535   0.37412184  0.3898943 ]]
Peso 2:
[ 0.21844062 -0.6476878   0.62066334  0.84452224 -0.03782982 -0.23311897]
Camada: saida
Peso 1:
[[-0.9014996  -0.06529577]
 [ 1.7165776  -1.4466945 ]
 [-0.89546084  0.94204646]
 [-1.397961    1.2377254 ]
 [-0.24485451 -0.8411114 ]
 [ 0.12709582 -0.7163353 ]]
Peso 2:
[-0.48159668  0.48159724]



pesos modelo: 
Test loss: 0.9224, Test accuracy: 0.7290
Camada: meio
Peso 1:
[[-2.6088911e-01  4.8175588e-01  2.1150145e-01  3.5181001e-01
   2.8935578e-01 -4.6020329e-02]
 [-1.2483013e-01  4.6113983e-01 -6.4757615e-02 -2.8753042e-01
  -1.8231302e-02  3.2185763e-02]
 [-4.6588698e-01  2.4839908e-02 -7.6516777e-02  1.1841217e-01
   4.3913284e-01 -4.4998431e-01]
 [-9.2390068e-02 -3.7946129e-01  7.8185096e-02  1.0344180e-01
   2.0070666e-01 -2.8501922e-01]
 [-3.7918982e-01 -1.7946376e-01  1.4363921e-01  1.2670079e-02
   5.0708879e-02 -2.0033596e-01]
 [-6.3035794e-02 -3.0267024e-01  7.2308913e-02  2.6963213e-01
   7.0380442e-02 -3.1884265e-01]
 [ 4.3696022e-01 -3.5641217e-01  6.3305758e-02 -1.9442120e-01
   1.2015207e-01 -3.9988801e-01]
 [-6.8450786e-02 -2.8762183e-01  1.3245380e-01 -2.9526490e-01
   4.5587204e-02 -1.6051865e-01]
 [ 1.6124293e-01 -3.7626940e-01  1.0912372e-01 -1.9419557e-01
   6.4196631e-02 -4.7197938e-01]
 [ 4.2469114e-01 -9.0011448e-02  6.7954637e-02  2.6336652e-01
   8.0187976e-02 -4.1126773e-01]
 [ 3.6423668e-01 -5.2056450e-02  9.0679549e-02  2.6456183e-01
   3.0773260e-02  5.4438844e-02]
 [ 5.5790700e-02 -1.5811343e-01  9.9012330e-02  3.5131693e-01
  -5.3936075e-03  1.9840150e-01]
 [-3.8247401e-01  3.5359889e-01  1.0337159e-01  3.8849387e-01
   8.9074224e-02  1.6492325e-01]
 [ 1.8008774e-03 -4.9822614e-01 -2.8223348e-01 -5.4676366e-01
   5.6595661e-02 -3.4363595e-01]
 [-1.9094361e-01  3.1944418e-01  2.6606196e-01 -1.8962018e-01
  -5.3015745e-01  4.7737882e-01]
 [ 3.1840372e-01  3.1866202e-01  8.5093385e-01  1.7158535e-01
   6.5977138e-01  3.0466831e-01]
 [-3.8523409e-01  1.1968920e-02 -3.0096921e-01 -2.9580289e-01
   2.8554386e-01 -4.4704473e-01]
 [ 1.5160461e-01  3.4984884e-01  4.9265245e-01  5.0366908e-01
   8.7311453e-01 -2.9876795e-01]
 [-6.1072224e-01 -1.3023725e-01 -1.9075427e+00 -2.8455600e-01
  -1.3987490e+00  1.5786345e-01]]
Peso 2:
[ 0.23213157 -0.15817183  1.5038317   0.13389397  0.99789196  0.03907175]
Camada: saida
Peso 1:
[[-1.1304257  -0.36017767]
 [ 0.6770935   0.2762717 ]
 [-1.9407828   1.7699546 ]
 [-0.765158    0.06221312]
 [-1.8565321   0.78200823]
 [-0.244354    0.5594338 ]]
Peso 2:
[ 2.528155 -2.528154]



pesos modelo: 
Test loss: 0.3655, Test accuracy: 0.8575
Camada: meio
Peso 1:
[[ 0.3768339   0.07048789  0.16507766  0.05267504  0.27131197  0.08107653]
 [-0.38562533 -0.04217663  0.3300852  -0.10263389  0.298789   -0.12756804]
 [ 0.4393997   0.34188762 -0.3937028   0.28220418 -0.14225283  0.38512263]
 [ 0.3559889   0.02787718 -0.02385779  0.45287028  0.18736033 -0.15705822]
 [ 0.06401559 -0.3444015   0.2138857  -0.43054578 -0.4697798   0.2786619 ]
 [ 0.31083322 -0.3512348  -0.10550664 -0.17568758  0.4057774  -0.28742173]
 [ 0.38902873 -0.42986655 -0.13828687 -0.40127888 -0.34360397 -0.2924886 ]
 [ 0.37812543  0.30783758  0.4529408  -0.37957308  0.42231527  0.365789  ]
 [-0.26230222 -0.40114498 -0.14026448  0.42077413  0.17026542  0.3684625 ]
 [ 0.14231658 -0.34742817  0.10311611  0.14303195 -0.11821982  0.1891683 ]
 [-0.0807461   0.22757933 -0.29119426  0.3211638  -0.31777066  0.01438288]
 [ 0.49610475 -0.08945567  0.54563606 -0.1631064   0.33701217  0.30369145]
 [ 0.10901767 -0.18166916  0.38689157 -0.33506656 -0.03618079  0.51157564]
 [-0.12149545  0.11063632  0.3956562  -0.11241903 -0.4176036   0.27631372]
 [-0.0695602   0.22968674  0.46634465  0.13449937 -0.32746163  0.13480139]
 [ 0.9219082  -0.29885563  0.02719074  0.01341935 -0.04741784  0.3882528 ]
 [ 0.10533526  0.44846302  0.53405166 -0.06063803 -0.33316633 -0.02010566]
 [ 0.3913034  -0.28441498 -0.22285077 -0.17832127 -0.1492175   0.63967794]
 [-1.4719489  -0.05303783  1.8786387  -0.21380125  0.09347152 -1.3465879 ]]
Peso 2:
[ 9.0223259e-01 -1.7587248e-03 -1.3121927e-01  5.3943077e-04
  3.3412233e-02  7.3079371e-01]
Camada: saida
Peso 1:
[[-1.6726782   1.1087198 ]
 [ 0.7553358   0.41157207]
 [ 1.4341615  -1.3002143 ]
 [-0.5484842  -0.51012087]
 [-0.25915945  0.05274743]
 [-1.3185884   1.2207298 ]]
Peso 2:
[-0.02401741  0.02401766]



pesos modelo: 
Test loss: 0.4630, Test accuracy: 0.8261
Camada: meio
Peso 1:
[[-2.11647660e-01  4.36090380e-01 -1.81306303e-02  1.58997744e-01
   1.45078212e-01  4.31500942e-01]
 [-2.34506279e-01  1.67836279e-01  1.00995302e-02  3.86670560e-01
  -1.06457591e-01  3.95097762e-01]
 [-4.79613751e-01 -2.43735299e-01  2.63219982e-01  8.15844238e-02
  -2.81269550e-01  3.42640072e-01]
 [ 3.38574231e-01 -3.80885638e-02 -2.34517321e-01 -7.15918541e-02
   1.80107623e-01 -1.14316188e-01]
 [ 2.19282985e-01  1.53843090e-01 -1.29223475e-02 -3.66262436e-01
   1.88713670e-02  1.07096203e-01]
 [ 3.59579176e-01  3.08059335e-01 -6.26321360e-02 -4.55171973e-01
   2.18269318e-01  3.23175728e-01]
 [-6.06567897e-02  3.47185373e-01  2.41772324e-01 -3.12799662e-01
  -2.40194127e-01  5.49849033e-01]
 [ 1.88491285e-01  5.54779209e-02 -2.13204101e-01 -1.09062074e-02
   1.28838480e-01  1.32443994e-01]
 [-8.17276910e-02 -3.83796692e-01  3.21180463e-01 -2.74515301e-01
  -7.98699036e-02  4.45653409e-01]
 [ 5.75974941e-01 -2.41369218e-01 -1.11462720e-01  4.67240006e-01
   4.51123297e-01 -2.43858740e-01]
 [ 5.37340976e-02  2.60554641e-01  3.82390171e-01  3.48121583e-01
  -2.97815889e-01  1.39193431e-01]
 [ 1.38290286e-01 -3.05998683e-01 -1.32422909e-01 -4.70054895e-01
   1.05763339e-01 -2.02831656e-01]
 [ 8.44803527e-02 -7.16820434e-02  4.66060370e-01 -5.50392009e-02
   3.13824043e-02  5.42061150e-01]
 [ 1.86572790e-01  4.46206003e-01  2.63529748e-01 -2.30169326e-01
   2.80319035e-01 -3.60917658e-01]
 [ 2.22900305e-02  2.68521756e-01  7.27446452e-02 -6.97067156e-02
   5.72191536e-01 -1.24663208e-03]
 [ 4.26433802e-01 -3.76220167e-01 -2.40451708e-01 -2.98112303e-01
  -7.60224879e-01 -2.19693661e-01]
 [-4.45402622e-01  3.38049740e-01 -6.67213649e-02 -4.27517325e-01
   3.53787899e-01  5.36576092e-01]
 [ 1.26651430e+00 -8.06946605e-02 -5.01973152e-01 -2.84610242e-01
  -1.55474052e-01 -3.12840283e-01]
 [-9.46742713e-01  8.54574502e-01  1.11693275e+00  4.55528349e-02
   1.79812551e+00 -9.11797345e-01]]
Peso 2:
[ 1.0457324  -0.21053413 -0.00822381 -0.02391073 -0.40116674  0.46451458]
Camada: saida
Peso 1:
[[-1.3984504   1.3350738 ]
 [ 1.1227943  -0.12351792]
 [ 1.0391654  -0.22477825]
 [ 0.52342767  0.00987672]
 [ 1.6305072  -1.104861  ]
 [-0.04397517  1.3143494 ]]
Peso 2:
[-0.7825651  0.782565 ]



pesos modelo: 
Test loss: 0.2734, Test accuracy: 0.8909
Camada: meio
Peso 1:
[[ 0.36734214 -0.39773804  0.25965092 -0.08460662 -0.43177494 -0.1614801 ]
 [ 0.3060582  -0.22948128 -0.3939057   0.19127735 -0.3897476  -0.18058065]
 [ 0.25036934 -0.37423375  0.22744438  0.3467897  -0.27345943 -0.4795537 ]
 [-0.02185238 -0.11642092 -0.14997984  0.01772819  0.16924411  0.03015858]
 [ 0.1330807   0.00274948  0.01547495  0.36690465  0.52257484  0.27787578]
 [ 0.01519946 -0.29692498  0.11959164  0.00804987  0.3573075   0.30054912]
 [-0.09580677 -0.326433    0.33187318 -0.23717792  0.4508496   0.32918265]
 [ 0.05315749  0.3177018   0.16865216 -0.4381407   0.61300766  0.35802263]
 [-0.01738158  0.41618747 -0.22893217  0.36923403  0.45950148  0.38794953]
 [ 0.18891028 -0.07884838 -0.06900494 -0.3497583   0.3802942   0.20126665]
 [-0.09017087  0.1533597  -0.16799377 -0.34700784 -0.06511471 -0.07916922]
 [ 0.18361013 -0.00264446 -0.0409751   0.1963329   0.30761334 -0.15291539]
 [-0.04969329  0.15184528  0.05674309  0.13090757  0.20828174 -0.15848643]
 [ 0.44262126  0.24506064  0.12861985 -0.23000972 -0.15569402  0.15029499]
 [ 0.41734934  0.31929785  0.4990358   0.23252957  0.23382573 -0.03393729]
 [-0.29014528 -0.6621264  -0.6166654  -0.5672088   0.2362647  -0.5637713 ]
 [ 0.31932452  0.36981532  0.4396288   0.3104828   0.37282324  0.05803895]
 [-0.24766572 -0.33933243 -0.4444661   0.01712704  0.67063946 -0.5121694 ]
 [ 1.6079062   0.6208441   1.3833152   0.18490918 -0.9667104   0.7164154 ]]
Peso 2:
[-0.5528148  -0.14388303 -0.21361707 -0.1065854   0.9191624  -0.14924689]
Camada: saida
Peso 1:
[[ 1.5183889  -0.98726606]
 [ 0.24331154 -0.8315483 ]
 [ 1.0654902  -1.292159  ]
 [ 0.10397196 -0.45461002]
 [-1.2303652   1.2184017 ]
 [-0.15234037 -1.1996809 ]]
Peso 2:
[-0.8440707   0.84407127]



pesos modelo: 
Test loss: 1.0781, Test accuracy: 0.6944
Camada: meio
Peso 1:
[[ 3.93590897e-01  2.27094442e-01  1.58884794e-01  1.39029115e-01
   4.80072290e-01 -2.29213089e-01]
 [ 3.31074089e-01 -3.12566757e-04 -3.22329015e-01 -2.19616175e-01
   7.88392127e-02 -1.56179696e-01]
 [-1.80476457e-01 -1.06818855e-01 -3.01526189e-01  2.75272340e-01
   2.79362589e-01  3.05577546e-01]
 [-5.04434370e-02  1.90422088e-01  2.09771842e-01 -2.37817273e-01
   5.92183173e-01  2.00984590e-02]
 [ 3.91149014e-01  2.73056149e-01  1.35670781e-01  1.44069567e-01
   1.65584520e-01 -7.60964528e-02]
 [-1.53132439e-01  6.81764632e-02  1.57740191e-01  1.32486343e-01
   3.37319493e-01 -4.87158075e-03]
 [-1.03113614e-01  9.36200246e-02  7.14791119e-02 -1.69152975e-01
   2.63349384e-01 -5.67954816e-02]
 [ 4.12505686e-01  5.03176093e-01 -3.05529088e-01 -2.38610402e-01
   2.04504251e-01  2.54477024e-01]
 [ 2.11837143e-01 -3.12916525e-02  2.58229911e-01  1.15954198e-01
   4.21236694e-01  1.97948329e-02]
 [-4.63737905e-01  3.40596199e-01 -1.84870750e-01 -2.49869693e-02
   3.53520453e-01  8.97658914e-02]
 [ 4.42339212e-01 -2.80094892e-01 -2.72825778e-01 -4.00440663e-01
   2.75389105e-01  1.07323974e-01]
 [-2.17213407e-01  4.67734516e-01  1.24450915e-01 -6.27632737e-02
   4.36020702e-01  1.11059815e-01]
 [-1.10645324e-01  3.05995613e-01  1.64125592e-01  1.81425348e-01
   4.22484964e-01 -2.53470857e-02]
 [-2.54855812e-01  6.96324036e-02  2.04428941e-01  1.78868860e-01
  -2.53126770e-01  3.91468227e-01]
 [ 2.55668789e-01  2.73772836e-01  3.05891514e-01 -4.04613465e-01
  -2.02386677e-01  4.61476684e-01]
 [ 3.60725641e-01  2.20839977e-02 -5.46106100e-01 -1.06157325e-01
   6.80984855e-01 -5.38619459e-01]
 [-7.14074373e-02 -3.52481037e-01  3.36400688e-01 -2.39780292e-01
  -1.36043534e-01  2.29156539e-01]
 [-4.91904579e-02  4.18773502e-01 -5.40596545e-01  2.22567379e-01
   2.39069447e-01 -6.24729335e-01]
 [ 7.23973587e-02 -7.68244937e-02  1.17587292e+00 -1.01643823e-01
  -3.69390756e-01  2.33613133e+00]]
Peso 2:
[ 0.16525729  0.32528234 -0.25527537 -0.01963586  0.8047169  -0.53657204]
Camada: saida
Peso 1:
[[ 0.12618977  0.68019897]
 [-0.98744786 -0.17131656]
 [ 1.2456754  -0.4413747 ]
 [ 0.07903834  0.06963719]
 [-0.13796479  1.7266035 ]
 [ 1.8830471  -1.626421  ]]
Peso 2:
[-1.0557519  1.0557506]



pesos modelo: 
Test loss: 0.2293, Test accuracy: 0.9045
Camada: meio
Peso 1:
[[-0.2022146  -0.16313177 -0.26319033  0.47101358  0.06774399 -0.02934864]
 [-0.48888305  0.20165768 -0.13809344  0.3395103  -0.32535475 -0.18811512]
 [-0.24131915  0.11410931 -0.37136257 -0.27005857 -0.07882392 -0.28431118]
 [-0.38946941 -0.19778244 -0.5101167   0.51152706 -0.2342593   0.37775156]
 [ 0.30522433  0.03215285  0.15877938  0.21384723 -0.25864205  0.27611405]
 [-0.29861256 -0.19207306  0.20006128  0.24127549 -0.4229159   0.22516589]
 [ 0.12710509  0.14008567 -0.2824873   0.3593931  -0.23830405  0.272006  ]
 [-0.37927768 -0.06261489 -0.21632034  0.53541225  0.24447271  0.36788014]
 [-0.087967   -0.36343935  0.2556713   0.20771937 -0.28657746  0.26050478]
 [ 0.49645674 -0.4272835  -0.31633648 -0.03668171  0.12960912  0.17864251]
 [ 0.03219758  0.17449525  0.25071865 -0.05406626 -0.376486    0.08118634]
 [ 0.49466583  0.07924183 -0.25005868 -0.17584088  0.08866628  0.10997047]
 [-0.0778103  -0.12834509 -0.47217306 -0.31483325  0.2022675  -0.01944582]
 [-0.10902013 -0.18042323  0.00674596  0.504793   -0.48822302 -0.180401  ]
 [ 0.12416091 -0.38121703 -0.3855533   0.81746787  0.20519772  0.10611579]
 [-0.45446584 -0.09004752  0.25518206 -0.04495618  0.22299549  0.9002585 ]
 [-0.265953    0.19411103 -0.32008544  0.9577142  -0.23968802  0.1494748 ]
 [-0.25714177 -0.11713126  0.21321028 -0.09528822 -0.34721914  0.9266222 ]
 [ 0.559558   -0.1386446   0.26524702  1.1207087  -0.05291859 -2.2698426 ]]
Peso 2:
[ 0.07341534  0.00532921 -0.24336301 -0.17218404 -0.11113319  1.3417658 ]
Camada: saida
Peso 1:
[[-0.16816354 -0.59229165]
 [ 0.40950575  0.5517837 ]
 [ 0.6660528  -0.59259456]
 [ 0.58893025 -1.5772551 ]
 [ 0.39637488 -0.36792007]
 [-1.9765038   2.0662863 ]]
Peso 2:
[-0.0768905   0.07689064]



pesos modelo: 
Test loss: 0.3983, Test accuracy: 0.8504
Camada: meio
Peso 1:
[[ 0.06859991  0.19890806  0.35541376  0.07300273 -0.48808938 -0.1561679 ]
 [ 0.20718285 -0.47433716 -0.01911667 -0.34701896  0.01710793  0.09551314]
 [ 0.19447914 -0.29803902 -0.2170392   0.35189047  0.46652517  0.30578968]
 [-0.36505368 -0.02986959 -0.10007091  0.09716041 -0.4480691   0.19047485]
 [-0.47476047 -0.3415134  -0.27965406  0.00674076  0.12265798  0.20372647]
 [ 0.35248336 -0.34134173 -0.26082516  0.05587465  0.16782705  0.15427126]
 [ 0.34473082  0.32318234 -0.09291038 -0.01006092  0.03264087  0.17190714]
 [-0.17670308  0.21909466 -0.10651612  0.08923604  0.31123763  0.14542772]
 [-0.232479   -0.45104295  0.05280295  0.05687534  0.01785749  0.18896365]
 [ 0.30460712  0.237008   -0.37483087 -0.01387939  0.29529813  0.25208306]
 [-0.0824106  -0.00971503  0.13103597  0.1302297  -0.45225197  0.12316716]
 [-0.46444815 -0.2895792  -0.17718287  0.09577388 -0.37385136  0.19111584]
 [ 0.02005509  0.18575001  0.24908364  0.26676682 -0.27156052  0.0828163 ]
 [-0.28245094 -0.44868478  0.2322579   0.30292568 -0.08077612 -0.2491099 ]
 [-0.43083423  0.01756976 -0.53444624  0.33676162  0.1992381  -0.30807698]
 [-0.18515383  0.4766762   0.4997708   0.26346907  0.11653557  0.7186986 ]
 [ 0.09214502 -0.08052129  0.01912994 -0.60363936  0.01217136  0.15165377]
 [-0.32690328  0.30604708  0.5024848   0.5581252   0.47891068  0.663049  ]
 [-0.3437329  -0.00892559 -0.02670182 -1.2827426  -0.47447002 -2.4235938 ]]
Peso 2:
[-0.18154031  0.05713781  0.1375141   0.6058101  -0.0726866   1.5484766 ]
Camada: saida
Peso 1:
[[-0.12235744 -0.6250554 ]
 [ 0.37102944  0.773189  ]
 [-0.81331027  0.36573535]
 [-0.7752806   1.203532  ]
 [-0.5930438  -0.11806776]
 [-1.8968006   2.2160947 ]]
Peso 2:
[ 2.532336 -2.532336]



pesos modelo: 
Test loss: 0.8357, Test accuracy: 0.7477
Camada: meio
Peso 1:
[[ 0.00555667  0.29750684  0.10431549 -0.34299153 -0.47597867 -0.14636433]
 [-0.29801986 -0.08243531  0.34035566 -0.2827298   0.12767795  0.3333871 ]
 [ 0.43583134 -0.24424525 -0.48828432  0.05759248  0.05879602  0.24074998]
 [ 0.30665836  0.26065993  0.4592444  -0.07255412  0.29985458 -0.32024515]
 [ 0.2599652  -0.01222854  0.29854333 -0.24909408  0.326739    0.11341222]
 [ 0.25283763  0.18778077  0.32250255  0.1294892   0.42872742  0.4426042 ]
 [ 0.20260851  0.31727278  0.13957065  0.43691874  0.3064153  -0.45503473]
 [ 0.3799779   0.03960381 -0.16349985  0.32157663 -0.09489771  0.28690836]
 [ 0.47080788 -0.18836205  0.16233388 -0.01409788  0.40530503  0.00461277]
 [ 0.11541089  0.08705146 -0.04251296  0.10668118  0.29249203 -0.31368262]
 [ 0.08377865  0.47796282  0.02000692  0.22683874 -0.18440239 -0.37426096]
 [-0.21528235  0.17673907 -0.19207533 -0.24615851 -0.35927874 -0.38300377]
 [ 0.20251557 -0.1439688  -0.3464464   0.03864394 -0.18441483 -0.28163132]
 [-0.252685    0.13582227  0.5486573   0.1352648  -0.21247326  0.1593123 ]
 [-0.12786113  0.3090238   0.77628624  0.31737614 -0.35317808 -0.06734031]
 [ 0.5208335   0.6982852  -0.37462136 -0.30188072  0.5419439  -0.33702862]
 [-0.02820533  0.08647661  0.5050907   0.66490966  0.37307376 -0.05919431]
 [ 0.05389453  0.809658   -0.1780044  -0.5717702   0.36043766  0.26588014]
 [-0.993012   -1.6390295   1.0408812   1.1147225  -0.50437    -0.10549178]]
Peso 2:
[ 0.6865694   0.8261104  -0.3300652  -0.12738277  0.29924     0.04295801]
Camada: saida
Peso 1:
[[-0.80674773  1.201929  ]
 [-1.5487015   1.3199072 ]
 [ 1.1895725  -0.8639765 ]
 [ 1.0512651  -0.77121854]
 [-0.28972894  0.8102954 ]
 [-0.36973476  0.20067981]]
Peso 2:
[-0.29016933  0.29016948]



pesos modelo: 
Test loss: 0.2647, Test accuracy: 0.8829
Camada: meio
Peso 1:
[[ 0.05287549 -0.23320231  0.2067773  -0.436735   -0.2300947   0.10206458]
 [ 0.00201377  0.23331365  0.40433154  0.4851527   0.09080991  0.45546332]
 [ 0.1215696   0.18014416  0.2428914   0.18361583 -0.4807258  -0.06131211]
 [-0.24297366  0.02397392  0.07140664 -0.32945773 -0.42498925  0.27445698]
 [ 0.42481992 -0.48614162  0.23783152 -0.08293937 -0.13843122  0.43180194]
 [ 0.2002751   0.05000718 -0.05669666  0.45556277  0.2286359   0.08751646]
 [ 0.35989338 -0.36497     0.16420831 -0.3866335   0.03669119  0.48646164]
 [ 0.43531537 -0.24409793  0.19943222 -0.2572101  -0.0373389   0.44466248]
 [ 0.02804628 -0.03144285  0.25542322 -0.18280901  0.17607042  0.42595685]
 [ 0.12411655  0.15417185  0.12873776  0.52937925 -0.15041266  0.13468602]
 [ 0.02634369  0.12843224 -0.00746796  0.28886694  0.1563311   0.13043463]
 [ 0.10173941 -0.27308112  0.20170417  0.08449519 -0.02521168  0.33750394]
 [-0.2540086  -0.27498803  0.09777755  0.5547654  -0.51386    -0.00332201]
 [ 0.5459469   0.09283383  0.46893784  0.2401831   0.29315808  0.04517545]
 [ 0.24787949  0.2769802   0.30705017 -0.05545826  0.32499444 -0.02447198]
 [ 0.24555364 -0.10979869 -0.7534036   0.4230982   0.08371383  0.3286082 ]
 [ 0.49734068 -0.36402503  0.69708866  0.24338512 -0.0572319   0.00737062]
 [-0.32645938 -0.25299928 -0.325272   -0.3385845   0.1594204   0.8683817 ]
 [ 0.03013616 -0.10167663  1.6834016  -0.67343605  0.04648798 -2.0045962 ]]
Peso 2:
[-0.09489141 -0.02254339 -0.35878366  0.24007641 -0.1426965   0.99127185]
Camada: saida
Peso 1:
[[ 0.10385142 -0.30955172]
 [ 0.22705561  0.02638312]
 [ 1.3957275  -1.3185799 ]
 [-0.23661704  0.82577306]
 [ 0.08577451 -0.30868107]
 [-1.792769    1.5785251 ]]
Peso 2:
[-0.28490135  0.2849021 ]



pesos modelo: 
Test loss: 0.5070, Test accuracy: 0.8128
Camada: meio
Peso 1:
[[-7.85800517e-02  1.03827447e-01 -2.63348222e-02  4.86405581e-01
  -1.34364933e-01 -3.06159258e-02]
 [ 2.86059588e-01 -2.46980011e-01 -3.02656591e-02 -1.65186435e-01
   1.82848275e-02 -1.82993740e-01]
 [-5.47111034e-02 -3.32210720e-01  4.46913034e-01 -1.34007275e-01
  -1.54172480e-02 -4.41274256e-01]
 [ 5.83980739e-01 -2.36863401e-02 -2.35605359e-01  1.34783983e-01
  -2.51682937e-01  1.11829206e-01]
 [ 3.38926375e-01  3.55632186e-01 -4.09624726e-01  1.03469431e-01
   4.74895686e-01 -8.70669708e-02]
 [-1.68975174e-01 -8.16180930e-02 -3.32032979e-01  2.41219699e-01
   7.61064561e-03 -2.64813840e-01]
 [-2.97919244e-01 -2.53365546e-01 -1.40533462e-01  1.73521563e-01
  -5.01522981e-02  4.02568847e-01]
 [ 8.19786042e-02 -1.70384906e-02 -1.32880406e-02  1.58042401e-01
   1.17537186e-01 -3.67213674e-02]
 [ 3.95275801e-01  2.68341690e-01  3.68538707e-01  3.97713006e-01
   5.08326963e-02  3.92841101e-01]
 [ 2.84187108e-01  6.14425912e-02 -3.61504227e-01  1.30005896e-01
   1.72255889e-01  7.93164447e-02]
 [ 2.09485903e-01  8.77037793e-02  2.80520006e-04  2.83495307e-01
   2.27543917e-02 -1.33780921e-02]
 [ 3.84535998e-01  3.58568609e-01 -9.61971134e-02  5.16726971e-01
  -4.72749062e-02 -2.19566345e-01]
 [-3.35172808e-04  9.36084017e-02 -2.30533242e-01  1.71282142e-01
   2.60223418e-01 -1.59479603e-01]
 [-3.45675498e-01  4.00161833e-01 -3.08555663e-02 -1.39166608e-01
   8.58487636e-02 -3.89248461e-01]
 [ 2.64816105e-01  6.43074214e-01 -1.88468337e-01  1.48730353e-01
   1.51677549e-01 -1.41594410e-02]
 [-6.68905601e-02 -2.43837565e-01 -1.63682744e-01  6.37226641e-01
   7.03783870e-01 -3.75857025e-01]
 [-8.93279687e-02  4.44165707e-01  4.12863553e-01 -5.28428443e-02
   1.35054976e-01 -4.81751382e-01]
 [ 5.89356482e-01 -5.61587870e-01  2.14368459e-02  3.67506415e-01
   4.59074497e-01  4.25532758e-01]
 [-7.97695160e-01  1.94946468e+00 -4.36958611e-01 -1.25929117e+00
  -1.08100116e+00 -1.03813358e-01]]
Peso 2:
[ 0.36451095 -0.42426547  0.02056201  0.51114774  0.67111903 -0.0429914 ]
Camada: saida
Peso 1:
[[-0.5678707   0.7200713 ]
 [ 1.7685813  -1.3130367 ]
 [-0.40587562 -0.12444777]
 [-0.7927985   1.2141235 ]
 [-1.1001632   1.1860099 ]
 [-0.02820335 -0.10296733]]
Peso 2:
[-0.3296994   0.32969916]



pesos modelo: 
Test loss: 0.8733, Test accuracy: 0.7257
Camada: meio
Peso 1:
[[-2.40504116e-01 -1.51340395e-01  4.79142934e-01 -9.86979306e-02
  -2.34654605e-01 -4.87805605e-02]
 [ 4.69526976e-01 -2.65660316e-01  2.62470931e-01 -4.23241258e-01
   2.22761959e-01  1.93327457e-01]
 [ 1.59272850e-02  3.44698578e-01  1.75675005e-01 -1.65905684e-01
   3.25238496e-01 -2.24741846e-01]
 [ 4.19193320e-02 -1.71476364e-01 -3.67084444e-01 -3.81340683e-02
  -2.44789109e-01  4.16535497e-01]
 [ 8.08202252e-02  1.79434687e-01 -2.89549142e-01 -6.00928441e-02
  -4.88728166e-01  2.04122677e-01]
 [ 7.03046024e-02 -3.71203840e-01  2.74999201e-01 -8.42620879e-02
   3.73444483e-02 -4.69940633e-01]
 [ 2.70312637e-01 -4.70043570e-01 -3.27608585e-01  1.83361745e-03
   3.87101620e-01 -2.21215159e-01]
 [ 1.35081619e-01 -3.61060143e-01 -1.22441016e-02 -6.43443763e-02
   2.70287007e-01 -4.85332519e-01]
 [ 1.15363099e-01  1.64341033e-02  2.28379250e-01 -5.92729039e-02
  -2.04049990e-01  3.44755948e-01]
 [ 3.37590635e-01 -1.91618085e-01  2.97008753e-02  2.61914097e-02
  -3.46972287e-01  1.00309506e-01]
 [ 2.07219660e-01 -3.58871073e-01 -1.29087642e-01  2.62679402e-02
  -4.25311506e-01 -2.93018371e-01]
 [ 2.60742545e-01 -3.07721078e-01 -3.42161298e-01  3.17025781e-02
  -4.82288092e-01 -3.73820573e-01]
 [ 2.34020829e-01  3.54175866e-02 -2.15017442e-02 -7.19792247e-02
   3.80034506e-01  1.44923469e-02]
 [-4.60628197e-02 -4.82608289e-01 -3.28614771e-01  4.64737594e-01
   1.07518405e-01 -4.21044618e-01]
 [ 2.41879225e-01 -1.32109612e-01 -3.75509560e-01  6.92585707e-01
  -1.39262527e-01  1.72746673e-01]
 [ 7.53746092e-01 -1.00606352e-01 -3.00597548e-02 -5.89788735e-01
  -3.99530828e-01 -4.03871417e-01]
 [ 5.21182239e-01  2.52215117e-01 -2.74123609e-01  6.61083579e-01
  -3.18649203e-01  3.88746709e-02]
 [ 1.12183742e-01 -4.27486509e-01  7.34077543e-02 -7.90581107e-01
   3.92242335e-02  3.63593519e-01]
 [-7.53134847e-01 -1.21220618e-01  3.78599077e-01  2.34253669e+00
   2.59674042e-02  2.40615040e-01]]
Peso 2:
[ 0.78959274  0.         -0.07232665 -0.41081816 -0.02494394  0.01148189]
Camada: saida
Peso 1:
[[-1.1516918   1.0899259 ]
 [-0.584455    0.3982497 ]
 [ 0.5354017  -0.3603553 ]
 [ 2.0490282  -1.8981407 ]
 [ 0.03352766 -0.05409845]
 [-0.7670908  -0.63523304]]
Peso 2:
[-1.4075874  1.4075866]



pesos modelo: 
Test loss: 0.5603, Test accuracy: 0.7989
Camada: meio
Peso 1:
[[-7.77521729e-02  3.62770110e-01 -1.90578789e-01  1.31512851e-01
   1.42038137e-01 -3.41087461e-01]
 [-4.83944952e-01 -8.71563852e-02 -4.58961040e-01 -3.21614653e-01
   3.57918650e-01  2.94289380e-01]
 [ 4.76375788e-01  1.82864070e-03  4.46839362e-01  3.33176762e-01
   3.64962786e-01  1.58465594e-01]
 [-4.55591738e-01  3.45482260e-01  3.58205527e-01  1.64477661e-01
  -2.86055356e-01  1.34157985e-01]
 [-1.66008770e-01  2.64767855e-01 -3.23048472e-01  1.20965010e-02
  -4.19560283e-01 -3.36637080e-01]
 [ 2.58561242e-02  2.61465997e-01  4.64417934e-01  2.88097560e-01
  -1.99853048e-01  6.70124218e-02]
 [-2.78103471e-01  2.81852931e-01  1.39519081e-01 -4.81132679e-02
  -1.78731665e-01  2.84671456e-01]
 [-1.78525150e-02  1.00445859e-01  8.43806937e-02 -9.29150358e-02
  -1.89123780e-01 -2.24398121e-01]
 [ 3.78813207e-01  1.63044155e-01  1.23900615e-01 -1.42281324e-01
  -1.75777733e-01  3.00749063e-01]
 [-1.78268939e-01  4.60952491e-01 -1.93454251e-02  2.54875004e-01
  -6.26948848e-02  5.68701960e-02]
 [-4.21760589e-01  4.38156873e-01  2.94199675e-01  2.57055074e-01
   4.04361129e-01  1.86133981e-01]
 [ 3.93712282e-01 -1.64310597e-02 -5.19505665e-02 -1.82632104e-01
   4.38717246e-01 -4.08371165e-02]
 [ 1.21226497e-01  4.87954557e-01  1.85197800e-01  4.03019041e-01
   1.12044074e-01 -4.39222194e-02]
 [ 5.01585044e-02 -3.63639146e-01 -5.52216992e-02  1.86090678e-01
   1.05252407e-01  3.06946576e-01]
 [ 1.98652208e-01 -1.85436472e-01  9.46621820e-02  4.89743143e-01
  -4.83704209e-01  1.27807811e-01]
 [ 4.73955929e-01  5.89403450e-01  4.66360182e-01 -5.30917406e-01
  -3.81434768e-01 -5.13201892e-01]
 [ 3.82755190e-01 -1.97334811e-01  2.54099756e-01  4.41001594e-01
   2.26197466e-01  3.23172152e-01]
 [ 8.35951418e-04  7.63976574e-01 -5.45509867e-02 -3.27809423e-01
   2.38886222e-01 -7.87289888e-02]
 [-2.99775094e-01 -1.26094496e+00 -1.05032611e+00  1.95662916e+00
   5.05098552e-02  5.68370640e-01]]
Peso 2:
[ 0.08805649  1.0269252   0.45027658 -0.326487    0.05999302 -0.06910732]
Camada: saida
Peso 1:
[[-0.29598182  0.213731  ]
 [-1.6064528   1.3469254 ]
 [-0.8117091   0.70325446]
 [ 1.1085867  -1.7052109 ]
 [-0.8416722  -0.39285278]
 [ 0.38863394 -0.6123454 ]]
Peso 2:
[-0.30832037  0.30832   ]



pesos modelo: 
Test loss: 0.1780, Test accuracy: 0.9231
Camada: meio
Peso 1:
[[ 0.12239107  0.46697357 -0.22315267  0.34973302  0.34799656  0.13221404]
 [ 0.18044129 -0.17192665 -0.15388688 -0.02446789  0.21620479  0.40069732]
 [ 0.33327523 -0.23034793  0.39293846  0.10427925  0.110293    0.3108432 ]
 [ 0.13611531  0.16961968 -0.15703829  0.02290982  0.39579967 -0.04753742]
 [ 0.30687025  0.5361404   0.14293551  0.04626913  0.11976404  0.18884072]
 [ 0.07648471  0.48068509  0.48962593  0.29192156 -0.3506272  -0.13834766]
 [-0.03340966  0.2184964   0.3967778   0.50033224 -0.31899843 -0.15874848]
 [ 0.1486065   0.10399412  0.06894163  0.5408575   0.04572022 -0.35937974]
 [ 0.24121293  0.10847656 -0.13484965  0.22981101  0.04316274  0.49528214]
 [-0.02085743  0.03033282 -0.3257551  -0.26929435 -0.44680655  0.4188647 ]
 [-0.15900391  0.26629925  0.04437202 -0.35871884  0.12768425 -0.22951616]
 [ 0.10152302  0.5484982   0.45416224 -0.02126454  0.22131948  0.49753648]
 [ 0.07950345  0.41120073  0.27304277  0.02562329 -0.34061143  0.26282316]
 [ 0.5927094   0.13352424  0.34614184  0.44046524 -0.13347435 -0.28190175]
 [ 0.34641123 -0.1057454   0.22281925  0.0745031   0.09412874 -0.4434114 ]
 [-0.2125899   0.28701472 -0.13493696  0.72166556 -0.11600587  0.20154905]
 [ 0.04478323 -0.23467886  0.06905936 -0.12621085  0.00387498 -0.39394128]
 [-0.30641252  0.6685597  -0.44037694 -0.2277845   0.24057512  0.17150314]
 [ 1.6219739  -1.569669    1.352222   -0.80835176  0.18583821  0.23848504]]
Peso 2:
[-0.40125543  0.9497886  -0.1537968   0.42882326 -0.1074174   0.07970902]
Camada: saida
Peso 1:
[[ 0.844669   -1.4871982 ]
 [-1.0222194   1.8257444 ]
 [ 1.3555557  -0.6830375 ]
 [-0.34351394  1.121305  ]
 [ 0.41754487  0.07325543]
 [ 0.1979592   0.6917263 ]]
Peso 2:
[-0.4190529   0.41905335]



pesos modelo: 
Test loss: 0.4333, Test accuracy: 0.8418
Camada: meio
Peso 1:
[[-6.95787966e-02 -4.70605612e-01  3.75903636e-01 -3.41614902e-01
   4.32853013e-01  3.21402222e-01]
 [-2.11019158e-01 -1.91575110e-01 -3.68090630e-01 -3.39865685e-03
  -3.33369136e-01 -8.31731260e-02]
 [ 8.40520561e-02  1.49025649e-01 -3.35749537e-01  3.01733762e-01
  -3.41925621e-01 -2.83930421e-01]
 [ 7.03099817e-02  2.43096069e-01 -4.07914445e-02  1.07428893e-01
   2.69439489e-01  2.48520106e-01]
 [ 4.16081041e-01  3.05953294e-01 -1.07483424e-01 -1.84908345e-01
   3.81511301e-02 -9.56184715e-02]
 [-3.16748582e-03  1.04816809e-01 -1.82977274e-01  2.39550367e-01
   5.10842383e-01 -4.01881993e-01]
 [ 3.33139747e-02  2.04399645e-01 -2.67891228e-01 -1.43062934e-01
   1.34227410e-01  7.48238266e-02]
 [-1.24476954e-01  4.78790015e-01  3.17791283e-01  3.76475990e-01
   4.55700278e-01  4.14551318e-01]
 [ 4.80391771e-01  1.43852204e-01 -7.33388886e-02  1.68934137e-01
  -3.46044376e-02  2.63574243e-01]
 [ 4.24749494e-01 -3.08554113e-01 -1.72686085e-01  3.32716286e-01
  -1.27477452e-01 -2.49807119e-01]
 [-3.18656005e-02  3.83395463e-01  7.81799108e-02 -6.82606502e-03
  -1.57731846e-01 -1.18737027e-01]
 [ 3.89481664e-01  3.62167448e-01  2.23663822e-02 -1.00507751e-01
  -2.45542198e-01 -3.13810229e-01]
 [ 3.79603624e-01  7.91788250e-02  3.02142918e-01  5.04147589e-01
  -8.21322352e-02 -3.72588366e-01]
 [ 4.33993220e-01  2.53820062e-01  6.64377093e-01  1.90806165e-01
   2.78597549e-02  4.76915151e-01]
 [ 3.42351437e-01 -4.03951734e-01  7.08426476e-01  3.98121059e-01
  -4.49898392e-02 -1.24144092e-01]
 [ 1.47315785e-01  1.63162574e-01 -5.00057936e-01  7.67655313e-01
  -1.15070879e-01 -2.94258595e-01]
 [ 1.55716076e-01  6.99906573e-02  5.73484361e-01  2.12674394e-01
   5.28948426e-01  1.93592563e-01]
 [-2.58816957e-01  2.49015048e-01 -1.36756435e-01  9.19280291e-01
  -4.61210370e-01 -1.87187698e-02]
 [-1.57329452e-03 -1.13093650e+00  1.70865273e+00 -1.55569744e+00
   8.91210318e-01 -1.90741882e-01]]
Peso 2:
[-0.07437461  0.669507   -0.3365164   0.6527963  -0.03622201 -0.0250231 ]
Camada: saida
Peso 1:
[[-0.41883928 -0.56631774]
 [-1.5612518   0.39039487]
 [ 1.7542686  -0.93807817]
 [-0.59574974  1.983465  ]
 [ 0.15629016 -1.0892737 ]
 [ 0.57816565  0.5396614 ]]
Peso 2:
[-0.4762723   0.47627273]



pesos modelo: 
Test loss: 0.3015, Test accuracy: 0.8780
Camada: meio
Peso 1:
[[-0.18969929  0.4570177  -0.47756073  0.15867618  0.04208592 -0.44247544]
 [-0.05925828 -0.44316757  0.4753491  -0.19509724  0.09108582 -0.12290514]
 [ 0.23567781  0.08941916  0.21054903  0.42134103  0.1286793  -0.4631849 ]
 [-0.35325474  0.56473756  0.08110165 -0.44365826 -0.23769274  0.28760546]
 [ 0.18129846 -0.01042053 -0.07869038  0.3008548   0.11009722  0.1746658 ]
 [-0.01789342  0.26589042 -0.00392519  0.17685677  0.20835733 -0.35770002]
 [ 0.2548144   0.20303388  0.02869259 -0.21106604 -0.42276022 -0.3376185 ]
 [ 0.17134523  0.32128465  0.09294084 -0.45752808  0.40809977  0.26816446]
 [ 0.33193448  0.5371036   0.3001432   0.2755725  -0.47874457  0.20139723]
 [ 0.34015593  0.08643726 -0.0146368   0.27762994 -0.09277408 -0.3370579 ]
 [ 0.38769093  0.12444936  0.03780549 -0.08791145 -0.49483094  0.02090868]
 [ 0.03991462 -0.05552074 -0.186437   -0.42048234 -0.39983752 -0.32044595]
 [ 0.5816198   0.18214087  0.09577798 -0.47671568 -0.25424343  0.22530605]
 [ 0.09712733  0.07572418  0.38651833 -0.4325603   0.07742475 -0.100111  ]
 [-0.36923227  0.11633921  0.45801505  0.05077979 -0.40226546  0.31369403]
 [ 0.33543622  0.87935853 -0.34750292 -0.46317023 -0.03153918  0.17886305]
 [ 0.22273959  0.11568665  0.63052595 -0.3981981  -0.03047824 -0.15368731]
 [-0.2569009   0.5312521  -0.5743834  -0.04605655  0.21583626 -0.15025912]
 [-0.5432357  -0.9359764   2.446181    0.02062643  0.04257877 -0.4178917 ]]
Peso 2:
[ 0.33012253  0.7471068  -0.50464493 -0.13245279 -0.09452055  0.16841535]
Camada: saida
Peso 1:
[[-1.1379681  -0.01485464]
 [-0.9766639   1.2153081 ]
 [ 2.050188   -1.5606593 ]
 [ 0.3123818  -0.62190247]
 [-0.01737899 -0.47343606]
 [-0.35983238  0.182457  ]]
Peso 2:
[-0.79384905  0.79384863]



pesos modelo: 
Test loss: 1.3587, Test accuracy: 0.6841
Camada: meio
Peso 1:
[[-2.29415387e-01 -3.41247916e-01  3.41735333e-01  4.12141979e-02
  -1.39363110e-02 -3.02479088e-01]
 [ 3.32978457e-01  2.44256228e-01  2.33706325e-01  1.38718873e-01
   3.05619538e-02 -3.06721628e-01]
 [-1.34676993e-02  1.66351885e-01  1.06970966e-02 -9.92765725e-02
  -2.07016647e-01  4.79455382e-01]
 [-2.83804059e-01  7.06554949e-02  1.04792416e-01  2.62631536e-01
   5.50547466e-02 -5.51397912e-02]
 [ 1.47972271e-01  3.80164891e-01  3.61446857e-01  3.41346599e-02
   2.27648288e-01  2.19090909e-01]
 [-1.28570884e-01  4.15782541e-01 -3.16381812e-01  4.37382430e-01
   3.92867595e-01 -4.55490291e-01]
 [-3.86328250e-01  4.29991513e-01 -3.32760364e-01  1.27682900e-02
  -1.96227357e-02 -3.94845098e-01]
 [ 4.26922917e-01  1.90542847e-01  8.77097324e-02  5.15754879e-01
   4.20162439e-01  2.35656843e-01]
 [-2.06334859e-01  1.45002991e-01 -2.13824123e-01  1.65505961e-01
  -3.60670090e-02  2.42721602e-01]
 [ 3.58801857e-02  2.28533417e-01  2.25102469e-01  6.75114617e-02
   1.15261994e-01 -2.32417267e-02]
 [-2.40993604e-01  2.03198895e-01  3.52226123e-02  1.49306417e-01
   1.90002136e-02  1.32987723e-01]
 [ 1.27068952e-01 -4.63402830e-02  6.56562522e-02  9.52178687e-02
  -8.51542056e-02  4.98793612e-04]
 [ 3.54680195e-02 -4.04900610e-02  1.62681520e-01  4.21497107e-01
   2.20358148e-01  9.17867050e-02]
 [-4.78347659e-01 -4.20383722e-01 -1.66657016e-01  3.47688824e-01
   7.05176711e-01 -3.67844969e-01]
 [ 1.49053350e-01 -2.02380568e-01  2.69892514e-01 -2.47597575e-01
   5.34138918e-01 -3.29266846e-01]
 [-3.31471354e-01  8.85631204e-01 -2.53965706e-01  7.49987245e-01
  -5.32466769e-01 -1.12000942e-01]
 [-3.11484307e-01 -2.55896777e-01  4.12737757e-01 -3.06785017e-01
   4.78807598e-01 -4.29387927e-01]
 [ 1.33189693e-01  5.71516931e-01  7.17197359e-01  7.05349326e-01
  -5.15550435e-01  1.97999075e-01]
 [ 2.73144573e-01 -7.23150373e-01 -7.51299798e-01 -1.60854268e+00
   1.47920537e+00 -3.23659480e-01]]
Peso 2:
[ 0.02391201  0.7912252   0.35746294  0.95322055 -0.2586778  -0.21295476]
Camada: saida
Peso 1:
[[ 0.27135703  0.5750415 ]
 [-0.6358219   1.4308267 ]
 [-0.79748815  0.89656544]
 [-1.5006062   1.3257508 ]
 [ 1.6041595  -1.0441184 ]
 [ 0.62720174 -0.49684238]]
Peso 2:
[-0.01756097  0.01756136]



pesos modelo: 
Test loss: 0.6053, Test accuracy: 0.8139
Camada: meio
Peso 1:
[[-0.43279964  0.15662459  0.3565103  -0.07762113 -0.44477746 -0.00948328]
 [ 0.4856569   0.1243678  -0.3824695  -0.39700478 -0.23825303  0.2405555 ]
 [ 0.15924463  0.08054301  0.324895    0.01823094  0.17740837  0.14463732]
 [-0.35335097 -0.17581193 -0.09630401  0.32959574  0.23130253  0.22388302]
 [ 0.16387066  0.21453972  0.24737851  0.23930593  0.3766691  -0.16579418]
 [-0.20211548  0.18009916 -0.03939612  0.41811734  0.36834022  0.2553614 ]
 [-0.19149606 -0.3871117  -0.01890151  0.3207829  -0.21140964  0.00803705]
 [-0.10267798 -0.28578985  0.222615    0.02413108  0.5059436  -0.23514163]
 [-0.26382282 -0.4617805   0.37494877  0.3297777   0.45051724 -0.0900483 ]
 [ 0.26624134  0.21658526 -0.03132633  0.30260506 -0.29171884  0.06130516]
 [-0.3646538  -0.4018641   0.09009727  0.42225906  0.42306957  0.29059708]
 [-0.28293663 -0.13722536 -0.0766778  -0.17616402  0.24640353 -0.23226981]
 [ 0.44240236  0.28871304 -0.00450049  0.1112619  -0.04447092 -0.12975252]
 [-0.05914631 -0.28621536  0.19611868  0.08994533  0.018985    0.47218743]
 [ 0.09408747 -0.14747551  0.06979362  0.08373561 -0.64673907  0.6463205 ]
 [ 0.45466715  0.09323872 -0.6145045   0.7120809   0.24224989 -0.6255189 ]
 [-0.45066905 -0.4271665   0.51760465  0.14224556 -0.2631262   0.5615093 ]
 [-0.20243065 -0.13327731 -0.635652    0.7998174  -0.14908417 -0.66591203]
 [ 0.16432244  0.21864152  1.2612118  -1.543949   -0.00931008  1.6648685 ]]
Peso 2:
[-0.01826564 -0.01707789 -0.20340136  0.93769985  0.15256082 -0.41558945]
Camada: saida
Peso 1:
[[ 0.2993683   0.3297948 ]
 [ 0.63017815  0.44919133]
 [ 1.6174843  -0.24902996]
 [-1.5188448   1.2930181 ]
 [-0.5592347   0.03692153]
 [ 1.4872957  -1.1902112 ]]
Peso 2:
[-0.7103204  0.7103205]



pesos modelo: 
Test loss: 0.5273, Test accuracy: 0.8225
Camada: meio
Peso 1:
[[-0.05647761  0.46276137 -0.12806329 -0.32558298  0.17972896 -0.15929288]
 [ 0.41799143 -0.20100617 -0.29512203 -0.21605492  0.15236905 -0.02902874]
 [ 0.09415194 -0.09268749  0.2742642   0.4272509  -0.42568916 -0.47861287]
 [-0.24470668 -0.31714457 -0.32589296  0.22376733 -0.13134514  0.00627349]
 [-0.33168578 -0.17938079  0.34264794 -0.02539937  0.06416294  0.26616436]
 [-0.40528783  0.3159174  -0.34462425  0.40954733  0.59317297  0.27662915]
 [-0.2484092  -0.08763283 -0.41465855  0.09749887  0.05783826  0.13168135]
 [ 0.05596222  0.3543764  -0.02749684  0.19653527  0.31822926  0.30107728]
 [-0.20898363 -0.17203845 -0.15713434  0.2810726   0.10712194  0.03289923]
 [ 0.07417094 -0.40335763 -0.40142533  0.00740346 -0.14276244  0.06514109]
 [-0.33347672  0.06429134  0.0958536   0.39448315  0.35620376  0.18700092]
 [ 0.41586792 -0.47122288 -0.45144588  0.2869162   0.32499048  0.1845572 ]
 [-0.0756532   0.05496587  0.38375762  0.27686307  0.5521543   0.38455373]
 [-0.11187214 -0.16505817  0.29666197  0.21278884  0.7422485  -0.15118887]
 [ 0.269694    0.46047708  0.30900577 -0.55392987  0.48463944  0.11966676]
 [-0.4189466   0.42203897 -0.176583    0.4888273  -0.1709308   0.82759684]
 [-0.089816   -0.21804696 -0.01410343 -0.04242993  0.6962027  -0.15500939]
 [ 0.23526296 -0.04514526  0.16028431  0.2674301  -0.07636797  1.1133463 ]
 [ 0.28800896 -0.25004777 -0.44778678 -1.1391481   1.2242136  -1.6700977 ]]
Peso 2:
[-0.12519729  0.047031   -0.01063399  0.67557734 -0.21988279  1.1492815 ]
Camada: saida
Peso 1:
[[ 0.23173119  0.46026212]
 [ 0.328002    0.59258574]
 [ 0.08995934  0.14885852]
 [-1.354694    0.74047256]
 [ 1.5843087  -0.70539707]
 [-1.7231156   1.7306626 ]]
Peso 2:
[-0.03516195  0.03516234]
