


pesos modelo: 
Test loss: 0.6184, Test accuracy: 0.7874
Camada: meio
Peso 1:
[[ 3.72496128e-01  8.79734755e-02  2.26008892e-02 -2.06832916e-01]
 [-9.04287994e-02 -7.52642453e-02 -3.62617165e-01  3.72524619e-01]
 [ 3.64497900e-02 -3.41727823e-01 -3.69000763e-01 -9.78279710e-02]
 [-3.74985904e-01 -1.27149880e-01 -2.24402681e-01  1.02787130e-01]
 [-3.01151931e-01 -3.59287262e-02 -1.22793831e-01  1.67961121e-01]
 [-4.41842943e-01  1.55578032e-01 -3.76307070e-01  5.07169425e-01]
 [-3.32844347e-01 -1.09517366e-01  2.72914588e-01 -6.30854047e-04]
 [ 3.16561192e-01  3.06120783e-01  2.27697164e-01  6.42239988e-01]
 [ 1.07772596e-01  1.51690930e-01  4.94306386e-01  3.74557763e-01]
 [-4.67799991e-01  9.61371735e-02  4.63653684e-01  2.42332488e-01]
 [-2.81525761e-01  2.46891215e-01 -6.86056092e-02  4.86351848e-01]
 [ 2.45179906e-01 -1.45963777e-03 -4.29998279e-01  2.59270698e-01]
 [ 6.18189275e-02  2.21363395e-01 -2.64132202e-01  4.83047247e-01]
 [-9.23702866e-02  4.03295815e-01  2.04494864e-01 -2.80571878e-02]
 [-3.67194921e-01  4.86047119e-01  3.75102520e-01 -2.79337745e-02]
 [ 4.41145569e-01 -6.92983389e-01 -2.86073029e-01  6.18266165e-01]
 [-2.62159646e-01  4.99635220e-01 -3.12820077e-01 -4.74586431e-03]
 [-3.44266385e-01 -9.24800277e-01  4.92461115e-01  1.85522735e-01]
 [-4.33461428e-01  2.23000979e+00 -2.54929781e-01 -1.30984926e+00]]
Peso 2:
[-0.02652225 -0.5368848   0.05866202  0.92054015]
Camada: saida
Peso 1:
[[ 0.36312857 -0.03867368]
 [ 2.604639   -0.9262673 ]
 [-0.4414692   0.06058691]
 [-1.1176271   1.4777459 ]]
Peso 2:
[-0.7452958   0.74529624]



pesos modelo: 
Test loss: 0.2174, Test accuracy: 0.9057
Camada: meio
Peso 1:
[[-0.48799098 -0.3038612  -0.21131662  0.49981886]
 [-0.12199789 -0.43288505 -0.14363858  0.21405953]
 [ 0.38078696  0.30238384  0.11939621  0.03157943]
 [ 0.42967603  0.02415862 -0.03093422 -0.3683836 ]
 [-0.11550555  0.11755658  0.06778695 -0.45335826]
 [ 0.08495166  0.13576984 -0.01225862 -0.1757676 ]
 [ 0.2435388   0.14347951 -0.06475138  0.1022383 ]
 [ 0.04502862  0.5455683   0.23975088  0.36033982]
 [ 0.36178622  0.05158119 -0.09952017 -0.06900091]
 [-0.21863444  0.26019368 -0.0854712   0.37799856]
 [ 0.24322706  0.52205575  0.34365052 -0.07867211]
 [ 0.09382982  0.42796323  0.2387384  -0.013128  ]
 [-0.34238777  0.22788322 -0.06344914  0.33073828]
 [-0.4915886   0.3809729   0.6463961   0.3451273 ]
 [ 0.07094127 -0.06693503  0.45746636  0.4264861 ]
 [-0.40552852  0.43805185 -0.6539523  -0.32340264]
 [-0.33924726  0.2691517   0.373156    0.46445176]
 [ 0.08599012  0.48502666 -0.5382998  -0.12472304]
 [ 0.25585583 -1.5455503   2.1368067   0.6114385 ]]
Peso 2:
[ 0.05239453  0.8718705  -0.47910625 -0.1848189 ]
Camada: saida
Peso 1:
[[-0.26604754  0.04839202]
 [-0.923435    1.8407717 ]
 [ 1.9128524  -1.3188951 ]
 [ 0.73814535 -0.12712356]]
Peso 2:
[-0.75766665  0.7576663 ]



pesos modelo: 
Test loss: 0.2285, Test accuracy: 0.8999
Camada: meio
Peso 1:
[[ 4.98935282e-01  1.37102664e-01  1.43390894e-03 -4.64942962e-01]
 [-2.78460681e-01 -9.45858955e-02 -1.21821702e-01 -2.44451702e-01]
 [ 1.97702467e-01  1.96616054e-01 -1.00586742e-01  1.35029554e-02]
 [-1.87797636e-01 -2.18718112e-01  1.56929437e-02  2.98464924e-01]
 [-2.81278104e-01  3.20824236e-01  8.52754526e-03  1.75046306e-02]
 [ 3.38775385e-03  2.78598249e-01  9.30789411e-02  1.23378538e-01]
 [ 5.06660007e-02  3.56213093e-01  9.59896818e-02  7.39108622e-02]
 [-2.87824243e-01  3.68322730e-01  3.36993277e-01  2.67472744e-01]
 [-5.47929347e-01 -4.01034027e-01 -1.47475347e-01  3.32645774e-01]
 [ 1.33169936e-02  5.98563775e-02  1.32384881e-01  3.33369225e-01]
 [-4.82747182e-02  2.53781885e-01  2.48795822e-01  2.57125348e-01]
 [-3.47248495e-01 -4.03463952e-02 -1.83485806e-01  4.09906134e-02]
 [-1.11638911e-01  3.53176117e-01  2.35356152e-01  1.55395091e-01]
 [-3.40056956e-01  4.76367325e-01  3.53771567e-01 -4.01069105e-01]
 [ 6.45097941e-02  6.80409968e-02  7.61396587e-01  2.28372008e-01]
 [-1.06203586e-01  5.09512961e-01 -5.28191030e-01  3.62727374e-01]
 [ 3.27739775e-01 -2.73690343e-01  8.00546587e-01  3.95073354e-01]
 [ 1.67499840e-01  1.71859547e-01 -1.70912832e-01  9.44205284e-01]
 [-1.58434734e-01 -9.40572977e-01  1.54419351e+00 -1.94601393e+00]]
Peso 2:
[-0.2230519   0.39499187 -0.33613613  0.9751833 ]
Camada: saida
Peso 1:
[[ 0.7411404  -0.87831986]
 [-0.8807373   0.8069699 ]
 [ 1.2976718  -1.4244449 ]
 [-1.1213732   2.014819  ]]
Peso 2:
[-0.23726012  0.23726049]



pesos modelo: 
Test loss: 0.5381, Test accuracy: 0.8059
Camada: meio
Peso 1:
[[ 0.40797633  0.33018798  0.42865932 -0.45997256]
 [-0.01075011 -0.43430653 -0.01770973 -0.39077857]
 [-0.47331962  0.509968    0.10193211  0.0265407 ]
 [ 0.11526075 -0.319655   -0.508836    0.02494353]
 [ 0.08157223  0.05272854 -0.16083793  0.07309475]
 [ 0.06560689 -0.36964342 -0.30754557  0.07640016]
 [ 0.08074494 -0.12389425  0.12340505  0.23450588]
 [ 0.16823813 -0.46030882 -0.16301346  0.02391248]
 [ 0.05658663 -0.1971017  -0.15862758  0.308116  ]
 [ 0.1175032  -0.01337588 -0.44581276 -0.06050736]
 [ 0.09107546 -0.06966683 -0.16710949  0.09457985]
 [ 0.13679059 -0.48579895 -0.24898249  0.01590485]
 [ 0.07500651 -0.21610773  0.35175088  0.26288387]
 [-0.03596254  0.23092759 -0.01572837 -0.3175689 ]
 [ 0.08266996 -0.5137323  -0.13293885 -0.72440493]
 [ 1.136055    0.30197176  0.12450915  0.13447964]
 [-0.43334192  0.32271415  0.06152272  0.4369008 ]
 [ 0.8101437  -0.48183453 -0.3303983  -0.08075412]
 [-2.1517427   0.17599389 -0.3707963  -1.0189942 ]]
Peso 2:
[ 1.767983   -0.12595119 -0.10983694  0.6937215 ]
Camada: saida
Peso 1:
[[-1.844       2.4555213 ]
 [-0.5020455   0.59492683]
 [ 0.5982852  -0.42388153]
 [-1.1658362   0.90712076]]
Peso 2:
[ 2.5204332 -2.520433 ]



pesos modelo: 
Test loss: 0.9694, Test accuracy: 0.7282
Camada: meio
Peso 1:
[[-0.11114767  0.4390204  -0.4748396  -0.4913597 ]
 [ 0.46948135 -0.45739278 -0.05714247 -0.06525195]
 [-0.27629662 -0.31985396 -0.23842785 -0.50639594]
 [-0.09607201  0.4421011   0.16145857  0.23992977]
 [-0.33332393 -0.03786781 -0.33328632 -0.44783193]
 [-0.26238802  0.37350562 -0.00442846 -0.29728338]
 [ 0.51887494  0.15363057 -0.02043958 -0.47739115]
 [ 0.4804985   0.21098684  0.20764384  0.51263815]
 [-0.28059822  0.42136508  0.11491138 -0.09116696]
 [-0.20837119  0.02827848 -0.23285495 -0.15838447]
 [ 0.06925808  0.11350596 -0.04453133  0.5609862 ]
 [-0.4098827   0.5986411   0.35362452  0.293685  ]
 [-0.3346207   0.44153887  0.16840072 -0.08371888]
 [-0.10466312  0.01867719  0.6535767  -0.3012199 ]
 [ 0.2814059  -0.16892327  0.4954895   0.20359774]
 [-0.04711368  0.8239833  -0.5223181  -0.25684208]
 [ 0.36301756 -0.24673855  0.52515864 -0.10544732]
 [ 0.5180902   0.91835946 -0.46141198 -0.16278696]
 [-0.31881276 -1.378258    2.014268   -0.33911768]]
Peso 2:
[ 0.20582469  0.97794783 -0.49859443  0.19469914]
Camada: saida
Peso 1:
[[-0.4718546   1.0118629 ]
 [-1.15095     1.7853638 ]
 [ 1.0738766  -2.127832  ]
 [-1.0591344  -0.19300288]]
Peso 2:
[-0.43409076  0.4340911 ]



pesos modelo: 
Test loss: 0.2773, Test accuracy: 0.8835
Camada: meio
Peso 1:
[[-0.21646422 -0.18645355 -0.3542673   0.27061272]
 [ 0.29698604  0.0747993   0.46410018 -0.5001582 ]
 [-0.34132597  0.36018705 -0.02061194  0.00431943]
 [ 0.6420131  -0.05180658  0.21164395 -0.49637246]
 [ 0.12521434  0.3455237  -0.06014822  0.12914601]
 [ 0.11335334 -0.34034717 -0.03493834 -0.43554378]
 [ 0.38266903 -0.08123667  0.03663031 -0.14718045]
 [ 0.17979221 -0.46719688 -0.02549295 -0.08334338]
 [ 0.28834698 -0.44255662  0.0061756  -0.05648132]
 [ 0.44289297 -0.18072471  0.07803781  0.2856367 ]
 [ 0.20807514  0.42264605 -0.01858603 -0.41983458]
 [ 0.33767372 -0.14289534  0.02396638 -0.23572111]
 [ 0.04395014 -0.24726543 -0.08913539 -0.4794698 ]
 [ 0.32498407 -0.23550999  0.56770366  0.32769552]
 [ 0.13239203 -0.25419155  0.45983174 -0.26198974]
 [ 0.6820507  -0.16609582 -0.58739686 -0.0438944 ]
 [ 0.2960127  -0.2542034   0.5461761  -0.11844207]
 [ 0.45508844 -0.09277078 -0.63402253  0.17654775]
 [-0.8743278  -0.02194927  2.4879527  -0.23665889]]
Peso 2:
[ 0.8263871  -0.06545992 -0.47767642 -0.14472507]
Camada: saida
Peso 1:
[[-1.7354369   0.4917104 ]
 [ 0.72377294 -0.38045368]
 [ 1.8864548  -2.0181422 ]
 [ 0.09323845 -0.89467716]]
Peso 2:
[-0.8758601   0.87586075]



pesos modelo: 
Test loss: 0.7812, Test accuracy: 0.7671
Camada: meio
Peso 1:
[[-0.26782146 -0.39165998  0.34777302  0.17945051]
 [ 0.3344866  -0.1605843  -0.18955913  0.04191798]
 [ 0.14571625  0.35488516 -0.3378664   0.10169476]
 [-0.22261113 -0.14439493  0.13380028 -0.01218901]
 [ 0.42754     0.46886325  0.4616035   0.4485427 ]
 [-0.13868824  0.02222823 -0.21660879  0.13480015]
 [ 0.24936095 -0.18664227  0.33304098  0.27393302]
 [ 0.23654036 -0.1838024   0.01162598  0.47465214]
 [ 0.12938297 -0.2889609   0.29490098  0.22095   ]
 [ 0.141375   -0.2718314   0.30153334  0.21251212]
 [-0.17000192  0.0178199  -0.02618367  0.00520036]
 [ 0.29057658 -0.3020553   0.08267367  0.31103125]
 [ 0.1779867  -0.4466004  -0.06375314  0.3095966 ]
 [ 0.6016037  -0.1851364  -0.51593286  0.03264483]
 [ 0.5273828  -0.04026509  0.24670927 -0.24004371]
 [-0.41298223 -0.05306848  0.27533668  1.035395  ]
 [ 0.26879847 -0.25822267 -0.35672015 -0.15512851]
 [-0.5709995  -0.16082494  0.4365003   0.43343374]
 [ 1.7991457   0.15029491 -0.26054427 -1.5626725 ]]
Peso 2:
[-0.44484076 -0.0122428   0.2787656   1.1381643 ]
Camada: saida
Peso 1:
[[ 1.5763825  -1.3976382 ]
 [ 0.16892622 -0.2233157 ]
 [-0.58645046  0.6442905 ]
 [-1.573095    1.7904763 ]]
Peso 2:
[-0.21479627  0.21479592]



pesos modelo: 
Test loss: 1.0179, Test accuracy: 0.7140
Camada: meio
Peso 1:
[[-0.28514493  0.08673835  0.07827532  0.13625145]
 [-0.29015684  0.20276266  0.48894018  0.01321632]
 [ 0.23376161 -0.28373405 -0.27341852 -0.0607048 ]
 [ 0.07094455  0.33671013  0.10042918  0.44483185]
 [ 0.00743168  0.0483569  -0.20420766  0.25307798]
 [-0.07389846 -0.49508512  0.43045047  0.2459926 ]
 [-0.0387424  -0.08363785  0.21029252  0.40999335]
 [-0.19916584  0.38081634  0.080264    0.01002701]
 [ 0.07953823  0.25300995 -0.32867193  0.30546302]
 [-0.01587221 -0.45649353 -0.00935661  0.3099449 ]
 [ 0.13346034  0.4549435   0.30106795  0.5379893 ]
 [ 0.25474072 -0.36700213 -0.41236356  0.59103495]
 [ 0.07663257  0.17672294  0.46824202  0.541553  ]
 [ 0.52431434 -0.4148492  -0.1872544  -0.2680181 ]
 [ 0.7077897  -0.38832715  0.5685999   0.35856342]
 [-0.7500395  -0.3256926  -0.15742984  0.6620965 ]
 [ 0.42813897 -0.03914636  0.01991693 -0.27768064]
 [-0.78388584  0.0666282   0.29525432  0.69474566]
 [ 2.265733    0.09862181  0.86230147 -0.70266813]]
Peso 2:
[-0.7015272  -0.07158354 -0.12199166  0.87277824]
Camada: saida
Peso 1:
[[ 2.5614042  -1.1729652 ]
 [-0.3467313  -0.28812194]
 [ 0.88199145  0.05796194]
 [-0.9679267   1.2132747 ]]
Peso 2:
[-1.0009199  1.000921 ]



pesos modelo: 
Test loss: 0.5732, Test accuracy: 0.8225
Camada: meio
Peso 1:
[[ 0.50362736 -0.45816228 -0.4388203   0.25250423]
 [ 0.13549292 -0.04586029  0.17135382  0.44506115]
 [-0.07385194 -0.4120404   0.18739545  0.13718462]
 [ 0.0899619   0.3555803  -0.44568282  0.33723933]
 [ 0.01234382  0.28186497 -0.08947609  0.32237425]
 [-0.09032753  0.15228878 -0.4621453  -0.22112513]
 [-0.11753072  0.24825235  0.25137386 -0.30044168]
 [ 0.0640076   0.4254413  -0.02985658  0.10659651]
 [-0.01058798  0.29244915 -0.4903024  -0.16506459]
 [ 0.03407738  0.33165628 -0.41534358  0.02109114]
 [-0.16480623 -0.13021506 -0.4890592   0.3533648 ]
 [-0.11800207 -0.07618093  0.35623845  0.55375046]
 [ 0.0058899   0.36016262  0.35364145 -0.37369585]
 [ 0.45698306  0.16155216 -0.0995297  -0.63192946]
 [ 0.4471483  -0.03547762 -0.16218288 -0.38619128]
 [-0.7880192   0.7705117   0.4463247   0.5808706 ]
 [ 0.6047673  -0.04813273 -0.46171594  0.08837089]
 [-0.604499    0.9228771  -0.11006615 -0.35010862]
 [ 2.4119737  -1.0600263  -0.3873487   0.0547519 ]]
Peso 2:
[-0.37403074  0.89498264 -0.0316937   0.3605697 ]
Camada: saida
Peso 1:
[[ 1.3236917  -2.1965988 ]
 [-1.3345222   1.1318775 ]
 [ 0.15144843  0.05697184]
 [-0.5310939   0.9260139 ]]
Peso 2:
[-0.68538636  0.6853864 ]



pesos modelo: 
Test loss: 0.2969, Test accuracy: 0.8854
Camada: meio
Peso 1:
[[-0.35524014  0.0839265  -0.01865187 -0.38027865]
 [-0.03355619 -0.32704708  0.38712412 -0.20064247]
 [-0.11144966 -0.33884692  0.3187431   0.5059635 ]
 [ 0.56842756  0.22594205  0.31329733  0.14148282]
 [ 0.5283334   0.27236563  0.3279394  -0.15808943]
 [ 0.17977603 -0.3216468  -0.01163563 -0.25513917]
 [ 0.13532156 -0.42533886 -0.12394371  0.36757985]
 [ 0.45572913 -0.1497409   0.14263883  0.15665515]
 [ 0.34649283 -0.32525918  0.20679422 -0.4800774 ]
 [ 0.00222808 -0.16742252 -0.13603495  0.3157813 ]
 [ 0.4868995  -0.34172896  0.26809034 -0.39818144]
 [ 0.26384446 -0.51169604  0.05963672 -0.01217623]
 [ 0.31772438 -0.03800558  0.1423784  -0.55366755]
 [-0.21601823 -0.4150482   0.4231195   0.17104544]
 [-0.16041327  0.17298147  0.29614717 -0.18408664]
 [ 0.6337639  -0.3919139  -0.6184524  -0.10687512]
 [-0.13327426 -0.49102765  0.56196946 -0.06845305]
 [ 0.770085    0.4566994  -0.49973035  0.27662745]
 [-1.6504314  -0.0266307   1.8277085  -0.2809404 ]]
Peso 2:
[ 1.0676128  -0.06485866 -0.52367985 -0.20814069]
Camada: saida
Peso 1:
[[-1.4383597   1.7060446 ]
 [ 0.9088408  -0.11956673]
 [ 1.6338458  -1.6709511 ]
 [-0.09927095 -0.5105363 ]]
Peso 2:
[-0.39973083  0.39973155]



pesos modelo: 
Test loss: 1.0384, Test accuracy: 0.7055
Camada: meio
Peso 1:
[[-1.7591980e-01  1.2376481e-01  3.0505860e-01  4.3371606e-01]
 [-1.8363780e-01  1.0214591e-01  7.6043606e-02  1.7096841e-01]
 [-1.0563049e-01  2.2240967e-01  3.1177402e-03  3.4787726e-01]
 [-2.2257945e-01  4.8729569e-01  2.3796283e-02  1.1960934e-01]
 [ 3.3896786e-01 -2.8029740e-01 -2.4358627e-01  1.3682233e-01]
 [-1.7182592e-02 -6.4583644e-02 -3.4033269e-01  1.3030764e-01]
 [ 2.1059945e-01 -4.1130236e-01  3.7871498e-01  1.5984391e-01]
 [-1.7664279e-01 -4.5975596e-01  4.7698811e-01  1.8458478e-01]
 [ 4.3420102e-02  3.4004226e-01 -1.7128742e-01  1.2378551e-01]
 [ 9.1744311e-02 -5.3733331e-04 -1.7460337e-01  1.6473804e-01]
 [-2.5146884e-01 -2.3920800e-01  3.5042801e-01  1.6226742e-01]
 [ 2.2780879e-01  1.4883025e-01  2.4413800e-02  1.5060067e-01]
 [-5.2837458e-02 -1.7826319e-01 -3.8459563e-01  1.8512413e-01]
 [ 3.9402042e-02 -8.0616467e-02 -3.1551072e-01 -9.6222699e-02]
 [-3.4923011e-01 -4.5837542e-01  4.1988149e-01 -2.1071070e-01]
 [-3.1633022e-01  4.1547730e-03 -1.6870870e-01  7.6515949e-01]
 [-3.6347795e-01 -4.4038936e-01 -4.8623067e-01 -1.7234987e-01]
 [ 6.4096679e-03  5.1965261e-01 -5.7320498e-02  1.0798256e+00]
 [-2.0871413e-01  3.4337294e-01 -4.5813808e-01 -2.5394611e+00]]
Peso 2:
[-0.26756048  0.01021878 -0.0150731   1.8579236 ]
Camada: saida
Peso 1:
[[ 0.0711771  -0.6629269 ]
 [ 0.3695821   0.9031585 ]
 [-0.10420042  0.11864768]
 [-1.8347148   2.7102306 ]]
Peso 2:
[ 2.5262518 -2.526252 ]



pesos modelo: 
Test loss: 1.0173, Test accuracy: 0.7171
Camada: meio
Peso 1:
[[ 0.39718825 -0.47040936 -0.3694921  -0.286647  ]
 [ 0.32050043  0.46755838  0.3984772  -0.04374775]
 [-0.09520608 -0.45688644  0.08496851  0.19192493]
 [ 0.29405966  0.22186196 -0.3104155   0.00722629]
 [ 0.41322413  0.02531475 -0.01946443  0.0970753 ]
 [ 0.05191548 -0.38247702 -0.09665306 -0.09312726]
 [ 0.40184975 -0.08858268 -0.2156117   0.10094897]
 [ 0.4352954   0.39090648  0.10342172  0.15887283]
 [ 0.3987192  -0.38728082  0.10252783  0.06894939]
 [ 0.37971938 -0.09249269 -0.07483301  0.12312467]
 [ 0.11852555 -0.35033363 -0.02282443 -0.07441005]
 [ 0.3585817   0.26637718  0.28808478  0.00524529]
 [ 0.0530793  -0.5108295   0.53195864 -0.1197945 ]
 [-0.16834031  0.33290374 -0.41221341  0.42083332]
 [-0.29878107 -0.08339559 -0.4873528   0.4481474 ]
 [ 0.6968489  -0.00762643  0.3152472  -0.5850004 ]
 [ 0.05531145  0.03938121 -0.45408157  0.5678391 ]
 [ 0.9976577  -0.46926486 -0.22772796 -0.53001183]
 [-1.0183631  -0.31043914  0.08462352  2.2910984 ]]
Peso 2:
[ 0.94129604  0.05402832  0.09801485 -0.5899087 ]
Camada: saida
Peso 1:
[[-0.9477843   1.5408416 ]
 [-0.67573744  0.7543653 ]
 [-0.08196446  0.8295994 ]
 [ 2.0280566  -1.5697911 ]]
Peso 2:
[-0.72487503  0.7248766 ]



pesos modelo: 
Test loss: 0.9185, Test accuracy: 0.7297
Camada: meio
Peso 1:
[[ 0.01540428  0.16461354 -0.04647148  0.3477708 ]
 [ 0.36451125 -0.49324137 -0.08281869  0.06508058]
 [-0.31644148  0.00634509 -0.00365102  0.1433422 ]
 [ 0.266244    0.01503837  0.3355832   0.34070906]
 [ 0.2739757   0.05262988  0.49895737  0.25766122]
 [ 0.16675647  0.11759364  0.5863482  -0.00812071]
 [ 0.04168308 -0.11065163  0.03505996  0.14541683]
 [ 0.06557277 -0.14989273  0.476896   -0.18689731]
 [-0.10208549  0.38015574  0.52556705  0.19448037]
 [ 0.07222698 -0.17814179  0.2846254  -0.15028025]
 [-0.35280985 -0.25196987 -0.10086577 -0.31116334]
 [ 0.24407937 -0.06425752 -0.07073724  0.4910175 ]
 [ 0.04492636  0.22374043  0.5307896   0.23322558]
 [ 0.34478635  0.6931503   0.03980692  0.34496796]
 [ 0.12489646  0.3492732  -0.31856805 -0.0713011 ]
 [-0.25859818 -0.44356132  0.53583914  0.7906816 ]
 [ 0.28470442  0.4071118  -0.29232553  0.06472881]
 [-0.24668498 -0.37547448  0.4405902   0.91442627]
 [ 1.3333598   1.7728592  -0.9347059  -0.9386906 ]]
Peso 2:
[-0.32945547 -0.36482227  0.7352521   0.7698706 ]
Camada: saida
Peso 1:
[[ 1.3032889 -0.691775 ]
 [ 0.9394848 -1.7604009]
 [-0.5758552  1.4130045]
 [-1.187275   0.9323984]]
Peso 2:
[-0.53708744  0.53708637]



pesos modelo: 
Test loss: 1.1774, Test accuracy: 0.6922
Camada: meio
Peso 1:
[[-0.11219394 -0.46881145  0.14741439  0.0409869 ]
 [-0.44683614 -0.3456707   0.4588012   0.06634402]
 [-0.10223532 -0.08436194 -0.08118817  0.21659684]
 [-0.27363595 -0.24212606  0.30029768  0.2378559 ]
 [ 0.4539958  -0.34997907 -0.06534742  0.4126358 ]
 [-0.19900505  0.42264882  0.05426974  0.16317444]
 [ 0.05676962 -0.1323594   0.05400955  0.20999259]
 [-0.04832374 -0.19778432  0.09642782  0.23786719]
 [ 0.08941381 -0.4202122  -0.04313959  0.16691779]
 [-0.44456467 -0.39909798  0.0842749  -0.03275157]
 [ 0.28527454  0.35433465  0.07359824  0.41647545]
 [-0.23376971  0.0905644  -0.01085151  0.04594402]
 [ 0.31724977  0.40342954 -0.14688215  0.24052827]
 [ 0.6706576   0.11301596  0.4577722   0.06519022]
 [ 0.4875991   0.5251362   0.6313348   0.03752036]
 [-0.52644044  0.00242426 -0.5901264   0.670231  ]
 [ 0.5623322  -0.2418448   0.46613035 -0.10452892]
 [-0.3722569   0.20605655 -0.39512277  1.000639  ]
 [ 0.89630395  0.3374008   1.3384217  -1.6860818 ]]
Peso 2:
[-0.27791998 -0.00248364 -0.5829531   1.0973911 ]
Camada: saida
Peso 1:
[[ 1.0099999  -0.90389436]
 [ 0.6939413   0.4603331 ]
 [ 0.47723436 -1.8647122 ]
 [-1.9810827   1.3296999 ]]
Peso 2:
[-0.6218802  0.6218798]



pesos modelo: 
Test loss: 1.0209, Test accuracy: 0.7079
Camada: meio
Peso 1:
[[-0.05311954 -0.27514476  0.49499613  0.00617343]
 [ 0.4412198  -0.23759514 -0.28328907 -0.20102653]
 [-0.05368215  0.26300192  0.00468498 -0.4018565 ]
 [-0.09295106 -0.42783138  0.4533648  -0.05811366]
 [ 0.46784616  0.05295973  0.2995767   0.22635615]
 [ 0.1090441  -0.3475488  -0.11560941 -0.17597005]
 [ 0.4003793  -0.08579759  0.34469733  0.12344549]
 [ 0.18647905 -0.41346577 -0.00751736 -0.04398535]
 [-0.13326472  0.48916534  0.13150708 -0.06475994]
 [ 0.29220554 -0.48232806  0.52617973  0.13086772]
 [ 0.24142475  0.18870854  0.1552678   0.08776333]
 [ 0.16096246 -0.18369229  0.12928735  0.02714378]
 [ 0.58410835 -0.05553689 -0.02058975  0.19217853]
 [-0.07537086 -0.32888108 -0.00582608  0.48969546]
 [ 0.39114743  0.16777912  0.06388698  0.7154396 ]
 [ 0.37992564 -0.32059672  0.6852488  -0.6271507 ]
 [-0.2700654  -0.3506957  -0.29113933  0.31971547]
 [ 0.69204897 -0.26098967  0.11113822 -0.79227924]
 [-1.0313487   0.16792084 -0.86282617  2.223333  ]]
Peso 2:
[ 0.6866796   0.02723463  0.7175433  -0.47863474]
Camada: saida
Peso 1:
[[-0.6539327  1.3332223]
 [-0.7204962  0.807662 ]
 [-0.0742599  1.6147181]
 [ 0.8192663 -2.614993 ]]
Peso 2:
[-0.7620253   0.76202506]



pesos modelo: 
Test loss: 0.6858, Test accuracy: 0.7830
Camada: meio
Peso 1:
[[ 0.13583034 -0.46641532 -0.46847194 -0.33153844]
 [-0.24717554 -0.26382133 -0.41809374  0.22871023]
 [-0.43890226  0.36289507 -0.25988647 -0.2231867 ]
 [-0.51035964  0.18668939  0.48481974  0.13732186]
 [-0.24273047  0.14615479 -0.0039672  -0.18223375]
 [ 0.19901143 -0.18461256  0.13468339 -0.07643829]
 [-0.08794549  0.00265     0.49000627  0.15793227]
 [-0.46061635 -0.15448889  0.32974485  0.12896699]
 [-0.33759788 -0.39040375  0.04873224 -0.09088939]
 [ 0.02755982  0.26930442  0.07103364 -0.11181047]
 [ 0.19741313  0.27052817  0.19347903  0.04494221]
 [-0.41537127  0.11527337  0.12412897 -0.08896878]
 [-0.48088014 -0.12206706  0.33073843  0.10666312]
 [ 0.19140914  0.50263864  0.4928865   0.87062925]
 [-0.13460995 -0.22479102  0.06386426  0.6508701 ]
 [-0.17728187 -0.12398588  0.8948673  -0.70034635]
 [-0.4915705   0.4362482  -0.25477487  0.33682287]
 [-0.34432963 -0.34592703  0.6419235  -0.8669402 ]
 [-0.47075495  0.08150669 -1.2118231   2.199605  ]]
Peso 2:
[-0.00574785 -0.14218836  1.0080682  -0.5412692 ]
Camada: saida
Peso 1:
[[ 0.98354787 -0.10835639]
 [ 0.33921668  0.18557736]
 [-0.94646734  1.527523  ]
 [ 1.9528142  -1.5673709 ]]
Peso 2:
[-0.93905497  0.9390557 ]



pesos modelo: 
Test loss: 1.4222, Test accuracy: 0.6591
Camada: meio
Peso 1:
[[ 0.21720994 -0.14617705  0.44938815  0.29318804]
 [-0.4374092   0.10636914 -0.42437106  0.499152  ]
 [-0.09895888 -0.30516845 -0.15435743  0.2993086 ]
 [-0.05359607 -0.06426928 -0.0469045   0.10000269]
 [ 0.04445846  0.27770135 -0.04998661  0.33319193]
 [-0.00436072  0.15553765 -0.0467581   0.252457  ]
 [ 0.04620358  0.18358955 -0.02743912  0.25870892]
 [ 0.02828946 -0.11989944  0.11771495  0.18771584]
 [-0.3347606   0.3619592  -0.39926842  0.20779033]
 [-0.19433196 -0.20063211  0.41698352  0.17496136]
 [ 0.09853622 -0.23905376 -0.29722342 -0.08143902]
 [-0.22309077  0.14647709 -0.21609758  0.14483279]
 [-0.16912019 -0.3728467   0.3964976   0.07201537]
 [-0.18132257  0.43690994  0.36980268 -0.06745408]
 [-0.04554807  0.4799308   0.39802873 -0.06032525]
 [-0.13132167 -0.47156203 -0.5352087   0.8256484 ]
 [ 0.44180292  0.61251986  0.5262795   0.16279475]
 [-0.26969928 -0.21480182 -0.09776974  0.93608236]
 [-0.33126616  1.5786811   1.1554277  -1.6516802 ]]
Peso 2:
[-0.04775552 -0.3652618  -0.16486374  1.181189  ]
Camada: saida
Peso 1:
[[-0.75776535 -0.9516825 ]
 [ 0.86409587 -1.5745639 ]
 [ 0.227589   -1.2557669 ]
 [-1.8380691   1.7216353 ]]
Peso 2:
[-0.43839625  0.4383966 ]



pesos modelo: 
Test loss: 0.5470, Test accuracy: 0.8130
Camada: meio
Peso 1:
[[ 0.41918278 -0.14500305 -0.25192675 -0.19808692]
 [-0.33945468 -0.43247628 -0.02457896 -0.48979858]
 [-0.04055583 -0.4690405  -0.49967465 -0.35621727]
 [-0.13744505  0.09778605  0.4369048  -0.04286353]
 [ 0.23937601  0.55809104  0.09062043 -0.42323098]
 [-0.22154061  0.07582963  0.43113786 -0.14894949]
 [-0.06594314  0.15289165 -0.34496376  0.2118531 ]
 [-0.13299225  0.0061604   0.05568262 -0.22072603]
 [ 0.19487298  0.47872642 -0.08253526 -0.21939555]
 [-0.09519099  0.15607715  0.13171984 -0.06943254]
 [-0.06427749  0.08721048 -0.27227134 -0.3782237 ]
 [-0.16996026 -0.07419463 -0.33196086  0.45857584]
 [ 0.00434927  0.2184969  -0.10581268  0.26327798]
 [ 0.7396683   0.10683263 -0.03523477 -0.20494899]
 [ 0.7948756   0.3273552   0.28973323  0.02479526]
 [-0.9421192   0.44355148  0.20273349  0.2896927 ]
 [ 0.7841116   0.38906592  0.09120271 -0.44014588]
 [-0.6241297   0.91370285 -0.39859587 -0.23179667]
 [ 1.933446   -1.3386338   0.9149732  -0.13553913]]
Peso 2:
[-0.4774687   0.9255891  -0.00347748 -0.04210947]
Camada: saida
Peso 1:
[[ 1.1401265 -2.2489905]
 [-1.3558241  1.2933552]
 [ 0.6416589 -0.2537043]
 [ 0.6531975  0.6764318]]
Peso 2:
[-0.9891127  0.9891123]



pesos modelo: 
Test loss: 0.4202, Test accuracy: 0.8417
Camada: meio
Peso 1:
[[ 0.4792003  -0.11413828  0.38915253 -0.2730957 ]
 [ 0.23606652  0.4184491  -0.07777461  0.03191495]
 [-0.39033544 -0.02923277  0.1617276   0.49131876]
 [ 0.3757902   0.36571428  0.05200572  0.34138328]
 [ 0.17862788  0.45380807 -0.11098364  0.22849765]
 [ 0.03846009  0.22176385 -0.00886764  0.01708473]
 [ 0.20652737  0.3993912  -0.1657758   0.27910754]
 [ 0.5883854   0.23501475 -0.4789025   0.44550535]
 [-0.09371218  0.16595103 -0.38698593 -0.1505251 ]
 [-0.07326375  0.19794552 -0.09157393 -0.09926022]
 [ 0.07757004  0.3131642   0.18472835  0.08379908]
 [ 0.41504824 -0.38915315  0.3522409  -0.05462159]
 [ 0.14395607  0.01065009  0.42642525 -0.02466337]
 [-0.1692834  -0.00899834 -0.2530626   0.37633204]
 [-0.09263808  0.0262863  -0.32384014  0.3698784 ]
 [ 0.35989916  0.2522067   0.05661719 -0.4491161 ]
 [ 0.06222871  0.11831113 -0.41198492  0.4353181 ]
 [ 0.5273006   0.410664   -0.33034873 -0.60209197]
 [-1.187209   -1.0740073   0.22992139  2.0273123 ]]
Peso 2:
[ 0.97243536  0.5124646  -0.02711402 -0.43425775]
Camada: saida
Peso 1:
[[-1.4481268   1.2948996 ]
 [-0.72076994  1.0459157 ]
 [-0.49534118 -0.6818845 ]
 [ 1.7088498  -1.642471  ]]
Peso 2:
[-0.4076419   0.40764213]



pesos modelo: 
Test loss: 0.6838, Test accuracy: 0.7960
Camada: meio
Peso 1:
[[ 0.01724648 -0.33392096  0.08180338 -0.16546059]
 [ 0.4046998  -0.41698235  0.07092106  0.32255036]
 [-0.07888067 -0.17328426 -0.04481339  0.02776623]
 [ 0.48426005  0.2810819  -0.4193754   0.39372805]
 [-0.07503625 -0.0415627  -0.20231898  0.18283294]
 [ 0.22343521  0.15862685  0.155098    0.19828115]
 [ 0.47515896  0.5014224  -0.35207495  0.16870321]
 [ 0.37220752  0.16399619  0.41612145  0.4516554 ]
 [-0.15875262  0.31920707  0.02183918 -0.13118675]
 [ 0.01177438  0.36739925  0.38315776 -0.05114635]
 [-0.03182359  0.16029531  0.06467652  0.09672063]
 [ 0.24374382  0.2560478  -0.14637592  0.26533687]
 [ 0.12173226 -0.10202064  0.2995091   0.48315907]
 [ 0.559515   -0.3212376   0.39579952  0.06759046]
 [ 0.6805464   0.24538049  0.02668982 -0.18568411]
 [-0.51106256  0.7224454  -0.2432932   0.5894316 ]
 [-0.0233824  -0.37473947  0.21575624 -0.29312977]
 [-0.39141595  0.69722784  0.28597865  1.0913059 ]
 [ 1.7156398  -1.1033878   0.53395736 -1.3404679 ]]
Peso 2:
[-0.4058407   0.75666827 -0.0079323   1.1051542 ]
Camada: saida
Peso 1:
[[ 0.7698116  -1.8634565 ]
 [-0.31973055  1.9207953 ]
 [ 1.0093997   0.41951978]
 [-1.6990613   1.1432561 ]]
Peso 2:
[-0.03716215  0.03716232]
